5.820710 
21.008814 
67.973795 
6.528936 
21.517580 
35.877671 
24.542042 
-26.540450 
5.820841 
-49.770138 
-2.811510 
10.474098 
-51.870359 
-12.052562 
-20.810675 
-32.545316 
-46.940029 
-109.156788 
5.821343 
-35.581923 
61.905443 
5.821644 
20.672222 
-17.030943 
23.218228 
-43.165617 
-39.281145 
-81.544324 
-3.044271 
-51.809433 
-45.096744 
-66.326591 
-39.430723 
-38.321239 
-100.641914 
-82.067339 
-28.828283 
-89.902184 
5.821825 
-4.430803 
8.376593 
51.542185 
-7.628691 
2.831335 
-59.203328 
47.581422 
-7.131380 
47.507250 
5.821836 
19.277973 
138.400430 
-31.395059 
70.278840 
-16.744561 
21.134445 
-30.722521 
5.821326 
-31.922493 
-70.551250 
-15.497325 
-109.440668 
-44.071759 
26.614044 
23.704012 
61.195232 
-0.966112 
38.697122 
-13.436780 
48.564098 
2.863519 
-33.153428 
44.586695 
1.024204 
59.466039 
-32.719604 
-54.924163 
-116.035136 
-59.023845 
-29.340885 
-86.746140 
14.125667 
14.280498 
79.917771 
-8.698674 
-9.847869 
-2.268217 
20.380498 
5.820427 
-93.280767 
36.208632 
-21.126883 
24.541459 
10.429109 
-11.403018 
68.901780 
86.054638 
211.397814 
331.491618 
491.843240 
594.231238 
668.019748 
709.222061 
673.558723 
625.179977 
567.461715 
496.395619 
428.517453 
350.471326 
290.149786 
240.407528 
246.523748 
252.065197 
139.528057 
195.469923 
125.542791 
112.900904 
86.054593 
137.476940 
126.588745 
112.192439 
179.290083 
137.488749 
166.290430 
107.319272 
166.289240 
111.700787 
107.380312 
174.061601 
188.335850 
120.472971 
60.090994 
111.799964 
90.004274 
106.779251 
61.328965 
-8.010513 
-25.039561 
-24.838568 
-47.948253 
17.951096 
-28.095669 
-16.745538 
0.128217 
-51.686700 
-17.800417 
-95.327690 
-81.581781 
-127.467753 
-148.839140 
-187.955164 
-152.245907 
-89.926286 
-97.513519 
-138.397699 
-210.085190 
-132.436029 
-154.647869 
-200.499787 
-246.045985 
-310.392402 
-234.881893 
-261.494992 
-252.079037 
-209.250145 
-258.111898 
-236.670245 
-277.462335 
-255.882494 
-325.742756 
-342.719505 
-266.341982 
-243.055203 
-253.569977 
-242.592915 
-194.764652 
-234.881764 
-194.220333 
-247.168357 
-294.070594 
-203.642497 
-256.521396 
-235.316025 
-246.329252 
-238.491687 
-182.221127 
-228.323884 
-231.876285 
-222.494701 
-246.597453 
-264.842752 
-256.611605 
-160.457050 
-205.373166 
-191.569571 
-154.648226 
-181.791067 
-154.647773 
-208.321698 
-157.158141 
-193.821646 
-104.744712 
-107.084283 
-154.647967 
-108.338268 
-150.728146 
-113.407989 
-188.394723 
-139.868124 
-160.895920 
-167.654939 
-168.446499 
-237.483906 
-200.091872 
-203.025170 
-234.882724 
-208.801545 
-170.695479 
-169.789885 
-136.475098 
-149.558580 
-218.198418 
-142.970290 
-149.153949 
-98.767174 
-134.899803 
-116.988145 
-91.514770 
-67.470028 
-144.245622 
-108.484097 
-150.424771 
-90.682189 
-83.011698 
-122.101791 
-126.634868 
-84.692066 
-119.299356 
-140.675685 
-147.243535 
-119.759478 
-74.413988 
-74.413728 
-111.254054 
-137.699651 
-134.201452 
-171.278076 
-163.259702 
-95.897066 
-149.719445 
-76.993448 
-95.940300 
-61.706047 
-92.163402 
-45.943194 
-64.057923 
-35.526974 
-28.010026 
-74.413272 
-74.413451 
-114.530817 
-74.413687 
-133.060306 
-88.930318 
-109.768987 
-114.697540 
-134.996172 
-96.771991 
-63.773865 
-49.431823 
-44.581406 
-125.733280 
-43.171402 
-54.287986 
-88.658284 
-39.981563 
-68.305161 
-95.516297 
-73.689254 
-25.821419 
-86.710823 
5.820542 
-28.829729 
-0.333791 
-39.872885 
-74.414137 
-64.495581 
-45.240802 
-74.414038 
-30.423166 
-113.784483 
5.819970 
-18.250073 
-32.315010 
-77.684910 
-21.760155 
-38.680726 
-8.652929 
-31.248816 
-68.849443 
-2.295749 
-64.118726 
-47.748448 
11.887693 
-68.068854 
-31.063931 
-6.508664 
-53.479396 
-47.801074 
-9.858752 
-87.132724 
6.900978 
-18.263596 
-88.226684 
-107.397338 
-76.964190 
-34.140572 
-84.369271 
-1.470730 
-94.846865 
-94.206581 
-103.686938 
-87.703000 
-77.338918 
-87.518997 
-38.322549 
-55.013747 
-55.367474 
-74.413593 
-41.365286 
-9.173713 
-30.667520 
22.311052 
-47.012941 
8.452529 
18.703717 
-17.133572 
-34.296203 
5.821221 
18.372554 
-25.784579 
-30.014700 
-18.248949 
5.821084 
14.265881 
-0.563118 
14.027923 
-36.017840 
25.672836 
5.820720 
32.416923 
17.392281 
-27.692421 
-22.983783 
26.502233 
-8.632476 
62.617503 
8.130254 
55.170556 
10.325449 
5.820958 
-41.817656 
-56.862091 
-5.697793 
-23.849647 
14.909450 
5.934453 
15.317100 
-5.727710 
5.820427 
-25.985118 
0.577507 
-47.738449 
23.729370 
-47.558283 
-51.830215 
-83.538000 
-29.874717 
-74.413688 
-2.344539 
-48.886645 
-34.297140 
5.820519 
-0.168156 
-37.508024 
23.690724 
5.820034 
86.055517 
68.470569 
24.542709 
98.280888 
50.561597 
22.300768 
29.334739 
-34.296247 
-56.861492 
5.821155 
-64.749356 
-17.960799 
-4.186924 
-7.215756 
-60.801596 
-36.411477 
-31.925217 
45.938594 
23.171474 
-9.732460 
33.398008 
65.623803 
67.531824 
50.837834 
37.543371 
28.985882 
84.645475 
51.256221 
-3.132425 
5.821207 
13.196368 
44.043500 
12.125973 
-3.790417 
7.855627 
2.649873 
-24.226067 
-7.402594 
-3.301659 
-40.386067 
-8.292069 
13.705898 
45.938012 
29.110531 
3.060922 
47.440356 
97.494924 
72.967136 
71.444798 
32.084146 
72.701982 
83.757357 
63.555922 
5.820418 
52.176661 
47.052200 
5.820621 
42.361016 
26.552904 
86.054788 
45.937456 
66.972749 
91.899574 
58.905584 
45.046078 
32.536261 
20.750937 
5.820524 
-5.574342 
45.937440 
-8.193352 
0.500870 
-24.177904 
1.401014 
-19.073748 
-21.067013 
-16.413649 
-16.242101 
20.296083 
45.181159 
-12.844673 
42.416467 
43.028628 
-2.482185 
-34.297061 
11.575030 
-8.489006 
-16.462394 
-28.731901 
-15.074399 
6.797697 
5.820011 
-34.297152 
7.517817 
5.819879 
-43.780710 
-20.309804 
-51.152844 
-4.991793 
-52.885904 
-24.532293 
-34.296831 
31.756107 
7.382474 
-19.533935 
-15.067162 
60.981009 
12.674403 
57.011552 
36.602254 
0.078811 
-18.759015 
-54.838269 
-35.819459 
-71.033072 
-51.093344 
-54.954750 
-9.407364 
-74.414144 
-55.595637 
-48.524902 
-34.296988 
12.753977 
-34.296894 
-37.584845 
0.538668 
-74.417691 
-210.150960 
166.405567 
156.291341 
42.844827 
50.367101 
-18.253337 
326.482320 
86.052292 
-333.801055 
271.198058 
-103.524749 
-29.138264 
-71.396953 
106.435286 
215.025494 
47.099906 
152.255960 
-74.415559 
132.754004 
-17.076765 
-74.414013 
-93.066739 
248.776974 
-56.972765 
-187.778244 
-661.135620 
-5.728857 
0.621994 
223.205570 
48.313042 
55.249539 
202.838835 
154.288376 
-172.572960 
448.913009 
-178.901658 
185.492094 
-74.412013 
94.748324 
-171.446216 
-387.920684 
-307.008061 
150.502311 
440.030750 
-43.982135 
-180.345411 
180.050202 
5.822493 
67.023912 
377.970669 
130.903523 
-9.104547 
58.476450 
47.042267 
-163.589813 
5.822224 
166.259240 
-153.280322 
-13.467240 
-35.395907 
-119.864105 
-144.819428 
22.059026 
273.082521 
160.597493 
517.975162 
-185.945994 
-57.111995 
506.010237 
335.422092 
-27.759103 
259.579520 
193.535740 
0.910016 
129.745685 
1025.964155 
196.483663 
-143.319576 
-224.330181 
299.999535 
331.778181 
165.646820 
-237.331052 
266.434623 
34.367164 
61.796688 
687.810980 
-24.181651 
533.451697 
150.296646 
923.164783 
223.376836 
-318.353457 
219.143300 
1088.983801 
-113.914434 
178.706752 
95.120273 
441.447721 
-325.204202 
-98.059489 
-11.871771 
205.831241 
487.225860 
261.624949 
-400.693382 
471.959680 
184.570599 
136.898977 
206.406712 
3.067528 
2.460298 
-190.464871 
-35.762893 
185.102973 
166.289840 
158.530807 
-420.878167 
-353.049620 
289.116214 
70.003895 
126.173961 
-384.118537 
487.224892 
-305.657746 
215.319639 
-237.132611 
283.267846 
256.132757 
-190.655337 
-714.576272 
-167.126027 
-61.875850 
279.301157 
-259.497217 
181.083953 
-297.510127 
-58.726406 
-490.629318 
95.611663 
-91.963752 
336.226834 
-154.331567 
252.964441 
-281.220038 
-441.177329 
-360.647706 
-56.124476 
62.690785 
-111.073944 
-16.744428 
64.847029 
-215.980559 
265.084716 
-226.415386 
166.287635 
-132.927031 
-149.119310 
-555.203710 
246.523136 
-86.550292 
-221.528877 
132.439991 
-157.815295 
221.420035 
90.899029 
-632.830646 
-11.618348 
-301.355470 
-135.896051 
556.282784 
-380.511941 
362.326568 
-114.529574 
5.821603 
296.826866 
-653.071939 
-201.342552 
-185.377318 
4.978519 
-14.614998 
-24.970445 
-201.133678 
31.585396 
-192.341142 
-152.004408 
76.508112 
-204.978947 
59.921837 
-28.032680 
-24.590173 
-179.839639 
-55.390490 
5.820708 
248.862977 
567.461105 
-611.564895 
27.868640 
-8.340794 
94.355119 
-23.803179 
406.992747 
430.736486 
-562.917005 
-334.524564 
23.122656 
-236.575236 
245.965168 
-134.795775 
18.261325 
-505.758693 
-35.214468 
-41.566635 
1048.867335 
312.271183 
382.921815 
-371.687668 
538.416660 
205.306455 
88.994684 
-114.758823 
449.875712 
-24.028315 
145.754763 
-100.214576 
87.251935 
64.183206 
-326.871103 
201.359470 
226.769894 
217.518010 
56.142310 
197.954343 
201.491547 
-119.844739 
-0.996068 
516.712078 
-348.684988 
8.597063 
5.818784 
86.053139 
-141.016361 
-297.168981 
126.025941 
-136.903621 
-199.454122 
390.483698 
-535.164206 
282.156151 
-135.934857 
125.879087 
60.832591 
311.847608 
-307.128067 
-28.024497 
-381.189367 
-234.883558 
366.873351 
-234.883333 
206.405541 
473.774870 
-559.628662 
63.046163 
-164.637869 
176.381408 
-521.860559 
-20.230582 
4.150306 
242.589923 
-565.773229 
-64.297709 
77.219383 
-402.502960 
-283.984610 
-354.531301 
-327.360331 
120.420893 
-439.324769 
65.053162 
-74.414281 
-221.695310 
-312.654336 
-19.716236 
-154.648518 
-4.035615 
-282.438843 
286.639999 
42.552111 
-77.692286 
86.053797 
195.708396 
-375.645932 
-161.580488 
-708.767320 
-477.825274 
-345.775375 
-229.676584 
-30.278975 
156.229771 
-466.437677 
-86.348414 
173.845662 
429.334324 
-153.037186 
65.607286 
416.338601 
-520.300541 
104.740228 
507.358130 
0.578677 
-0.731134 
97.082706 
-255.616198 
-336.121973 
-192.989930 
196.296437 
116.455051 
-22.361535 
-365.324593 
-605.542715 
143.474125 
187.706835 
57.063084 
197.075651 
-302.237747 
-157.319606 
406.990220 
-79.197387 
172.879890 
-84.509592 
122.943879 
-174.635295 
108.116862 
-332.982187 
-174.467583 
-74.415629 
366.873123 
146.872321 
-388.663447 
18.999782 
-403.377379 
-74.415176 
192.355316 
-143.629445 
-279.022994 
-423.816285 
3.456757 
366.874290 
39.365843 
-326.677107 
-96.216086 
-325.966364 
-294.741544 
228.175558 
-98.678589 
-176.742244 
-100.922985 
-289.565207 
447.108325 
-325.145924 
18.357844 
-135.423447 
-258.646221 
-159.839793 
120.693975 
-295.876148 
267.966506 
447.109581 
329.678056 
-251.096796 
-8.930086 
-259.355850 
-253.434021 
-359.155446 
-449.078415 
-159.480763 
126.171133 
17.726247 
-186.520314 
5.822085 
206.406401 
-78.317625 
-160.434820 
-186.694265 
5.820924 
366.875463 
124.494418 
-317.786869 
-184.384013 
71.539575 
110.776166 
4.892879 
5.820523 
-61.877955 
206.407262 
71.550957 
-59.894254 
385.943457 
405.578812 
-365.632449 
-276.228737 
128.591361 
246.524734 
-94.284018 
-3.474920 
-72.180627 
-227.224123 
-14.892794 
-503.495437 
100.307680 
22.018338 
355.747339 
-259.084550 
291.439309 
246.521688 
-93.701580 
2.128019 
127.404622 
168.781733 
-700.656601 
-73.802160 
152.696225 
-73.063630 
42.881949 
-284.066628 
-67.505216 
236.276942 
5.818516 
-481.134992 
-2.753386 
-36.424008 
-210.907210 
295.206140 
62.404887 
247.914247 
172.340664 
123.884645 
-168.175879 
5.819604 
63.335215 
-271.600549 
5.818797 
-115.955382 
-546.986614 
-34.298354 
-34.298165 
-314.934069 
-449.278638 
132.116159 
-207.915542 
127.734452 
-206.755252 
5.819134 
-157.363783 
-34.297879 
-11.375418 
-264.976100 
38.989378 
177.195237 
-983.604926 
300.816703 
-372.521779 
-141.701103 
-159.912123 
-361.694638 
-275.144988 
193.711786 
-587.055337 
-184.322843 
-34.296599 
93.750860 
-73.588599 
-728.538838 
-311.097810 
-5.916894 
34.886164 
-34.297309 
5.820580 
-210.189481 
206.406960 
-165.403957 
-115.336049 
-166.630834 
-126.166407 
-145.137356 
-51.836516 
-74.413536 
-149.454423 
-388.251243 
-419.007549 
-372.954417 
-222.345626 
-157.037831 
105.540824 
-228.823823 
-57.730740 
-412.667464 
-133.086090 
-141.481868 
-353.004295 
-199.582089 
-172.975307 
237.562910 
-74.413312 
-236.165601 
-73.555679 
-34.295296 
-75.144944 
-274.999355 
-500.819909 
14.626955 
166.293062 
31.107116 
32.543020 
794.367671 
740.189870 
-581.397108 
24.544334 
386.072980 
86.056238 
-725.101518 
703.685583 
-223.383540 
311.858886 
32.797562 
471.599025 
1128.708202 
164.973673 
350.829342 
527.345173 
-38.259137 
-355.329410 
607.582711 
0.525360 
389.952495 
44.236795 
347.728270 
-548.844236 
21.842340 
241.040201 
35.268690 
364.718256 
-199.040950 
229.800497 
688.106404 
553.418261 
415.384508 
373.706542 
96.949786 
246.523524 
565.719979 
-434.329153 
-526.487105 
-267.395904 
232.104995 
1179.645991 
322.274656 
-541.656926 
-264.184318 
567.459838 
27.895564 
649.221144 
232.780364 
414.661104 
153.748501 
434.241155 
70.783117 
1891.325712 
397.470330 
-259.765738 
-52.354414 
81.128323 
418.122157 
-121.021682 
656.796393 
318.718654 
178.035283 
344.029867 
18.176983 
424.657385 
378.982592 
649.186764 
175.409587 
63.437154 
86.507744 
439.904398 
827.390013 
1087.139913 
369.727789 
175.308878 
135.331744 
598.002405 
959.372381 
104.596525 
37.841175 
440.684688 
209.827233 
22.564746 
687.813413 
166.391677 
581.305253 
363.218701 
495.250465 
702.977831 
-21.758655 
218.895528 
808.164793 
-219.835220 
319.402377 
207.776584 
573.583406 
-527.060609 
261.724660 
324.373793 
-212.863471 
326.759784 
176.938390 
-681.056790 
597.199479 
-82.041905 
412.490842 
45.942957 
313.719755 
-159.318787 
5.388289 
-523.362324 
187.705023 
86.056213 
264.404163 
-978.734168 
-417.188106 
488.937168 
300.748290 
126.177713 
-692.824304 
687.817459 
-670.985570 
-55.389483 
68.067348 
57.705830 
-361.977843 
87.044919 
-380.119408 
-46.539652 
149.643038 
-148.716346 
-238.268439 
-519.499594 
-338.770236 
-390.175151 
-307.331900 
-1.644467 
68.511397 
162.741533 
-761.732047 
240.421776 
-888.036728 
-877.407339 
-489.755226 
-226.342046 
158.812949 
108.236617 
-13.867365 
603.002830 
-135.884420 
234.990122 
-167.791107 
326.766802 
-305.558000 
-234.857647 
-364.654819 
447.114312 
-51.545133 
-256.970622 
294.364060 
-74.012177 
-357.872041 
18.810622 
-800.897294 
363.770724 
-201.442688 
-431.928340 
515.134672 
66.186753 
-361.633650 
-194.761697 
86.045820 
626.812422 
-353.832152 
-123.391928 
-651.967363 
-60.948852 
1145.797493 
139.757025 
-110.205318 
-282.938693 
-30.724555 
-892.774615 
503.174491 
295.934212 
-65.970420 
51.170750 
158.554338 
49.509289 
103.125752 
406.993005 
569.946933 
768.048038 
-1004.831183 
-487.065456 
201.375479 
246.103842 
123.520589 
166.288968 
-146.749210 
-997.836998 
-243.728215 
-1025.185711 
87.438323 
67.112014 
-29.531575 
-369.570964 
-427.961950 
-30.816247 
81.512276 
447.112841 
-25.402842 
-470.230325 
-629.180272 
-67.698036 
201.488792 
448.139420 
-204.754977 
-188.364687 
-132.464377 
-195.129891 
-45.727346 
-479.328600 
139.094573 
-509.362968 
-58.935794 
126.300405 
28.095948 
-383.881416 
-125.948636 
265.166633 
243.971726 
-230.647743 
62.091345 
-357.552704 
-96.036962 
-74.406087 
848.290069 
-674.413350 
-483.096975 
-417.052266 
-123.909774 
-237.914504 
124.626708 
-1109.909880 
-42.442764 
-227.893943 
237.109350 
150.222265 
379.704410 
-459.296782 
-126.479607 
-317.438145 
527.342948 
-114.529990 
366.876998 
5.822286 
142.555004 
-367.395704 
516.912579 
-139.183056 
524.934457 
-532.743638 
-401.955582 
8.222941 
386.307371 
-329.055397 
-151.370076 
293.250824 
-356.534304 
-858.798787 
-310.585103 
-348.193606 
94.618823 
-164.333927 
-176.824250 
-34.296999 
-11.422570 
-48.407418 
134.962093 
366.871911 
-321.519565 
-858.793081 
5.818683 
126.256661 
-263.109753 
687.807756 
324.074114 
-476.164730 
-488.686433 
-558.334009 
-70.534466 
10.996844 
-167.208742 
-576.131596 
193.056590 
-444.127411 
649.468897 
663.807263 
281.267780 
-369.368026 
-77.747489 
283.298221 
-96.563108 
-21.894432 
55.656038 
308.704206 
8.137093 
-238.434150 
-184.146144 
-417.762890 
-81.222602 
239.388055 
-248.196129 
-449.912868 
-246.239995 
-116.353167 
437.764279 
-113.653592 
-110.272558 
3.439180 
-170.007849 
271.869598 
527.341353 
-1275.111884 
315.231439 
68.446760 
-43.206397 
-385.639564 
317.301334 
-562.792930 
-299.020076 
406.988850 
607.573237 
178.190160 
-385.296445 
-58.232112 
-660.122068 
447.104664 
-466.336239 
-142.703614 
-59.276169 
-716.042128 
-359.235884 
286.636679 
276.870033 
198.579652 
-339.945491 
-268.804450 
1.674108 
171.793797 
-178.846939 
-28.920298 
-9.734959 
-277.990850 
5.814400 
-214.835482 
-483.110356 
-173.827696 
-299.444324 
-187.946701 
173.273549 
-510.483963 
438.086972 
86.054315 
-39.137312 
-271.670805 
29.113966 
212.246603 
-219.384194 
-793.710379 
157.477389 
-44.214870 
5.817509 
-32.927812 
18.948974 
366.875740 
126.170127 
-63.038943 
29.253731 
-725.316956 
848.283600 
45.937208 
-27.638514 
-103.834019 
-392.918812 
651.905897 
295.058958 
210.921956 
366.878473 
-746.368808 
166.293851 
492.016992 
283.988125 
492.118312 
322.659722 
-258.875764 
-194.217454 
526.363680 
326.759388 
182.128866 
-331.327724 
46.342856 
-382.916051 
123.076578 
-207.218627 
-224.309285 
-232.998284 
4.719200 
-138.931563 
474.762953 
126.181752 
-204.297960 
579.079261 
-3.154257 
108.454264 
-687.157106 
-168.912241 
-193.021620 
-594.274260 
-38.272454 
-164.394905 
-228.473462 
-11.640766 
-114.529083 
-534.207834 
81.370182 
-282.933093 
-388.610293 
606.888079 
-391.908429 
66.245281 
-57.974455 
189.150470 
-50.679457 
-74.413521 
-313.825933 
-675.785839 
-74.411668 
-846.919185 
-422.758829 
-34.293375 
-114.532944 
-537.389463 
-352.406281 
-440.755331 
95.332786 
-154.882007 
-469.291941 
-194.766841 
-269.754892 
-194.766963 
-175.994199 
-25.465988 
-415.673243 
171.074858 
-556.092376 
-148.806098 
-512.445451 
-279.410811 
-259.162410 
-87.733121 
-250.004025 
-353.345752 
-341.514511 
-14.606118 
-194.763982 
91.084161 
-57.750046 
-718.371351 
-375.540013 
-31.767358 
166.798865 
-154.647168 
-114.528082 
-638.485385 
-154.648626 
113.622402 
-398.096057 
-467.224300 
-483.423794 
-126.857436 
110.073651 
-154.645007 
-124.665274 
-153.633995 
-209.125691 
-517.776433 
-267.476281 
-177.651051 
-376.489522 
-77.911866 
-516.536219 
-28.389985 
110.136260 
-280.753090 
-291.361485 
-286.844570 
-98.353759 
40.358848 
-194.762109 
-295.331414 
-159.251495 
-274.997363 
-111.671781 
-274.997407 
-544.188890 
-420.523239 
407.001090 
-1.862914 
-725.241284 
384.838917 
-277.036433 
-529.273490 
409.671482 
-291.388616 
246.528753 
-693.942422 
204.249995 
-254.199387 
431.737268 
-25.714126 
1002.626261 
468.899509 
-450.826882 
-215.778403 
166.290696 
196.812188 
158.047686 
206.410295 
320.056565 
332.101280 
-848.756061 
-134.689311 
-188.042325 
300.200473 
277.728825 
209.211631 
572.709000 
32.727354 
138.799417 
-80.540285 
426.600808 
83.973651 
431.923988 
-540.848799 
246.519990 
304.030398 
98.697650 
141.697312 
257.476779 
-210.641717 
1138.610985 
488.431115 
546.140419 
-541.038830 
527.340866 
-61.611741 
700.333000 
-237.767614 
267.356531 
-71.905637 
375.074163 
-311.210918 
447.108944 
156.618291 
-207.718427 
-138.339999 
362.066859 
226.533056 
198.246765 
-198.607126 
489.142736 
-100.128801 
385.966674 
-132.745611 
-437.840258 
627.428945 
-91.847512 
123.836997 
375.394401 
32.824183 
-82.179975 
258.093202 
1889.330124 
68.835682 
78.385312 
69.246743 
376.899359 
162.138582 
-163.757747 
-394.748153 
-192.377965 
-201.860342 
-123.139654 
527.344816 
-114.043964 
711.585771 
207.445692 
538.042539 
318.806701 
-10.555829 
-367.515300 
848.280856 
-129.928212 
119.934710 
350.152641 
37.226129 
242.958980 
-31.206426 
169.627735 
-294.269198 
727.932429 
755.121365 
-747.587910 
-204.330838 
365.234171 
-384.751198 
246.518522 
627.396935 
11.208405 
484.997435 
-674.375817 
-172.548470 
406.984477 
213.872990 
-431.572344 
-45.156877 
893.862978 
144.248249 
5.817667 
268.964548 
1490.157991 
158.286204 
113.312608 
-139.279198 
494.905485 
-601.600941 
155.340184 
-42.631029 
422.911074 
194.879540 
-327.753580 
-157.656088 
298.455983 
-879.610203 
-250.541226 
39.438844 
79.977417 
198.888936 
-217.942752 
-540.799765 
551.862647 
-401.849252 
-323.969223 
-134.419951 
-312.200275 
364.473106 
131.919099 
343.137504 
426.496478 
-235.911880 
-35.216943 
-88.713947 
928.514749 
-12.544942 
-204.159467 
-590.939725 
808.160255 
-22.581409 
-270.305036 
176.966238 
-131.365666 
108.708104 
-17.115517 
-472.042118 
157.160926 
-114.935737 
-652.989357 
319.904355 
-90.455112 
-947.308593 
5.815701 
427.050036 
268.873458 
624.544787 
-73.110857 
-456.758730 
288.702443 
292.554062 
-773.221288 
-28.977231 
-450.510639 
-376.889250 
-368.134099 
146.336411 
-164.865832 
114.681742 
1034.653020 
-67.413176 
-307.467357 
-162.339547 
727.926903 
-60.593943 
928.511978 
-706.633323 
-283.258792 
-421.453181 
-331.986735 
-139.416704 
406.986351 
-249.955304 
-2221.272372 
-775.372176 
687.617324 
-33.857873 
489.658537 
-292.352744 
413.173049 
310.948364 
-208.939334 
-381.584790 
527.342635 
-87.955783 
-959.662605 
-560.861411 
191.525671 
-480.388946 
-425.998235 
72.892842 
659.050770 
-140.346270 
-413.475224 
-47.492363 
-42.972356 
-42.082922 
-309.383934 
119.876817 
463.748144 
203.438266 
185.722449 
-33.184463 
-64.121904 
317.411907 
-550.215617 
155.061387 
-270.240966 
-313.739309 
246.530757 
848.285703 
-560.209098 
-171.384571 
-108.840351 
-2.560990 
186.834539 
494.145234 
-715.039656 
318.992208 
-258.617601 
153.586824 
-142.461635 
291.338851 
2.432148 
199.839705 
296.156683 
687.813462 
-34.295465 
527.346228 
326.758570 
-185.641194 
-155.379367 
632.243399 
-193.657372 
318.786703 
-336.238420 
-946.925569 
293.359109 
875.485616 
-54.870759 
-118.280673 
-91.212496 
55.551022 
-300.179478 
159.110542 
-488.891316 
15.858347 
-401.783786 
-90.176207 
45.939459 
-167.149651 
-287.241281 
-64.432290 
527.345538 
-55.166189 
-201.684743 
5.822120 
258.379102 
-77.514539 
607.580274 
195.712283 
-403.872554 
-467.935644 
-372.788411 
151.865580 
-122.533430 
119.412270 
-162.722001 
360.187556 
-479.248057 
-356.935221 
-366.773412 
-56.973387 
-713.597666 
-1.417177 
498.176543 
-264.948333 
-248.566025 
-519.233142 
180.089579 
-203.005426 
155.065384 
-82.298827 
-216.259376 
331.884224 
-172.440365 
393.915651 
0.506028 
-679.731691 
-817.999587 
214.889194 
-371.414095 
-363.774193 
304.593806 
-193.562864 
289.762221 
1329.690763 
193.737558 
341.368114 
290.423066 
105.231671 
162.754081 
217.964178 
-391.632846 
-402.282181 
286.642202 
246.526897 
-61.915686 
-38.784272 
-553.007632 
-574.548090 
447.111694 
-338.478499 
-186.162538 
-93.213596 
164.895630 
-343.823263 
206.405842 
-67.673386 
81.742299 
198.039360 
-444.683694 
512.396176 
-28.965421 
-133.605022 
205.343032 
435.249814 
-22.657040 
5.821685 
-242.402252 
-402.871797 
169.301389 
-239.273884 
-422.726478 
461.404591 
-195.992114 
189.469533 
5.816078 
94.722002 
-876.241551 
-65.416324 
-90.684256 
-220.220315 
-373.270730 
-175.524730 
73.843605 
-74.416404 
12.039891 
-142.382373 
166.285913 
366.872975 
-37.202693 
71.302002 
-492.535774 
246.520065 
206.403569 
191.077685 
-189.419932 
-620.492986 
-73.772991 
136.885788 
-114.377137 
286.635274 
434.564268 
5.816060 
120.486055 
147.862551 
269.052276 
268.771951 
-467.270418 
-449.399390 
293.545925 
246.530035 
-272.023156 
191.352613 
22.898715 
-771.984390 
-490.384205 
103.325883 
-212.303925 
-217.116459 
-37.278652 
182.875059 
599.492775 
45.937918 
-546.541101 
378.594128 
-19.943654 
-5.258156 
-396.940134 
83.821662 
-740.811337 
-729.867184 
-69.219461 
113.717742 
398.540351 
37.617023 
366.875117 
-173.426037 
259.585611 
-93.593258 
-1140.656436 
150.431250 
-437.204636 
-338.266620 
-153.456124 
63.270520 
-444.907589 
206.405877 
-426.893956 
-381.234482 
206.406930 
-606.618911 
-854.406322 
246.524744 
206.406753 
-233.444630 
-431.570813 
-188.795703 
226.112738 
-208.546426 
-454.459333 
45.936977 
-118.509446 
-114.531438 
-187.098018 
358.935518 
-54.047932 
-277.143273 
-307.126703 
-109.584757 
-56.288733 
-318.839233 
229.492922 
-158.448876 
135.097990 
-371.464893 
-142.003398 
167.825731 
-114.530053 
-269.273897 
347.464578 
-579.023568 
-283.077385 
469.500667 
124.745169 
-74.413518 
-114.531645 
-20.395374 
-194.766828 
176.005569 
-486.050438 
-349.351460 
-117.334338 
-434.225325 
397.597487 
-154.646853 
67.316719 
23.603011 
-96.114338 
-580.179437 
-307.594923 
-326.483832 
-120.005909 
-184.333775 
-295.639537 
120.412847 
75.876730 
-299.099554 
-237.031420 
97.538130 
-195.391578 
-92.043030 
-194.759369 
-96.252438 
-235.817479 
-274.995706 
-58.474815 
-274.997453 
-605.912589 
-540.248312 
406.995549 
-47.988765 
-344.478280 
527.953302 
-169.044129 
-755.394857 
-446.167436 
230.974774 
447.110457 
-422.701392 
139.679945 
-135.808114 
21.019657 
51.135138 
463.738403 
56.787311 
-480.537452 
366.031483 
126.173688 
-50.619662 
303.294374 
607.576820 
156.628710 
335.408998 
-619.841374 
-177.242936 
302.467026 
463.475223 
196.804582 
-616.886045 
71.025311 
257.018180 
63.652724 
505.792015 
-466.820264 
264.624501 
-130.707533 
-281.787565 
928.516132 
574.192718 
-277.015118 
-82.768670 
131.784005 
265.888769 
1478.823187 
125.249438 
-469.356764 
71.291197 
86.055756 
425.104531 
-44.125386 
-334.085646 
96.684692 
-71.909058 
-335.556290 
173.611190 
326.759103 
310.856000 
-388.305300 
218.123515 
-456.096221 
8.192269 
-332.203317 
211.199495 
344.181309 
-137.162648 
112.483410 
-130.536967 
192.175599 
617.167724 
72.483591 
176.326336 
41.694600 
-199.727164 
-363.277299 
590.157348 
520.825776 
-183.969057 
-51.658193 
98.953359 
298.832254 
269.272782 
-191.250186 
-111.414806 
-269.322998 
463.088856 
39.755348 
166.288711 
423.593194 
25.929116 
-307.900055 
580.831430 
67.771895 
-17.819978 
35.007739 
687.809152 
-314.328604 
313.160652 
153.342374 
23.874980 
-589.885007 
-169.213985 
85.028882 
-81.313647 
1249.454220 
120.392599 
-827.736366 
-45.677580 
-200.753673 
-63.711434 
166.290426 
-167.080532 
-173.085184 
84.747025 
-280.233575 
83.847333 
607.577807 
-79.045498 
-639.849944 
-457.986175 
-71.657118 
95.356462 
487.222816 
185.799933 
-74.405517 
-102.119108 
-16.121795 
-388.293226 
467.028925 
-488.163753 
-16.153138 
-150.433651 
-228.171302 
142.693627 
-265.039610 
-209.819164 
-357.621781 
-412.422035 
-110.202902 
-320.307929 
-7.834824 
-631.038110 
-12.958423 
-750.469657 
224.571772 
-647.278384 
-937.978250 
81.264279 
-567.186743 
519.897598 
155.717615 
-276.632428 
-185.694419 
-365.000922 
171.374095 
-12.269031 
-74.415462 
-2.923074 
-215.687726 
-213.962312 
768.045034 
-394.217135 
-915.617795 
126.739602 
576.916366 
8.319621 
537.007262 
-615.818628 
-233.311696 
241.014319 
-189.177354 
95.428125 
-248.819181 
-514.832515 
246.520741 
447.106173 
480.815800 
-435.242811 
37.682530 
-400.908248 
-98.627869 
-176.626751 
-39.400653 
119.485401 
262.627512 
293.341058 
-103.699033 
567.128227 
-147.580828 
145.693770 
-98.346687 
21.007818 
694.668453 
-17.638895 
848.276448 
351.387497 
487.227549 
-593.446179 
-237.568806 
-233.514815 
-255.138371 
-77.106691 
406.990361 
204.211909 
-496.915030 
-134.108412 
143.204784 
-88.418953 
341.821527 
-276.817266 
179.824261 
70.575736 
-679.908509 
345.504318 
366.874829 
321.656158 
398.970729 
-572.372745 
-312.840173 
145.662026 
46.929409 
339.860529 
-200.483016 
69.630681 
-632.892926 
63.030901 
85.695158 
-80.453603 
8.042841 
57.567478 
158.318002 
-44.814008 
-191.464973 
-287.752689 
24.544852 
-456.054199 
224.156129 
0.991308 
-347.363751 
-255.637125 
1088.983451 
326.755116 
-575.911950 
-496.924859 
-198.962908 
18.361618 
597.502771 
75.201583 
-633.759265 
-175.663499 
339.213504 
-183.032094 
-102.487958 
335.701103 
-48.564661 
-56.981308 
-565.068876 
-74.415268 
5.818154 
246.519478 
607.577165 
-81.503427 
-641.053007 
592.917371 
-216.551100 
206.083401 
50.541983 
-219.874848 
-184.938057 
542.519163 
-191.490517 
-180.588660 
106.177741 
7.682401 
-349.424635 
-156.415851 
-487.298796 
3.780401 
-29.154974 
38.076302 
-34.297248 
-259.081515 
-491.947585 
-60.508063 
5.821480 
-89.336220 
-1830.281874 
166.288448 
844.005605 
206.600363 
366.875828 
67.335205 
-370.939548 
43.355888 
-861.716492 
12.482251 
-182.353761 
141.233474 
355.546010 
-114.754402 
-441.020762 
604.957271 
-510.091366 
167.836510 
70.379246 
-250.092927 
142.509178 
63.766864 
-168.450816 
345.934536 
359.048534 
-95.176545 
-309.051559 
-187.775604 
-119.634961 
186.081174 
787.860930 
-435.332623 
-294.157608 
11.870316 
-481.626911 
297.302682 
-163.301897 
-165.077522 
163.457681 
-39.776395 
626.742386 
366.873796 
-72.677738 
-217.242326 
2.337131 
42.893478 
65.111196 
416.280194 
-62.215665 
31.439723 
286.638047 
206.402621 
-89.727492 
-74.850828 
-71.537672 
110.126876 
126.169536 
246.973357 
-356.861953 
-12.366422 
6.414481 
-322.083600 
5.819825 
80.761655 
-739.353818 
-180.693945 
229.363141 
135.119350 
29.449826 
17.553456 
-514.736328 
236.760280 
-101.001866 
447.107351 
514.809225 
-721.305086 
268.926483 
194.371689 
-238.954185 
183.938690 
-559.867120 
108.959279 
206.405918 
-353.741578 
-148.066636 
-246.308019 
-230.096695 
97.451899 
-879.121873 
-174.084892 
-348.690072 
5.815584 
-85.089880 
180.844853 
206.399822 
-74.418591 
-198.515991 
372.870589 
-228.036250 
126.172836 
-34.294062 
15.710762 
-403.376181 
194.454661 
110.570977 
-123.264125 
19.040469 
5.816468 
-290.039318 
246.521472 
405.467685 
-213.457712 
153.293781 
-72.882846 
-50.153859 
-485.286802 
337.135234 
-435.474257 
198.997384 
-233.117140 
98.789011 
0.811771 
81.133927 
397.722096 
-40.039525 
-146.111346 
1262.295803 
-269.739449 
373.977046 
5.820692 
-72.703262 
-84.019629 
92.612203 
406.471578 
-395.546090 
1.802593 
-76.906785 
-322.408886 
106.756913 
-634.438288 
-8.918707 
-141.018006 
-34.297643 
-216.496778 
-101.929137 
10.148002 
262.662093 
105.326095 
-319.288437 
-505.605854 
-239.880500 
-6.598502 
-119.738084 
-34.298200 
-52.521965 
-771.312430 
-34.296233 
-411.280123 
385.788760 
-34.297439 
-74.412848 
-269.837985 
-738.998964 
-271.686193 
85.570655 
-197.908528 
-365.567449 
-74.413096 
-140.710125 
-34.296376 
-311.959035 
163.365236 
-305.116630 
-127.646527 
-836.728298 
-395.764142 
-298.678308 
321.133446 
62.819656 
-245.920403 
-9.722758 
-401.815041 
-272.456986 
-144.023793 
-74.415295 
-213.606620 
172.106613 
-348.464090 
-406.683169 
-205.090759 
-260.317959 
126.172810 
5.819219 
-1155.012269 
447.107531 
-623.039804 
-72.711190 
-642.552442 
-148.420655 
-321.712977 
-50.742993 
206.404987 
-23.216190 
-482.458125 
1.382367 
-70.749184 
-164.679756 
-212.723110 
-153.269299 
-283.749405 
-211.592213 
117.983489 
-362.064438 
-233.068799 
-456.643000 
570.262630 
-701.834807 
510.864251 
-274.999446 
-485.470111 
-147.314287 
-275.001236 
130.093970 
-275.002036 
-519.361307 
-353.342989 
1008.733696 
-203.881739 
-122.245437 
566.997976 
-24.640454 
-629.566759 
-18.258221 
78.852012 
1008.737616 
-734.429052 
409.407162 
-262.947219 
0.335203 
10.857890 
1105.951417 
333.473884 
-264.206977 
78.644401 
126.167254 
6.665334 
492.774531 
246.523525 
78.141290 
73.676238 
-534.998078 
-239.377201 
498.523018 
410.015246 
48.913119 
-434.611855 
-211.101274 
-208.329631 
155.250506 
39.750931 
-436.987445 
110.898848 
-98.933678 
-351.158991 
1008.757702 
426.354534 
-184.100594 
-43.137332 
27.514280 
318.166080 
797.834635 
-57.826948 
-330.743983 
-228.149509 
86.065919 
-103.397277 
60.393998 
-9.551824 
-49.767981 
-475.577012 
-437.544417 
99.880450 
166.294903 
-107.374336 
-565.437675 
-130.453050 
-553.494901 
141.482720 
-462.362789 
-25.626505 
85.013768 
-322.016289 
-121.322888 
-358.594247 
626.917373 
547.117780 
226.675997 
147.295553 
13.592264 
-204.015944 
166.173956 
775.046283 
87.561048 
95.381010 
-56.678671 
25.485723 
272.738782 
279.274983 
-126.903216 
-600.077923 
-117.417244 
-80.340960 
226.710164 
647.692990 
-159.887407 
52.199376 
-307.424065 
495.252174 
383.087812 
107.848264 
362.529551 
406.994572 
35.330618 
-248.123303 
246.240367 
-416.243672 
-2.680948 
-47.580363 
303.916890 
313.535294 
848.287228 
182.257858 
-380.703297 
264.131944 
61.354604 
-42.846740 
1088.990388 
176.634349 
306.296414 
140.368983 
-158.510322 
142.584859 
86.063719 
341.096518 
-254.472624 
-135.880023 
-54.657794 
131.623691 
848.284373 
-588.220675 
166.312023 
-114.282862 
452.377004 
-4.976673 
442.633889 
72.972100 
106.388336 
-52.953864 
261.627984 
289.244600 
-80.358662 
-683.640306 
36.161606 
-406.769650 
-17.423075 
-14.386873 
266.505934 
-876.748765 
-167.256179 
-232.411281 
65.525937 
-377.746785 
-403.325100 
175.172512 
-282.237903 
568.182551 
-366.126578 
13.575353 
-21.521134 
-258.240984 
111.670543 
88.000001 
406.989187 
184.789125 
43.176838 
-199.453083 
86.050826 
-286.808456 
-340.079911 
90.157206 
299.597141 
28.883571 
152.617675 
126.183465 
-293.985600 
-166.239597 
-248.837129 
-352.815696 
198.569094 
-890.850101 
366.867709 
467.168730 
-117.974014 
-388.213509 
-353.176535 
-241.403752 
-268.199595 
-12.419203 
-454.055605 
-214.790166 
10.125882 
70.242560 
-151.861732 
-158.001978 
-214.677022 
58.354607 
-250.446506 
219.230870 
496.166282 
-2.246470 
527.348209 
309.291327 
366.883976 
-778.247849 
-603.500419 
-453.750805 
-23.424080 
153.640480 
607.585152 
226.789157 
-1152.597700 
-457.456897 
-123.739342 
173.747045 
-150.161943 
-286.127501 
-445.533485 
216.104179 
-172.745984 
-212.389196 
166.295635 
591.254200 
168.970527 
-525.267244 
-244.640444 
128.500853 
223.661358 
225.340423 
56.735632 
-483.660450 
-692.316583 
135.901047 
186.524892 
160.115285 
177.038396 
-105.957547 
56.923586 
-165.460316 
-11.608029 
-147.370826 
-40.393506 
-246.162756 
-365.478252 
177.371581 
-363.414133 
-144.942532 
527.338736 
487.222463 
-333.788138 
-603.363296 
288.975695 
-451.485455 
-190.075274 
-320.543224 
-651.543532 
191.243011 
124.538841 
278.264380 
-283.019345 
480.012387 
820.405803 
315.564459 
-516.980113 
-74.420656 
286.634590 
687.808578 
166.285993 
304.997033 
-154.751562 
530.299017 
257.889275 
11.817855 
-262.303846 
125.753787 
144.781102 
499.340903 
-282.812001 
-549.188412 
55.852235 
-320.877039 
-545.275997 
-89.490642 
-113.211787 
312.209261 
-213.440002 
-614.347437 
5.820215 
157.802688 
33.505178 
-316.066317 
326.757917 
-38.878731 
-567.730470 
928.516240 
339.918443 
68.232241 
447.110769 
-146.617241 
-288.663103 
-262.986164 
116.146237 
-517.476476 
-114.293788 
-75.082057 
-227.626952 
-179.172428 
-492.925381 
-403.520078 
-209.046414 
-401.084689 
-175.239281 
-96.870250 
222.047240 
366.437783 
382.627004 
-297.234167 
-172.978682 
240.331710 
70.305354 
-124.983716 
-428.718136 
114.848906 
243.748004 
242.989386 
14.552636 
-363.746137 
-334.855440 
81.737552 
-303.779708 
-153.422836 
210.908502 
151.774945 
184.243695 
-34.292101 
-162.772079 
-22.136692 
-4.312310 
147.627371 
-56.520152 
219.256823 
-329.039224 
-256.290388 
126.172887 
-74.412481 
-298.428637 
-18.322214 
74.538494 
-446.153488 
5.821459 
288.544663 
69.783626 
233.306916 
-157.489937 
-167.866781 
366.879625 
-243.363728 
-154.409440 
-123.844474 
378.734868 
-116.238095 
0.918262 
208.176880 
-34.019618 
300.515644 
219.665618 
5.821575 
-1112.425645 
-716.283886 
117.560381 
67.945058 
-353.507692 
137.882950 
-699.594787 
-186.152205 
5.824526 
-367.881174 
-129.286585 
233.736721 
-316.163729 
-52.274996 
-896.054970 
-254.378187 
74.367504 
286.640356 
112.497133 
-85.804532 
5.825244 
5.824719 
215.950453 
-265.740146 
-194.170332 
-34.292971 
-34.289227 
-153.987615 
-18.252868 
-39.108855 
-74.745698 
26.435680 
-170.091584 
286.641078 
-249.937224 
206.399886 
286.448174 
-235.242912 
-95.341216 
-104.239383 
-148.132800 
-271.969601 
136.113901 
527.337300 
-33.646158 
70.233782 
-195.409775 
-329.483938 
-51.139994 
-101.681666 
-422.499314 
-93.385624 
1332.193425 
-407.598170 
310.578056 
45.938136 
-419.222069 
411.217140 
-232.591437 
135.441993 
-480.806960 
13.923650 
-382.402765 
-434.596509 
-108.402915 
-277.879756 
82.359354 
-1.315460 
45.941591 
-287.474208 
-205.324685 
127.115663 
107.212434 
-184.311182 
-196.887176 
-257.982317 
-358.780401 
205.809208 
-190.548398 
45.943405 
78.077819 
-573.063279 
45.943236 
-15.455003 
-283.601770 
-74.406895 
5.830010 
-548.613875 
-595.773554 
184.362597 
94.711115 
-52.746256 
-481.909944 
5.825850 
109.282307 
5.826567 
-150.352700 
-63.652727 
-312.441544 
-374.615692 
-269.024635 
-49.494003 
-295.045509 
197.732807 
-50.225719 
-363.489979 
-341.846252 
-293.410395 
-218.270008 
-68.783598 
126.177521 
-251.455135 
-447.999013 
-261.066619 
-67.154437 
-154.964890 
-167.300612 
-34.292345 
-74.413493 
-651.576455 
-34.290322 
476.434237 
-242.892926 
-367.867062 
-286.957803 
-251.187027 
174.300744 
-274.997093 
-72.121247 
4.381398 
-231.139343 
-444.086290 
-114.529841 
-306.231934 
277.947042 
-289.087755 
-607.009834 
-271.787694 
318.197668 
101.609866 
-324.682336 
-203.174316 
-432.335315 
112.100442 
-275.003917 
111.920713 
336.915314 
-275.005047 
-166.952847 
-275.003683 
-436.143980 
61.260183 
848.276806 
-604.921479 
-580.651738 
485.909075 
-68.198614 
-437.329157 
67.332792 
-119.014319 
166.287303 
-525.369746 
-110.049182 
149.321179 
-134.521625 
110.464384 
731.555869 
458.427083 
-62.414155 
649.170962 
286.640266 
259.542652 
310.650361 
768.046675 
863.366709 
160.538572 
-1124.198456 
-178.639272 
811.632786 
499.611930 
232.193988 
314.261588 
11.653384 
263.385956 
365.871962 
-82.038199 
-467.987082 
93.964050 
-2.516654 
143.054173 
326.761811 
117.517933 
674.307816 
102.112508 
71.388428 
547.811388 
926.441801 
242.264610 
239.604568 
14.686525 
848.288649 
6.467510 
805.089311 
-578.242688 
397.441745 
-365.257097 
894.899627 
-196.120067 
527.350152 
176.376922 
-273.294767 
365.767281 
-61.812239 
-40.615784 
88.299335 
-282.171661 
249.449739 
-181.338343 
-197.431734 
-287.423026 
554.294872 
305.983586 
54.995091 
-52.080404 
-137.342125 
-36.634826 
146.675155 
974.390143 
906.450239 
-255.746418 
-57.621151 
8.571101 
280.567592 
133.179965 
-87.228728 
-457.309788 
-208.396234 
-1.582858 
255.621117 
647.695803 
-5.133901 
-69.905208 
53.114154 
409.668383 
470.964085 
-256.333090 
-102.423930 
326.755849 
-178.598329 
-378.075771 
520.704870 
-123.702952 
-97.561110 
565.900721 
-68.496333 
30.710204 
848.276563 
246.972529 
-455.721345 
297.868356 
19.170766 
-281.895932 
848.278880 
218.593958 
-371.367952 
14.128486 
-188.874431 
173.807181 
246.508825 
547.098199 
-487.334900 
-452.898570 
99.701955 
135.400818 
1088.979599 
-272.350547 
246.524380 
131.992253 
478.822216 
260.745881 
223.188247 
-89.757093 
300.674434 
-6.828202 
-11.802827 
93.280770 
-225.119992 
-481.499254 
-2.207903 
98.911236 
-451.859281 
386.203544 
338.745846 
-247.420377 
-60.419749 
-215.937145 
515.567209 
-347.969109 
-525.864344 
-294.779089 
386.260915 
384.380339 
-175.598761 
509.891751 
131.599762 
186.679019 
349.332464 
619.450881 
647.694024 
-2.078290 
364.354831 
-231.384140 
406.987466 
-416.758726 
-444.271800 
547.339330 
-426.714691 
252.988381 
306.870343 
301.642855 
-366.288425 
-175.604897 
-50.367025 
-154.818465 
631.299887 
-661.262288 
447.111416 
306.702112 
92.947252 
515.290484 
-193.543405 
506.218684 
-49.606834 
76.170163 
-469.754562 
64.210487 
-258.999919 
-193.639529 
161.852523 
-220.337636 
242.989552 
72.872501 
255.589523 
607.265033 
46.309022 
553.855763 
126.174210 
248.892215 
-34.291475 
-1029.046099 
-681.260297 
-89.541630 
-436.495676 
430.842822 
286.647299 
-2.056952 
-864.544851 
514.980048 
-80.192992 
105.357853 
118.336991 
-520.740665 
-519.328803 
106.584356 
-355.049159 
-135.750487 
246.529283 
432.779168 
-681.520001 
39.628744 
104.513285 
-302.517650 
527.152294 
-215.307208 
-134.078780 
-495.590048 
-332.816312 
-94.916946 
-283.201770 
71.188964 
-193.515275 
-205.827129 
-410.523559 
21.420883 
114.824290 
-380.500630 
123.665785 
-571.889894 
-592.588415 
17.391923 
252.277331 
-262.509022 
406.994680 
768.046882 
-430.812027 
-454.546316 
-118.755999 
-410.393002 
178.841432 
-20.020029 
-928.761446 
-193.720246 
-187.841008 
-70.686315 
-162.740188 
300.632549 
482.143682 
316.318999 
-260.372246 
366.875048 
166.287607 
206.406217 
166.291303 
175.801932 
-129.383997 
451.534304 
162.808399 
-14.601080 
-822.842563 
-476.223407 
267.548410 
262.854773 
-412.038275 
-36.211986 
-300.024568 
-233.209202 
-156.889438 
21.049207 
-9.486708 
-138.619895 
-408.683398 
-805.826181 
447.109971 
-2.519309 
175.914031 
-608.499432 
848.281093 
-329.864017 
-140.063839 
447.109295 
181.380341 
-248.876875 
166.286489 
152.915908 
-493.073205 
-536.997868 
116.145638 
-704.996798 
-108.700372 
-214.614319 
-474.718473 
-124.537929 
-420.744670 
16.932537 
-9.358554 
-223.923220 
-724.078369 
-191.839491 
300.776178 
236.144462 
-116.030395 
-416.812311 
-167.296141 
59.806623 
-60.813124 
-248.849635 
-383.271849 
-124.630623 
-78.210700 
-16.502286 
-355.498337 
-298.145513 
-412.701180 
193.157168 
-321.208472 
-457.384651 
345.874266 
-35.975109 
-113.689571 
-74.414114 
40.703877 
-110.929859 
21.766415 
227.075474 
-15.637367 
-76.901102 
-235.148694 
-109.902403 
-34.298424 
5.818311 
336.859065 
-155.313772 
-204.628678 
-488.955640 
366.872608 
-198.758921 
-208.562394 
-213.498108 
-639.123610 
-508.134137 
-74.416546 
28.584005 
-229.283226 
-472.650056 
305.332895 
-109.231576 
29.364862 
2.847592 
-98.397417 
313.006507 
-18.192454 
206.405721 
-806.554582 
765.539701 
54.922703 
-200.631669 
-387.535714 
35.714623 
-550.802984 
374.571280 
5.822614 
-243.887329 
-914.122336 
-134.103074 
-536.782513 
-313.809619 
-879.519392 
-103.956723 
-254.667972 
206.404296 
-214.974715 
-267.701008 
5.818798 
366.877349 
88.820967 
51.799101 
-138.930625 
-34.295136 
5.817673 
338.042550 
-317.785642 
-94.106993 
-372.420147 
46.954871 
13.005082 
126.169960 
-440.478285 
5.819498 
-199.994900 
-72.900819 
-72.037280 
-328.838741 
-84.061805 
-758.250650 
-46.052868 
406.990802 
-80.395897 
-198.301333 
-237.580360 
-66.451111 
-158.657539 
136.681273 
10.494863 
-134.681445 
902.656086 
-372.674667 
176.736789 
-34.295328 
-201.863073 
213.871182 
-21.813171 
131.344952 
-333.193383 
-137.664829 
-64.417612 
-392.063824 
-110.840672 
-320.698093 
23.076179 
39.791579 
5.819019 
-467.694853 
-103.068070 
164.920901 
-740.738570 
-249.981188 
-556.846720 
-277.526047 
-183.807602 
-2.098422 
-331.096067 
5.822081 
-333.393222 
-306.208739 
-34.298496 
-62.779567 
-261.094125 
-34.296097 
-74.414339 
-11.051347 
-599.388440 
-139.309616 
224.840562 
-27.572807 
-278.732619 
-74.414170 
-1.018657 
206.406301 
-188.197439 
-225.646336 
-129.259322 
-481.120111 
-556.813988 
-51.647527 
-329.941919 
-340.673095 
-203.253574 
-85.024590 
-383.193746 
-97.886613 
-286.379593 
-69.374515 
-74.411980 
-245.138135 
7.397638 
-227.917629 
-234.016261 
-118.620662 
-75.422774 
-34.295573 
-74.414113 
-447.219863 
-114.528928 
158.140139 
20.293937 
-80.478868 
-124.480867 
-306.847972 
166.977556 
-274.999312 
83.874019 
-141.233742 
-307.380121 
-776.038719 
-274.999432 
-213.922326 
169.828709 
-273.628269 
-442.824161 
-321.102168 
26.819507 
43.060935 
-219.412305 
-256.440757 
-52.360684 
-60.485722 
-275.001598 
346.445235 
-255.633407 
-275.000074 
61.270859 
-275.002477 
-610.259221 
5.732256 
1088.985009 
-468.375789 
65.453176 
24.254960 
-208.958727 
-444.116024 
152.915992 
646.768598 
86.056096 
-112.035600 
-588.597934 
-499.875593 
365.228063 
-60.563737 
211.394616 
-42.039431 
-739.814856 
32.716942 
5.819563 
281.942059 
250.714665 
326.756683 
617.999200 
427.690312 
-1083.829577 
603.300187 
328.962420 
241.153086 
276.196946 
-148.271325 
-300.750862 
43.181213 
224.657077 
-411.624650 
166.609901 
296.549469 
87.565888 
167.198193 
687.811753 
69.456191 
-124.804648 
-209.951747 
306.437360 
434.266915 
482.582180 
-725.645921 
43.944475 
-270.304335 
527.342795 
-206.722370 
160.333354 
168.922087 
-57.142502 
-911.860388 
364.081544 
-305.199270 
246.520955 
260.438235 
233.080637 
34.739393 
114.723766 
400.474447 
81.627969 
93.347342 
408.810369 
-517.238963 
-181.957500 
83.190796 
-203.204286 
15.787565 
-105.752059 
-138.875093 
137.490839 
-70.389044 
-254.368147 
713.061482 
1038.841287 
62.014947 
-132.003716 
465.519833 
404.614478 
154.644629 
-49.421821 
379.941743 
103.996435 
-179.101610 
-308.328308 
1249.454751 
-91.371430 
13.204149 
61.899699 
24.542660 
421.307527 
396.463763 
-137.021207 
768.050820 
-82.076089 
133.434453 
427.795269 
78.631950 
54.145166 
-3.019720 
492.005809 
425.680286 
487.228982 
260.873103 
4.674944 
61.431490 
409.500581 
303.818016 
567.461071 
197.049864 
603.950383 
-23.670029 
403.312173 
79.065034 
1088.981178 
282.172409 
197.308708 
-240.454597 
290.015245 
261.570635 
166.288729 
17.320383 
527.343488 
660.874316 
-41.561357 
-96.112467 
506.227616 
-302.879615 
238.300029 
-283.112041 
-748.203992 
-340.401223 
-363.412358 
-65.434947 
30.305354 
-1106.234936 
317.178020 
11.128302 
388.868032 
269.086914 
-392.494223 
-262.349393 
5.024296 
-436.717485 
-393.452102 
-532.346250 
-20.476553 
-420.999191 
-249.589939 
247.049482 
-209.196223 
-436.080360 
-48.433291 
32.151223 
527.344977 
2.209388 
89.064614 
-593.768745 
206.407484 
39.790606 
-719.921811 
79.288985 
46.207579 
24.818538 
-344.702588 
-208.642442 
-651.861350 
190.130526 
-124.144164 
-255.613336 
22.345746 
-221.011650 
286.639391 
226.468431 
17.389829 
428.117374 
-16.511653 
179.638780 
294.875681 
-214.421564 
-845.944170 
-136.675677 
-435.793362 
138.855649 
-204.828638 
-94.651583 
-753.276086 
-244.794301 
27.835613 
647.243936 
209.561517 
-152.033367 
527.340155 
105.794439 
-34.300009 
162.329678 
30.072780 
74.362500 
-588.813457 
60.797063 
206.403510 
17.859622 
-823.690951 
29.256652 
163.525598 
236.630027 
-243.063805 
-423.549626 
-78.668608 
155.289121 
-272.990304 
-50.504791 
808.162515 
414.383222 
-376.631963 
-153.162487 
522.918544 
-5.630904 
21.560187 
116.133157 
260.594303 
-199.892731 
-495.554089 
-116.114037 
154.655214 
275.926390 
-171.796760 
-821.751784 
-348.970969 
53.522379 
328.302555 
90.127081 
-171.712840 
-84.839225 
-557.793531 
168.088681 
155.647002 
-309.980464 
166.291724 
687.814958 
-631.488938 
-129.420175 
-127.922120 
-387.648701 
294.546828 
201.449090 
-868.932996 
116.614614 
-341.028002 
-311.568401 
-470.423581 
228.994630 
-81.477864 
314.184639 
-463.930436 
206.408215 
86.057046 
206.408365 
5.822942 
-16.907329 
41.539603 
60.825114 
-130.480978 
-132.172284 
-687.673255 
194.893793 
-109.879395 
406.335890 
-751.391078 
-261.506114 
-52.673251 
-230.014649 
-748.424636 
-41.438621 
230.034117 
21.503679 
0.635892 
-446.969120 
206.406443 
-169.184724 
49.593440 
82.118145 
768.048386 
-173.616678 
-530.006547 
206.405967 
-94.325522 
-36.473786 
166.288684 
110.125386 
137.715455 
-425.419528 
53.459938 
-279.994279 
540.523296 
132.297556 
-28.193375 
-135.609828 
-308.823049 
-256.033940 
-230.670924 
-199.339879 
331.566297 
18.769046 
43.422341 
-250.020690 
-635.106754 
-35.549285 
-48.782673 
85.481513 
-94.172443 
-362.226987 
-284.732658 
-499.424085 
-57.871086 
-53.048669 
-45.172803 
94.261539 
-935.227578 
17.542519 
-284.320139 
61.343106 
572.586490 
-86.339672 
-230.642370 
-154.647082 
-181.675482 
-9.428191 
251.797778 
150.558316 
165.033208 
-27.523869 
-262.086994 
-351.197127 
-154.648026 
-74.413708 
-55.966534 
-331.662319 
-97.489780 
-574.537981 
366.876663 
-220.561288 
251.691916 
5.123386 
57.811668 
23.838904 
-154.648848 
-196.648758 
58.508446 
-322.363055 
130.713148 
-144.142088 
-269.043627 
-34.982048 
-49.186637 
-95.030260 
-27.593825 
206.405919 
58.472855 
-335.177068 
346.115583 
-189.938279 
-453.317972 
-7.329756 
-349.958436 
44.305863 
-74.415010 
-197.887425 
-262.872979 
-58.807232 
-218.525575 
15.608974 
111.825780 
-112.372433 
-299.431334 
45.936305 
-153.913810 
-81.244169 
-74.414059 
286.639504 
-242.218704 
-270.769925 
-249.884067 
-154.650708 
-74.414590 
251.873643 
-275.003888 
-9.771701 
-154.987697 
-112.208622 
221.321717 
206.403894 
-56.863573 
-34.298497 
-256.851886 
58.731843 
-249.659944 
278.627865 
119.217656 
-309.389094 
-14.891013 
326.754546 
204.917832 
-4.042469 
-232.373098 
125.632171 
-2.182408 
-22.468998 
55.807933 
95.440000 
-183.323950 
-233.342234 
73.809448 
5.819926 
128.460765 
-155.819333 
-271.715868 
59.333592 
-421.911237 
358.671437 
67.501565 
98.860344 
-305.299577 
-319.085036 
177.311143 
34.232335 
45.937441 
-240.541251 
2.166237 
239.641820 
-985.200123 
-58.779974 
-8.872075 
-87.623390 
-79.443350 
122.517178 
-96.804212 
45.937247 
136.945618 
122.026080 
5.822092 
-200.596876 
-358.818908 
5.819722 
5.818949 
-431.830050 
-287.395353 
63.908201 
-10.792814 
-12.692431 
-28.397465 
5.819605 
-296.179608 
206.405615 
34.226234 
-156.115780 
310.671515 
-476.966826 
-260.631065 
-85.325756 
-136.135204 
-158.616362 
165.464245 
-235.077214 
-234.698285 
-146.390313 
150.378255 
-114.376518 
5.821030 
46.741341 
-219.669906 
-480.160302 
-28.192311 
-76.901860 
114.548419 
5.821266 
5.821465 
-454.816671 
45.938089 
-375.283668 
-68.587811 
109.086152 
69.785747 
-555.586611 
-390.612915 
-274.998630 
-118.834823 
338.326764 
-258.246890 
-867.955914 
-274.997339 
-127.067083 
-721.497784 
-418.219174 
-134.159237 
-100.879465 
-273.487664 
-500.489428 
-419.696825 
-138.015716 
-326.737329 
-349.764482 
-274.998066 
214.141155 
-522.114835 
-274.997919 
-297.888457 
-274.997699 
-564.269185 
-289.233387 
-275.000001 
-255.259259 
-278.316473 
-256.968518 
-279.645311 
-276.156607 
-275.000007 
-296.308942 
-234.882819 
-285.215903 
-279.305790 
-258.402455 
-288.541721 
-271.635861 
-283.714421 
-268.927233 
-286.389478 
-267.593615 
-274.999999 
-279.223591 
-279.648310 
-234.882811 
-225.283652 
-261.196716 
-296.378338 
-256.480028 
-282.025910 
-270.039352 
-218.446462 
-285.672226 
-257.128451 
-283.697228 
-244.476685 
-277.108055 
-315.322549 
-274.064177 
-248.475272 
-296.420918 
-275.000001 
-280.071652 
-284.852919 
-267.851827 
-283.338899 
-237.197602 
-284.381667 
-279.822034 
-270.245331 
-239.559260 
-274.999998 
-255.610643 
-267.425323 
-287.974205 
-262.390679 
-234.882805 
-270.921737 
-300.469049 
-274.999999 
-246.246306 
-269.447022 
-261.706084 
-270.642207 
-270.049157 
-314.345492 
-263.002954 
-260.625091 
-284.595650 
-277.111797 
-260.675026 
-270.117337 
-266.241688 
-295.654618 
-278.793675 
-271.549186 
-262.752679 
-267.249907 
-248.262515 
-317.791665 
-255.838955 
-266.846347 
-258.926384 
-239.886623 
-291.499793 
-279.305790 
-268.973646 
-289.198712 
-254.376506 
-235.003452 
-275.000006 
-241.558912 
-268.272714 
-270.479333 
-232.208335 
-289.350557 
-258.765888 
-249.921302 
-274.999999 
-281.943475 
-278.844641 
-271.915531 
-255.108376 
-283.210918 
-279.919246 
-287.901760 
-285.755735 
-275.000001 
-237.609107 
-283.962847 
-253.824717 
-280.386992 
-272.263505 
-274.999994 
-267.914454 
-263.404466 
-281.306833 
-294.297115 
-273.020197 
-275.000001 
-279.398141 
-244.904852 
-286.960917 
-275.490259 
-254.552003 
-275.000010 
-286.551890 
-275.000002 
-270.963324 
-271.443439 
-255.022878 
-261.936062 
-238.396240 
-283.050920 
-260.578313 
-252.631626 
-267.750785 
-274.540380 
-246.218930 
-273.241264 
-281.701416 
-246.435793 
-269.395972 
-270.012899 
-312.609866 
-281.223004 
-283.444371 
-270.740998 
-278.345641 
-259.822218 
-294.551148 
-279.590693 
-272.360185 
-266.830228 
-275.454243 
-294.101921 
-271.040381 
-277.260132 
-278.951758 
-234.882809 
-259.949202 
-263.023740 
-281.541398 
-275.000000 
-267.610809 
-297.296432 
-292.313918 
-251.787332 
-277.565474 
-272.574330 
-277.479312 
-270.441107 
-301.542505 
-216.319610 
-272.830520 
-251.288571 
-275.742667 
-234.882811 
-254.941405 
-275.905724 
-267.914445 
-252.434674 
-291.869295 
-270.515664 
-277.257717 
-312.973293 
-287.583578 
-265.413378 
-284.483836 
-246.492194 
-290.058070 
-271.369162 
-283.432165 
-287.912439 
-278.153876 
-280.845031 
-278.823373 
-274.999996 
-286.227755 
-275.000004 
-275.590276 
-274.360154 
-295.369660 
-256.174848 
-294.836095 
-275.000006 
-295.751624 
-233.078251 
-259.022437 
-267.190077 
-280.105805 
-255.356094 
-272.170574 
-265.759311 
-276.856068 
-261.691634 
-259.175508 
-275.000004 
-271.490805 
-274.999995 
-298.506117 
-278.289859 
-270.642207 
-291.493842 
-269.947168 
-283.086546 
-250.010172 
-275.644322 
-265.893819 
-270.448085 
-274.634515 
-288.667584 
-276.938678 
-255.545358 
-286.430170 
-262.304635 
-277.587444 
-301.171643 
-284.972625 
-281.288457 
-255.636303 
-296.282573 
-280.385347 
-274.999998 
-275.000007 
-286.216050 
-239.339682 
-286.085798 
-263.939483 
-276.683662 
-236.849867 
-286.457380 
-287.463041 
-278.702104 
-292.299108 
-283.749480 
-264.607065 
-266.758792 
-299.787540 
-272.220380 
-274.999996 
-275.000005 
-274.999996 
-274.999998 
-267.914456 
-288.193065 
-262.826313 
-258.181058 
-250.710259 
-290.395700 
-237.915762 
-259.325714 
-236.184861 
-271.927259 
-267.663728 
-282.900402 
-274.568849 
-274.318712 
-253.635776 
-272.242138 
-270.065413 
-256.661181 
-271.971799 
-274.999999 
-291.266940 
-286.440641 
-295.281761 
-274.999997 
-259.749741 
-240.547238 
-275.000002 
-265.656043 
-259.753527 
-275.000002 
-274.999997 
-285.301390 
-275.091304 
-275.000002 
-265.410198 
-270.963324 
-256.403663 
-286.412826 
-249.778490 
-271.050346 
-282.659156 
-278.002470 
-268.413208 
-287.990733 
-264.284216 
-280.579657 
-277.133737 
-275.646565 
-281.642708 
-289.754763 
-271.714403 
-263.084625 
-271.491701 
-285.100800 
-252.771514 
-267.182279 
-238.113592 
-284.017094 
-243.093730 
-292.422492 
-284.042068 
-249.722232 
-264.351992 
-277.108055 
-294.318584 
-258.703815 
-275.000000 
-282.321809 
-264.872227 
-281.491895 
-274.402547 
-281.642698 
-264.170105 
-253.150374 
-292.771081 
-275.000005 
-274.999999 
-285.870816 
-275.488900 
-280.337478 
-274.999992 
-275.000000 
-249.538438 
-271.890516 
-263.251295 
-266.204690 
-269.886243 
-275.000001 
-269.969294 
-268.020052 
-275.033024 
-262.693066 
-254.098757 
-256.908960 
-273.255568 
-277.274062 
-279.675413 
-274.150884 
-275.000002 
-275.000002 
-275.000002 
-270.589310 
-276.780012 
-287.309901 
-271.869243 
-276.499515 
-279.267422 
-275.000000 
-273.506878 
-259.224782 
-278.373664 
-266.670695 
-277.992917 
-274.807454 
-281.543703 
-276.635406 
-274.999995 
-275.397642 
-273.365043 
-274.999999 
-274.999996 
-289.206076 
-272.954052 
-279.267421 
-274.999999 
-275.000001 
-242.224801 
-274.999995 
-278.975802 
-250.509749 
-275.470599 
-261.065106 
-275.000001 
-234.882804 
-275.000000 
-270.988056 
-272.465647 
-272.595907 
-274.574154 
-282.101267 
-278.737802 
-267.418865 
-275.000005 
-270.800500 
-267.351547 
-280.386991 
-275.533994 
-264.910827 
-262.411246 
-250.496584 
-261.681804 
-239.740755 
-272.154917 
-240.532527 
-274.999999 
-266.566325 
-281.227539 
-278.440453 
-278.208787 
-248.403141 
-271.909877 
-276.876567 
-288.223202 
-280.968615 
-295.725688 
-275.625721 
-271.240062 
-274.999998 
-268.420952 
-246.704041 
-276.473713 
-234.882817 
-264.290675 
-275.244439 
-282.062921 
-276.924907 
-275.100232 
-278.215229 
-275.000000 
-265.579794 
-269.294561 
-275.000003 
-270.395030 
-275.158560 
-275.000002 
-275.000003 
-274.499377 
-281.492098 
-272.043241 
-270.014261 
-254.912999 
-283.574692 
-274.999999 
-276.532775 
-274.999997 
-269.404425 
-290.277676 
-264.710068 
-270.495390 
-280.802666 
-261.546353 
-267.380018 
-276.918077 
-270.876743 
-277.667259 
-270.680992 
-271.840125 
-271.332411 
-269.949698 
-275.000003 
-288.476478 
-276.032570 
-278.076339 
-286.412830 
-279.650605 
-273.411156 
-275.000000 
-275.000000 
-269.850371 
-275.000000 
-289.303095 
-264.013015 
-267.670890 
-270.964023 
-287.633735 
-267.801601 
-274.999998 
-261.206182 
-269.975761 
-267.727672 
-291.048268 
-275.000003 
-284.026739 
-242.762700 
-274.413389 
-266.043124 
-278.088103 
-261.590845 
-286.570209 
-268.342564 
-264.274398 
-285.233830 
-281.864938 
-274.999997 
-273.023698 
-256.639171 
-275.000003 
-269.838943 
-274.999999 
-291.226992 
-272.330677 
