-62.891320 
-64.145674 
-49.473619 
-40.796856 
-36.587758 
-18.224983 
-5.750702 
-15.716086 
-13.203805 
-17.640089 
-10.554750 
9.501364 
-6.905297 
-11.633067 
-7.169934 
-16.789567 
-16.595542 
-42.972749 
-38.047409 
-47.448100 
-45.847147 
-38.047415 
-36.728225 
-34.040435 
-23.022684 
-15.478701 
-40.734883 
-5.753519 
-20.351568 
-14.503686 
-5.859225 
6.562251 
22.256773 
15.791040 
15.797605 
21.371075 
14.899487 
17.969993 
36.484092 
14.806526 
20.174381 
16.990130 
28.598816 
3.861087 
-14.377636 
4.279135 
4.790177 
24.166414 
11.640375 
25.277832 
36.646990 
14.462985 
6.801815 
3.100306 
1.323312 
15.473077 
11.640455 
13.302708 
0.843977 
-2.873668 
-25.300282 
-5.563090 
-2.439767 
15.822780 
39.015153 
13.686821 
50.692786 
22.717706 
35.505760 
25.470973 
21.831615 
42.701647 
26.054159 
33.914542 
3.036927 
22.165632 
-20.087159 
-10.445832 
-12.324520 
-45.912901 
-35.894327 
-35.639039 
-11.437215 
-5.232741 
29.337399 
84.976127 
113.220287 
160.702921 
165.110961 
147.256706 
124.800670 
113.499868 
122.511839 
101.681248 
105.728870 
86.171868 
71.380290 
66.409263 
72.103027 
59.489162 
32.058277 
32.513866 
37.751098 
46.719320 
36.484544 
41.519298 
60.355548 
58.923973 
71.888319 
63.662332 
86.172156 
117.012332 
113.050145 
129.056376 
108.519381 
120.210016 
135.859011 
118.022723 
106.986817 
93.772176 
94.779880 
76.709918 
86.172475 
64.836117 
86.171826 
40.988230 
53.170227 
58.249316 
43.816829 
60.237109 
20.131006 
14.988900 
-4.655577 
-1.108830 
29.191177 
-1.639661 
-4.408094 
-6.365842 
-23.371343 
-22.577203 
-19.533595 
-43.481324 
-34.101786 
-63.918968 
-78.447904 
-98.032780 
-94.079517 
-103.754613 
-120.144721 
-122.893031 
-123.669226 
-102.723754 
-101.888755 
-110.752135 
-98.702137 
-116.465163 
-112.577944 
-101.483349 
-107.710652 
-129.187468 
-87.734308 
-113.457711 
-91.589154 
-64.081430 
-67.300395 
-41.011364 
-80.332332 
-75.330729 
-83.665231 
-75.298157 
-62.093856 
-67.189165 
-57.368363 
-62.015153 
-62.890726 
-69.101447 
-57.380394 
-72.904826 
-72.750860 
-59.290567 
-73.169729 
-67.897746 
-58.532694 
-63.751837 
-84.703892 
-97.898238 
-97.290278 
-83.695609 
-89.650363 
-79.164261 
-83.885889 
-69.797704 
-59.709782 
-57.100123 
-100.156188 
-79.099130 
-87.734207 
-95.505125 
-103.443220 
-98.502063 
-86.524292 
-94.323791 
-87.734322 
-81.405044 
-86.524012 
-68.445085 
-77.024530 
-79.025591 
-75.445428 
-76.844340 
-62.558502 
-81.602939 
-60.767102 
-54.306480 
-62.890678 
-62.346110 
-64.547118 
-56.514681 
-47.097432 
-37.722017 
-67.268673 
-55.205505 
-55.261684 
-47.951336 
-46.469481 
-80.123896 
-67.262801 
-64.532419 
-77.585073 
-72.193244 
-78.917190 
-63.297997 
-61.808219 
-49.225854 
-54.230184 
-68.566078 
-63.732347 
-51.483120 
-75.186612 
-57.647522 
-62.890786 
-62.890681 
-67.646586 
-85.077760 
-57.789884 
-58.031116 
-70.400393 
-64.197360 
-89.453845 
-78.009337 
-58.102012 
-92.918788 
-80.219620 
-76.212785 
-72.492617 
-69.174404 
-57.344741 
-62.890830 
-62.890870 
-62.890766 
-62.890758 
-28.738118 
-35.135571 
-16.881943 
-20.077532 
-23.103515 
-13.778986 
-5.443308 
-22.557080 
-17.423781 
-41.457537 
-65.920309 
-68.755068 
-60.862931 
-53.205719 
-38.621028 
-53.039534 
-46.853796 
-31.865236 
-45.720436 
-13.203266 
-11.600425 
-21.958710 
-8.349539 
-13.203259 
4.703206 
-6.337290 
11.640419 
-3.731692 
-7.228147 
-13.203285 
7.499848 
5.848509 
-27.811680 
-27.953905 
-62.457226 
-45.965071 
-54.384041 
-64.876518 
-47.333860 
-40.844551 
-46.747405 
-48.199356 
-58.249019 
-56.280891 
-46.205315 
-55.603838 
-54.513220 
-51.647287 
-41.339343 
-17.116966 
-35.104706 
-49.106926 
-58.714079 
-41.352679 
-45.324522 
-32.983780 
-27.900636 
-25.386834 
-5.207506 
-38.946100 
-15.444753 
-3.576812 
-9.042118 
-10.708819 
-20.657074 
-13.398508 
-13.203303 
8.053514 
-2.416468 
-21.427301 
-4.342732 
-53.761535 
-29.690058 
-25.575607 
-13.028926 
11.640506 
11.640292 
36.906203 
28.977362 
40.694555 
20.748794 
24.062271 
23.298989 
30.240090 
30.078296 
7.306542 
15.070399 
11.640423 
24.604209 
-13.472690 
-12.172562 
-7.068861 
-25.500787 
-12.674541 
-12.632021 
-30.235302 
-12.703075 
-26.909029 
-13.203423 
-12.427308 
-52.798021 
-29.128677 
-15.933910 
-28.562377 
-1.339824 
4.036666 
7.199339 
11.640450 
14.388714 
26.752341 
19.453276 
44.158126 
39.858746 
49.769768 
38.823039 
42.935952 
36.484615 
48.785425 
42.545030 
24.062547 
24.062427 
22.812440 
17.937630 
6.371802 
-0.780779 
11.641054 
-13.047356 
-32.249969 
-18.568080 
-19.495299 
2.744494 
-5.382367 
11.641183 
17.075237 
36.484292 
37.532547 
39.411572 
42.900871 
40.444753 
34.003097 
26.429000 
20.791800 
11.641495 
0.709648 
-11.527776 
-7.611681 
8.255173 
-8.557114 
-2.866509 
12.508152 
-15.136832 
9.748956 
-17.848422 
23.577457 
11.640927 
16.295702 
58.241920 
44.409173 
50.406200 
55.036299 
63.316623 
54.722039 
74.186598 
37.187217 
28.409982 
33.878505 
37.698578 
48.906186 
58.121953 
61.982406 
49.961489 
87.191003 
66.012128 
51.553543 
60.161649 
48.198194 
54.134303 
44.455231 
11.640566 
40.746732 
33.452029 
36.484254 
36.201496 
29.976579 
24.062341 
36.484151 
18.453661 
15.012945 
9.575887 
-12.672994 
39.848186 
10.597260 
61.327924 
40.895217 
48.906204 
45.918152 
18.810850 
30.239608 
25.518837 
15.411544 
3.191939 
-5.453724 
-10.566933 
-5.020724 
5.271839 
-2.207821 
16.572074 
15.571801 
-11.457667 
11.640602 
6.938728 
-0.875293 
23.711871 
-2.766928 
-0.778335 
24.212916 
36.484428 
24.062637 
33.021605 
11.640689 
1.309428 
39.199941 
9.400561 
9.074029 
6.417909 
-22.208289 
-13.202904 
-34.269786 
-33.485722 
-34.174558 
-30.525660 
-31.059373 
-30.722947 
-20.040141 
-25.510920 
-18.057773 
-35.922498 
-44.230754 
-28.451323 
-46.347225 
1.992596 
4.795928 
15.422740 
24.062838 
3.867738 
16.765917 
-0.781032 
21.763571 
-0.780958 
-9.268527 
-6.567611 
-38.047307 
-111.176932 
37.222288 
-14.897962 
-9.620674 
-17.187164 
-98.499708 
59.419698 
-62.890687 
-266.478490 
-14.190489 
-143.738090 
-111.825858 
-138.981554 
-53.497094 
12.475066 
-30.928794 
24.973897 
-62.890538 
8.399100 
0.371387 
-38.046903 
-65.893447 
90.297102 
-109.429433 
-99.177690 
-289.169606 
-22.641749 
-51.618673 
-13.540854 
47.179026 
42.274269 
50.733917 
72.745720 
-40.951069 
211.748013 
-25.854982 
51.460982 
11.640943 
82.475037 
-70.993326 
-150.416643 
-163.513950 
57.064471 
192.884726 
-70.630896 
-108.335668 
39.141575 
-13.202844 
-25.987235 
94.558200 
-41.887636 
-39.350785 
4.653873 
42.350308 
-43.487472 
36.484445 
135.499979 
-7.506185 
-47.602015 
-43.785593 
6.056354 
-52.863380 
-14.230951 
84.322904 
27.035885 
204.491232 
-126.800681 
-10.013087 
198.523478 
58.462018 
27.672160 
42.482913 
86.821997 
-16.532169 
63.396966 
376.481121 
134.095251 
-8.538475 
-69.261332 
138.807473 
264.632851 
119.192180 
-44.501176 
154.514056 
24.340088 
131.968628 
347.030472 
-12.112915 
303.384618 
89.028722 
351.998989 
84.365483 
-92.358930 
86.636067 
371.873794 
-66.850955 
86.573471 
49.619427 
270.272632 
-192.289183 
-67.105276 
17.376685 
116.003918 
210.389774 
130.650369 
-237.594215 
197.933800 
-20.622370 
115.045025 
73.749265 
72.377840 
48.716863 
-91.846251 
-14.266713 
87.820811 
98.592971 
48.736913 
-213.240736 
-145.147617 
140.469780 
34.859647 
73.750353 
-170.385322 
235.233981 
-79.822007 
54.838188 
-111.567441 
153.304783 
104.835401 
-80.968476 
-293.176659 
-74.191224 
-38.346921 
160.263225 
-182.070666 
65.523081 
-193.922068 
-50.523070 
-286.484798 
4.865096 
-21.743144 
187.207334 
-103.836768 
51.272176 
-130.925063 
-205.157441 
-212.707971 
-22.695530 
23.497437 
-30.548790 
-89.454502 
44.270456 
-88.577013 
102.231835 
-94.132126 
160.703015 
-40.762612 
-104.083745 
-315.440318 
61.328787 
-62.271236 
-162.966729 
51.021078 
-116.423954 
97.145641 
-2.372019 
-363.611520 
-54.734101 
-180.463664 
-99.762878 
251.261445 
-193.769153 
148.898371 
-75.312208 
-25.623978 
152.245850 
-284.486256 
-76.191331 
-102.402891 
-62.548044 
33.712348 
-40.456597 
-48.189365 
26.504624 
-122.403021 
-111.395292 
-34.599134 
-96.801572 
6.540633 
-17.170794 
24.748228 
-102.260656 
28.656847 
111.015147 
128.672510 
409.140621 
-195.507848 
34.308825 
62.209456 
-14.621269 
-34.020221 
135.859315 
141.460854 
-223.071036 
-87.194527 
40.826745 
-50.194316 
129.872679 
-14.171036 
30.152922 
-212.722207 
-7.922364 
13.390171 
483.672479 
194.895090 
194.656420 
-170.078155 
221.036994 
130.121185 
15.316976 
-12.622094 
201.259929 
84.962717 
93.548212 
33.716400 
86.660875 
46.421980 
-112.321323 
102.326828 
84.802542 
84.291641 
36.555926 
83.922027 
89.510653 
-104.406766 
4.641643 
274.410492 
-153.460073 
-10.566346 
-38.046565 
36.484087 
-103.872241 
-138.579123 
36.889913 
-62.694446 
-93.536579 
159.119063 
-236.461968 
137.829812 
-22.171651 
32.011289 
150.740406 
145.571223 
-148.977157 
-30.182123 
-207.995139 
-38.047271 
173.124413 
-38.047455 
123.436725 
191.628352 
-248.244151 
19.519639 
-52.953936 
80.903439 
-220.910533 
-68.018218 
-15.337679 
137.711073 
-241.181954 
-75.976573 
-3.133482 
-140.418114 
-145.639963 
-144.468229 
-164.925921 
48.930769 
-150.720219 
-26.139547 
36.483929 
-118.606025 
-119.371042 
-3.429318 
-38.047419 
18.067156 
-73.198338 
148.280680 
9.015448 
-92.393559 
86.171560 
60.500052 
-156.051884 
-84.416918 
-327.632584 
-245.303774 
-141.930931 
-123.340222 
12.793370 
25.246389 
-168.765751 
-67.797690 
42.634536 
187.909573 
-54.952212 
1.757489 
203.985562 
-170.375611 
103.531007 
236.519821 
-7.179903 
31.947469 
33.346096 
-114.998778 
-122.885774 
-55.495835 
97.435506 
45.871696 
-15.394419 
-204.709217 
-284.657881 
101.826024 
101.063726 
-13.559995 
85.995147 
-127.630783 
-43.110077 
185.546800 
-49.735533 
95.501523 
-18.927970 
-0.254617 
-74.027168 
54.188567 
-117.445760 
-94.099697 
-38.046998 
148.281222 
22.686498 
-73.046579 
-72.143460 
-177.999400 
-38.047082 
47.166940 
-100.947034 
-106.694336 
-187.000886 
21.848279 
148.280962 
26.159344 
-161.416320 
-19.360245 
-211.264944 
-175.309473 
75.936139 
-81.067209 
-78.479478 
-10.732672 
-124.058547 
173.124636 
-100.157496 
-29.507197 
-85.367782 
-107.145846 
-40.893994 
11.798911 
-121.541544 
49.223159 
197.968448 
127.237309 
-109.173803 
-97.861047 
-124.505202 
-128.567717 
-87.287108 
-172.573132 
-79.234182 
98.593319 
44.626482 
-68.534869 
-13.204335 
86.171461 
-44.536590 
-91.643840 
-111.430647 
11.640292 
173.124720 
44.349790 
-124.999821 
-30.462522 
-4.468184 
34.255297 
17.824301 
11.640291 
15.521389 
98.593504 
45.412490 
-30.775812 
214.909544 
152.221735 
-119.663441 
-110.831320 
53.584148 
148.279334 
-11.523769 
4.817513 
-47.121796 
-67.797756 
-10.215749 
-155.776032 
62.402425 
48.001724 
88.742234 
-150.184832 
184.609334 
98.592764 
-31.150497 
38.463924 
38.671539 
53.547680 
-267.400173 
-18.377605 
65.629665 
-30.890215 
-38.478886 
-152.179369 
-34.501616 
132.850362 
-25.625909 
-208.725063 
55.562522 
-7.860109 
-85.843037 
148.494592 
88.998281 
132.270792 
100.293138 
58.474433 
-52.616505 
-25.626201 
12.146975 
-134.328811 
-13.204344 
-24.270666 
-240.204783 
-13.203757 
11.639881 
-180.521250 
-180.458665 
32.735126 
-128.700583 
38.630863 
-144.723197 
-0.781792 
-66.139920 
-13.203964 
-7.364575 
-139.662181 
67.985770 
57.288100 
-505.350908 
101.063046 
-181.941789 
-19.631650 
-76.707097 
-210.955725 
-68.020417 
56.038750 
-253.965762 
-61.370988 
-0.781227 
101.103582 
-43.334662 
-379.399950 
-148.691088 
-22.210262 
56.206521 
11.640230 
36.484693 
-74.498809 
73.750095 
-145.163758 
-78.602250 
-11.959727 
-51.340502 
-52.534976 
-12.085575 
-62.890502 
19.172819 
-147.615189 
-178.804925 
-190.868662 
-59.008833 
-26.544397 
21.677740 
-85.624339 
-11.339996 
-170.691441 
-40.977243 
-118.412589 
-143.589722 
-43.324220 
-76.910366 
93.867478 
-38.046780 
-99.214320 
-33.757157 
-50.468510 
-8.510956 
-124.999794 
-184.374059 
24.873299 
86.169581 
-8.908604 
-11.943597 
325.151872 
211.950469 
-149.368664 
-32.251911 
273.985384 
148.279099 
-276.627716 
364.347730 
-5.894031 
124.244065 
30.749502 
235.987003 
258.936933 
-42.331286 
112.016913 
98.592790 
46.220388 
-163.493688 
396.718644 
77.518851 
141.559409 
177.335538 
144.636410 
-340.369366 
1.985936 
150.544543 
-2.887706 
164.168529 
-52.412508 
248.895054 
290.102072 
-12.784100 
271.240212 
193.179028 
117.008432 
86.173202 
205.618037 
-13.568928 
-331.809481 
-176.775508 
130.033732 
512.884619 
58.218294 
-198.936101 
-26.972132 
210.392639 
46.029490 
337.857169 
97.235437 
168.282789 
111.793751 
157.614194 
-10.762562 
595.469718 
-19.209433 
91.681573 
55.878040 
-1.960110 
91.952151 
-119.560437 
247.935557 
219.624180 
25.908658 
223.403061 
-98.910175 
70.993753 
27.754180 
206.316481 
86.629884 
-0.726033 
47.615530 
200.103748 
304.363914 
661.458923 
36.075607 
142.339473 
67.806832 
84.383317 
282.671626 
5.716117 
-34.610115 
117.220596 
133.313676 
-69.982040 
347.030928 
18.595449 
270.881335 
193.484868 
219.499697 
241.962994 
-47.245686 
83.121946 
309.766348 
-173.297845 
167.950662 
135.633230 
106.580400 
-156.409684 
20.404088 
188.082884 
-150.777763 
210.389886 
132.607853 
-273.356781 
293.061470 
13.077624 
244.181535 
173.125829 
145.698597 
-129.688784 
-36.528872 
-238.758477 
45.247875 
86.173939 
146.045095 
-402.082365 
-203.457921 
158.283150 
20.437401 
48.907970 
-314.235705 
334.609475 
-397.436473 
-12.855849 
72.355476 
55.950238 
-307.344163 
-35.303316 
-195.136960 
-131.308866 
149.578494 
-104.874081 
-184.032667 
-205.586149 
-182.864963 
-102.616992 
-166.685296 
81.386191 
-120.343574 
81.275665 
-384.641524 
24.189419 
-466.726127 
-475.145855 
-300.420886 
-54.613625 
-37.480529 
-202.569581 
-0.692888 
214.921747 
-148.879669 
30.476443 
-26.505648 
11.639420 
-142.452744 
-77.844533 
-271.984506 
86.171406 
-165.014804 
-168.788983 
122.292689 
-0.458381 
-23.917766 
17.482581 
-388.313390 
46.163542 
-113.520659 
-163.703738 
295.234878 
-10.450219 
-191.285489 
-13.203946 
36.484700 
287.360663 
-281.835322 
-62.780204 
-349.247653 
-155.820816 
416.808667 
4.588711 
-102.881881 
-96.334933 
-37.609943 
-402.538677 
199.331980 
48.364045 
-52.437169 
65.579331 
27.107742 
-38.950407 
57.238617 
185.544446 
128.915753 
297.342471 
-323.191472 
-199.253221 
-11.266092 
76.440613 
-133.778315 
61.327959 
-30.984919 
-548.244543 
5.234596 
-394.512232 
-17.132123 
80.330766 
-125.366521 
-155.586415 
-147.967047 
-77.534231 
-5.548396 
272.500472 
-88.078048 
-26.452195 
-153.750612 
26.714335 
84.992925 
91.190266 
-200.766157 
0.786641 
-185.883191 
-47.564601 
-54.868444 
-207.953435 
-119.774718 
-249.489896 
35.134742 
22.876867 
-39.839185 
-147.495867 
-150.218905 
103.280458 
-12.137446 
-152.106962 
11.578712 
-144.063513 
15.988709 
36.484763 
446.406014 
-301.172711 
-54.366473 
-190.093765 
-23.631913 
-149.877016 
36.547891 
-514.879514 
78.083449 
60.884200 
23.796664 
-99.777838 
147.197333 
-189.281767 
-74.372346 
-3.886779 
222.812142 
-13.203263 
123.437476 
61.327146 
158.947693 
-234.317800 
324.158445 
-146.565779 
215.259731 
-305.907290 
-249.751876 
-77.338108 
103.523541 
-162.868568 
-139.990168 
32.947008 
-119.329186 
-298.461157 
-94.467219 
-176.024030 
142.428029 
-138.606303 
42.808308 
123.436641 
-45.322859 
-88.926572 
2.946349 
197.967476 
-75.480145 
-268.752127 
-13.203658 
66.677615 
-36.559672 
297.342775 
-32.251901 
-94.865590 
-256.469178 
-302.788289 
-80.828608 
-62.047594 
-4.974927 
-260.383160 
110.031567 
-157.992391 
146.469245 
95.890921 
222.658650 
-198.630337 
18.755487 
144.602596 
-92.965870 
113.696935 
167.782611 
64.395157 
120.352599 
-126.572207 
-165.201137 
-184.436688 
62.835377 
171.978167 
-10.849106 
-225.670111 
-119.144961 
22.374337 
285.636647 
28.723216 
-21.487237 
25.101092 
-113.288793 
217.705750 
396.718227 
-393.760141 
154.186279 
-29.159333 
31.213793 
-167.608546 
164.205499 
-273.538276 
-187.730183 
222.811730 
173.123867 
152.677345 
-132.921891 
73.810626 
-323.749705 
297.342572 
-153.888035 
-55.367142 
-77.747232 
-437.313396 
-130.825647 
48.903762 
105.144052 
63.174553 
-173.772879 
-92.213585 
70.729551 
180.396381 
-18.803918 
51.966705 
66.590120 
-163.778323 
11.638440 
-218.166891 
-186.334872 
-28.980695 
-220.092539 
-97.347610 
95.710556 
-193.921275 
188.784185 
-38.048676 
-7.566279 
-196.637598 
123.252247 
92.521593 
-126.543316 
-437.544700 
106.224424 
123.250192 
-38.047785 
-20.049762 
-101.622477 
222.811171 
148.279017 
61.593139 
97.696009 
-338.731993 
371.873999 
148.280085 
138.003094 
-98.499906 
-141.569701 
194.588967 
224.695550 
7.561359 
148.280025 
-247.666675 
86.171875 
40.417388 
132.722068 
250.505719 
143.542156 
-124.162768 
50.253312 
204.261954 
185.544454 
160.329013 
-131.918712 
79.326620 
-221.767995 
91.400084 
-73.904663 
-144.046727 
-39.070348 
305.398751 
-125.892117 
262.291337 
123.437883 
-84.504228 
218.579506 
-14.170829 
164.877130 
-304.724077 
4.215088 
-61.687993 
-76.163158 
-25.748109 
-75.545980 
-79.762875 
-46.391176 
-50.469413 
-188.966363 
34.813534 
-185.839896 
-328.165285 
244.673641 
-84.955822 
-19.028288 
-24.582190 
8.818747 
-64.070295 
-100.157199 
-46.322921 
-309.088576 
-87.734622 
-248.450736 
-247.709941 
-38.047891 
-50.468457 
-140.837741 
-136.988335 
-168.226487 
-95.044630 
-1.520722 
-238.662305 
-50.468902 
-59.964907 
-38.046987 
-81.408136 
-86.053016 
-105.325355 
-10.436731 
-181.209163 
-46.684345 
-228.540525 
-72.920378 
-43.714587 
-51.524466 
-98.722190 
-127.653612 
-165.097550 
-68.120082 
-25.624356 
-13.319296 
58.712236 
-378.108745 
-173.430126 
16.811085 
73.127220 
-38.045654 
-25.624379 
-194.314386 
-62.890376 
135.914067 
-109.467531 
-147.812299 
-232.208608 
-24.271967 
150.734684 
-25.624486 
24.963056 
-211.976435 
-100.947700 
-290.256869 
-118.788412 
-198.619353 
-134.594502 
-43.190654 
-191.430069 
-98.259267 
60.089788 
-150.618987 
-266.598035 
-22.178275 
-94.204792 
-57.569687 
-50.468940 
-141.500131 
-40.990077 
-124.999372 
-84.810374 
-124.999256 
-318.348091 
-189.003280 
297.341471 
6.487984 
-277.987250 
291.957814 
-26.279973 
-299.863909 
166.498588 
-68.002191 
235.231916 
-217.042146 
175.022951 
-26.302989 
339.092877 
36.377489 
518.369780 
172.407320 
-163.049908 
-121.790381 
73.748418 
108.785566 
106.241422 
135.858530 
116.692764 
272.641627 
-271.768925 
-65.252531 
-123.114536 
70.657237 
177.054945 
44.527295 
274.608621 
50.410045 
115.297325 
-22.548002 
151.987536 
-7.791447 
160.227101 
-194.735835 
111.014653 
93.536687 
16.878829 
47.018294 
125.880543 
-111.394606 
577.549614 
250.917828 
340.903813 
-171.899923 
222.813286 
-57.600368 
344.422087 
-121.123219 
204.566942 
-111.025755 
228.866983 
-92.807038 
272.499661 
22.965065 
-60.860927 
-67.124086 
130.242323 
127.720471 
45.557618 
-76.467115 
147.156528 
-3.735605 
213.168901 
-89.444283 
-186.425016 
240.712380 
-25.775409 
70.884800 
164.837075 
38.721611 
-54.243808 
200.992502 
765.854576 
69.227833 
-16.164777 
125.070577 
179.049682 
166.112969 
-109.408440 
-187.033061 
-7.463569 
-47.574449 
-40.914149 
347.031812 
-0.728849 
323.631865 
132.078197 
153.250793 
45.690034 
-17.303304 
-183.073804 
396.719612 
-16.213860 
129.303496 
124.608579 
-8.221292 
103.552391 
-38.674384 
1.745488 
-170.266565 
384.297448 
341.480355 
-344.363170 
-111.338826 
168.197868 
-164.012728 
148.282733 
288.187933 
-2.371325 
224.566681 
-351.261765 
-106.641591 
235.235805 
92.572246 
-115.730877 
-24.708292 
334.033575 
1.651080 
-13.201504 
74.236407 
620.313417 
40.915204 
51.596003 
-41.792385 
232.049174 
-254.542859 
-4.466976 
-84.337392 
150.058408 
104.655977 
-182.681123 
-104.866668 
96.809149 
-524.766132 
-46.673181 
33.019494 
-20.495162 
133.530837 
-134.639194 
-195.175699 
282.500383 
-292.770378 
-229.026565 
-133.774446 
-189.111929 
148.801589 
91.683627 
200.992832 
224.941126 
-145.424959 
-49.027761 
-39.670793 
471.249557 
4.147828 
-150.583314 
-290.641302 
347.029876 
-58.887143 
-82.127436 
176.231165 
-81.135667 
48.218489 
51.326988 
-209.671706 
88.874053 
-62.456009 
-303.582325 
119.718873 
-78.749264 
-443.692545 
11.639922 
204.178878 
96.734530 
236.069066 
-105.776754 
-247.616662 
183.103740 
100.193190 
-381.213377 
55.011406 
-173.033495 
-123.734237 
-217.591389 
25.697511 
-12.975265 
-13.718472 
439.273500 
-40.277856 
-115.275696 
-133.781364 
185.547164 
10.780227 
347.031197 
-360.495544 
-155.682337 
-237.291085 
-99.585236 
-86.850096 
160.703195 
-107.506918 
-929.203009 
-381.730886 
231.388443 
-80.970446 
243.671122 
-208.729844 
198.923049 
118.648422 
-66.565883 
-223.109069 
347.031755 
-12.848997 
-491.030551 
-313.798146 
43.140388 
-229.993092 
-205.533366 
11.435501 
314.900460 
-8.992492 
-178.639587 
-38.768175 
-38.369528 
-1.030540 
-191.301192 
-49.893906 
169.146935 
81.933716 
36.162413 
-59.182690 
-72.087439 
274.583029 
-275.375917 
17.993088 
-188.293918 
-117.498498 
61.327023 
396.717329 
-326.678022 
-141.339363 
-34.661592 
54.027994 
101.411449 
231.959711 
-332.937514 
118.865858 
-133.514152 
86.212270 
-123.345019 
212.648593 
-96.656068 
147.368252 
104.356552 
347.028940 
-50.469605 
222.811477 
135.858001 
-43.064625 
-123.249865 
229.018319 
-103.808399 
146.128047 
-177.928838 
-449.613228 
175.762788 
374.729028 
-76.763909 
-47.383876 
-15.531248 
98.853341 
-65.215694 
35.897707 
-254.757711 
-25.949779 
-181.747721 
-22.444310 
98.594153 
-78.272106 
-208.902997 
49.948327 
247.656509 
-69.432145 
-117.897189 
-38.046406 
114.048757 
12.745652 
347.032056 
-85.249419 
-123.176498 
-179.789407 
-242.228509 
113.880578 
-33.616031 
0.719905 
-22.126569 
166.640259 
-131.507351 
-182.390433 
-90.736722 
18.980358 
-286.648243 
-20.874982 
89.727913 
-153.053611 
-66.879612 
-251.502053 
21.326851 
-86.907801 
-6.423226 
-58.801558 
-29.855401 
167.625248 
-124.185323 
139.102222 
-4.140408 
-256.681856 
-426.626636 
118.524469 
-187.761960 
-163.157621 
176.203128 
-75.517501 
127.645575 
620.312612 
11.366880 
137.835947 
145.287331 
39.397785 
-15.487532 
147.826965 
-126.337234 
-159.486140 
148.281775 
111.016188 
-41.212106 
-24.035848 
-222.272357 
-244.247403 
272.501212 
-200.067684 
-82.368205 
54.304237 
36.203981 
-150.845509 
197.969633 
-58.717552 
21.139494 
58.249930 
-197.884084 
216.554807 
-85.127323 
-50.885656 
82.350989 
224.216612 
-72.015852 
36.485487 
-120.338723 
-135.091596 
-21.207719 
-130.662770 
-232.856820 
171.714356 
-142.948910 
141.597284 
36.486221 
36.833459 
-387.493879 
-35.045179 
6.921847 
-46.368680 
-192.396529 
-143.461095 
78.800675 
36.485843 
-35.933869 
-83.803303 
111.015684 
148.282269 
-36.968353 
5.485848 
-219.466700 
197.968931 
73.752229 
30.913021 
-45.502079 
-278.251540 
-80.585908 
46.952098 
-31.509662 
98.592704 
185.544897 
-13.200290 
33.997988 
64.914275 
2.859490 
115.943189 
-167.582034 
-213.387763 
83.685925 
98.591220 
-96.713975 
89.484654 
35.695417 
-335.063096 
-232.342398 
-35.351166 
-132.096726 
-58.465085 
-7.137144 
70.235279 
218.859970 
48.905712 
-238.566660 
248.619549 
10.223590 
72.266937 
-211.742480 
32.949118 
-356.009372 
-261.396368 
-67.920348 
29.549023 
201.161622 
86.177775 
173.124863 
-127.513884 
62.905680 
-36.402142 
-426.035566 
61.701414 
-189.546689 
-194.932311 
1.136841 
57.641150 
-181.284944 
173.124780 
-233.576057 
-104.831783 
173.124395 
-288.364927 
-436.888436 
98.594599 
98.594252 
-146.806270 
-120.692281 
-129.894781 
71.506819 
-40.634093 
-199.827590 
-0.780775 
-2.136961 
-50.468657 
-166.089716 
221.973152 
-57.598484 
-154.301476 
-104.365039 
-86.270322 
-60.661775 
-85.842494 
143.060203 
-52.461186 
81.216969 
-212.818341 
-71.861448 
121.846998 
-50.468805 
-144.130092 
168.281412 
-186.399476 
-96.659499 
188.446304 
80.770408 
-62.891406 
-50.469191 
29.999439 
-87.734828 
44.867959 
-278.218533 
-169.265868 
-63.297174 
-183.098444 
186.204226 
-62.890783 
47.838413 
110.397197 
-88.335612 
-213.863758 
-83.852768 
-209.069910 
-58.004131 
-132.651473 
-128.051827 
91.535204 
84.309352 
-157.853211 
-123.124804 
40.612007 
-63.880803 
-23.149284 
-75.312040 
-34.721668 
-90.066449 
-124.999451 
-61.235900 
-125.000531 
-252.595189 
-216.907935 
160.703166 
10.672236 
-130.441493 
216.192534 
-50.644740 
-283.408232 
-310.500275 
145.874554 
173.124669 
-159.629577 
112.662197 
4.036672 
17.600195 
83.213673 
153.439498 
20.795761 
-224.147490 
146.447361 
48.906677 
-11.245630 
184.645538 
272.499611 
61.005950 
140.736890 
-180.792224 
-135.306939 
279.906768 
175.025627 
10.201906 
-195.681362 
86.146016 
119.007409 
15.048031 
243.119964 
-115.207980 
92.302260 
-28.092790 
-115.165274 
371.874452 
243.740772 
-157.800550 
-6.949233 
-0.154213 
27.303918 
528.796431 
71.791741 
-160.147319 
52.997006 
36.484176 
158.613347 
-45.710472 
-175.376129 
-21.017117 
-107.144044 
-112.860138 
175.382246 
185.546912 
155.820926 
-151.283921 
48.595631 
-228.964830 
15.953486 
-85.851541 
105.894598 
174.107674 
-99.162037 
16.236126 
-92.042046 
76.884499 
287.966263 
-58.102244 
4.299981 
7.212290 
-0.159688 
-176.760646 
174.317320 
126.593809 
-100.219756 
-5.944596 
44.577849 
52.711850 
55.780271 
-94.037365 
-82.622058 
-192.660966 
184.551409 
-8.464338 
36.484687 
234.894499 
-57.256764 
-123.991348 
246.000750 
27.730945 
-106.122882 
-13.050750 
297.344447 
-131.044130 
74.792955 
12.581484 
-23.798448 
-325.827035 
-90.029969 
9.108153 
-112.950019 
545.782585 
56.312761 
-332.486518 
-69.409704 
-93.353785 
-40.019931 
36.486018 
-99.962561 
-84.559661 
84.773125 
-135.259966 
15.874017 
222.812267 
-32.722206 
-287.772226 
-74.825954 
-62.748844 
-21.312826 
185.547980 
92.575261 
-13.202470 
-86.948780 
14.641836 
-217.459851 
163.553136 
-166.478384 
-15.730689 
-77.763845 
-103.760905 
35.610196 
-71.564222 
-65.209874 
-152.067384 
-195.923285 
-39.682200 
-81.329205 
15.359817 
-230.585288 
11.670103 
-357.675538 
54.667427 
-161.274246 
-327.685146 
92.799461 
-199.197414 
272.183327 
85.994322 
-93.418222 
-86.882912 
-169.535325 
49.709411 
-54.088631 
-13.203581 
29.156113 
-139.230566 
-94.192084 
173.124540 
-122.962269 
-361.844594 
79.464626 
225.912630 
-5.918084 
239.033857 
-190.009667 
-98.536862 
75.847693 
-109.388575 
-14.597199 
-23.131384 
-246.270383 
111.015938 
210.389494 
219.949176 
-108.796775 
14.598762 
-187.979869 
-53.112445 
-93.553464 
21.821968 
46.259389 
87.136319 
151.270836 
-7.470921 
202.652168 
-40.316389 
-16.735872 
-64.563380 
15.190711 
308.042279 
-49.427371 
347.030634 
99.512859 
185.546806 
-173.679023 
-82.540362 
-99.966536 
-56.545289 
-9.193759 
185.546513 
56.584816 
-218.073591 
-66.411016 
100.438904 
7.418353 
133.001635 
-110.332461 
156.901634 
28.633206 
-254.475103 
87.234710 
148.280448 
113.816347 
366.905374 
-254.314518 
-137.718467 
-17.792522 
20.427229 
102.658496 
-77.773423 
25.814717 
-220.686081 
54.105252 
71.856198 
-8.234834 
-34.277700 
28.296845 
52.575925 
-3.229593 
-72.359957 
-175.994603 
14.416309 
-210.941806 
70.560320 
-1.388695 
-112.891536 
-110.896932 
347.031624 
123.437942 
-254.442781 
-149.223674 
-70.985785 
-50.579563 
236.814318 
-30.318697 
-234.989612 
-64.152176 
148.958062 
-69.404283 
-79.167427 
85.221652 
-4.366679 
-36.006224 
-247.980879 
-62.889615 
-38.046746 
36.484782 
247.656437 
-99.962755 
-318.513351 
229.125765 
-176.032443 
86.937653 
11.043652 
-100.679187 
-76.984227 
144.667583 
-98.883400 
-102.703629 
24.171212 
35.736437 
-143.408030 
-59.948853 
-250.773957 
-10.921630 
36.814085 
-68.284066 
-50.468497 
-94.342214 
-227.332648 
-73.082690 
-62.890552 
-66.788310 
-716.895039 
61.328235 
341.843557 
47.263290 
111.015501 
60.500001 
-220.053949 
2.999413 
-393.624130 
-49.804790 
-74.527170 
76.977976 
89.570385 
-2.995826 
-250.237401 
326.443104 
-151.673768 
118.150468 
-19.044948 
-139.784559 
79.149161 
88.525157 
-104.192692 
124.809936 
102.290417 
-69.763465 
-75.531057 
-53.019855 
-53.658024 
-10.257131 
354.207260 
-214.700571 
-146.733574 
84.094497 
-165.569588 
71.841438 
-55.514448 
-51.070515 
31.120840 
-24.700651 
161.986615 
148.281772 
-87.571395 
-61.619943 
11.167657 
10.673044 
37.857412 
192.744850 
-8.597574 
-6.922559 
86.172715 
73.750831 
-75.956824 
-13.302606 
-53.438232 
20.751145 
24.063490 
117.517020 
-151.638608 
8.874818 
-17.464428 
-94.682368 
-13.201982 
-2.165851 
-310.230045 
-80.129986 
89.418402 
23.455477 
-22.628653 
22.548997 
-255.108112 
78.804471 
-75.733190 
123.438173 
145.950742 
-280.272463 
95.357204 
91.719002 
-151.531865 
16.500376 
-232.879773 
38.260098 
24.062575 
-128.105921 
-94.631764 
-53.344999 
-106.080197 
-39.315938 
-398.765055 
-92.547617 
-126.685665 
-13.202871 
-26.719452 
37.447991 
-0.780176 
-38.047257 
-53.235965 
131.424463 
-163.803357 
48.904657 
-13.204258 
-38.365402 
-297.250290 
104.076403 
6.716279 
-97.204504 
25.443387 
-13.203132 
-89.287615 
36.483419 
150.398316 
-92.073703 
72.381567 
-17.966985 
-37.848627 
-196.969803 
178.536149 
-149.843386 
109.173874 
-141.370557 
52.395489 
-58.352888 
-36.495187 
169.067360 
-108.797074 
-105.324059 
520.548715 
-98.242685 
183.083159 
-13.202961 
-66.189508 
-215.324005 
17.006826 
92.519740 
-205.092207 
7.733287 
34.805734 
-166.749012 
34.923569 
-345.517239 
-25.357620 
-55.694748 
-13.202526 
-75.899354 
-60.999005 
-12.785802 
61.474687 
5.978036 
-173.635202 
-256.096739 
-154.377379 
-30.355989 
-52.983526 
-25.624828 
-84.863657 
-262.913669 
-75.312630 
-234.209039 
243.574748 
-87.734071 
-38.046676 
-56.129274 
-374.069499 
-144.631208 
20.002393 
-129.045445 
-163.719285 
-50.468657 
-53.700947 
-50.468813 
-175.553166 
53.138714 
-140.070868 
-80.773926 
-299.889470 
-206.075320 
-48.776864 
106.634287 
-25.181171 
-136.546627 
-19.511753 
-188.462204 
-48.882187 
-42.870776 
-62.890476 
-57.600587 
30.649747 
-103.531854 
-270.664148 
-83.305052 
-105.176968 
148.281540 
111.015721 
-537.161019 
148.281703 
-257.424660 
-129.337344 
-234.727275 
-174.237678 
-114.863695 
6.520815 
98.594359 
34.560180 
-138.571133 
-51.426235 
-14.423776 
-86.181775 
-169.299260 
-51.000765 
-106.617181 
-78.803685 
57.284208 
-152.038044 
-100.059391 
-193.165266 
219.375029 
-262.409600 
182.043508 
-124.999532 
-184.409167 
-32.650790 
-125.000241 
15.718293 
-124.999817 
-216.669331 
-103.098421 
446.408847 
-10.705234 
-28.639474 
285.932647 
-8.872950 
-246.478033 
-32.250191 
47.222545 
446.406631 
-224.352735 
136.958399 
-138.367251 
-33.352220 
-10.482235 
550.418978 
84.619635 
-157.470760 
39.323325 
61.330119 
24.013405 
260.776035 
135.862582 
75.932928 
30.755910 
-150.238726 
-53.374791 
417.022676 
244.679983 
132.648958 
-224.736809 
7.208966 
-90.034665 
38.401426 
71.270109 
-137.211122 
-23.500985 
-106.115946 
-219.728320 
297.344884 
249.641681 
-71.368321 
-67.365585 
-78.518112 
122.469812 
331.561163 
86.835497 
-103.565907 
-169.461675 
36.484615 
-84.467775 
69.702030 
34.660443 
-46.738534 
-176.242615 
-175.819725 
86.509735 
210.388987 
78.979737 
-206.741851 
51.394436 
-300.332993 
152.049710 
-109.962321 
16.562015 
146.023823 
-15.959595 
12.664736 
-91.939256 
364.151938 
220.322075 
34.421453 
81.368711 
-127.134347 
-11.992920 
18.687308 
377.269194 
60.335581 
64.746378 
3.696294 
95.783353 
110.484313 
172.446443 
-9.681791 
-302.355304 
-18.327240 
53.584902 
159.312792 
409.134804 
-69.537398 
49.176664 
-5.597713 
299.000482 
260.364569 
16.791433 
87.178027 
185.545072 
43.911853 
-51.553592 
86.557461 
-140.982828 
-76.086870 
32.657263 
180.020713 
168.265317 
496.090652 
144.459844 
-119.495751 
105.365049 
19.996092 
-53.279982 
496.092919 
22.124042 
156.286764 
84.358420 
-103.632163 
68.908180 
86.174853 
130.852769 
-111.946674 
-80.287420 
-54.834343 
32.765355 
446.412158 
-268.158308 
86.180822 
26.919194 
79.026980 
-50.430609 
227.201966 
70.210655 
-10.205594 
-33.144380 
19.198289 
68.629486 
-16.886806 
-324.257099 
-19.598149 
-232.025245 
-9.074964 
43.726520 
36.608803 
-399.836922 
-25.842259 
-133.110833 
-19.494796 
-119.488648 
-187.333645 
65.096038 
-122.271941 
204.769917 
-137.108603 
-19.251706 
65.357356 
-152.899188 
90.217066 
26.765863 
247.651062 
124.585723 
-10.928578 
-165.616851 
36.483122 
-36.463616 
-230.133926 
104.031848 
135.689851 
18.931378 
65.904689 
71.858491 
-182.180658 
-62.239665 
-110.690885 
-193.872962 
102.260250 
-376.551024 
210.392118 
253.868040 
-59.356812 
-64.439952 
-129.866185 
-167.471895 
-152.910119 
-48.123894 
-207.426701 
-78.227549 
19.813224 
89.648741 
-6.964042 
-126.344301 
-138.017658 
0.546261 
-166.775588 
127.877435 
180.910059 
9.595661 
197.966693 
53.759484 
148.280403 
-250.410920 
-248.426944 
-240.732722 
36.774017 
12.276151 
185.545070 
162.620584 
-400.932275 
-115.656891 
-67.257316 
-38.946974 
-46.517370 
-148.141543 
-151.965725 
90.707124 
-77.730429 
-34.178071 
111.015222 
205.492518 
132.542458 
-289.051091 
-99.449296 
59.901678 
102.592229 
101.380573 
-40.716984 
-166.091308 
-272.772751 
100.017315 
70.789465 
72.353554 
49.928865 
-70.054013 
27.699328 
-122.050455 
25.097490 
-106.098713 
-51.052779 
-193.436100 
-149.568938 
85.772612 
-156.448458 
-13.369777 
135.857518 
235.233943 
-172.537525 
-234.459004 
167.764142 
-217.926221 
-100.587347 
-192.913253 
-288.967474 
131.972905 
61.212142 
122.965674 
-144.531438 
196.790219 
315.239349 
128.117760 
-215.699995 
-13.201185 
123.442093 
396.720486 
111.017899 
114.874345 
-57.660239 
324.164374 
144.241192 
64.446660 
-132.420046 
57.766440 
79.137974 
256.341651 
-147.057198 
-226.312350 
115.085718 
-69.424511 
-200.291219 
-10.623557 
-129.370663 
162.491822 
-50.293544 
-247.765318 
61.329840 
52.883329 
-0.126008 
-139.688907 
235.236639 
6.362415 
-229.911749 
446.406109 
209.363507 
-19.943474 
222.813749 
-85.249763 
-180.488342 
-95.342520 
62.877181 
-179.759096 
-47.615528 
-42.524489 
-86.480131 
-26.615892 
-326.629183 
-206.396762 
-43.789422 
-129.644708 
-91.386520 
-40.813557 
182.773940 
167.322245 
234.529975 
-89.024695 
-83.231272 
101.195226 
-5.191695 
-115.215527 
-200.945182 
72.019119 
154.394556 
112.648999 
0.394002 
-187.882999 
-168.155590 
86.256996 
-124.747233 
-130.497929 
97.763539 
-36.380628 
96.947239 
-38.045467 
-138.522747 
-0.767741 
22.017302 
57.711433 
60.038611 
121.008395 
-113.924017 
-84.188354 
86.171821 
-50.469948 
-152.690948 
41.367912 
76.262994 
-257.496909 
-38.050199 
107.822576 
22.187203 
132.001785 
-105.840587 
-33.255307 
48.904426 
-118.244591 
-75.918819 
-86.122051 
174.574280 
-60.420352 
66.971443 
135.617706 
-55.540066 
145.837624 
74.313968 
-38.047474 
-496.097150 
-309.778855 
24.426962 
30.631110 
-163.741940 
55.528581 
-277.380581 
-47.695025 
-25.626684 
-155.726766 
-6.105078 
3.668599 
-180.884345 
-39.586058 
-361.888444 
-43.058940 
3.326090 
98.591377 
65.487132 
-43.124047 
-50.468504 
-38.045944 
25.634946 
-206.007130 
-83.305455 
-13.201176 
-0.778729 
-83.178165 
100.253141 
-10.242603 
-41.643598 
-14.178954 
-66.508634 
148.281627 
-113.350451 
98.592588 
77.890655 
-170.222746 
-11.923787 
-87.502728 
-96.360587 
-28.861481 
44.417763 
297.342729 
-6.784400 
31.389617 
-19.752895 
-211.503116 
-99.710086 
-22.378081 
-198.719696 
-17.773659 
530.163774 
-190.143164 
177.909566 
48.907378 
-164.163199 
52.357438 
-162.481048 
38.515583 
-173.508223 
-6.930890 
-222.858056 
-125.905691 
36.661117 
-65.614110 
30.058011 
-43.658652 
24.062246 
-66.155490 
-86.574669 
-32.176463 
49.053809 
-109.101555 
-106.752420 
-179.130857 
-169.829776 
117.593132 
-40.844424 
-0.780652 
-43.664092 
-244.794763 
-13.204333 
-43.146955 
-137.182578 
-25.626162 
-38.046037 
-316.114967 
-274.491350 
-51.525069 
60.354153 
-22.897484 
-231.902496 
-50.468264 
-3.011239 
-50.466635 
-102.651292 
-84.636081 
-165.743976 
-174.296091 
-113.435569 
-51.516469 
-119.008960 
100.009954 
32.643389 
-173.490459 
-133.579135 
-151.768039 
-73.930521 
-37.337364 
-75.312394 
-118.227691 
-186.006561 
-34.509800 
-74.057412 
-36.803761 
-35.764696 
-87.734078 
-25.622237 
-369.815741 
-50.466487 
163.386300 
-138.781005 
-148.773039 
-149.365305 
-142.274895 
101.417801 
-124.999435 
-30.859515 
14.027749 
-157.747659 
-229.363492 
-50.466328 
-134.928831 
147.880707 
-121.303993 
-219.729644 
-179.432285 
129.544937 
40.586745 
-124.398321 
-55.742393 
-159.587111 
53.027575 
-125.001089 
26.390646 
157.274844 
-125.002210 
-67.112211 
-125.001524 
-232.252595 
90.555256 
359.452541 
-250.489462 
-257.596591 
342.907513 
-23.117803 
-216.760463 
20.752918 
-23.532493 
111.017099 
-260.057039 
28.218212 
168.745586 
-34.269088 
142.209433 
339.405604 
255.512014 
-84.548751 
284.412655 
123.434886 
67.305254 
122.733894 
322.185937 
375.682054 
76.666580 
-436.618078 
22.179827 
339.169211 
188.777817 
148.186928 
213.974860 
34.570743 
67.338628 
150.752086 
21.231850 
-81.557203 
114.663793 
37.846784 
130.324279 
260.078477 
170.342157 
291.142497 
40.136962 
5.081540 
206.928854 
462.296470 
146.588868 
-4.383471 
-40.862883 
334.611474 
-123.750289 
295.768931 
-237.107394 
135.376523 
-82.298798 
433.397028 
-135.263715 
222.815486 
181.941939 
-119.019334 
181.593917 
-21.856068 
8.500890 
56.424640 
-86.708596 
98.809033 
-133.585293 
-143.228910 
-75.726620 
250.927177 
140.578633 
-58.148301 
-55.554005 
-30.698539 
45.000152 
94.731798 
388.921738 
420.163526 
-205.910886 
-7.193056 
23.154677 
45.896589 
-35.000811 
-12.408909 
-202.772929 
-154.915075 
-13.180835 
104.706457 
260.084506 
55.452707 
-34.152133 
4.639462 
219.500420 
172.523616 
-149.085100 
-23.388108 
160.704948 
-136.165221 
-226.453825 
125.501628 
-122.990559 
-26.161390 
260.848759 
-70.564834 
15.077974 
272.500951 
83.439941 
-220.888091 
211.317816 
-4.839476 
-65.562695 
421.562537 
121.313551 
-148.814687 
112.799507 
-36.597830 
128.112607 
86.182090 
217.335090 
-186.567094 
-191.683841 
54.740125 
-66.972003 
371.874603 
-103.488965 
86.174426 
54.322924 
232.242635 
115.265234 
95.321695 
-28.035312 
196.956361 
-8.260213 
60.070001 
-26.307674 
-45.070079 
-166.467207 
-29.465452 
-28.056606 
-300.233231 
151.349752 
93.622872 
-85.404030 
-3.155710 
-183.035456 
189.444418 
-189.055920 
-213.271164 
-115.270993 
139.018928 
181.722384 
-88.342333 
189.073034 
-13.706533 
92.213164 
200.964463 
264.334398 
260.080761 
88.826573 
104.203563 
-73.992948 
160.704083 
-146.416312 
-196.686227 
294.830755 
-265.536440 
67.712896 
141.177396 
193.618607 
-132.872195 
-9.559324 
-73.134238 
-56.939141 
177.164342 
-212.333936 
173.125726 
148.282995 
-12.566514 
135.443505 
-132.179012 
205.846501 
-3.859957 
68.856677 
-95.363777 
-43.943796 
-151.938917 
-146.556411 
72.650544 
-70.542855 
136.144565 
5.189566 
91.854921 
220.734922 
54.524698 
295.565558 
98.589855 
119.729356 
48.904495 
-328.710279 
-258.749514 
-32.038599 
-129.296123 
263.785100 
148.277985 
-7.396071 
-459.492454 
232.457953 
-42.724206 
155.920310 
89.172545 
-213.032444 
-257.497392 
84.887459 
-89.525633 
-41.150907 
185.544119 
188.426549 
-274.898836 
-50.750999 
28.344523 
-146.082030 
187.122308 
-75.258777 
-68.650645 
-196.843279 
-76.529100 
-32.795749 
-64.550043 
50.003934 
-113.174320 
-97.169781 
-148.305918 
-9.141791 
75.641414 
-178.827249 
94.449534 
-234.341744 
-245.524652 
48.347083 
117.839671 
-79.154586 
260.078758 
421.562281 
-238.117632 
-164.009580 
-71.031251 
-225.458529 
21.568630 
-58.477656 
-446.968918 
-77.036653 
-23.515619 
-34.074524 
-116.831297 
72.839078 
251.788131 
109.190518 
-101.775876 
123.438433 
111.014491 
61.329561 
86.171514 
134.567343 
-36.963146 
229.542902 
28.169546 
57.320996 
-347.180363 
-204.772294 
153.627254 
107.231795 
-241.900828 
-24.145606 
-129.127976 
-128.504515 
-83.089264 
11.078158 
-106.916077 
8.160359 
-174.328242 
-386.220078 
173.125189 
11.345661 
39.201940 
-242.435351 
396.717911 
-141.028230 
-77.268218 
235.234340 
86.546825 
-153.268679 
160.701226 
153.250696 
-233.965202 
-175.765220 
48.903537 
-308.297319 
-45.052594 
-91.990751 
-184.102762 
-36.982975 
-125.642281 
-26.862363 
-40.924588 
-122.909332 
-323.718734 
-72.133318 
55.700437 
84.388484 
-35.925910 
-157.165754 
-49.440871 
34.469565 
-10.710958 
-83.379496 
-197.428705 
-68.387703 
-60.622117 
22.916572 
-141.664991 
-113.116962 
-229.062224 
10.883270 
-126.135922 
-151.836086 
180.231939 
36.759234 
-29.048910 
11.641095 
-10.952070 
8.052252 
51.548997 
156.421363 
-32.950779 
-33.377096 
-66.421453 
-46.481999 
-25.624603 
-38.045659 
108.492365 
-35.083668 
-99.234252 
-217.753304 
173.126191 
-92.533253 
-116.074686 
-67.831256 
-290.511044 
-284.912388 
11.640506 
46.050825 
-149.400951 
-175.630742 
58.622785 
-74.485057 
17.371839 
1.973457 
-51.569207 
79.972658 
55.299156 
98.596539 
-376.550296 
209.616881 
23.942057 
-57.000893 
-169.595621 
36.011363 
-273.351922 
116.455061 
-38.040423 
-112.300436 
-424.037199 
-61.235960 
-255.546640 
-183.139844 
-377.880665 
-2.016634 
-132.236044 
48.909892 
-67.336543 
-141.888039 
-38.046044 
148.281031 
-38.738891 
-1.843759 
-35.915689 
-25.624627 
-13.199835 
74.573427 
-191.242340 
-42.618896 
-129.689213 
-3.652673 
13.936574 
73.753638 
-196.423981 
-13.203740 
-133.336580 
-47.637676 
-9.453952 
-108.892920 
-59.854313 
-272.873982 
33.341338 
160.708742 
-22.735626 
-72.384977 
-124.090914 
-52.240860 
-63.570824 
88.560976 
-19.141201 
-31.973410 
309.909498 
-192.356026 
84.557440 
-13.206503 
-63.104387 
134.430453 
26.862833 
17.240596 
-162.580937 
-67.948364 
-58.106471 
-214.107925 
-12.529413 
-146.269458 
-77.615040 
26.784269 
11.637853 
-212.775210 
3.553100 
34.987655 
-313.123455 
-88.888190 
-234.900653 
-149.783239 
-36.435676 
-12.230876 
-186.992219 
24.061442 
-177.574278 
-163.049009 
-50.469060 
-60.704490 
-154.038464 
-50.473005 
-38.049730 
-9.171574 
-288.324089 
-101.321155 
76.010507 
-16.396102 
-128.376089 
-38.051178 
-47.062447 
73.748459 
-118.648306 
-90.740338 
-25.935596 
-214.411635 
-305.190327 
43.254247 
-100.577008 
-153.510056 
-60.868620 
-53.217800 
-185.862493 
-22.929954 
-136.976311 
-1.636321 
-13.204690 
-73.958905 
-56.366706 
-120.998260 
-184.104507 
-46.513683 
14.685764 
24.061388 
24.060986 
-220.624436 
24.060824 
48.103730 
-66.557517 
-10.303350 
-97.359707 
-123.070468 
87.443728 
-124.999600 
-92.748926 
-41.568376 
-90.744185 
-394.010484 
-124.999713 
-87.059764 
64.407175 
-57.628041 
-160.294867 
-85.575703 
20.761100 
47.805978 
-135.264949 
-67.767187 
19.583761 
-7.493844 
-124.997254 
185.097314 
-94.190816 
-124.997076 
44.387608 
-124.996765 
-308.793962 
59.041167 
471.250976 
-156.617755 
21.350256 
59.047800 
-141.037285 
-247.979628 
87.000436 
244.676212 
61.328314 
-42.674747 
-247.836836 
-210.231661 
206.953347 
1.959014 
69.317265 
-37.274789 
-247.848926 
58.241670 
11.640526 
147.005169 
132.252054 
235.234370 
295.197657 
253.121218 
-451.307449 
281.066861 
151.087035 
141.241222 
108.408543 
-118.204574 
-203.186492 
31.791011 
105.732012 
-241.494581 
-4.037674 
136.269743 
45.503863 
166.179197 
322.186574 
132.197096 
-125.077193 
0.820057 
139.479031 
134.251556 
168.215997 
-213.351784 
-18.312032 
-110.907783 
297.341804 
-123.514062 
91.830559 
94.350853 
-64.318100 
-286.486390 
239.266755 
-90.750381 
86.170286 
167.137134 
-17.763125 
4.377437 
81.012260 
99.649055 
29.345102 
17.902877 
207.875791 
-197.477542 
-54.806163 
71.865127 
-144.197939 
51.580113 
56.185284 
-60.831368 
44.676064 
112.140751 
-178.158264 
183.373235 
517.726921 
-39.962686 
-85.664346 
280.817917 
126.326037 
11.997336 
-174.521796 
193.116965 
73.162588 
-20.272977 
-125.132433 
471.249375 
38.345424 
50.303710 
-55.421785 
47.249518 
378.058580 
117.566458 
-126.201913 
371.874397 
-73.195528 
-104.638266 
168.085503 
14.816100 
20.001915 
96.713666 
128.210874 
162.169436 
322.187529 
76.444547 
-58.156766 
-5.539358 
157.322381 
135.474465 
210.390131 
105.948807 
180.494591 
-78.175114 
246.113616 
57.629849 
371.874389 
154.214858 
37.542712 
-158.984773 
66.592301 
42.173718 
61.326720 
25.015003 
210.389678 
201.331497 
26.012771 
-24.381952 
276.005105 
-114.973239 
171.021790 
-111.758519 
-267.482506 
-250.256561 
-118.289674 
34.669494 
-57.728498 
-428.458054 
9.406543 
85.568227 
205.689134 
147.505268 
-86.432486 
-195.427043 
11.604788 
-259.218975 
-179.618030 
-149.464427 
-76.444965 
-206.510195 
-33.890184 
106.456023 
-70.419063 
-193.676737 
-32.800624 
72.301631 
185.547246 
-41.444524 
91.678379 
-260.171005 
185.547111 
-27.541924 
-298.635208 
180.176458 
-36.684249 
-33.803426 
-8.050760 
-96.387931 
-320.478094 
123.519202 
-29.019043 
-151.116423 
-0.790118 
-115.076636 
247.656589 
204.180562 
117.208512 
209.298269 
-45.370707 
30.861338 
128.233082 
-32.490544 
-321.752856 
-35.870069 
-288.289979 
45.379433 
-129.925096 
-66.118251 
-277.556920 
-56.251701 
51.232908 
252.851740 
122.150910 
-69.001386 
197.968912 
19.676684 
24.062563 
98.648246 
26.231032 
-14.738924 
-242.996909 
110.004140 
197.968569 
76.552521 
-296.722427 
91.091794 
42.131323 
91.576427 
-44.923658 
-292.696460 
-73.766895 
64.018207 
-116.430559 
-70.696483 
235.234099 
112.592326 
-217.749688 
-37.754152 
173.975741 
-105.314423 
25.847445 
48.480423 
65.648612 
-188.496771 
-241.542716 
-56.452821 
75.935906 
79.421594 
-164.419743 
-301.875269 
-102.783642 
9.539892 
110.356835 
51.640543 
-34.845926 
-32.701309 
-324.703001 
40.528371 
151.461255 
-86.506979 
135.859322 
421.562662 
-296.587570 
-42.339237 
-48.435680 
-149.604009 
138.869907 
150.751511 
-386.369281 
14.566914 
-193.255993 
-144.148784 
-198.430509 
26.815062 
-29.005415 
158.454607 
-190.821019 
148.281654 
86.172167 
98.593818 
86.171932 
13.198964 
-17.338523 
47.681659 
-71.243500 
-69.399789 
-218.042009 
-8.612821 
-45.204995 
202.378124 
-313.411947 
-144.929203 
-48.324495 
-58.590358 
-301.655105 
-83.254586 
108.958224 
26.850884 
-53.332965 
-228.154140 
98.593705 
-86.995406 
20.682676 
65.445528 
272.499708 
-98.520567 
-138.407502 
123.437084 
-14.449388 
-11.026040 
61.327661 
33.999346 
-65.307618 
-184.593636 
-47.363898 
-45.745744 
226.174894 
101.870758 
-38.451607 
-3.810547 
-68.610855 
-104.416099 
-154.849754 
-92.332047 
92.288961 
9.727679 
9.570959 
-55.458043 
-296.245445 
-80.655055 
-55.200615 
30.948341 
-68.406749 
-140.759397 
-113.497978 
-192.152496 
-62.403925 
-70.950138 
-33.631104 
57.267634 
-325.217040 
-77.901624 
-100.121316 
82.171249 
275.255748 
3.095222 
-83.147988 
-13.203420 
-44.942268 
-10.726375 
77.314158 
114.755748 
80.829072 
-29.623425 
-80.827468 
-119.083495 
-25.625501 
-38.046936 
23.363535 
-101.858491 
-40.023739 
-297.249431 
173.124890 
-88.764657 
84.054542 
9.444058 
47.296356 
-4.707646 
-13.203337 
-25.847312 
-34.803945 
-60.224122 
5.413704 
-73.866604 
-75.419400 
-81.594935 
-85.577244 
-37.520993 
-16.679216 
24.062523 
32.602797 
-283.378940 
165.168197 
-59.721425 
-194.092413 
49.592479 
-165.917081 
34.434938 
-87.734455 
-75.284629 
-183.340499 
-45.168480 
-135.099060 
24.454855 
-5.647416 
-59.768372 
-103.582641 
24.062293 
-64.158558 
-46.361644 
-62.890807 
148.281048 
-141.066657 
-82.574428 
-154.378373 
-62.890235 
-38.046566 
158.139977 
-85.251092 
-4.232317 
-93.644370 
26.969668 
128.004711 
123.437398 
-79.194763 
11.641076 
-114.725427 
-24.453913 
-110.752411 
105.197809 
69.220629 
-129.159045 
-67.717157 
160.702733 
120.822109 
-16.167837 
-67.927058 
102.672666 
-102.301784 
-7.857972 
51.881737 
39.124963 
-57.505559 
-124.014772 
48.796443 
-0.781514 
-41.114986 
-8.894796 
-113.401104 
29.103632 
-189.043329 
117.647861 
73.076996 
0.130365 
-135.155254 
-108.199559 
75.524837 
-0.718601 
-13.203450 
-146.898064 
16.858963 
57.583443 
-541.229716 
27.262912 
-36.217431 
-53.418634 
-84.206799 
106.854233 
-33.090785 
11.640159 
70.382120 
15.554940 
-0.781680 
-191.071307 
-221.069533 
-13.203654 
-25.625477 
-137.461515 
-180.681776 
-32.048661 
-75.153566 
-17.437878 
-70.949947 
-13.203547 
-149.036351 
73.749360 
8.738614 
-77.284075 
101.379237 
-234.513892 
-70.562705 
-112.164873 
-34.369920 
-102.665001 
60.422832 
-95.450977 
-142.763506 
-75.346463 
27.209211 
-54.287126 
-38.047322 
109.490131 
-103.311072 
-194.084078 
-13.607879 
-14.367388 
19.710346 
-25.625138 
-38.047005 
-173.789985 
-25.625128 
-202.451656 
-70.566093 
144.855544 
-98.034614 
-184.500440 
-174.290974 
-125.000172 
-61.639880 
135.915680 
-161.585180 
-297.218364 
-125.000204 
-36.218486 
-335.827403 
-201.195377 
-24.593194 
-71.257088 
-166.063719 
-192.409555 
-184.755587 
-75.249992 
-110.274207 
-91.101368 
-125.000270 
120.853423 
-210.006449 
-124.999863 
-133.090266 
-125.000092 
-308.915242 
-129.528199 
-125.000000 
-122.936193 
-125.775369 
-126.117994 
-129.418694 
-127.461893 
-125.000001 
-126.824146 
-125.000001 
-129.281796 
-123.027428 
-125.640349 
-131.437116 
-119.410400 
-128.376490 
-127.175568 
-123.091377 
-125.763321 
-125.000000 
-127.259977 
-128.009410 
-112.578125 
-114.559227 
-114.685692 
-125.460619 
-126.229506 
-115.713295 
-120.167405 
-118.410215 
-129.887769 
-125.055101 
-126.405259 
-118.939385 
-121.722757 
-125.808213 
-125.814580 
-124.628524 
-130.620208 
-125.000000 
-115.946400 
-125.251197 
-136.587964 
-132.523236 
-124.242298 
-117.787038 
-129.827803 
-121.065873 
-125.520090 
-112.578125 
-125.247294 
-131.017079 
-120.672621 
-116.780534 
-112.578126 
-127.202313 
-124.998118 
-125.000000 
-121.958419 
-121.568204 
-120.314196 
-122.178678 
-124.995195 
-133.672617 
-121.945627 
-114.251458 
-125.535360 
-126.129987 
-125.338977 
-114.766004 
-124.106644 
-119.095067 
-123.924875 
-117.334868 
-120.001278 
-124.869635 
-113.358428 
-113.354492 
-121.675662 
-123.682570 
-119.303111 
-124.140261 
-116.412092 
-123.027425 
-120.164805 
-122.101982 
-118.444279 
-118.015916 
-124.999999 
-114.775542 
-123.697413 
-120.473933 
-124.999999 
-125.486792 
-117.889003 
-122.265563 
-124.999999 
-124.284387 
-120.912697 
-126.521001 
-123.769926 
-125.837518 
-131.025148 
-118.756046 
-124.913885 
-124.999997 
-125.078719 
-119.471990 
-121.479496 
-127.360293 
-125.949211 
-124.999999 
-123.578779 
-119.391967 
-126.221177 
-130.387805 
-123.940637 
-125.000000 
-120.563268 
-122.516042 
-133.645282 
-125.845783 
-122.640885 
-124.999998 
-124.332884 
-124.999997 
-126.849287 
-126.007930 
-123.289861 
-120.954883 
-112.355958 
-125.342754 
-125.639860 
-115.778840 
-126.161047 
-124.207076 
-126.756832 
-128.965835 
-127.386280 
-115.578045 
-124.031593 
-124.744785 
-124.999998 
-118.030961 
-120.140385 
-121.831265 
-125.169004 
-129.699298 
-117.634127 
-126.778462 
-118.382041 
-121.834541 
-126.265363 
-127.812594 
-122.881272 
-122.141927 
-121.510255 
-112.578125 
-123.492099 
-119.803558 
-125.709992 
-125.000001 
-120.814469 
-126.314736 
-125.042887 
-123.951880 
-124.110113 
-120.702349 
-117.777243 
-120.774677 
-121.475398 
-115.159512 
-123.135365 
-125.604675 
-129.702187 
-112.578126 
-118.789059 
-127.566397 
-123.578779 
-125.859601 
-123.184221 
-126.010887 
-126.515024 
-126.521403 
-125.810995 
-123.337484 
-126.307106 
-121.905912 
-125.298227 
-123.980807 
-127.329538 
-125.030591 
-117.818375 
-128.010308 
-122.935331 
-124.999999 
-117.449789 
-124.999999 
-125.699646 
-125.961526 
-128.339025 
-124.653966 
-127.352248 
-125.000000 
-126.919782 
-120.855645 
-129.345820 
-124.207981 
-124.819308 
-120.833066 
-116.578292 
-123.750282 
-125.993154 
-115.462529 
-117.094366 
-112.578125 
-123.745653 
-125.000000 
-125.123015 
-113.754076 
-122.178680 
-124.365555 
-124.166186 
-121.591744 
-118.211734 
-124.391866 
-115.541946 
-123.291288 
-122.211381 
-129.214109 
-127.868229 
-123.200203 
-124.913830 
-118.965204 
-127.642696 
-129.547423 
-128.911265 
-110.862654 
-118.114000 
-126.085831 
-125.153146 
-112.578125 
-125.000001 
-132.888228 
-124.493574 
-126.900196 
-118.461966 
-128.355181 
-128.344183 
-133.648870 
-129.392940 
-124.925057 
-126.742359 
-123.596307 
-123.218564 
-119.368399 
-127.886045 
-124.560763 
-125.000000 
-124.999998 
-124.999999 
-124.999999 
-123.578780 
-126.113862 
-123.813623 
-125.461873 
-126.067282 
-133.122371 
-119.315056 
-123.422386 
-120.790402 
-121.742588 
-128.969730 
-125.455940 
-122.876758 
-129.031401 
-117.998550 
-123.436616 
-121.677810 
-117.761264 
-128.942129 
-124.999999 
-124.628523 
-128.664569 
-131.088462 
-125.000000 
-125.348258 
-119.273236 
-125.000001 
-124.352476 
-123.523570 
-124.999999 
-125.000000 
-123.227834 
-121.115111 
-112.578124 
-118.799939 
-126.849288 
-122.794769 
-126.112228 
-109.381709 
-125.743767 
-127.967617 
-129.604917 
-133.706287 
-123.958105 
-125.080784 
-128.435475 
-128.316207 
-128.275860 
-126.332393 
-127.477330 
-119.197108 
-120.910588 
-125.791069 
-130.337054 
-120.118642 
-117.946965 
-116.869420 
-126.517473 
-125.837520 
-122.848309 
-123.081022 
-113.762940 
-121.996403 
-121.722755 
-125.906302 
-118.641485 
-125.000001 
-125.742518 
-122.998263 
-122.366350 
-118.101196 
-126.332396 
-125.625418 
-123.987170 
-127.550868 
-125.000001 
-125.000000 
-130.257532 
-124.502297 
-124.410957 
-111.750000 
-124.999999 
-123.698180 
-125.473221 
-124.823006 
-119.340277 
-120.224187 
-125.000001 
-126.171264 
-125.391348 
-125.719682 
-121.477993 
-120.201074 
-119.948933 
-123.271264 
-129.029048 
-125.239262 
-122.594003 
-124.999999 
-125.000000 
-125.000000 
-123.435074 
-125.998398 
-129.569766 
-128.833335 
-127.937295 
-126.601918 
-125.000000 
-129.077105 
-123.581521 
-124.284680 
-126.041881 
-130.145026 
-124.242296 
-124.633112 
-126.620691 
-125.000000 
-121.975789 
-123.004299 
-125.000000 
-124.999999 
-127.773564 
-123.542052 
-126.601918 
-125.000000 
-125.000001 
-119.200397 
-125.000000 
-127.257021 
-121.137096 
-124.181786 
-120.685214 
-124.999999 
-125.000001 
-125.000001 
-119.421070 
-127.531382 
-128.185437 
-123.813721 
-119.358984 
-123.448826 
-115.773365 
-137.421874 
-125.983566 
-120.289708 
-127.360292 
-122.750835 
-123.997610 
-121.883499 
-122.221759 
-122.399785 
-125.000000 
-126.343191 
-117.111121 
-125.000001 
-124.529467 
-126.249120 
-126.302936 
-127.672826 
-111.978256 
-127.680049 
-127.299736 
-121.173734 
-127.324462 
-122.541473 
-125.736719 
-127.521641 
-125.000000 
-120.534268 
-120.283873 
-127.859411 
-135.917664 
-127.973021 
-125.546360 
-123.192032 
-127.241117 
-124.904014 
-126.937627 
-125.000001 
-125.074371 
-119.360834 
-124.999998 
-125.466901 
-129.085417 
-124.999999 
-125.000000 
-127.108591 
-126.812596 
-131.732774 
-126.405523 
-121.364957 
-133.390468 
-125.000000 
-126.870971 
-125.000000 
-122.820816 
-130.961107 
-128.927291 
-124.693957 
-122.592523 
-124.543632 
-132.103419 
-126.366827 
-116.737562 
-123.740759 
-121.337061 
-123.516568 
-119.537333 
-122.787226 
-125.000000 
-122.654882 
-128.627989 
-121.297712 
-126.112227 
-129.530558 
-124.421901 
-125.000000 
-124.999999 
-129.129008 
-125.000000 
-126.362090 
-123.971948 
-118.387780 
-127.531885 
-131.397815 
-125.806004 
-125.000000 
-123.843644 
-121.600281 
-128.640155 
-127.994432 
-125.000000 
-125.243486 
-118.763629 
-124.309326 
-121.269666 
-126.488392 
-123.723040 
-124.936265 
-117.866576 
-121.564467 
-131.924025 
-127.084047 
-125.000001 
-128.072418 
-121.522748 
-125.000000 
-127.738964 
-125.000000 
-119.986566 
-125.765022 
