4.328145 
-15.158826 
0.950065 
-24.210527 
-24.312033 
-38.034745 
-35.250114 
-47.819644 
-65.515730 
-54.576736 
-69.110269 
-63.438330 
-76.501482 
-64.259792 
-55.726391 
-44.154843 
-24.664767 
-16.467708 
-18.953217 
-32.568970 
-32.133400 
-42.234495 
-35.479157 
-39.545956 
-30.524276 
-53.879809 
-61.336870 
-32.384890 
-33.062640 
-11.777508 
-15.023341 
-10.666658 
-16.075627 
-42.341831 
-24.766726 
0.676128 
-11.272215 
6.137877 
4.327983 
-0.251524 
17.777468 
-6.999045 
21.242824 
29.421658 
4.506516 
27.225548 
6.438790 
34.185924 
4.328040 
15.325827 
18.171058 
-0.517019 
7.541933 
2.145388 
12.340619 
5.131921 
4.328145 
22.883436 
11.877482 
3.550431 
1.406238 
12.473354 
19.769694 
29.592381 
34.719880 
38.687003 
37.693648 
17.908544 
31.889416 
23.272454 
6.192700 
21.096040 
28.704519 
35.658853 
23.022649 
31.740525 
48.417074 
25.224352 
16.203097 
17.591296 
14.459130 
13.044359 
11.184750 
24.391538 
43.459301 
51.574213 
65.277431 
74.172076 
85.421668 
71.253118 
74.580294 
88.916932 
72.986189 
63.177263 
76.240374 
97.453303 
79.844863 
87.264431 
112.124366 
139.081336 
112.432348 
114.567482 
107.043092 
78.213039 
74.172120 
41.126575 
44.141935 
33.857484 
37.509583 
61.955537 
50.891103 
64.464300 
82.007244 
79.091297 
71.252900 
63.990619 
50.890743 
60.545166 
56.111897 
61.801232 
97.653947 
78.801052 
74.172012 
64.773730 
74.171638 
59.353041 
44.628686 
27.752828 
11.198817 
-17.538456 
-48.787578 
-62.972863 
-53.894091 
-63.843644 
-38.784751 
-29.520157 
-41.398503 
-17.501465 
-10.607455 
-12.684492 
-25.071803 
-48.781965 
-44.289317 
-56.462349 
-61.129936 
-48.774358 
-40.266075 
-57.125784 
-36.633007 
-50.274069 
-34.678114 
-25.421403 
-8.891564 
-9.826111 
-31.663852 
-23.052297 
-42.234266 
-46.834606 
-56.187448 
-81.498735 
-42.234330 
-51.642623 
-16.053488 
13.539307 
28.900406 
41.245247 
56.174364 
32.459945 
40.855525 
33.578188 
42.927255 
53.714971 
59.709030 
55.858641 
50.890739 
50.890607 
54.050881 
33.835832 
47.495962 
39.901435 
48.224639 
27.165572 
40.460695 
32.106894 
28.427377 
0.349195 
24.094374 
-1.795057 
17.028512 
35.018036 
42.271788 
43.165353 
27.702217 
41.196169 
27.609303 
35.597723 
50.890518 
57.808428 
51.789505 
70.662117 
73.215207 
69.730615 
74.171792 
82.375253 
81.922607 
84.114159 
55.439023 
66.723042 
34.663051 
34.537080 
24.941198 
4.415022 
10.595367 
13.067153 
4.328107 
10.730523 
21.401085 
0.079412 
-3.856861 
-10.234526 
-27.218621 
-31.536628 
-41.462262 
-24.435489 
-43.123662 
-72.827429 
-64.495989 
-57.676596 
-78.679572 
-55.737864 
-47.742668 
-29.784344 
-15.201973 
-3.394982 
-5.224846 
4.249333 
-8.650219 
23.678792 
16.829244 
34.431276 
15.968608 
27.609282 
17.068036 
0.874466 
2.150281 
4.449901 
-6.634415 
16.435512 
-11.999608 
2.874533 
18.376582 
-6.338946 
9.751021 
4.187055 
-9.939887 
-6.255140 
-10.661576 
-18.953192 
4.328084 
-18.953177 
-18.953201 
2.380557 
4.328368 
11.701619 
25.213301 
26.470042 
27.777386 
32.512717 
19.288153 
10.443183 
13.342383 
16.093712 
25.736464 
30.226634 
23.104645 
30.643585 
24.350572 
19.156014 
21.821957 
18.973841 
50.890580 
38.394633 
43.733589 
68.461369 
74.171865 
86.614462 
72.025422 
74.171845 
79.472179 
55.730713 
50.890649 
51.666424 
24.611569 
6.023032 
-5.129903 
-22.188574 
-22.131027 
-47.528800 
-51.329797 
-34.041147 
-35.916909 
-41.218315 
-16.890518 
-16.226041 
-10.605924 
-12.436597 
-14.430531 
-32.712944 
-42.503442 
-30.950379 
-43.497234 
-33.633184 
-35.400408 
-21.722489 
6.395329 
13.850323 
32.850373 
31.903659 
21.736550 
30.948015 
20.195810 
12.667768 
1.049214 
6.815774 
7.325058 
-17.275296 
-14.195947 
4.328316 
-4.164765 
12.356149 
-7.097563 
-10.047576 
-19.309839 
-42.881457 
-33.181505 
-51.046636 
-42.234192 
-18.952908 
-0.834849 
2.949836 
-12.596098 
-35.250364 
-65.515311 
-77.002797 
-65.772069 
-67.752738 
-67.865386 
-31.402912 
-18.952825 
-2.731524 
-18.898959 
-34.359054 
-18.473098 
-45.365815 
-66.028432 
-36.340367 
-46.460122 
-16.854269 
-44.469366 
-42.234230 
-6.585271 
-56.057478 
-26.694432 
-36.672776 
-36.126135 
-24.002374 
-32.004597 
-26.456839 
-18.952965 
-44.037780 
-42.772821 
-67.262688 
-64.898101 
-62.455288 
-76.459662 
-76.979382 
-41.212158 
-65.515417 
-34.728239 
-58.393519 
-42.234490 
-18.953390 
-41.211535 
-20.560992 
-38.097164 
-42.234733 
-18.953230 
-18.363184 
2.000371 
22.602427 
30.407945 
38.562976 
34.938190 
27.609130 
12.331655 
27.609235 
4.952552 
8.276140 
12.875640 
6.754292 
12.448687 
27.721261 
21.792346 
15.969195 
41.325818 
13.929486 
25.092754 
40.682519 
32.176995 
45.504611 
31.084591 
33.197772 
28.654869 
-4.184665 
-16.663663 
-18.952883 
-51.925016 
-79.673147 
-61.846332 
-73.002885 
-68.127238 
-54.202931 
-57.476703 
-52.344205 
-69.183447 
-71.438968 
-31.254262 
-11.542309 
4.328125 
-21.135554 
-24.148748 
-38.989672 
-39.187549 
-11.517664 
8.850073 
31.848993 
43.526754 
50.633483 
58.809521 
39.249941 
53.607561 
51.157025 
50.890531 
34.820215 
50.259922 
74.171746 
85.812481 
76.693684 
92.848215 
82.141731 
58.625102 
73.374666 
56.629488 
62.531074 
49.306314 
39.249934 
47.781237 
31.152482 
21.369082 
30.335063 
29.836927 
7.622310 
11.072138 
-9.443198 
-27.276338 
-26.568841 
-43.515095 
-38.754111 
-49.522995 
-52.243524 
-65.515794 
-49.628074 
-70.993561 
-65.818020 
-51.329856 
-56.561365 
-59.064023 
-53.875038 
-53.875005 
-42.178194 
-42.234371 
-52.913621 
-23.093926 
-30.773225 
-25.669953 
-10.577243 
-30.633230 
-18.953031 
-17.419043 
-25.367154 
-13.815083 
-25.151011 
-10.950001 
17.593044 
26.755035 
47.144866 
50.964796 
31.710216 
37.164214 
53.117424 
56.600359 
69.968816 
64.764901 
73.461334 
62.531636 
69.180025 
56.787633 
74.172211 
85.518128 
62.531554 
77.506586 
72.729420 
74.169386 
-224.016291 
-38.568280 
132.654490 
53.526686 
4.322073 
26.831903 
138.073851 
50.888951 
-179.898214 
141.538018 
-223.294791 
3.631847 
26.842023 
193.533925 
108.440036 
17.520688 
64.416522 
-18.954020 
49.342224 
-12.805245 
-42.234734 
-3.339338 
48.560767 
-4.903372 
12.973082 
-374.269014 
-12.311833 
-135.031160 
177.530727 
54.053562 
63.538541 
3.429896 
83.472750 
-106.594762 
348.082437 
-0.911742 
175.676927 
-18.950575 
2.389583 
-139.877255 
-131.635658 
-130.304382 
82.858015 
283.347917 
5.796929 
-42.595309 
42.536186 
4.329190 
4.541070 
117.697451 
125.933182 
49.188284 
6.512001 
55.641725 
-127.240828 
27.610069 
18.714071 
-66.981752 
-95.294291 
-86.556954 
-34.531461 
-131.156612 
89.294698 
180.938658 
133.828815 
153.976667 
-70.963845 
-55.952053 
109.642543 
285.246218 
-29.606735 
13.371989 
97.232657 
-58.015329 
35.849902 
501.627661 
-78.322906 
-99.926551 
-113.822974 
293.733250 
17.630975 
180.446960 
65.270394 
168.627281 
200.550244 
13.882779 
551.435834 
-29.029022 
308.320115 
-17.081409 
374.498752 
244.666288 
-172.126895 
275.996252 
504.875327 
-65.830018 
-182.542079 
308.775733 
6.283840 
-189.713198 
-0.482902 
132.796805 
-51.327776 
306.983153 
281.806037 
-164.118333 
284.704119 
138.917158 
152.212726 
225.501782 
431.051317 
4.106779 
-96.594584 
-35.526593 
106.302794 
97.455328 
297.918046 
-312.589933 
-148.345680 
242.289977 
97.132145 
178.939163 
-323.850824 
213.860064 
-56.644663 
127.084876 
-6.835316 
235.359057 
55.729636 
45.425803 
-227.162370 
-237.882143 
201.534226 
23.508536 
-61.871855 
-14.477809 
-24.816926 
159.979314 
-77.128409 
75.257031 
28.337003 
169.127958 
171.616043 
205.972056 
-520.289205 
-477.314827 
-57.879132 
-19.451019 
-53.519090 
-128.671576 
117.517048 
428.565180 
-51.693694 
97.470597 
-52.781238 
97.453474 
-120.530963 
91.358458 
-426.375093 
306.985132 
-52.300501 
-56.142523 
64.398901 
-94.879318 
201.079745 
273.019962 
-465.978834 
141.026839 
-131.593964 
-84.506777 
293.903545 
-158.204615 
194.735684 
-18.952320 
74.171973 
308.911246 
-520.892354 
-99.169002 
-91.743198 
41.966437 
-13.405050 
16.782420 
-88.160288 
8.289042 
4.142745 
-163.761510 
105.169821 
17.414836 
-19.806961 
52.638675 
4.318295 
-30.017905 
-45.960060 
-88.797545 
165.009594 
306.984036 
-421.873779 
-77.939396 
-207.856643 
68.011670 
-93.417690 
27.609294 
102.903970 
-140.333553 
-197.896680 
39.520437 
-372.531527 
102.016660 
-149.978979 
-200.468179 
-209.863520 
-72.064133 
-104.198532 
190.577327 
66.738450 
62.529608 
-78.593750 
257.931197 
-16.715264 
65.039023 
-212.767887 
36.270963 
-237.909967 
-101.182373 
-152.951924 
-31.083624 
9.854592 
-226.818599 
-20.570582 
-20.426327 
-35.359587 
-43.766668 
-83.768026 
177.588521 
-169.472064 
-16.411713 
285.892615 
-64.786844 
92.251654 
-42.233519 
144.015880 
-96.772969 
-283.165020 
93.822609 
-103.895511 
-74.270106 
293.194927 
-335.062840 
211.949677 
-89.263090 
191.053690 
-56.282957 
372.229362 
-255.191206 
46.579041 
-153.747108 
4.328414 
109.092733 
-18.952472 
225.500062 
443.466247 
-302.910976 
121.963132 
-44.865135 
288.654951 
-232.521001 
-138.809245 
12.344085 
326.876075 
-344.598072 
36.425428 
134.503671 
-142.916053 
-51.934307 
-89.639290 
47.093839 
138.087445 
-37.888419 
171.561461 
295.341520 
-62.999416 
-114.782741 
74.949669 
97.450874 
123.463475 
-208.251721 
411.747563 
126.046051 
-137.537197 
190.575974 
436.580562 
-252.300323 
51.286911 
-374.721063 
-217.784659 
-56.649521 
-162.312799 
-154.701677 
213.474312 
-173.380050 
96.566306 
286.242816 
401.312148 
-35.007206 
-7.212622 
194.778359 
-129.963186 
131.444632 
265.609682 
42.168212 
96.418196 
-18.883923 
-149.280245 
-100.843008 
65.487361 
58.520826 
11.979434 
-57.413915 
-108.229144 
-371.846641 
109.879677 
52.123750 
-22.809219 
108.303785 
-172.511179 
-45.120452 
283.702619 
-79.547489 
322.156455 
-37.228578 
81.306468 
-351.344734 
239.969836 
-193.473684 
-78.264048 
27.610260 
178.937072 
83.837798 
-216.845637 
61.262625 
-109.744061 
-18.954108 
36.461037 
-82.524991 
-123.805947 
-305.997188 
-61.880338 
202.217428 
26.139596 
-130.743650 
44.309291 
-78.567539 
-100.891988 
21.660683 
-116.678447 
-51.861860 
-87.629199 
-155.355492 
248.780398 
-170.283459 
58.892071 
-85.033611 
-62.344252 
-163.620254 
125.485518 
-136.045195 
198.312184 
109.094198 
143.148232 
-180.586066 
-54.754816 
-23.102002 
-151.084542 
-233.043636 
-221.896908 
22.462831 
39.249746 
20.835262 
-54.958157 
-18.953836 
74.174983 
70.443838 
-89.748936 
-32.166793 
-18.950662 
132.377071 
89.147142 
-146.997129 
-76.030061 
66.843426 
86.772064 
17.174645 
-18.949312 
-34.230639 
39.251770 
-12.860870 
64.699724 
46.080417 
175.409421 
-127.417343 
53.260283 
-4.514589 
120.730955 
99.192449 
2.115207 
-159.081137 
-107.369976 
125.913043 
-284.566012 
117.832909 
-118.040064 
270.656247 
-181.916580 
96.340297 
-18.952153 
-138.455459 
567.218357 
104.804665 
216.328569 
-470.174007 
-44.670076 
-123.814346 
-56.469596 
-57.507288 
-138.093487 
-207.260829 
171.845071 
-77.157029 
-248.498813 
-86.472729 
-97.615321 
-79.934152 
-119.108999 
-115.073962 
149.582208 
32.199258 
125.145099 
-82.409980 
-77.159196 
-27.617091 
-218.198289 
-100.440396 
-240.304305 
-245.467068 
-88.799330 
-88.797998 
-157.007321 
-209.954254 
130.199154 
5.608743 
130.222555 
-244.610752 
-42.236231 
-105.241439 
-30.596021 
-67.932239 
-114.466820 
-52.524566 
-38.940726 
-646.109204 
207.530872 
-239.517528 
-84.267671 
-17.001806 
-149.913264 
-139.102928 
46.798325 
-277.954236 
-54.187307 
-42.235435 
34.463683 
68.573667 
-332.434924 
-96.496156 
-52.096192 
255.090357 
-18.953766 
4.326777 
-207.144282 
155.656024 
-79.418158 
11.685592 
-48.175953 
-108.851650 
113.933821 
-1.438103 
50.890402 
12.050547 
-19.653186 
-230.480057 
-251.329159 
-157.913884 
-46.791881 
111.716619 
-55.585455 
44.786713 
-164.919347 
7.995936 
-107.803210 
-201.367275 
55.605312 
8.130364 
165.522259 
97.452499 
9.431997 
38.651644 
109.093032 
77.901460 
-147.000951 
-227.295267 
-33.373001 
213.862971 
-95.026888 
241.686355 
412.027440 
488.763576 
-453.865518 
14.419435 
243.644455 
260.423235 
-479.631490 
256.501321 
-76.130448 
154.578050 
225.642569 
487.151829 
530.832732 
-80.844728 
304.855518 
318.626129 
190.266766 
-100.680295 
714.404797 
189.061656 
268.289090 
81.005884 
192.619345 
-463.191734 
-10.664664 
292.771233 
35.953376 
309.123593 
0.533498 
381.858530 
338.549245 
89.499450 
314.059472 
391.681856 
215.180192 
353.543346 
519.166714 
-80.320726 
-283.844321 
-117.877640 
201.668222 
687.608939 
227.458734 
-247.707992 
95.980874 
400.108983 
42.732883 
658.599941 
223.077447 
533.549666 
178.210639 
108.506042 
-69.131029 
923.939882 
-45.235862 
101.764064 
26.267659 
7.467858 
-5.092328 
-206.074313 
207.738779 
150.219148 
-242.088266 
272.459767 
3.225674 
146.512700 
154.995489 
337.900572 
39.973536 
-89.219806 
-39.809735 
241.997436 
85.379764 
851.723849 
-76.367691 
215.241677 
22.340237 
202.529920 
462.707453 
233.320723 
-25.420888 
190.787400 
343.093896 
-123.561709 
621.284483 
-117.277821 
406.864094 
222.113861 
213.081561 
267.884627 
-93.788603 
132.927524 
353.545072 
-174.835445 
133.253785 
277.220567 
211.904281 
-162.385753 
-32.041112 
208.987695 
-337.343974 
306.978887 
254.233246 
-573.767098 
405.349296 
-22.646324 
311.072616 
97.443318 
268.644218 
-189.122900 
-49.302614 
-460.538799 
158.187544 
237.132944 
278.196678 
-335.301553 
-351.483990 
258.158547 
161.394505 
272.051876 
-400.755441 
469.947252 
-234.274663 
85.128614 
115.359169 
318.989252 
-229.924355 
345.873657 
-377.818482 
-265.303221 
165.406436 
90.099046 
21.647218 
-241.683805 
-279.464473 
-173.685590 
-293.458789 
85.290870 
-5.133866 
9.974614 
-514.272356 
179.423600 
-769.135331 
-569.510240 
-173.006550 
3.081451 
-156.195832 
-171.122599 
-14.757275 
490.626258 
-160.534002 
54.740240 
-175.313342 
50.897439 
-27.269927 
44.560183 
-332.180860 
283.706575 
-142.941133 
-200.509725 
109.695320 
-54.122021 
28.870412 
241.925596 
-481.809949 
159.943975 
-214.161272 
-199.859524 
465.880753 
-89.670215 
-130.928144 
85.825804 
266.247136 
469.402321 
-176.690711 
27.977350 
-288.191148 
-160.071719 
572.586688 
-114.775968 
1.124229 
63.796139 
21.298966 
-371.827554 
215.520313 
214.039559 
-42.173394 
259.024339 
62.399278 
-12.031756 
125.653414 
516.511143 
325.293044 
598.000058 
-666.414076 
-179.614560 
43.993016 
85.064663 
-98.029841 
225.497223 
-117.110620 
-563.387615 
-11.432220 
-598.722940 
18.302711 
356.364122 
-239.680324 
-219.022719 
-235.241131 
-119.631508 
32.635810 
388.465003 
-78.262945 
-124.499332 
-230.434028 
207.611581 
65.661495 
134.775500 
-192.510983 
187.728972 
-84.282265 
-64.476020 
-158.527152 
-153.807989 
27.267326 
-384.663460 
84.184979 
162.549606 
6.794263 
-185.276232 
-60.911198 
124.231119 
70.744216 
-131.794308 
166.690229 
-226.815135 
39.180442 
306.982349 
784.246486 
-388.409692 
-137.856242 
-266.343327 
-23.243796 
-131.545477 
165.013446 
-752.414317 
179.472486 
-23.646069 
153.044612 
-175.567847 
546.912294 
-266.091930 
-20.439701 
-57.586028 
435.031875 
85.811687 
365.188675 
237.139259 
343.149592 
-128.757736 
462.260702 
-81.559174 
379.283733 
-281.978936 
-336.010079 
85.175092 
428.390385 
-414.955109 
38.791400 
228.721082 
-143.045272 
-468.722699 
-10.033409 
-330.180676 
174.461706 
-204.334939 
81.586097 
132.376036 
-5.647019 
-116.811630 
-174.022816 
272.061189 
-128.186906 
-397.491450 
4.329493 
179.817602 
-135.470997 
504.874522 
26.835319 
-91.343114 
-236.771753 
-421.281291 
-47.414558 
80.033309 
4.977949 
-217.633725 
484.594173 
-106.546645 
74.285988 
204.953115 
348.092114 
-276.845373 
221.002768 
304.233780 
-23.371172 
162.245709 
278.170250 
77.924363 
185.042250 
-71.244111 
-103.472440 
-168.620624 
98.850230 
268.037258 
-178.529552 
-145.615279 
-185.662589 
-326.234080 
414.267156 
-134.656851 
67.944659 
139.882210 
-194.139293 
379.883658 
644.564170 
-583.283372 
287.660368 
61.768810 
-48.780709 
-245.655771 
358.622002 
-272.667481 
-148.829469 
318.623521 
248.782078 
311.543195 
-99.661110 
63.107100 
-308.414017 
388.468817 
-220.322569 
-70.465790 
161.306556 
-382.339445 
-118.839924 
178.937965 
149.310125 
56.457883 
-168.376301 
-243.481884 
128.299381 
209.016896 
-186.061606 
23.856826 
89.210936 
-154.481958 
4.330398 
-96.803333 
-348.527213 
-140.993270 
-274.713805 
-106.951565 
218.046818 
-274.173023 
290.088093 
4.327916 
34.621997 
-427.425443 
73.935045 
111.361487 
-24.377737 
-462.764152 
46.355258 
238.841181 
4.329907 
-15.719367 
42.755942 
202.219777 
202.218693 
-71.532467 
29.889039 
-177.867833 
318.625811 
155.656889 
108.446089 
-97.336065 
-182.311726 
280.797876 
284.315710 
88.544898 
225.501710 
-339.070544 
50.893538 
54.200932 
152.733033 
302.867665 
276.133266 
-157.250639 
-50.716589 
237.624003 
213.859068 
436.962469 
-153.557362 
14.614396 
-317.502726 
133.294128 
-177.762748 
-59.266045 
-66.420054 
325.308486 
-51.680331 
274.493524 
132.378150 
-133.263948 
463.316314 
3.501790 
205.394989 
-219.217782 
-67.474013 
13.155823 
-78.709227 
76.542136 
-53.753197 
-69.182077 
43.007470 
4.330933 
-339.346076 
53.113479 
-82.263605 
-373.215966 
290.603263 
-206.745582 
195.728991 
108.594105 
99.609550 
-121.287507 
4.329697 
-170.782290 
-267.673185 
4.327591 
-220.367547 
-373.477293 
4.329748 
27.609671 
-216.144951 
-139.574891 
-261.825034 
-74.696251 
37.070190 
-376.745807 
15.967737 
-150.284667 
-7.313995 
-205.240984 
-140.407572 
-58.741994 
69.564731 
-484.856744 
115.920468 
-318.630865 
-161.504825 
1.476111 
-66.705507 
-201.646233 
-175.769490 
-242.235939 
-19.140290 
-7.315036 
16.704854 
175.226571 
-368.668399 
-217.636945 
39.479557 
179.125445 
-18.953469 
132.375415 
-178.565251 
-7.314284 
232.242537 
-179.539269 
-206.064909 
-179.206776 
-55.716586 
95.712433 
4.328398 
24.348332 
-47.879637 
-131.205381 
-283.186664 
-137.539742 
-128.633908 
-51.303602 
-56.982291 
-225.784980 
-174.738359 
-11.185983 
-146.622278 
-228.784666 
-23.968413 
-49.569588 
-25.282636 
4.332254 
-66.729632 
8.356756 
-146.994366 
14.931128 
-146.995090 
-306.010762 
-36.069328 
423.388829 
-19.803693 
-187.103423 
385.020641 
-188.757611 
-251.745054 
225.496985 
60.505984 
283.701010 
-148.180305 
191.854832 
-53.155593 
227.584331 
10.195079 
504.773777 
83.033997 
-161.819064 
-23.166024 
132.372454 
129.491413 
74.902122 
97.452265 
154.062383 
422.918728 
-229.413367 
-23.720863 
-94.019479 
125.363950 
307.676006 
-19.299288 
217.220229 
201.166296 
138.854353 
46.623506 
391.848591 
85.859704 
179.014799 
-233.151185 
283.701343 
345.321375 
93.128836 
-12.561365 
249.010760 
-93.418989 
549.079396 
321.937835 
252.855693 
-417.365440 
388.468374 
2.216051 
464.924365 
-162.819966 
225.435199 
-88.069962 
256.402113 
-78.364859 
411.747971 
48.761408 
-108.284150 
69.781443 
180.435912 
141.983427 
9.388016 
-91.054629 
311.851399 
-79.216504 
212.263728 
15.984831 
-158.143579 
413.700748 
-6.192620 
60.995835 
242.894558 
9.650799 
-36.098680 
289.094712 
1203.992977 
260.349234 
15.498881 
51.089318 
245.952670 
360.653674 
-30.815171 
36.481135 
130.704544 
-58.923459 
-163.996670 
411.748899 
150.139019 
458.627776 
208.037583 
312.417565 
292.066075 
-26.277067 
-205.510885 
481.593674 
-135.046166 
145.374023 
207.018198 
39.512194 
212.030293 
-154.568596 
-26.149110 
-165.432653 
376.829188 
411.600519 
-345.996576 
-95.654636 
241.569484 
-145.646658 
167.298752 
231.365885 
-17.693889 
309.597629 
-286.388988 
-111.308404 
190.576965 
62.909023 
-72.338097 
99.958452 
387.367744 
54.806217 
4.330948 
93.722459 
644.565521 
70.801268 
-27.695986 
-190.206300 
405.690766 
-296.461382 
53.891086 
8.643132 
141.902623 
195.185224 
-89.213128 
-129.094665 
-47.652020 
-484.114463 
-90.644142 
-48.079027 
38.517028 
217.502246 
-47.961430 
-229.502522 
255.934556 
-175.446127 
-184.410930 
-225.122820 
-169.946118 
323.568327 
219.773483 
225.431957 
126.509683 
-150.116053 
32.798178 
74.782210 
365.187782 
224.081633 
-180.844679 
-267.226256 
469.953063 
21.345554 
-151.895485 
246.478257 
-145.225254 
3.062181 
51.992513 
-231.030303 
-40.966518 
-22.661472 
-317.551671 
170.489521 
-95.442017 
-489.801558 
4.325135 
225.501977 
168.632741 
290.138487 
-131.140885 
-208.411043 
129.116928 
172.067828 
-312.862866 
58.501826 
-149.809942 
-96.103847 
-130.356644 
153.452799 
20.941627 
29.357030 
423.851942 
19.926168 
-132.946435 
-36.284909 
306.982660 
59.338151 
504.874803 
-310.126217 
-85.030699 
-194.473636 
-80.590647 
-82.790056 
330.267160 
41.100582 
-994.677527 
-478.314028 
426.627726 
14.196214 
264.114948 
-214.817952 
202.033471 
168.757870 
-6.908883 
-115.202721 
411.751635 
-34.539546 
-359.631421 
-233.092210 
213.196352 
-273.548369 
-177.326838 
25.630394 
360.970135 
-50.061957 
-202.797422 
-56.868372 
8.085335 
139.876972 
-228.396950 
93.274421 
177.205020 
10.578064 
-9.267107 
78.408021 
-123.434505 
236.928490 
-298.132311 
35.288505 
-192.596325 
-160.724276 
-42.232845 
691.126501 
-386.353341 
-117.886305 
-177.056036 
40.409007 
-53.596717 
244.226129 
-643.154738 
115.391001 
-54.490334 
134.166324 
-221.690270 
230.399283 
-95.329476 
74.805044 
-34.726715 
318.627017 
-100.435568 
155.658262 
120.736800 
-190.803523 
-162.999401 
349.000368 
-133.083200 
242.344380 
-199.345672 
-344.170828 
166.769378 
429.149082 
-162.664700 
-57.351187 
15.931492 
181.115874 
-218.183371 
-35.908079 
-291.832601 
160.248307 
-94.350694 
-89.669545 
178.940082 
-168.647570 
-216.871076 
80.688848 
178.941223 
12.988730 
-118.295534 
4.332302 
13.121129 
40.399927 
551.441655 
2.004492 
-183.798743 
-71.027731 
-230.666883 
130.662968 
-57.251659 
153.665465 
-64.885786 
152.581354 
-184.958029 
-68.678318 
-118.540137 
-109.751635 
-338.035801 
-108.475098 
193.221835 
-250.522606 
-143.284202 
-233.979497 
-3.121716 
-58.963794 
10.229188 
-124.117988 
-157.463610 
45.560543 
-87.557432 
252.719076 
-121.789211 
-428.205076 
-333.005162 
78.550976 
-184.180078 
-125.692749 
183.205997 
-93.676432 
79.662487 
714.406382 
81.325379 
92.459495 
129.502445 
63.830058 
150.159460 
151.154246 
-191.093879 
-103.853660 
295.343573 
202.218215 
57.713832 
-90.542527 
-336.618897 
-407.752052 
435.029213 
-214.025965 
-4.777642 
64.909210 
50.189843 
-148.623800 
85.810465 
50.014345 
76.272724 
71.567230 
-207.160311 
69.103909 
-28.740460 
-49.503386 
62.223702 
330.954716 
80.919185 
-42.234752 
-104.075627 
-329.612095 
84.403249 
-83.589198 
-143.042039 
293.170614 
-149.250790 
138.313044 
-42.235429 
-14.790343 
-382.278455 
84.770805 
12.804742 
-148.453167 
-262.836382 
-9.598527 
157.378659 
-42.233314 
60.367273 
-95.035401 
202.217534 
155.658853 
-49.600299 
13.985504 
-317.222895 
365.186559 
155.658144 
100.596342 
-122.166920 
-236.189827 
73.533473 
140.546968 
-16.110418 
272.063025 
-13.131397 
50.888964 
59.174753 
28.457481 
54.618189 
248.848842 
-138.648166 
-313.088770 
214.903833 
225.500909 
-95.483287 
83.292258 
-31.597322 
-348.904628 
-155.645523 
113.925599 
-210.699494 
-110.265620 
-11.454551 
7.826239 
309.575878 
178.935118 
-339.717753 
52.275729 
-113.856242 
102.355535 
-193.512421 
77.339704 
-366.625135 
-367.040024 
-64.951569 
133.226492 
167.545439 
-13.889373 
27.606988 
-151.443492 
202.276674 
-13.860889 
-587.074415 
210.528763 
-170.950568 
-125.542626 
9.377286 
121.850448 
-268.462885 
39.247547 
-299.061796 
-106.962238 
39.248481 
-502.577740 
-432.838120 
50.888529 
39.248731 
-165.519695 
-223.208110 
-128.887848 
80.796615 
-196.823145 
-251.428474 
15.966670 
-90.951563 
4.327022 
-37.674792 
24.642662 
-27.732514 
-191.565713 
-170.020754 
-46.437999 
-61.955295 
-146.598556 
51.992054 
-81.571434 
90.164850 
-199.185131 
-18.548533 
70.747025 
-7.311450 
-111.550215 
84.640587 
-272.948961 
-181.293591 
179.690016 
60.900643 
4.328289 
132.375935 
-116.070769 
-18.952776 
43.100795 
-244.720714 
-100.732146 
-56.192837 
-243.487438 
136.481391 
27.610009 
57.754027 
33.724923 
-198.961201 
-349.913275 
-124.445186 
-144.202915 
-87.958074 
-278.920058 
-74.156445 
82.526246 
125.961445 
-63.827375 
-257.869866 
69.837056 
-144.177286 
-72.984683 
15.970058 
-107.349456 
-167.357454 
-146.998846 
-46.037415 
-146.998529 
-338.871261 
-332.136300 
306.983041 
-47.185892 
-96.533755 
148.502242 
43.849772 
-376.644084 
-283.583000 
153.510817 
365.186609 
-166.201891 
200.529711 
-155.357963 
178.201289 
128.378041 
312.850364 
125.728120 
-269.825129 
186.579128 
62.530631 
-18.836507 
179.188894 
190.575913 
226.151186 
144.304730 
-135.719891 
-62.817286 
173.355563 
311.560366 
200.639905 
-273.485396 
49.225419 
168.316059 
153.775182 
465.219649 
-335.667257 
160.097169 
-64.015123 
-120.191086 
854.091766 
468.998923 
-169.134205 
-167.418780 
47.314914 
297.606701 
684.695077 
167.156964 
-293.800629 
8.315041 
74.169759 
313.513080 
-7.177515 
-46.425241 
-23.141453 
-48.783242 
-236.197793 
246.298764 
260.419648 
246.826876 
-43.008638 
231.875530 
-231.631871 
14.133817 
-192.260882 
186.291269 
277.948097 
80.675850 
82.224118 
-90.799968 
296.378829 
457.522343 
-17.043970 
180.521841 
142.415760 
-98.867843 
-207.165060 
436.790723 
446.042425 
-189.716867 
-58.470221 
267.195347 
284.870660 
83.744947 
-142.166268 
-30.561604 
49.827059 
464.558482 
11.761025 
167.298194 
227.673841 
-5.736462 
-292.525529 
523.500956 
224.378658 
-26.768201 
44.889994 
283.703977 
5.892954 
190.911212 
131.880109 
47.641784 
-515.848719 
-93.329087 
50.912624 
-55.307423 
900.656155 
198.580029 
-579.410451 
54.268767 
-28.895180 
-49.383244 
120.734578 
-86.137468 
-180.604143 
58.144828 
-216.852180 
103.727878 
318.627186 
-6.835086 
-532.414421 
-168.552841 
-74.132652 
12.032708 
353.546629 
164.795137 
-42.232344 
-228.353988 
46.496325 
-160.991603 
314.458840 
-448.846769 
-36.505737 
-55.596315 
-65.069398 
189.987213 
-110.546100 
-93.431109 
-302.630660 
-140.272063 
-6.244731 
-137.012247 
62.649442 
-452.562608 
68.000381 
-209.620626 
90.551375 
-274.222877 
-417.495671 
-25.958767 
-190.000476 
149.086759 
143.610881 
-97.217102 
38.347186 
-185.667885 
55.106478 
-19.167291 
50.892941 
15.775936 
-147.969565 
-30.682379 
435.032056 
-243.379664 
-476.103809 
162.895564 
204.560963 
29.219878 
394.472754 
-461.771143 
-35.560633 
131.331237 
-79.990095 
56.684683 
-123.362246 
-402.298274 
167.294783 
336.087451 
501.424149 
-145.735280 
-82.570080 
-87.470760 
-93.537935 
13.044380 
179.780786 
22.783593 
108.611449 
219.693809 
85.716877 
370.185812 
-35.537838 
6.248562 
-38.775284 
48.814820 
363.230313 
-5.177408 
411.749328 
238.050472 
365.187048 
-393.536307 
-145.531274 
-105.908552 
-162.045872 
-84.303537 
213.858292 
104.506537 
2.565609 
33.381649 
-9.010190 
-19.075368 
219.388154 
-154.299375 
105.002905 
25.360719 
-404.979650 
93.188407 
248.780459 
155.729239 
378.379747 
-303.927323 
-116.513190 
152.508283 
46.721244 
257.725417 
-136.489368 
-84.924095 
-244.980378 
-46.763938 
-25.880976 
89.900819 
-43.881878 
139.248542 
199.242257 
74.483995 
-137.578412 
-148.993282 
-26.665327 
-245.968990 
31.446175 
80.384728 
-222.194746 
-56.592480 
551.437822 
213.858339 
-233.935742 
-106.322088 
-86.497262 
17.916813 
260.395871 
26.142994 
-299.747913 
-152.979454 
186.587141 
-29.229522 
-125.757455 
157.136152 
-8.954375 
-53.314007 
-112.214087 
-30.594158 
-42.235689 
97.452026 
388.467886 
-135.807725 
-245.670323 
222.437505 
-114.177646 
60.096656 
112.479929 
-172.924247 
15.780960 
208.206547 
-218.042751 
-59.103552 
177.027009 
18.651634 
-287.965411 
-94.254139 
-135.921175 
16.110443 
-7.206889 
10.664416 
-42.235588 
-225.432937 
-182.214378 
-60.912226 
-18.954337 
31.293312 
-982.589915 
144.014311 
491.870090 
157.566439 
365.186056 
-47.669029 
-332.031430 
-36.107204 
-488.944170 
31.669902 
-77.029986 
131.797693 
88.681677 
22.991993 
-127.629291 
288.302656 
-202.167099 
161.082101 
54.117890 
-191.672394 
151.605826 
32.041439 
-70.885594 
261.564348 
180.829652 
-141.353732 
-201.293031 
-42.183938 
12.925799 
66.718225 
415.828237 
-166.652659 
-159.211130 
124.384311 
-183.050379 
289.857814 
-141.216098 
-4.852877 
-6.610477 
84.831995 
557.603613 
295.344447 
-145.545946 
-35.560256 
3.716294 
-41.120858 
40.397310 
282.411057 
-1.048939 
-33.245419 
155.656998 
132.375883 
12.553148 
36.672352 
36.952755 
64.086783 
85.812010 
119.946233 
-183.238939 
51.464344 
-42.027757 
-148.856542 
-18.953925 
89.550620 
-368.048860 
-55.105729 
272.165771 
92.485370 
-19.430192 
-19.681595 
-340.333015 
180.284822 
-242.709163 
295.343992 
370.279970 
-631.541053 
128.072551 
56.511156 
-111.203050 
196.489776 
-295.144940 
205.074494 
225.498992 
-132.370614 
-69.671607 
-233.355601 
36.326458 
-18.302839 
-399.863353 
-177.580736 
-115.033221 
50.888660 
-69.423270 
166.513472 
155.655567 
27.609935 
-78.236525 
125.937351 
-347.468571 
248.780674 
39.248981 
-73.034624 
-333.248903 
40.689911 
93.794670 
-41.104930 
113.952315 
27.604537 
-64.064448 
272.061330 
311.389181 
-122.518601 
116.644463 
4.219864 
-10.352324 
-198.669559 
204.005344 
-216.848339 
193.753542 
-216.600203 
231.852810 
-14.658359 
98.228231 
-2.511430 
-30.289584 
-13.573131 
954.312886 
-206.302811 
302.588221 
62.532289 
-80.099602 
-209.952948 
104.446453 
122.896787 
17.357437 
-72.238906 
-19.073759 
2.391295 
130.099823 
-291.717451 
105.347920 
56.229240 
97.453464 
-177.209058 
-111.791579 
110.752653 
65.305818 
122.832219 
-93.656651 
-345.506863 
-137.367020 
17.055478 
-6.321186 
85.812384 
22.773517 
-410.488063 
62.531301 
-172.873832 
318.580210 
62.531693 
-18.953186 
-90.140959 
-382.138026 
-202.530257 
208.218067 
-171.226758 
-230.921992 
97.452508 
-91.702393 
97.453000 
-208.890961 
216.808897 
3.196235 
13.901899 
-314.533990 
-320.559173 
-71.218449 
132.589527 
12.609630 
-79.082516 
18.807895 
-295.619502 
-116.480833 
-106.395720 
120.732915 
-103.046926 
175.778529 
-186.813750 
-85.927737 
-18.152789 
-65.048466 
225.498438 
39.249338 
-567.113743 
27.607731 
-286.691229 
-49.425667 
-311.967155 
-50.864894 
-131.779234 
-121.176218 
15.968447 
146.827029 
-156.200387 
-77.939821 
-32.848710 
-113.534500 
-159.229334 
-164.165679 
-162.404118 
-144.646283 
-62.778746 
-296.072391 
-56.411337 
-252.553949 
281.793126 
-437.603748 
119.753463 
-146.999598 
-197.130394 
-91.853912 
-146.999670 
-21.853113 
-146.999443 
-319.936801 
-141.874440 
528.162025 
-120.526248 
-110.536592 
352.731925 
-80.274210 
-327.760609 
-159.411509 
-46.301847 
528.161028 
-434.686647 
242.551725 
-165.153698 
-55.228145 
27.801371 
671.892668 
156.019764 
-217.628760 
143.210780 
155.657128 
8.278966 
351.196695 
213.861227 
98.566394 
74.984252 
-252.132540 
-55.345976 
275.285797 
220.055187 
37.655831 
-280.524366 
-130.197173 
-78.027500 
107.010090 
246.253285 
-178.564969 
133.121978 
-23.618182 
-210.940033 
597.995463 
338.740176 
-115.330120 
-87.126027 
-78.490512 
173.606753 
680.647645 
-106.824246 
-264.804658 
-130.842233 
97.449383 
-9.714743 
148.412604 
83.480834 
-0.476682 
-232.854943 
-142.233802 
69.327778 
330.263097 
19.364248 
-392.571351 
-60.338367 
-346.325959 
-3.801396 
-232.927397 
65.326964 
62.917416 
-223.937626 
-111.575243 
-282.528359 
409.803470 
266.463902 
157.271909 
152.292662 
-115.007524 
-69.644573 
167.869354 
428.613813 
-25.692168 
-48.526574 
56.075457 
66.304655 
227.428587 
98.530900 
-134.921070 
-300.278723 
-57.997699 
92.002963 
154.958491 
563.083261 
83.689470 
5.824882 
-147.411685 
498.672537 
339.308243 
39.712653 
259.953840 
306.990857 
-0.002745 
-22.145576 
193.096732 
-259.272678 
-103.913706 
-17.336349 
238.643283 
149.655502 
667.847472 
179.641406 
-284.662765 
293.186580 
-17.219530 
-17.336317 
598.010393 
84.690181 
222.389953 
221.923935 
-87.474117 
64.251098 
144.022188 
236.917010 
-203.742319 
-1.082025 
-43.518001 
81.496560 
784.257621 
-171.521138 
213.865649 
-104.781504 
224.285102 
72.908385 
460.526271 
168.523009 
11.542495 
-19.846317 
241.974908 
280.742709 
-11.206144 
-396.473607 
38.581225 
-103.802395 
-81.054847 
-65.232624 
85.970952 
-454.025350 
55.493545 
-78.226269 
63.048924 
-305.604067 
-326.593875 
146.332072 
-86.587339 
397.636120 
-169.707679 
-26.296622 
52.555984 
-117.959215 
169.892303 
94.325052 
260.423040 
198.054354 
-43.884404 
-41.646187 
97.451393 
-48.123729 
-194.289737 
26.429882 
176.068510 
-12.449313 
187.902081 
125.754753 
-179.740617 
-37.003149 
-72.633696 
-131.526589 
142.576683 
-516.541667 
260.424423 
324.446374 
-34.360151 
-249.732388 
-310.626900 
-180.264956 
-160.486967 
81.378210 
-236.216134 
-152.880034 
42.349970 
39.931742 
-96.981966 
-98.901545 
-42.744982 
-53.137131 
-98.994107 
96.547879 
305.927795 
-0.144736 
330.264498 
361.640943 
341.904685 
-479.777825 
-337.557555 
-221.040973 
28.585295 
86.512496 
481.591181 
178.247652 
-549.795340 
-183.283489 
-77.891562 
-3.723693 
92.671019 
-73.269261 
-193.164977 
167.138282 
-78.743142 
3.527788 
144.010374 
401.366882 
348.889479 
-235.543286 
-113.989033 
84.374773 
255.206543 
285.246946 
12.644395 
-314.565788 
-349.076318 
48.707666 
130.669689 
183.276043 
-0.784012 
-48.585237 
13.702502 
-40.990379 
57.981275 
-176.004698 
20.389971 
-192.432921 
-117.531628 
10.090087 
-229.293327 
-99.262461 
248.780297 
237.141648 
-133.726464 
-385.686708 
193.101924 
-305.981776 
-168.364694 
-53.958624 
-281.477889 
120.971738 
51.969121 
176.611675 
-53.684492 
232.594504 
543.450951 
183.609738 
-207.153273 
27.611132 
202.217613 
458.313405 
202.220148 
233.690648 
-46.752892 
344.598931 
195.090388 
101.406535 
-138.992935 
-1.237547 
101.664104 
205.129806 
-213.956688 
-251.898089 
97.400753 
-223.495491 
-326.687088 
-112.468139 
-142.749574 
216.512379 
-65.789646 
-364.276167 
-18.954449 
50.885797 
20.376231 
-81.877716 
167.295628 
-29.862832 
-406.997937 
621.281002 
159.003858 
-4.526306 
155.654149 
-22.836606 
-128.434554 
-135.946800 
-49.510681 
-327.933903 
-46.577072 
111.341123 
-118.967962 
-65.390277 
-356.527356 
-150.547699 
18.680203 
-145.563312 
-94.124899 
-48.496521 
161.031657 
300.772487 
315.742805 
-38.267788 
-73.231773 
89.508506 
99.314162 
-74.476523 
-274.132603 
77.299751 
300.958061 
169.473697 
44.286976 
-197.042065 
-125.531041 
88.144624 
-109.284223 
-70.091333 
72.426817 
215.314085 
136.809326 
-30.589410 
-165.634395 
35.042835 
30.209844 
141.388516 
8.295326 
120.445278 
-182.351342 
-182.252082 
109.097291 
-18.948305 
-155.722373 
24.270709 
-28.369835 
-370.497958 
4.331105 
221.694553 
54.048236 
240.741391 
-61.516528 
41.938239 
318.628270 
15.888684 
-160.190538 
-77.752800 
294.038679 
-14.959637 
82.777800 
119.647845 
-18.623861 
298.102408 
178.104179 
-42.234634 
-624.273265 
-484.576903 
125.194240 
66.563008 
-220.193699 
88.874135 
-360.493733 
-139.584168 
-30.596213 
-275.709469 
-110.083201 
144.912183 
-109.546955 
1.871466 
-498.930524 
-150.546741 
45.359977 
120.734320 
154.455077 
-66.119009 
-42.236845 
-18.954743 
95.345937 
-67.028995 
-96.909071 
-18.949062 
4.326209 
3.552022 
-47.668269 
4.641850 
-43.620531 
-30.669306 
-70.910177 
248.783203 
-139.723877 
202.221291 
188.021769 
-57.202757 
-10.850908 
-38.987120 
-132.940934 
-181.703372 
52.550613 
435.031378 
62.723740 
13.847326 
-116.554159 
-192.379928 
-60.323110 
21.411687 
-332.439865 
21.589280 
862.553974 
-305.891800 
217.878237 
27.607893 
-296.187083 
223.393265 
-153.960352 
101.228933 
-234.514752 
17.115550 
-147.913897 
-161.898381 
-35.361688 
-150.903210 
-63.143809 
-14.488372 
27.610837 
-116.087460 
-63.194202 
91.922452 
111.776060 
-33.292235 
-96.494776 
-87.918283 
-175.029470 
184.960044 
-120.075073 
74.173412 
77.187681 
-246.320468 
62.532808 
48.764067 
-100.665395 
27.611744 
62.532452 
-345.455200 
-256.598217 
78.660613 
66.445396 
-7.646011 
-166.099331 
62.531809 
56.551618 
74.171303 
-77.050142 
-63.850662 
-146.240674 
-161.966419 
-121.422278 
48.964942 
-220.572375 
80.679447 
-41.290629 
-105.309624 
-143.031910 
-126.004188 
-111.982847 
10.709512 
202.217574 
-122.626212 
-303.890378 
-159.983261 
-49.122803 
9.428859 
75.933856 
39.248181 
-7.312446 
-435.405847 
-7.312914 
311.370114 
-192.453753 
-175.934255 
-281.728578 
-132.419477 
107.288017 
-147.002029 
6.033907 
28.901209 
-310.186600 
-222.272085 
-30.592299 
-176.977185 
89.330716 
-39.367472 
-242.338378 
-168.165862 
168.691675 
48.158156 
-141.864029 
-199.151701 
-241.645419 
87.270297 
-147.001962 
-15.132886 
218.541342 
-147.000618 
-167.596649 
-147.000096 
-280.620250 
-25.684063 
493.234505 
-368.918871 
-284.897406 
493.772063 
110.750947 
-273.500602 
188.250067 
241.850405 
213.859462 
-275.321397 
77.456114 
225.882135 
47.168831 
329.655077 
582.752326 
295.944930 
-172.181881 
298.256768 
178.937185 
318.873653 
364.764143 
353.546475 
484.900051 
213.873993 
-611.787668 
-15.392563 
486.911737 
530.142707 
151.894843 
275.324525 
25.285832 
73.756355 
249.766194 
-15.210965 
-250.071816 
43.767900 
61.978971 
67.172981 
260.420005 
232.946118 
309.364263 
274.484125 
-78.566434 
368.689364 
617.728373 
139.287549 
20.626382 
-13.248148 
737.686006 
34.212041 
495.710473 
-94.509231 
96.384133 
-95.346138 
645.656330 
-189.788521 
365.186893 
181.863615 
-79.781350 
83.456220 
-91.311393 
-106.337096 
-40.457768 
-157.113175 
131.283696 
-217.111677 
-108.591378 
-121.177461 
195.422453 
170.833336 
-149.940775 
-201.697970 
-275.587545 
168.586655 
81.042521 
651.434321 
1050.238433 
-247.556562 
-4.740462 
153.756346 
159.079646 
-49.896311 
-3.666114 
-336.106235 
-315.070860 
-14.412283 
127.643730 
376.828865 
-35.956366 
4.181873 
6.772429 
349.667213 
344.391097 
-277.819579 
-177.043266 
330.266335 
-203.566338 
-67.054764 
384.253216 
-75.280176 
90.501040 
298.013087 
84.975572 
107.017638 
621.282237 
217.971139 
-322.844165 
263.124135 
-68.795133 
-183.235604 
481.595034 
106.401939 
-166.252304 
130.332553 
-100.816158 
236.054232 
237.141429 
346.707731 
-254.615472 
-257.503136 
82.832631 
62.315642 
644.562368 
-238.854520 
190.578377 
178.042218 
416.467785 
198.532418 
266.435190 
40.867935 
127.825249 
-19.829970 
-60.937027 
-41.238189 
10.035825 
-166.121773 
-118.293515 
-8.225392 
-435.950331 
173.669756 
232.372388 
-124.444958 
-45.662222 
-37.387672 
238.501842 
-304.822479 
-425.147154 
-19.817133 
66.592615 
142.610959 
-272.393026 
147.868329 
80.918732 
137.962014 
25.349071 
384.455397 
458.313543 
-80.687332 
125.885656 
-90.754301 
120.734535 
-229.075571 
-286.696275 
304.935068 
-235.534367 
247.829881 
138.863860 
157.393925 
-363.890931 
-174.957528 
-39.241165 
-68.656525 
530.723493 
-436.050711 
504.875108 
330.264400 
11.003416 
175.934708 
-151.049938 
311.237570 
-98.048783 
230.776810 
-165.662799 
-3.909334 
-33.074023 
-88.645574 
94.651965 
-85.578971 
73.372127 
21.342880 
86.723252 
337.385793 
44.745186 
506.760078 
272.062926 
74.435947 
155.656795 
-593.410646 
-415.233565 
-29.351852 
-102.276921 
471.784847 
435.031727 
103.823792 
-600.001427 
140.980582 
-226.726190 
155.113652 
380.341306 
-249.769687 
-337.591481 
-17.205943 
-198.970863 
-98.004295 
97.453341 
203.952038 
-337.129875 
-128.747909 
106.013838 
-126.232621 
234.632444 
26.204293 
49.383852 
-142.491592 
-73.550308 
45.287205 
-115.820790 
113.842969 
-242.662519 
9.541907 
-184.256168 
-69.124455 
148.232254 
-201.044076 
76.739780 
-236.417929 
-290.701885 
146.771984 
244.985191 
-124.577749 
283.703040 
574.718397 
-220.229860 
-271.340392 
-1.493100 
-322.708602 
102.199416 
128.079753 
-627.306471 
125.852664 
-40.483285 
96.756899 
57.852643 
89.086499 
508.433490 
290.037737 
-206.881109 
318.624880 
202.218115 
109.092969 
74.171519 
379.568006 
-76.575235 
365.823479 
208.284444 
-20.391527 
-430.171535 
-226.053920 
149.080641 
356.190999 
-303.443335 
-122.032899 
-55.766155 
-39.367999 
-152.464590 
25.060428 
-11.392425 
37.189381 
-225.727100 
-376.411742 
318.624871 
61.979569 
143.352513 
-289.430526 
481.593815 
-168.309180 
-168.150468 
388.469053 
162.094166 
-73.925057 
283.703431 
237.918499 
-388.658357 
-330.133676 
-52.419799 
-475.252570 
-8.208230 
-51.954265 
-371.679074 
-50.133037 
-225.594961 
-91.527241 
74.720147 
-244.626815 
-457.395685 
-22.118787 
336.029909 
54.719918 
-52.384113 
-151.751530 
-66.931938 
85.988881 
-2.477282 
-12.118009 
-156.902425 
51.151577 
126.420370 
88.365458 
-141.338191 
-153.953990 
-264.345492 
89.124064 
-175.677393 
-334.967547 
307.622428 
69.340546 
-55.214471 
-42.235221 
-208.125007 
0.230600 
-29.329700 
264.874490 
-58.627055 
90.442705 
-8.420598 
-60.780129 
50.889212 
97.452333 
162.064952 
3.468391 
38.057984 
-159.416419 
272.061525 
68.578142 
88.103947 
-62.360806 
-433.231505 
-386.954898 
27.609137 
94.916115 
-137.395465 
-278.369100 
325.778591 
-72.395793 
8.369357 
110.675292 
-19.215335 
253.979891 
193.778673 
132.375081 
-538.415524 
332.448860 
55.861337 
-70.822901 
-214.454867 
122.397975 
-381.254617 
196.270310 
-18.952680 
-199.936513 
-357.742841 
-35.961766 
-259.346536 
-245.707171 
-536.900365 
-59.376427 
-237.242054 
178.937705 
-73.225068 
-245.842797 
27.610382 
295.342957 
105.373486 
-7.851200 
10.018895 
15.970897 
4.327430 
301.747034 
-196.665515 
56.498877 
-155.791559 
140.821014 
-96.342341 
15.968146 
-33.503039 
-135.358078 
-56.698502 
-116.124688 
-59.993703 
-132.422751 
30.381006 
-487.943869 
-63.375032 
167.296665 
-7.369572 
-127.044892 
-180.545515 
-208.067889 
-144.528884 
10.041965 
61.861209 
-34.381364 
600.137577 
-254.662059 
111.772476 
-18.953008 
-165.407630 
399.292913 
-26.800561 
131.959760 
-278.271391 
-18.166806 
-17.559411 
-315.007312 
-40.271101 
-163.797855 
9.431448 
-60.918574 
62.531541 
-324.388087 
137.013756 
26.468193 
-873.628365 
-267.710907 
-330.266400 
-132.900914 
-110.152361 
-1.083764 
-235.060754 
-42.233913 
-61.038918 
-194.286133 
27.609146 
-59.689312 
-41.068223 
39.250542 
15.968883 
-47.096398 
-187.980723 
-42.361457 
27.413742 
44.292826 
-197.436715 
4.328091 
96.993745 
85.812413 
-119.011632 
-116.643506 
-61.525209 
-306.563445 
-303.877635 
-72.209626 
-139.152664 
-91.201232 
-109.302920 
-134.645020 
-161.583565 
-135.527369 
-142.996209 
24.137072 
-65.515756 
-163.439383 
79.560339 
-105.221003 
-45.741546 
-36.822324 
141.090343 
15.967962 
-7.313051 
-219.490824 
-7.312974 
153.868268 
102.483546 
-28.901141 
-124.816066 
-246.317541 
241.206948 
-147.000952 
-18.889673 
-69.811870 
-130.051921 
-390.090855 
-146.999784 
-154.259516 
269.998198 
-142.326508 
-323.712253 
-258.098683 
42.999997 
-4.408142 
-190.202436 
-128.191230 
-6.557057 
-59.323671 
-147.001131 
241.633735 
12.418572 
-147.000882 
107.084592 
-147.000881 
-316.541098 
-72.062284 
411.751257 
-88.938278 
179.000434 
-178.305972 
-382.219324 
-385.415581 
101.334104 
351.388626 
97.454018 
-99.603458 
-241.107287 
-296.978326 
452.806274 
42.591611 
221.855893 
81.872824 
-370.061253 
48.993460 
74.171405 
296.094002 
349.390646 
574.717262 
348.488011 
411.158920 
-523.184267 
383.544538 
556.521632 
238.340729 
171.344938 
-126.134530 
-1.539005 
-9.296497 
175.317742 
-190.883827 
50.464136 
166.990817 
44.562550 
280.075605 
365.183917 
295.343162 
3.933326 
93.644041 
233.700711 
180.057479 
488.992086 
-228.758481 
-72.797333 
-29.661027 
341.901685 
-79.318799 
220.441760 
114.427215 
86.103337 
-181.925596 
229.625197 
-275.541849 
120.730820 
217.179270 
44.903776 
174.184941 
51.145577 
141.544493 
114.187611 
-1.476665 
425.409012 
-284.201126 
77.443784 
182.165369 
-121.601510 
53.299282 
-81.165522 
-14.389081 
29.856477 
175.239526 
-83.159837 
245.828358 
707.130925 
50.107241 
108.040310 
352.892263 
177.828907 
64.524421 
-131.014792 
266.480851 
39.046277 
-18.131524 
-45.706626 
947.218784 
146.465096 
42.982279 
-57.938140 
14.416623 
347.857666 
37.976203 
26.221942 
330.265143 
30.115133 
137.010498 
105.021303 
61.644054 
26.076521 
33.512331 
136.579987 
100.770869 
411.749831 
122.202977 
-88.101885 
63.259262 
115.002056 
-25.766987 
144.015424 
-33.623243 
208.526044 
12.470798 
74.925581 
-31.480522 
435.031169 
160.667401 
9.133360 
-181.847405 
77.386737 
-81.304376 
-65.517730 
-43.087030 
388.468370 
174.039736 
31.332152 
14.353997 
248.748480 
-55.743991 
94.318296 
-48.686500 
-234.502639 
-263.557534 
-275.879737 
40.895185 
-61.020305 
-546.441309 
87.000299 
90.538205 
383.630256 
42.888881 
-170.731899 
-167.300144 
48.134593 
-528.538565 
-385.957055 
-118.084366 
-15.729943 
-283.997784 
-143.582521 
89.227050 
-59.851000 
-154.979036 
20.073559 
291.419859 
446.674374 
-166.056271 
184.606616 
-210.288388 
481.597393 
-36.396605 
-375.245464 
196.821969 
185.007736 
76.924795 
-28.124303 
-109.204259 
-210.059280 
203.195391 
102.545856 
-98.007740 
26.861553 
-101.188360 
237.141584 
429.211005 
233.914105 
399.305812 
-51.514338 
96.934457 
137.565872 
-23.180516 
-507.487355 
-51.218166 
-237.003927 
140.021188 
-382.582993 
-58.782275 
-469.085453 
-181.482794 
-2.559397 
420.261226 
133.004468 
-11.182174 
225.501361 
240.556719 
109.094673 
83.771897 
-131.812469 
78.673415 
-187.117027 
146.109158 
365.187747 
159.012328 
-290.817445 
285.110357 
134.284585 
176.421552 
-44.102128 
-337.904356 
96.763915 
35.715724 
-188.146396 
-63.101211 
353.546851 
196.116873 
-354.978692 
-159.525867 
229.763163 
-65.259654 
61.018374 
109.253903 
114.969258 
-278.176212 
-348.180569 
-27.745145 
88.301733 
31.392781 
-191.409039 
-487.854831 
-259.278763 
-114.866597 
105.523237 
61.174746 
-16.583707 
-46.785167 
-207.032726 
187.058471 
148.565782 
46.515595 
283.700467 
411.747979 
-417.881068 
-10.668179 
-75.795714 
-267.788807 
189.463586 
-6.867699 
-354.687859 
-17.411130 
-334.924040 
-257.086152 
-244.653390 
158.744349 
-21.513823 
301.319605 
-320.609984 
225.499837 
144.013956 
202.218171 
190.577852 
227.127729 
3.957098 
184.390751 
46.525029 
23.644116 
-224.552046 
93.341354 
-72.327515 
453.668544 
-633.897859 
-183.029944 
-66.803809 
-34.877015 
-461.387420 
-187.940131 
46.012044 
40.438647 
-52.959450 
-281.223122 
272.064926 
-154.098811 
65.267274 
63.991970 
551.439410 
34.269585 
-194.185731 
248.783754 
43.260558 
84.657107 
213.861957 
213.086032 
-59.799824 
-176.356306 
74.173865 
-193.795540 
185.682369 
230.089063 
-108.457911 
-20.086201 
-88.744413 
-75.702710 
-113.628909 
-198.135145 
198.981752 
20.764731 
91.260911 
-80.382042 
-427.482211 
-125.242864 
44.080710 
-30.723599 
-216.742821 
-267.234198 
-164.914691 
-194.568637 
-49.926470 
-280.117201 
-110.528959 
177.404650 
-484.925488 
20.289973 
-141.588298 
121.204636 
293.369230 
100.276565 
-43.253444 
4.327216 
29.136141 
-54.555734 
110.195967 
168.117699 
49.363977 
0.033756 
-149.988630 
-89.596930 
15.967432 
4.327333 
-119.446986 
-173.342256 
-193.592016 
-283.582407 
248.780962 
38.891720 
39.068003 
27.765750 
-44.808076 
135.125588 
-18.952375 
-23.086863 
-56.673130 
-45.515155 
1.118978 
-46.022214 
-181.222786 
88.727462 
9.290325 
170.378758 
-3.558214 
178.938640 
-47.326463 
-126.627648 
360.238846 
-5.475117 
-300.173983 
77.421012 
-207.250717 
28.185086 
4.329809 
-77.151979 
-106.071469 
-115.496265 
-144.879481 
-27.304845 
118.512936 
-51.113999 
-193.383492 
202.220435 
-13.912308 
-40.529771 
27.611140 
248.782666 
-8.476866 
11.593583 
-168.930040 
4.329024 
4.329365 
251.640991 
-246.333212 
10.537643 
-148.890699 
70.087732 
133.118293 
109.093606 
18.150523 
-30.593672 
-116.174645 
82.528519 
-96.098610 
167.006030 
67.268428 
-174.291690 
-101.583735 
260.419913 
180.820851 
-89.466466 
-158.165810 
100.341957 
-229.274092 
128.956019 
91.284282 
72.352137 
-34.005704 
-217.763859 
140.515960 
-18.954211 
-40.968006 
149.862926 
-207.555331 
212.693701 
-193.018049 
307.472877 
148.098531 
20.781462 
-109.509596 
-86.303992 
158.987296 
81.242999 
50.889009 
-172.584962 
123.368011 
116.132971 
-680.015335 
-54.539510 
-109.007857 
-98.883511 
-186.784962 
170.059447 
58.309050 
74.170781 
44.950158 
124.417392 
109.093259 
-302.882605 
-365.570944 
50.889993 
39.249498 
-290.034301 
-236.021847 
-50.212032 
-94.878951 
68.254722 
-180.070596 
50.890702 
-95.486125 
109.094403 
-54.101597 
-92.934536 
250.523015 
-272.558596 
-112.902629 
-98.742571 
-28.119436 
-155.992347 
6.904872 
-189.701130 
-151.653213 
-22.085699 
62.595704 
-55.048810 
-18.952449 
38.083859 
-143.722196 
-191.316713 
124.353017 
-77.555192 
144.758972 
27.610488 
27.610210 
-255.230467 
39.250873 
-212.109959 
-24.515322 
226.292601 
-63.433163 
-224.612577 
-253.636768 
-146.999609 
137.390253 
267.430525 
-159.641580 
-378.481778 
-146.999719 
-176.352796 
-373.412766 
-282.535797 
-16.680063 
135.220350 
-33.872990 
-153.945517 
-224.786591 
-124.826196 
-128.267162 
-39.252642 
-146.998744 
208.435659 
-168.677562 
-146.998919 
-172.284459 
-146.999557 
-344.035784 
-201.795526 
-135.359375 
-144.729580 
-147.711351 
-149.628090 
-152.519491 
-153.315522 
-147.000000 
-150.252650 
-147.000000 
-151.174913 
-145.209732 
-145.093139 
-151.067948 
-136.129213 
-145.771993 
-145.816075 
-149.666636 
-149.215095 
-147.000000 
-148.584011 
-150.296749 
-147.000000 
-132.203732 
-135.966020 
-142.221146 
-147.499579 
-146.232035 
-147.942421 
-138.109152 
-144.272454 
-149.259618 
-139.525836 
-151.115800 
-144.139334 
-147.527654 
-143.149632 
-136.837034 
-152.594462 
-147.000000 
-146.040271 
-144.208309 
-162.856491 
-145.809913 
-146.505324 
-140.216468 
-144.478391 
-147.899746 
-147.230137 
-147.000000 
-139.195457 
-144.230843 
-149.610088 
-139.532967 
-146.272461 
-150.106157 
-144.885216 
-147.000000 
-142.125833 
-133.278995 
-146.106153 
-143.909297 
-145.694966 
-159.437714 
-152.539440 
-144.484103 
-147.833805 
-147.792006 
-144.164145 
-149.695264 
-148.123200 
-139.363126 
-144.923403 
-144.429238 
-147.010047 
-145.192275 
-138.172339 
-134.583333 
-144.824138 
-142.366405 
-139.709535 
-146.402342 
-146.725206 
-145.209733 
-150.049339 
-150.137021 
-140.149226 
-142.071314 
-147.000000 
-148.077257 
-150.016670 
-149.364009 
-147.000000 
-139.046059 
-146.908832 
-146.772952 
-147.000000 
-144.923349 
-144.582726 
-150.048455 
-150.561006 
-145.947000 
-148.273780 
-143.694545 
-149.012647 
-147.000000 
-140.616278 
-145.378202 
-145.151868 
-148.466553 
-148.550957 
-147.000000 
-147.693066 
-143.339772 
-144.171872 
-138.958827 
-146.257494 
-147.000000 
-146.348272 
-140.466773 
-141.376650 
-148.655923 
-154.291830 
-147.000000 
-148.568352 
-147.000000 
-148.678376 
-148.946810 
-143.950641 
-143.209298 
-134.920673 
-143.880321 
-145.810674 
-142.083718 
-146.858603 
-145.447572 
-151.675806 
-149.361491 
-156.967873 
-137.548462 
-146.230349 
-146.277998 
-147.000000 
-151.206629 
-146.798185 
-144.949565 
-148.230360 
-155.575884 
-150.539722 
-144.545182 
-146.686223 
-148.151257 
-148.304499 
-144.472146 
-145.514989 
-152.039495 
-149.596057 
-135.359375 
-143.635307 
-146.839114 
-142.100692 
-147.000000 
-142.583318 
-147.961533 
-145.559493 
-144.536166 
-145.545978 
-148.871181 
-145.346962 
-150.515047 
-147.409340 
-146.698607 
-143.898697 
-141.761852 
-151.712148 
-135.359375 
-147.000000 
-149.604567 
-147.693066 
-147.533563 
-142.216027 
-144.740357 
-146.899618 
-144.953151 
-147.453169 
-148.962980 
-147.410989 
-143.637513 
-144.242240 
-146.445373 
-149.048591 
-148.915668 
-145.550738 
-144.808626 
-144.087978 
-147.000000 
-147.150831 
-147.000000 
-148.297243 
-145.498590 
-152.255000 
-150.864118 
-147.643828 
-147.000000 
-146.473087 
-146.689552 
-148.782090 
-144.933423 
-148.690469 
-144.588969 
-134.435720 
-151.644955 
-147.696099 
-146.293068 
-141.947298 
-123.718750 
-153.829589 
-147.000000 
-144.189535 
-140.597261 
-143.909297 
-146.105366 
-142.248350 
-145.764064 
-151.779792 
-142.590995 
-133.650270 
-147.029585 
-149.217494 
-151.855208 
-149.136533 
-147.493981 
-146.797925 
-143.186299 
-144.260410 
-147.331621 
-145.925239 
-137.733416 
-142.518945 
-148.058474 
-144.511945 
-135.359375 
-147.000000 
-149.848919 
-140.129932 
-147.023071 
-148.735898 
-148.606742 
-146.180838 
-147.264896 
-147.837982 
-147.032541 
-145.605071 
-143.879916 
-146.978371 
-142.026594 
-149.384616 
-144.366699 
-147.000000 
-147.000000 
-147.000000 
-147.000000 
-147.693066 
-147.431328 
-146.205277 
-146.901913 
-148.051256 
-149.806302 
-137.618834 
-147.211820 
-143.724717 
-145.279691 
-147.542300 
-146.647877 
-146.091928 
-152.823236 
-147.161398 
-147.690400 
-145.804920 
-145.715149 
-146.011083 
-147.000000 
-149.253701 
-148.009929 
-151.832337 
-147.000000 
-144.887156 
-145.809913 
-147.000000 
-150.851462 
-142.491017 
-147.000000 
-147.000000 
-145.840932 
-145.583724 
-147.000000 
-146.196171 
-148.678376 
-146.396411 
-147.745053 
-147.282556 
-149.636124 
-145.920697 
-147.649767 
-147.719967 
-144.923607 
-147.189446 
-151.623036 
-145.266060 
-145.713198 
-146.350251 
-152.314043 
-144.440572 
-144.027398 
-151.147140 
-150.447945 
-140.340770 
-136.475081 
-147.756310 
-151.011231 
-145.947001 
-141.443524 
-141.955818 
-140.046811 
-147.256873 
-144.139334 
-147.156584 
-143.043854 
-147.000000 
-148.937416 
-146.793737 
-149.230876 
-140.764143 
-146.350251 
-145.529670 
-146.452966 
-147.175890 
-135.359375 
-147.000000 
-150.431463 
-148.800126 
-149.025643 
-147.000001 
-147.000000 
-142.727196 
-145.985754 
-144.654191 
-141.718936 
-143.719957 
-147.000000 
-143.435333 
-140.436363 
-149.175130 
-145.407809 
-145.667680 
-142.121933 
-144.124919 
-145.245768 
-147.676877 
-144.558218 
-147.000000 
-147.000000 
-147.000000 
-150.218476 
-149.242284 
-149.956426 
-142.972358 
-154.823689 
-146.972264 
-147.000000 
-153.631316 
-140.825218 
-144.919159 
-145.367959 
-142.208710 
-146.505324 
-141.512785 
-149.695388 
-147.000000 
-146.729519 
-148.301297 
-147.000000 
-147.000000 
-147.184154 
-144.610074 
-146.972264 
-147.000000 
-147.000000 
-139.189551 
-134.583334 
-148.094458 
-143.174719 
-148.955507 
-142.956579 
-147.000000 
-147.000000 
-147.000000 
-149.048148 
-147.078682 
-148.303677 
-145.777032 
-137.955459 
-139.875455 
-148.158690 
-147.000000 
-145.952620 
-143.137106 
-148.466553 
-145.551360 
-144.955908 
-145.756320 
-148.654488 
-146.827355 
-147.000000 
-147.675916 
-144.141244 
-147.000000 
-146.267164 
-146.390860 
-151.105166 
-144.356831 
-136.474368 
-147.155129 
-149.231634 
-141.068670 
-146.745713 
-143.624522 
-147.779372 
-146.030196 
-147.000000 
-147.857696 
-142.359719 
-150.010492 
-135.359375 
-146.727978 
-145.852727 
-146.270856 
-146.263876 
-146.140234 
-149.748442 
-147.000000 
-149.939296 
-143.570911 
-147.000000 
-147.980013 
-146.963597 
-147.000000 
-147.000000 
-148.358101 
-144.046647 
-148.358684 
-140.247599 
-143.247364 
-148.465101 
-147.000000 
-145.780034 
-147.000000 
-147.238394 
-150.708886 
-154.598364 
-148.949874 
-144.246916 
-142.816196 
-149.737966 
-149.240556 
-147.610995 
-146.366328 
-144.745982 
-142.731667 
-145.759076 
-145.625106 
-147.000000 
-149.358654 
-150.885027 
-149.161916 
-147.745053 
-146.116480 
-149.082538 
-147.000000 
-147.000000 
-142.853406 
-147.000000 
-147.197878 
-149.627517 
-148.045975 
-144.264551 
-151.793708 
-147.560304 
-147.000000 
-146.383311 
-144.471185 
-147.234355 
-148.104041 
-147.000000 
-148.823879 
-144.152589 
-146.269339 
-144.394474 
-149.070527 
-146.814490 
-146.521579 
-143.838632 
-146.053192 
-147.180625 
-151.204441 
-147.000000 
-149.681875 
-144.040041 
-147.000000 
-151.263850 
-147.000000 
-148.067732 
-146.002633 
