34.133419 
31.857284 
105.740262 
126.955818 
171.250257 
150.967102 
166.125368 
193.616378 
252.102029 
250.184892 
216.374474 
265.751641 
245.594033 
256.270244 
208.355926 
205.310730 
170.831336 
145.466964 
143.117584 
103.719609 
97.674084 
106.789494 
92.281868 
111.764610 
114.348579 
85.702372 
27.351719 
70.918324 
14.572433 
-10.981076 
-1.633214 
-19.280412 
-15.133279 
-38.518227 
-64.478124 
-55.772798 
-59.665742 
-91.858923 
-74.851198 
-113.564994 
-106.657842 
-110.691476 
-111.057548 
-94.793223 
-88.865989 
-70.587511 
-121.430559 
-89.498005 
-74.851223 
-29.160870 
-7.220569 
-40.383032 
-3.411046 
-5.600843 
12.394534 
23.268502 
34.133057 
78.347472 
1.788063 
10.408807 
-10.678093 
15.650096 
77.219456 
117.768262 
123.062906 
75.268117 
74.860402 
44.189079 
46.515784 
28.033256 
11.724926 
46.016337 
25.520716 
38.931491 
7.371005 
-8.116400 
-110.649131 
-34.142624 
-28.181767 
-11.522704 
4.021637 
31.734599 
72.998016 
7.144024 
-4.695377 
-9.651766 
-55.130015 
-111.179639 
-99.580102 
-113.905377 
-112.073846 
-143.874891 
-122.450412 
-125.951213 
-100.369561 
-74.851519 
-73.648210 
-32.312121 
35.951589 
67.976509 
36.445690 
86.917801 
85.393162 
92.790886 
70.460841 
11.757089 
-76.374844 
-73.892974 
-82.007397 
-55.651849 
-38.523861 
-27.595187 
-45.167060 
-12.128359 
-21.660643 
-7.454475 
34.132047 
34.119558 
33.819665 
68.206681 
74.268112 
72.241914 
106.789190 
56.283431 
34.132624 
-12.976112 
-16.742105 
-46.132447 
-103.416316 
-97.555397 
-44.351092 
-41.740349 
8.500415 
51.013004 
102.084383 
68.908939 
92.584805 
80.523593 
37.263384 
38.988998 
22.853711 
-28.306672 
-25.369024 
-33.218807 
-8.583366 
14.264444 
19.570288 
17.206546 
36.361115 
-2.443919 
12.705560 
21.273743 
-10.417960 
-34.510396 
-64.698994 
-65.047410 
-74.851730 
-38.648418 
-85.984821 
-143.860176 
-111.180004 
-94.958805 
-75.864147 
-31.281782 
-19.965929 
-30.412191 
-25.752098 
-33.687546 
-72.140491 
-57.062799 
-38.179762 
8.114551 
36.229329 
46.845115 
52.296701 
25.050689 
5.002548 
7.279968 
18.662890 
8.709249 
37.083983 
60.554409 
76.590719 
99.622228 
91.716331 
140.858433 
144.875578 
118.002919 
102.331015 
97.054942 
92.680647 
113.098543 
150.202989 
123.763345 
143.117116 
143.337340 
143.117152 
142.073789 
90.193928 
55.441548 
50.246890 
38.073061 
70.461030 
78.188633 
25.983984 
31.843732 
-13.392980 
-31.649958 
-45.836039 
-48.785152 
-90.229557 
-93.761673 
-46.583722 
-55.017085 
-38.523261 
-51.831977 
-23.992023 
-41.383617 
-33.993288 
-28.842454 
-25.078600 
-4.530149 
11.305201 
25.933329 
-1.090380 
-4.015691 
-14.622685 
35.257715 
-10.834463 
-7.267189 
-10.575089 
-40.341264 
-22.205025 
13.835187 
43.192981 
63.560797 
55.426255 
88.062998 
117.733472 
142.426931 
161.281245 
179.445244 
120.103852 
106.904441 
84.612367 
42.609106 
-3.650501 
3.035486 
-49.681533 
-19.687484 
-4.190088 
-33.533413 
-12.858084 
19.730775 
30.711993 
28.635607 
72.211921 
70.460952 
106.789245 
52.296840 
70.460937 
49.905259 
60.444162 
39.698003 
32.477172 
54.976346 
35.003362 
32.833487 
42.606978 
51.579721 
13.560530 
4.440776 
-32.642761 
-56.614259 
-13.016915 
-39.691532 
-36.641704 
-65.456899 
-71.559719 
-53.566129 
-38.523160 
-40.290830 
-6.684162 
8.817440 
34.133084 
46.007683 
55.673632 
70.461257 
112.038470 
80.665005 
70.461224 
30.500219 
-1.863714 
-35.060028 
-21.494045 
-28.443019 
5.188701 
-27.458785 
-47.146235 
-10.463952 
-13.419700 
-15.786079 
39.490769 
47.983256 
69.599923 
64.218724 
104.239303 
108.915089 
114.055374 
124.925540 
109.375931 
90.398764 
21.396159 
29.351528 
27.007143 
33.209450 
21.531049 
20.607297 
9.220913 
0.117742 
2.074123 
18.396971 
3.323219 
-17.019428 
0.231538 
-50.500458 
-36.860422 
-38.523316 
-5.107383 
-8.750151 
-60.115334 
-40.065956 
-20.387567 
-8.202189 
27.715820 
31.764168 
70.461024 
106.789038 
105.070596 
95.755359 
98.819076 
49.874847 
15.968733 
16.503014 
15.386756 
21.992712 
0.726317 
-12.159392 
-38.523288 
-22.276026 
-33.956573 
1.573586 
4.451385 
19.418085 
35.807271 
45.649848 
14.213239 
23.137521 
21.708576 
34.133027 
8.023033 
5.751703 
29.500866 
43.314869 
20.680522 
22.209685 
-9.614896 
3.779408 
-2.195117 
-16.054104 
-2.924476 
-0.786440 
24.984779 
3.676284 
-21.607735 
-54.086162 
-34.562065 
-74.851206 
-41.897381 
-57.251040 
-74.851413 
-74.851437 
-70.147447 
-72.070372 
-67.666125 
-56.687433 
-38.523418 
-54.044235 
-85.750025 
2.542203 
19.180564 
38.162889 
42.414302 
34.132991 
19.374546 
34.133437 
44.760545 
68.303556 
97.366096 
79.110247 
105.824594 
132.759600 
124.784574 
179.445501 
148.526410 
76.090397 
72.992427 
70.668732 
23.472796 
24.532872 
-1.979110 
-16.822867 
-19.720813 
-56.750147 
-16.626803 
-2.195198 
-10.890039 
10.266124 
24.441014 
33.798164 
44.598628 
68.080219 
54.922913 
84.366656 
38.445660 
35.764432 
77.909109 
85.846431 
88.625206 
71.302706 
65.924953 
46.572129 
57.476323 
3.772548 
-17.208948 
-21.372086 
-28.219077 
-10.950712 
-26.127637 
-38.523347 
-19.307769 
-22.164523 
-2.195240 
1.244569 
50.941449 
52.296862 
15.968806 
45.432700 
26.293886 
-6.975172 
-40.023161 
-43.981638 
-62.710058 
-38.523508 
-83.405258 
-38.523600 
-64.136371 
-66.193404 
-48.476180 
-19.544551 
-19.862275 
32.211207 
64.971501 
39.472146 
67.066843 
94.998441 
72.001518 
80.424679 
86.420126 
48.788067 
52.296611 
20.011412 
-21.381673 
-11.760951 
-47.146664 
-40.087356 
-17.452711 
-20.359473 
-20.359554 
-48.099606 
-56.687676 
-62.871711 
-60.194823 
-80.989955 
-91.749886 
-98.436410 
-86.356198 
-93.015726 
-105.029005 
-117.808956 
-124.677982 
-147.329052 
-195.188700 
-149.992441 
-157.711829 
-137.461508 
-155.395622 
-141.375650 
-153.742131 
-163.187293 
-162.000286 
-130.811315 
-119.394439 
-77.638091 
-111.179615 
-119.130995 
-132.252229 
-111.179579 
-60.780988 
-93.015480 
-63.262999 
-32.609287 
-38.520801 
-279.201825 
46.194257 
140.762628 
53.162642 
-77.749066 
11.127743 
267.945369 
70.463127 
-274.827083 
285.911744 
-256.101367 
122.040314 
63.676988 
265.883447 
200.318936 
-21.046263 
94.614565 
70.464052 
134.847811 
64.159005 
70.463258 
-12.559467 
169.775401 
-122.323487 
-16.656803 
-580.436288 
13.555241 
-221.819529 
161.178688 
76.456116 
49.415800 
27.877592 
64.388317 
-269.837250 
361.876022 
-123.173310 
162.662798 
-38.521222 
152.908473 
-35.723085 
26.692699 
-116.758175 
279.376101 
494.331476 
15.681408 
-116.949016 
137.670248 
34.134708 
-42.039060 
103.601005 
83.758098 
37.873827 
26.187266 
256.257210 
-186.725249 
-2.194451 
71.839094 
-187.872315 
-64.264386 
-51.911469 
74.757879 
33.573290 
115.178416 
307.308610 
4.463736 
468.237628 
-59.089939 
-41.829146 
263.866987 
195.198974 
203.298238 
253.355865 
284.642596 
-72.526339 
115.319101 
696.288201 
-85.383189 
-92.583038 
-186.290640 
441.508238 
307.744200 
426.696946 
-8.706305 
215.002662 
225.417259 
250.051785 
887.843412 
-130.844188 
391.569471 
39.550517 
650.500718 
289.226470 
-198.373148 
411.238387 
597.219753 
-62.300723 
-245.341803 
261.048781 
334.177991 
-148.320970 
-228.461417 
89.043912 
110.669686 
397.415869 
269.191870 
-347.380772 
293.860434 
96.657413 
-2.157541 
179.449065 
487.030343 
8.004472 
-195.380370 
-130.998520 
259.498667 
215.776467 
343.326021 
-576.818304 
-362.213772 
237.567509 
184.135167 
306.595543 
-481.007564 
252.104422 
-150.816589 
144.599133 
-115.812185 
290.920540 
115.303113 
-51.657668 
-278.367830 
-341.884404 
125.891311 
130.639756 
-224.152431 
37.981933 
-280.770964 
-44.550487 
-267.177622 
-57.748519 
33.000014 
256.103090 
113.047126 
381.028681 
-693.726880 
-624.870677 
-97.307072 
-139.590194 
112.367519 
-222.862951 
144.751391 
411.143085 
-136.346558 
88.348841 
-143.961367 
397.414525 
-81.714671 
-18.168767 
-445.295661 
397.413817 
48.469999 
-29.650802 
196.397448 
-105.565642 
373.540170 
383.959743 
-526.846098 
193.297030 
-169.160725 
15.697234 
482.725746 
-190.942708 
444.451429 
70.461527 
161.279067 
522.304644 
-680.636304 
-32.179707 
7.395948 
144.611195 
187.890373 
-3.757436 
69.998017 
131.500546 
-57.638597 
-298.820599 
221.164691 
-17.875782 
140.580934 
226.260278 
221.000537 
85.358065 
4.124492 
179.444751 
315.893670 
579.055866 
-468.039195 
-37.574755 
-61.349809 
115.010136 
54.857301 
288.429356 
311.049885 
-393.581674 
-223.562597 
58.974267 
-148.632670 
178.378108 
-248.682769 
-66.738763 
-434.851144 
-90.774724 
-110.841880 
324.758057 
165.745930 
101.945267 
-191.920114 
288.785651 
20.744445 
-21.539020 
-82.170587 
176.187069 
45.366645 
64.972182 
-42.453081 
25.971923 
-22.409892 
-319.110582 
186.178324 
25.416071 
286.181225 
-88.009983 
-82.405650 
199.990322 
-260.762244 
-41.548438 
515.472439 
-84.366611 
163.952109 
34.134992 
215.777267 
-65.720904 
-472.931663 
196.639912 
55.334883 
-51.526767 
434.037544 
-494.369285 
268.292135 
-9.316539 
86.842206 
105.300247 
441.469372 
-268.198946 
115.913844 
-204.671557 
-38.518130 
197.612884 
-74.848307 
379.254207 
583.908862 
-461.024568 
210.483560 
-26.071259 
316.366878 
-348.530530 
-83.401491 
-3.780373 
487.193048 
-516.341075 
46.280864 
18.534335 
-143.742790 
-220.368056 
-149.544020 
-77.324308 
98.428917 
-274.848192 
131.038459 
161.283468 
-181.298326 
-204.313654 
-59.562846 
70.461978 
105.547631 
-291.208523 
524.563102 
96.426131 
-246.664876 
179.445320 
321.124176 
-324.762457 
133.952318 
-636.803503 
-252.893016 
-132.658372 
-170.344456 
-134.599554 
175.157823 
-342.778107 
-46.815643 
195.976340 
482.160777 
-147.748747 
-42.092115 
283.820518 
-222.979350 
226.905985 
459.845586 
79.612950 
193.234777 
68.542561 
-363.281940 
-241.164670 
-98.400757 
135.860829 
119.650891 
-25.969752 
-257.306637 
-683.608737 
90.553705 
132.619946 
28.262122 
161.259969 
-109.993804 
-116.461648 
433.741535 
31.632665 
342.031681 
74.503254 
250.794183 
-430.190772 
332.032995 
-292.065417 
-134.625045 
-2.194457 
233.937798 
73.388972 
-267.927398 
-80.943127 
-202.000007 
34.133682 
41.699439 
99.872759 
-163.651908 
-400.705485 
-27.686887 
197.609614 
87.115556 
-230.627709 
26.998180 
-101.779714 
-193.471826 
80.189646 
-206.948583 
-151.921802 
-28.445092 
-190.799759 
524.563676 
-159.996564 
80.677758 
-59.576230 
-81.730760 
-138.046030 
169.790709 
-278.098440 
220.020178 
233.937646 
253.104726 
-352.690908 
-2.704577 
-132.420222 
-243.601544 
-368.401681 
-304.579080 
2.446126 
197.609892 
121.908441 
-127.804209 
34.132166 
106.788412 
59.520946 
-170.357502 
-183.224737 
34.134017 
306.595441 
226.653577 
-279.501521 
-87.567286 
-4.657780 
39.287401 
39.211243 
-2.192571 
-21.494510 
-20.355862 
98.908999 
172.990582 
190.186770 
326.635583 
-143.381407 
-125.382478 
79.193338 
197.612388 
-16.090842 
43.423773 
-213.339276 
-140.186536 
151.024710 
-386.963760 
218.431631 
-11.236065 
449.564762 
-257.166319 
234.366447 
70.464214 
-261.989164 
769.278177 
216.783010 
344.167580 
-669.364177 
-60.379256 
-3.884382 
-193.029314 
-76.029291 
-307.567622 
-229.121437 
387.232738 
-20.357776 
-361.629115 
-9.105842 
-125.074245 
-26.957771 
-85.958099 
-89.157460 
299.947953 
208.534367 
190.878430 
-78.963810 
-56.687033 
37.270312 
-201.550933 
-56.686411 
-198.534514 
-370.440755 
-38.523734 
15.967939 
-226.387072 
-362.427619 
164.330308 
-171.228663 
240.074126 
-429.183708 
15.968508 
-35.427238 
-111.181109 
6.855489 
-118.717383 
-90.826212 
54.534318 
-929.322036 
100.364294 
-369.356767 
4.463583 
-186.486174 
-301.693709 
-183.633369 
91.853887 
-465.143823 
-64.219236 
34.130920 
192.397057 
107.683394 
-611.165455 
-152.764859 
-113.456764 
492.767617 
88.624593 
106.787406 
-161.324340 
88.623974 
-154.503280 
-74.902269 
-122.523494 
-200.144890 
56.187545 
12.091029 
-56.688157 
48.272676 
-32.289169 
-287.619441 
-396.333269 
-211.082425 
55.262158 
227.600651 
-49.422974 
1.909155 
-323.437853 
-47.311543 
-43.711957 
-268.018994 
-0.023807 
-71.491448 
320.905298 
-74.850861 
-142.945646 
8.298819 
52.299103 
82.821331 
-201.998988 
-382.991511 
79.408892 
470.073677 
-152.550107 
-45.900622 
115.374857 
379.647546 
-578.229254 
-143.874715 
9.543945 
252.098769 
-616.061948 
135.571602 
-72.798289 
98.432591 
98.193544 
446.381033 
580.608438 
-104.924510 
126.217178 
306.596324 
59.448433 
-13.486543 
887.849344 
164.314999 
335.439174 
-250.254599 
175.588755 
-591.539502 
-136.011163 
373.008946 
53.179906 
433.696380 
74.503261 
333.249321 
205.200954 
-202.530963 
303.986031 
597.854703 
205.911510 
252.111351 
510.588075 
-51.420415 
-149.318510 
-33.679884 
434.255063 
766.375091 
247.521345 
-343.275306 
67.252483 
324.766863 
94.282169 
782.782785 
325.838660 
658.264057 
257.782053 
378.227216 
19.442684 
1360.118180 
90.245159 
250.038502 
85.269802 
-215.244005 
147.253169 
-221.625794 
139.367985 
295.734823 
-170.742948 
433.122112 
23.148296 
300.350113 
377.897580 
641.602641 
32.005760 
-10.665888 
-66.800241 
214.450960 
52.520915 
999.030253 
-314.882326 
229.023727 
146.334147 
211.017107 
483.230932 
309.948608 
4.091919 
317.271067 
664.074982 
-201.146425 
560.891721 
-289.468127 
496.619311 
112.832846 
224.252808 
306.560088 
-360.718480 
167.568032 
560.891499 
-182.748779 
63.240092 
243.859308 
134.886329 
-182.565793 
-70.435030 
203.465886 
-348.530146 
470.068566 
139.725974 
-554.252731 
605.741034 
38.110513 
363.142079 
179.444534 
316.594640 
-394.360668 
-3.247206 
-601.865968 
147.105514 
288.429546 
377.333196 
-541.465360 
-455.578334 
213.389448 
185.697244 
379.244130 
-527.773097 
361.088539 
-137.032749 
178.036685 
180.926786 
308.652025 
-300.312472 
554.429902 
-552.477138 
-291.266250 
56.066734 
189.620742 
42.695324 
-229.968053 
-251.385601 
-361.490723 
-367.476160 
44.709425 
-100.968376 
91.435422 
-688.801912 
239.749875 
-817.983172 
-674.772790 
-238.061102 
15.973479 
-273.549100 
-210.446453 
169.196960 
868.279370 
-138.318069 
199.124546 
-219.475445 
143.115413 
-204.477523 
284.513302 
-520.840463 
579.048696 
-92.381335 
-314.749115 
242.435188 
-154.430974 
67.392450 
376.482371 
-607.215725 
174.860321 
-277.807258 
-328.175290 
414.470406 
-101.296629 
-210.659005 
-38.522961 
134.029038 
426.335917 
-236.247293 
41.936798 
-272.762920 
52.154251 
635.935726 
-211.414631 
22.876772 
-64.306581 
27.247787 
-303.925218 
318.625765 
409.725494 
-10.130224 
506.042056 
61.496628 
-164.947237 
234.898554 
669.876558 
359.073734 
560.889622 
-1026.165188 
-232.786300 
-90.576703 
47.065954 
85.382731 
451.905990 
19.974912 
-462.052185 
31.672553 
-749.451367 
174.392670 
626.547697 
-304.676778 
-148.935279 
-293.157352 
-276.440758 
52.671287 
397.409892 
-38.642133 
-140.247371 
-144.458023 
298.753511 
57.206737 
116.930311 
-201.237612 
218.553708 
-179.905510 
-111.730631 
-180.614107 
-86.451089 
159.881724 
-552.462746 
269.058776 
189.307872 
147.591803 
-174.867814 
17.704586 
148.827027 
-63.429613 
-285.684808 
242.280080 
-367.137079 
53.107203 
324.753813 
996.823910 
-578.775867 
-38.051849 
-414.961397 
-3.413645 
-103.986491 
317.622311 
-1069.697697 
291.574187 
-236.427776 
95.908838 
-306.594798 
578.895760 
-390.461684 
-24.926182 
-132.018845 
379.247030 
70.457047 
324.755329 
361.082828 
335.968746 
-378.275257 
651.872166 
-243.336231 
501.938226 
-500.290322 
-424.658666 
-79.733614 
567.438510 
-565.047422 
-25.005123 
199.881196 
-135.440185 
-681.274268 
7.398852 
-485.072803 
105.429146 
-330.348862 
73.669176 
197.605994 
-60.905040 
-241.622850 
-327.605657 
197.606963 
-152.642123 
-727.181624 
-74.853863 
326.141817 
-88.488448 
778.857261 
107.995142 
-275.661794 
-421.698896 
-523.277639 
-140.805521 
189.921745 
-89.977707 
-221.455462 
606.522302 
-280.950312 
154.664463 
197.632530 
260.072099 
-312.874498 
160.487663 
240.564730 
-2.675003 
34.179441 
256.348863 
282.909546 
372.768395 
-114.479992 
-118.474446 
-143.199105 
183.204970 
366.772188 
-241.714434 
-161.923110 
-200.723738 
-735.048840 
487.262689 
-155.331378 
88.021726 
166.447109 
-183.546844 
421.896180 
851.520729 
-789.248228 
404.500397 
90.331149 
0.037930 
-234.078303 
448.533291 
-347.995682 
-83.331231 
379.256496 
288.435465 
396.121051 
-77.692239 
192.350259 
-453.869754 
233.942623 
-241.494959 
-298.823107 
183.486368 
-583.083685 
-315.234931 
52.301171 
391.645150 
106.528593 
-69.475495 
-101.075618 
35.733114 
424.747692 
-252.402157 
-163.078401 
-15.517411 
-264.305427 
-111.177322 
-51.006942 
-391.586058 
-63.657121 
-461.340297 
-274.110472 
383.126791 
-341.369290 
434.399108 
-38.523844 
-116.385934 
-743.464052 
-102.042268 
-42.877315 
-13.404258 
-739.831742 
-150.595796 
317.518753 
15.969656 
25.110216 
81.363697 
143.116177 
233.939067 
-162.103449 
-31.722669 
-290.954058 
342.918669 
197.608557 
81.608673 
-240.748663 
-256.699814 
356.278625 
478.768268 
58.139440 
197.608916 
-515.328395 
-74.851242 
-2.564668 
117.705070 
105.646056 
485.353294 
-289.679445 
41.966606 
166.620365 
361.089284 
517.852911 
-156.960914 
18.735008 
-492.920920 
28.551981 
-195.123128 
1.233803 
-57.763602 
720.465838 
-60.781538 
131.551223 
124.955213 
-115.948157 
387.781116 
28.444098 
330.562720 
-344.143933 
-165.779840 
137.718754 
-227.552438 
53.919256 
-71.666920 
-136.493271 
7.978395 
-38.524398 
-452.113617 
117.683559 
-218.977086 
-310.773930 
203.205980 
-442.135706 
205.920037 
121.421348 
94.303462 
-134.941331 
-38.520496 
-258.118436 
-479.220083 
-2.193502 
-369.879310 
-238.149211 
34.135296 
34.133699 
-83.438684 
-191.864401 
-340.041879 
31.305632 
195.189389 
-573.067649 
88.628378 
-231.516735 
15.969998 
-296.610079 
-332.794004 
-253.604375 
13.495463 
-573.778300 
120.446469 
-489.197173 
-161.827900 
163.083439 
-90.025706 
-342.500182 
-214.189078 
-343.922302 
-9.331307 
15.969037 
57.947910 
242.191388 
-281.220342 
-330.437571 
117.590694 
239.927761 
-2.193828 
161.281801 
-148.094353 
-2.193407 
156.088254 
-88.095780 
-391.934122 
-176.782961 
-119.261867 
-62.442010 
106.789960 
-38.145488 
-190.495350 
-76.775671 
-283.627838 
-255.358823 
-50.015600 
6.187467 
-118.098788 
-290.333341 
-262.576788 
-125.495876 
-266.651816 
-289.376342 
-1.381321 
57.089365 
-46.415432 
124.951985 
-184.133889 
-2.494055 
-202.000965 
81.017971 
-202.002096 
-335.959074 
-71.413655 
778.858349 
94.788509 
-213.864027 
409.834161 
20.610990 
-224.712089 
340.499350 
171.391274 
579.053524 
-229.370171 
380.690086 
-142.218729 
264.294357 
198.745759 
468.772594 
158.694332 
-111.406136 
6.701544 
252.101389 
261.718914 
288.197598 
215.771910 
248.905590 
464.955575 
-180.588854 
43.811433 
-212.527205 
345.976217 
455.497348 
70.366342 
285.120306 
192.558253 
-38.772433 
-125.258566 
358.971309 
37.615892 
2.600349 
-321.777685 
252.102684 
297.494973 
59.101382 
-69.082696 
78.520131 
-110.332598 
643.621474 
369.779837 
165.269969 
-556.927649 
633.545937 
50.168321 
593.622395 
-285.612675 
337.129769 
-213.354349 
330.606059 
0.980623 
524.561280 
47.471875 
-197.722942 
147.628692 
428.282555 
183.245107 
-85.613404 
-54.185655 
262.038230 
-122.681535 
388.939384 
-24.496613 
-353.799984 
601.152146 
66.099671 
237.271975 
402.797301 
-19.601926 
-54.785034 
305.420016 
1336.947842 
253.952661 
-244.947287 
-159.352258 
230.729388 
280.972419 
-265.146547 
32.968178 
-27.767930 
52.067745 
-86.407505 
342.920226 
214.876971 
504.626848 
288.829194 
282.374302 
333.655764 
-66.474006 
-259.252684 
524.562092 
-125.198724 
210.684431 
350.084827 
148.649403 
352.853742 
-114.583541 
-37.348878 
-253.417040 
470.070782 
318.820463 
-558.556706 
-348.743262 
350.327478 
-235.491134 
179.446648 
326.340413 
-131.179357 
152.725633 
-342.139466 
-174.755534 
397.417643 
132.697082 
-308.495773 
83.111559 
512.411283 
45.005757 
-2.189257 
109.942656 
924.175215 
123.605389 
76.418477 
-243.266081 
554.329751 
-300.469636 
39.605398 
12.415238 
168.408407 
123.450299 
-145.191414 
-44.572830 
16.206291 
-791.599550 
-284.733627 
62.887488 
20.101353 
191.934827 
29.186526 
-405.486166 
374.144642 
-64.910020 
-296.051922 
-249.466010 
-125.370619 
382.930217 
240.831135 
322.812766 
19.306726 
-128.143957 
103.644966 
193.887696 
597.220041 
230.495113 
-319.007843 
-261.642521 
597.215624 
52.221287 
-168.162362 
336.179920 
-67.198511 
29.206861 
-2.948549 
-169.640964 
168.878165 
-122.947433 
-466.759028 
189.100253 
-118.703844 
-375.793496 
-111.179346 
261.184342 
42.761641 
294.046192 
-231.025903 
-194.111044 
170.442306 
184.376249 
-383.165112 
132.745951 
-144.572971 
-171.293512 
-140.375349 
96.924824 
-24.250813 
-35.504350 
383.219616 
-123.597896 
-160.568628 
-47.409128 
506.400533 
180.154201 
742.531540 
-461.338774 
-48.339499 
-378.385889 
-213.809455 
-241.223866 
415.581587 
12.174303 
-1313.650616 
-747.234664 
544.458274 
-14.921442 
427.554724 
-271.894040 
209.647029 
117.582351 
13.673292 
-317.259593 
633.548753 
-52.121140 
-303.716275 
-191.247515 
275.069582 
-425.425049 
-271.936224 
-83.494216 
501.055660 
-61.769526 
-328.089846 
-69.157157 
150.683103 
-11.383830 
-237.174860 
181.613206 
160.299702 
176.896861 
51.084053 
-97.793858 
-49.431426 
342.616173 
-314.101125 
73.411406 
-211.894485 
-233.167940 
143.119074 
887.844991 
-573.032082 
-250.671349 
-195.003505 
259.972241 
6.739202 
409.670539 
-882.046226 
160.456691 
-12.162390 
103.853949 
-384.828768 
372.692679 
20.257233 
193.242014 
-9.549615 
306.593789 
-2.195630 
451.905585 
324.759009 
-216.159734 
-118.508198 
403.424223 
-63.744423 
371.521312 
-193.898938 
-411.148142 
107.418793 
660.111313 
-145.677529 
-292.689493 
-103.227050 
212.525496 
-193.666198 
76.691718 
-319.950802 
8.478778 
-116.435250 
-78.463386 
233.938059 
-210.523364 
-337.933029 
-20.546112 
415.577764 
42.125858 
-263.869328 
-2.193416 
-136.275184 
129.586340 
706.203518 
69.253582 
-116.459400 
-124.507314 
-341.633061 
173.779141 
50.946928 
179.896084 
-24.856781 
137.035782 
-186.834644 
157.847879 
-171.947443 
-172.753721 
-375.133842 
-48.620584 
170.414835 
-278.962198 
-185.175301 
-279.540102 
100.042585 
-7.501718 
-30.109094 
-74.985422 
-125.281144 
129.457666 
-47.212130 
270.137670 
-126.397181 
-428.200479 
-388.313652 
288.300105 
-162.773975 
-183.626867 
204.118109 
51.205211 
130.045267 
778.859868 
94.384870 
73.464510 
174.495375 
66.087701 
356.199503 
68.644441 
-265.227079 
-300.192689 
342.923942 
161.283588 
58.560965 
-215.505506 
-442.174385 
-260.122226 
415.578484 
-360.644610 
-78.070134 
3.525817 
-68.401850 
-287.449627 
197.609897 
-50.781720 
50.747769 
-38.745792 
-268.209475 
187.240395 
-12.490206 
18.527281 
47.328268 
389.003056 
58.964923 
-2.194178 
-141.831808 
-536.899168 
82.343460 
-1.405245 
-139.009357 
167.690997 
-104.516928 
157.595169 
-2.195697 
-51.040957 
-497.323908 
-16.474058 
7.663844 
-146.841789 
-411.471862 
-66.375662 
208.834681 
-20.361026 
0.032518 
-123.985468 
124.953875 
88.626892 
-70.138798 
-43.707919 
-358.260441 
233.936795 
197.611384 
30.384901 
-415.127688 
-244.477910 
196.473291 
200.890732 
-120.589564 
88.623861 
26.185220 
-2.194968 
60.249569 
120.097878 
64.659222 
214.190156 
-185.005851 
-291.688361 
47.087177 
52.293542 
-205.333501 
160.609690 
-172.797923 
-422.458739 
-390.109903 
169.678117 
-213.145374 
-180.307613 
-44.556117 
-126.949630 
286.110295 
197.606818 
-432.925843 
-124.844615 
-130.699953 
-7.739715 
-206.049921 
177.846067 
-426.490293 
-536.201264 
-79.791416 
212.991437 
162.865934 
82.275455 
-74.854127 
-32.483539 
237.094112 
3.013303 
-827.385019 
307.122416 
-328.433230 
-207.446856 
-70.553936 
45.328948 
-393.797651 
-56.689258 
-363.672974 
-110.152079 
-56.688562 
-700.227438 
-410.716857 
-147.508945 
-111.179670 
-333.912478 
-199.561074 
-130.187321 
63.972989 
-149.372827 
-247.438996 
-2.194857 
-111.660975 
106.790082 
-98.601853 
122.451130 
-166.768672 
-202.812460 
-266.446783 
-86.599553 
-102.080006 
-186.921860 
174.462678 
-141.376633 
-116.292391 
-279.151979 
-73.424606 
6.755372 
88.628330 
-182.933200 
10.662640 
-390.128361 
-206.495400 
156.147862 
37.940823 
106.791372 
124.954913 
-179.788088 
15.970541 
-109.892138 
-362.072509 
-171.547293 
-202.720058 
-280.182390 
46.220878 
-74.849807 
-53.242011 
132.336020 
-178.749349 
-463.319952 
-139.560618 
-76.741883 
-173.675322 
-398.749850 
-62.901094 
122.504074 
203.692748 
-116.174062 
-460.161965 
197.899740 
-95.150425 
-97.887671 
-56.686087 
-219.451987 
-380.610031 
-202.000035 
-100.057509 
-201.999017 
-294.367440 
-416.843985 
524.562320 
92.948100 
-101.457452 
376.245060 
-12.289177 
-610.280497 
-337.627047 
178.073101 
706.197881 
-151.479292 
336.419048 
-170.836353 
231.434432 
144.430761 
355.917348 
250.027249 
-311.102758 
309.494555 
233.934709 
89.583641 
475.493509 
433.739065 
380.911963 
422.025044 
-97.318278 
-138.223726 
775.250464 
514.536670 
389.274161 
-312.962415 
125.764749 
275.815347 
311.409422 
471.386644 
-428.474018 
325.394573 
85.611262 
-209.110275 
1069.477757 
663.917661 
-311.554998 
-291.160570 
171.013231 
464.414134 
744.300118 
171.460546 
-414.392512 
-107.562979 
106.785501 
316.110022 
89.317779 
-65.540525 
-0.049572 
-138.426564 
-277.312189 
453.817719 
397.416259 
283.310311 
-163.051487 
364.151808 
-383.050296 
2.643342 
-143.079589 
295.327517 
377.653148 
206.684480 
43.902241 
-41.671250 
484.153018 
813.821335 
314.335433 
247.169702 
95.824234 
-49.454198 
-97.556129 
606.438526 
523.433758 
-54.435213 
-123.190803 
296.919232 
283.544173 
280.671966 
-35.569158 
78.181153 
44.527379 
469.860541 
33.852880 
252.109116 
238.012012 
43.657248 
-319.614196 
650.503422 
149.272526 
62.069113 
-15.446867 
451.906716 
-100.281248 
109.001754 
-49.992816 
18.994625 
-663.893333 
-153.270410 
79.217008 
-88.439801 
960.499879 
390.460131 
-694.150704 
-34.859653 
98.548726 
-211.092267 
215.768324 
-104.180247 
-96.626659 
-87.185664 
-138.626205 
221.370042 
560.884031 
138.544553 
-547.912708 
-381.828405 
-174.291645 
157.432479 
397.405826 
82.371784 
70.442593 
-125.518657 
85.307604 
-213.209436 
522.002608 
-482.118926 
-123.614240 
-46.605903 
-270.705726 
288.724402 
8.139529 
-285.542161 
-288.150641 
-99.046052 
-97.085198 
26.011513 
56.828950 
-671.990760 
-36.016943 
-334.137037 
294.218251 
-144.026315 
-264.567026 
-39.388936 
-351.804361 
386.932225 
273.983033 
-112.630539 
-39.653520 
-202.902556 
69.425457 
40.969370 
70.466966 
39.125300 
-185.970127 
-138.080497 
597.222847 
-245.955783 
-597.169665 
91.339682 
273.084507 
224.303003 
500.626062 
-452.951413 
-153.679146 
92.811464 
-187.280471 
97.276555 
-14.709854 
-591.718571 
70.460692 
342.923773 
541.225946 
-213.971691 
-110.003533 
-205.361419 
-102.220366 
151.946170 
93.685544 
-39.871223 
65.422525 
248.793526 
223.018989 
312.016894 
-96.127322 
29.373992 
-86.247191 
-36.351116 
327.275043 
32.084016 
597.219419 
382.385810 
524.561248 
-549.110678 
-43.014654 
-116.305372 
-197.544829 
-82.682289 
361.085559 
82.106392 
-201.408437 
-169.517441 
80.138193 
-66.506490 
167.973523 
-43.447098 
211.186269 
73.159935 
-613.055925 
83.906569 
379.251441 
380.464385 
506.400078 
-454.309453 
-366.609729 
71.051500 
110.758239 
423.883668 
-255.076976 
-171.333898 
-348.255838 
-51.296503 
120.345468 
169.986713 
60.082701 
39.192442 
258.214341 
-64.279463 
-154.241285 
-190.507310 
-60.593222 
-184.765499 
117.727843 
40.501156 
-302.244517 
-95.346744 
924.172816 
288.430097 
-353.580378 
-229.977064 
-196.636093 
11.501397 
443.612865 
-152.021179 
-438.580048 
-151.512782 
326.554879 
-41.665316 
-59.550229 
319.731088 
-35.942972 
-17.459682 
-148.038132 
-20.360532 
-38.521578 
143.116346 
415.578190 
-104.180958 
-197.204005 
385.729401 
-302.204206 
221.453853 
65.084066 
-70.958661 
41.835040 
368.268048 
-226.107553 
-52.299665 
241.392278 
148.941940 
-380.928926 
-44.242741 
-172.282413 
2.508164 
82.316802 
-60.629935 
-2.196468 
-127.506709 
-54.691423 
-146.430577 
-2.194599 
-72.031749 
-985.126977 
252.101439 
613.115798 
169.870541 
342.922594 
69.251855 
-424.777004 
-4.940875 
-401.804416 
-47.409954 
-125.521955 
212.899377 
82.553583 
2.173540 
-171.531703 
281.766025 
-217.189235 
141.196738 
-43.163884 
-113.142264 
252.491706 
132.711279 
-46.556120 
196.725454 
188.386053 
-288.740180 
-148.002646 
-135.986364 
-43.958518 
10.373096 
211.190935 
-82.861611 
-71.804977 
189.812694 
-309.482973 
164.259600 
6.975669 
-7.322201 
-71.107047 
212.978806 
463.411058 
233.938537 
-266.770416 
-181.341701 
32.567458 
49.108759 
51.410726 
366.950071 
14.000934 
-104.904206 
88.627565 
15.968873 
-64.651829 
244.554680 
-32.864946 
204.873131 
161.282367 
366.938691 
-197.422869 
37.827719 
-35.641508 
-90.586663 
-111.178913 
18.803788 
-319.852701 
37.652171 
339.583422 
99.581871 
126.093172 
0.920586 
-442.933039 
9.454673 
-63.223789 
524.562132 
532.504844 
-649.289155 
144.383962 
-1.290304 
-13.449558 
154.210511 
-245.607722 
-68.253881 
161.281628 
-275.399496 
6.104780 
-146.106034 
-48.554008 
-33.640927 
-556.548035 
-162.040284 
-83.447727 
-2.197233 
-167.763706 
217.536589 
233.942245 
-56.685334 
-198.015821 
30.653998 
-349.183726 
270.262904 
-74.842836 
11.415091 
-725.125903 
-97.806253 
-51.177592 
-113.137232 
112.540718 
70.466990 
-156.592653 
215.775936 
438.070084 
-155.085018 
163.187788 
-49.646931 
-21.018820 
-340.376491 
301.873850 
-456.289625 
229.149134 
-187.691765 
234.181876 
-88.319160 
107.266855 
3.520595 
-30.564590 
-42.254589 
1201.312528 
-231.327185 
516.196320 
15.972051 
-71.896285 
-401.494122 
-26.563671 
71.511168 
-50.543343 
-88.699948 
-141.543007 
-157.605952 
101.373917 
-250.087959 
-39.393102 
33.970884 
-20.359259 
-260.491484 
-9.882368 
47.303725 
207.750624 
204.635799 
-147.545474 
-477.264898 
-244.903505 
-49.956528 
-53.786135 
-20.355662 
30.621550 
-206.202630 
-38.526851 
-183.816374 
115.985798 
-2.194456 
70.461703 
-30.652182 
-438.364790 
-121.161268 
180.839931 
-111.480954 
-228.886410 
124.951902 
-159.384123 
88.624978 
-341.101366 
300.351250 
44.412349 
-37.547258 
-506.947436 
-258.853578 
-210.184033 
124.811880 
-30.832336 
-150.308782 
-3.147758 
-233.215734 
-38.277068 
-174.979621 
70.463464 
-127.840598 
94.329521 
-390.328150 
-153.580471 
-92.700517 
-10.587230 
379.252367 
88.628473 
-753.239565 
15.971261 
-378.160367 
-148.743704 
-425.401484 
-150.927662 
-337.321647 
-203.087465 
-56.683676 
239.887968 
-120.342459 
-185.928598 
-156.760668 
-174.752519 
-206.738048 
-246.140622 
-227.295443 
-257.934593 
-105.029357 
-446.271615 
-13.448725 
-338.112878 
313.805941 
-499.014665 
-0.675031 
-201.998496 
-161.230741 
-164.705302 
-201.993562 
-51.885659 
-202.000039 
-515.054383 
-176.605447 
506.394656 
-40.332644 
10.227403 
487.599488 
-293.091616 
-347.771811 
-279.506272 
-63.229140 
815.181255 
-397.938367 
433.309937 
-48.278006 
124.655620 
43.809597 
945.959766 
164.625253 
-171.005032 
165.023749 
179.440066 
124.292441 
581.039429 
542.724061 
284.032096 
297.631550 
35.557969 
-40.246298 
464.915888 
321.891906 
390.310063 
-366.509112 
60.730283 
-52.200941 
259.206767 
520.808543 
-201.591898 
-55.852709 
-52.888131 
-194.960249 
924.168746 
536.882298 
-6.961277 
21.553438 
183.452868 
215.388395 
1020.256332 
134.091530 
-277.125311 
145.654217 
252.101953 
-132.478014 
173.951371 
213.172167 
-68.799583 
-157.726418 
-332.748677 
-41.711204 
324.761205 
-32.855961 
-440.882689 
-196.574081 
-554.651155 
39.352216 
-296.448781 
-10.109294 
118.723095 
-51.257341 
-122.808579 
-272.011325 
495.135953 
404.320821 
130.755882 
337.043296 
-350.423441 
-101.478131 
67.869201 
594.768838 
-39.043171 
176.939870 
111.669039 
92.292692 
125.539849 
90.856810 
-194.413140 
-434.429114 
-25.613633 
66.600246 
54.671989 
688.044013 
-29.407447 
-42.289802 
-323.332472 
650.509055 
492.581508 
-1.627087 
207.798472 
252.107568 
-55.658862 
-93.887267 
291.186919 
-257.286070 
-116.511600 
43.675705 
368.875231 
199.168734 
815.182664 
247.312522 
-272.650990 
311.623027 
165.075595 
-170.870845 
996.820932 
109.019358 
179.195790 
265.863743 
51.272788 
68.878431 
179.444973 
227.915084 
-106.299162 
22.860629 
-32.970826 
55.582346 
706.205319 
-298.759941 
288.430042 
-161.854718 
200.861802 
49.349327 
473.108005 
64.680323 
-41.900250 
128.720386 
271.543028 
464.805936 
-106.144577 
-509.552322 
-1.489543 
-372.819820 
85.577589 
-59.691857 
253.399343 
-701.511316 
156.178844 
-180.766955 
116.416550 
-273.782715 
-479.777359 
127.706467 
-188.822102 
576.778412 
-224.694560 
-113.650098 
80.903251 
-199.103186 
312.264113 
87.800768 
361.095444 
249.873943 
42.301594 
-282.566018 
252.112610 
-135.232999 
-263.548328 
278.328244 
241.345635 
41.286272 
390.324768 
218.629706 
-337.047832 
84.248390 
-19.667635 
-342.988764 
266.544046 
-715.467935 
415.586094 
361.086642 
65.798342 
-596.234606 
-438.987862 
-183.389764 
-141.633262 
-7.229708 
-432.196250 
-264.052103 
-91.531820 
126.336139 
-146.727499 
-225.352195 
-154.901284 
-108.584194 
-248.499089 
275.947227 
349.311874 
47.731537 
379.250963 
295.536025 
270.265004 
-486.173087 
-679.130176 
-466.226229 
-26.544796 
-225.170719 
324.756330 
116.489822 
-828.868193 
-129.666413 
11.581007 
-165.773833 
-196.455795 
-422.958042 
-202.652546 
270.616141 
-209.869898 
-164.286249 
215.773320 
482.083816 
645.656695 
-286.097326 
-207.590924 
262.727301 
254.252329 
206.352128 
35.406916 
-326.504853 
-506.399236 
116.209575 
231.016068 
147.066648 
143.787655 
-15.795135 
8.009875 
-97.040529 
18.505384 
-135.544852 
-66.016541 
-226.572343 
-160.492679 
30.968649 
-230.449821 
-101.402397 
324.755377 
470.067075 
-300.273338 
-560.650695 
256.407534 
-218.268068 
-181.717995 
-155.533732 
-465.562951 
138.031552 
307.055102 
317.203870 
-327.144159 
312.766903 
737.592792 
369.244610 
-426.922072 
-2.201672 
379.247676 
488.231757 
197.604332 
167.140363 
-153.050521 
616.083370 
365.642288 
195.778563 
-164.332657 
158.913114 
159.215078 
381.924751 
-255.036265 
-403.178290 
113.324149 
-281.230900 
-362.077922 
-173.734096 
-328.591575 
407.833279 
-120.425642 
-550.287162 
34.132223 
140.862622 
-77.735467 
-103.781994 
252.102768 
94.141350 
-513.520374 
887.841360 
259.909528 
46.988594 
451.905313 
108.007400 
-195.609103 
-150.020234 
-29.434115 
-389.862762 
-34.716721 
55.854768 
-260.558530 
-100.469930 
-503.072496 
-103.216345 
-120.575966 
-168.484297 
-50.395670 
-27.938266 
268.340413 
498.146267 
476.700940 
-239.282120 
24.355190 
80.590691 
149.003742 
-179.630439 
-360.178221 
101.982118 
381.166470 
157.805011 
134.601580 
-316.318225 
-151.909590 
177.299581 
-178.351671 
-258.233228 
133.311944 
160.119391 
50.301551 
-165.672887 
-211.295289 
6.392091 
123.387207 
124.593001 
-21.317134 
124.859398 
-85.498219 
-312.195663 
88.626275 
-147.508534 
-214.249158 
125.778131 
80.496468 
-182.638216 
106.788610 
370.113381 
-13.456317 
359.187113 
-76.379002 
-79.797770 
524.565524 
-178.701690 
-276.694793 
-262.461954 
378.843048 
-128.769702 
25.552684 
182.732843 
-103.389023 
460.915710 
164.523230 
70.466765 
-1089.761840 
-549.386759 
166.644547 
33.026287 
-300.489942 
46.830325 
-407.978156 
-153.846703 
52.306356 
-436.500944 
5.131063 
18.000810 
-300.259557 
100.191738 
-818.148824 
-65.414925 
54.896720 
197.612265 
134.982252 
-79.327091 
-38.517732 
-38.517525 
258.788934 
-236.264959 
-278.566673 
70.457350 
70.465308 
26.655657 
30.502597 
98.660310 
-80.064776 
-42.061472 
-100.674804 
215.777123 
-14.676356 
270.258597 
298.019715 
-223.333866 
110.528529 
-12.364150 
-136.680017 
-28.745008 
84.015390 
470.086654 
93.053102 
-56.617097 
-144.926264 
-272.951379 
-99.869568 
73.296238 
-364.046338 
19.915140 
1356.136029 
-355.100017 
215.717109 
-74.857500 
-247.063807 
294.350599 
-282.650624 
21.973134 
-366.237585 
13.989789 
-315.647643 
-49.429041 
-54.866468 
-260.442148 
-57.279414 
-112.965850 
-38.519635 
-100.608091 
-90.737652 
3.071189 
190.160705 
-61.193252 
-134.088746 
-51.635937 
-214.692344 
403.522520 
-188.086021 
15.972197 
91.376786 
-250.746367 
-2.194364 
-121.868637 
-45.380332 
70.466160 
106.793219 
-505.996972 
-351.079309 
94.656149 
118.040106 
121.183730 
-275.433339 
106.792230 
9.954472 
106.792715 
-194.620956 
-38.921171 
-52.405969 
-265.425440 
-136.924981 
-35.786352 
-173.234450 
302.396764 
157.849367 
-137.225939 
-321.592392 
-50.085076 
-197.661975 
-37.541359 
306.594050 
-157.555153 
-310.149322 
-151.179743 
11.902118 
-21.081465 
71.855199 
52.295097 
34.132873 
-665.435599 
15.967287 
556.050025 
-218.636043 
-210.421542 
-262.594664 
-207.921349 
181.173683 
-202.000880 
110.225404 
104.854983 
-346.499660 
-307.505991 
-20.359570 
-386.951371 
217.489350 
-174.194546 
-419.700208 
-260.690355 
376.186700 
25.546619 
-193.918589 
-118.693515 
-398.307565 
196.972867 
-201.999753 
-134.909918 
340.991216 
-201.996291 
-156.030080 
-202.001528 
-429.614892 
-51.369011 
579.055415 
-533.377680 
-410.944771 
458.527850 
15.076980 
-442.544033 
-124.499210 
50.588568 
379.251717 
-346.610092 
93.562594 
257.588506 
-183.244210 
304.492762 
475.306187 
385.115407 
-17.335872 
227.775626 
197.614014 
395.499552 
263.523395 
397.420046 
706.817201 
172.919563 
-791.775638 
-94.160235 
606.895156 
484.676974 
97.530753 
257.289980 
98.000057 
196.353509 
394.632211 
-15.219679 
-161.644141 
113.887127 
123.145629 
82.029169 
361.092091 
351.441297 
242.033579 
-4.252728 
6.948964 
323.254554 
583.714966 
305.827102 
-30.606604 
-208.531208 
706.210136 
15.886778 
691.700174 
-119.054350 
264.807704 
-135.009404 
625.991913 
-298.019833 
560.896060 
91.077752 
-185.141959 
123.692278 
-75.336965 
-71.875263 
227.526065 
-262.203611 
166.866296 
-308.270181 
-531.645826 
-89.420370 
338.919865 
288.085022 
-59.331482 
-252.869862 
-386.525166 
43.757212 
38.261466 
800.563169 
1388.119081 
-239.479881 
114.786226 
109.075569 
294.450667 
178.504185 
198.200076 
-364.619891 
-234.296190 
-118.409427 
47.172302 
542.719262 
74.857610 
117.935832 
135.672881 
379.251189 
333.847755 
-20.667152 
-159.097640 
542.726689 
-205.305877 
-209.745013 
659.298122 
-90.999208 
-171.023211 
345.100984 
-65.034142 
-47.684111 
524.564371 
296.020558 
-370.793550 
315.705176 
-33.184052 
-162.172089 
887.837061 
170.899830 
-82.167591 
6.659272 
42.857417 
452.164064 
433.724209 
651.351507 
-176.448703 
-252.520233 
267.626708 
211.149793 
742.533151 
-115.839741 
433.738351 
29.513771 
390.618602 
160.612447 
443.559699 
106.289154 
234.818249 
-146.327167 
82.692573 
5.810307 
-170.027939 
-456.204683 
-168.942488 
-96.752342 
-462.041946 
-2.890140 
249.489995 
-292.810121 
-214.319303 
-250.164486 
212.113928 
-174.621480 
-347.196604 
-145.959424 
237.226378 
377.127021 
-183.075835 
379.251142 
196.203654 
218.703376 
149.004470 
822.958450 
433.747355 
238.574704 
206.609652 
-21.695861 
252.101159 
-342.741951 
-351.321603 
573.604143 
-312.651707 
87.618883 
269.430908 
246.933664 
-198.022332 
-408.686537 
-205.040245 
3.084868 
518.276668 
-578.045516 
270.264687 
279.348662 
84.442563 
387.894121 
-204.235989 
480.578828 
-61.047683 
168.652348 
-129.048732 
-78.637731 
-168.638930 
-62.985559 
50.086558 
-220.766598 
152.325669 
119.430154 
372.053925 
376.684180 
21.090945 
656.530900 
306.594835 
232.309453 
270.264079 
-628.108575 
-403.671297 
74.884723 
-368.066973 
470.856719 
415.580331 
35.713076 
-928.143379 
194.233122 
-358.031455 
204.498682 
202.634845 
-256.831135 
-402.970106 
201.915449 
-97.685894 
-115.485083 
324.761134 
451.174437 
-371.530702 
36.232376 
239.162841 
-220.654822 
431.289339 
-13.059177 
-72.422283 
-393.873223 
-62.618296 
-52.898886 
-77.210490 
110.801529 
-207.280567 
-102.715821 
-225.053635 
45.698201 
307.171391 
-9.058545 
127.140630 
-304.173703 
-411.842343 
191.005053 
329.910617 
-54.547175 
397.409943 
924.167318 
-426.972837 
-297.247077 
24.599333 
-258.811464 
128.147464 
100.534455 
-837.350548 
19.423471 
-117.452000 
80.023980 
-139.594782 
239.451075 
454.348627 
216.869970 
-214.726252 
342.915216 
143.112311 
215.771476 
215.769837 
345.260227 
33.555436 
857.205102 
294.470103 
75.676310 
-716.605133 
-241.898033 
291.686382 
278.774855 
-449.372735 
-123.077106 
-289.237072 
-281.028247 
-285.770088 
-24.325450 
5.607763 
166.601547 
-446.845318 
-683.468819 
488.232811 
84.387336 
273.101351 
-482.801958 
669.875392 
-270.684886 
65.592679 
361.085370 
247.887220 
-240.105129 
288.433172 
166.115318 
-467.568565 
-507.162181 
279.348131 
-651.455724 
-170.295096 
-215.221149 
-432.117795 
0.658143 
-321.069091 
-297.243210 
-58.525828 
-301.586333 
-588.618028 
-125.428863 
242.112713 
144.832216 
66.875235 
-115.648845 
20.432729 
119.404569 
102.809317 
-48.161984 
-267.993149 
-19.214736 
-161.747049 
150.942760 
-83.790873 
-116.529071 
-485.497078 
40.922702 
-393.400904 
-457.507879 
372.269210 
-64.096183 
-164.514494 
-74.854344 
-163.133614 
52.477665 
-163.977332 
231.824131 
102.319141 
134.995179 
-63.095767 
-85.051951 
-74.853933 
-38.526496 
248.735248 
5.783721 
-0.047218 
-337.621153 
451.899470 
-48.348061 
-67.224514 
39.819584 
-484.502194 
-440.105181 
70.453401 
-38.085661 
-132.174939 
-368.942970 
198.972929 
-227.172918 
110.945803 
104.315345 
-62.719535 
155.778189 
92.543208 
306.586408 
-914.943853 
505.255929 
-80.569495 
-65.390672 
-222.772289 
198.078794 
-466.604307 
225.924931 
-2.201359 
-175.632260 
-498.232691 
-174.255288 
-407.296425 
-365.680046 
-776.273829 
1.086771 
-253.040073 
233.940935 
-19.575770 
-279.979222 
34.141502 
342.924900 
168.958403 
-144.649622 
-183.370584 
15.959988 
34.136068 
274.150288 
-337.613135 
45.778549 
-337.521528 
212.427259 
31.240712 
197.600902 
-231.503532 
15.957903 
-204.448383 
-112.156321 
179.630603 
-256.481915 
50.003120 
-588.555398 
94.301165 
361.081987 
147.792441 
-84.929336 
-285.050898 
-82.837351 
-135.234823 
152.481260 
-6.954525 
-41.177070 
718.679902 
-367.250135 
150.256834 
70.464825 
-197.144609 
237.701036 
-156.359399 
158.123023 
-272.994760 
42.553166 
-215.666270 
-323.783813 
-114.449192 
-249.976824 
42.081106 
74.931210 
70.458376 
-502.858253 
-40.214763 
41.106140 
-893.517791 
-296.247648 
-223.825829 
-178.900111 
-172.079283 
42.845171 
-395.398723 
88.624333 
-268.420362 
-267.814331 
34.127134 
0.077984 
-295.873141 
52.297218 
52.297859 
9.334763 
-365.421407 
91.028670 
219.407521 
192.431511 
-276.268504 
34.133370 
70.912218 
124.956209 
-11.616668 
-110.001213 
-28.325919 
-432.869729 
-569.984234 
76.694341 
-121.767098 
-55.962659 
-21.165309 
-48.784827 
-397.216778 
5.308698 
-202.253801 
75.663429 
-38.521905 
-130.030077 
-1.690309 
-147.165219 
-359.465207 
98.775374 
168.006421 
52.296177 
-2.196407 
-295.365369 
-20.361406 
361.159562 
79.496701 
-12.141873 
-50.880876 
-270.646800 
349.758953 
-202.002050 
12.882761 
-9.007688 
-314.333354 
-648.761787 
-202.004748 
-212.882264 
359.665690 
-158.368929 
-554.058468 
-283.476508 
114.607803 
-59.253102 
-246.185700 
-374.953361 
-31.609000 
-33.803687 
-202.009092 
313.128559 
-6.203613 
-202.003366 
106.478013 
-202.006874 
-537.081534 
-2.804406 
669.867747 
-181.916010 
64.475444 
-137.321386 
-514.335788 
-633.976892 
69.244984 
373.978643 
143.113559 
-59.373458 
-293.583702 
-355.333870 
685.816674 
-42.620408 
188.708206 
-22.355666 
-414.557915 
28.603277 
-2.196703 
226.623864 
375.637101 
361.084259 
430.834139 
406.847004 
-853.288365 
313.867518 
551.825175 
150.137096 
164.654360 
-63.074876 
-171.544126 
-2.133961 
186.503327 
-332.468652 
-54.695128 
218.439871 
227.220670 
538.666459 
524.564836 
372.502228 
49.690030 
115.360558 
505.779219 
313.814491 
633.732115 
-272.813856 
-159.341606 
-20.444143 
415.581593 
-226.896377 
347.573821 
293.578705 
130.948905 
-547.112209 
320.414738 
-169.206258 
215.777921 
177.690000 
65.963752 
151.848539 
92.012079 
348.523951 
257.207913 
56.032284 
670.910694 
-365.311829 
91.106510 
149.708322 
-183.096500 
98.640884 
170.845904 
-37.483499 
70.302621 
206.504683 
-46.868996 
623.171014 
1149.558962 
-63.673914 
101.056524 
317.851167 
368.297438 
401.703661 
105.551164 
348.285932 
187.884280 
-132.799022 
-185.314472 
1214.797988 
332.197595 
84.698661 
77.515944 
88.627330 
638.857408 
72.476838 
-32.286675 
633.547592 
-54.912465 
178.073040 
286.127098 
60.482674 
79.239137 
-45.835830 
217.152366 
427.042718 
342.922590 
23.653076 
-218.437564 
-24.992124 
68.963238 
-59.249442 
288.433316 
131.248304 
124.240522 
55.979371 
368.320324 
13.648760 
579.059788 
382.574885 
111.255448 
-249.666940 
173.014654 
-5.005077 
-74.848790 
-176.297115 
397.413157 
319.791797 
79.706918 
20.903543 
363.865729 
-212.605893 
389.344968 
-56.028926 
-511.089562 
-388.652297 
-353.768213 
70.054545 
-66.260050 
-809.521946 
174.569072 
190.997168 
354.953538 
201.020473 
-301.663879 
-291.834620 
5.842739 
-765.519373 
-573.793273 
-431.248746 
-105.499030 
-534.545855 
-186.845238 
266.357066 
-229.642821 
-222.389269 
73.600947 
283.983772 
470.069860 
-358.018710 
318.077353 
-424.620396 
342.921284 
78.541967 
-498.131782 
410.718836 
-62.834843 
81.942252 
33.638739 
-315.629377 
-355.676399 
419.428355 
21.989507 
-97.302147 
-48.128322 
-209.667800 
324.758058 
497.318796 
299.051991 
171.285360 
41.810545 
220.065105 
451.048164 
13.846081 
-579.610476 
12.786757 
-368.354193 
248.937248 
-433.018975 
205.744880 
-528.550633 
-171.108405 
161.166401 
665.766623 
161.471504 
-1.523596 
488.234789 
182.304362 
233.938869 
135.122361 
-60.067986 
-8.073771 
-392.749576 
196.508629 
270.267888 
90.354712 
-486.075087 
433.537281 
146.049096 
341.311502 
70.367806 
-485.051331 
-110.436472 
-22.719060 
-159.654181 
-57.732618 
579.055546 
141.119072 
-436.917062 
-49.918790 
384.531408 
-144.119730 
5.765847 
175.742537 
129.304622 
-255.402784 
-352.340171 
67.482825 
132.419862 
257.183487 
-247.582203 
-541.966965 
-276.275487 
63.906690 
237.154408 
43.285947 
80.983169 
155.236360 
-429.138086 
138.691283 
210.933579 
-44.555812 
361.085282 
633.545871 
-651.809043 
-3.059379 
65.390472 
-203.662462 
275.302898 
269.359443 
-637.270517 
102.011504 
-356.888463 
-305.736519 
-280.310624 
128.570744 
-43.825641 
287.956177 
-384.058660 
270.265201 
215.773114 
143.115915 
215.773214 
286.246113 
-210.199563 
156.229516 
-99.571831 
-77.881402 
-388.493172 
78.620676 
19.614519 
395.023799 
-671.300797 
-334.443152 
-231.344175 
-110.175345 
-552.490750 
-116.258003 
197.849081 
29.994333 
-55.315706 
-372.060363 
197.610932 
-160.280739 
-71.737731 
118.115167 
451.907167 
-113.960577 
-373.209235 
288.431944 
87.880292 
92.422039 
215.776324 
-8.248299 
-120.096517 
-345.358871 
159.014066 
-90.875190 
265.304238 
114.636763 
-29.244532 
5.786351 
-245.818742 
-158.080540 
-134.311453 
-191.835113 
161.498777 
39.145177 
96.938936 
-123.584675 
-651.035194 
-241.954540 
29.652490 
-41.673830 
-150.710531 
-240.242805 
-230.280649 
-342.947255 
24.499659 
-264.380420 
-40.374104 
133.731079 
-615.988365 
-14.738873 
-289.894388 
83.063985 
500.655818 
164.107098 
1.981251 
70.460973 
-96.258529 
-117.761123 
221.904525 
187.138765 
-78.480703 
191.677855 
-124.051780 
52.118376 
52.297362 
-2.195812 
127.886449 
-226.525693 
-154.917079 
-260.117992 
197.608720 
-147.095007 
47.938280 
156.950172 
-4.637307 
147.689260 
-2.195625 
179.168268 
-140.720732 
-109.614511 
5.511421 
-43.379515 
-194.175621 
-58.155014 
-204.944696 
75.074976 
18.500066 
270.265592 
-7.873945 
-120.261920 
423.583533 
76.055966 
-341.087913 
93.502066 
-360.962442 
156.555568 
-38.523307 
-75.219758 
-347.360574 
49.259238 
-231.510113 
38.091202 
179.175982 
-136.200640 
-173.376311 
197.613185 
16.487744 
-2.587666 
-2.192108 
415.578425 
-163.666368 
103.225822 
-341.149337 
88.625324 
70.460286 
269.560546 
-221.377218 
7.196497 
-251.780481 
-67.672813 
123.073397 
52.292115 
-62.365057 
-183.836427 
-258.861277 
62.664276 
-174.638357 
267.116867 
45.669958 
-163.156514 
-131.151705 
179.439209 
220.834504 
-56.688760 
-66.661769 
248.713164 
-220.424809 
35.504617 
118.805349 
-1.798272 
-53.075511 
-221.562814 
262.963095 
70.458700 
116.366419 
344.056384 
-148.779550 
195.986654 
-255.832164 
263.088076 
190.094823 
-163.638452 
17.350006 
-110.010326 
249.939315 
85.635766 
197.607444 
-273.597682 
103.440439 
197.531011 
-1123.968750 
-106.625474 
-42.101425 
-246.587593 
-81.626078 
252.876470 
139.127680 
124.951714 
122.580347 
-66.898793 
15.967149 
-283.665166 
-397.189284 
-165.673363 
-165.672959 
-310.291322 
-478.622016 
-216.309993 
-17.735301 
5.041443 
-234.631752 
-147.507726 
-189.142437 
52.296410 
-44.360501 
-102.606348 
93.215412 
-330.921222 
-312.759423 
-191.086503 
-105.164504 
-197.523554 
121.838641 
-189.767184 
-241.420374 
-53.466389 
-32.104246 
-56.415786 
-111.179060 
-3.164590 
-242.377087 
-233.894241 
-11.081199 
-114.354108 
168.667660 
-20.358315 
-2.194131 
-299.420625 
15.969615 
-278.152129 
-152.342260 
205.607364 
-128.305111 
-252.455646 
-391.536736 
-201.999365 
-9.596153 
148.060937 
-279.957681 
-405.373274 
-201.999199 
-81.834152 
-543.177613 
-244.249754 
-51.525777 
78.151843 
-174.077672 
-274.942988 
-310.384117 
-87.987470 
-174.695088 
27.205630 
-202.000849 
229.104801 
-280.757567 
-201.997332 
-183.853706 
-202.001358 
-501.441381 
-239.931624 
-183.835937 
-194.181532 
-209.203358 
-189.657601 
-209.153489 
-203.536811 
-202.000000 
-200.950780 
-183.835938 
-204.126127 
-199.202711 
-194.232362 
-203.560246 
-202.170328 
-204.103221 
-197.905870 
-210.146116 
-205.511295 
-202.000000 
-202.795337 
-197.529927 
-202.000000 
-186.279804 
-200.817096 
-204.510613 
-191.774493 
-198.155461 
-202.829148 
-188.581189 
-191.938716 
-199.459976 
-206.179154 
-211.126882 
-201.011570 
-211.003811 
-211.335741 
-181.075839 
-211.151974 
-202.000000 
-204.317597 
-201.298690 
-201.351341 
-195.869968 
-193.558927 
-189.668924 
-188.329251 
-199.827252 
-201.744607 
-183.835937 
-188.742382 
-212.109810 
-211.920532 
-197.776068 
-219.028808 
-188.037746 
-210.904469 
-202.000001 
-206.567039 
-197.944609 
-198.515956 
-206.190693 
-200.751665 
-209.485556 
-201.885308 
-181.919188 
-199.617830 
-212.731002 
-208.312009 
-198.295692 
-193.039941 
-211.368547 
-203.793987 
-197.677825 
-198.074273 
-182.065470 
-196.030216 
-204.346190 
-198.392683 
-198.082042 
-204.720695 
-200.504284 
-205.519264 
-199.202711 
-209.077142 
-217.383452 
-197.431288 
-189.941187 
-202.000000 
-205.726631 
-201.778425 
-195.441325 
-202.000000 
-207.757908 
-196.459058 
-193.029922 
-202.000000 
-198.708161 
-193.720320 
-200.079513 
-206.775367 
-210.400056 
-205.443903 
-196.416072 
-202.714323 
-201.999999 
-199.287205 
-191.873392 
-192.160930 
-202.641121 
-205.639404 
-202.000001 
-208.221633 
-195.881124 
-202.207727 
-196.675082 
-191.939686 
-183.835937 
-196.814213 
-198.896886 
-194.343009 
-193.594719 
-207.581513 
-202.000000 
-203.452138 
-202.000001 
-204.622459 
-200.318137 
-202.983644 
-196.084974 
-196.819999 
-208.493742 
-193.360969 
-199.784230 
-197.378854 
-191.715888 
-200.979140 
-201.096479 
-202.608117 
-188.944352 
-206.136315 
-204.216705 
-219.028809 
-206.798367 
-208.907925 
-183.355893 
-200.406260 
-207.873424 
-192.634572 
-203.589721 
-188.759430 
-200.028230 
-210.814742 
-211.039497 
-201.254371 
-198.705383 
-203.775144 
-183.835938 
-189.432610 
-186.679437 
-196.168574 
-202.000000 
-197.778714 
-202.714861 
-195.048720 
-195.406936 
-198.588059 
-200.612635 
-209.847020 
-193.803798 
-205.436815 
-203.062615 
-202.948116 
-210.723600 
-207.805101 
-202.000000 
-202.000000 
-206.206018 
-187.554966 
-197.487597 
-206.107322 
-194.512829 
-199.915914 
-209.779463 
-214.636382 
-207.546796 
-213.180084 
-190.874076 
-207.994009 
-206.812047 
-205.155728 
-199.219924 
-201.840319 
-202.326928 
-196.925550 
-202.000000 
-198.198965 
-202.000000 
-207.472534 
-200.955488 
-198.415355 
-197.984221 
-204.060882 
-202.000000 
-202.546281 
-191.891793 
-212.820540 
-198.591378 
-207.046972 
-195.607285 
-203.709336 
-197.281796 
-193.267482 
-206.851085 
-200.103891 
-202.000000 
-202.840796 
-202.000000 
-201.580346 
-201.211753 
-206.190693 
-196.208199 
-202.400973 
-199.274655 
-190.701881 
-202.273955 
-204.071799 
-197.459346 
-202.565845 
-207.488714 
-207.710451 
-201.487861 
-205.851418 
-200.537269 
-202.723909 
-204.866796 
-210.334838 
-201.112013 
-193.216986 
-205.153581 
-195.873434 
-202.000000 
-202.000000 
-197.287252 
-190.128214 
-201.136673 
-206.691666 
-197.562010 
-197.899159 
-201.066061 
-205.266291 
-210.344621 
-203.492964 
-190.973281 
-202.809369 
-194.628145 
-193.890663 
-198.917065 
-202.000000 
-202.000000 
-183.835937 
-202.000000 
-208.221632 
-206.276259 
-201.483923 
-200.072209 
-198.426786 
-204.736879 
-187.634724 
-194.860909 
-193.682420 
-199.425361 
-198.734739 
-195.981790 
-207.586404 
-203.836595 
-202.243347 
-194.012851 
-195.367499 
-199.721981 
-191.160064 
-202.000000 
-200.450840 
-205.493717 
-216.086164 
-202.000000 
-203.452338 
-195.869967 
-202.000000 
-189.986940 
-199.704065 
-202.000000 
-202.000000 
-211.911634 
-199.798061 
-202.000000 
-205.226572 
-204.622459 
-200.067924 
-202.483822 
-201.003798 
-201.362654 
-203.848534 
-198.613991 
-205.604255 
-203.673945 
-198.389296 
-205.147453 
-209.694330 
-201.432972 
-196.167220 
-202.520655 
-203.969581 
-187.654879 
-200.713517 
-203.214117 
-191.677890 
-207.746905 
-194.982292 
-205.142635 
-192.235993 
-204.182625 
-201.744679 
-188.775871 
-204.054841 
-201.011570 
-206.351065 
-197.411186 
-202.000000 
-205.195582 
-204.987851 
-198.573621 
-201.236636 
-196.167221 
-200.638622 
-204.056892 
-208.814274 
-202.000000 
-202.000000 
-207.736447 
-202.950627 
-207.027299 
-202.000000 
-183.835937 
-192.044629 
-202.373037 
-205.831814 
-195.396320 
-200.096740 
-202.000000 
-209.030829 
-204.943042 
-208.997198 
-193.341873 
-195.075354 
-187.617110 
-199.131566 
-203.300654 
-199.921839 
-198.056858 
-202.000000 
-202.000000 
-202.000000 
-194.780075 
-196.830287 
-194.979620 
-199.078294 
-191.039631 
-206.256862 
-202.000000 
-205.672986 
-191.853077 
-201.334336 
-201.519528 
-196.131728 
-210.587737 
-199.240898 
-204.689157 
-202.000000 
-199.676854 
-204.353987 
-202.000000 
-202.000000 
-201.766390 
-201.301846 
-206.256863 
-202.000000 
-202.000000 
-190.825006 
-202.000000 
-202.502749 
-198.175710 
-200.757438 
-195.690638 
-202.000001 
-183.835938 
-202.000000 
-197.784446 
-200.521784 
-200.066898 
-193.736180 
-192.522054 
-202.941648 
-186.390948 
-202.000000 
-197.494382 
-198.972010 
-202.641120 
-208.331448 
-189.222716 
-176.651501 
-201.156753 
-202.219009 
-186.035492 
-198.579702 
-195.365180 
-202.000001 
-204.093703 
-214.695832 
-195.792105 
-205.141374 
-191.935029 
-206.519134 
-214.754063 
-215.524046 
-203.257123 
-204.651735 
-206.714180 
-199.658103 
-202.000000 
-211.109609 
-187.795874 
-208.675575 
-199.800447 
-206.560027 
-209.662257 
-207.702217 
-199.227503 
-207.371464 
-205.258428 
-202.000000 
-189.709282 
-199.319444 
-202.000000 
-196.075305 
-213.779560 
-201.999999 
-202.000000 
-212.028775 
-197.781335 
-202.149702 
-201.567694 
-192.969946 
-203.892002 
-202.000000 
-199.793138 
-202.000000 
-200.821447 
-206.302012 
-192.013961 
-210.296598 
-196.696328 
-196.601961 
-206.876893 
-202.654519 
-206.861676 
-205.206530 
-207.123391 
-195.515081 
-199.470993 
-201.398950 
-202.000000 
-202.661698 
-198.585352 
-195.607041 
-202.483822 
-201.222674 
-197.246290 
-202.000000 
-202.000000 
-202.029899 
-202.000000 
-201.645031 
-192.183392 
-189.223661 
-201.886946 
-205.332032 
-203.402234 
-202.000000 
-196.208234 
-202.613821 
-203.137431 
-202.910796 
-202.000000 
-201.019009 
-191.363080 
-197.580455 
-201.043409 
-203.193350 
-202.332783 
-197.608157 
-192.721512 
-198.724641 
-198.924755 
-198.743572 
-202.000000 
-202.926652 
-191.917470 
-202.000000 
-205.021573 
-202.000000 
-196.499519 
-198.714451 
