-84.671866 
-86.455278 
-75.685669 
-82.103201 
-68.430009 
-47.250046 
-8.249986 
15.869075 
9.546886 
18.159550 
-19.976586 
-35.197863 
-62.416928 
-69.543273 
-59.096461 
-54.312660 
-59.496378 
-97.736382 
-84.671869 
-112.346624 
-112.497037 
-116.078123 
-107.195496 
-61.331670 
-68.799980 
-38.293610 
-33.529224 
-38.618349 
-12.163598 
-27.504662 
4.530350 
33.751474 
39.752549 
-13.653897 
-37.919839 
-51.589279 
-69.365786 
-77.557943 
-84.671879 
-84.174690 
-89.874230 
-83.048159 
-58.850038 
-41.153281 
-11.825270 
-6.099650 
-13.492480 
43.686226 
9.546872 
21.584588 
14.146594 
-18.638969 
-56.171041 
-60.135743 
-79.405932 
-75.977613 
-84.671878 
-88.638761 
-90.050198 
-80.190507 
-49.752775 
-24.881464 
-11.121921 
18.081510 
-3.143746 
-24.614623 
-18.981646 
-67.602260 
-78.651308 
-95.865959 
-84.629537 
-57.304704 
-88.177241 
-68.263579 
-91.499764 
-106.669424 
-71.127934 
-42.190604 
17.279874 
70.500814 
89.749947 
96.830996 
72.706735 
-23.933253 
-60.722053 
-99.498026 
-145.275844 
-178.890627 
-182.239368 
-199.230739 
-197.656583 
-175.749996 
-123.251305 
-81.801732 
-21.528210 
40.953126 
14.924739 
-5.354916 
27.373116 
16.486827 
-33.938167 
-23.833156 
-33.893505 
-70.650405 
-84.671882 
-108.361586 
-116.774423 
-144.345108 
-100.214404 
-74.431329 
-21.859402 
-9.450589 
-3.825456 
-15.549324 
-34.853823 
-58.907840 
-21.859385 
-14.487713 
-13.782347 
-11.611191 
-15.926478 
-45.778174 
-53.265648 
-30.984835 
40.953140 
51.946810 
71.238766 
65.450887 
41.272719 
3.889268 
-71.757597 
-108.327678 
-103.088921 
-98.187338 
-61.772107 
-74.097288 
-72.565206 
-75.267357 
-28.580059 
22.652233 
74.466419 
102.784191 
115.943463 
71.929249 
-25.294690 
-90.538600 
-103.651118 
-125.629879 
-115.041937 
-123.518003 
-115.518937 
-79.506593 
-46.984795 
-18.487546 
2.818348 
31.170583 
40.953126 
39.002590 
-2.754934 
-40.198299 
-53.265629 
-107.946216 
-127.295518 
-140.959579 
-156.762608 
-101.142518 
-111.310387 
-65.585620 
-23.480252 
-9.522466 
57.010270 
73.581696 
51.831601 
24.702343 
-37.562498 
-84.671870 
-95.525773 
-117.767259 
-157.090380 
-156.455154 
-142.057922 
-111.076457 
-72.602768 
-16.480928 
19.838367 
14.472424 
35.252271 
16.771475 
9.913673 
20.757000 
-24.861933 
-105.725048 
-145.920179 
-159.291315 
-116.078129 
-105.526621 
-53.265624 
10.239612 
18.656563 
70.830223 
79.340936 
42.539891 
40.953121 
53.540069 
29.774761 
18.751919 
-50.050268 
-77.676392 
-130.426244 
-155.953630 
-151.524084 
-131.398914 
-83.225161 
-42.613010 
-21.859383 
-39.852416 
-11.390623 
-37.268302 
-39.341497 
-18.346524 
-68.554617 
-43.317485 
-36.902246 
-25.446222 
-11.762097 
-79.164439 
-62.873838 
-33.183399 
-55.415357 
-26.967464 
-16.975070 
-10.996578 
-33.890370 
-40.561959 
-32.469685 
-32.264870 
-51.927519 
-28.769171 
-68.912167 
-72.670418 
-84.671872 
-84.671872 
-107.890637 
-121.179422 
-99.949371 
-63.476924 
-45.806384 
-3.394161 
-10.515847 
29.881732 
26.124916 
-11.620748 
8.325159 
-14.406830 
-36.663903 
-66.763888 
-86.583654 
-84.671870 
-84.671872 
-84.671874 
-53.265619 
-76.450571 
-47.936608 
-38.354637 
-53.486705 
-82.849779 
-83.827540 
-149.862782 
-163.217091 
-165.509734 
-210.124971 
-161.469734 
-131.651927 
-106.375048 
-96.533834 
-86.315107 
-72.509893 
-66.833672 
-53.708692 
-33.918158 
-21.859377 
-35.865793 
-30.036917 
-53.781969 
-100.375006 
-105.891457 
-120.288521 
-116.078131 
-119.846823 
-109.468922 
-53.265629 
-58.500013 
-33.142683 
-30.193676 
-75.838876 
-103.061929 
-120.787573 
-132.287400 
-134.964411 
-130.150256 
-119.174531 
-162.076017 
-135.604760 
-138.441351 
-98.618048 
-34.987586 
-2.690092 
41.151011 
47.075743 
57.781810 
32.600298 
-20.534593 
-88.146616 
-105.024439 
-131.604064 
-113.059367 
-115.749961 
-125.948190 
-138.007513 
-112.453784 
-138.651357 
-104.950796 
-75.567288 
-59.109989 
-47.153886 
-58.619947 
-72.317425 
-84.671873 
-106.885796 
-112.229156 
-133.238595 
-132.790918 
-99.249462 
-94.764220 
-86.728089 
-75.142716 
-53.265626 
-53.265626 
-10.304279 
-3.010239 
-5.163027 
-75.249993 
-53.265629 
-75.337881 
-59.315023 
-21.825786 
-34.210693 
-51.210848 
-53.265634 
-56.521819 
-55.981343 
-40.795085 
-49.573918 
-51.518351 
-70.199557 
-66.330496 
-97.974645 
-83.702912 
-112.772722 
-84.671890 
-71.913089 
-75.838876 
-50.490606 
-27.061455 
-54.164635 
-43.839231 
-15.343537 
-17.758918 
9.546862 
-48.487784 
-85.286507 
-150.123969 
-163.599681 
-161.389947 
-123.790970 
-128.928588 
-93.033932 
-84.671888 
-30.282838 
-7.292458 
9.546865 
9.546875 
-16.254426 
-72.013324 
-94.180726 
-163.187523 
-178.890627 
-152.039683 
-142.250020 
-113.884718 
-47.331673 
-33.644292 
9.887770 
40.953111 
18.379880 
40.953123 
53.898098 
56.438000 
13.776158 
-64.978224 
-121.371865 
-174.641842 
-199.138517 
-131.781278 
-155.961755 
-123.251759 
-66.714421 
20.669679 
48.026329 
117.864727 
156.001406 
142.676009 
140.999172 
57.186671 
-7.156328 
-53.265628 
-150.767432 
-192.557113 
-204.934819 
-213.150623 
-162.663351 
-111.921583 
-63.515267 
-39.858563 
5.064582 
28.283363 
59.426853 
52.999588 
-6.156258 
-50.614892 
-118.261533 
-157.955002 
-135.645691 
-144.828258 
-152.235254 
-128.921502 
-113.167902 
-64.077438 
-28.284836 
-21.859389 
31.452123 
46.793590 
25.249990 
30.680476 
-12.830289 
-37.562510 
-53.265631 
-110.373259 
-97.922564 
-103.210911 
-81.552211 
-19.576431 
-11.150168 
40.953119 
40.055418 
56.656244 
28.470694 
-24.608663 
-54.437493 
-57.335983 
-68.141786 
-55.373777 
-80.013562 
-87.706282 
-94.527157 
-81.795418 
-107.590758 
-59.325374 
-26.235085 
1.544743 
25.249995 
20.462890 
-0.868604 
-38.768357 
-56.448775 
-71.904668 
-87.236083 
-84.671869 
-100.375003 
-96.590308 
-116.078120 
-114.686551 
-63.917165 
-16.644503 
2.455570 
16.325198 
-3.812447 
-6.156247 
-51.847330 
-70.223959 
-105.631067 
-118.532684 
-118.041014 
-103.435999 
-77.951636 
-85.306435 
-94.988737 
-93.776986 
-57.503064 
-8.295710 
11.381400 
-1.434144 
-37.658672 
-115.172714 
-147.484373 
-189.527602 
-138.544195 
-84.671879 
-46.979164 
-37.562506 
-42.768297 
-53.696459 
-84.669318 
-176.649591 
30.921107 
49.989223 
-26.713403 
-120.057061 
-24.998828 
238.233810 
103.766657 
-310.093598 
182.506210 
-221.005003 
-0.176744 
-39.294758 
-26.525517 
164.152361 
-8.126297 
-28.630766 
-21.859330 
47.426919 
-12.497841 
-21.859027 
-140.113891 
155.440344 
12.092805 
-136.264268 
-401.877674 
-162.958617 
-184.159853 
-45.115008 
35.988842 
-218.025291 
12.908020 
-40.373539 
-207.674837 
210.410206 
-113.816787 
-20.341925 
72.357953 
-47.063750 
-123.082885 
-154.360383 
-115.164038 
-7.635341 
300.331144 
-278.887158 
-63.990706 
-14.268040 
-178.892726 
-173.878057 
157.291661 
-37.230142 
87.964827 
2.673969 
53.336366 
-143.125218 
40.950896 
-48.505875 
-74.015957 
-42.843401 
-49.285098 
-129.117997 
-65.303145 
113.746427 
58.785582 
-80.590819 
256.320711 
-103.604685 
-185.187712 
38.306581 
59.139482 
-72.177580 
74.150037 
302.999357 
-14.708962 
60.537684 
672.413387 
11.195989 
-60.742991 
-93.691855 
176.041916 
393.509053 
16.119437 
-153.961825 
267.671960 
87.997480 
-12.729313 
527.750840 
-39.739654 
333.420738 
-92.670408 
276.501420 
69.284887 
-109.857001 
48.344125 
417.828053 
-81.265918 
-34.803827 
304.438286 
226.097880 
-206.835166 
-56.429910 
64.539764 
-129.364242 
292.202860 
222.111603 
-250.269555 
201.503030 
140.324024 
-104.675346 
88.062076 
121.625506 
-241.402605 
-12.412049 
-213.750197 
201.196816 
197.982735 
200.236859 
-320.170759 
-160.548487 
81.780117 
-90.624885 
56.654347 
-436.718614 
260.793232 
-247.804835 
53.776043 
-174.417472 
219.564587 
-25.328833 
-61.455686 
-321.857867 
-287.770847 
7.567038 
-27.750349 
-361.228689 
-122.572412 
-192.664891 
-206.864489 
-326.648548 
19.577711 
-79.766473 
196.132407 
-6.264543 
46.128435 
-334.511357 
-578.330928 
-121.862429 
-187.521255 
-23.901319 
-177.460134 
-25.960281 
261.722675 
-183.978976 
-25.615957 
-64.284976 
72.361732 
-133.456039 
-32.431706 
-559.152240 
386.422739 
-81.928626 
-101.038493 
176.183685 
-92.159161 
225.571951 
176.754703 
-477.422805 
-53.498633 
-136.611169 
-194.026308 
231.014910 
-204.768942 
21.981528 
-37.561533 
40.956144 
185.382748 
-566.239022 
-238.759813 
-142.869186 
-80.013864 
143.174178 
146.487201 
-200.779807 
100.884950 
-185.500889 
-336.202526 
110.354084 
-135.148069 
36.806373 
136.669581 
-102.673957 
-43.893560 
-32.489265 
-21.858996 
220.657097 
292.202468 
-563.726678 
-267.892561 
-292.642029 
80.130545 
-81.550371 
197.983584 
130.619964 
-324.226967 
-213.181984 
-124.420798 
-158.864323 
8.628366 
-187.983031 
-174.998663 
-390.951488 
-161.701790 
-241.210159 
135.171470 
38.580591 
-45.937940 
-329.131431 
91.266935 
-96.392338 
-171.255921 
-181.573918 
-68.769940 
7.772670 
25.174222 
-103.208079 
73.858614 
-61.569677 
-395.285350 
93.815452 
-104.940740 
98.979337 
-155.052424 
-85.360565 
99.540970 
-202.485816 
-204.120218 
291.837530 
-159.834197 
-66.555098 
-116.078383 
40.953340 
-310.960480 
-432.452493 
-17.055044 
-44.611767 
-337.331085 
335.008381 
-315.931869 
104.790823 
-31.345578 
55.451399 
-120.551960 
457.490999 
-235.278778 
86.799848 
-354.079243 
-53.263736 
213.688342 
9.548542 
307.907896 
607.376614 
-398.619309 
66.256358 
-52.782501 
39.588684 
-239.924091 
-70.726901 
-28.949978 
206.499717 
-434.113725 
-186.388369 
55.025548 
-201.673240 
-248.488275 
-184.048773 
-39.687437 
169.355811 
-318.502791 
48.996168 
135.173018 
-164.064367 
-106.864848 
35.362231 
-21.858424 
61.405294 
-538.557378 
276.500674 
155.668584 
-190.518734 
166.578704 
92.250056 
-370.074804 
-35.621709 
-570.488166 
-248.788114 
-184.989098 
-157.280249 
-76.004591 
120.898093 
-266.387245 
-3.505007 
198.057934 
357.634670 
-95.102421 
-59.575024 
209.125069 
-261.118178 
39.740338 
327.475619 
163.727862 
31.754189 
-104.567849 
-141.196269 
-188.238681 
124.195810 
156.885233 
-41.656558 
-17.222461 
-96.913341 
-331.952787 
7.466626 
-14.456943 
-155.730792 
210.877180 
-143.613799 
-86.503464 
292.202090 
-21.951835 
139.451461 
101.762569 
196.897517 
-316.352970 
112.878111 
-260.676407 
-199.883928 
-84.671798 
307.906002 
165.313990 
-290.585741 
-158.902023 
-360.002712 
-53.265538 
-72.736565 
11.054637 
-147.580109 
-389.672494 
-137.204262 
119.468986 
-36.455411 
-159.142415 
-106.812031 
-197.531180 
-241.237745 
47.267161 
-104.322883 
-132.487418 
30.567143 
-156.279214 
370.718191 
-206.370714 
-34.618962 
-120.163617 
-250.918454 
-271.750846 
9.815284 
-193.098840 
-51.726886 
496.344216 
102.815646 
-262.647820 
-1.898236 
-138.305632 
-278.922042 
-197.444671 
-365.353783 
-167.337337 
245.092620 
10.415551 
-63.174449 
9.548282 
276.501254 
58.849755 
-148.782338 
-272.617080 
-53.266388 
339.311572 
129.382974 
-92.002069 
-124.745925 
123.693322 
-50.002672 
28.383833 
119.470903 
85.120284 
88.064238 
-41.339251 
29.874473 
121.792965 
104.663997 
-286.978582 
-53.326665 
19.173394 
402.126509 
128.896136 
-12.900659 
39.822293 
-244.551166 
28.230095 
-384.428518 
5.161338 
-84.763015 
265.029977 
-311.113751 
67.637192 
135.173445 
-343.006329 
406.732222 
117.729824 
29.672089 
-560.671134 
77.142023 
-215.163484 
-121.548678 
114.640896 
-79.519877 
-68.807804 
209.931881 
-84.672358 
-255.303401 
-159.172646 
-187.345822 
-267.403047 
-10.603818 
-146.415560 
263.200112 
130.454157 
96.349317 
-98.883093 
-68.967726 
-35.000764 
-209.792232 
-147.485184 
-209.649526 
-440.698085 
-147.484794 
25.250032 
-211.491145 
-233.161396 
192.287941 
-219.410746 
-100.547959 
-366.696398 
-6.156335 
-143.103867 
-68.969463 
-137.068803 
-184.043720 
12.032290 
-134.474911 
-724.901685 
62.483797 
-326.474424 
-109.955002 
-75.990588 
-324.704983 
-291.318796 
-1.914044 
-441.760933 
-208.255485 
-116.077911 
-6.190910 
-1.490670 
-480.232441 
-107.410724 
-112.367161 
142.982636 
-84.671291 
-53.264521 
-282.246170 
56.655865 
-246.299918 
-176.831627 
-352.858436 
-185.561667 
-31.947794 
-53.303829 
-147.483090 
-36.908071 
-218.997939 
-231.214309 
-404.484665 
-205.388851 
-180.207856 
189.390231 
-247.739268 
-47.004113 
-296.830091 
-51.483743 
-305.386462 
-430.137297 
-164.951680 
-56.078164 
53.602975 
-116.075794 
-227.288438 
-20.582996 
-100.371158 
-191.004657 
-225.998071 
-308.653648 
-67.194692 
166.576728 
-175.981521 
-40.262729 
127.657083 
444.577960 
-491.444584 
-142.251028 
148.841760 
276.500612 
-417.864264 
172.125145 
-238.258237 
-17.617837 
60.188743 
186.391876 
468.726475 
-112.013762 
141.437253 
245.094227 
121.555550 
-218.869377 
810.405436 
23.528979 
35.672302 
167.756999 
28.496027 
-713.132317 
-99.454567 
87.119957 
59.200624 
197.280927 
-5.449196 
178.080906 
221.650819 
-168.226759 
172.414105 
299.624393 
132.293537 
-21.855189 
392.656619 
-173.379068 
-413.349470 
57.248270 
285.157868 
550.019380 
25.516228 
-287.782861 
-84.014282 
323.612676 
-102.171843 
440.225671 
339.058821 
362.453038 
34.088299 
54.320922 
107.366310 
936.034620 
-130.234116 
-4.250056 
12.187434 
-59.948201 
36.731250 
-181.047271 
131.108686 
188.691649 
-134.515895 
322.981951 
-92.506551 
90.261761 
267.048505 
413.990089 
-13.554000 
-50.283048 
13.527418 
85.175765 
282.072227 
831.543855 
-247.458207 
163.957741 
-44.443883 
66.545929 
337.697098 
-99.221878 
-70.941485 
232.927191 
243.087741 
-214.662456 
653.374876 
-43.883689 
413.866889 
40.711410 
444.001158 
219.992698 
-224.225928 
-72.692289 
229.393097 
-256.408318 
109.155731 
116.230466 
167.439671 
-264.244844 
-284.976985 
202.796367 
-323.306270 
323.612389 
156.105163 
-736.021552 
504.266470 
-56.380459 
278.444802 
119.470439 
266.952724 
-130.375776 
-150.640868 
-513.755740 
170.113053 
229.389694 
155.485475 
-598.445763 
-427.356903 
159.619747 
168.894924 
150.872205 
-541.614201 
72.357589 
-300.887759 
-1.185437 
113.518911 
41.269332 
-246.786710 
210.025578 
-401.627936 
-267.839566 
-127.269123 
24.897922 
-183.365079 
-272.993964 
-435.608375 
-258.542912 
-482.780493 
7.571507 
-335.922576 
63.034702 
-536.569398 
100.728571 
-678.269772 
-438.939558 
-359.820742 
-10.449094 
-83.628408 
-94.414861 
-134.141416 
398.328397 
-143.550898 
102.383869 
-237.323261 
166.577564 
-246.922374 
2.298677 
-436.346663 
402.126047 
-228.139119 
-467.083249 
43.413326 
-164.976356 
-102.199606 
278.336626 
-645.829427 
223.740964 
-324.538680 
-316.027397 
433.863776 
-139.571595 
-75.877757 
-53.255034 
127.321564 
378.808863 
-360.609607 
-65.246515 
-268.811173 
-132.203581 
589.832623 
-219.613494 
-45.859496 
-260.489832 
-159.589294 
-285.914032 
83.853047 
239.155094 
-107.608482 
110.870603 
39.610196 
-233.074376 
107.923945 
355.019822 
313.720848 
653.380727 
-702.017024 
-90.359212 
76.578403 
-161.484248 
10.411528 
135.174186 
-194.331376 
-551.880847 
-244.901190 
-723.452050 
-84.242010 
324.219817 
-252.861761 
-156.307719 
-393.216671 
-234.148528 
-3.779203 
433.529747 
-172.187573 
-70.017846 
-195.843173 
194.642883 
112.782506 
27.114327 
-197.893695 
96.212577 
-302.914023 
-118.316728 
-283.320186 
-186.188130 
-20.285501 
-542.953700 
-22.799495 
325.323975 
-136.662970 
-91.593741 
-73.128348 
9.177067 
-55.371737 
-83.610112 
147.601455 
-199.134007 
-11.413779 
166.576047 
716.186329 
-547.627488 
-88.304570 
-406.964653 
0.947516 
-271.150083 
203.691896 
-857.441445 
210.230398 
27.116400 
106.279319 
-179.085630 
399.040643 
-424.000314 
-121.967752 
-101.917080 
276.497910 
-21.858328 
276.498034 
229.390844 
400.950871 
-144.567496 
455.203720 
-124.360862 
479.900107 
-565.783385 
-427.546630 
69.203995 
456.622180 
-470.797097 
-44.841190 
54.406304 
-83.896378 
-580.855446 
87.144311 
-437.322534 
137.409193 
-248.418383 
-15.727417 
56.655114 
81.870130 
-278.253023 
-222.431246 
276.498172 
-294.788496 
-263.619548 
9.544357 
227.950659 
-202.775912 
496.342608 
-142.252882 
-130.839793 
-317.187898 
-631.340110 
-253.618315 
-143.853724 
-149.274243 
-409.240265 
329.499343 
-133.713572 
-248.862493 
179.963002 
247.438286 
-288.774406 
129.929640 
85.775493 
-240.506135 
87.609816 
285.448821 
-47.235082 
76.479966 
-19.103819 
-290.591399 
-237.943156 
-52.509100 
-130.372387 
-217.890162 
-292.380421 
-389.870135 
-361.722422 
389.064138 
-99.161185 
-63.980511 
20.646938 
-227.124090 
276.290527 
527.749043 
-671.034856 
217.688215 
26.863635 
-94.244764 
-452.600211 
242.620427 
-400.238586 
-230.962845 
25.247595 
-84.673569 
-1.587477 
-104.991860 
88.627684 
-209.251853 
56.653917 
-247.014194 
-111.635829 
13.542164 
-388.205596 
-198.162709 
-84.675229 
124.833187 
-98.199524 
-198.338122 
-344.586097 
-24.865695 
177.765929 
-305.261390 
-274.833521 
73.221309 
-306.208868 
-84.675923 
-204.412375 
-276.059116 
-109.089250 
-247.602479 
-180.021515 
113.657496 
-422.052594 
239.167100 
-53.268977 
-355.343897 
-492.038007 
-50.163572 
46.205344 
-24.843141 
-859.083876 
-117.940243 
319.395558 
-6.158640 
11.468476 
-45.343777 
166.575466 
182.280231 
-39.759842 
-180.659868 
-146.077982 
182.280291 
25.249235 
-141.121857 
-259.500659 
-300.283915 
250.439219 
176.610008 
9.888047 
25.249644 
-526.321403 
-6.156610 
39.838133 
-13.310982 
262.309581 
268.898245 
-222.457025 
-91.958091 
319.894047 
-100.373138 
351.504201 
-346.007730 
-56.381397 
-353.220274 
-41.946145 
-353.969925 
-31.203398 
-274.976674 
615.101060 
-213.272265 
256.755678 
119.469276 
-283.827692 
154.361975 
135.615846 
118.837983 
-320.269437 
-80.047465 
22.459896 
-305.012383 
5.623537 
-122.190490 
-209.114746 
-25.671551 
-53.265810 
-468.194501 
-39.626220 
-218.940833 
-463.695430 
91.452047 
-301.411826 
71.403365 
-0.700246 
-101.074239 
-293.914672 
-37.562262 
-218.158573 
-459.658906 
-68.968991 
-329.908162 
-779.020387 
-147.484179 
-147.483410 
-312.834033 
-315.382134 
-317.971992 
-98.371640 
-67.793164 
-543.789681 
-53.264635 
-159.817284 
-37.560722 
-223.303193 
-241.507981 
-173.105665 
23.304665 
-535.593378 
46.825087 
-414.656947 
-158.586085 
-34.032029 
-148.495052 
-205.030179 
-227.614048 
-259.486308 
-149.467654 
-21.855117 
-49.456349 
135.665132 
-468.639899 
-330.718544 
-140.489707 
217.726772 
-21.858238 
88.064797 
-220.382211 
-84.669101 
188.539349 
-249.095722 
-89.238099 
-277.714363 
-207.890039 
96.461413 
-37.560311 
-123.825963 
-164.601245 
-239.547196 
-378.116772 
-261.330364 
-220.498880 
-107.865874 
-100.500902 
-377.162532 
-288.857841 
-5.478747 
-312.678869 
-308.815759 
-4.278886 
-172.329127 
-55.526962 
-37.561594 
-205.981080 
-58.894912 
-225.999071 
-46.097815 
-225.999338 
-428.032273 
-211.222512 
370.720893 
35.947011 
-458.141191 
308.706220 
-243.229035 
-243.553558 
176.004209 
67.931157 
449.234327 
-281.055112 
240.443918 
-90.046046 
270.754901 
128.260735 
458.214761 
297.144991 
-228.457441 
-112.616868 
135.172252 
149.963661 
100.813179 
72.360416 
249.098357 
490.499000 
-282.334099 
-11.017615 
-92.300977 
361.612003 
233.624818 
28.920433 
265.304538 
19.156222 
78.540516 
49.521646 
57.665238 
-76.069630 
82.803255 
-226.314385 
135.169965 
305.640648 
66.367707 
26.190806 
123.972408 
41.968703 
785.381517 
215.003442 
123.556463 
-456.148670 
339.311937 
-86.400440 
560.368723 
-227.603280 
15.158216 
-267.219015 
221.412443 
-123.853171 
307.906356 
164.068866 
-240.740981 
186.462098 
252.767496 
-1.010537 
-233.134155 
-41.645563 
102.937573 
-147.387412 
227.191989 
-176.830481 
-268.424546 
337.261894 
19.138278 
58.795686 
314.543818 
-136.617633 
-79.682829 
261.933228 
829.516611 
109.887684 
78.072656 
-30.248925 
35.863562 
107.954179 
-255.360993 
13.401183 
-74.069820 
-35.032358 
-125.556071 
339.315645 
190.701140 
505.787991 
181.313637 
125.749321 
155.275830 
-10.927574 
-306.001954 
260.799735 
-190.965425 
159.465691 
176.167722 
57.096611 
62.510477 
-189.138214 
-13.072559 
-170.648944 
480.642740 
298.628893 
-360.572054 
-249.868032 
238.697654 
13.497950 
40.957072 
255.675334 
-117.097507 
281.388778 
-382.537098 
-195.476217 
197.985362 
92.410615 
-168.293674 
140.577925 
412.640920 
109.081720 
9.548068 
-15.604778 
873.216549 
-113.681415 
-21.899562 
-234.599159 
371.613951 
-404.697579 
113.257245 
-108.415020 
73.522367 
98.396047 
-165.192265 
-268.623456 
-127.238270 
-562.926868 
-159.617354 
-90.267650 
-19.005495 
-136.683719 
-36.935790 
-319.575330 
214.638848 
-176.885790 
-398.478923 
-326.448447 
-236.489887 
128.700638 
168.954423 
128.665982 
-101.141814 
-201.590135 
22.555274 
-108.028988 
370.719886 
164.535136 
-272.939270 
-626.868887 
260.800189 
-58.188739 
-135.498600 
203.062847 
-209.083983 
-214.987749 
-51.289930 
-338.939298 
87.280987 
-179.876191 
-454.631770 
-8.829561 
-113.033815 
-555.919446 
-84.674048 
150.875631 
127.869704 
53.558908 
-56.605374 
-255.153068 
-30.938371 
134.288637 
-299.890902 
164.140465 
-101.613252 
-319.888136 
-226.427803 
107.678800 
82.425955 
25.673406 
480.962791 
-228.351101 
-333.868049 
-142.948155 
260.795493 
-40.664645 
276.498884 
-535.784035 
-237.626909 
-319.041282 
-79.920929 
-147.714286 
245.094876 
-12.200876 
-1129.443707 
-573.913156 
316.724297 
-126.193121 
360.564155 
-204.225004 
219.840030 
43.744560 
19.405934 
-259.231556 
433.532602 
-58.510200 
-251.124497 
-387.062258 
88.077176 
-359.651458 
-125.928677 
-108.302058 
288.638452 
-142.776663 
-410.272628 
-132.922652 
-240.308708 
-128.258130 
-305.832637 
75.599683 
-33.855895 
-18.373638 
-94.984903 
-59.072379 
-331.684911 
162.848344 
-478.726522 
30.981477 
-354.805521 
-266.333374 
-21.858345 
559.156591 
-542.961664 
-112.314682 
-165.613603 
77.125759 
-177.223199 
246.933282 
-651.216257 
-47.369288 
-248.252848 
86.785302 
-192.839897 
141.372056 
-113.262699 
-87.423477 
51.135085 
213.685568 
-53.265898 
182.278874 
40.952467 
-79.329960 
-149.637441 
243.003869 
-129.559001 
107.028746 
-265.648784 
-328.141810 
8.114556 
336.188949 
-182.465905 
-123.827365 
-244.711433 
107.870510 
-326.349350 
-14.350602 
-280.832864 
102.487551 
-188.898611 
-160.131030 
88.059896 
-268.941268 
-299.107151 
24.415819 
245.093833 
-107.229912 
-181.650958 
-21.861663 
-162.579352 
88.033002 
496.343410 
-58.503649 
-135.385590 
-222.873282 
-401.682543 
141.035109 
-97.979329 
30.370785 
-147.489814 
98.265216 
-319.549764 
-110.517886 
-171.022273 
-100.092836 
-349.389635 
-75.179556 
-26.996810 
-325.952062 
-204.572686 
-253.587521 
-23.728704 
-196.966837 
-130.024486 
-180.993649 
-242.098700 
-23.667106 
-98.709724 
48.687168 
-217.015539 
-392.881469 
-431.257336 
54.852251 
-238.496626 
-163.588131 
133.268134 
-99.076241 
-172.610902 
684.780969 
20.787544 
-15.763294 
50.938421 
-37.079761 
76.181235 
157.769065 
-224.554477 
-174.576156 
339.312862 
213.687405 
-14.029615 
-67.231735 
-423.337683 
-577.752041 
370.718852 
-352.265917 
-92.743689 
25.158355 
-43.547519 
-284.183238 
150.874569 
-14.346773 
61.811782 
-9.097148 
-414.469486 
95.638946 
-79.244252 
32.348028 
18.489678 
302.286659 
-102.361039 
-116.079507 
10.531495 
-156.318459 
-62.110178 
-132.625140 
-152.570144 
213.828192 
-225.556457 
195.696976 
-84.670428 
-17.749302 
-481.193789 
-60.625618 
-38.446398 
-186.317434 
-369.124514 
23.298467 
159.921455 
-194.596587 
-57.717204 
-149.454834 
-37.561440 
-68.967357 
-142.848295 
-41.374092 
-497.333979 
339.314017 
182.278263 
152.137670 
-276.252323 
-400.003859 
-57.582958 
267.246527 
-184.226914 
213.684867 
-187.723020 
-53.266283 
-76.754069 
74.860515 
-63.213034 
195.237688 
-303.693988 
-402.906115 
45.275039 
355.020078 
-166.349501 
56.896158 
-79.556434 
-362.894144 
-281.116922 
-8.090447 
-366.237914 
-162.623571 
82.848705 
-175.297958 
67.767974 
182.283946 
-438.380023 
-24.163705 
-215.535045 
90.228546 
-230.174256 
131.597415 
-480.514522 
-398.894710 
-134.859750 
-18.589954 
107.264862 
41.402682 
-68.967339 
-198.186711 
113.226626 
-61.485546 
-508.903717 
135.572498 
-327.643230 
-225.769562 
-147.594545 
-24.959390 
-352.588646 
-68.969619 
-364.266971 
-261.649960 
-53.268215 
-584.200356 
-510.318580 
-53.264201 
-21.860326 
-252.363825 
-278.612444 
-129.576793 
-156.374051 
-172.803223 
-424.734107 
56.655818 
-282.056001 
-37.563609 
-170.115382 
53.712482 
-171.652193 
-147.113709 
-248.231792 
-175.163323 
-196.029079 
-194.945556 
40.805003 
-81.295566 
-63.037837 
-244.159419 
-93.679319 
29.284294 
-37.563095 
-173.204166 
-120.586681 
-337.656356 
-210.303425 
228.114504 
-45.015396 
-21.859571 
88.061745 
-207.893183 
-68.967463 
-140.548942 
-349.094705 
-160.644438 
-137.353795 
-323.833716 
31.003836 
-147.483735 
8.969664 
22.313420 
-226.599061 
-380.353826 
-173.981565 
-209.518307 
-63.222178 
-381.401042 
-32.298521 
91.434687 
-74.311654 
-228.151854 
-339.266165 
-78.944105 
-185.861881 
-204.850757 
-100.373485 
-123.126181 
-287.642616 
-225.997056 
-74.339157 
-225.996091 
-372.095733 
-517.668934 
464.939414 
-104.027673 
-115.426361 
211.884733 
-117.586525 
-474.836977 
-225.999001 
166.500028 
339.312604 
-111.499146 
78.745979 
-280.790587 
71.679315 
118.655917 
213.407080 
42.604628 
-264.844071 
151.093323 
119.468308 
-73.225281 
298.717953 
197.984345 
57.422227 
136.672087 
-315.908427 
-226.384438 
84.481967 
315.640740 
203.472909 
-351.072732 
58.393345 
-6.482825 
106.571685 
259.425722 
-258.437761 
3.936950 
-237.918392 
-140.954401 
621.967589 
551.173499 
-444.346647 
-240.773553 
-28.010653 
165.579519 
765.678595 
225.194987 
-467.805667 
-218.535491 
72.357916 
381.316667 
46.040400 
-10.553022 
-30.919697 
-198.521450 
-186.937761 
312.926626 
229.388648 
195.344740 
-264.372738 
252.176973 
-309.641866 
37.452899 
-206.793569 
259.739579 
219.311467 
30.820965 
87.676545 
-133.788406 
144.209693 
489.448527 
-29.137468 
89.424446 
54.669279 
-77.845879 
-297.304574 
356.269942 
360.447322 
-166.771714 
-70.626056 
332.550874 
329.713120 
57.687316 
-305.388478 
-140.613888 
-114.619741 
374.266565 
33.009888 
103.765714 
289.065898 
-89.143923 
-297.246745 
376.999991 
47.708270 
-19.163057 
-89.919549 
229.390868 
-14.211434 
148.428041 
65.691892 
82.487918 
-566.968231 
-219.983342 
62.308805 
3.904953 
873.219942 
103.343532 
-465.269104 
53.391579 
-66.198030 
-151.153674 
135.169675 
-143.553056 
-310.093979 
-55.942656 
-339.362852 
-17.572834 
276.500067 
-145.578018 
-548.048748 
-339.798076 
-89.625203 
-139.888772 
292.205980 
143.037147 
-84.674578 
-150.525460 
27.898991 
-327.014840 
214.456199 
-442.320204 
-94.873118 
-168.471147 
-98.083681 
143.862070 
-212.520708 
-194.042017 
-413.624765 
-128.399452 
-84.241632 
-255.791937 
-148.836667 
-520.434747 
15.512230 
-157.059267 
231.728875 
-362.133530 
-550.923404 
-202.411808 
-446.557719 
285.581542 
304.244708 
-242.642885 
-37.010399 
-227.896835 
20.294636 
43.875064 
-21.857401 
-33.831654 
-150.237578 
-174.455034 
464.937388 
-315.823065 
-600.573880 
-12.753780 
242.859037 
2.192871 
395.681479 
-556.216957 
-194.253466 
157.899748 
-149.235860 
64.101954 
-213.343614 
-516.133629 
135.172271 
300.054940 
433.247835 
-252.984577 
-232.576154 
-97.123960 
-34.098100 
-52.492818 
118.261895 
-57.062502 
102.005681 
213.775549 
-49.895384 
191.971734 
-139.421756 
-191.043944 
-74.045781 
31.900272 
267.595993 
-121.294116 
433.530927 
236.879677 
166.578580 
-551.671707 
-233.476242 
-231.240040 
-196.238555 
-139.146724 
355.015569 
28.161311 
-221.434219 
-184.028886 
-118.869804 
-64.773977 
208.409333 
-146.649878 
79.457015 
33.989765 
-550.827479 
7.717609 
245.092839 
197.193368 
192.748105 
-558.992586 
-261.573594 
35.826506 
21.802118 
243.110315 
-154.122558 
-177.653982 
-259.730350 
-186.928464 
56.527142 
126.145370 
-28.202441 
-36.079440 
289.471973 
3.731343 
-206.713958 
-159.711511 
-54.158458 
-272.932419 
-80.270141 
13.424846 
-236.559032 
-160.483489 
684.781821 
260.796702 
-317.270597 
-254.971625 
-160.003856 
14.428755 
309.211978 
119.374060 
-514.293996 
-203.197306 
200.266222 
-133.964968 
-102.069599 
261.739956 
-115.770262 
-157.471475 
-204.960522 
-53.265392 
-53.264160 
166.580438 
433.532880 
-76.554669 
-247.475002 
144.831791 
-256.193157 
156.769312 
2.473965 
-257.744899 
-24.149825 
22.426552 
-471.366154 
-83.886434 
87.106335 
-30.519319 
-310.950686 
-124.322936 
-301.141883 
-43.698317 
-77.219693 
-82.718310 
-37.562174 
-221.167202 
-258.188721 
-106.474994 
-53.265039 
-26.390114 
-1094.513168 
72.359594 
435.843779 
136.555972 
370.718584 
-8.249188 
-539.149361 
-161.814861 
-769.720633 
-84.549000 
-134.823704 
179.371535 
-86.856246 
-78.121997 
-219.022656 
147.896438 
-430.164363 
152.922018 
-79.655418 
-268.638984 
65.505897 
-81.268379 
-255.168864 
167.799337 
249.695588 
-217.278537 
-206.000743 
-96.460015 
-83.062950 
126.414786 
310.726812 
-210.509062 
-185.496728 
45.453949 
-188.250457 
83.206559 
-136.045721 
-25.821587 
58.427714 
140.913456 
496.658502 
182.280999 
-161.367641 
-200.852237 
-4.910960 
-58.251871 
-4.932793 
276.000096 
-252.744838 
-8.344300 
135.173331 
150.875572 
-37.240839 
-32.264987 
-70.649809 
125.744426 
56.657123 
177.608434 
-233.420500 
-34.447299 
-56.480606 
-178.219571 
-84.671802 
26.477125 
-408.454696 
131.992883 
279.499524 
-21.200592 
-69.471302 
-201.352179 
-416.247119 
188.454966 
-184.512617 
245.094670 
283.373131 
-596.986121 
22.711484 
8.128200 
-144.551365 
87.844782 
-372.654053 
74.442168 
150.873098 
-258.170075 
-182.628438 
-189.837690 
-47.795980 
-25.751697 
-372.774263 
-367.660873 
-170.593318 
-116.077712 
-62.619278 
129.627765 
56.655872 
-53.265883 
-132.414222 
-61.123763 
-222.872256 
88.063652 
9.547680 
-113.913568 
-209.248305 
-106.797829 
60.723263 
-166.159934 
132.845411 
-84.668406 
-220.110601 
213.686832 
304.264965 
-214.290658 
63.224733 
-37.661614 
-151.271462 
-338.617814 
271.926498 
-351.619737 
55.255364 
-163.402328 
118.055800 
-142.747162 
-17.908644 
-73.802703 
-19.037360 
-141.001759 
693.860748 
-216.000222 
196.451841 
-53.264906 
-211.267204 
-108.061556 
39.471431 
-26.980938 
-83.457146 
-157.653145 
-47.421780 
-186.730186 
-38.516743 
-235.718771 
24.649656 
14.975498 
-68.968187 
-197.214627 
-79.123715 
18.295538 
134.988117 
-23.199189 
-158.660750 
-383.064363 
-217.649700 
1.635131 
6.593171 
-84.670973 
-127.699909 
-422.048573 
25.250686 
-312.648791 
132.975270 
-37.560790 
-37.561419 
-177.995308 
-420.494252 
-326.452888 
-116.752889 
-241.604188 
-235.528166 
-53.265437 
-245.338880 
-21.857750 
-150.512544 
164.320787 
-70.425111 
-107.603156 
-387.371935 
-278.459953 
-230.524132 
27.710928 
-3.034599 
-222.063012 
-55.941079 
-310.277254 
-259.249004 
-171.675074 
-6.156457 
-140.980385 
145.381802 
-306.660609 
-86.857436 
-184.179537 
-174.637608 
-6.156199 
-116.078506 
-583.235111 
-116.078255 
-377.172104 
-169.877257 
-392.162784 
-80.217067 
-197.078447 
-150.261156 
-68.968632 
49.857375 
-332.595718 
-215.162692 
-115.033480 
-231.888006 
-105.906275 
-245.865914 
-272.546260 
-208.761318 
-140.171426 
-359.232576 
-154.063991 
-283.240254 
212.458256 
-447.483993 
28.126563 
-225.999497 
-257.104249 
-196.492601 
-225.999888 
-222.413039 
-225.999581 
-499.587288 
-121.755824 
402.124049 
-64.200252 
-340.403348 
292.752413 
-191.089366 
-414.931478 
-259.502025 
-124.157321 
590.561854 
-608.923094 
120.750971 
14.676407 
13.777940 
-89.268724 
910.381562 
24.453721 
-320.508305 
100.020270 
56.654251 
-93.812613 
275.217553 
323.609143 
22.233602 
173.244799 
-269.185490 
-287.634629 
539.053037 
321.153935 
-23.203465 
-214.421460 
-182.253237 
-37.960304 
54.091579 
5.813576 
-362.452380 
138.027611 
-1.046565 
-342.517682 
621.967949 
381.216089 
-149.354550 
-136.148650 
136.723644 
263.095958 
762.794899 
46.241059 
-339.874451 
-128.179938 
229.393333 
-125.506265 
52.595766 
-67.332905 
-100.654424 
-265.258410 
-283.996645 
-23.757376 
197.984646 
-34.541746 
-383.377901 
-62.581492 
-366.124297 
-201.078873 
-242.263371 
10.642475 
-2.500820 
-281.210437 
-27.026592 
-284.948557 
369.000627 
233.408565 
54.065128 
-41.373665 
-190.405287 
-98.571905 
34.291864 
425.212249 
365.287802 
-56.862143 
-41.117787 
-191.098891 
104.623148 
98.323938 
-185.213312 
-458.267621 
-401.275231 
-92.176647 
-85.511793 
417.829534 
-6.385406 
-86.613870 
-112.728728 
276.499263 
283.243701 
-125.600479 
209.056357 
417.828528 
-123.364606 
-89.955003 
-40.035214 
-309.031795 
-201.307641 
77.311494 
70.680899 
140.956426 
653.373862 
85.667317 
-366.046254 
167.353307 
56.069841 
-152.004308 
810.401715 
-104.811239 
128.142832 
114.417183 
-120.153274 
11.444174 
72.362380 
331.513543 
-275.275901 
-93.660084 
-38.998935 
-36.566526 
590.562296 
-362.323987 
135.172280 
-127.099584 
72.007802 
71.104533 
301.034106 
51.858886 
-94.944119 
-51.856503 
49.140871 
138.815202 
-87.249956 
-402.107718 
-148.106439 
-310.233865 
-119.994576 
-92.528878 
229.916736 
-708.870466 
-108.263053 
-414.320155 
41.912310 
-302.003422 
-692.145852 
67.902861 
-123.481855 
655.102294 
-286.360191 
-61.867390 
-83.432316 
-208.601019 
204.595856 
122.725374 
197.986658 
11.454200 
-34.631725 
-64.172458 
103.763915 
-127.776440 
-310.448761 
172.082253 
292.667124 
112.906540 
131.424426 
128.413335 
-337.658784 
-179.200855 
-115.636722 
-192.681400 
45.980810 
-733.550725 
135.167475 
378.565395 
-28.013430 
-421.941493 
-469.931305 
-43.831632 
-46.134538 
67.685948 
-229.512616 
-266.262541 
-104.562196 
-45.855979 
-28.046959 
111.429105 
-33.154371 
-51.305114 
-233.897582 
226.832844 
311.687186 
-30.300147 
323.613475 
254.126164 
370.719892 
-446.249930 
-635.916961 
-368.213872 
-133.420624 
35.579009 
464.938261 
43.961347 
-1023.764127 
-500.413191 
11.261351 
147.913064 
-61.209134 
-173.994221 
-277.989352 
179.525825 
-135.348058 
-207.381859 
229.390839 
524.005013 
341.408277 
-347.462866 
-348.109744 
-4.952814 
161.291302 
278.219920 
56.785463 
-162.568489 
-397.061183 
-19.123395 
113.280481 
99.494716 
54.808062 
-118.867329 
-39.397936 
-186.164767 
-121.029031 
-248.267601 
-3.555801 
-185.297116 
-278.615154 
-17.467662 
-293.278066 
-132.497440 
307.903588 
166.576354 
-78.944646 
-388.134049 
99.671726 
-399.747151 
-187.990184 
-201.841376 
-392.683343 
13.369428 
90.108536 
230.446651 
-309.682943 
285.239070 
575.604391 
209.651991 
-357.779725 
-116.082222 
150.873039 
339.308944 
72.355335 
29.186154 
-164.082889 
382.590792 
23.594076 
-59.799443 
-246.564636 
0.835792 
101.900989 
216.772838 
-294.956055 
-447.046811 
-11.971626 
-304.816189 
-416.808912 
-167.037983 
-232.174880 
-13.744157 
-182.958713 
-566.077669 
-21.857369 
166.458900 
16.530792 
-235.271848 
103.767206 
-122.832198 
-591.175362 
559.157265 
69.400876 
24.010936 
339.316672 
-41.748839 
-201.475260 
-261.848310 
-14.008489 
-481.850213 
-79.985160 
46.977285 
-325.459369 
-188.136455 
-483.508946 
-253.163333 
-174.909749 
-273.235861 
-30.846709 
-27.795784 
215.120774 
161.631042 
273.135151 
-25.550905 
-178.861819 
111.303736 
88.568233 
-275.351932 
-255.818570 
30.072974 
250.509187 
224.747597 
39.110816 
-295.527686 
-214.469515 
91.853666 
-177.225851 
-158.631334 
206.814227 
206.690004 
121.288534 
-116.078738 
-255.763489 
-95.993363 
106.593444 
172.537199 
68.664558 
43.132162 
-313.499476 
-140.183811 
119.466789 
-53.267046 
-102.620813 
91.789565 
-15.617982 
-276.248407 
-21.860593 
153.759744 
-48.420947 
146.606995 
-116.594537 
-59.119184 
307.906030 
-197.651076 
-169.546236 
-208.894630 
317.262021 
-6.741138 
43.267220 
165.523317 
4.220578 
320.166106 
153.695231 
-116.079322 
-836.455478 
-596.986647 
89.716574 
0.729600 
-262.620753 
-64.686372 
-325.128755 
-182.900703 
-84.670184 
-363.089605 
-191.717996 
104.827740 
-107.878323 
-243.123890 
-748.447133 
-242.796884 
-153.366426 
40.951420 
-19.186286 
-137.741250 
56.657127 
72.357424 
192.934677 
13.083821 
-175.579708 
-37.561185 
-37.564967 
5.185980 
8.499755 
-67.293993 
-50.902201 
-162.241206 
-127.586681 
103.761398 
-192.632850 
119.466226 
18.212632 
-88.133653 
-8.478205 
-81.517357 
-94.608718 
-405.141854 
294.043243 
292.196271 
64.397247 
64.573380 
-262.182007 
-172.058507 
-2.347064 
-106.595807 
-297.895429 
9.371243 
1106.063149 
-229.731969 
133.073408 
-37.566351 
-244.216567 
26.688589 
-125.577967 
134.429149 
-405.520000 
-33.619527 
-235.989440 
-194.582506 
-57.384574 
-243.236524 
-75.467210 
-55.672115 
-6.159848 
-234.968143 
17.657065 
53.312451 
-215.022949 
-145.162628 
-187.849526 
-100.641168 
-306.429351 
94.549518 
-151.613834 
-37.565166 
-58.525025 
-289.966394 
-53.265268 
-85.545839 
-23.733995 
-21.859989 
-21.858273 
-475.072075 
-373.290440 
24.706774 
-82.781552 
-67.557184 
-281.374389 
-21.859355 
162.354050 
9.547986 
-242.752289 
-17.676553 
-81.987381 
-281.725043 
-147.183957 
-59.587512 
-244.606782 
-10.451077 
-57.727943 
-284.395539 
-148.660841 
-189.831665 
-424.484317 
-50.751012 
119.469793 
-74.354764 
-353.731752 
-294.488858 
-262.649131 
-205.049291 
91.793624 
-37.560251 
-21.857874 
-397.251299 
-6.155323 
241.029278 
-163.879663 
-408.378659 
-354.724596 
-39.397018 
92.166484 
-225.999344 
-43.580491 
-113.249076 
-242.267232 
-276.853826 
-37.563111 
-251.344312 
152.997760 
-162.987410 
-455.709321 
-242.080747 
186.758490 
124.549839 
-342.066796 
-280.637525 
-295.448281 
94.524103 
-226.000848 
106.282546 
168.252618 
-226.001663 
-188.632566 
-226.000523 
-274.454104 
-115.277319 
417.824059 
-353.844391 
-214.945973 
122.473990 
58.698737 
-201.739285 
-108.757769 
-26.192203 
40.943843 
-405.375437 
-95.574601 
164.067282 
-62.798605 
271.641541 
391.706212 
240.425974 
71.280479 
295.829420 
119.469905 
165.072421 
-16.879621 
433.524823 
250.753547 
55.853342 
-556.944922 
-202.019882 
175.453557 
327.280391 
26.303694 
16.262124 
142.199989 
190.900440 
225.032385 
191.348394 
-165.366129 
186.332504 
-53.786240 
77.660741 
260.796650 
69.194341 
140.570222 
61.293908 
73.858372 
235.347046 
371.410563 
275.388709 
-31.650635 
79.279598 
480.641160 
-39.903631 
349.678956 
-221.249315 
297.707532 
-138.643104 
417.041513 
-302.773327 
370.724292 
49.407712 
-382.781223 
46.616949 
96.156155 
-49.992319 
151.863801 
-132.457419 
24.986646 
-170.118209 
-368.795010 
-235.910478 
-42.570405 
70.687046 
65.266564 
-127.147737 
-139.124997 
-10.461658 
107.901951 
448.306549 
763.095332 
-319.399476 
11.282032 
234.340695 
-186.008142 
-91.135194 
-164.786032 
-426.732243 
-480.567457 
-183.982260 
103.870668 
323.608525 
43.474661 
-150.369955 
141.455582 
176.000992 
192.965982 
-2.703777 
-282.656695 
166.583244 
-275.529786 
-365.159480 
326.925705 
-25.971208 
-17.344844 
226.734765 
-38.549451 
-126.701215 
402.127234 
178.787130 
-586.700854 
-1.235095 
-164.630335 
-183.349566 
245.091096 
-6.813418 
-338.716640 
-29.952270 
-226.503562 
190.519692 
72.352012 
354.810059 
-215.938964 
-191.521117 
-24.579677 
-100.407431 
653.371606 
-267.768222 
72.341089 
28.574006 
309.443328 
104.896217 
304.142132 
-119.490787 
150.283297 
-35.192476 
-57.678865 
-204.872720 
-194.999680 
-605.349043 
-116.381368 
-210.599215 
-277.782637 
47.717202 
123.597126 
-83.696460 
-29.906662 
-340.062052 
113.676420 
-211.683005 
-218.724994 
-94.750931 
177.820000 
-2.285208 
-145.571014 
41.553854 
-103.004340 
223.922912 
73.636970 
359.364130 
-21.857533 
84.037993 
92.792187 
-152.445024 
72.367634 
-390.979612 
-641.957199 
366.452760 
-18.786871 
-30.438408 
-58.038555 
-57.945783 
-450.914591 
-339.473711 
-170.222776 
-147.301290 
365.261567 
-377.799743 
135.177248 
190.137207 
4.773704 
348.291591 
-16.105321 
393.498168 
10.692154 
116.230778 
-354.177081 
-123.437124 
-339.475546 
-240.245245 
13.436718 
-189.610696 
-197.153749 
104.139760 
241.706933 
500.895147 
-9.382631 
364.587495 
276.498756 
260.288889 
213.693623 
-678.108468 
-516.625285 
-92.587600 
-418.246987 
265.786473 
119.467824 
87.052052 
-749.015352 
351.240062 
-268.501793 
205.628866 
206.009217 
-263.982850 
-341.332195 
-19.792053 
-184.455953 
-33.952018 
292.209281 
268.586592 
-386.175121 
5.225353 
64.073655 
-186.508186 
137.873382 
-263.561867 
-151.938418 
-399.277856 
-243.658149 
-39.028058 
-175.916551 
-80.777368 
-285.521260 
-49.718299 
-346.750117 
12.203375 
233.409821 
-164.779854 
-20.081387 
-414.341352 
-243.459716 
3.443046 
245.131874 
-104.557183 
229.387763 
496.342845 
-395.134275 
-292.858237 
-162.374408 
-552.247359 
-3.841262 
20.543511 
-779.491645 
-88.999192 
-126.903653 
-115.822229 
-282.034661 
216.835298 
171.443059 
229.793068 
-183.164381 
150.875293 
40.945382 
229.388350 
292.200998 
-23.566621 
-15.309512 
618.969153 
-162.691069 
164.134908 
-427.051809 
-263.103043 
91.351219 
371.733869 
-433.609591 
-232.677946 
-248.456352 
-177.141356 
-383.614961 
49.036972 
-212.262492 
-63.684651 
-343.691246 
-495.836887 
25.248847 
-120.785191 
236.011334 
-415.565979 
716.189501 
-246.127972 
-55.098837 
213.682124 
-20.721518 
-204.918213 
260.803407 
259.752888 
-348.536031 
-373.548880 
158.731107 
-550.711573 
-65.613781 
-121.728039 
-295.813579 
-199.764069 
-376.175860 
-267.889641 
-115.687468 
-300.858084 
-615.647760 
-56.725702 
259.237323 
10.582925 
44.138237 
-211.633655 
-104.083836 
-81.630606 
-84.783552 
-97.627390 
-287.241647 
17.089869 
-208.751575 
-10.736038 
-223.278165 
-205.775423 
-131.145885 
187.963551 
-364.717856 
-314.816053 
191.358850 
-187.406265 
-49.078867 
-53.258016 
-318.029837 
-119.757694 
49.394899 
53.642945 
39.609884 
-45.530083 
-109.028794 
-172.817320 
-37.558195 
-116.081124 
146.625336 
-66.365819 
46.960792 
-510.722716 
213.685297 
-66.616321 
51.634772 
-57.280786 
-330.681939 
-413.168947 
9.538312 
9.216335 
-48.796742 
-390.716539 
93.893938 
39.662000 
-7.777337 
14.137967 
-6.581901 
262.806068 
-18.367662 
150.864174 
-369.299483 
102.770443 
-3.240869 
-73.692877 
-332.919851 
29.433156 
-288.405841 
166.724144 
9.546706 
-48.366705 
-556.701578 
-19.831856 
-363.445884 
-202.850130 
-592.800704 
-125.235552 
-278.419145 
182.280679 
-277.387040 
-201.885184 
9.551674 
402.122615 
96.746810 
71.207315 
-205.935701 
-21.868754 
40.954411 
238.436223 
-209.257365 
-144.923351 
-238.123793 
38.384434 
-26.952277 
150.868687 
-204.411920 
56.658626 
-98.208459 
-182.413241 
80.329790 
-241.297590 
-43.363242 
-491.285978 
2.918958 
323.597109 
11.110022 
-380.756110 
-231.612539 
118.139200 
-159.719977 
-40.381747 
67.609896 
-214.499974 
425.749961 
-264.087022 
72.120065 
-21.855725 
-96.490420 
-30.973862 
-185.691188 
18.892894 
-388.739764 
58.586110 
-21.426320 
-288.072863 
-181.539197 
-194.043155 
-26.500813 
3.027686 
-84.671379 
-275.766679 
-26.029077 
169.869839 
-745.006699 
-138.799465 
-356.834477 
-165.163820 
-135.813471 
58.213916 
-242.310009 
-37.557931 
-258.322833 
-259.579051 
-68.966985 
-129.853129 
-313.939052 
-100.365236 
-131.781957 
-69.497533 
-343.010940 
-90.893401 
123.894742 
150.827413 
-211.828108 
-116.071060 
-28.766745 
182.286417 
-32.129597 
-219.124563 
-244.182706 
-389.510082 
-508.473206 
9.345812 
-41.342162 
-331.892436 
-189.488353 
-78.058336 
-412.962482 
-161.999111 
-293.100257 
-0.879479 
-6.148407 
-194.330955 
-194.373485 
-278.864886 
-562.762650 
-273.605700 
51.852618 
-6.151963 
-37.563167 
-218.658212 
-68.963987 
90.762081 
-117.783017 
-74.394290 
15.648552 
-450.554598 
207.607472 
-225.997700 
-138.804600 
-103.802674 
-180.580192 
-702.807751 
-225.998180 
-158.832803 
67.483758 
-161.779849 
-440.824930 
-287.889573 
-177.182152 
-145.905389 
-286.392027 
-297.962352 
-49.029755 
-80.087300 
-226.005322 
105.072627 
-159.951342 
-226.005579 
-10.330160 
-226.006233 
-542.608013 
78.414638 
716.189390 
33.578116 
102.458375 
256.971634 
-71.097630 
-399.162533 
75.502098 
374.526619 
323.611371 
8.155002 
-235.153228 
-376.943599 
284.743315 
197.919784 
82.767036 
43.187672 
-278.239481 
47.205883 
-21.859255 
243.693875 
292.278028 
260.797299 
597.535922 
365.048231 
-652.870062 
287.690880 
447.643220 
193.562633 
-62.673290 
-106.259642 
-355.907543 
-100.582603 
241.074043 
-431.830030 
42.172786 
224.950325 
33.057741 
363.936330 
496.342417 
199.366756 
-52.199263 
32.232921 
260.948689 
-6.319448 
179.379158 
-350.691584 
-153.688565 
-69.383290 
464.936866 
-235.060419 
248.590969 
169.413100 
-72.729038 
-481.175805 
165.843229 
-329.394553 
40.953253 
158.245522 
-5.939837 
-67.141615 
10.459769 
151.455612 
70.724271 
-175.220427 
251.546031 
-222.780583 
-43.077371 
-58.553535 
-255.563824 
37.814437 
-157.146343 
-280.771100 
-47.371497 
20.855636 
-268.725999 
124.748902 
528.536274 
14.015685 
-76.625258 
279.559896 
184.556834 
-227.943105 
-334.537999 
286.699008 
2.782610 
-95.708901 
-236.244453 
873.218503 
-202.955005 
-104.305532 
-310.102299 
-41.750023 
279.885348 
-145.210517 
-117.898827 
276.498953 
-230.880303 
-361.478982 
117.044325 
-5.967057 
-112.154414 
-32.781635 
186.192230 
83.463732 
150.873087 
-56.859727 
-352.850060 
-159.135557 
-65.674959 
43.090281 
197.982650 
-191.282744 
-17.957702 
-41.731313 
294.023361 
-114.832818 
307.904423 
-7.197313 
-32.944935 
-214.719521 
-79.026645 
-12.149368 
-53.265100 
-153.838936 
292.200639 
222.269234 
60.895365 
-98.053522 
179.681163 
-162.405067 
34.056304 
-2.909207 
-257.971942 
-400.888589 
-285.273120 
-217.556888 
-89.829165 
-501.592876 
159.530636 
-4.769900 
313.159358 
-18.913473 
-265.001934 
-350.396384 
-64.464314 
-430.886267 
-508.435764 
-205.631164 
-107.557019 
-331.660943 
-248.512334 
192.843388 
-126.994157 
-336.569263 
-32.930746 
74.631591 
386.425408 
-146.544395 
196.282150 
-300.201523 
276.502881 
35.883203 
-480.698232 
47.919853 
-176.285991 
-85.696142 
-72.039147 
-193.896450 
-489.412846 
-62.732799 
-51.109768 
-197.786651 
-27.429672 
-149.528434 
402.122758 
276.503452 
102.083580 
88.999177 
-26.107938 
-102.785744 
157.166541 
93.731557 
-523.247718 
-223.769219 
-325.966855 
-14.246949 
-415.069626 
-90.935285 
-556.598101 
-326.676861 
-55.252562 
475.794994 
236.010729 
-59.446435 
103.764366 
100.455672 
150.875554 
173.254373 
-37.549445 
-134.176456 
-433.315326 
-66.512098 
213.689141 
43.090165 
-356.790260 
34.028974 
-70.343213 
-51.986144 
-38.763673 
-615.534321 
-119.651056 
30.953468 
-301.106084 
-143.279238 
40.954819 
141.138877 
-156.903533 
-189.934801 
309.186305 
-193.679575 
-64.733888 
-27.793506 
28.085855 
-363.727561 
-468.519523 
-56.067203 
22.816391 
-63.218568 
-180.001772 
-445.613649 
-336.940884 
-61.661238 
1.821096 
-2.375768 
-86.866581 
-171.588225 
-540.957428 
70.623597 
100.162125 
-310.830916 
355.016238 
559.156806 
-293.955782 
-138.478751 
-58.312229 
-388.974375 
-60.649521 
36.840621 
-597.593162 
49.052675 
-298.129982 
-204.175113 
-521.579889 
87.884686 
122.860963 
223.271271 
-326.537452 
276.498814 
103.763352 
166.576121 
260.794938 
160.465888 
-71.993735 
119.114085 
-79.225478 
-100.578666 
-328.318168 
-6.123922 
-138.855376 
392.539261 
-598.824004 
-240.767419 
-234.446172 
-202.977384 
-321.614330 
-199.583723 
24.627251 
27.042269 
-195.815404 
-404.768173 
88.061572 
-67.442186 
150.494024 
51.714526 
402.124725 
-170.509804 
-360.895094 
370.718365 
24.622356 
-12.221353 
135.171250 
293.249240 
-290.413360 
-424.960426 
174.429232 
-236.864699 
143.755061 
158.387620 
-47.046020 
-60.194058 
-283.529315 
-188.144312 
-198.343564 
-204.290422 
-20.460411 
-113.113169 
91.118456 
63.809607 
-635.448277 
-85.814724 
-177.201098 
38.181162 
-185.058225 
-101.749604 
-193.212188 
-244.207068 
-164.312971 
-135.679435 
-285.714711 
-65.044682 
-434.519756 
73.027961 
-301.849568 
53.604996 
422.419366 
22.174369 
-148.679464 
40.951919 
-166.867335 
-16.770113 
69.746191 
85.723859 
-38.705700 
36.112347 
-317.435672 
-245.163045 
-37.563779 
-116.079048 
-91.276101 
-242.583799 
-119.036623 
-544.250359 
213.685724 
-129.689196 
-194.622653 
-38.749616 
-134.949958 
47.445351 
-84.672692 
-85.564773 
-146.469489 
-263.497541 
68.886020 
-43.368142 
-93.775626 
39.144731 
-197.602308 
-103.335483 
-140.999826 
56.656185 
-120.985032 
-290.775582 
142.538296 
-92.555391 
-347.630260 
-66.625616 
-410.616249 
106.048622 
-21.859007 
-72.257609 
-314.309198 
-32.398273 
-189.198670 
39.702828 
-35.828619 
-163.096655 
-364.652032 
182.281221 
-77.797792 
-84.330354 
-53.265934 
182.280620 
-195.337588 
-53.732046 
-258.262017 
-21.860461 
-37.563949 
196.869171 
-192.499626 
-3.501934 
-166.269849 
23.054192 
23.522355 
213.685732 
-166.132425 
-68.969485 
-168.132368 
67.149119 
-334.942373 
72.271314 
-11.399114 
-266.782566 
-165.844647 
355.014248 
173.979817 
-210.277217 
-233.172800 
133.449417 
-224.330788 
-76.202728 
12.438856 
90.721463 
-43.267736 
-307.360575 
-47.124367 
-84.671693 
-44.317079 
60.493886 
-214.765625 
5.116110 
-358.592980 
290.208673 
70.302220 
-108.303219 
-161.197655 
-204.814876 
96.712479 
166.405910 
-37.561251 
-410.212867 
7.183962 
287.591809 
-760.640614 
-82.400905 
3.945374 
-99.384236 
-235.827068 
172.366903 
-36.362264 
-131.779409 
198.582931 
33.581177 
-147.481371 
-309.412740 
-356.818829 
-21.857038 
-21.857600 
-217.084891 
-319.243253 
-98.775296 
-115.106415 
-20.561182 
-51.314627 
9.547667 
-170.377314 
88.063284 
-51.204223 
-31.535578 
38.378131 
-260.780946 
-258.731501 
-40.736120 
-96.281545 
-183.362084 
-22.847476 
-100.284395 
-288.527222 
-109.838548 
-64.503996 
-140.761015 
-178.891480 
111.457294 
-262.116469 
-206.150552 
-62.749922 
-163.950273 
-0.994838 
-21.860653 
40.952205 
-290.441567 
56.654992 
-240.695151 
-137.464641 
-3.286255 
-146.638191 
-314.817304 
-202.615285 
-226.000804 
-92.382409 
105.167658 
-327.428315 
-411.314366 
-226.000443 
-26.801765 
-450.400296 
-277.292258 
-133.359576 
-88.348274 
-84.679499 
-246.675914 
-388.668226 
-123.573468 
-256.587022 
-98.159571 
-225.999815 
233.917954 
-391.707624 
-226.000226 
-163.473616 
-225.999645 
-384.866603 
-216.696041 
-210.296876 
-227.354027 
-225.187742 
-224.021553 
-231.893993 
-230.915192 
-226.000001 
-225.808982 
-226.000001 
-228.426049 
-225.214725 
-225.901242 
-221.634744 
-210.352782 
-227.755471 
-220.693438 
-231.636702 
-236.338706 
-226.000000 
-229.153105 
-225.340573 
-210.296875 
-214.440880 
-207.601797 
-225.979195 
-218.459153 
-225.077095 
-229.691737 
-220.162839 
-220.761447 
-227.116689 
-232.905458 
-230.762514 
-226.425235 
-219.720950 
-234.818717 
-209.876645 
-236.262026 
-226.000001 
-233.130067 
-226.243482 
-231.070184 
-218.219138 
-231.886610 
-214.795215 
-225.776325 
-219.315564 
-224.879909 
-226.000000 
-208.674686 
-210.708591 
-230.998342 
-213.042199 
-240.721678 
-230.390444 
-238.978122 
-210.296874 
-208.180536 
-223.139968 
-218.736201 
-226.618212 
-226.466201 
-225.630292 
-227.396354 
-218.956610 
-226.723457 
-236.509887 
-217.464105 
-210.701758 
-224.129768 
-224.910758 
-225.250402 
-209.998077 
-217.691536 
-221.715926 
-217.150796 
-242.749999 
-230.832241 
-219.526133 
-217.921584 
-223.978984 
-234.728477 
-225.214725 
-228.683239 
-229.753639 
-224.242843 
-223.318718 
-226.000000 
-226.136073 
-226.868753 
-209.459695 
-209.250000 
-230.107623 
-228.247902 
-221.001324 
-226.000000 
-216.307463 
-225.404681 
-226.764988 
-230.329886 
-227.753342 
-214.343141 
-231.472337 
-232.331809 
-226.000000 
-215.956590 
-219.112045 
-210.754006 
-224.826844 
-229.066381 
-226.000001 
-226.061448 
-225.943993 
-225.185545 
-217.883951 
-216.146981 
-226.000000 
-220.724717 
-218.454877 
-223.828938 
-225.608104 
-228.552970 
-226.000000 
-224.704212 
-226.000001 
-226.736197 
-226.702748 
-226.179078 
-220.886359 
-237.458494 
-222.459024 
-215.702003 
-230.636228 
-224.373393 
-226.367404 
-227.204318 
-218.636223 
-237.996703 
-209.822742 
-223.338237 
-223.591860 
-226.000000 
-226.359998 
-226.517149 
-219.844894 
-233.899422 
-221.832695 
-232.046573 
-224.625370 
-224.961929 
-224.354247 
-228.398101 
-232.727903 
-223.043963 
-215.324275 
-224.966059 
-210.296875 
-218.593002 
-225.601231 
-226.015957 
-226.000000 
-224.303654 
-226.596145 
-229.309030 
-227.854794 
-223.125267 
-227.388805 
-224.642163 
-238.823458 
-230.870121 
-219.417166 
-223.556038 
-214.445180 
-225.147504 
-194.593751 
-226.000000 
-227.029460 
-226.061448 
-226.552172 
-227.180465 
-222.834187 
-214.717453 
-222.999202 
-230.869690 
-215.830635 
-234.048631 
-218.819784 
-230.965092 
-216.058803 
-233.040790 
-227.748635 
-224.966141 
-225.678124 
-221.883959 
-226.000000 
-226.373845 
-226.000000 
-225.105525 
-224.426995 
-231.748142 
-222.617453 
-223.467779 
-226.000001 
-220.942046 
-229.714424 
-232.742159 
-235.784644 
-230.912146 
-219.370785 
-223.952704 
-221.644630 
-219.534080 
-225.085152 
-228.830247 
-210.296875 
-223.341305 
-226.000000 
-228.005502 
-228.492527 
-226.618212 
-227.101884 
-228.169848 
-214.505447 
-223.794091 
-215.315088 
-222.302880 
-225.478265 
-227.652002 
-233.467572 
-230.810223 
-215.038706 
-231.654997 
-230.092428 
-224.476921 
-231.154873 
-227.189050 
-229.012465 
-211.318039 
-226.938710 
-228.898276 
-226.000001 
-226.000000 
-226.958042 
-219.613667 
-224.403315 
-225.570943 
-221.167765 
-225.015568 
-216.082570 
-232.809812 
-232.735497 
-220.591592 
-220.679892 
-227.496892 
-222.504313 
-233.644524 
-226.679457 
-226.000000 
-226.000000 
-226.000000 
-226.000001 
-226.061449 
-228.258048 
-227.064657 
-222.353901 
-224.098465 
-222.854253 
-224.361065 
-222.477020 
-222.260566 
-228.138041 
-224.321950 
-227.337574 
-226.662695 
-228.918804 
-227.135780 
-227.869489 
-230.227204 
-219.097062 
-226.228292 
-226.000000 
-226.626644 
-226.127569 
-223.950274 
-226.000000 
-225.412521 
-218.219137 
-226.000000 
-211.971363 
-227.972273 
-226.000000 
-226.000000 
-228.692568 
-229.438928 
-226.000001 
-225.933169 
-226.736197 
-228.373957 
-225.001885 
-232.171408 
-226.472943 
-227.542894 
-220.238803 
-226.865223 
-225.075060 
-220.698439 
-227.165516 
-226.011309 
-226.559572 
-225.942392 
-229.486348 
-228.842631 
-221.663472 
-224.690153 
-224.377737 
-219.172691 
-233.294558 
-226.346601 
-234.811470 
-227.753342 
-222.300584 
-225.859480 
-217.551221 
-226.335509 
-226.425236 
-229.524100 
-223.168738 
-226.000000 
-230.628471 
-227.771754 
-221.133551 
-225.462637 
-225.942392 
-227.214802 
-231.153719 
-229.994647 
-226.000000 
-226.000000 
-226.052507 
-225.278470 
-226.743196 
-226.000001 
-226.000000 
-218.177481 
-225.038897 
-224.491129 
-220.801362 
-223.945853 
-226.000000 
-223.727726 
-228.857437 
-226.632182 
-228.019515 
-224.716082 
-216.858796 
-227.531685 
-224.697996 
-228.257631 
-225.034881 
-226.000000 
-225.999999 
-226.000000 
-223.030502 
-225.259284 
-226.250287 
-220.540009 
-228.469616 
-226.489127 
-226.000000 
-229.549455 
-225.017386 
-224.504792 
-219.342141 
-226.729893 
-231.886610 
-223.321153 
-224.564046 
-226.000000 
-226.053548 
-227.824072 
-226.000000 
-226.000000 
-229.178367 
-222.885957 
-226.489127 
-226.000000 
-226.000000 
-224.797820 
-226.000000 
-223.692753 
-221.418851 
-222.467925 
-220.545457 
-226.000000 
-210.296875 
-226.000000 
-229.549235 
-230.802338 
-221.640797 
-223.751779 
-224.632571 
-224.486577 
-221.073019 
-226.000000 
-222.930336 
-220.409494 
-224.826845 
-226.323552 
-223.707724 
-225.211874 
-223.849566 
-223.020281 
-226.000000 
-226.846781 
-223.484463 
-226.000000 
-225.364149 
-225.945993 
-225.384315 
-224.205486 
-219.951247 
-224.583346 
-227.433657 
-229.932666 
-224.976712 
-224.668647 
-227.271545 
-224.225095 
-226.000000 
-224.466282 
-222.444814 
-228.034166 
-210.296875 
-232.730842 
-223.985516 
-228.260162 
-223.144678 
-229.992075 
-224.819038 
-226.000000 
-226.663084 
-228.486931 
-226.000000 
-218.870611 
-233.912547 
-226.000000 
-226.000000 
-225.696671 
-222.589279 
-226.969243 
-225.365575 
-223.267932 
-226.197912 
-226.000000 
-224.289933 
-226.000000 
-226.959333 
-228.654308 
-220.446692 
-227.012011 
-222.826332 
-222.149102 
-227.462907 
-228.919415 
-230.945578 
-225.206144 
-224.242832 
-222.764513 
-224.642315 
-227.099833 
-226.000000 
-232.603179 
-224.350463 
-222.335927 
-225.001884 
-222.538997 
-219.152968 
-226.000000 
-226.000000 
-226.489402 
-226.000000 
-227.427722 
-222.661451 
-217.135523 
-224.224644 
-226.456835 
-227.894702 
-226.000000 
-221.894786 
-220.173948 
-225.134463 
-218.998021 
-226.000000 
-227.847885 
-226.205823 
-224.807926 
-221.601786 
-226.633095 
-224.661511 
-222.957989 
-227.281964 
-225.880404 
-223.954752 
-221.869198 
-226.000000 
-225.601341 
-220.995616 
-226.000000 
-237.468020 
-226.000000 
-226.396339 
-222.192287 
