27.351550 
22.126513 
43.672775 
31.529627 
37.062230 
62.304551 
101.999930 
105.034123 
101.179722 
63.607947 
29.648813 
1.040474 
-14.404500 
-25.373127 
-21.699318 
-12.222951 
-0.469670 
14.104631 
27.351612 
21.530299 
40.980940 
51.960989 
72.604046 
94.796881 
76.691449 
59.845837 
39.185686 
47.879160 
65.015019 
65.008407 
58.577426 
42.636958 
53.610185 
41.457308 
34.008638 
38.422681 
70.454523 
62.010123 
101.179735 
84.387342 
71.622774 
49.976829 
26.795849 
-7.343926 
17.345441 
26.879258 
68.472825 
103.016134 
101.179708 
87.496523 
99.340926 
50.826807 
57.972994 
23.506278 
29.768148 
30.126522 
51.960923 
75.471144 
77.790378 
96.774048 
72.252246 
58.735927 
58.512916 
68.204578 
74.530138 
76.299275 
100.702524 
86.083481 
115.870334 
91.457557 
92.615610 
93.366971 
84.846073 
99.174367 
114.478774 
121.096396 
118.457405 
109.963482 
107.613772 
120.167685 
162.835107 
156.530832 
175.774316 
122.429811 
109.955239 
67.783660 
58.215165 
51.960913 
55.539075 
86.870383 
80.550679 
88.875046 
75.634950 
69.322373 
64.881961 
51.960974 
60.534701 
59.260178 
95.268967 
112.604498 
98.758609 
96.989914 
111.243873 
107.324010 
101.179839 
111.182713 
65.106214 
45.786128 
43.577376 
41.016138 
76.570476 
94.985791 
105.747872 
115.363888 
118.241468 
102.396020 
101.179683 
111.363415 
97.579333 
96.554453 
72.494862 
41.815114 
27.351910 
6.683668 
27.351525 
45.961975 
60.054459 
73.725853 
80.326838 
68.825458 
70.251825 
100.534866 
114.832643 
127.152811 
104.231192 
76.884308 
52.536220 
45.772153 
32.722945 
16.054663 
19.339179 
3.511156 
9.602081 
1.739659 
26.287313 
39.519264 
85.208016 
103.945314 
124.750602 
115.928020 
143.319554 
132.210775 
129.761162 
90.487124 
77.373067 
89.225120 
125.789107 
144.800058 
133.690705 
93.807388 
101.179643 
86.304521 
89.438324 
109.558233 
93.417397 
109.133464 
84.844397 
55.076434 
17.574471 
18.164978 
5.588123 
1.974210 
2.089010 
7.667924 
2.742064 
45.808672 
64.047475 
62.610807 
84.092129 
84.689043 
70.803946 
71.807613 
45.967759 
47.974375 
59.993004 
31.210241 
41.411266 
26.503223 
24.839191 
10.221967 
35.903215 
48.326347 
75.730356 
95.068791 
88.874919 
96.078976 
101.179682 
100.886403 
107.446897 
141.284611 
159.385430 
148.246486 
150.398282 
114.520057 
101.818231 
90.765896 
77.535522 
74.139205 
76.804276 
81.795477 
82.032377 
88.503919 
61.287957 
37.804866 
51.960799 
44.180477 
62.624939 
40.626809 
7.729009 
-38.490070 
-75.187237 
-76.744010 
-75.193306 
-37.759465 
-0.583516 
22.831757 
66.470872 
114.301706 
112.872898 
125.762209 
138.660667 
135.976209 
124.176013 
98.038123 
92.841479 
61.281080 
44.798899 
36.149298 
33.745225 
44.156399 
76.570226 
76.570317 
95.304392 
83.153253 
99.893544 
87.437173 
81.084308 
83.760924 
37.491257 
32.250826 
21.411287 
1.032687 
12.149719 
29.326436 
52.772996 
65.779517 
89.463375 
101.179771 
125.789156 
101.179776 
101.179747 
68.735902 
56.189260 
40.053229 
37.515769 
52.605347 
58.360778 
43.197155 
57.262999 
38.518776 
38.631787 
33.150651 
43.496811 
35.280146 
72.194397 
69.741834 
63.955585 
45.360883 
13.367901 
5.736121 
27.351583 
17.954393 
41.216376 
17.988937 
27.351535 
32.316095 
14.439810 
27.351576 
57.516461 
48.431604 
51.960896 
49.499960 
47.048583 
54.964377 
65.034534 
54.539751 
45.962007 
45.518790 
36.207915 
43.909368 
20.024676 
23.887744 
14.500183 
16.513524 
11.493604 
20.108039 
3.142177 
23.672661 
15.829471 
33.927337 
46.309793 
57.436318 
35.555761 
20.035361 
-8.773929 
-1.043963 
-0.582107 
24.644023 
19.199235 
37.234893 
28.312676 
20.430131 
3.991474 
13.773835 
15.207201 
31.886141 
25.666210 
27.351512 
45.047787 
43.956885 
30.300873 
22.746030 
9.317878 
-18.641142 
17.842706 
6.118243 
27.351496 
27.351511 
48.447263 
58.116684 
76.823237 
101.999876 
88.874962 
96.508778 
96.394589 
87.038981 
82.105771 
62.486273 
51.960817 
44.487859 
25.632666 
7.079832 
1.918739 
20.738028 
47.398620 
83.557174 
68.044116 
67.931985 
38.322548 
2.742057 
1.972951 
-33.402972 
6.826361 
40.317045 
30.084125 
20.710284 
22.341939 
11.441267 
27.351500 
30.483376 
32.015161 
34.262559 
36.399386 
25.903377 
41.003371 
50.448031 
81.555649 
51.960886 
46.469371 
21.352113 
15.046634 
27.351502 
-4.334218 
-2.810100 
4.058746 
27.351603 
51.960753 
82.873752 
75.749671 
113.977538 
104.708802 
93.408260 
68.272804 
64.265640 
60.420479 
76.569907 
55.174462 
74.027556 
56.797887 
48.247799 
54.453904 
84.185414 
95.032977 
138.093792 
103.246111 
82.631502 
69.827417 
90.506246 
85.853653 
92.313839 
74.986850 
65.516455 
70.465966 
52.089197 
57.417352 
51.961006 
16.871381 
12.752254 
15.703594 
10.181762 
23.486118 
44.623261 
22.562568 
20.077404 
-5.885819 
-22.127177 
-25.264864 
-2.899135 
15.047069 
33.859944 
68.627023 
60.044599 
61.141552 
77.613863 
71.668003 
99.963929 
102.531722 
96.581042 
63.572762 
-9.562351 
-3.006801 
-16.094927 
-34.171776 
-38.455026 
-49.019590 
-46.476442 
-46.476426 
-10.370744 
14.528674 
53.061313 
74.974640 
102.064985 
86.572478 
88.875098 
66.044918 
76.570363 
66.971284 
62.000458 
38.281646 
25.570101 
-26.955423 
-21.759275 
-25.164096 
14.868728 
67.792136 
118.122561 
144.708671 
152.635843 
161.792806 
119.036829 
88.875024 
102.323273 
78.945931 
88.693048 
73.122044 
53.480527 
29.769666 
15.046960 
2.742210 
7.904470 
51.960904 
65.953642 
103.683316 
114.213026 
113.266144 
97.558048 
68.755954 
39.656168 
30.432448 
15.891234 
14.120246 
14.628474 
48.884637 
32.128653 
29.538248 
35.920136 
28.160983 
34.391568 
50.621610 
42.416625 
17.467680 
47.421967 
16.681763 
51.219414 
15.046648 
-14.327362 
-19.348126 
-21.867474 
14.988907 
39.656024 
103.108615 
131.877954 
101.180052 
-198.350130 
161.646979 
94.119454 
115.669338 
100.070548 
-29.249934 
339.514390 
27.351816 
-170.775304 
313.499899 
-70.867175 
269.592491 
55.586712 
329.324405 
252.577555 
90.084243 
79.162109 
51.961281 
143.850558 
74.601757 
27.351346 
-17.453134 
131.579175 
116.518847 
-73.585540 
-377.602697 
85.610754 
-99.466069 
104.288329 
117.533193 
16.670701 
45.153448 
138.613425 
-30.262609 
380.008674 
-36.244590 
219.478291 
76.570276 
115.552972 
-12.721460 
-17.684324 
95.951463 
175.956838 
476.816075 
22.904235 
39.254905 
119.969019 
27.351287 
-36.894395 
107.521259 
74.017699 
25.528229 
28.121145 
62.683106 
-121.018806 
27.351158 
92.824733 
-67.543534 
-22.976073 
-8.485755 
-21.071092 
136.181991 
160.003592 
302.781488 
49.434266 
371.862883 
-42.069323 
29.005269 
184.260494 
204.046863 
-5.615667 
171.168235 
300.011954 
-56.688617 
201.568123 
526.664881 
98.200654 
33.519468 
-38.573954 
307.996474 
256.455596 
272.373837 
-53.081891 
304.445206 
205.826073 
183.831114 
581.061571 
-49.764267 
467.199457 
44.901273 
443.249606 
226.643544 
-22.653408 
328.335209 
458.014683 
24.152257 
9.090814 
327.407193 
217.308773 
-25.159251 
-43.820868 
191.614870 
52.447582 
470.320002 
257.255307 
-206.545094 
410.796694 
194.631972 
65.911845 
175.007322 
275.117133 
71.445287 
29.507415 
-173.234969 
205.019592 
273.445293 
314.189247 
-342.982187 
-194.159989 
227.596123 
26.547364 
211.922012 
-350.591367 
347.274520 
-170.928319 
202.070532 
-219.926472 
226.982867 
53.183991 
45.725198 
-128.933928 
-313.701181 
139.978503 
106.481910 
-123.110768 
58.190981 
-87.668945 
25.092427 
-160.140492 
62.089149 
48.118277 
136.930825 
4.586892 
227.188666 
-442.595181 
-576.662584 
-15.966435 
-63.645950 
109.726346 
-185.762447 
118.121200 
318.479153 
-61.100353 
50.430217 
-50.514562 
199.619481 
-90.600791 
108.364869 
-437.572423 
482.626388 
4.838116 
-49.614072 
262.222672 
10.133105 
196.535165 
225.275375 
-476.196358 
235.180726 
-34.872559 
-11.407805 
447.410468 
-160.411451 
333.612512 
88.875864 
175.009572 
445.944077 
-489.631081 
-125.997315 
-0.283630 
53.268628 
50.186467 
142.498681 
22.447535 
93.537638 
7.162842 
-356.743575 
315.368177 
38.599482 
104.395128 
168.385885 
95.473788 
37.764209 
14.992432 
2.744480 
304.393706 
494.930031 
-427.251231 
-12.050738 
-45.179797 
143.949820 
74.139268 
248.836893 
289.898925 
-293.885947 
-64.870573 
92.856978 
-71.710479 
43.136328 
-146.367478 
-12.744891 
-241.494757 
-101.216697 
-156.581652 
199.617127 
205.589284 
28.171575 
-98.585697 
311.682290 
89.951811 
118.389933 
-29.379705 
192.618479 
-4.202299 
67.281770 
-42.676362 
100.388720 
-48.665763 
-176.023245 
167.345240 
-25.758217 
226.798272 
-154.376584 
86.107948 
260.789854 
-102.511157 
50.705037 
411.564538 
-9.395662 
202.934248 
51.960739 
248.835924 
-12.528007 
-327.637112 
216.010494 
86.522138 
-170.271766 
510.518704 
-330.553874 
255.258620 
30.765880 
152.393980 
54.716227 
474.177221 
-281.621617 
184.508691 
-144.181581 
51.959525 
285.749563 
76.569186 
310.359156 
629.491275 
-348.247690 
302.938003 
96.340698 
203.005357 
-110.705902 
-72.664221 
-23.966885 
470.672662 
-347.013377 
104.512089 
110.698419 
-116.175808 
-49.396620 
-222.077385 
84.591719 
293.665210 
-66.530841 
213.084378 
261.139890 
-101.869310 
-36.177607 
155.172367 
27.351034 
206.173263 
-536.509326 
285.749228 
93.527882 
-75.418783 
199.616995 
298.874464 
-210.102248 
63.546730 
-490.214139 
-121.975297 
-97.101239 
-69.576445 
23.541776 
269.024103 
-233.023152 
122.404477 
215.349137 
420.377862 
14.184707 
33.400954 
319.180250 
-144.122197 
143.152906 
394.155753 
247.433594 
113.625388 
-9.712184 
-217.202971 
-45.430693 
138.164760 
205.288880 
4.329893 
35.193472 
-49.766644 
-305.427705 
95.563015 
155.511124 
52.013122 
177.990071 
-68.436860 
-55.147702 
298.055735 
52.315669 
342.371409 
114.730544 
221.333140 
-208.773152 
279.392021 
-74.189443 
22.994398 
51.962415 
334.969103 
166.739892 
-251.675247 
142.987532 
-81.749165 
125.790038 
-29.557603 
97.947317 
-146.940584 
-250.209954 
29.916408 
211.922004 
113.791947 
-62.072029 
80.952589 
-8.667623 
-172.087953 
110.657259 
-65.253226 
145.571986 
-9.059103 
-110.526124 
458.014844 
-102.616536 
88.104919 
-12.674107 
-68.793600 
-52.727708 
140.788339 
-188.137567 
213.430713 
310.358347 
249.255623 
-115.020503 
55.607481 
3.017437 
-58.552282 
-261.013115 
-186.531370 
36.494040 
211.920351 
56.517418 
-28.488884 
27.350233 
150.397208 
141.633118 
8.031043 
-145.866520 
76.569006 
310.358089 
240.604853 
-108.000988 
-15.394570 
143.489320 
124.654600 
54.897801 
76.568857 
61.956822 
162.701371 
99.040913 
46.417973 
151.013575 
282.941616 
-76.263322 
83.455627 
114.661594 
211.921069 
169.004783 
84.323760 
37.131171 
-145.603790 
127.231707 
-211.383239 
231.917414 
-22.110594 
360.875438 
-129.621152 
258.873333 
248.835735 
-187.155863 
591.944304 
147.851015 
335.791389 
-425.886808 
124.007030 
-61.034405 
-20.226443 
94.978406 
-60.409627 
-10.769859 
273.901278 
2.742570 
-64.053720 
0.605631 
-28.470647 
-63.154788 
-4.887258 
-13.970472 
245.722717 
202.776777 
280.447564 
-41.387810 
39.656166 
65.835305 
-130.067804 
39.656274 
-88.352217 
-184.779819 
27.351208 
113.484143 
-75.007279 
-196.197768 
168.821366 
9.724089 
173.745108 
-258.413970 
88.874152 
-47.192773 
2.741246 
46.238682 
-22.196774 
-14.095755 
182.646985 
-615.888049 
144.285972 
-237.185945 
-44.516148 
-23.920369 
-282.780059 
-83.946290 
92.349258 
-268.511771 
-108.710442 
27.350501 
146.735846 
111.165418 
-373.686546 
-62.591962 
-55.721878 
264.379610 
51.960452 
113.483864 
-161.354084 
113.483958 
-97.499065 
10.862723 
-148.826375 
-84.930931 
94.102764 
178.760761 
15.046876 
-12.412551 
-60.369250 
-127.738344 
-185.340664 
-137.222889 
25.281700 
196.451835 
-51.496442 
25.525363 
-192.680576 
-11.833526 
-18.335964 
-259.358554 
21.541632 
89.939815 
202.849721 
-21.865848 
-80.800019 
53.374645 
39.657664 
15.973688 
-107.998993 
-270.670098 
9.248687 
150.402972 
-133.006117 
98.804905 
367.214110 
423.247776 
-384.441073 
-16.120209 
153.882494 
224.229177 
-319.262295 
267.141079 
-13.693249 
257.052187 
102.044506 
514.644026 
529.753235 
46.456594 
226.918160 
359.580584 
60.302856 
-176.867865 
654.892905 
114.649603 
214.013339 
35.046982 
224.338409 
-416.323771 
55.215543 
297.291881 
145.955180 
232.711887 
29.287635 
387.390792 
375.021088 
40.785165 
342.554702 
330.489204 
170.421004 
199.616323 
410.407501 
1.251021 
-252.987030 
-3.893863 
207.785923 
685.403351 
130.363823 
-187.953236 
154.135550 
273.446884 
54.566796 
479.435990 
392.063616 
391.191419 
314.205235 
245.938810 
107.856100 
1196.299537 
72.690458 
175.963546 
70.838173 
42.700193 
31.569614 
-128.681968 
243.797349 
385.417696 
-205.396388 
248.715805 
-26.807203 
332.441005 
230.038439 
410.002821 
177.110416 
73.121116 
133.630148 
240.132214 
348.254369 
723.749946 
-128.241174 
267.786740 
-16.419338 
351.154516 
333.814549 
155.142908 
56.269887 
137.676352 
284.836405 
-103.851891 
704.113878 
-93.659962 
450.200450 
259.160537 
364.503431 
356.346594 
-108.232576 
224.082257 
458.018177 
-126.669984 
310.086960 
203.899886 
316.549572 
-117.290418 
-46.661402 
447.196740 
-213.453267 
322.665556 
264.546571 
-340.893650 
596.238524 
22.264066 
437.758106 
224.225607 
385.477325 
56.832341 
-28.378563 
-217.316338 
222.033029 
248.834778 
283.178169 
-461.362304 
-272.253940 
391.384932 
223.471436 
310.357260 
-422.921866 
421.101047 
-201.294773 
79.985220 
212.501445 
205.875728 
-192.874694 
254.220701 
-244.061351 
-223.948341 
84.364246 
162.106191 
-26.506493 
-221.533371 
-260.825235 
-191.138034 
-178.154886 
115.020824 
-13.407719 
34.791820 
-488.750931 
169.596536 
-718.710437 
-495.641939 
-222.164205 
51.693734 
-165.745731 
-113.406278 
149.902360 
319.820215 
-7.383461 
204.551781 
-192.487191 
199.618303 
-228.116874 
60.943574 
-298.180176 
359.579697 
-60.362090 
-160.746735 
138.449836 
12.507591 
-53.631456 
187.332018 
-484.460304 
264.796406 
-66.685624 
-149.117269 
464.863756 
-14.534016 
-4.591460 
27.351700 
138.098346 
368.510160 
-337.267082 
139.549755 
-298.264722 
-35.374472 
699.556755 
-164.899143 
6.676637 
59.503277 
52.637829 
-407.944710 
314.738439 
200.222820 
-29.957393 
276.123960 
211.881949 
5.344685 
175.416868 
531.844537 
275.022057 
507.232715 
-547.458907 
-67.161052 
59.421178 
147.642695 
97.473988 
371.879620 
95.195871 
-455.130430 
88.081897 
-622.092011 
105.159014 
419.058568 
-159.164374 
-231.481154 
-183.618840 
-173.419142 
159.520244 
482.624599 
34.935915 
-76.005662 
-177.005969 
164.052741 
227.267411 
435.638767 
-132.567036 
45.859810 
-90.499895 
-119.900974 
-156.004138 
-63.916263 
81.200682 
-349.044852 
87.709031 
279.825159 
136.931396 
-68.788640 
-41.642228 
117.056466 
19.965464 
-106.591557 
243.094216 
-149.694073 
62.699673 
248.835665 
679.499795 
-354.700701 
27.460554 
-185.764683 
-21.794920 
-73.044344 
116.226613 
-662.488180 
167.308418 
31.300461 
226.503324 
-127.375076 
506.310142 
-212.861202 
4.004785 
44.033264 
310.358005 
88.875009 
384.188395 
298.054269 
529.853689 
-46.182666 
415.834976 
-61.276391 
468.645046 
-335.916440 
-154.902426 
39.445783 
492.296010 
-308.773540 
8.220836 
204.211495 
-62.386942 
-420.863223 
22.628564 
-165.470171 
242.411605 
-137.415660 
194.508632 
236.532690 
81.114820 
-146.234960 
-220.007246 
334.971319 
-137.637365 
-284.743811 
51.962436 
214.860776 
-101.264688 
605.673343 
75.750836 
-36.573486 
-230.748015 
-351.785340 
-65.970570 
130.933645 
56.206460 
-291.476045 
447.343633 
-117.340614 
-63.555600 
293.125808 
391.054652 
-135.230167 
253.003654 
250.495379 
-5.324706 
242.289818 
290.692735 
77.332951 
267.292561 
7.399477 
-124.310316 
-190.282004 
76.253954 
77.407541 
3.265786 
-212.199437 
-117.291783 
-369.783240 
514.422518 
-67.431979 
133.996038 
191.270560 
-163.293873 
372.300192 
679.498800 
-637.042745 
332.998292 
40.100325 
75.671068 
-312.237883 
396.417041 
-291.667286 
-177.270339 
285.749064 
261.139136 
254.265335 
-30.917465 
254.820627 
-304.874765 
384.186100 
-105.786410 
51.700961 
133.122853 
-445.761706 
-36.867314 
261.140457 
220.536309 
86.357704 
-88.892122 
-152.956116 
67.250000 
217.607739 
10.360955 
-3.429885 
64.364232 
-173.282239 
-21.866384 
-50.322111 
-261.038610 
7.870615 
-242.519461 
-167.178570 
187.426797 
-181.099488 
330.554747 
51.961167 
-48.155024 
-299.863304 
97.940528 
165.376259 
0.238133 
-586.018843 
-31.859397 
248.614871 
-9.562431 
-14.522699 
69.777786 
113.484309 
64.266435 
-48.726513 
-16.167992 
-109.953700 
285.749058 
162.702922 
50.200347 
-81.751159 
-199.110306 
329.773658 
337.417698 
83.249804 
236.530516 
-361.785728 
-46.477695 
-25.599701 
129.379079 
168.052749 
326.974252 
-154.228285 
-40.708097 
289.161802 
248.835609 
321.154906 
-214.114715 
87.890705 
-327.116268 
125.210191 
-292.773112 
-32.576582 
-126.656301 
566.211199 
-2.487841 
168.664659 
162.703893 
-127.749629 
580.307170 
41.880478 
248.968457 
-219.516132 
-82.564414 
13.503276 
-52.248748 
127.846332 
-18.644278 
-66.897910 
76.850360 
88.878176 
-296.179205 
137.686133 
-91.733819 
-137.171590 
327.132794 
-154.219385 
259.605084 
92.830285 
122.903040 
-66.788055 
15.050889 
-29.779809 
-424.912136 
2.746324 
-131.530339 
-522.210089 
76.574726 
113.488701 
-125.981244 
-191.198313 
-211.012544 
-7.128756 
61.058219 
-335.225478 
39.659729 
-188.531088 
15.049340 
-144.530278 
-103.005031 
-12.387010 
87.305850 
-421.090158 
170.350977 
-337.778494 
-132.567388 
54.371454 
26.489029 
-183.292501 
-119.528547 
-230.944669 
77.495280 
27.352619 
143.096721 
177.965648 
-295.216742 
-106.907586 
95.822463 
353.427314 
27.352891 
88.874845 
-195.927619 
27.352144 
218.514443 
-26.379209 
-16.467888 
-103.914021 
-82.690723 
76.778826 
2.743103 
48.964226 
-177.855298 
-127.575900 
-224.149436 
-88.774500 
-58.302168 
6.756646 
62.649766 
-249.419503 
-177.584384 
-46.441460 
-149.727026 
-154.928825 
63.199033 
-21.222357 
11.078323 
15.046282 
-19.425262 
134.528959 
-107.999009 
89.046132 
-108.000247 
-234.392689 
-33.095909 
445.712252 
71.090165 
-200.678399 
415.126431 
-99.462240 
-219.995188 
180.749810 
41.056246 
248.836052 
-177.476400 
321.238786 
52.858644 
395.312117 
84.638013 
634.817348 
141.172569 
-61.239681 
-20.001034 
150.398308 
204.156885 
180.065300 
224.226243 
351.959570 
334.647077 
-283.830379 
-16.332413 
-68.570672 
364.480286 
369.168591 
97.516462 
433.141229 
107.228083 
200.696402 
208.031100 
399.666677 
78.401777 
365.240715 
-293.799198 
371.882140 
357.845254 
233.647148 
104.400304 
218.061004 
6.688695 
730.474768 
326.754219 
291.989839 
-233.912444 
408.796737 
120.193809 
722.724907 
-198.522200 
385.975192 
0.435030 
287.179336 
-9.398675 
531.844138 
107.662978 
-19.540655 
33.864444 
311.002203 
284.968217 
97.476340 
-57.964527 
493.399186 
24.156767 
405.515516 
77.241899 
-230.184722 
489.795360 
-36.539023 
169.700041 
303.864976 
28.292432 
-150.500365 
342.696957 
1306.732502 
210.968668 
157.803789 
35.408399 
141.934073 
504.383094 
31.615757 
-95.606923 
-43.299791 
-3.415852 
-116.262242 
433.407280 
113.609145 
447.574853 
219.418012 
377.626044 
403.438008 
108.855940 
-197.894515 
507.234832 
-79.757210 
276.404243 
231.367113 
175.063556 
266.725321 
-186.255967 
158.328273 
-99.726206 
445.711717 
486.941724 
-543.348587 
-91.271539 
377.231795 
-174.650023 
224.226035 
487.426824 
14.703962 
306.306648 
-210.926774 
-109.537315 
396.491648 
251.130188 
-200.677106 
13.129753 
557.192984 
80.109684 
51.959712 
61.542460 
654.890697 
55.604508 
74.624933 
-87.777003 
458.048979 
-310.647767 
273.008893 
65.578874 
194.244203 
105.784162 
-67.164400 
-28.738470 
80.010749 
-517.124954 
-78.018392 
15.139099 
-15.959311 
221.920042 
25.334857 
-193.545436 
330.907883 
-134.855140 
-151.242913 
-67.363593 
-46.336308 
361.610275 
179.985128 
460.382560 
109.110203 
-105.330881 
129.620076 
27.509881 
507.234916 
146.229737 
-203.229822 
-378.443257 
568.760119 
66.073206 
-93.054766 
315.645766 
4.503206 
163.666310 
119.171957 
-202.658735 
186.601734 
-52.070655 
-309.685396 
165.154313 
-34.949252 
-437.619106 
2.743461 
248.838717 
326.271567 
423.550241 
-19.974319 
-60.500569 
251.998198 
96.342590 
-356.676018 
84.242202 
-154.320341 
-120.834276 
-183.075676 
222.546145 
-1.179094 
13.506251 
460.893137 
19.023036 
-12.657907 
-84.725533 
593.370798 
92.024602 
802.549030 
-250.452281 
77.384354 
-195.339062 
-32.350683 
22.130640 
334.971656 
6.446886 
-1106.475027 
-491.294422 
545.291697 
108.476782 
359.829615 
-245.143206 
296.711230 
250.278382 
17.317792 
-142.766913 
581.064551 
-65.919382 
-313.076634 
-263.114640 
270.909746 
-168.881824 
-198.189558 
15.737216 
384.330976 
15.082985 
27.678312 
152.461744 
143.819418 
52.893703 
-193.205555 
209.938213 
215.372060 
207.232883 
84.597722 
37.005174 
-58.776786 
297.366533 
-176.533703 
157.234079 
-56.701510 
-112.767987 
273.444138 
679.499674 
-228.123107 
-24.205951 
-4.643612 
176.096543 
143.473768 
506.492203 
-558.277910 
189.666680 
-33.708384 
195.431141 
-138.133230 
324.203685 
192.634200 
53.014492 
74.728269 
384.186900 
39.655094 
310.358896 
175.007336 
-90.074213 
-124.762132 
434.310396 
-168.368928 
135.584368 
-71.125078 
-291.571870 
179.682318 
531.787291 
66.247395 
-111.846217 
-22.005704 
135.410413 
-150.052125 
149.019546 
-219.339833 
151.330217 
-214.885927 
-99.702379 
88.875455 
-146.633871 
-237.391095 
90.627649 
261.140719 
38.961869 
-114.523116 
51.961761 
55.731479 
93.243181 
384.187406 
-147.374107 
-26.183380 
-183.646730 
-245.660069 
148.311268 
-55.138143 
126.840794 
-1.182547 
204.129665 
-223.248851 
94.515438 
-221.316942 
-26.839227 
-300.304704 
39.436194 
246.898824 
-259.575548 
-149.757054 
-186.329570 
83.364154 
2.471415 
139.946575 
-25.867327 
-46.605056 
165.927659 
41.590004 
198.116282 
59.657713 
-311.596591 
-383.779841 
219.180027 
-113.714472 
-64.925633 
194.905667 
-16.712991 
149.505167 
802.546320 
70.692121 
55.232325 
174.458608 
124.886939 
268.943300 
163.716855 
-155.859287 
-148.529215 
359.577813 
285.749327 
195.324133 
-82.838940 
-284.816309 
-226.123697 
408.797200 
-145.413829 
96.154734 
65.045515 
-45.045871 
-95.344199 
162.703245 
76.595831 
190.775676 
125.974991 
-192.346104 
276.773574 
27.868691 
67.320711 
195.825497 
285.595724 
-10.635492 
125.789239 
-38.016485 
-250.272095 
213.599349 
-78.025365 
-93.912387 
284.803665 
119.883448 
209.631421 
2.743098 
152.725367 
-313.842225 
92.409591 
42.058397 
-127.256943 
-201.519657 
76.832835 
145.997701 
51.961515 
112.108867 
-11.278812 
248.836495 
310.360331 
55.070369 
48.343139 
-330.954813 
359.578623 
310.358941 
188.154189 
-108.000412 
-199.315468 
131.023536 
244.229362 
112.698036 
138.092419 
-5.717740 
76.570654 
105.078542 
120.232414 
121.216367 
294.299893 
-123.912949 
-232.901719 
340.987040 
138.091547 
-95.362875 
165.146826 
-3.392882 
-326.565159 
-122.081882 
167.020965 
-148.345445 
-14.782360 
111.802254 
50.329633 
384.875261 
285.750018 
-257.992462 
121.572335 
-33.577759 
66.056940 
-147.008105 
154.557623 
-293.193511 
-378.060671 
-6.581125 
121.858339 
210.306933 
86.391530 
51.961625 
-188.425320 
241.010400 
-6.676510 
-572.981387 
219.329401 
-265.270106 
-120.396434 
33.510485 
77.713216 
-201.015551 
138.094703 
-209.408262 
-106.180297 
113.485501 
-239.950708 
-309.628906 
27.352905 
39.657549 
-110.831777 
-285.242030 
-67.120744 
64.483365 
-1.982214 
-253.724727 
2.742669 
-14.103948 
113.485422 
-6.204037 
130.471125 
-28.919690 
-51.069968 
-96.127741 
-193.721640 
-62.203494 
-20.781936 
268.988197 
-126.320365 
34.444320 
-135.513945 
9.419658 
126.158067 
88.875629 
-155.012262 
102.775854 
-228.320640 
-111.924066 
261.159596 
71.678711 
76.570206 
187.313023 
-43.580549 
-9.562260 
23.130167 
-190.649534 
-123.874115 
-18.992410 
-181.389845 
211.400068 
2.742010 
66.960948 
194.855002 
19.464780 
-322.011068 
-199.515791 
-72.089508 
6.460033 
-246.451140 
-18.591265 
-58.449312 
52.089517 
-6.916849 
-276.210183 
173.265682 
-141.547088 
36.503346 
15.047181 
-96.662166 
-172.481046 
-108.000322 
141.995664 
-107.999549 
-231.752893 
-332.295114 
396.496296 
10.086579 
-92.589506 
308.441338 
-30.188183 
-421.862850 
-291.747370 
43.330909 
384.191098 
-65.790181 
209.152278 
-106.050825 
189.571006 
148.210125 
290.378553 
120.379016 
-145.803313 
290.303882 
175.009988 
13.228435 
273.869478 
310.362978 
127.317714 
226.973251 
-216.543836 
-40.544751 
434.692717 
395.856190 
207.904912 
-51.150606 
155.760216 
116.590878 
227.458005 
354.219273 
-316.445052 
188.555169 
-23.654361 
-93.571293 
851.764002 
525.931386 
-123.126050 
-103.818408 
121.753712 
296.592902 
759.542627 
430.288404 
-271.648787 
78.399362 
224.226577 
302.618868 
108.179936 
-90.579152 
99.387909 
-51.860236 
-138.016209 
422.398520 
248.837757 
295.121402 
-29.298139 
313.348031 
-256.820760 
145.794114 
-144.330457 
211.100946 
304.982016 
201.787596 
192.799908 
-6.573405 
372.186929 
447.501491 
115.166612 
168.152831 
148.882386 
14.653399 
-141.475211 
510.997984 
524.214485 
-114.205036 
38.283981 
248.630213 
341.002475 
174.330969 
-55.095934 
114.919772 
-63.615194 
494.486922 
37.155450 
248.839038 
377.343489 
48.506103 
-74.520374 
548.251496 
157.016411 
2.288241 
67.411721 
273.444807 
10.779099 
119.758421 
115.307787 
34.634326 
-370.383670 
-49.096206 
235.680581 
38.652809 
876.372592 
191.750909 
-366.123286 
105.721208 
6.450444 
-57.952186 
199.611248 
55.289728 
-144.485323 
77.503730 
-94.827381 
28.360411 
507.228682 
102.252200 
-415.366737 
-115.906002 
28.037307 
68.707357 
248.830896 
173.544044 
27.347592 
-97.715310 
112.989814 
-163.744495 
440.151321 
-274.569795 
18.761489 
52.657563 
-91.370861 
211.218071 
-75.585232 
-72.261629 
-260.282104 
-98.799647 
56.763060 
74.636703 
85.235191 
-409.461611 
5.851419 
-167.114300 
96.703040 
-186.950436 
-369.595022 
-100.391885 
-190.762723 
316.258220 
207.585105 
-70.149422 
58.425591 
-135.513159 
117.415542 
98.952948 
76.571453 
62.279015 
-163.906606 
-34.105784 
458.018899 
-119.273324 
-487.363028 
155.422153 
289.094329 
152.693096 
530.132896 
-456.868755 
-43.970045 
200.289703 
-51.066988 
80.719796 
-56.379457 
-441.257535 
199.618775 
347.276811 
555.219889 
-138.957473 
-68.350317 
-112.317065 
84.752139 
79.462978 
78.450285 
56.313183 
93.344465 
248.064667 
81.256027 
361.139651 
0.894831 
-9.912793 
90.159393 
107.080398 
303.846415 
30.887238 
408.800939 
325.863497 
224.230087 
-259.459147 
-87.845592 
-62.498135 
-84.600005 
93.479963 
322.665395 
111.136380 
12.857403 
25.546886 
89.848587 
54.466286 
243.282948 
-66.370191 
223.786556 
194.829545 
-361.884561 
228.312265 
310.361751 
224.351741 
379.271522 
-337.128824 
-136.564925 
100.016877 
169.171587 
331.212019 
14.135451 
-67.707862 
-156.393160 
58.756822 
233.757385 
100.196042 
41.644800 
10.778016 
252.580834 
142.615557 
-79.345918 
-86.240653 
33.767045 
-75.539492 
-16.234378 
64.236343 
-232.699389 
-48.876564 
679.504244 
224.230828 
-250.296787 
-92.083174 
-74.511648 
139.016565 
386.232534 
80.047630 
-309.534953 
-146.172232 
132.008617 
-76.975856 
-13.367078 
217.450213 
-43.038751 
32.696065 
-60.254170 
15.051348 
2.746177 
175.010251 
433.409610 
2.794174 
-190.558801 
324.221076 
-124.500918 
217.820993 
219.914235 
-166.118105 
16.296949 
285.017655 
-234.167598 
-37.914851 
265.595974 
90.352721 
-228.129821 
81.805196 
-181.377418 
-14.625727 
58.539768 
-29.386302 
-9.562014 
-141.779749 
-212.446716 
-92.986906 
2.742636 
9.801340 
-815.760520 
224.227807 
569.165568 
121.996195 
371.883038 
325.127710 
-312.292117 
48.603497 
-354.094759 
-36.070803 
13.034159 
146.084944 
52.812909 
-13.713804 
-208.999965 
265.512647 
-145.901642 
105.101934 
101.749597 
-207.594418 
159.653381 
24.123356 
-94.410898 
157.278045 
299.187742 
-150.016177 
-102.407090 
-54.223058 
17.525318 
86.390053 
365.670921 
-165.810686 
-130.253651 
35.673863 
-252.638152 
209.061521 
-43.381723 
-33.723814 
65.470976 
197.646064 
418.151496 
359.579974 
-65.696849 
-105.416066 
52.838141 
42.163000 
46.534460 
317.113169 
-64.593377 
-40.004119 
211.925047 
187.316492 
110.774787 
24.505106 
21.645217 
36.381388 
162.704976 
300.578649 
-228.930751 
86.192878 
38.445537 
-70.643074 
76.572091 
119.435948 
-344.210432 
34.535845 
345.056000 
189.278999 
50.269963 
9.270760 
-349.409814 
227.640385 
-65.309401 
408.798133 
366.502253 
-552.508245 
166.102599 
145.390539 
-82.852788 
219.212597 
-280.398826 
137.622001 
261.141912 
-70.191484 
-142.118557 
-109.130910 
51.535599 
37.538346 
-227.174639 
-227.044218 
15.847265 
101.178706 
-11.544188 
234.509446 
187.311920 
2.738336 
-26.711958 
58.664078 
-205.263211 
113.481533 
39.657991 
-38.266031 
-304.875195 
-3.485974 
97.961812 
-10.225557 
78.025262 
101.177851 
-114.925119 
199.616687 
276.082358 
-47.244359 
100.792730 
-57.353205 
-52.266952 
-253.785854 
171.254828 
-132.612238 
194.809420 
-110.730977 
203.326842 
-2.495011 
0.068644 
100.669465 
-38.596960 
-48.859813 
752.944577 
-117.563794 
298.250785 
2.742091 
-21.130674 
-33.107318 
118.970319 
97.696841 
-3.250562 
-79.562636 
30.348747 
10.614378 
108.729950 
-168.035798 
78.271690 
105.733512 
51.963700 
-140.791886 
-19.418423 
105.439737 
160.634738 
130.870774 
-119.778757 
-327.716779 
-103.156182 
64.609853 
91.337708 
88.875474 
6.696695 
-280.968409 
88.875839 
-173.506007 
270.877596 
15.047897 
-9.560220 
-86.506555 
-323.289349 
-174.282882 
113.842649 
-63.143766 
-127.419799 
-21.866473 
-84.572904 
27.351491 
-138.915406 
260.064865 
30.603506 
4.062679 
-322.853541 
-196.488831 
-117.040243 
154.106714 
125.547473 
-73.698942 
60.062179 
-202.820961 
-66.207198 
-55.336059 
51.961634 
-27.590492 
132.989392 
-121.417505 
-33.320678 
22.565929 
50.539229 
261.140966 
76.573290 
-508.898023 
88.876443 
-262.717095 
-66.363042 
-205.340239 
-28.368678 
-110.229569 
-24.438717 
64.268342 
110.657238 
-43.295348 
-112.834462 
0.618741 
-97.231215 
-93.859931 
-193.048742 
-147.274367 
-30.022526 
-3.835149 
-220.027675 
-38.133033 
-154.669820 
359.063384 
-253.777812 
262.700891 
-107.994933 
-159.881016 
-47.623177 
-107.994559 
45.385525 
-107.995604 
-315.564990 
8.339310 
544.151971 
2.577121 
-22.916919 
433.925096 
-83.696939 
-308.400143 
-81.748017 
-28.335023 
704.111289 
-340.697168 
253.619557 
-78.753593 
18.591483 
43.178652 
763.568493 
218.145564 
-170.711698 
199.337939 
285.753409 
51.946388 
506.869857 
371.885761 
241.142186 
80.545483 
-393.739492 
18.291549 
427.138539 
361.167175 
233.992444 
-114.584498 
-37.549840 
-54.380863 
149.321288 
264.014119 
-178.370211 
303.605457 
46.790636 
-95.180963 
753.331073 
555.267214 
35.559104 
126.271511 
127.507447 
240.982883 
715.944551 
210.194364 
-151.489346 
-1.139099 
150.401834 
-40.385447 
215.431854 
17.077041 
51.565941 
18.892588 
-55.856291 
286.791044 
371.884127 
201.535375 
-306.839379 
31.318911 
-352.210243 
184.417387 
16.205968 
109.187531 
133.101112 
-123.410505 
2.158504 
-255.978225 
506.911629 
370.434337 
127.007688 
143.316855 
-88.708013 
-103.047450 
122.230312 
463.043145 
-92.980179 
-156.693260 
124.740739 
-158.554732 
163.805498 
50.773540 
-7.136822 
-323.476731 
-184.688476 
21.957488 
149.650052 
494.925004 
3.642716 
-22.373895 
-65.057451 
443.246237 
393.959892 
11.296020 
85.844210 
396.492105 
-2.379575 
-44.272256 
88.357075 
-279.999068 
9.477629 
6.010879 
285.053580 
135.133537 
704.109535 
215.479867 
-280.438670 
173.658687 
150.365305 
-31.981829 
654.888764 
55.003295 
96.863730 
353.127852 
61.190353 
84.037017 
199.616159 
417.668714 
-88.237769 
63.096905 
71.449100 
104.714561 
777.937868 
-208.650607 
248.834532 
94.390859 
296.230976 
124.931185 
430.538712 
200.725205 
140.561514 
64.593147 
233.232880 
193.803889 
43.690867 
-338.525502 
146.373651 
-170.128677 
-56.217426 
232.833717 
166.259775 
-500.210089 
185.675695 
-262.088491 
192.073745 
-22.158975 
-222.587550 
282.201046 
-190.704940 
537.521068 
-63.764568 
109.073446 
106.421680 
-97.987683 
342.006746 
141.357893 
408.797679 
168.753607 
15.139553 
1.758508 
224.225702 
-37.154714 
-88.806213 
246.313760 
245.274035 
165.264919 
373.596217 
140.489841 
-249.105962 
24.494297 
-34.515551 
-92.647940 
289.242754 
-436.504879 
322.663862 
402.642773 
44.239437 
-107.745184 
-77.833523 
-126.457191 
-106.859408 
80.037024 
-217.564116 
-89.576671 
-13.704656 
141.898631 
-7.240342 
-95.301629 
-109.289306 
219.494754 
26.263451 
279.376267 
486.890384 
-21.531640 
433.405641 
207.220111 
433.407985 
-439.081746 
-220.026603 
-226.915634 
113.711131 
250.137026 
458.016832 
281.036831 
-549.058915 
-86.053466 
-16.968735 
77.447808 
68.856363 
17.249073 
-143.189625 
253.372050 
-56.906947 
-86.398740 
248.836572 
372.283088 
261.139477 
-212.917907 
-78.379862 
152.281627 
305.040525 
233.202866 
19.979880 
-203.743340 
-251.566322 
185.883408 
162.968364 
84.652455 
149.639454 
73.254518 
-29.752250 
-54.759560 
179.377692 
-93.255335 
78.035354 
-131.337367 
-115.325819 
139.257312 
-93.636506 
3.676609 
359.577937 
298.054820 
-73.781097 
-291.617138 
268.048407 
-192.616950 
-49.281657 
-44.691965 
-319.473464 
302.794281 
170.862098 
214.617236 
-83.386787 
277.736349 
558.981841 
273.053923 
-171.327716 
76.571112 
334.968894 
482.625419 
261.141518 
107.504194 
-71.896742 
507.159935 
150.356098 
162.720910 
38.713559 
108.062409 
79.944346 
391.019112 
-136.705501 
-166.992763 
146.858788 
-191.786600 
-273.412944 
10.274940 
-55.275432 
207.271688 
-20.495793 
-346.076709 
27.352704 
178.037394 
-16.455072 
-179.695871 
76.571920 
17.593547 
-367.706805 
433.407568 
250.492761 
91.662457 
310.360802 
75.751559 
-236.673743 
-90.768790 
90.412920 
-276.365071 
20.563420 
146.872233 
-94.087157 
-41.538865 
-356.225666 
-149.472419 
5.167371 
-189.689966 
-49.753323 
-22.560126 
245.758620 
315.358070 
336.377333 
9.886873 
-65.612167 
98.378461 
79.583479 
-32.642780 
-170.762447 
99.427288 
335.668351 
90.556049 
158.852530 
-199.697795 
-190.763041 
141.706254 
-92.692819 
-27.561824 
132.761515 
90.082695 
156.217978 
64.266174 
-49.097524 
-16.860760 
118.393896 
209.422878 
108.325528 
195.536760 
-116.869926 
-40.481445 
187.312594 
64.265170 
-66.271360 
125.819648 
47.446382 
-42.373340 
27.350762 
329.452591 
81.448149 
285.523610 
54.710985 
51.921837 
261.140424 
-13.146117 
-89.052768 
60.543897 
313.138447 
28.582518 
127.129830 
154.567711 
6.519433 
274.723440 
290.681621 
27.351532 
-490.982086 
-460.219292 
247.155080 
65.303634 
-202.935679 
219.293348 
-264.685300 
-29.804985 
-9.562165 
-175.699646 
-84.973878 
188.559775 
-181.972214 
54.487722 
-407.990103 
-117.975893 
113.421983 
138.095213 
42.653976 
-6.247501 
-46.475880 
-46.477307 
121.343585 
-66.470425 
-60.155339 
51.959897 
39.659372 
-46.817521 
141.372625 
12.228331 
-56.437089 
72.532093 
-52.816452 
125.787147 
-120.305056 
162.701455 
168.636336 
-57.714044 
-4.804775 
-28.499262 
-103.598822 
-170.910774 
30.415962 
371.879288 
84.747365 
54.603417 
-72.761180 
-201.460492 
-122.499427 
29.961936 
-211.556359 
-52.310402 
874.933307 
-132.579614 
253.966556 
2.741559 
-219.043837 
160.941581 
-112.240765 
52.301537 
-282.546914 
21.956015 
-172.104202 
-133.413004 
14.153857 
-31.520987 
-7.745248 
2.342356 
51.959393 
-17.473488 
0.806463 
61.849576 
247.056495 
33.471699 
-114.172779 
-164.101966 
-138.946451 
308.487586 
29.537440 
39.655551 
120.368864 
-126.244058 
27.351768 
-8.693454 
-22.008074 
88.874229 
51.960580 
-182.649975 
-199.655843 
230.202773 
81.408746 
52.368190 
-69.910317 
39.656513 
18.092904 
2.743387 
-87.168413 
38.045626 
-87.162472 
-129.180315 
-143.182102 
110.472973 
-132.288695 
99.159980 
51.337931 
-190.507410 
-133.130072 
-84.055635 
-106.675290 
6.620565 
138.094921 
-100.242309 
-165.018371 
-148.143585 
-69.475957 
5.870169 
26.235685 
2.743329 
51.963042 
-409.507697 
51.962581 
258.463241 
-119.344242 
-193.476490 
-149.794734 
-122.477398 
153.978203 
-107.998862 
20.828624 
98.616812 
-181.805403 
-94.268296 
64.266973 
-142.242927 
148.644815 
-42.027214 
-183.338887 
-86.186198 
155.750791 
78.440593 
-81.938887 
-83.079019 
-162.186918 
197.102436 
-107.999238 
23.123450 
247.731332 
-107.999306 
-119.440182 
-107.998921 
-287.173672 
115.934208 
494.930725 
-348.744635 
-287.087958 
397.703939 
-0.600514 
-248.251097 
102.005944 
20.216235 
187.312468 
-273.002342 
70.255583 
192.571630 
-96.368838 
211.322171 
463.163889 
391.304621 
-69.198582 
233.401435 
261.142703 
215.208125 
276.535335 
605.672748 
450.897775 
171.253317 
-493.796569 
39.220807 
457.565112 
389.376662 
231.604673 
92.679966 
56.551951 
181.512488 
270.090009 
40.442215 
-129.831599 
112.133341 
109.638698 
140.189138 
347.274336 
342.231264 
417.814434 
16.831908 
226.293320 
380.046134 
662.144380 
276.720856 
23.616038 
33.029986 
482.623829 
50.831405 
529.593028 
-68.930950 
284.657004 
15.814184 
578.524613 
-64.983423 
581.062510 
139.549247 
-103.627870 
215.262968 
-62.448583 
90.243718 
112.852975 
-110.435184 
276.144634 
-130.374844 
-174.769062 
-92.841418 
315.962468 
311.040741 
147.755788 
0.705222 
-108.027493 
-13.403333 
148.071936 
639.125532 
786.960527 
-277.861610 
14.333666 
10.296353 
273.477775 
262.864229 
-21.615623 
-239.067550 
-61.148594 
33.265369 
106.359221 
544.149106 
214.428922 
177.934879 
121.952526 
390.750207 
269.383852 
-42.489947 
-99.758486 
322.664314 
-83.532598 
-215.806272 
421.086603 
-35.333883 
65.165580 
340.468638 
-20.320562 
141.090083 
531.844641 
230.737613 
-151.827597 
212.583888 
-1.194400 
-176.281870 
777.938732 
297.307316 
-78.663277 
189.948535 
11.440196 
323.737714 
396.492924 
426.606187 
-187.018943 
-101.148736 
113.101720 
68.998980 
728.719278 
-105.670456 
76.565798 
266.295246 
331.495597 
153.242468 
351.732167 
68.489852 
163.618502 
24.246991 
30.748154 
23.692429 
29.256377 
-185.684357 
-43.278588 
155.593602 
-276.987069 
213.931027 
242.592791 
-77.235416 
9.454344 
-255.737374 
299.201241 
-116.127058 
-87.990209 
18.159956 
129.573637 
235.495579 
-52.837324 
368.871618 
154.972912 
228.840611 
191.688164 
318.770617 
298.054609 
-94.760225 
109.819951 
-59.337050 
273.447846 
-222.415756 
-253.104325 
319.942779 
-212.955729 
275.936906 
295.041932 
144.333830 
-232.513109 
-132.530008 
16.589537 
3.221340 
378.530484 
-274.997310 
273.447230 
261.139966 
63.910304 
295.555339 
-67.344366 
408.422725 
25.680473 
295.787578 
-130.095651 
-33.230637 
-74.737738 
-69.585184 
230.884281 
-85.486770 
166.898513 
202.986668 
265.359172 
429.355251 
164.586243 
478.848766 
285.748365 
278.415620 
162.701532 
-487.699196 
-233.989196 
4.330676 
-116.141162 
491.047423 
285.747577 
70.308969 
-476.972069 
315.867667 
-101.500625 
226.470406 
326.646045 
-167.289451 
-227.119396 
102.471486 
-114.152096 
-16.923875 
199.614090 
286.238092 
-278.627630 
150.147533 
162.240676 
-136.276901 
356.090398 
40.462659 
-73.002397 
-307.247042 
-50.778131 
80.326320 
23.266688 
110.947967 
-87.028892 
27.452551 
-115.208779 
52.874082 
237.932588 
-100.283268 
100.396188 
-325.301501 
-194.394962 
144.414620 
190.632276 
-86.353893 
396.491178 
458.015777 
-143.548230 
-116.670258 
34.968975 
-182.510769 
140.285827 
119.533307 
-440.527027 
68.824578 
-55.259386 
78.660720 
18.574993 
102.498727 
422.740963 
279.321995 
-76.117426 
261.141711 
199.616782 
138.093805 
125.788784 
205.434697 
14.438208 
410.581177 
200.439138 
152.465546 
-288.233289 
-171.039678 
233.982775 
291.126817 
-189.499929 
-85.903726 
-78.848443 
-116.673739 
-29.070190 
98.673622 
-25.734502 
81.668318 
-226.809921 
-330.980558 
285.749946 
109.638931 
124.546972 
-321.834057 
531.843223 
-127.469458 
-0.062942 
224.225210 
263.746541 
-102.318794 
125.786992 
101.995851 
-295.109698 
-193.832078 
104.251456 
-432.706164 
7.892957 
-29.767272 
-249.638995 
-64.844259 
-143.445226 
-107.215206 
81.895360 
-113.217796 
-412.309109 
-25.033255 
191.936202 
65.048657 
80.555291 
-118.833342 
-24.360488 
110.331041 
65.018676 
-92.990378 
-127.301564 
44.228354 
-64.566326 
-0.053702 
-185.611340 
-144.015644 
-235.860696 
62.076125 
-189.633957 
-201.431261 
250.440346 
51.270076 
59.253630 
51.961048 
-141.398524 
36.457800 
69.399116 
256.769412 
28.818223 
25.167794 
-53.474754 
-86.253860 
64.265650 
51.961163 
196.721144 
66.868917 
-1.412703 
-226.130275 
261.140272 
-5.898181 
-32.748261 
-12.654005 
-251.691064 
-297.872226 
51.961241 
34.606871 
-119.641600 
-224.503774 
264.582070 
6.628387 
186.899343 
-47.885156 
6.337307 
215.464834 
161.496502 
88.874762 
-606.339590 
252.679978 
134.985094 
-52.104828 
-187.755097 
118.402728 
-196.210420 
101.163661 
27.351185 
-74.885839 
-454.134053 
-57.463780 
-359.392782 
-169.325341 
-621.144803 
-44.167280 
-78.222579 
113.484572 
-10.303479 
-120.996964 
2.743296 
285.749095 
121.364769 
0.155849 
31.438168 
-21.868370 
27.350525 
180.555309 
-2.998008 
11.514753 
-44.588885 
155.721446 
64.106697 
113.483971 
-171.057796 
88.870080 
-121.634898 
-17.432001 
94.352794 
-296.663629 
-28.991382 
-294.791088 
117.585078 
273.448354 
72.640539 
-155.222570 
-158.697898 
61.168612 
-101.196410 
68.512301 
-3.752239 
-150.765418 
675.269074 
-95.455932 
224.054771 
88.877239 
-26.811301 
238.683324 
48.312127 
137.933335 
-167.517674 
48.478828 
-57.042329 
-187.185108 
-31.952173 
-165.276006 
34.226055 
48.747995 
-21.867132 
-230.916789 
65.289822 
31.734769 
-479.449048 
-118.604664 
-195.525664 
-134.522347 
-90.503891 
9.107504 
-124.842112 
27.350211 
-180.547611 
-160.892620 
64.264549 
13.876707 
-145.405532 
-46.478159 
-21.869531 
33.906775 
-216.294592 
28.069399 
106.463785 
64.542887 
-123.838245 
27.349408 
27.226752 
187.310434 
-43.944332 
-92.537573 
-22.812645 
-223.233502 
-306.886529 
91.910867 
-146.395030 
-147.878531 
-18.568812 
-19.112442 
-175.004938 
-10.944481 
-163.732869 
50.267038 
64.263565 
-111.301230 
25.098891 
-72.831446 
-225.031848 
40.940263 
92.641331 
-21.869309 
27.348276 
-163.543809 
39.654599 
254.747355 
137.614789 
26.541823 
-28.793264 
-141.802763 
272.644710 
-108.000618 
17.048382 
30.424026 
-115.725574 
-428.211054 
-108.000945 
-57.208983 
249.666425 
-93.679940 
-292.420257 
-119.377462 
125.267373 
-8.225179 
-54.941200 
6.213690 
-24.896593 
79.619711 
-107.998306 
146.586950 
14.765688 
-107.999643 
116.415496 
-107.998547 
-262.257062 
78.887930 
531.843147 
11.574098 
303.526655 
45.892122 
-287.333511 
-326.309449 
338.250328 
547.701273 
199.616407 
-106.273975 
-212.776176 
-229.835280 
531.050633 
211.992627 
267.064872 
240.890896 
-326.556221 
242.320459 
175.006800 
358.093788 
413.587848 
396.491325 
526.141510 
368.609239 
-710.820734 
342.796138 
642.683019 
268.395400 
137.415646 
-107.715622 
-115.625661 
123.349323 
306.927883 
-79.111312 
-6.131102 
299.834859 
191.913649 
395.280604 
630.279589 
272.977645 
12.319714 
45.187190 
229.758808 
313.291428 
564.943290 
-93.689814 
-22.201143 
-46.060238 
581.061681 
-210.354162 
443.874908 
356.888799 
128.097486 
-264.884244 
450.277795 
68.073398 
322.664690 
288.344558 
152.536494 
369.604084 
92.074374 
321.063951 
305.582937 
56.463035 
425.328095 
-231.913689 
107.549236 
145.980172 
-17.780410 
83.832982 
103.950514 
10.979024 
234.375165 
249.122729 
44.559732 
375.502766 
928.467257 
50.639946 
56.555997 
354.390758 
283.163268 
288.627566 
6.851725 
224.611166 
56.237752 
52.864124 
54.553819 
728.720967 
232.293686 
63.436853 
-29.540892 
36.376477 
321.639711 
44.238061 
61.621601 
482.625684 
-5.761368 
120.303320 
194.017869 
79.217320 
204.345768 
181.311253 
227.935711 
252.981652 
285.749789 
150.225666 
-6.973991 
44.138737 
131.396257 
69.880954 
248.834217 
37.085336 
160.307821 
38.893896 
298.301122 
22.147901 
470.317696 
385.453334 
-30.068321 
-85.561188 
200.018209 
70.336477 
51.958013 
83.832717 
322.660015 
383.973175 
149.596906 
113.996155 
343.446667 
26.314298 
221.561851 
-85.223691 
-306.492172 
-215.882047 
-162.985054 
38.838583 
39.239725 
-382.867542 
21.914827 
162.973805 
400.817272 
268.061621 
-69.625547 
-86.184565 
26.364147 
-473.900914 
-303.810988 
-131.602705 
31.873954 
-185.650693 
-78.179319 
164.091815 
-58.252747 
-114.300561 
199.683368 
292.898276 
396.492110 
-44.484249 
239.522293 
-365.565695 
384.187388 
209.396371 
-284.294848 
272.158502 
55.343787 
57.462461 
11.280176 
-42.854704 
-237.152090 
279.937891 
-5.248515 
-112.511354 
61.762597 
-161.161211 
224.226010 
341.120534 
167.800542 
424.712628 
71.796976 
150.344094 
271.676928 
55.305340 
-423.761286 
17.112042 
-156.711700 
105.236272 
-299.584559 
28.406607 
-333.331648 
-121.633089 
232.325922 
650.208796 
155.420562 
82.285607 
285.748963 
82.994924 
138.093286 
160.144035 
73.521848 
81.879492 
-228.702115 
217.208480 
334.968292 
149.981888 
-302.815233 
306.101652 
102.943670 
334.528849 
60.602094 
-299.149343 
27.776508 
102.210091 
-115.901035 
0.097843 
371.882516 
150.317154 
-303.234304 
-54.286766 
191.233862 
-67.888240 
193.408726 
153.533761 
191.704773 
-169.925821 
-220.641583 
58.258140 
202.091227 
259.459106 
-138.712209 
-366.345236 
-214.507232 
27.699952 
117.303806 
62.730647 
103.233652 
15.482879 
-319.184221 
173.181152 
208.172084 
-75.822211 
371.883189 
654.890979 
-429.567999 
-1.889047 
55.085114 
-211.731834 
301.985640 
133.081051 
-470.549896 
71.786300 
-306.328373 
-218.794948 
-161.515761 
132.859364 
18.630452 
247.109493 
-293.429923 
310.359437 
273.445702 
199.617858 
248.836249 
260.213175 
8.018717 
219.676250 
45.830820 
68.381312 
-219.216140 
35.593297 
43.696881 
427.389905 
-374.558945 
-121.979319 
-29.449877 
51.836740 
-319.908249 
-79.918500 
190.559260 
147.186615 
-22.968270 
-300.771340 
384.187336 
-4.959970 
98.640896 
83.599455 
605.671999 
16.884396 
-218.540171 
273.445397 
24.266352 
42.145752 
199.617203 
180.748966 
-86.576047 
-148.864857 
211.921806 
-29.053780 
322.453622 
153.131998 
101.600588 
54.070743 
26.939575 
74.041815 
-131.483466 
-299.892156 
161.416193 
121.617650 
147.211478 
31.223359 
-405.674048 
-108.668693 
119.292268 
117.108329 
-109.981629 
-116.640460 
-87.524090 
-162.874812 
-43.204840 
-180.732425 
32.105411 
192.041207 
-364.875144 
60.717242 
-133.238319 
123.361640 
485.266215 
226.090261 
10.827347 
101.179659 
-69.039431 
38.685193 
158.819306 
320.876124 
2.074551 
44.381346 
-58.683522 
-11.979343 
76.570584 
76.570461 
144.952792 
61.861284 
-80.148589 
-278.624769 
384.187465 
75.096234 
96.616523 
129.910095 
-25.213468 
67.141000 
-21.866594 
114.905546 
-63.270018 
-17.875306 
84.958975 
-18.994506 
-95.159030 
7.242370 
-96.778035 
128.653861 
88.710607 
162.703580 
-24.174797 
-98.770662 
359.820117 
42.264203 
-220.409924 
81.115798 
-195.203949 
68.868339 
2.742463 
-31.616058 
-220.979775 
2.351254 
-207.137539 
151.057746 
159.433021 
4.018993 
-56.078244 
138.093387 
156.884779 
21.740966 
27.351947 
334.968652 
-102.085348 
39.444044 
-175.586796 
64.265538 
51.960638 
407.014720 
-173.626810 
93.305378 
-130.229967 
51.848370 
246.398667 
211.921670 
143.476061 
27.351017 
-87.440457 
123.944513 
-18.522433 
276.757362 
186.725443 
-134.638283 
-130.576366 
371.882646 
231.238874 
15.199110 
-78.602793 
178.533366 
-177.596886 
149.397520 
146.119994 
107.938489 
56.238841 
-196.338760 
269.241066 
15.046418 
77.814258 
222.061225 
-116.626318 
46.758234 
-193.186309 
230.796734 
151.900985 
5.394138 
-98.057445 
-73.413092 
112.611977 
72.021206 
76.570431 
-228.552256 
138.237009 
162.820552 
-747.459314 
-20.484125 
-76.253309 
-147.950929 
-39.754794 
191.810367 
21.506303 
64.265450 
152.102738 
114.717164 
39.655691 
-233.503037 
-315.873094 
2.741823 
15.046473 
-105.586466 
-275.253544 
-105.150247 
-24.037758 
123.110258 
-38.635841 
27.350711 
-106.585504 
113.483399 
-80.408287 
2.082243 
105.903342 
-238.396017 
-104.038008 
-104.732810 
-91.073343 
-61.659958 
143.055064 
-7.688037 
-130.809540 
28.669900 
115.069975 
12.094111 
2.740952 
130.286559 
-182.601349 
-181.197232 
40.075233 
-5.600278 
64.814983 
15.045532 
2.740692 
-238.236964 
-9.563967 
-188.968477 
-40.075350 
369.565041 
-77.677362 
-181.528536 
-216.315438 
-108.000790 
68.023445 
227.652760 
-113.213400 
-320.369236 
-108.000938 
-2.359569 
-298.794347 
-277.910394 
59.429335 
107.412999 
4.974979 
-188.777244 
-229.584542 
-67.936931 
44.929314 
-29.926887 
-108.000225 
246.359938 
-187.950774 
-107.999848 
-117.303272 
-108.000052 
-337.151013 
-73.646671 
-95.695313 
-108.394364 
-108.468174 
-98.798455 
-109.571791 
-106.697363 
-108.000000 
-108.314140 
-108.000000 
-109.919951 
-110.641526 
-109.941724 
-112.398105 
-97.544159 
-105.482861 
-101.861280 
-110.640443 
-106.741408 
-108.000000 
-106.422158 
-103.314799 
-83.390625 
-101.075919 
-101.630359 
-115.854226 
-110.753761 
-98.210051 
-108.624253 
-98.837351 
-105.029788 
-110.937334 
-110.244784 
-105.971748 
-109.624690 
-107.994852 
-104.548951 
-101.428686 
-110.259281 
-108.000000 
-111.739547 
-106.899648 
-115.407543 
-94.608073 
-108.004826 
-97.563783 
-109.328793 
-104.494174 
-109.122910 
-108.000000 
-115.590983 
-104.468337 
-108.470427 
-97.402819 
-119.535644 
-102.370864 
-110.713090 
-108.000000 
-106.051013 
-99.644251 
-88.643954 
-100.087688 
-107.995643 
-115.432761 
-110.660366 
-102.146841 
-107.704453 
-114.211080 
-107.749067 
-102.126172 
-108.420312 
-112.940259 
-109.000261 
-100.357238 
-102.884228 
-106.712935 
-99.061868 
-121.125000 
-110.745791 
-105.895516 
-109.019474 
-109.046884 
-113.341290 
-96.641527 
-112.274593 
-110.296729 
-103.979626 
-107.521230 
-108.000000 
-108.175380 
-106.744524 
-106.754257 
-94.875000 
-106.434105 
-105.304156 
-101.812536 
-108.000000 
-109.179929 
-105.571763 
-109.119503 
-108.703496 
-107.605958 
-100.821904 
-104.285297 
-109.526252 
-108.000000 
-105.124629 
-109.947831 
-97.955784 
-100.945035 
-111.999118 
-108.000000 
-105.733805 
-107.623010 
-109.177009 
-104.503322 
-102.177113 
-108.000000 
-108.125242 
-101.815678 
-109.977623 
-106.391672 
-104.628856 
-108.000000 
-109.074814 
-108.000000 
-105.523569 
-107.062254 
-107.705493 
-103.993047 
-111.385676 
-107.838495 
-104.724241 
-111.220502 
-111.582530 
-109.507807 
-108.104226 
-110.958709 
-114.180428 
-100.519152 
-110.949651 
-108.532579 
-108.000000 
-110.289141 
-113.176993 
-108.107235 
-116.500058 
-110.150691 
-112.820291 
-106.795982 
-107.416889 
-110.359817 
-105.792559 
-116.969668 
-109.479227 
-103.488080 
-110.098334 
-95.695313 
-104.074812 
-104.878527 
-109.949390 
-108.000001 
-107.071300 
-112.358872 
-109.523991 
-104.321760 
-104.250827 
-110.105535 
-97.520500 
-105.730874 
-107.942709 
-101.368932 
-102.996027 
-103.420936 
-114.476824 
-95.695313 
-108.000000 
-100.893875 
-105.733806 
-104.835403 
-110.105072 
-104.038526 
-101.573609 
-113.887509 
-106.158509 
-101.794007 
-115.116611 
-97.630538 
-111.416299 
-96.350957 
-119.201674 
-105.054782 
-105.497663 
-104.139291 
-100.972627 
-108.000000 
-110.926381 
-108.000000 
-108.761641 
-105.509731 
-114.373857 
-106.499779 
-107.084332 
-108.000000 
-106.096244 
-96.797796 
-106.313907 
-103.691277 
-107.934214 
-104.274914 
-102.265914 
-104.361385 
-101.154269 
-107.984874 
-108.007136 
-95.695313 
-111.655193 
-108.000000 
-112.172395 
-104.573257 
-112.392376 
-106.849652 
-105.373691 
-109.576470 
-98.940259 
-101.232720 
-106.041642 
-106.845564 
-105.733939 
-108.611785 
-116.427350 
-109.784771 
-110.461262 
-103.876776 
-106.473013 
-116.997391 
-110.029444 
-108.102958 
-103.368507 
-111.780718 
-104.977457 
-108.000000 
-108.000000 
-111.189610 
-107.822308 
-104.552328 
-112.097280 
-98.688578 
-110.682388 
-101.523399 
-101.536918 
-114.331035 
-110.093211 
-109.107276 
-98.927505 
-107.149276 
-108.343560 
-105.096144 
-108.000000 
-108.000000 
-108.000000 
-108.000000 
-105.733806 
-110.182555 
-106.910511 
-111.863004 
-106.659065 
-117.322694 
-102.412583 
-101.448340 
-101.141995 
-107.823487 
-101.954580 
-108.440393 
-105.445976 
-109.171592 
-103.711670 
-107.550533 
-106.530998 
-100.311590 
-111.567803 
-108.000000 
-101.428686 
-108.164418 
-107.261853 
-108.000000 
-101.855920 
-107.733072 
-108.000000 
-105.775066 
-105.236402 
-108.000000 
-108.000000 
-105.286564 
-108.385235 
-95.695313 
-102.415707 
-105.523569 
-108.858439 
-109.021396 
-114.216627 
-112.787476 
-105.787672 
-105.325300 
-117.178077 
-106.735330 
-105.692567 
-109.629617 
-113.114676 
-106.036642 
-110.124558 
-108.828502 
-112.067593 
-98.279914 
-108.873265 
-114.193963 
-103.578879 
-108.250244 
-101.031787 
-110.068863 
-107.605958 
-114.339874 
-108.918817 
-100.400865 
-107.898459 
-109.624690 
-109.424261 
-111.260355 
-108.000000 
-112.039427 
-107.885693 
-102.186638 
-103.947609 
-110.124557 
-106.992362 
-108.233404 
-108.667264 
-108.000000 
-108.000000 
-108.353428 
-111.877120 
-105.382935 
-108.000000 
-108.000000 
-101.913819 
-110.484067 
-106.672844 
-105.479266 
-104.221617 
-108.000000 
-108.799096 
-106.137141 
-114.113790 
-106.614181 
-104.506038 
-98.153136 
-108.114044 
-106.026061 
-107.500707 
-102.357305 
-108.000000 
-108.000000 
-108.000000 
-104.562810 
-108.223017 
-108.726269 
-107.760558 
-109.225306 
-109.082284 
-108.000000 
-112.901008 
-101.770154 
-104.679776 
-109.278641 
-111.454086 
-108.004826 
-109.746430 
-107.893084 
-108.000000 
-96.956053 
-107.853963 
-108.000000 
-108.000000 
-114.721257 
-106.290916 
-109.082283 
-108.000000 
-108.000000 
-103.671415 
-108.000000 
-110.689127 
-106.281389 
-105.546420 
-103.725917 
-108.000000 
-95.695312 
-108.000000 
-111.492755 
-106.212537 
-109.174300 
-110.069476 
-111.310934 
-108.620470 
-106.522059 
-108.000001 
-103.893270 
-109.361684 
-114.070035 
-105.842670 
-103.094367 
-111.024843 
-107.928622 
-101.698822 
-108.000000 
-107.976863 
-103.992569 
-108.000000 
-108.259758 
-109.991773 
-104.124364 
-106.842729 
-98.766336 
-110.979595 
-110.186571 
-107.654948 
-108.257705 
-107.548043 
-110.043577 
-105.665995 
-108.000000 
-107.055498 
-105.630170 
-107.764412 
-95.695313 
-109.265294 
-106.496810 
-112.674250 
-106.966977 
-112.280585 
-110.257432 
-108.000000 
-107.702468 
-96.112029 
-108.000000 
-108.834187 
-110.782398 
-108.000000 
-95.695312 
-110.022496 
-105.950613 
-110.345941 
-108.788150 
-104.897967 
-106.585161 
-108.000000 
-108.136910 
-108.000000 
-107.758401 
-104.943417 
-107.850264 
-105.920133 
-106.881379 
-109.468027 
-105.030858 
-109.602266 
-107.882586 
-108.021691 
-110.751659 
-106.597506 
-109.253381 
-102.309343 
-108.000000 
-113.487336 
-109.922263 
-109.932242 
-109.021396 
-107.414763 
-104.479361 
-108.000000 
-108.000000 
-107.167839 
-108.000000 
-108.261482 
-106.522971 
-107.465561 
-109.446889 
-109.636344 
-107.018547 
-108.000000 
-107.742920 
-106.402791 
-107.220820 
-110.973280 
-108.000000 
-107.504536 
-107.844211 
-106.084147 
-106.209026 
-109.078300 
-107.754861 
-106.278247 
-104.895999 
-107.845858 
-110.095891 
-111.738085 
-108.000000 
-106.476853 
-106.969072 
-108.000000 
-113.415344 
-108.000000 
-108.709964 
-109.328731 
