-5.851443 
-11.738858 
14.970519 
4.693028 
18.402051 
-13.679135 
-12.583255 
-47.691306 
-46.242104 
-30.943605 
-11.831027 
9.291312 
25.979239 
53.003964 
41.198474 
54.402257 
30.129654 
7.550476 
34.539080 
25.418827 
35.705946 
34.539043 
38.628984 
16.581381 
-43.447847 
-70.774177 
-95.892563 
-102.281415 
-68.025928 
-37.376062 
-40.848660 
-33.925283 
-11.337776 
0.894029 
14.099900 
50.271851 
70.689681 
50.422482 
54.734261 
24.313007 
21.238937 
-38.623896 
-48.882256 
-71.257935 
-133.366965 
-136.636027 
-161.614004 
-150.491508 
-127.023512 
-55.661741 
-14.354748 
-8.045996 
65.507552 
109.009245 
166.259446 
152.834543 
155.710935 
108.301863 
37.705385 
-39.557488 
-111.708692 
-103.150710 
-89.815729 
-59.146148 
-45.286672 
-41.379041 
-74.004300 
-80.597037 
-61.825476 
-68.291128 
-13.102298 
58.675977 
101.214410 
111.910986 
125.262694 
106.834926 
48.423726 
35.767156 
14.156545 
-17.632984 
-52.466665 
-55.120397 
-70.711770 
-124.485280 
-118.848156 
-90.091619 
-25.164135 
-5.851447 
79.446053 
114.919708 
95.637943 
95.125098 
60.234380 
16.712237 
-25.302424 
-46.242128 
-65.117542 
-81.913500 
-77.160457 
-33.795384 
-74.797249 
-54.092699 
-34.655433 
-37.407101 
-46.242221 
-36.855757 
-25.312041 
-4.243171 
-21.951469 
-19.953834 
-46.242193 
-28.178892 
-66.478947 
-44.604423 
-58.658184 
-69.441201 
-86.632862 
-92.725948 
-118.286941 
-129.953691 
-86.016345 
-80.190627 
-46.242224 
-33.152074 
34.539114 
13.638647 
8.124155 
27.062210 
-7.906923 
-39.130795 
-52.287973 
-97.054865 
-70.506504 
-75.828925 
-58.179889 
-53.721625 
-68.194943 
-39.331826 
-23.136952 
-7.269864 
-6.663447 
25.703729 
27.050735 
-13.685009 
-3.760139 
-33.584768 
-44.678476 
-50.520252 
-69.699909 
-85.659992 
-96.662665 
-73.142294 
-74.743394 
-41.478622 
-25.633825 
2.984950 
34.538914 
63.951776 
82.934486 
73.415080 
115.320357 
98.829720 
88.174204 
97.898651 
58.733131 
41.448639 
17.328708 
-16.554866 
-99.066616 
-107.320572 
-107.101658 
-81.269105 
-58.956701 
-33.685621 
-5.851898 
24.441241 
43.413462 
50.807332 
66.699366 
43.207233 
69.475495 
51.663557 
16.527476 
-4.446342 
-4.036216 
-55.050774 
-35.393339 
-47.929989 
-58.542062 
-70.978301 
-61.844892 
-26.949033 
-38.803605 
-11.954354 
-5.851775 
25.771978 
74.929584 
91.687777 
95.138770 
81.933072 
60.141835 
50.854670 
-5.851615 
-6.171515 
-56.956173 
-34.395741 
-65.064038 
-78.501029 
-91.051276 
-119.189758 
-97.742730 
-93.914557 
-27.863016 
-20.688017 
34.539048 
55.170642 
65.505325 
76.164299 
51.801027 
9.463257 
-14.181142 
-39.808816 
-42.382781 
-74.855114 
-83.868306 
-129.401962 
-111.944254 
-127.902452 
-142.096065 
-110.986857 
-92.643870 
-37.798001 
-21.808510 
20.696577 
-2.895458 
59.012294 
25.652450 
-5.364833 
-51.819475 
-91.332700 
-147.218683 
-167.414004 
-152.623543 
-149.015082 
-74.263038 
-47.581598 
-40.308357 
-6.812753 
-27.541986 
-20.953861 
14.100711 
30.861244 
52.061577 
51.973197 
18.905367 
-25.641325 
-48.050442 
-147.218709 
-167.414004 
-207.804662 
-207.804683 
-135.887151 
-108.875943 
-27.046591 
-0.281615 
48.695687 
52.953840 
73.364414 
64.820846 
49.908931 
58.168562 
52.192171 
42.935598 
-14.880977 
7.345515 
-19.647350 
-49.708905 
-52.142477 
-82.059187 
-102.822354 
-86.632775 
-101.643566 
-85.175584 
-68.460697 
-46.242209 
-3.138885 
17.004924 
-5.851606 
10.102316 
-34.443171 
-86.632869 
-55.666672 
-84.734330 
-87.960872 
5.508298 
-13.740505 
33.833718 
-4.738937 
-32.682972 
-38.412767 
-78.369138 
-92.628887 
-80.499287 
-136.434278 
-80.285090 
-62.994229 
5.078734 
15.059433 
51.579982 
49.159587 
75.851704 
81.280243 
54.582500 
31.344128 
2.406850 
-6.666541 
-12.212270 
-34.423021 
-88.918578 
-94.992827 
-104.422181 
-122.645177 
-157.416730 
-163.553858 
-128.356093 
-116.340879 
-47.858631 
-5.851775 
49.423210 
121.170124 
107.699187 
80.497759 
28.964423 
-47.154446 
-86.325051 
-153.070372 
-147.218770 
-127.023506 
-76.496421 
-83.370716 
-81.277008 
-77.208185 
-86.632900 
-65.852793 
13.335239 
50.507360 
107.383003 
129.946096 
115.320360 
79.267010 
14.546821 
-80.912770 
-98.755782 
-148.449127 
-149.799515 
-110.923136 
-114.675313 
-92.182575 
-58.348344 
-46.242072 
25.703595 
-8.375860 
51.073898 
68.758938 
35.151644 
38.419509 
-24.506396 
-33.872366 
-46.242174 
-40.374335 
-25.155509 
-80.402340 
-72.989609 
-94.903979 
-136.639908 
-109.621663 
-55.025098 
-86.632876 
-26.642283 
-74.572140 
-46.242408 
-46.242114 
-27.191085 
-6.551326 
7.864329 
-26.047213 
-46.242391 
-62.154283 
-120.291911 
-126.091357 
-137.182744 
-110.563483 
-88.825103 
-46.242387 
-29.833725 
-5.851589 
1.947388 
4.901699 
-24.181974 
-29.858896 
-44.581713 
-27.639657 
-18.305139 
-46.242550 
-77.369835 
-95.140309 
-86.576447 
-44.561510 
2.760306 
68.599539 
95.514909 
108.819873 
119.816731 
25.461269 
-22.115305 
-86.632880 
-115.598894 
-81.761384 
-99.709417 
-69.138536 
-66.212165 
-16.217893 
-15.951338 
-15.851658 
-13.707098 
-28.995011 
29.577510 
34.248777 
54.734515 
3.964295 
1.719622 
-18.085738 
17.735932 
-35.648048 
-7.279393 
8.917343 
-8.594302 
17.487596 
10.287720 
-46.242004 
-36.202074 
-21.546064 
-46.242049 
-15.945469 
21.651694 
14.343883 
14.343902 
-13.817214 
36.447521 
7.616229 
-2.375276 
26.218880 
-5.071330 
-26.046838 
-48.713640 
-26.046844 
-45.188573 
-73.757773 
-40.064843 
-35.402179 
-55.169425 
-33.727536 
-31.001457 
8.688589 
28.891411 
56.381373 
20.679132 
1.700055 
17.654255 
2.930888 
-26.046996 
-55.973509 
-58.576458 
-77.990541 
-73.073517 
-83.322368 
-80.262239 
-86.632950 
-86.632928 
-65.974809 
-46.242325 
-23.379581 
48.624576 
44.984590 
113.686596 
50.295752 
31.539166 
-5.851636 
-56.387751 
-91.571918 
-123.549525 
-99.606992 
-153.529725 
-40.350867 
-22.153869 
-25.181875 
-48.787530 
-50.866415 
-77.344434 
-25.347475 
-34.624916 
82.399164 
98.086834 
102.886400 
95.125143 
62.294715 
2.145782 
-66.437256 
-53.274153 
-106.827899 
-126.826752 
-127.999636 
-127.024562 
-224.012651 
110.305531 
7.957078 
157.043690 
-40.760720 
-12.584003 
324.568327 
115.320225 
-161.298471 
332.535522 
-45.968383 
132.944883 
92.172149 
192.554305 
202.186674 
-60.081747 
-14.264359 
-46.242601 
87.930228 
-43.227326 
-46.242159 
-94.375607 
177.424331 
33.450579 
34.981628 
-590.902835 
38.793499 
-159.153161 
137.046316 
114.449490 
37.479662 
-33.035736 
-16.620558 
-137.169776 
331.598675 
-224.492351 
166.978732 
-86.633134 
10.511156 
-161.087893 
-200.074936 
-185.121484 
151.339512 
483.997446 
-43.726738 
-67.894425 
168.882974 
-5.851275 
10.744926 
299.728041 
4.559421 
21.423232 
20.653902 
50.423551 
-104.668005 
34.538458 
-96.291455 
-20.256310 
-155.935206 
-37.710840 
-112.390281 
-97.233820 
152.419875 
161.668777 
-90.478402 
291.145443 
-149.749972 
-209.950871 
261.478171 
201.260196 
-54.888763 
200.394557 
289.030923 
25.999794 
134.589344 
903.861103 
87.916738 
169.361362 
30.588492 
190.056960 
194.569138 
299.493656 
-59.222002 
272.487296 
162.700959 
154.613351 
579.811010 
-120.527893 
490.137933 
-34.549595 
332.083535 
197.988444 
-67.861764 
237.377607 
499.028607 
-64.862476 
-107.376219 
291.482555 
352.484830 
-303.176601 
-69.240998 
171.945958 
-149.162529 
438.446380 
191.308697 
-369.854516 
293.547503 
157.073529 
-30.301093 
175.907856 
143.823671 
-127.043762 
-154.028401 
-339.491792 
133.501944 
74.931498 
265.560098 
-436.214349 
-273.618753 
182.087453 
75.470005 
135.517230 
-479.418061 
398.059065 
-188.029519 
134.788115 
-200.759726 
257.349692 
7.149424 
141.204173 
-384.247860 
-309.835535 
112.201104 
94.376651 
-108.166385 
-45.309017 
-275.725346 
-53.138051 
-298.378396 
-21.715818 
-85.373283 
252.654278 
37.525204 
203.042222 
-486.683391 
-619.182709 
-124.958763 
-94.151683 
152.260078 
-117.383486 
142.206919 
207.117589 
-180.862359 
38.524521 
-95.432667 
155.709636 
58.126619 
26.511185 
-485.589211 
357.664227 
3.872105 
-51.027930 
202.717381 
-25.107999 
394.469140 
223.908315 
-483.692151 
72.541827 
-127.343465 
-49.892401 
333.912123 
-280.424497 
358.072718 
-5.850620 
74.931664 
291.951042 
-703.480690 
-184.542944 
-94.049378 
61.288656 
259.102498 
33.261101 
-143.332781 
69.108739 
-115.071508 
-214.104929 
158.441320 
-62.097750 
-14.150591 
72.071734 
-23.276707 
-121.110405 
-64.919664 
-5.848895 
179.647937 
478.838182 
-614.211314 
-187.272541 
-211.966212 
101.826781 
-30.236890 
155.714019 
196.214666 
-576.862929 
-194.081046 
-7.567733 
-234.236865 
108.520970 
-222.128409 
-281.191652 
-425.536659 
-102.576341 
-201.630721 
357.667776 
161.901298 
43.967768 
-177.435817 
214.286764 
2.686506 
-51.344299 
-174.405688 
73.248375 
-25.639626 
156.630737 
-235.126403 
-23.144085 
-44.732477 
-334.848076 
37.145807 
-40.032144 
91.336353 
-101.891594 
-138.570811 
100.158852 
-166.993605 
-136.588660 
379.333783 
-164.219274 
96.419443 
-127.023010 
115.320450 
-230.781040 
-396.768284 
157.184868 
-74.539248 
-139.013767 
399.751585 
-484.258083 
168.928340 
-42.613213 
52.238332 
-10.442791 
420.653083 
-425.144665 
106.688649 
-318.120910 
-86.634217 
216.295675 
-127.024224 
135.513983 
553.113421 
-350.844734 
197.689076 
-28.465086 
288.564175 
-361.190773 
-30.216779 
-75.392530 
300.448087 
-478.429740 
-68.170897 
71.987371 
-254.976217 
-272.757685 
-165.687689 
-125.044610 
54.608382 
-158.224304 
155.523963 
115.319230 
-116.784004 
-115.125976 
-87.016166 
-5.852538 
112.031909 
-454.140752 
377.858350 
102.707458 
-184.138258 
196.102035 
418.251676 
-361.640603 
-59.898923 
-671.035844 
-396.617615 
-248.618461 
-191.250237 
-81.812510 
130.100672 
-168.821941 
-30.119663 
289.252019 
564.596773 
-119.419736 
38.092784 
399.595489 
-294.726439 
50.991288 
433.179827 
137.113241 
16.911198 
-29.754630 
-151.542949 
-207.451157 
-59.542287 
236.684489 
-49.013621 
18.480056 
-303.176389 
-468.459561 
75.844520 
-21.941586 
-45.081693 
177.254571 
-201.165518 
-116.197773 
276.882039 
-99.930409 
181.540824 
-50.343506 
38.841431 
-273.655091 
270.245810 
-298.874938 
-218.064429 
-5.852207 
458.640184 
162.041131 
-310.682831 
-54.954887 
-163.375128 
-86.633562 
17.541010 
24.863922 
-241.501814 
-390.616376 
-114.114920 
256.686547 
26.254407 
-196.317091 
-116.664609 
-167.452551 
-161.158199 
-37.309878 
-189.990432 
-65.999455 
-37.679100 
-250.962327 
418.249488 
-323.928631 
43.373178 
-17.076536 
-165.559020 
-180.235702 
180.690410 
-276.314454 
165.614363 
297.078528 
100.421941 
-207.778778 
82.960594 
-115.875388 
-207.138671 
-472.111561 
-355.051354 
-41.488854 
95.122405 
24.199158 
-131.975006 
-46.243495 
135.511235 
8.875082 
-131.306264 
-161.543817 
-46.246105 
418.250158 
168.910684 
-271.088409 
-117.644139 
18.493977 
10.386311 
-1.101401 
-46.240181 
-75.272720 
135.518082 
-77.624210 
56.949653 
99.972275 
252.937298 
-217.870280 
-11.530031 
115.634894 
115.315753 
91.808974 
7.936406 
-15.266732 
-165.700525 
-2.978144 
-447.203008 
168.488762 
-126.950061 
446.099631 
-163.418971 
58.066105 
175.905512 
-345.083586 
500.404175 
54.777821 
158.432968 
-498.358787 
151.575643 
-131.044564 
-148.534292 
26.482549 
-184.754366 
-59.482209 
249.755712 
-46.241957 
-310.003924 
-37.732522 
-169.180262 
-97.598219 
58.753216 
-48.342624 
243.865494 
239.341180 
102.872201 
-157.584151 
-26.045992 
154.725731 
-212.372996 
-66.436014 
-137.896980 
-298.421771 
-86.631003 
-26.044940 
-294.373174 
-208.828672 
145.543312 
-158.806119 
105.100284 
-358.307992 
-26.046077 
-136.262855 
-46.239859 
-62.669450 
-191.446020 
-2.995418 
-91.595648 
-850.127932 
220.839361 
-354.365438 
-136.888727 
-105.047667 
-431.173293 
-151.670383 
77.824578 
-480.702346 
-164.901370 
-46.239395 
12.545744 
-37.080040 
-401.259182 
-283.764871 
-13.626278 
178.191707 
-26.044291 
-5.849755 
-158.473554 
95.125835 
-133.838479 
-152.211139 
-242.966073 
-176.242842 
79.115082 
46.515709 
34.540896 
-122.932846 
-104.502030 
-336.886320 
-340.002222 
-292.371835 
-58.509350 
127.092515 
-224.423234 
-104.011430 
-203.342643 
-50.206838 
-141.094524 
-482.364223 
-152.062029 
21.739446 
187.083637 
34.540189 
-2.067026 
56.787464 
54.734082 
14.060921 
-227.999676 
-362.392152 
18.285539 
236.479661 
-302.449181 
184.842067 
437.813580 
552.498229 
-589.497892 
-77.219073 
113.000412 
155.701546 
-559.023236 
473.885008 
-88.212477 
152.382437 
-61.477905 
480.351058 
565.354456 
-5.607069 
140.189514 
216.289717 
54.236223 
-170.694890 
781.759075 
228.857836 
199.520287 
-159.122538 
127.966366 
-593.408715 
-182.615720 
267.031971 
-91.291116 
104.666463 
-115.739975 
495.920460 
332.583964 
26.651589 
-29.789067 
339.131155 
-8.274866 
236.491188 
559.639239 
-108.655419 
-493.654721 
-136.160007 
58.343133 
832.550848 
195.977476 
-380.743085 
-74.976332 
458.645024 
-129.269776 
746.265982 
589.308267 
452.286484 
184.747545 
306.230482 
-63.647870 
1347.240638 
119.713612 
40.466912 
4.092832 
-19.185223 
83.257062 
-214.252673 
403.955249 
249.046391 
-165.075230 
309.490519 
-4.512612 
168.785980 
322.199690 
569.782386 
112.632410 
-230.970474 
143.438071 
293.071858 
298.704577 
1083.524276 
-187.347208 
171.642647 
6.983391 
383.716398 
575.008387 
143.593187 
-7.544137 
178.548197 
281.226131 
-73.001648 
741.378514 
-158.434815 
466.778125 
279.279337 
245.920184 
166.911368 
-78.071632 
160.336247 
357.668231 
-88.492635 
142.982719 
187.010673 
357.290927 
-279.308926 
-346.899117 
196.502034 
-451.235809 
236.497321 
325.958196 
-522.524743 
416.726481 
-158.944791 
422.415220 
175.909361 
420.707958 
-276.970386 
-172.511198 
-631.288384 
197.095576 
196.106327 
328.151128 
-621.735342 
-554.162700 
271.020445 
261.621656 
175.910602 
-515.786403 
276.889745 
-461.921110 
179.699522 
179.338753 
226.220505 
-225.964977 
365.190730 
-552.954432 
-292.788115 
73.001962 
11.014723 
-121.068045 
-507.406979 
-431.318106 
-442.544296 
-222.555968 
26.042052 
-2.059432 
-308.253716 
-737.734497 
2.416412 
-890.293148 
-657.656177 
-487.768423 
-99.681376 
-144.217201 
-266.024190 
8.970519 
530.748007 
-48.299266 
77.386600 
-213.022704 
236.492430 
-216.895989 
71.999665 
-235.599182 
276.886815 
-29.663517 
-405.001216 
52.629373 
-64.589768 
-151.121954 
213.596057 
-638.754459 
218.704846 
-108.601639 
-227.584525 
394.041407 
-113.732090 
-76.590999 
-5.855404 
216.301596 
433.699328 
-282.992724 
-40.806434 
-469.708065 
61.943738 
792.260110 
-261.987866 
-47.613549 
-103.531483 
-26.801733 
-401.309324 
247.923361 
418.768007 
-65.939220 
319.250137 
181.346450 
-14.692684 
200.151411 
660.598717 
500.525184 
499.035542 
-858.322989 
-156.188384 
81.063960 
-138.538227 
128.265045 
418.253583 
-88.806146 
-704.923452 
-36.640185 
-768.415897 
72.137779 
392.854923 
-168.338565 
-316.485062 
-363.977728 
10.757587 
158.529395 
579.819249 
-143.319626 
-132.403125 
-410.090967 
177.307930 
81.794381 
293.009326 
-146.097668 
67.972674 
-220.080019 
-136.308912 
-106.368788 
-110.341803 
8.143236 
-518.631543 
131.027556 
307.959328 
-120.834927 
-120.121524 
-77.137028 
103.549103 
-51.781663 
-295.163691 
195.420343 
-242.028831 
-10.889917 
236.495515 
741.379348 
-655.409178 
-69.671195 
-419.082137 
-95.743091 
-153.514148 
192.068743 
-914.997870 
-21.472562 
-178.064540 
205.614938 
-93.958138 
536.811430 
-293.455014 
-85.019443 
-197.121116 
539.425033 
-26.043338 
377.861590 
155.713001 
313.000068 
-229.402975 
542.259036 
-83.672001 
433.748393 
-383.529942 
-601.516310 
55.987142 
508.854919 
-576.873759 
-117.354286 
181.805148 
-246.398574 
-658.291304 
-111.574809 
-506.758899 
199.512106 
-381.152405 
-2.635923 
-66.433806 
-5.530157 
-176.245749 
-229.411086 
377.862237 
-295.188863 
-523.314638 
74.934124 
251.936323 
-212.582852 
660.596716 
-98.744938 
-236.829645 
-340.625679 
-481.699690 
-107.715104 
-37.818821 
-137.885553 
-243.275244 
458.252170 
-148.803347 
66.157444 
365.526131 
286.905320 
-224.113382 
277.400771 
97.809134 
-5.711073 
90.265072 
254.390911 
54.911423 
167.359462 
3.497247 
-142.624749 
-247.148060 
-56.419947 
190.786329 
-111.629501 
-198.846381 
-259.117242 
-341.294648 
319.295984 
-107.285823 
47.401602 
31.004541 
-279.300394 
312.113240 
579.812845 
-883.690422 
300.830243 
10.137298 
26.237745 
-371.668444 
223.562103 
-294.245439 
-314.938361 
155.711528 
196.101741 
282.406889 
-204.902798 
108.972345 
-508.044359 
418.249957 
-201.495928 
-121.978296 
-33.223294 
-555.819172 
-311.776140 
216.296711 
112.069055 
193.532786 
-243.278387 
-271.222917 
129.355699 
322.419884 
-123.429101 
-177.505206 
38.720549 
-141.508491 
-86.634466 
-222.952083 
-441.313321 
-4.992050 
-435.216683 
-243.970377 
218.826826 
-485.553005 
348.339424 
34.535932 
-181.513409 
-355.481373 
-52.886251 
123.459574 
-94.909468 
-607.013806 
130.109563 
158.647838 
-26.048481 
27.099589 
61.987681 
256.685116 
95.122816 
-122.885039 
-94.182851 
-165.962946 
155.710285 
175.904690 
44.802400 
-77.209632 
-304.854951 
440.803235 
399.340735 
63.968860 
216.295813 
-422.379016 
34.540490 
-100.918865 
170.862617 
241.070049 
256.681707 
-252.776411 
-212.991542 
463.908445 
357.665988 
326.624382 
-356.276626 
-72.779916 
-472.744783 
-9.264249 
-432.678090 
-215.155514 
-185.181117 
246.830700 
-170.137977 
150.992148 
216.299394 
-242.904918 
498.138709 
56.782439 
215.060507 
-256.333079 
-51.035381 
162.288570 
-304.812567 
102.782085 
82.479878 
-165.148163 
-68.579867 
-86.629539 
-471.180362 
-37.753765 
-148.325153 
-488.169499 
253.076239 
-281.792578 
24.657516 
70.439652 
76.208892 
-237.900207 
34.542496 
-343.196060 
-477.047649 
54.737381 
-348.591602 
-715.758312 
-26.043261 
-86.628365 
-349.279458 
-231.536709 
-329.021365 
-200.222918 
-68.203764 
-473.766506 
54.737184 
-277.715300 
14.345907 
-174.589082 
-229.469913 
-50.449559 
4.730181 
-549.487430 
88.415599 
-559.093804 
-212.087237 
98.817696 
-55.835229 
-265.379271 
-153.264884 
-341.510258 
-70.586171 
14.344460 
-28.973579 
172.081514 
-397.665252 
-404.841189 
113.158488 
409.646302 
-46.243082 
54.734337 
-187.300667 
-46.242180 
284.921918 
-315.554655 
-201.430893 
-348.575845 
-226.368652 
-13.859538 
-26.048662 
-126.080436 
-192.712428 
-264.966651 
-404.533168 
-235.572660 
-133.860187 
-20.192722 
-185.945006 
-488.719379 
-375.461414 
13.727684 
-107.791062 
-236.642064 
-94.757896 
-253.182724 
-184.480349 
-66.437116 
-107.298444 
4.938459 
-228.000073 
-90.044802 
-227.998936 
-455.762194 
-41.462767 
317.272811 
-58.943568 
-593.643825 
259.158905 
-415.989537 
-617.488795 
73.581236 
-93.646193 
317.270820 
-323.923617 
263.992668 
-125.971556 
319.287026 
190.691500 
539.713331 
284.606308 
-377.674604 
-192.656530 
155.711097 
34.917928 
168.459904 
34.537747 
230.088759 
427.927369 
-319.544644 
-47.496649 
-277.044788 
407.191893 
453.804373 
119.970355 
331.704593 
68.626547 
244.123152 
208.809621 
606.276246 
282.769535 
224.315004 
-252.635245 
559.616008 
388.567179 
52.652240 
33.733633 
447.514746 
-202.328500 
732.220235 
520.458148 
365.288909 
-250.620283 
700.980192 
17.382440 
571.696232 
-311.064390 
140.468063 
-92.949545 
440.475938 
-100.614629 
276.877858 
-91.181895 
-193.379901 
-133.192563 
208.122125 
33.996277 
-159.914328 
-143.451486 
277.047326 
-323.267910 
442.714503 
-70.763654 
-435.239725 
650.125079 
8.939474 
86.836914 
93.366802 
22.295878 
-1.957935 
384.824454 
1097.997697 
209.137147 
59.380139 
-117.122990 
160.003582 
356.317201 
-459.810235 
-108.194812 
-97.508496 
-62.619296 
-132.458246 
256.690755 
-45.627530 
716.808860 
298.196101 
224.379447 
102.046501 
76.963932 
-194.321261 
458.642315 
-119.762223 
324.235658 
155.067172 
56.987515 
120.088426 
-129.659961 
142.572581 
-168.688408 
438.452352 
499.647032 
-432.832276 
-211.326102 
434.109953 
3.811730 
74.938178 
620.081217 
-137.879051 
219.133002 
-347.927734 
-230.741369 
276.879913 
265.672456 
-5.970029 
214.265370 
399.446528 
134.023357 
-46.236912 
147.039980 
943.335314 
57.980984 
123.087827 
-131.815541 
366.517983 
-243.578853 
338.301459 
-78.100383 
417.927108 
133.876824 
-210.357328 
-124.014746 
80.185453 
-818.046779 
-51.743646 
-29.308452 
23.514693 
270.571028 
63.975138 
-321.263755 
280.945571 
-359.336063 
-364.194265 
-293.604869 
-71.841213 
468.087241 
546.721390 
552.880399 
66.168189 
-191.751738 
-4.683198 
164.881399 
579.813587 
247.632059 
-354.038061 
-298.910901 
579.817527 
40.270329 
-190.055638 
250.371145 
62.518240 
-263.560432 
-68.004023 
-400.004960 
214.338442 
-224.462723 
-444.302894 
187.104489 
-88.249764 
-655.470127 
34.546019 
347.567392 
158.405813 
-184.149139 
-364.460208 
15.456399 
90.236244 
-93.152105 
-514.594358 
85.561148 
-401.349421 
-400.490774 
-356.871524 
86.642610 
-154.373111 
-166.049472 
363.391754 
-115.639611 
-173.930680 
-289.232754 
398.058582 
112.311466 
741.379783 
-642.085318 
-63.371527 
-263.112827 
-141.860358 
-210.160329 
337.471852 
-87.960610 
-1531.229586 
-946.977875 
508.439830 
85.838216 
439.328690 
-411.792840 
339.435081 
198.678749 
-260.171440 
-246.513594 
660.597502 
24.768214 
-273.775374 
-379.029990 
221.674733 
-458.309709 
-20.657607 
-62.440536 
605.239227 
-118.868891 
-486.753747 
127.234835 
-11.532788 
-68.319719 
-206.834582 
318.907170 
145.601744 
2.084189 
-54.438050 
-109.638001 
-178.886826 
363.564960 
-545.858761 
14.363525 
-317.542453 
-125.356446 
317.277260 
1104.895795 
-571.939291 
-371.055368 
-214.353920 
74.513632 
-178.243948 
478.914416 
-1045.129446 
127.411347 
-191.772923 
419.914898 
-341.595767 
425.660103 
-68.567925 
161.215181 
-181.070096 
256.687813 
34.541461 
458.642418 
155.711970 
232.326077 
-94.958654 
261.030860 
-259.379406 
327.941488 
-80.722439 
-399.376841 
6.221771 
593.264141 
-159.283131 
-231.358286 
-42.955066 
156.913412 
-509.736391 
170.874385 
-394.575194 
-23.652113 
-193.911126 
-55.368001 
95.123417 
-335.767517 
-288.602959 
-6.935055 
458.636245 
74.979996 
-115.940885 
-86.635044 
-162.487540 
-18.790471 
579.807655 
-77.213059 
-0.986868 
-153.826325 
-388.307770 
177.112344 
118.564700 
138.984825 
-141.199009 
196.930654 
-323.018722 
-221.885050 
-498.264576 
-52.776000 
-544.554423 
0.596311 
-9.024066 
-286.632923 
-261.132398 
-376.819103 
-215.734020 
-139.574362 
-104.933876 
-240.428913 
-368.468792 
-95.429226 
-316.023651 
139.000855 
-162.465336 
-748.314492 
-641.978416 
28.158882 
-360.009000 
-246.396807 
101.104596 
-247.617105 
-153.600610 
781.769493 
11.132737 
83.107704 
69.574486 
-124.508782 
-13.301039 
-34.319775 
-335.460628 
-87.493750 
377.863199 
276.887245 
10.650007 
-215.122481 
-451.262029 
-508.035824 
398.059087 
-341.708850 
-26.221949 
-86.572498 
-138.636339 
-373.366513 
418.252106 
-3.741239 
134.289049 
-177.565169 
-202.636956 
22.277228 
-72.472633 
121.092842 
106.693863 
424.799974 
55.998841 
-127.022446 
-168.679193 
-623.070875 
-120.158236 
-149.023758 
-186.310716 
-43.522066 
-216.649988 
195.121983 
236.491324 
-87.044673 
-354.347234 
88.766974 
-54.867148 
-164.746488 
-296.155461 
104.874301 
90.978511 
95.121857 
80.311254 
-19.243605 
135.516850 
54.736044 
-287.569071 
-100.036479 
-366.314345 
175.909134 
95.121438 
275.884766 
-184.912974 
-242.795622 
170.133134 
144.981972 
38.593465 
95.123460 
-143.433272 
74.932762 
18.987248 
190.640257 
3.027994 
534.375780 
-331.467009 
-326.127491 
121.781604 
357.663324 
-325.030481 
139.589883 
-276.771841 
-398.788414 
-394.694871 
84.816523 
-370.935468 
-111.562699 
72.014271 
-28.289156 
43.393128 
54.737112 
-250.296948 
362.041382 
-326.401712 
142.562187 
-305.575223 
243.181541 
-571.886668 
-382.358928 
-185.979701 
175.815394 
9.980800 
151.010147 
-86.632816 
-216.421982 
72.807629 
120.576689 
-804.676542 
218.858212 
-490.209680 
-223.458879 
-47.194329 
139.507748 
-347.069819 
-26.046677 
-491.437545 
-245.508910 
-5.851902 
-514.953492 
-781.659176 
14.343553 
-5.853954 
-408.838684 
-361.384400 
-232.363430 
-215.903637 
-213.545459 
-284.669243 
54.734174 
-161.170385 
-26.047417 
-105.832291 
126.355824 
-276.840035 
-271.746574 
-159.162201 
-93.119292 
-154.866823 
-287.381742 
238.167398 
-93.360046 
-151.879392 
-160.099445 
125.848298 
120.659098 
-5.851456 
-176.406186 
89.788414 
-388.629225 
-80.604688 
307.441084 
225.436470 
-5.852468 
297.078011 
-41.665865 
14.342903 
58.231216 
-255.443533 
-42.933581 
-68.383326 
-277.972334 
175.664866 
155.710093 
45.291188 
14.483804 
-132.824568 
-412.058489 
-365.582649 
-310.353437 
77.769037 
-309.740398 
-25.088051 
111.592189 
218.942683 
-251.405060 
-192.840990 
10.566454 
-242.044135 
19.042237 
256.685653 
-213.407720 
-436.568936 
-228.003397 
-95.141994 
-228.003311 
-323.045999 
-496.073996 
377.856347 
4.156390 
-3.690078 
115.553704 
3.317775 
-810.201859 
-314.164248 
16.711595 
499.030736 
-325.982823 
254.139958 
-255.195625 
174.861644 
295.707030 
537.716708 
91.252317 
-94.089487 
387.545804 
337.469754 
29.452135 
575.040258 
317.276440 
299.151049 
381.825674 
-26.811422 
-222.116622 
-212.784969 
217.323444 
63.392635 
-373.350084 
-179.644616 
-59.240279 
-15.249085 
369.323735 
-308.449505 
298.995567 
-212.966361 
80.692141 
700.981242 
698.802000 
-300.500708 
-368.432219 
105.641047 
311.922301 
713.690144 
189.519204 
-430.422915 
-270.395961 
-46.241729 
530.131406 
-189.219548 
-158.334980 
57.408764 
-371.889017 
-141.194409 
189.378099 
276.883968 
273.736803 
-240.241386 
244.940565 
-415.382105 
-81.899281 
-303.832095 
203.330117 
213.161839 
-132.200677 
-45.414213 
-190.904295 
207.083663 
710.058967 
248.076979 
72.547667 
-36.737633 
-116.079020 
-305.925764 
392.651485 
385.345601 
-290.645404 
-83.276490 
317.571552 
217.887286 
232.543993 
-170.945217 
-105.005871 
26.215218 
404.364046 
187.367835 
357.666631 
269.982145 
188.693577 
-360.920343 
396.706346 
186.754698 
-97.347593 
127.569942 
418.250335 
2.742867 
65.492694 
1.847791 
11.006108 
-723.722120 
-374.728442 
185.457706 
-105.394664 
1428.018290 
74.428015 
-305.341281 
17.658478 
96.647399 
155.450954 
398.037654 
253.149495 
-237.395645 
-73.378133 
-257.449613 
85.512980 
216.301125 
-165.269438 
-655.587056 
-439.324791 
-226.121726 
-23.304371 
398.042817 
66.211898 
74.923108 
-296.306517 
75.892944 
-235.281264 
590.110644 
-393.887749 
37.899396 
-328.410505 
-15.251970 
314.235788 
-128.777511 
22.726939 
-489.411611 
-204.056720 
-246.827692 
-300.483656 
-64.234075 
-707.640252 
-85.969740 
-107.552824 
-4.887254 
-317.241408 
-635.889950 
-170.672734 
-421.761302 
364.038080 
225.468519 
-135.127231 
75.539975 
-85.648630 
79.990377 
12.114028 
-5.854451 
-103.023982 
-202.755356 
-145.479924 
458.634753 
-261.061298 
-555.648390 
-16.855050 
217.343440 
-203.770951 
225.061814 
-637.679018 
-248.444897 
67.065253 
-85.540753 
48.255860 
-239.922574 
-409.900097 
276.886698 
448.547440 
536.110148 
-258.100688 
-351.529586 
-180.384952 
27.857734 
-60.515389 
62.521288 
-38.036328 
-10.549708 
427.304942 
-26.823680 
194.274411 
-110.401459 
-23.843183 
196.903355 
109.036831 
310.371254 
-87.227504 
418.255307 
333.993890 
155.715255 
-557.933643 
-178.808058 
-545.361074 
-229.757583 
-83.340069 
438.448073 
118.193367 
-409.899675 
-385.521640 
-155.757617 
-69.951791 
331.299391 
-51.778473 
140.406820 
43.541470 
-470.900951 
192.434358 
216.298846 
234.138479 
-39.512207 
-290.469322 
-317.938568 
-11.471759 
46.044445 
284.489527 
-130.759369 
-352.216588 
-488.803456 
-137.783083 
51.673421 
97.373781 
58.145210 
-16.624002 
336.039172 
-39.695024 
-100.800415 
-225.319349 
-46.047098 
-315.353021 
48.373678 
-68.461120 
-363.591092 
-112.175103 
983.721109 
337.469616 
-283.880969 
-286.652549 
-162.065848 
-71.342477 
295.623650 
157.391144 
-499.621830 
-105.908885 
274.941629 
65.779267 
-221.038343 
215.074234 
-145.058927 
-279.734603 
-95.030867 
-106.825994 
-86.630856 
155.712971 
499.033617 
-5.343475 
-224.169870 
226.280759 
-55.435963 
254.906106 
21.241538 
-65.403244 
-161.545011 
49.286621 
-527.191513 
-168.979317 
-31.877376 
-16.870541 
-607.168370 
-320.749980 
-151.936746 
-165.747958 
1.509631 
-99.596201 
-5.852323 
-320.675215 
-377.773915 
-173.048949 
-5.853669 
81.026813 
-1205.880576 
74.924502 
473.127528 
-27.162574 
297.074008 
52.035377 
-569.098098 
-325.978397 
-1114.070756 
41.841086 
-195.322948 
262.435714 
-229.785931 
22.153311 
-251.276853 
380.865457 
-196.190863 
425.526081 
-51.981920 
-242.977126 
99.865073 
-77.176947 
-76.637449 
209.512904 
311.940301 
-259.427201 
-220.346503 
-214.250870 
-18.892919 
-55.560489 
428.589184 
-264.618330 
-401.091738 
63.902823 
-137.937343 
320.699170 
4.946880 
90.830162 
-61.509694 
117.441632 
750.077553 
377.859752 
-93.216255 
-100.627691 
-96.147945 
4.365016 
-53.030053 
384.753702 
-324.408969 
80.588954 
216.297554 
175.906732 
43.346174 
58.642491 
21.570376 
396.694937 
95.125772 
267.595518 
-171.674959 
-73.598314 
-181.840998 
-187.792588 
-86.632115 
3.813747 
-356.258287 
11.076764 
246.070346 
-0.410162 
15.011752 
-137.200213 
-309.429003 
82.958509 
-55.757983 
216.295842 
477.580220 
-392.084695 
37.994840 
-30.381544 
18.802853 
92.755041 
-299.646988 
115.661555 
54.731990 
-404.625077 
-139.779218 
-143.133309 
-161.011899 
-23.838987 
-632.204334 
-302.459068 
-131.363512 
-127.029629 
-86.524126 
78.062626 
135.518137 
-86.632848 
-182.379748 
99.749558 
-404.039831 
337.472746 
-5.846409 
-139.928501 
-378.790330 
-147.115627 
51.251313 
-76.163732 
54.975315 
-127.015838 
-212.850312 
276.882608 
340.723714 
-148.664919 
112.527719 
-52.534945 
-42.203849 
-459.010382 
286.699667 
-672.278500 
115.881965 
-147.495280 
247.439966 
-112.238544 
25.948445 
28.763196 
86.063866 
-129.405507 
1110.251626 
-208.290110 
302.943465 
-86.628409 
-250.342492 
86.246353 
83.265311 
269.321483 
-75.804401 
-174.489602 
-45.828805 
-154.098290 
132.532602 
-352.970404 
1.006482 
-24.781775 
-66.437309 
-195.487669 
90.096348 
-10.391919 
327.922962 
12.575093 
-62.926982 
-312.599061 
-44.491148 
-4.150773 
101.798695 
-86.635145 
-94.921643 
-599.727627 
-46.242951 
-298.775741 
369.215916 
-26.045004 
-46.243355 
-229.475542 
-285.887960 
-241.037050 
88.661821 
-131.075291 
-295.325186 
155.711705 
-171.610659 
175.906383 
-202.482991 
268.724250 
-200.178119 
43.577560 
-355.197855 
-354.292986 
-176.335793 
-30.384543 
16.113912 
-234.254029 
-67.482104 
-227.859170 
-91.829831 
-189.039911 
155.711031 
-76.118389 
189.528408 
-303.585211 
153.927119 
-19.433933 
-130.039582 
135.515700 
-127.022692 
-581.649866 
-86.631710 
-518.242112 
-103.475200 
-637.356051 
-61.897120 
-316.961024 
-60.352228 
54.732076 
184.774891 
-488.259521 
-264.577831 
-73.238899 
-270.916725 
-25.255532 
-85.799137 
-159.960584 
-131.842983 
-112.364214 
-434.671756 
-158.924842 
-355.088581 
316.314539 
-447.514704 
90.954502 
-227.999921 
-161.936540 
-109.560022 
-228.005781 
-220.424727 
-228.001951 
-479.904391 
-137.819096 
357.670982 
-11.288989 
-198.654720 
487.805045 
-172.416341 
-472.772267 
-314.167516 
-87.704881 
983.713522 
-665.035287 
435.161748 
37.971892 
39.970474 
-97.793243 
1031.534711 
371.294276 
-176.127236 
324.752466 
216.301222 
95.321725 
292.347482 
478.840690 
196.113642 
148.648447 
-368.223808 
-176.244053 
509.829245 
438.980150 
108.021076 
-147.844514 
-151.759604 
21.970856 
181.968307 
285.733170 
-332.574305 
291.044612 
-98.351732 
-231.475657 
781.761588 
648.476301 
89.675434 
-173.574068 
221.391070 
455.702991 
894.688465 
176.615693 
-383.259844 
-99.793759 
317.271750 
61.022649 
181.468243 
-146.304064 
230.381863 
-29.844104 
-132.589566 
141.405751 
196.094219 
195.083473 
-389.138890 
-117.611552 
-332.118587 
-78.871023 
-213.671139 
-155.540011 
147.871583 
-637.573746 
-59.868469 
-381.732398 
382.971267 
203.602182 
11.652286 
16.704062 
-95.731901 
-125.958178 
177.771306 
599.673653 
141.817427 
-187.811140 
82.922196 
-268.344827 
68.791355 
-26.368615 
-314.504504 
-513.410387 
-235.677769 
-194.909043 
-107.787852 
721.183817 
8.555295 
83.575765 
-305.740254 
676.748328 
632.256372 
-55.320067 
150.089171 
377.862571 
-19.165525 
-274.690345 
67.032665 
-556.639587 
-6.571663 
94.276511 
224.415850 
-1.338992 
822.165986 
216.524025 
-265.859487 
144.931102 
104.125731 
-67.169918 
862.557540 
111.454302 
162.135361 
287.726844 
199.044290 
58.683061 
-5.830635 
392.058561 
-258.105394 
59.686860 
-45.366678 
-87.228463 
781.776859 
-419.778600 
-5.844758 
-223.636609 
471.583935 
-96.977884 
470.005169 
151.388783 
55.406673 
196.226544 
290.018499 
278.523145 
-197.228860 
-466.700516 
61.125024 
-365.177572 
-78.504107 
238.976508 
248.879054 
-1121.642037 
54.890662 
-405.151350 
152.154858 
-286.931220 
-386.299590 
79.110542 
-236.200208 
770.150911 
-318.262258 
59.721561 
-340.268741 
-228.183627 
245.208717 
-138.128848 
438.449463 
-74.960014 
-61.746386 
-347.778711 
196.103381 
-176.537648 
-325.295548 
260.174423 
110.705423 
45.343928 
97.791278 
42.889997 
-484.883580 
-195.105576 
23.977374 
-271.581419 
186.682234 
-861.794112 
438.450559 
549.524270 
54.190929 
-422.807224 
-118.565547 
73.119642 
-182.500326 
34.537849 
-237.374726 
-65.992188 
-53.669007 
206.232447 
-10.156707 
-30.083619 
-19.110907 
331.999134 
105.258411 
356.781581 
603.547314 
-95.304858 
458.645000 
423.958873 
216.304339 
-736.723029 
-420.995403 
-375.384995 
-25.517975 
1.755217 
700.980677 
289.076026 
-899.213159 
-483.647142 
143.501055 
387.483662 
-56.331892 
-115.366226 
-200.710724 
230.256637 
4.908554 
-136.092757 
155.704573 
267.802252 
326.695857 
-361.606930 
-268.720314 
172.769672 
206.181552 
134.717586 
-43.967986 
-334.444539 
-534.388961 
190.452674 
163.155834 
-30.024935 
-60.823402 
-58.204904 
14.267703 
-244.812073 
66.046714 
-151.045272 
-35.538105 
-264.709782 
-122.795254 
173.372731 
-140.151912 
-112.076543 
377.862484 
317.275885 
-183.676893 
-367.431831 
196.225879 
-482.681716 
-234.511715 
-170.742963 
-536.546669 
173.394514 
112.551813 
22.991820 
-334.413295 
384.063381 
578.670152 
216.049492 
-363.764486 
-127.020553 
297.080447 
337.475690 
155.715005 
240.698290 
-222.252456 
381.928332 
-14.657795 
-69.929381 
-207.536617 
106.351095 
25.395649 
118.079501 
-244.128910 
-284.414165 
115.728596 
-289.780084 
-580.958314 
-183.461517 
-64.677387 
158.352065 
-50.749986 
-548.882165 
74.929708 
203.227899 
-148.948098 
-188.844585 
155.704218 
54.356868 
-542.412993 
700.980366 
171.198070 
31.306928 
418.244577 
8.952882 
-225.489318 
-245.761795 
-263.342006 
-521.896751 
-82.293041 
101.875142 
-274.727872 
-242.078547 
-585.566618 
-143.377688 
-131.348038 
-144.213939 
-210.891071 
-111.266448 
115.994222 
295.768709 
364.479802 
19.261548 
-322.284907 
-143.169374 
-26.804896 
-121.919265 
-343.525083 
57.220726 
198.895312 
103.224993 
74.006891 
-329.707749 
-191.357192 
88.473963 
-67.314640 
-165.862887 
113.400941 
134.451075 
102.623541 
-66.435532 
-141.215594 
-98.919226 
-161.107460 
256.451414 
59.636319 
93.187639 
-368.217583 
-149.345180 
95.128059 
34.538018 
-169.638796 
162.592213 
-140.578398 
-184.889137 
-46.239613 
382.517887 
-38.487133 
105.882129 
-109.195138 
-146.927258 
256.691599 
-370.595330 
-252.966906 
-190.231670 
363.660354 
-24.192982 
-3.645170 
170.766397 
-48.745704 
253.893733 
153.697491 
34.539738 
-785.902273 
-508.213950 
197.477161 
-52.075398 
-385.524577 
46.047793 
-425.059071 
-9.047330 
-46.245270 
-380.837321 
-239.713836 
216.714183 
-332.324621 
-76.363104 
-722.026084 
-158.127493 
4.011361 
74.927161 
-97.289056 
-146.279170 
-26.046099 
-46.243521 
198.016344 
16.165543 
-56.146422 
-127.027666 
-127.018941 
-26.866681 
-163.371782 
-84.288032 
-212.447196 
-1.567918 
-252.258469 
216.298644 
-180.026925 
135.519280 
249.086231 
-228.673532 
-57.966013 
47.545335 
-66.593954 
-331.224177 
164.935267 
115.306615 
-117.779992 
49.912202 
-154.376717 
-212.551303 
-68.262931 
-67.522521 
-353.135767 
18.867206 
1377.229259 
-232.268329 
221.336355 
-26.044096 
-314.853604 
210.814259 
-247.371943 
51.662678 
-431.168899 
102.606047 
-308.068717 
-266.724275 
-5.671071 
-175.108847 
-47.114181 
85.256515 
-86.637952 
-170.892306 
-112.463859 
32.670066 
-90.022153 
-16.492823 
-257.755769 
-279.738595 
-328.751128 
248.718049 
-116.113730 
-66.443130 
88.625984 
-278.441540 
-86.636302 
-104.736257 
-110.684443 
-26.050565 
-46.249963 
-476.938899 
-410.244814 
233.534135 
32.587781 
-165.879917 
-443.709162 
-26.046204 
58.897693 
-46.244208 
-315.263377 
-93.662062 
-193.136980 
-329.790882 
-105.578688 
56.062484 
-296.770441 
-133.775046 
-223.627190 
-308.470056 
-148.574170 
-247.271197 
-307.110621 
-95.063661 
135.518661 
-156.281054 
-370.807402 
-237.715216 
-113.153325 
-146.455864 
-138.265907 
-46.239676 
-5.848109 
-543.036306 
54.738635 
314.611921 
-243.249296 
-404.605834 
-298.206856 
-175.412964 
99.617292 
-227.996858 
-79.996328 
-110.949146 
-240.750191 
-257.827266 
14.345314 
-301.261996 
65.848362 
-276.408600 
-170.858401 
-196.055067 
117.156704 
-18.730762 
-326.698696 
-79.971150 
-292.698428 
186.877232 
-227.997520 
-2.791801 
97.654421 
-228.004331 
-97.165979 
-228.003094 
-379.125601 
-143.091582 
640.407362 
-396.274442 
-350.175524 
412.092976 
-137.920601 
-366.600988 
-55.656196 
26.365008 
115.329456 
-368.604314 
43.065307 
122.252710 
72.835127 
163.240465 
716.176232 
454.195843 
193.602108 
305.866819 
337.468234 
339.053369 
298.042592 
660.591434 
734.102177 
-13.859466 
-885.562993 
-183.573844 
555.568307 
359.637084 
208.612889 
140.539426 
-2.999551 
113.453283 
357.559344 
84.778460 
-58.834723 
296.369484 
139.603431 
279.586568 
317.260161 
441.652690 
244.317194 
235.500722 
-145.642600 
380.799796 
570.146539 
347.457663 
-7.625768 
-222.040977 
822.146729 
56.350705 
554.137235 
-125.731197 
423.652074 
-193.931892 
735.663742 
-104.165529 
579.795847 
256.963693 
-212.128631 
1.619309 
-95.114039 
-272.053119 
30.073430 
-235.571136 
113.652280 
-221.425600 
-416.236840 
-90.739097 
288.405692 
335.782310 
104.235345 
-100.438063 
-349.394160 
50.657557 
240.161905 
900.566084 
1063.479769 
-366.659635 
57.735417 
94.164856 
21.786729 
137.080401 
-1.464646 
-499.905188 
-371.906250 
-201.486222 
50.359129 
398.052256 
6.615388 
-55.795301 
94.166259 
504.416523 
406.104009 
-84.852592 
-207.142395 
357.665416 
-223.621437 
-286.656076 
418.849448 
-302.442692 
-90.101991 
148.749992 
-51.683007 
24.552276 
579.812480 
289.152431 
-462.693704 
34.925707 
-80.246785 
-333.734947 
781.748160 
94.744709 
-251.433702 
95.241326 
32.102491 
332.167104 
196.098457 
459.541044 
-303.381602 
-293.993710 
152.819610 
-2.821591 
741.363287 
-435.109844 
236.473968 
123.732509 
662.166643 
119.210237 
402.505889 
41.127215 
141.639220 
-103.056730 
62.283764 
-109.395912 
-181.113192 
-532.528087 
-37.130241 
-167.080614 
-383.356594 
145.644011 
439.984748 
-85.378551 
-151.769444 
-287.345718 
136.378903 
-175.426149 
-518.940574 
-56.460584 
67.522868 
379.168649 
-386.127002 
282.095690 
125.830463 
250.142788 
22.148240 
591.771749 
398.056531 
-114.705443 
189.990965 
-229.158641 
196.097748 
-369.845740 
-361.565009 
510.103094 
-181.831961 
234.628849 
306.879895 
162.110449 
-330.082934 
-203.233664 
-191.883022 
-161.311714 
608.471679 
-754.905681 
276.881348 
286.979631 
-30.313142 
379.105232 
5.658102 
306.861940 
-92.307354 
224.090341 
-458.812424 
-70.537899 
-263.423653 
-74.800781 
-7.073669 
-105.243193 
65.646015 
23.850862 
225.257759 
515.947794 
134.239230 
443.782421 
458.636975 
127.357676 
297.069766 
-653.123124 
-577.331362 
-129.926372 
-256.983116 
362.761857 
297.072912 
50.457690 
-869.306218 
249.412701 
-286.906192 
80.871960 
130.524944 
-341.600630 
-456.895629 
95.038142 
-306.493285 
-18.421524 
398.050137 
313.864430 
-497.269531 
-103.384902 
112.200547 
-256.676837 
317.140211 
-24.684919 
-140.318395 
-470.217893 
-243.049248 
33.968473 
-188.620206 
75.019303 
-120.964825 
-104.958959 
-266.912126 
-50.195914 
156.409043 
-131.163078 
167.843492 
-409.913554 
-528.647532 
106.773889 
232.908723 
-130.510801 
438.450232 
741.374649 
-600.421887 
-284.887788 
-34.502433 
-265.771017 
48.458589 
123.714881 
-784.830031 
101.991854 
-119.651483 
123.662742 
-142.430531 
196.451944 
363.858505 
300.999291 
-212.451526 
458.635605 
196.090565 
256.681906 
216.286103 
30.114543 
-120.464667 
683.219799 
66.553066 
-8.988390 
-571.228033 
-421.720071 
269.533061 
516.892764 
-309.514966 
-166.455944 
-433.073528 
-292.510198 
-32.476500 
157.571321 
-175.708031 
28.178634 
-450.368842 
-594.650728 
377.859115 
-32.721687 
231.594886 
-556.993552 
539.418072 
-229.325740 
-284.728207 
458.633491 
177.145787 
-176.769001 
196.092648 
116.647467 
-619.210736 
-336.444339 
105.207265 
-644.025723 
-138.807634 
-135.599210 
-516.810798 
-120.492246 
-388.979186 
-122.845570 
-215.022878 
-445.609499 
-580.442557 
-51.377501 
277.393886 
233.409732 
-69.237437 
-86.301812 
-28.886955 
-16.946815 
4.258367 
-103.654026 
-372.588796 
39.236434 
17.908211 
-17.580468 
-231.703522 
-292.056526 
-453.726639 
49.040897 
-209.796165 
-380.093477 
429.462312 
-199.267895 
-80.334449 
-5.850491 
-377.887275 
-92.912069 
-221.181046 
401.101353 
34.893034 
188.309809 
-106.876038 
-37.529796 
-46.244378 
-46.240058 
137.292459 
-145.537813 
-4.652093 
-508.038665 
377.860988 
3.193956 
-35.506467 
71.743329 
-431.002808 
-561.085846 
-86.627830 
154.515855 
-246.148741 
-241.852588 
308.912047 
-99.297766 
2.088274 
103.713895 
-42.807704 
438.250501 
91.551235 
337.466262 
-790.914925 
472.528617 
111.479240 
-58.657963 
-335.648682 
86.755976 
-470.249251 
239.954998 
74.937013 
-188.254546 
-515.100173 
-13.627641 
-518.192100 
-242.505014 
-567.123085 
-177.376236 
-236.048676 
95.123473 
-35.962246 
-172.284931 
-46.225513 
337.465819 
212.408023 
-38.900046 
-221.842510 
34.535359 
54.739847 
371.055189 
-227.992110 
-71.768234 
-323.469193 
136.821948 
1.546765 
297.073868 
-212.856360 
-127.011615 
-111.767468 
-85.204265 
153.457965 
-282.145272 
-214.043472 
-486.304201 
-7.269698 
519.220471 
-53.045239 
-175.503767 
-252.574239 
-148.285803 
-288.578757 
52.538412 
26.028682 
-196.603689 
405.714207 
-329.155200 
87.492598 
-26.047031 
-261.562921 
197.674331 
-175.459642 
-27.118184 
-274.220874 
-32.957351 
-63.693427 
-459.352852 
-215.230180 
-244.241463 
-137.332885 
-129.667254 
34.536798 
-378.307677 
9.267189 
26.645874 
-832.901353 
-264.118940 
-411.764838 
-467.594914 
-212.326568 
22.003685 
-290.477979 
54.732718 
-261.092620 
-273.081583 
-46.244478 
-78.208226 
58.838640 
54.738921 
14.344689 
-163.260144 
-471.437287 
3.529842 
228.100349 
178.319838 
-462.355722 
-46.246297 
-78.280218 
216.293643 
-118.806106 
-164.481933 
-172.509739 
-470.337246 
-636.861666 
66.124736 
-153.043846 
-142.734791 
-84.949256 
27.134140 
-290.957998 
-81.151420 
-138.127067 
77.773953 
-86.636034 
-204.980934 
-69.203667 
-319.484548 
-537.008351 
-132.668247 
-31.466592 
-5.856021 
34.534268 
-357.763330 
95.119919 
411.501437 
58.224894 
-208.258738 
-20.175928 
-404.671321 
345.631634 
-228.004736 
-89.323335 
-70.819745 
-222.892345 
-493.056681 
-228.005358 
-229.885834 
278.258533 
-212.031148 
-506.828372 
-311.588392 
-9.666039 
59.455042 
-206.832520 
-275.175865 
-13.660746 
47.766627 
-228.007226 
609.688053 
33.085347 
-228.002711 
19.008359 
-228.002416 
-694.483652 
-2.581626 
579.813627 
-65.470352 
-64.554901 
-74.918003 
-447.660077 
-488.276166 
159.751789 
419.825097 
155.712657 
-135.771878 
-375.413057 
-292.264107 
369.598663 
25.946267 
133.555362 
-11.615488 
-469.211402 
-167.980871 
-127.022357 
216.363496 
294.828364 
398.055302 
273.361189 
240.926522 
-858.689697 
430.968003 
670.226251 
132.615110 
140.765982 
-100.990175 
-284.087847 
-120.249336 
239.032678 
-360.196831 
4.291440 
189.989108 
-21.970813 
159.194103 
499.030988 
227.765663 
-50.827006 
1.545118 
167.340322 
200.475573 
558.638449 
-325.636803 
-170.594060 
-49.466631 
620.201745 
-229.224647 
414.057074 
177.630074 
46.270115 
-298.685236 
458.112787 
-119.891338 
236.490402 
126.533825 
-38.746570 
117.511589 
130.050346 
103.090101 
30.151016 
-45.055988 
401.788997 
-540.827668 
59.521781 
50.932357 
-215.707900 
119.852376 
59.977994 
-118.298658 
41.114678 
99.862114 
-201.206315 
307.876787 
954.937201 
-148.732356 
14.300725 
226.399358 
177.518716 
208.522367 
-207.392828 
365.649318 
18.379381 
35.136214 
-208.701232 
902.936905 
239.213938 
115.469012 
-93.383409 
138.207129 
386.321024 
46.555363 
-10.305376 
579.811172 
-102.510022 
-50.829702 
184.677593 
84.910132 
71.940096 
-65.365845 
234.093017 
381.708095 
458.638452 
49.726065 
-147.646320 
86.914878 
45.275050 
76.251547 
276.879879 
73.954238 
278.650814 
76.048940 
331.690497 
-134.041070 
357.662044 
105.162150 
-70.251265 
-209.341665 
50.974915 
15.683797 
-5.853338 
-61.366097 
398.053538 
334.300386 
32.667097 
93.649542 
358.184246 
-78.819643 
254.088098 
-213.536328 
-247.868422 
-353.685970 
-267.388656 
-94.238806 
-14.084376 
-615.532920 
70.369943 
141.276630 
431.261312 
179.689989 
-108.625790 
-330.486471 
125.039210 
-665.930071 
-442.203576 
-17.630843 
-150.759341 
-269.657922 
-82.270228 
151.672902 
-171.607235 
-382.051950 
52.059080 
161.026359 
620.201390 
-205.310876 
210.465673 
-478.375125 
357.663228 
106.531713 
-425.764024 
302.032033 
-48.389370 
-8.355720 
-25.230704 
-95.686581 
-487.473214 
221.880124 
-86.417033 
-355.907630 
-73.762919 
-201.565649 
276.881175 
428.345648 
79.514060 
322.401199 
123.898318 
23.970142 
182.391238 
10.139307 
-659.028912 
-75.823387 
-405.666924 
166.786356 
-492.831074 
-26.462336 
-630.238926 
-154.449422 
214.798209 
503.299396 
96.101499 
57.750922 
135.514455 
209.139924 
135.515043 
31.241171 
-111.802746 
42.506674 
-436.922538 
78.974325 
377.858812 
247.842687 
-594.817206 
103.738953 
-42.321462 
282.718835 
66.985760 
-502.452056 
-188.322681 
67.622081 
-262.656336 
-91.378830 
196.101609 
156.607888 
-397.639939 
-129.196457 
300.024865 
-213.266902 
145.441596 
165.703873 
255.730883 
-280.377783 
-396.903072 
5.116033 
-15.779888 
33.256304 
-202.272792 
-518.987967 
-451.953843 
-14.542069 
160.932435 
-171.519646 
39.475052 
-150.857380 
-558.290094 
208.855715 
131.800363 
-162.539263 
317.274927 
822.157597 
-614.015116 
-55.772197 
-78.078061 
-432.583415 
170.917251 
61.252441 
-852.272348 
33.746008 
-266.652649 
-361.025555 
-528.583660 
237.309458 
-45.671438 
292.554761 
-508.058746 
256.688198 
196.101964 
155.712153 
196.102378 
310.913254 
-38.625680 
45.003599 
-59.805588 
-96.170706 
-332.541749 
50.452817 
-194.237760 
446.330545 
-616.817217 
-302.820548 
-138.788310 
-105.692735 
-704.197837 
-199.684944 
88.605109 
-10.333968 
-114.182771 
-430.635451 
175.906360 
-194.302215 
65.953768 
53.650322 
660.593479 
-77.833143 
-230.927804 
458.640578 
41.241036 
-55.333183 
74.929127 
30.500193 
-147.017337 
-311.850659 
57.259471 
-133.933750 
334.303244 
211.242363 
121.918384 
-57.805655 
43.073285 
-19.957318 
-281.639684 
-143.796320 
177.857660 
76.766846 
1.289104 
20.905005 
-621.173891 
-248.544496 
-29.923922 
33.356112 
-166.631471 
-274.454702 
-212.555095 
-243.136983 
-12.967979 
-211.517947 
-162.914759 
-8.839825 
-518.948071 
82.264356 
-196.894074 
48.588839 
523.011596 
142.996599 
-182.097515 
-5.851312 
-42.895904 
11.112308 
150.178104 
164.445004 
-26.394784 
39.883188 
-148.659251 
-246.386696 
-86.632395 
-46.242311 
-36.540300 
-152.116843 
-126.688383 
-508.041780 
337.468298 
-139.366336 
100.294754 
75.290991 
-76.880556 
-99.004791 
115.319462 
-108.312584 
-134.806554 
-33.297554 
59.623203 
-90.600176 
-171.087480 
-132.075486 
-175.754504 
82.923596 
-11.413334 
14.342691 
25.703249 
-445.100340 
213.987439 
-54.247991 
-309.245060 
-61.241797 
-251.129574 
-2.855227 
-46.243054 
37.522582 
-357.765920 
-71.915261 
-238.774266 
109.002004 
-81.165400 
-21.671016 
-176.562817 
216.295236 
0.188723 
-39.156042 
34.537732 
418.248375 
-88.762264 
-11.236527 
-233.081540 
-26.049298 
-46.241669 
205.607836 
-249.543350 
22.861944 
-226.896543 
93.791608 
173.771484 
175.904130 
-120.714720 
-5.850788 
-167.377860 
76.210384 
-200.465388 
102.695617 
99.053948 
-328.547960 
-95.835199 
317.273435 
263.206626 
-137.695090 
-213.223999 
161.727943 
-278.625404 
59.873506 
71.057103 
45.367275 
-24.548627 
-364.152812 
63.656168 
-26.048459 
44.418121 
214.705184 
-232.985154 
30.614289 
-446.668882 
348.462279 
167.384832 
-184.659105 
-192.937420 
-113.283687 
91.751849 
24.454785 
-86.633841 
-415.650613 
-0.443410 
259.199784 
-1114.858624 
27.349383 
-104.704943 
-170.386864 
-215.993117 
259.121257 
-3.194788 
-66.439512 
200.721617 
-99.691255 
-86.634999 
-236.624902 
-529.989248 
-5.852576 
-5.853254 
-203.585749 
-385.044912 
-25.001616 
-125.397442 
49.174214 
-77.338027 
54.734360 
-122.307556 
54.734075 
-99.309439 
-69.080068 
142.130789 
-434.330519 
-109.557249 
-177.872660 
-179.139731 
-229.263842 
105.911212 
-147.536248 
-285.115020 
-152.280721 
111.101083 
0.491633 
-127.022626 
70.165989 
-314.164241 
-378.841452 
101.724675 
-141.974143 
16.253743 
-66.436346 
-86.631615 
-493.583430 
-66.436327 
-345.205787 
-130.232800 
364.877173 
-97.477274 
-365.198509 
-386.025061 
-227.998887 
-2.341669 
211.991883 
-194.577184 
-535.784453 
-227.999506 
-208.071950 
-433.199379 
-366.205290 
-57.965341 
-13.401868 
-179.537777 
-384.157912 
-330.849682 
-200.652197 
-139.052251 
-19.909624 
-227.999728 
198.865469 
-324.180834 
-228.000206 
-229.476993 
-227.999550 
-444.966464 
-247.498291 
-228.000001 
-232.009181 
-234.670585 
-219.481731 
-237.749472 
-216.396761 
-228.000001 
-233.466088 
-228.000001 
-238.237908 
-225.952354 
-224.834681 
-227.687349 
-232.764429 
-220.466193 
-224.899698 
-230.655719 
-232.908388 
-228.000000 
-229.657191 
-222.226451 
-187.609374 
-211.131716 
-234.442005 
-233.691757 
-221.417004 
-241.521023 
-223.000480 
-230.934417 
-231.237386 
-217.777645 
-227.464732 
-224.294785 
-225.290841 
-243.401219 
-225.837047 
-212.638020 
-222.850893 
-227.999999 
-233.863914 
-232.238655 
-237.847891 
-229.075372 
-213.561356 
-204.857854 
-210.864020 
-222.502581 
-218.324217 
-207.804687 
-231.231583 
-230.466508 
-243.046170 
-206.911143 
-207.804687 
-228.569603 
-217.570554 
-228.000000 
-232.664141 
-229.007452 
-226.808294 
-213.217391 
-232.753408 
-236.973542 
-222.310518 
-221.543333 
-225.407688 
-240.317483 
-221.457266 
-230.167492 
-225.923672 
-236.975960 
-212.230754 
-216.888336 
-223.484288 
-228.548262 
-212.844382 
-209.066894 
-219.367613 
-228.501814 
-218.331184 
-230.253154 
-233.699811 
-225.952351 
-234.604721 
-241.628229 
-226.030296 
-217.096370 
-228.000000 
-228.667066 
-228.712342 
-222.523316 
-228.000000 
-228.826116 
-218.561422 
-216.691973 
-228.000001 
-223.398386 
-229.154864 
-216.900004 
-224.319721 
-229.946559 
-221.242773 
-225.248985 
-229.316113 
-228.000000 
-199.738098 
-227.987643 
-227.861008 
-229.027892 
-229.631876 
-227.999999 
-233.966813 
-227.358610 
-227.332179 
-239.692064 
-216.452358 
-227.999999 
-222.916478 
-233.089702 
-219.166020 
-230.575271 
-223.103692 
-227.999999 
-228.639124 
-228.000000 
-229.919670 
-222.588358 
-222.875541 
-221.423510 
-209.239680 
-232.782366 
-222.616213 
-212.260473 
-220.595160 
-225.585685 
-232.450423 
-232.529338 
-240.309269 
-213.087000 
-226.185359 
-219.206191 
-228.000000 
-222.647091 
-234.199545 
-216.907667 
-238.782886 
-237.719463 
-234.388120 
-230.234602 
-218.965892 
-235.062945 
-225.923407 
-232.967133 
-226.446384 
-217.141383 
-226.379250 
-207.804688 
-222.013080 
-215.388808 
-221.260729 
-228.000001 
-225.646935 
-227.641781 
-221.043599 
-215.790565 
-226.470116 
-228.280743 
-235.093687 
-216.410660 
-236.893147 
-223.083437 
-220.699952 
-233.203089 
-230.823817 
-228.000001 
-217.902343 
-227.936350 
-233.966811 
-228.373623 
-237.632776 
-228.128414 
-238.274248 
-219.585591 
-226.351217 
-225.076932 
-223.784226 
-218.680753 
-219.452326 
-232.767123 
-225.806096 
-226.703877 
-223.533347 
-227.588383 
-227.465996 
-228.000000 
-219.627679 
-227.999999 
-231.416787 
-229.859912 
-235.785921 
-219.585141 
-235.026725 
-228.000000 
-230.288801 
-229.191249 
-238.440664 
-215.671518 
-226.773211 
-234.745539 
-215.979697 
-227.229507 
-218.630602 
-226.054721 
-216.963429 
-207.804688 
-234.067457 
-228.000000 
-227.593496 
-222.311760 
-233.412704 
-217.269333 
-230.268926 
-230.902093 
-213.998182 
-224.464980 
-230.093656 
-228.056166 
-228.920469 
-234.083667 
-232.592942 
-225.854250 
-223.774767 
-228.293112 
-229.608509 
-230.289658 
-235.880818 
-228.926965 
-219.585038 
-233.268755 
-233.979038 
-228.000001 
-227.999999 
-229.371390 
-230.178608 
-221.153508 
-227.585507 
-226.777278 
-219.444646 
-232.321199 
-229.117225 
-225.180231 
-226.152012 
-235.386254 
-214.223273 
-221.156455 
-228.184216 
-224.267509 
-228.000000 
-228.000000 
-228.000000 
-228.000000 
-212.425146 
-228.065907 
-223.943137 
-230.507254 
-226.737096 
-242.232160 
-217.570800 
-222.803146 
-218.013654 
-225.685963 
-235.111474 
-230.764471 
-222.058068 
-222.764226 
-221.861517 
-231.965991 
-223.930388 
-225.651189 
-221.824986 
-228.000000 
-234.179685 
-228.625375 
-238.141609 
-207.804687 
-222.206545 
-229.075373 
-228.000000 
-212.895445 
-221.959696 
-228.000000 
-228.000000 
-227.672846 
-218.897590 
-228.000000 
-229.398750 
-229.919670 
-221.412444 
-231.803309 
-232.609279 
-227.996257 
-221.378489 
-220.787721 
-215.324041 
-228.835285 
-211.765844 
-232.869459 
-232.808081 
-225.341654 
-222.406113 
-234.396678 
-221.908371 
-223.167584 
-226.798478 
-237.443364 
-217.029437 
-226.991837 
-219.587305 
-228.161170 
-229.946558 
-224.247705 
-225.595196 
-220.563325 
-233.577746 
-225.290842 
-230.500929 
-219.504832 
-228.000000 
-219.362639 
-218.879464 
-223.618705 
-223.702133 
-222.406114 
-227.400823 
-227.233707 
-236.544342 
-228.000000 
-228.000000 
-228.601304 
-224.800886 
-230.527850 
-228.000000 
-228.000000 
-213.760605 
-226.784824 
-223.011521 
-229.500451 
-231.635521 
-228.000000 
-235.083393 
-230.358958 
-226.456033 
-219.231632 
-216.719491 
-217.038688 
-222.592942 
-227.736804 
-216.048885 
-228.059674 
-228.000001 
-228.000002 
-228.000001 
-222.391997 
-222.977812 
-232.032434 
-230.240419 
-217.990630 
-227.947345 
-228.000000 
-232.130141 
-215.836985 
-228.863680 
-235.044920 
-229.160810 
-235.103021 
-225.788478 
-233.069117 
-228.000001 
-223.323623 
-228.229022 
-228.000000 
-228.000000 
-231.401798 
-230.968510 
-227.947344 
-228.000000 
-227.999999 
-212.171362 
-228.000000 
-231.065802 
-223.114070 
-230.530669 
-220.985074 
-227.999999 
-228.000001 
-227.999999 
-223.336609 
-230.604312 
-228.968787 
-229.946808 
-225.687648 
-227.212953 
-225.279288 
-228.000000 
-228.544487 
-229.536165 
-229.027892 
-227.460013 
-229.456393 
-227.633803 
-219.343080 
-224.810815 
-207.804689 
-226.444996 
-221.808075 
-227.999999 
-230.278398 
-222.755730 
-220.346685 
-216.931279 
-212.851988 
-225.123928 
-233.151321 
-231.210515 
-224.414994 
-232.152483 
-227.833592 
-226.067261 
-228.000000 
-228.286409 
-227.575492 
-234.614611 
-245.749787 
-229.861122 
-226.849180 
-232.245871 
-227.905415 
-231.293496 
-228.749483 
-228.000000 
-234.039756 
-229.849895 
-228.000000 
-221.992172 
-235.629673 
-228.000000 
-228.000000 
-228.506239 
-227.210435 
-232.187487 
-218.928237 
-217.168062 
-236.585846 
-228.000000 
-227.785293 
-228.000000 
-231.360943 
-235.964220 
-230.562779 
-233.299340 
-224.968164 
-227.225516 
-237.380508 
-225.217021 
-232.765801 
-229.457816 
-230.543854 
-220.153973 
-224.600004 
-227.036351 
-228.000000 
-234.053125 
-233.258536 
-228.992796 
-231.803310 
-232.687049 
-235.319455 
-228.000000 
-228.000000 
-226.896137 
-228.000000 
-228.730654 
-226.607729 
-227.054848 
-228.260331 
-230.117164 
-225.887666 
-228.000000 
-228.810045 
-225.373206 
-229.607681 
-236.828468 
-228.000000 
-232.066396 
-214.874646 
-228.156007 
-223.698479 
-230.043923 
-227.315011 
-231.860702 
-230.167830 
-227.413712 
-231.084749 
-224.979472 
-228.000000 
-230.539835 
-219.600720 
-228.000000 
-230.243929 
-228.000000 
-218.630490 
-230.420220 
