-99.087087 
-108.794737 
-141.534507 
-128.920263 
-106.687501 
-90.606627 
-50.500329 
-103.378146 
-45.102125 
-14.251552 
-64.396101 
-92.156823 
-130.166894 
-141.104543 
-188.128072 
-212.632405 
-197.780310 
-117.798013 
8.882415 
24.219251 
82.437305 
116.851252 
106.053148 
98.766868 
83.652408 
-66.454051 
-132.636072 
-108.250792 
-149.910410 
-183.610588 
-150.105537 
-120.502639 
-100.142196 
-53.499539 
-53.959933 
-20.187105 
-24.300438 
-57.794208 
8.883010 
-39.247111 
-84.288004 
-125.204463 
-104.836197 
-149.826382 
-235.628452 
-198.600363 
-163.619580 
-146.258993 
-99.085916 
-23.749293 
60.327931 
76.506369 
81.253323 
162.401378 
122.864064 
84.372841 
8.882786 
-63.057014 
-126.772974 
-173.985036 
-196.722723 
-184.299395 
-136.737618 
-128.952757 
-64.255914 
-78.673851 
-22.737991 
-31.671513 
-19.548528 
46.225731 
82.664707 
91.014757 
78.593412 
-28.833681 
-94.886608 
-134.288151 
-166.230535 
-127.331851 
-87.443759 
-84.791069 
-35.702419 
33.049784 
79.563267 
4.994836 
13.517224 
32.630795 
14.787694 
8.881789 
-3.185844 
-79.103182 
-120.395832 
-136.876111 
-161.501837 
-129.871933 
-91.432350 
-45.101964 
17.989348 
94.007646 
178.256815 
220.640512 
161.131055 
98.627575 
48.094967 
-77.967769 
-207.055560 
-234.829573 
-277.331373 
-303.760137 
-240.390609 
-175.679689 
-45.101391 
91.171801 
87.556825 
143.667003 
200.409574 
144.808658 
116.852179 
90.182911 
36.398705 
-22.679266 
-92.926544 
-142.851540 
-207.053291 
-240.483541 
-207.053596 
-248.010240 
-177.770360 
-103.497778 
-84.251540 
3.035654 
56.784245 
73.542915 
34.859697 
50.327447 
48.659960 
-49.714711 
-94.658306 
-160.409600 
-190.873683 
-164.302726 
-130.989836 
-158.129725 
-33.878814 
46.843905 
19.719484 
42.402421 
127.050284 
27.243824 
-21.737656 
-41.774612 
-24.044299 
-38.101463 
-53.618583 
-61.166396 
-100.004634 
-90.890957 
-153.070131 
-101.511501 
-71.523866 
-143.386645 
8.882684 
0.965628 
-8.365190 
-5.356274 
-79.552093 
-143.683153 
-247.592205 
-248.635295 
-265.493562 
-268.797134 
-230.024171 
-196.149521 
-116.446820 
-90.111824 
8.882332 
49.370655 
25.685686 
23.990906 
28.022226 
36.255996 
68.222985 
62.534779 
18.962836 
-45.558669 
-78.894588 
-117.273037 
-159.394786 
-141.424249 
-119.674489 
6.200883 
33.217295 
93.824228 
95.335920 
62.291004 
-18.109508 
-25.391153 
-99.086334 
-94.405091 
-168.005954 
-148.997541 
-154.769064 
-148.487167 
-99.085407 
-43.928579 
-69.120250 
-26.393563 
-74.615444 
-59.645743 
-33.314348 
-48.949116 
-77.953308 
-147.225521 
-130.173921 
-182.919622 
-99.085608 
-99.471826 
-86.489095 
-72.187303 
-53.173592 
-88.753318 
-139.804659 
-158.706014 
-122.110752 
-99.682066 
-60.380626 
-89.393807 
-99.820972 
-112.260678 
-197.872764 
-173.208295 
-159.230499 
-92.095846 
-24.398777 
24.403844 
-14.387274 
14.057155 
12.675282 
45.993150 
33.268067 
74.810420 
35.874501 
8.882370 
-83.416036 
-68.322812 
-92.728007 
-81.474714 
-142.696825 
-82.248423 
-219.659431 
-199.257006 
-156.964704 
-163.093917 
-106.001639 
-59.498687 
-15.597881 
-21.616769 
4.490673 
-72.094239 
-45.102324 
-72.094586 
-45.102304 
-81.579357 
-94.214416 
-129.738663 
-148.849545 
-200.029637 
-188.593994 
-118.076045 
-77.129178 
-120.945763 
-168.541458 
-156.662129 
-126.608188 
-98.867301 
-76.947507 
-33.770731 
-37.007153 
-12.536695 
-17.728883 
-57.100996 
-45.101519 
-24.300920 
-18.738512 
-106.740459 
-180.062299 
-177.631694 
-196.496907 
-207.054550 
-185.543126 
-161.959644 
-99.085632 
-50.499373 
-14.871844 
-58.862534 
-33.291765 
-24.043658 
21.909890 
19.769776 
-24.800163 
15.233300 
-36.520833 
-140.082661 
-87.721921 
-67.071219 
-53.997020 
-6.105658 
47.773949 
18.540494 
-31.347296 
-69.950840 
-36.980399 
-66.671803 
-154.877546 
-138.754120 
-138.700263 
-99.102424 
-102.130618 
-63.226463 
-34.108809 
26.169411 
30.983660 
69.987432 
24.776201 
12.490364 
4.083138 
-44.847141 
-43.914570 
-45.102318 
-27.449431 
-13.185726 
-83.902301 
-77.698209 
-123.935088 
-163.904872 
-123.793663 
-167.642742 
-99.086465 
-99.086538 
-66.561447 
14.037876 
33.363888 
35.874922 
-18.109923 
21.219658 
-2.442113 
-36.219753 
-33.496869 
-41.510203 
8.883010 
19.285918 
-20.161234 
-10.275857 
-25.933013 
-5.624825 
23.783159 
30.266137 
-22.280976 
-23.625692 
-62.540963 
-99.085224 
-104.146985 
-127.763774 
-109.252346 
-61.246785 
-70.127219 
-39.765936 
-26.529033 
-106.831011 
-45.100532 
-128.264021 
-95.867958 
-105.107847 
-115.194250 
-140.723092 
-162.085548 
-139.020078 
-93.826668 
-99.085137 
-68.024516 
-109.415943 
-99.085280 
-99.085573 
-67.256018 
-17.109945 
17.334385 
-18.109607 
8.882786 
-38.908982 
-79.290503 
-98.931783 
-136.067222 
-137.362010 
-137.247478 
-99.085853 
-100.772061 
-99.086454 
-50.849362 
-49.526762 
-1.071182 
-2.741550 
-41.034889 
-78.419337 
-139.919311 
-126.078794 
-136.955306 
-185.161019 
-125.225438 
-51.317874 
-41.416214 
-16.624563 
19.686635 
-2.399700 
55.803083 
18.829418 
10.840464 
8.882636 
-62.514750 
-56.587622 
-55.904009 
-42.737723 
-10.930320 
29.693429 
12.366116 
64.115115 
13.999859 
0.707999 
61.943382 
25.894090 
62.867632 
35.873729 
-6.666697 
-26.238513 
-44.573167 
-140.740957 
-123.511577 
-101.865596 
-36.016947 
31.937328 
104.152289 
89.859905 
133.784773 
112.309877 
-18.109025 
-25.296370 
-107.454156 
-99.085440 
-99.085481 
-140.072393 
-130.055698 
-72.436623 
-57.443505 
13.734808 
-9.536428 
8.883033 
-16.859736 
35.875035 
-24.593206 
-24.284173 
-62.959782 
-111.288459 
-176.199944 
-156.975619 
-152.080240 
-157.380297 
-69.021666 
-20.159420 
19.120395 
45.888052 
24.572186 
-2.039914 
-18.109533 
-32.206384 
-68.084643 
-97.840540 
-132.769270 
-152.914364 
-168.409282 
-207.055023 
-207.055101 
-107.596107 
-99.086304 
-78.852195 
-38.842101 
-12.528510 
38.264584 
-29.655210 
-4.991267 
-18.109763 
-52.455426 
-100.385912 
-161.805464 
-210.644530 
-210.428821 
-155.706799 
-133.238149 
-123.524595 
-122.391248 
-124.837689 
-86.087329 
-40.314169 
-58.930015 
6.098958 
-28.194844 
-26.009523 
-72.093360 
-96.273470 
-133.547053 
-153.069804 
-131.208071 
-180.061722 
-115.559123 
-51.773668 
-45.098996 
-454.006791 
113.162510 
147.656569 
277.231130 
-16.117204 
-165.663679 
413.984288 
8.885517 
-390.483028 
318.982779 
-574.438112 
199.621689 
-69.103173 
479.066404 
263.831149 
-2.906572 
143.467263 
8.883585 
135.377109 
-56.369714 
-99.085391 
-200.333054 
78.903587 
-114.189960 
130.568480 
-891.276918 
-117.067488 
-235.836634 
116.804381 
112.486578 
3.119971 
-22.110169 
59.764491 
-173.384587 
704.232124 
-204.178738 
168.714544 
-99.087765 
169.152324 
-328.086603 
-162.037353 
-324.358294 
178.067688 
625.622411 
-30.683734 
-197.049921 
315.188219 
62.862267 
-122.427638 
254.106900 
-47.942802 
8.340722 
-50.164760 
-17.801397 
-216.635367 
-99.087129 
122.185279 
-461.180722 
-108.224641 
-12.606067 
129.233850 
132.904222 
520.821761 
395.489084 
-10.743933 
606.754296 
-305.957567 
-327.806825 
155.703084 
248.634681 
-201.508433 
70.024414 
418.252795 
-88.011334 
274.365938 
1180.455368 
35.581361 
120.566090 
-70.299744 
613.874819 
401.443441 
639.535881 
-92.479520 
630.857651 
430.552342 
311.822402 
1331.501145 
-323.666035 
694.187653 
-47.487424 
525.333129 
357.473284 
-188.194809 
586.271074 
818.647456 
-91.984453 
-213.354847 
416.873799 
358.987844 
-562.321065 
-277.441436 
74.667311 
-32.614979 
656.694841 
337.068022 
-616.087947 
597.550024 
307.375472 
262.188571 
224.819969 
493.641218 
-104.152622 
-203.407708 
-852.808703 
229.463528 
116.846728 
299.640317 
-973.651338 
-626.899555 
356.803361 
241.965900 
521.736041 
-724.635592 
602.713893 
-256.531253 
339.395083 
-318.597040 
316.571483 
193.467621 
-171.259101 
-692.765543 
-647.819729 
71.664676 
-157.033912 
-418.148924 
-228.897946 
-356.224098 
-0.165898 
-500.900035 
222.646859 
7.200223 
56.885849 
-154.538152 
156.076716 
-989.992847 
-1175.614416 
-549.800606 
-470.494880 
62.431797 
-487.580366 
153.783487 
591.338514 
-192.363688 
239.348331 
-76.158060 
278.807871 
-349.659971 
51.023280 
-1044.828391 
602.714485 
-185.613928 
-305.578564 
-48.992339 
-392.819697 
282.576398 
217.626001 
-898.165108 
263.218168 
-260.709872 
-38.194829 
803.750914 
-270.745851 
524.175418 
-18.106907 
35.874959 
717.199907 
-1076.462142 
-439.877902 
-457.147575 
-110.001922 
75.268182 
-268.118518 
-76.443044 
164.778929 
22.280872 
-598.732158 
256.971190 
19.066709 
-70.659423 
287.039522 
26.324190 
-467.427323 
-291.698150 
-99.087305 
426.555597 
818.646828 
-1116.962519 
-206.068523 
-330.082217 
117.225013 
-93.358604 
440.758323 
336.150375 
-861.817448 
-395.242414 
13.368805 
-226.418562 
-30.587703 
-532.459669 
-426.042391 
-847.414544 
-8.320139 
-257.300482 
386.773776 
46.530095 
21.478589 
-429.419468 
376.786325 
-93.581452 
123.171955 
-304.313036 
43.462610 
-254.255189 
-194.584868 
-220.369899 
124.305537 
-0.721917 
-389.289553 
134.562594 
-137.662736 
97.328958 
-279.585855 
-289.510301 
369.344731 
-464.295086 
-41.012211 
565.202978 
-231.234114 
83.433321 
-45.099762 
224.823488 
-229.661266 
-863.419100 
90.506003 
-206.956923 
-491.666478 
716.646693 
-914.604525 
548.859762 
-265.199448 
64.127694 
169.179081 
659.467297 
-788.483336 
280.974882 
-355.254405 
8.883422 
467.751082 
-45.100612 
521.733414 
752.766700 
-779.705793 
195.367625 
-27.582889 
450.719845 
-470.796793 
-348.415423 
-46.630526 
478.305730 
-953.323502 
57.624828 
-33.936809 
-479.769755 
-403.618933 
-447.276100 
-88.244216 
159.671355 
-202.369388 
243.374798 
197.824175 
-405.719527 
-207.624887 
-57.624492 
8.879554 
152.949155 
-713.607038 
359.777187 
207.236389 
-286.145108 
332.785556 
640.491835 
-551.196855 
-47.288014 
-1085.988475 
-611.099534 
-445.478768 
-220.863402 
-167.635524 
402.230936 
-409.249542 
-79.811631 
360.471394 
730.527299 
-110.163834 
-48.732196 
197.182036 
-513.647247 
111.147653 
443.473062 
263.250632 
33.253063 
-216.015660 
-328.434291 
-334.469603 
-91.908844 
211.634958 
-143.265010 
105.488638 
-481.349398 
-681.153352 
11.002764 
181.713134 
-138.085911 
88.556725 
-445.564916 
-277.126996 
710.677594 
-230.978908 
368.500467 
-12.604405 
187.103226 
-501.251688 
424.943184 
-222.096017 
-139.243527 
8.881044 
467.748959 
140.160757 
-482.387722 
47.654498 
-511.172923 
8.881913 
-179.216867 
-385.455328 
-534.103202 
-678.971545 
-21.856344 
413.763298 
211.639771 
-259.221969 
263.187567 
-73.549962 
-280.160526 
32.260170 
-487.985945 
27.435829 
-247.189404 
-467.904834 
359.778522 
-168.253975 
-188.499975 
-155.719899 
-309.883994 
-357.152117 
228.929694 
-492.905041 
249.886370 
359.780386 
567.007343 
-550.941559 
87.743631 
-91.099160 
-152.506060 
-892.507107 
-602.046437 
-174.807434 
197.828251 
3.918469 
-221.602588 
-153.075652 
116.852563 
79.777609 
-182.218426 
-250.381357 
-99.087578 
305.797056 
206.506483 
-396.000755 
-244.410464 
85.970064 
66.769193 
-1.236323 
-99.079140 
-181.747443 
89.853125 
32.826635 
-57.305318 
179.285769 
465.182015 
-384.665077 
77.851417 
82.745150 
143.848864 
-23.201379 
-204.472589 
-153.290033 
-422.390302 
118.010984 
-651.929141 
409.587983 
-248.214402 
683.577289 
-530.623379 
237.182809 
305.799886 
-439.377606 
890.360738 
66.663398 
151.901254 
-780.466027 
-143.006108 
-229.066178 
-195.300781 
-2.306021 
-371.396936 
-330.904286 
363.992508 
-45.101574 
-428.478042 
-100.270069 
-180.437665 
-335.374901 
10.236746 
-357.917741 
173.696773 
240.087674 
334.954864 
-142.530759 
-18.111864 
33.694693 
-240.425236 
-18.111346 
-466.781032 
-482.060781 
-45.102486 
8.880943 
-355.760020 
-566.219563 
17.835252 
-191.106801 
-95.091323 
-456.276876 
35.872446 
-316.572762 
-126.079700 
-117.277987 
-318.501850 
-31.285315 
32.222034 
-1256.615074 
139.258165 
-696.928117 
-272.515996 
-157.424555 
-602.769186 
-195.590135 
-41.512204 
-590.919041 
-272.643059 
-153.073630 
22.641738 
87.472680 
-903.619422 
-383.572832 
-90.667139 
278.324218 
-153.071840 
-45.103868 
-400.510729 
305.796047 
-314.732257 
-337.912539 
-189.052178 
-399.284912 
-45.039960 
60.835034 
-126.078948 
-239.649195 
-39.480677 
-657.189410 
-423.114084 
-217.179632 
-141.991587 
56.093588 
-160.113707 
-13.067105 
-159.923184 
-159.510293 
-241.410650 
-645.552631 
-275.691626 
-173.173522 
181.052937 
-99.086042 
-94.493297 
39.298455 
-126.082815 
-5.875996 
-395.999749 
-634.862887 
-27.813377 
332.774778 
-318.634403 
84.142085 
588.172911 
960.499381 
-1020.203600 
-367.224727 
317.988636 
278.785987 
-744.957121 
668.662496 
-247.142069 
311.250916 
202.342278 
687.633496 
939.292147 
-26.152450 
313.952582 
629.689420 
194.781479 
-368.723419 
1223.525537 
290.756078 
389.662182 
-180.956363 
351.822880 
-1111.508965 
-147.178270 
534.164277 
-214.108299 
309.533735 
23.095241 
617.187879 
618.638289 
67.012406 
658.840564 
545.968712 
195.093181 
332.795541 
717.827094 
-218.064611 
-659.477577 
58.657486 
384.585565 
1020.164767 
320.729578 
-495.477345 
189.003123 
764.665538 
-148.714965 
1260.267371 
486.305819 
793.485875 
243.384312 
507.647705 
84.270100 
2087.284747 
-186.149579 
129.067236 
-119.311141 
-70.680947 
-28.923568 
-311.510694 
343.526370 
684.039523 
-381.020961 
667.164866 
-55.839415 
458.361372 
611.919835 
821.846554 
164.492238 
-223.855144 
-15.362023 
320.956262 
386.044981 
1534.270813 
-428.708231 
290.779824 
59.130334 
509.686400 
870.312767 
254.076224 
-121.672564 
331.629067 
507.022026 
-370.824179 
1115.552159 
-459.574444 
551.208984 
314.065132 
467.740704 
367.545173 
-170.809951 
82.080154 
818.644821 
-305.806248 
477.511137 
267.163764 
411.105512 
-450.195571 
-337.663414 
567.441268 
-743.370853 
548.724364 
225.155299 
-1173.616849 
847.683278 
-169.125113 
478.110921 
197.831571 
547.543724 
-222.441054 
-285.302942 
-911.351002 
226.802342 
386.770875 
368.738315 
-803.546539 
-747.777028 
464.566474 
280.261057 
143.843030 
-1068.428697 
440.752874 
-611.374416 
-3.734899 
230.243188 
426.723303 
-466.287697 
400.396722 
-751.012892 
-512.310599 
-195.106182 
-42.126992 
-249.245687 
-635.214173 
-868.789955 
-396.932823 
-617.694847 
33.974398 
-29.936887 
-76.612950 
-1202.804564 
170.210965 
-1424.150976 
-1089.071290 
-598.712649 
-33.563602 
-365.632916 
-197.283568 
44.189361 
631.555731 
-194.100864 
144.590864 
-441.489406 
386.760900 
-616.333162 
-102.784864 
-706.647602 
710.661690 
-315.111902 
-492.342102 
178.281841 
-104.047713 
-189.790447 
355.514973 
-977.571788 
324.584902 
-415.367751 
-456.156416 
750.034535 
-223.541090 
-322.630573 
8.893246 
292.292844 
622.882796 
-627.152651 
-166.739629 
-715.748328 
-119.973375 
1227.563185 
-429.824894 
74.360976 
-146.736609 
7.129873 
-764.030593 
307.156237 
229.072341 
-294.377917 
360.101511 
284.688358 
-126.029150 
-1.517872 
1034.594547 
354.811350 
1169.552558 
-1226.403122 
-127.189291 
34.577703 
17.306583 
112.783788 
629.708230 
-198.889448 
-1031.771770 
-45.524390 
-1119.632231 
110.138449 
505.560363 
-585.412785 
-530.948241 
-521.007622 
-378.566093 
42.203955 
899.627148 
-115.157681 
-106.284969 
-601.289209 
366.417185 
172.250460 
529.865836 
-333.661598 
-7.029844 
-398.910883 
-278.484595 
-311.145372 
-532.933607 
38.945387 
-820.032071 
26.484995 
309.953899 
-119.091304 
-438.247376 
-219.989677 
90.138266 
-23.120808 
-404.251082 
297.729846 
-358.824387 
-187.275152 
332.788049 
1385.485856 
-1011.451672 
-327.065395 
-646.680019 
-276.591796 
-385.228155 
235.060942 
-1608.388139 
154.376441 
-129.271554 
166.466815 
-428.063170 
837.725461 
-675.508125 
-149.139188 
-404.509575 
467.751406 
-207.049902 
467.752204 
170.839974 
576.347006 
-392.042058 
882.012230 
-226.315396 
793.361167 
-664.522722 
-574.295262 
-22.732952 
729.696384 
-834.338994 
-130.531693 
213.508943 
-80.275237 
-1100.272187 
-104.066072 
-616.156510 
258.209654 
-510.452627 
185.646482 
305.798712 
-58.656082 
-389.006059 
-440.772030 
521.736416 
-388.346850 
-633.351358 
-45.098542 
414.024748 
-372.121542 
1277.516992 
-194.464939 
-274.147972 
-413.720204 
-1092.737933 
-243.060294 
117.425276 
-144.185046 
-703.391252 
686.097452 
-319.751571 
-265.602377 
460.708499 
620.290758 
-442.461307 
370.104734 
415.415700 
-326.198876 
295.735587 
338.959580 
-72.386813 
224.385756 
-128.717852 
-589.423036 
-412.390284 
-70.636137 
68.506992 
-446.417319 
-568.101902 
-423.194631 
-835.798689 
746.772785 
-381.669026 
153.292997 
157.974407 
-530.131398 
496.062013 
1331.505327 
-1603.243648 
414.411301 
12.860108 
-80.530717 
-605.774479 
477.324613 
-765.231328 
-374.630732 
521.737174 
278.804641 
520.968733 
-325.451021 
151.089760 
-712.712286 
683.687959 
-482.253956 
-65.088704 
-114.226285 
-940.874669 
-472.239748 
305.791962 
350.359054 
211.879198 
-448.402508 
-584.443901 
250.849147 
432.628892 
-238.723365 
-101.846493 
-70.331199 
-460.461072 
-45.106888 
-385.899890 
-674.366533 
-20.149310 
-793.490619 
-671.228957 
374.543294 
-788.094589 
515.141860 
-45.109199 
-171.790019 
-760.722317 
121.399706 
50.498410 
-20.501263 
-1126.192284 
-114.484540 
320.290732 
35.867571 
-148.141610 
48.525009 
413.751048 
359.773304 
-170.767801 
-173.991931 
-325.207047 
575.716083 
251.812152 
113.465338 
-396.009730 
-670.313559 
501.701537 
433.957553 
109.087924 
251.813176 
-952.714377 
-99.093895 
-83.708686 
274.404782 
241.834641 
567.902600 
-275.234188 
-207.803502 
534.964756 
251.811767 
656.979518 
-678.704805 
89.992266 
-859.299884 
-124.377833 
-521.673569 
-227.916570 
-283.253780 
556.412427 
-196.115295 
291.529187 
359.776045 
-399.046311 
615.238119 
-97.790511 
421.726689 
-725.867189 
-210.844087 
-55.910493 
-474.238338 
14.014593 
-108.560723 
-287.163370 
-141.474229 
-18.112764 
-862.568926 
162.368007 
-386.839761 
-829.043027 
474.185804 
-588.479321 
-0.447070 
142.227803 
174.711188 
-424.253001 
-18.108622 
-484.851210 
-737.075075 
-18.111518 
-599.264123 
-1094.603396 
-99.085088 
-45.099452 
-477.881192 
-380.762799 
-710.228464 
-143.227628 
-113.352873 
-726.491405 
-18.109073 
-353.887728 
-18.108320 
-402.494225 
-395.547837 
-347.249172 
-75.763897 
-958.998999 
75.829780 
-902.223879 
-307.216058 
-6.260678 
-261.172608 
-557.653105 
-195.545967 
-412.475953 
-95.841462 
-18.105828 
49.041687 
197.019257 
-733.414416 
-460.455403 
-8.454566 
498.169069 
-45.100186 
305.797539 
-359.247547 
35.874249 
345.720426 
-391.935613 
-321.549778 
-415.459491 
-435.959794 
158.494487 
-45.106142 
9.990353 
-196.168964 
-396.623511 
-522.095357 
-401.072017 
-338.979664 
-133.799341 
-147.150136 
-522.955158 
-587.256799 
-74.556302 
-264.438623 
-727.715997 
-51.664945 
-183.660061 
-322.477077 
-72.110267 
-321.534420 
10.204917 
-396.017101 
-161.257535 
-396.013179 
-580.127115 
-87.498892 
548.724376 
-41.640596 
-763.198500 
761.872249 
-441.693260 
-281.021320 
582.911737 
58.041598 
710.679423 
-426.497568 
468.435621 
16.285426 
586.567694 
61.324843 
1068.349255 
310.353498 
-402.140466 
-141.777197 
332.784005 
328.389912 
249.216065 
440.753329 
156.760118 
990.350852 
-531.270320 
-502.681925 
-585.876296 
728.185679 
296.980994 
276.285171 
637.673340 
107.477743 
133.997684 
149.320294 
722.902807 
77.210656 
-189.440906 
-703.995575 
332.777203 
1015.547404 
80.424985 
51.019617 
315.440429 
282.513508 
1096.661363 
750.003872 
386.050009 
-603.615611 
953.608942 
256.247503 
971.024644 
-518.946624 
-26.476204 
-67.037259 
623.505631 
-3.699378 
440.752750 
-167.788117 
-257.218635 
165.088763 
618.638389 
48.751502 
-208.740304 
-329.034435 
811.190214 
6.420428 
333.759392 
-471.141289 
-813.862691 
599.964919 
-99.248403 
175.955287 
264.526532 
-85.193394 
-21.216262 
774.907033 
2459.995848 
73.759136 
-58.254034 
-220.102407 
531.192817 
332.555769 
-324.294652 
-365.511519 
61.923419 
-161.957952 
-294.707950 
332.789350 
163.047770 
945.180041 
285.918868 
323.798859 
629.988159 
-95.762344 
-425.851011 
737.669914 
-283.427665 
147.938863 
387.871669 
57.261856 
127.866184 
-563.609075 
-154.921950 
-357.319066 
1088.570891 
851.350530 
-585.855262 
47.358664 
734.847627 
-228.516608 
278.810589 
467.574266 
-501.587793 
721.961424 
-807.469698 
-351.377910 
332.771927 
244.729300 
-610.668391 
276.823724 
1017.602322 
219.303647 
170.836476 
267.862455 
1385.493962 
35.216860 
-68.465340 
-470.761756 
772.466557 
-662.500942 
177.185428 
-190.051869 
322.133061 
356.165204 
-263.659277 
-70.148642 
-389.422810 
-1304.559537 
-660.804982 
19.163442 
-2.776118 
132.034823 
-148.926331 
-368.230141 
714.063045 
-368.166332 
-511.906824 
-467.539387 
-299.636897 
319.619827 
660.451060 
397.747277 
148.976496 
-373.324540 
115.841431 
73.513814 
845.639462 
152.790234 
-309.725438 
-583.036495 
494.739409 
46.649335 
-293.297415 
589.878234 
-77.921983 
-94.164530 
-20.218715 
-738.050499 
26.514046 
-398.692150 
-688.007356 
356.022144 
-13.169764 
-819.709890 
62.856900 
521.729755 
583.276439 
603.851150 
38.981022 
-184.741467 
115.390040 
98.445799 
-668.483274 
113.885806 
-387.717167 
-269.285656 
-340.871125 
534.045399 
-175.755266 
210.236723 
898.528099 
-149.952737 
-145.815898 
-164.137500 
818.643829 
-72.005786 
899.617671 
-858.279771 
-233.808655 
-437.089366 
-187.142320 
-326.020310 
440.756426 
-216.288459 
-2049.006362 
-1121.206715 
1038.264469 
-283.054926 
720.563608 
-450.259244 
208.854126 
236.958699 
-247.938879 
-596.871351 
683.685278 
-276.593114 
-795.490266 
-577.780422 
220.832685 
-650.007297 
-345.311348 
-119.106104 
254.348575 
-137.645623 
-391.429592 
-36.450338 
-568.144213 
-174.600195 
-607.219303 
205.076363 
380.235563 
303.743120 
-237.480551 
-67.757672 
-555.812161 
142.286390 
-579.623943 
81.575448 
-380.310361 
-193.431356 
170.831123 
1439.460613 
-788.703065 
-172.979817 
-275.885243 
256.362343 
-420.194531 
750.785821 
-1401.246638 
265.625286 
-574.075610 
437.670173 
-634.654558 
517.094179 
-196.131640 
55.508025 
-38.905522 
575.715261 
-99.085439 
521.729074 
278.801640 
-309.799692 
-206.790185 
743.478027 
-370.697054 
340.003098 
-649.141688 
-429.953160 
242.038645 
924.885543 
-333.368354 
-225.358878 
-331.308336 
296.565870 
-685.273650 
196.512513 
-665.590401 
137.995187 
-322.958363 
-176.700291 
197.828641 
-218.219912 
-584.494825 
-184.374121 
575.718191 
-238.758096 
-202.912004 
-99.083875 
-12.222673 
110.741745 
656.693099 
294.991058 
-478.323640 
-353.674387 
-897.046597 
229.399439 
-261.683372 
348.152853 
-573.526531 
417.586649 
-677.143700 
53.153329 
-595.333158 
-16.459617 
-955.616810 
-26.315732 
318.302836 
-718.425157 
-444.297932 
-584.781563 
-105.671376 
-194.648278 
-19.719070 
-428.997502 
-526.791309 
3.214750 
-118.258357 
320.985213 
-400.647314 
-600.919334 
-851.112500 
163.474491 
-389.464896 
-294.383604 
-81.007970 
5.941123 
71.157520 
1277.515364 
385.112544 
39.412666 
-185.429332 
-62.853893 
197.989675 
412.215111 
-311.173172 
-207.891947 
548.725213 
629.700077 
80.864619 
-597.924601 
-609.657161 
-885.459905 
521.730624 
-597.733710 
-251.641721 
-148.949561 
-256.824313 
-311.823952 
359.777978 
21.649644 
-108.612597 
-46.182114 
-761.483158 
-27.961533 
-125.426175 
63.859906 
277.404377 
638.935905 
-45.450437 
-45.101641 
-83.907464 
-566.395692 
-60.077970 
-94.899493 
-369.248972 
300.086985 
-279.811154 
548.149399 
-45.101324 
-7.319855 
-910.902090 
-148.787554 
20.716546 
-626.472262 
-859.344828 
-232.823870 
90.597025 
-153.081935 
84.065080 
-128.784119 
116.841972 
359.768385 
-212.347512 
88.408511 
-896.845273 
737.653755 
413.751921 
377.078734 
-511.180719 
-717.427447 
-62.484712 
428.155907 
-295.943264 
251.801518 
-215.500478 
35.874527 
-9.930056 
137.840778 
-63.815819 
479.373670 
-597.904954 
-847.731992 
451.861692 
440.757174 
-468.314645 
-121.563964 
-445.623951 
-933.381118 
-453.417786 
-53.615666 
-412.919935 
-55.327574 
161.653272 
91.909008 
466.157701 
305.791554 
-1021.305323 
-9.529888 
-79.348757 
164.577167 
-586.767586 
117.266133 
-735.842665 
-1098.101910 
-392.157379 
-169.705231 
91.538243 
97.670026 
-153.071697 
-332.755786 
445.230254 
-235.766568 
-1399.979328 
211.290505 
-623.229904 
-265.178011 
-243.429851 
-66.820202 
-691.882044 
-99.080440 
-785.911442 
-423.383862 
-45.097928 
-1056.261315 
-693.607409 
-72.091810 
-261.038094 
-347.915926 
-698.076832 
-356.757235 
-261.390476 
-398.051615 
-883.716364 
-153.067909 
-403.594344 
-72.095829 
-183.667411 
218.733693 
-219.462108 
-494.498975 
-378.233937 
-332.164667 
-276.879827 
-337.294792 
82.998240 
-635.052081 
122.446385 
-375.605013 
-233.704382 
1.405822 
-72.098049 
-232.117340 
162.483533 
-556.513324 
-438.569067 
115.609666 
250.346832 
-45.106636 
197.821070 
-450.553526 
-153.079898 
-210.616099 
-271.032133 
-363.367072 
-327.124508 
-441.074724 
192.334374 
8.875854 
-108.984292 
-178.113230 
-397.062166 
-859.720968 
-478.669719 
-399.767448 
124.644828 
-637.135258 
-193.085147 
-88.596348 
127.602447 
-60.979771 
-702.484391 
77.626560 
-320.334429 
57.703704 
35.869500 
-232.440788 
-332.648516 
-396.003699 
-45.536810 
-396.001575 
-754.866406 
-952.498408 
872.632892 
-217.927057 
-461.522401 
532.249286 
-146.154880 
-1110.088623 
-395.999791 
189.729690 
953.611042 
-249.732853 
94.874002 
-291.517449 
146.178374 
35.867613 
779.028292 
368.633942 
-517.780391 
237.841039 
170.835083 
52.443349 
643.007597 
710.680345 
360.361370 
776.279847 
-756.788006 
-296.713916 
638.778585 
787.639250 
507.345456 
-484.780273 
158.695947 
233.693218 
324.995692 
436.161331 
-477.808887 
538.865316 
-49.537504 
-224.101392 
1493.453394 
1093.543579 
-287.758620 
-275.359646 
174.415482 
490.461737 
1339.648431 
391.124747 
-847.721180 
-51.105173 
278.804523 
441.659165 
387.475602 
-171.693924 
292.343178 
-316.711327 
-406.883410 
406.610509 
548.725830 
590.821528 
-499.143114 
455.654241 
-533.311879 
64.028318 
-460.824913 
208.817914 
649.038255 
-43.390558 
34.562540 
-116.787391 
374.326265 
743.123352 
103.497970 
-18.262563 
-204.998299 
-287.718211 
-300.302984 
395.517561 
1364.905334 
-443.353489 
-257.548512 
311.610822 
443.834450 
511.022570 
-62.521775 
-68.798384 
-417.848255 
521.903343 
39.260437 
224.819675 
337.277878 
-67.470053 
-385.348232 
813.247870 
82.602732 
-109.225379 
-185.346374 
575.716547 
-288.430139 
391.788523 
-51.505963 
-80.917586 
-897.094138 
-236.648255 
52.735774 
-434.827389 
1277.511959 
310.403933 
-940.410285 
-454.179249 
-129.343139 
-351.081695 
170.839391 
-182.586007 
-217.082488 
-245.131317 
-354.123028 
226.050688 
872.632963 
147.815917 
-874.831340 
-626.350204 
-200.608960 
97.837794 
440.755363 
224.427896 
8.887007 
61.542206 
32.643689 
-378.290945 
764.260605 
-698.148042 
-54.640611 
-179.364287 
-358.035635 
206.178994 
-390.232813 
-323.177909 
-734.547558 
-163.593076 
-294.880886 
-385.752572 
-40.143007 
-1094.422555 
-179.787890 
-578.388374 
121.603076 
-594.354448 
-673.565123 
-189.915309 
-847.722300 
618.884457 
13.976604 
-274.904807 
-62.872705 
-465.514007 
150.346775 
13.833634 
-45.101100 
292.538004 
-202.244842 
-96.627243 
953.611348 
-585.114892 
-1097.165086 
100.846022 
515.256179 
128.717946 
581.930104 
-774.124854 
-501.331659 
171.135069 
-332.531378 
42.233156 
-436.830805 
-1015.466891 
170.833824 
521.733478 
803.303797 
-299.670562 
-301.577356 
-331.710180 
-41.317306 
237.500042 
-159.119423 
185.138648 
22.179078 
787.785363 
171.626414 
476.049065 
-255.079611 
247.217244 
187.131168 
-72.087748 
647.477109 
19.085871 
791.653658 
690.985970 
467.749019 
-1091.931495 
-528.695406 
-431.104657 
-532.715446 
-317.992725 
710.678839 
393.391476 
-724.533054 
-391.373018 
-282.645091 
-27.564214 
99.878823 
-389.446958 
195.693256 
289.457476 
-1057.048479 
179.857820 
224.818594 
673.151736 
467.746849 
-893.059632 
-615.556980 
249.462184 
65.127212 
482.881164 
-180.741550 
-86.525958 
-643.126872 
-204.662434 
-4.999928 
-167.579692 
94.518140 
14.443699 
483.474980 
-184.882693 
-283.471554 
-86.430601 
-22.816338 
-468.363289 
36.066264 
-81.508808 
-694.909476 
-189.009128 
1601.420751 
440.755724 
-883.923705 
-392.534023 
-423.332400 
10.223827 
638.708521 
-43.748341 
-993.316624 
-249.699736 
405.903399 
-77.677784 
-225.258630 
466.379830 
-35.889840 
-13.544803 
-157.038743 
-180.064446 
-153.071886 
332.787202 
629.701236 
-9.835165 
-401.063752 
487.987554 
-117.094537 
214.810523 
98.052716 
-361.433053 
11.120629 
657.610438 
-622.303412 
-222.156857 
261.780300 
-123.568176 
-807.220335 
-138.493448 
-331.677933 
-308.015911 
-306.005872 
-270.278116 
35.874075 
-308.661663 
-556.105049 
-323.481252 
-153.070541 
-180.964803 
-1753.050191 
116.851785 
822.505131 
96.064703 
683.687498 
237.417168 
-805.015652 
-262.677940 
-912.225244 
-106.978239 
-46.425991 
205.673485 
-145.051106 
-185.581841 
-399.639899 
112.191594 
-315.619202 
102.272858 
-139.705905 
-270.016288 
257.290394 
-22.942318 
-347.778477 
348.648832 
374.242583 
-458.623848 
-337.731386 
-115.963946 
-144.530689 
259.276393 
418.844885 
-536.767532 
-195.418718 
209.587268 
-930.641362 
148.277443 
-150.335285 
-244.173561 
-24.506263 
182.185139 
691.894138 
521.734747 
-414.862452 
-188.039863 
-52.393829 
154.972052 
24.742283 
911.803062 
70.089325 
-242.340177 
413.764675 
143.842816 
-50.887081 
407.596680 
-60.346124 
151.042373 
197.828898 
329.706942 
-541.932969 
157.473057 
-79.732778 
-476.266385 
-99.086037 
36.024150 
-583.309703 
158.467894 
199.485311 
23.720153 
428.488401 
-106.144485 
-422.070805 
-0.829595 
-116.753469 
413.765897 
1123.990802 
-1006.696521 
211.245333 
-159.434578 
-233.187662 
87.271292 
-537.921155 
-6.779219 
-18.107899 
-648.463787 
-233.632830 
-381.096025 
-411.117676 
-186.741855 
-873.765466 
-447.089793 
-316.839915 
-207.056516 
-272.349014 
30.125402 
251.813268 
-45.101812 
-409.224120 
132.404577 
-532.224041 
359.777750 
-126.074867 
199.382247 
-1000.629654 
-141.769336 
-100.247602 
-217.880968 
-22.142986 
-99.086292 
-387.563981 
116.849180 
241.437248 
-364.290630 
-170.546417 
-266.595686 
-239.765055 
-607.037832 
454.889827 
-665.924951 
249.336953 
-288.877188 
187.366113 
-230.787158 
-120.592773 
113.420138 
-84.945872 
-32.706439 
1581.386764 
-317.655870 
592.873380 
-72.094215 
-285.847268 
-237.731005 
-143.002779 
411.947042 
-265.487906 
-22.334627 
-216.275274 
-57.113573 
-140.100890 
-440.230855 
-275.838941 
-138.715959 
62.866711 
-332.552524 
-150.579464 
32.864700 
-157.395014 
188.627446 
-479.075569 
-756.922411 
-373.646890 
52.550904 
-72.999523 
35.876078 
-271.093911 
-574.765679 
-261.039124 
-621.422270 
126.556120 
-207.055218 
-153.069703 
-435.643706 
-385.930917 
-186.819417 
265.008131 
-238.434246 
-853.926023 
62.867721 
-390.609873 
62.866783 
-554.928919 
95.662074 
-51.657548 
-140.408976 
-892.508698 
-547.776994 
-640.850925 
80.337581 
-177.039760 
-446.562593 
-12.350250 
-279.650956 
-372.669267 
-403.063187 
62.866914 
-242.052459 
58.105116 
-700.232429 
-226.029097 
-102.067809 
-253.050324 
305.797203 
-45.102338 
-928.250801 
35.875162 
-1036.066120 
-320.809844 
-620.672974 
-59.181541 
-659.726181 
-292.601423 
-126.078563 
100.425566 
-446.727355 
-322.947569 
-501.720816 
-271.160431 
-108.229832 
-218.727767 
-265.721362 
-397.803991 
-75.194274 
-834.952837 
157.352624 
-617.757924 
509.881375 
-746.449665 
37.711764 
-395.998313 
-285.407033 
-415.488611 
-395.998414 
-161.382641 
-395.999741 
-858.439880 
-322.585162 
899.612665 
-323.559416 
-526.777153 
533.075939 
-273.845177 
-718.538811 
-108.092903 
-178.212792 
1277.503166 
-740.203340 
336.045291 
-303.893280 
-168.314940 
-94.259955 
1487.280705 
85.362227 
-649.633155 
267.375702 
413.758666 
-250.449947 
762.749611 
548.716134 
29.431140 
161.368808 
-504.868349 
-352.637569 
873.441984 
884.483977 
248.327121 
-169.886660 
-226.930769 
-177.862348 
296.724507 
267.905915 
-305.392893 
596.431344 
40.210273 
-379.797582 
1385.482699 
838.194795 
-264.546211 
3.441256 
334.616349 
301.826431 
1236.455736 
307.844486 
-419.388134 
-236.531547 
440.760223 
-104.282639 
359.608235 
-102.576122 
-10.777931 
-503.968126 
-403.208010 
123.161218 
467.750970 
212.771274 
-755.711346 
-77.101297 
-807.530365 
-101.307754 
-319.150187 
124.470316 
240.745823 
-329.757717 
-242.608717 
-571.372671 
848.355422 
393.546285 
47.844983 
114.216610 
-328.072474 
-170.214939 
161.439668 
904.550379 
-9.241690 
64.734619 
-87.663079 
-122.223056 
324.647683 
266.507413 
-174.527781 
-795.569416 
-292.515900 
-68.067183 
79.339675 
872.624181 
22.427463 
-88.720973 
-451.227100 
985.997959 
662.086069 
-185.902533 
229.644501 
710.679306 
-100.191149 
-109.469896 
240.036506 
-514.064212 
-380.419086 
98.299559 
295.553949 
201.486275 
1331.496065 
264.443287 
-708.574571 
370.271845 
161.369562 
-218.092780 
1169.555281 
83.287833 
139.493150 
233.669321 
-365.571888 
134.995560 
170.835545 
730.920641 
-551.092720 
-35.411465 
-72.081195 
24.506658 
1277.530677 
-423.658809 
332.797121 
-137.579583 
259.350190 
182.592960 
587.322537 
221.038570 
-200.029171 
22.323024 
43.362832 
330.518905 
-159.845072 
-681.464861 
-85.767056 
-597.724811 
-177.658676 
-171.419797 
403.385278 
-1209.127106 
-25.993366 
-513.610435 
-190.561600 
-406.589367 
-855.912120 
377.253485 
-293.462813 
1000.480397 
-488.066869 
2.383576 
39.564850 
-181.562973 
419.235281 
138.862729 
575.713210 
328.166212 
-90.736906 
-49.386934 
224.820019 
-317.925919 
-630.594482 
192.912630 
136.563794 
112.012968 
334.455902 
261.087288 
-802.258472 
-146.541011 
-266.217935 
-187.667281 
277.753131 
-1235.889843 
386.766893 
724.168092 
-194.722892 
-642.263942 
-566.319523 
-17.715077 
-68.905085 
-23.640573 
-584.562779 
-331.921470 
-127.872929 
124.664242 
-156.973284 
-24.093308 
-150.869230 
137.085042 
-394.679895 
157.869673 
674.241566 
-92.327987 
548.728110 
316.530016 
791.661135 
-775.628905 
-848.531807 
-577.969031 
-139.381302 
169.942184 
845.643025 
399.265361 
-1537.517805 
-282.299324 
-79.297728 
-2.325792 
-146.173353 
3.145415 
-531.768290 
293.850368 
-202.081785 
-207.192702 
440.765496 
804.340254 
543.328778 
-762.741995 
-468.614589 
191.187030 
373.420445 
493.504330 
-63.215992 
-451.198488 
-829.505547 
34.654586 
275.242352 
29.265316 
58.411525 
-167.626003 
-169.839888 
-377.768873 
-150.598976 
-378.657458 
-97.394693 
-418.705077 
-467.570365 
-56.335212 
-456.739288 
-255.080096 
629.696274 
494.735375 
-394.405090 
-774.344224 
390.152644 
-697.007959 
-284.894344 
-594.130169 
-778.315613 
195.771672 
262.032643 
51.517687 
-411.617017 
540.485208 
968.401167 
350.785256 
-695.023959 
-153.073829 
467.743707 
737.664058 
170.831366 
112.066077 
-343.555441 
870.153420 
202.246046 
65.967637 
-542.966572 
-8.651522 
110.183273 
500.855113 
-400.064543 
-653.760692 
96.415908 
-558.315684 
-691.867204 
-353.967731 
-397.204169 
207.539485 
-165.242447 
-892.302761 
-99.087485 
270.542740 
-52.304448 
-457.247298 
332.787809 
-49.165099 
-1168.741932 
764.665807 
443.558292 
-96.186612 
467.751814 
-194.462414 
-565.762043 
-377.392054 
89.870228 
-890.985125 
-56.599202 
126.135864 
-395.359959 
-274.743424 
-739.801072 
-223.308458 
-208.907273 
-434.433113 
-99.548395 
-116.182556 
202.636309 
451.842061 
571.052352 
-251.504712 
-135.867096 
184.015248 
182.693010 
-243.653391 
-657.992972 
-8.933862 
700.532181 
395.702433 
83.150841 
-461.400330 
-354.892778 
280.359695 
-226.947488 
-321.164536 
210.321189 
98.374863 
194.166875 
-99.090035 
-318.388117 
-252.299582 
203.852690 
319.983519 
72.406687 
196.759496 
-342.534142 
-300.160820 
143.839576 
-72.094768 
-223.213861 
177.045016 
113.489240 
-136.867795 
-99.087470 
367.899696 
42.761565 
500.534421 
-144.941753 
-125.033959 
629.701669 
-354.021550 
-248.395672 
-55.668264 
540.464812 
-23.236109 
122.535310 
112.377537 
-109.086741 
636.059155 
252.054126 
-45.101455 
-1080.922393 
-1229.383393 
220.651996 
42.975381 
-553.536762 
127.249426 
-529.856034 
-296.493991 
-99.080013 
-696.800089 
-435.598440 
100.143236 
-279.822955 
-125.481449 
-1121.330744 
-357.777384 
99.116747 
116.854050 
-55.707381 
-257.683431 
-45.101018 
-45.096838 
372.472880 
-245.616069 
-334.296984 
-180.058461 
-234.046430 
-273.064148 
179.832874 
-19.939706 
-157.932112 
-139.740944 
-263.084305 
170.830762 
-588.329386 
197.834026 
119.933717 
-347.986748 
78.841427 
-94.677335 
-321.615867 
-620.880454 
263.741946 
332.775844 
190.938273 
67.184390 
-328.088096 
-450.550570 
-50.545017 
-287.762039 
-614.086208 
-90.751096 
1715.921688 
-439.768288 
329.488631 
-72.089270 
-619.551174 
154.471691 
-225.078364 
92.634561 
-627.182925 
-274.177047 
-553.107930 
-211.895256 
-57.646689 
-333.209833 
-130.460936 
-43.763864 
-18.106199 
-266.006211 
-136.325901 
147.800217 
213.117605 
-234.961678 
-240.218895 
-199.637457 
-446.370050 
420.345137 
-111.267143 
-72.090244 
73.520419 
-609.708090 
-72.090053 
73.823630 
-25.116360 
-99.083124 
35.879359 
-828.392722 
-550.795839 
245.415454 
61.020701 
-231.604574 
-499.547713 
-18.106138 
176.135181 
8.885775 
-524.256672 
-85.530986 
-31.206845 
-420.625155 
-369.882739 
-38.343621 
-351.979178 
164.816073 
-129.859241 
-508.805224 
-387.320433 
-367.854705 
-638.549057 
-216.736333 
89.859690 
-264.163720 
-494.769695 
-525.754686 
-530.325683 
-273.843539 
-125.961871 
-234.044555 
-261.037564 
-1074.467529 
-99.087676 
427.539022 
-287.602128 
-828.950086 
-678.206560 
-389.169774 
116.044933 
-395.999592 
-102.621256 
-107.803326 
-684.417010 
-687.714788 
35.874654 
-459.700411 
136.519467 
-294.041049 
-710.496521 
-515.379024 
27.742953 
89.185610 
-419.141370 
-367.316287 
-621.787924 
117.554082 
-396.003262 
34.282118 
441.158084 
-396.001274 
-400.946249 
-396.000440 
-516.563227 
52.351096 
1196.536084 
-606.204459 
-711.746367 
478.700758 
121.761285 
-493.928753 
-338.417679 
17.743295 
251.808824 
-923.356333 
117.826753 
638.200870 
-159.236759 
764.904969 
968.595475 
722.071236 
145.865697 
544.775343 
413.766528 
365.189885 
117.553080 
575.719751 
612.937481 
245.478247 
-1367.553344 
-285.451995 
549.395479 
995.219030 
367.785930 
157.051879 
226.374027 
101.829364 
656.517208 
174.052275 
-423.782204 
72.879949 
7.338317 
252.335535 
818.651199 
511.188864 
466.707283 
371.903765 
158.167170 
601.762945 
1408.666081 
231.838946 
157.101902 
58.666328 
1277.515153 
25.483182 
867.369168 
-385.609205 
168.788705 
-269.476015 
1246.170851 
-230.829736 
899.622320 
398.022765 
-230.048699 
485.480681 
13.280482 
226.350376 
346.174475 
-106.450265 
185.731260 
-451.068629 
-572.053988 
-542.050671 
62.313518 
256.272368 
-30.271192 
-171.553609 
-224.210295 
173.560581 
411.051263 
1447.416946 
2248.998013 
-461.997461 
108.993268 
324.858164 
139.483960 
280.776150 
-195.053318 
-870.393990 
-362.401189 
-411.036958 
151.808554 
710.669996 
-96.010052 
-15.364376 
-5.694784 
352.573323 
666.292343 
-130.817253 
-334.490003 
764.649729 
-468.219727 
-621.131199 
1134.014613 
-164.614724 
-116.776577 
518.242242 
-5.383215 
214.153171 
1169.539088 
289.189849 
-753.113783 
387.011413 
-174.528584 
-273.007636 
1331.494977 
213.524717 
-450.148555 
110.892534 
-437.925619 
308.880125 
116.848362 
709.591963 
-854.348816 
-574.393461 
57.530055 
30.009440 
1331.499770 
-482.164813 
8.873634 
255.946705 
527.244128 
214.812358 
381.009194 
-202.906972 
36.045072 
-114.763961 
-182.343722 
-258.798207 
-65.403304 
-579.163438 
-194.582528 
-50.616977 
-688.782868 
399.768019 
402.679053 
-436.494769 
-143.795062 
-658.809391 
393.103711 
-614.510105 
-704.943979 
-274.416765 
246.201721 
297.574057 
-541.643304 
154.135605 
7.638818 
186.007419 
186.189812 
910.355163 
494.737274 
-450.703966 
124.863126 
-523.288280 
62.862792 
-671.100433 
-1238.738933 
618.572264 
-568.228143 
244.475284 
381.239989 
47.328628 
-671.044515 
-411.891293 
-109.594029 
59.630850 
971.553663 
-774.147987 
602.707203 
467.740245 
-23.852884 
378.599327 
-205.783134 
693.634386 
-111.450592 
208.979336 
-480.250548 
-280.948415 
-398.227969 
-108.451974 
174.996212 
-471.859049 
183.845696 
54.677791 
527.252229 
1052.912461 
51.251673 
871.651905 
467.745717 
168.376410 
305.795572 
-1214.982730 
-884.799964 
-56.403990 
-470.283678 
568.389057 
683.687258 
168.547674 
-1318.076921 
357.891926 
-248.812568 
507.923012 
509.470065 
-787.366908 
-792.580338 
22.855423 
-468.625342 
-189.740475 
278.803118 
677.151555 
-565.150272 
186.272474 
325.417186 
-364.606793 
329.022135 
-145.236757 
-117.259331 
-394.961052 
-271.027476 
-50.414000 
-138.304182 
-23.835422 
-564.026538 
145.525087 
-520.383036 
-34.118264 
488.708638 
-346.014525 
162.314427 
-564.677634 
-433.582834 
178.854908 
432.901952 
-206.235266 
548.721922 
953.603836 
-505.511281 
-659.942077 
-207.172899 
-463.510131 
186.336327 
513.051979 
-1562.094802 
19.247620 
9.570167 
177.086706 
-23.835630 
-33.185084 
612.129691 
308.032689 
-207.112894 
467.749723 
332.790256 
197.828174 
170.835032 
472.651845 
-208.935270 
961.150288 
319.013624 
183.358733 
-911.536309 
-412.037134 
140.195920 
503.991901 
-576.540391 
-668.252515 
-576.317769 
-248.880303 
-607.641500 
217.742514 
-174.602065 
31.788182 
-554.240399 
-810.608866 
305.798558 
122.511546 
524.068544 
-641.294790 
899.628539 
-477.215147 
-156.845969 
575.718365 
-113.286379 
-251.440867 
278.805640 
496.547594 
-830.778020 
-625.136839 
-487.099837 
-1044.345815 
-94.934743 
-166.439351 
-804.573683 
-313.609270 
-606.970726 
-57.923542 
-45.674322 
-245.813348 
-1077.722312 
-60.464321 
390.648671 
-40.066858 
99.637866 
-373.603215 
-248.996128 
152.977880 
-91.984900 
-396.045256 
-433.132051 
-46.981836 
-24.791011 
203.826841 
-423.060094 
-278.720889 
-240.907324 
376.441281 
-455.918706 
-414.827147 
577.135187 
50.962713 
-51.957822 
-45.101254 
-620.025574 
-128.139446 
-73.242328 
189.377934 
-157.669881 
35.662761 
-125.329025 
-209.091676 
-153.074485 
8.878595 
275.577617 
278.934257 
67.960406 
-943.046270 
359.778690 
-153.900384 
140.799473 
-43.787294 
-873.227327 
-667.136456 
224.816935 
301.719072 
-229.403194 
-566.787136 
329.444404 
-236.894227 
219.129436 
-339.416713 
-314.913474 
528.757345 
145.850368 
-126.082778 
-1340.732534 
300.733504 
213.254089 
65.745517 
-487.179751 
97.430941 
-766.659744 
496.075469 
-99.095975 
-425.989028 
-1206.845411 
-249.877208 
-568.238967 
-536.198785 
-1130.244972 
-159.647234 
-422.065623 
359.772019 
-441.703279 
-267.556216 
8.878865 
737.662757 
52.935026 
-126.842485 
-4.176321 
-261.051771 
-99.095325 
185.799019 
-165.676899 
-331.557691 
-594.923280 
269.290713 
-112.410887 
197.817267 
-588.328363 
-18.110373 
-302.819569 
-189.545833 
-10.522883 
-452.904945 
-149.823116 
-776.871559 
179.432233 
332.783320 
-220.737488 
-720.139844 
-577.615779 
269.484011 
-348.462210 
-112.818181 
-47.145124 
-223.077218 
937.575081 
-491.548022 
237.676409 
-99.092342 
-388.093451 
431.384909 
-204.372114 
48.360948 
-735.055768 
-299.528295 
42.243238 
-712.972848 
-136.723742 
-439.651889 
-96.388657 
-35.750591 
-180.063864 
-668.001739 
154.196064 
149.247984 
-1742.027118 
-618.876877 
-597.018134 
-427.045600 
-180.585684 
-47.056788 
-564.188138 
-207.055314 
-301.999073 
-275.312136 
-153.070789 
-239.546982 
-344.667554 
-45.100334 
-18.109857 
-408.143708 
-1092.930017 
-242.797466 
64.093789 
-124.140337 
-534.228610 
8.879253 
-84.546649 
89.857242 
-234.193134 
-286.667595 
-453.053337 
-611.277226 
-648.581795 
-69.290780 
-332.318093 
-567.366433 
-487.771886 
-187.925369 
-327.154744 
-287.214192 
-472.998665 
-90.784342 
-207.058937 
-320.563863 
-97.916991 
-359.725509 
-696.615573 
-350.662358 
-56.218784 
-72.098643 
-45.103765 
-480.864926 
-18.114285 
434.518097 
-91.026264 
-47.998285 
-260.883847 
-423.889409 
127.678233 
-396.006249 
-186.903265 
-134.294555 
-388.091360 
-1004.302251 
-396.005167 
-531.099922 
182.973796 
-299.003415 
-782.193300 
-435.240837 
-155.351101 
-264.831365 
-482.874799 
-313.843237 
-309.506133 
-123.508776 
-396.007456 
257.223514 
-382.281333 
-396.005942 
-42.593994 
-396.004595 
-771.448363 
-17.376630 
1331.510060 
-185.631577 
419.392918 
165.979069 
-483.550220 
-1026.946202 
122.259947 
564.107586 
224.826848 
-33.698980 
-748.177356 
-391.228758 
778.644584 
56.161449 
-28.461647 
-158.800104 
-868.978568 
117.880932 
8.888697 
138.977526 
684.177335 
602.714190 
944.648303 
1038.658711 
-1524.424681 
683.015467 
859.514221 
442.788311 
173.131829 
-242.191412 
-539.228277 
-87.933735 
638.650326 
-406.287005 
-32.458151 
-75.087921 
45.204731 
763.940381 
1007.588947 
675.207185 
-321.129101 
221.067797 
856.483343 
234.893447 
473.969138 
-474.115288 
-104.638292 
44.027575 
737.668753 
-624.956651 
712.404040 
291.968117 
-197.133217 
-935.841671 
387.475764 
-711.819466 
116.850410 
625.419097 
-39.352823 
655.160217 
-167.022577 
-136.452738 
452.198654 
11.059838 
875.566052 
-759.443013 
-221.600829 
93.557967 
-214.631178 
359.929553 
33.809577 
-318.122099 
199.688990 
292.733752 
-107.254535 
738.474465 
1523.376562 
156.304727 
43.986032 
554.450774 
604.136914 
-110.213957 
-247.200691 
783.580853 
137.528250 
-340.397367 
-235.747459 
1925.337193 
-63.370227 
-1.070441 
-466.716648 
35.883506 
1043.367766 
106.029815 
-285.394876 
683.693041 
-310.912404 
-129.705314 
310.317907 
-78.917570 
-375.880827 
-270.337717 
366.069110 
-49.856140 
629.710647 
-107.836145 
-509.632630 
-260.971486 
6.904126 
226.996507 
386.776463 
-93.536387 
120.539871 
70.523001 
543.825409 
34.331437 
845.643822 
175.690957 
-325.779993 
-241.574431 
251.417537 
8.026275 
-153.071090 
-379.589302 
980.606937 
689.955473 
151.824105 
107.506932 
739.646443 
28.592939 
505.175432 
-283.402581 
-720.503383 
-748.920494 
-706.036716 
-525.406887 
-38.558120 
-1032.092524 
426.369373 
365.316369 
725.578786 
101.668091 
-86.833394 
-276.096421 
159.241325 
-864.380364 
-714.234140 
-529.773943 
-340.116958 
-725.507992 
-92.752630 
104.521497 
-188.635077 
-330.708226 
246.997033 
534.753022 
953.609714 
-163.935658 
583.977919 
-535.560977 
575.721483 
-125.595036 
-948.774576 
125.791773 
-167.064314 
-305.245012 
-183.107694 
-720.739338 
-1293.050688 
-73.636693 
26.301073 
-428.523390 
101.780337 
-298.531038 
872.632676 
697.188199 
202.873800 
488.056559 
-249.370192 
-302.628973 
425.749838 
47.379131 
-1188.899753 
-780.510424 
-677.118706 
-8.608763 
-803.291365 
-463.334472 
-969.056752 
-317.739671 
320.280766 
961.588563 
498.799247 
-266.762484 
359.782968 
34.878240 
35.877178 
118.056282 
-581.053878 
-279.138421 
-928.748754 
-129.210910 
737.670612 
304.303569 
-1053.646884 
99.801092 
147.842238 
476.240982 
256.363051 
-906.103790 
-247.173018 
145.288013 
-638.235059 
-208.944596 
278.805828 
226.251544 
-565.152741 
-133.895530 
640.167053 
-355.972884 
153.310249 
364.719900 
312.188330 
-601.531675 
-749.574389 
4.628273 
166.870826 
269.101424 
-272.755285 
-979.115824 
-485.700186 
20.505287 
446.217520 
-60.646958 
-94.372374 
-157.914924 
-749.099910 
199.773580 
87.850810 
-302.059501 
548.729232 
737.674388 
-840.769249 
-46.277243 
211.559827 
-740.634819 
389.193146 
261.896075 
-885.242572 
-112.820536 
-394.616969 
-382.260836 
-586.117834 
6.140095 
227.106433 
274.313194 
-644.387216 
575.725278 
224.824781 
305.802942 
278.812669 
280.756352 
-128.162958 
113.056540 
107.925571 
-146.829195 
-478.898501 
-103.033945 
-84.907110 
952.121780 
-1049.808300 
-548.851803 
-220.142256 
-313.468194 
-924.889558 
-539.635586 
122.002210 
52.411007 
-502.682623 
-483.076980 
467.755070 
-185.121975 
315.318482 
179.572592 
953.612773 
-134.823713 
-543.955630 
629.704769 
174.911239 
102.026673 
386.776939 
438.963991 
-291.178451 
-576.622787 
261.936271 
-208.620284 
501.011295 
460.565744 
-279.404282 
-225.064518 
-262.030676 
-219.629985 
-401.541670 
-565.335110 
175.760786 
50.287989 
238.257386 
7.308229 
-875.878038 
-274.676935 
-70.510200 
-100.028085 
-271.520743 
-516.632937 
-466.609653 
-564.629804 
-247.589994 
-413.805808 
-301.268105 
-132.958503 
-954.765879 
183.962554 
-554.968094 
2.894726 
716.593150 
75.653259 
15.697250 
116.854871 
-60.975111 
10.835778 
74.645325 
268.582165 
76.224331 
101.468702 
-342.858806 
-327.155526 
-72.092676 
-99.083423 
-97.476476 
-369.510290 
-269.831062 
-712.704914 
89.862125 
93.067259 
99.720684 
157.150761 
-131.910813 
286.752220 
-45.098065 
6.948837 
-300.199262 
-167.686580 
-141.534045 
-177.583938 
-211.786164 
31.888746 
-406.639746 
280.019028 
41.275280 
-18.106508 
57.808362 
-659.171218 
495.879460 
-58.836976 
-725.784253 
2.986480 
-607.974378 
21.042024 
-45.097837 
-129.199342 
-471.443608 
-228.891076 
-382.165983 
16.971438 
-8.822104 
-242.138681 
-554.212575 
359.781673 
-72.872277 
-139.302191 
116.852875 
575.719955 
-76.035164 
-88.843848 
-232.679702 
-207.053750 
-207.054429 
253.880876 
-194.457576 
-67.440384 
-362.211187 
68.129006 
97.366720 
197.825626 
-127.766037 
-126.076887 
-341.811501 
37.906082 
-282.608061 
214.456664 
76.435495 
-489.852759 
-277.148852 
602.708292 
475.501181 
-336.105329 
-338.602001 
135.824103 
-613.619144 
-58.288961 
-100.525454 
221.772991 
-106.782891 
-459.460879 
117.686021 
8.883015 
102.260899 
173.229316 
-441.958288 
172.762873 
-505.781398 
520.742114 
61.431942 
-85.170608 
-250.431545 
-293.648169 
377.598511 
89.492381 
-207.054061 
-768.154524 
65.378624 
506.437113 
-1574.586911 
22.355454 
-2.322666 
-128.960680 
-339.483911 
446.250248 
121.943693 
-180.060035 
480.583262 
203.062535 
-207.052322 
-569.270621 
-613.371492 
89.861985 
89.862254 
-377.724009 
-731.002181 
112.743900 
121.685761 
6.228592 
-221.104582 
-45.102300 
-123.797866 
359.783818 
34.367789 
-269.110471 
-9.583186 
-730.303600 
-328.605176 
-233.834892 
-265.488021 
-468.015299 
201.712669 
-433.934523 
-510.459315 
152.775841 
-100.435609 
-206.880998 
-153.069985 
193.398658 
-406.903520 
-406.463105 
-252.415538 
-183.650975 
133.085192 
-45.101041 
62.867126 
-503.989854 
89.860368 
-506.513936 
-204.805045 
276.228426 
-204.723803 
-536.069369 
-550.845886 
-395.999194 
-35.248040 
172.493988 
-711.476841 
-829.880091 
-395.998757 
-218.020367 
-766.463733 
-581.404221 
-264.840713 
-76.489364 
-394.332675 
-572.198520 
-600.080194 
-118.130145 
-489.435106 
-98.652227 
-395.997953 
234.462309 
-306.960638 
-395.997779 
-258.417110 
-396.000593 
-686.922249 
-357.829861 
-369.007813 
-393.858065 
-397.237648 
-380.632214 
-385.938178 
-408.648627 
-395.999997 
-391.166931 
-395.999998 
-403.465838 
-390.454740 
-387.902589 
-397.839499 
-397.360703 
-390.262419 
-390.259012 
-414.747900 
-409.113989 
-396.000001 
-400.821074 
-389.449817 
-369.007811 
-373.461275 
-388.521125 
-407.169639 
-361.374440 
-398.470781 
-398.433539 
-373.907315 
-393.646067 
-389.230396 
-402.440518 
-390.624315 
-383.305490 
-404.051103 
-411.932840 
-397.434403 
-420.565913 
-395.999999 
-404.143522 
-392.760273 
-380.492937 
-397.144791 
-388.452090 
-378.553322 
-369.218785 
-388.365449 
-374.459634 
-396.000001 
-375.419028 
-400.798672 
-387.095525 
-379.107108 
-421.305175 
-374.080965 
-399.351002 
-369.007813 
-368.022136 
-391.718049 
-388.852358 
-375.148609 
-392.076867 
-413.667776 
-402.976658 
-363.508301 
-394.288302 
-398.410539 
-391.316287 
-407.487954 
-404.660541 
-405.074389 
-402.571981 
-382.365294 
-374.582434 
-395.412571 
-375.818388 
-424.791667 
-395.424637 
-389.962014 
-379.587696 
-393.084230 
-401.090947 
-359.743630 
-409.081157 
-403.988332 
-393.954389 
-376.692577 
-396.000001 
-420.398033 
-395.041170 
-363.524055 
-367.208334 
-397.490352 
-387.513353 
-386.924636 
-396.000001 
-383.705637 
-373.723566 
-394.801787 
-397.376373 
-387.880743 
-395.797563 
-389.719706 
-400.187996 
-396.000000 
-370.340806 
-390.971908 
-406.110639 
-403.213042 
-407.564538 
-396.000001 
-397.478978 
-393.292468 
-396.898905 
-409.914721 
-393.740121 
-395.999999 
-396.596980 
-404.154219 
-385.068986 
-401.174662 
-397.964668 
-396.000000 
-397.277941 
-396.000001 
-401.198680 
-389.838768 
-400.530999 
-387.210147 
-394.333755 
-389.381478 
-382.757440 
-393.724950 
-396.428247 
-391.148756 
-384.602548 
-410.612211 
-381.746207 
-375.977405 
-391.854406 
-399.089952 
-395.999999 
-399.038076 
-392.045059 
-382.983669 
-394.659147 
-395.165246 
-391.200907 
-392.260629 
-398.248452 
-401.378982 
-401.287669 
-406.797168 
-391.480242 
-390.871954 
-406.545265 
-396.000000 
-387.928073 
-387.786804 
-396.507887 
-395.999999 
-382.254476 
-400.108953 
-396.870088 
-383.415111 
-385.158246 
-398.595183 
-382.418843 
-414.091533 
-396.655691 
-398.333210 
-395.047596 
-385.612420 
-405.411611 
-369.007812 
-382.503908 
-385.834975 
-397.478979 
-388.681068 
-399.112515 
-381.185524 
-389.724557 
-396.954343 
-402.991390 
-406.406521 
-407.718748 
-402.891407 
-399.400861 
-400.053454 
-397.557053 
-391.712172 
-394.724341 
-388.689518 
-389.556908 
-396.000000 
-403.699870 
-396.000000 
-398.600145 
-405.921591 
-404.868864 
-394.026000 
-399.577393 
-395.999998 
-400.288669 
-379.612974 
-397.456351 
-404.902059 
-380.970333 
-387.988739 
-365.436804 
-381.821501 
-398.118636 
-388.747882 
-384.942918 
-395.999999 
-407.144392 
-396.000000 
-400.096183 
-385.552133 
-402.140798 
-392.402792 
-391.346502 
-401.268576 
-374.363279 
-377.497162 
-367.758364 
-391.458095 
-397.121597 
-405.573631 
-409.245706 
-391.979373 
-407.425739 
-394.275469 
-392.306799 
-398.719318 
-400.780993 
-378.434013 
-387.492759 
-402.097615 
-386.242908 
-396.000000 
-395.999999 
-394.418106 
-387.141615 
-399.584213 
-401.156076 
-384.717624 
-398.635502 
-393.949327 
-402.700916 
-400.097040 
-392.658493 
-384.881081 
-392.639799 
-392.433015 
-403.134168 
-392.436832 
-396.000000 
-396.000000 
-396.000000 
-396.000000 
-397.478979 
-405.076877 
-398.957595 
-409.965478 
-400.374801 
-393.356931 
-380.991439 
-389.627455 
-376.460868 
-394.753637 
-391.634336 
-401.195140 
-394.869962 
-390.330205 
-393.393120 
-399.015489 
-401.730264 
-382.879812 
-390.474086 
-396.000000 
-397.434405 
-391.880967 
-410.399922 
-396.000001 
-394.655245 
-397.144790 
-396.000000 
-398.894913 
-382.389440 
-396.000000 
-396.000000 
-401.905083 
-386.226968 
-396.000000 
-401.016161 
-401.198681 
-392.646194 
-393.227254 
-393.812615 
-380.990275 
-390.957203 
-388.317155 
-393.683641 
-390.332526 
-385.288369 
-409.022719 
-405.881208 
-389.561881 
-394.613457 
-398.549763 
-394.820405 
-391.485849 
-386.469833 
-400.026426 
-382.018281 
-394.926759 
-379.436459 
-395.628292 
-387.880744 
-401.014999 
-395.918604 
-379.511337 
-393.428261 
-383.305488 
-397.837029 
-395.920291 
-395.999999 
-411.377922 
-397.592203 
-390.137867 
-378.672684 
-394.613458 
-394.801929 
-377.834495 
-401.901385 
-396.000000 
-396.000001 
-398.538313 
-402.716920 
-393.169844 
-396.000000 
-395.999999 
-382.752685 
-398.415121 
-377.880256 
-385.364074 
-386.398257 
-396.000000 
-387.505178 
-394.949265 
-406.588860 
-389.608262 
-389.975604 
-382.954950 
-385.920034 
-393.567015 
-393.103169 
-405.529711 
-396.000000 
-396.000000 
-396.000000 
-388.400399 
-392.235283 
-389.981514 
-400.008629 
-405.404414 
-400.258037 
-396.000000 
-414.383799 
-384.750712 
-397.527429 
-405.502346 
-407.919619 
-388.452091 
-396.985064 
-405.449969 
-396.000000 
-385.723046 
-398.848620 
-395.999999 
-396.000000 
-406.150087 
-399.608210 
-400.258037 
-396.000000 
-396.000000 
-389.042834 
-396.000000 
-396.461110 
-385.996482 
-405.179560 
-386.624154 
-396.000000 
-396.000001 
-395.999999 
-396.563608 
-389.571726 
-398.858685 
-391.042808 
-391.501245 
-397.504599 
-391.060710 
-396.000001 
-396.205639 
-398.286313 
-403.213043 
-402.548642 
-399.414648 
-399.512005 
-410.972552 
-386.484293 
-396.000000 
-393.335871 
-383.736416 
-396.000000 
-397.504423 
-394.700116 
-383.322618 
-386.531923 
-381.422714 
-389.121577 
-394.482050 
-399.116482 
-395.863344 
-395.506832 
-398.306213 
-387.715821 
-396.000000 
-393.831399 
-384.844899 
-410.150092 
-369.007813 
-388.771295 
-405.322230 
-401.222359 
-393.994274 
-406.411181 
-404.649157 
-396.000000 
-395.700587 
-390.742645 
-395.999999 
-387.102539 
-402.116036 
-369.007813 
-396.000001 
-389.860649 
-379.185356 
-397.195929 
-396.640922 
-377.375057 
-401.951469 
-396.000000 
-393.329419 
-396.000000 
-396.128115 
-396.074727 
-400.885398 
-405.653604 
-381.901960 
-394.602795 
-403.392286 
-392.617304 
-395.440333 
-398.497621 
-387.801749 
-393.647089 
-396.481924 
-389.237773 
-396.000000 
-399.468780 
-398.719994 
-379.316511 
-393.227255 
-393.718558 
-395.205901 
-396.000000 
-396.000001 
-396.781067 
-396.000000 
-401.642265 
-392.554997 
-394.993837 
-400.166296 
-402.698437 
-398.733535 
-396.000000 
-382.490399 
-403.965342 
-396.045274 
-395.073980 
-396.000000 
-396.551238 
-383.881768 
-393.837925 
-399.198809 
-391.277980 
-390.710375 
-393.947575 
-400.217583 
-399.861593 
-393.311471 
-395.999285 
-396.000001 
-407.901104 
-381.119712 
-396.000000 
-398.496647 
-395.999999 
-398.464359 
-403.898184 
