4.046852 
-23.367107 
-24.186952 
-35.227306 
-20.995257 
-22.167365 
16.250009 
-18.543499 
-29.234558 
-29.676584 
18.277448 
29.160906 
49.269095 
39.750497 
16.655871 
-51.946502 
-81.075964 
-118.835339 
-129.078206 
-144.401818 
-109.492203 
-62.515742 
-18.470273 
70.574436 
90.173894 
81.355887 
56.276938 
83.352796 
73.245718 
22.556381 
13.091514 
-62.599527 
-83.407711 
-105.763972 
-116.935377 
-92.457002 
-85.873313 
-76.236189 
-29.234559 
-48.493919 
-21.742809 
-18.088602 
-7.771489 
-20.857624 
-27.996958 
-5.622898 
-51.740252 
-20.077266 
-95.796976 
-102.301023 
-113.448641 
-134.709381 
-150.390466 
-134.278391 
-87.882731 
-39.755724 
-29.234361 
-4.822434 
-0.057907 
-26.323254 
-44.476070 
-53.081702 
-73.492254 
-93.401689 
-77.930422 
-102.344715 
-101.350832 
-111.237447 
-62.060023 
-36.366823 
6.212631 
42.025233 
34.605660 
16.048835 
3.950745 
-11.013809 
-37.762413 
-59.777540 
-71.797307 
-90.306084 
-70.364941 
-39.387080 
24.193958 
-3.214341 
20.240320 
45.458192 
77.387257 
70.609369 
62.288417 
36.345547 
-4.291006 
-54.749996 
-53.523637 
-55.873291 
-36.328657 
-29.234426 
-19.076395 
7.136398 
38.726482 
65.811305 
70.015675 
93.783677 
100.379307 
40.807575 
4.046556 
-33.306331 
-77.049067 
-86.483698 
-70.122194 
-65.464226 
-29.234053 
-12.094016 
-15.353512 
35.128949 
50.146874 
31.094789 
70.609391 
87.729407 
56.643283 
35.937790 
13.598572 
-76.034753 
-129.078468 
-168.036565 
-162.359279 
-147.619747 
-103.320264 
-46.537186 
-20.767310 
-38.470518 
-47.705433 
-43.765376 
-3.955304 
21.191399 
56.454300 
11.130663 
-21.430934 
-28.104636 
-97.584115 
-113.265026 
-94.529326 
-69.795910 
-45.529580 
-37.995889 
19.913312 
14.285075 
38.931026 
33.617436 
-8.619100 
-61.336718 
-46.255542 
-80.809291 
-71.296790 
-94.951422 
-94.058162 
-91.923034 
-95.797109 
-86.877603 
-64.245829 
-44.939432 
4.046960 
37.508482 
64.088646 
77.984184 
35.666109 
64.013548 
-13.037336 
-74.980896 
-96.591732 
-95.754224 
-89.955493 
-69.980560 
-26.313961 
-21.483992 
-29.234389 
-4.273594 
11.218947 
12.755864 
43.331790 
41.039545 
5.481965 
-7.039538 
-53.461100 
-71.202604 
-84.279259 
-108.599289 
-114.006832 
-95.816030 
-64.234562 
27.936736 
52.806477 
115.139899 
107.015916 
85.030467 
20.687249 
-36.972803 
-29.234525 
-59.529262 
-70.963082 
-41.898957 
-35.611825 
-16.142285 
-29.234351 
10.572038 
17.604534 
8.135317 
4.313001 
-11.281449 
-21.098931 
-30.649004 
-51.126110 
-43.151059 
-46.041354 
-50.313656 
-62.515619 
-55.123521 
-60.296808 
-19.938315 
-12.243484 
22.086498 
38.875739 
55.788091 
39.068175 
54.729281 
58.476332 
8.840378 
-46.710555 
-10.923247 
-71.421150 
-50.344305 
-40.551824 
-32.496358 
-10.267907 
18.552713 
37.548302 
66.222309 
56.681066 
63.378784 
40.642678 
57.731323 
37.328206 
70.609374 
36.288303 
49.863518 
40.577434 
21.841769 
-6.019623 
20.077609 
-25.333213 
10.678080 
-8.697961 
8.082891 
27.958766 
31.162000 
14.596441 
12.877568 
-0.604749 
4.046751 
37.328036 
4.046991 
37.328108 
41.156077 
42.675106 
61.951367 
12.876468 
15.320456 
-19.063370 
-22.486369 
-27.589432 
-4.910736 
-3.320598 
42.614888 
65.733840 
68.514615 
76.077093 
80.640328 
21.651921 
7.679294 
-19.014898 
-16.097602 
-29.234360 
-50.373093 
-53.745346 
-107.317618 
-95.796813 
-83.259418 
-72.877864 
-62.515574 
-7.860790 
-49.504552 
-62.515525 
-36.999651 
-65.014501 
-49.964626 
-51.074948 
-49.752106 
-14.494539 
1.133385 
-5.516846 
20.411385 
-9.788779 
-19.447588 
15.241987 
8.678005 
-18.007824 
-0.175125 
24.197299 
37.918620 
44.710552 
13.978560 
33.931376 
19.942885 
-14.130124 
-25.976578 
-29.243388 
-38.816922 
-56.636223 
-47.163364 
-61.804398 
-29.827875 
2.272667 
44.212244 
12.873454 
14.213955 
0.736238 
-17.606442 
-61.076618 
-62.515708 
-49.829736 
-4.718217 
3.315657 
50.138535 
30.619271 
10.409125 
10.903257 
-0.825994 
-12.593811 
-29.234259 
-16.246994 
-22.534190 
-19.414821 
-1.499713 
20.687558 
69.136757 
38.310964 
50.661212 
28.887904 
15.019227 
4.047063 
-3.140456 
-50.761383 
-45.712078 
-50.018472 
-19.691500 
-21.075258 
17.788181 
-18.418221 
8.058721 
25.403948 
37.328267 
30.047618 
-53.155201 
-36.147189 
-43.896617 
-62.741429 
-73.179521 
-92.303260 
-86.693132 
-95.796895 
-120.378621 
-44.459275 
-70.236609 
-45.257199 
-36.061110 
-39.231389 
-23.418058 
35.885841 
37.327805 
46.237884 
15.600748 
-45.875119 
-62.515703 
-115.836852 
-128.656955 
-107.771349 
-62.516413 
-29.235077 
18.661369 
-1.499929 
47.549677 
76.559044 
98.261605 
79.640678 
87.250025 
40.447527 
4.046426 
-37.986072 
-79.342158 
-75.852272 
-88.007372 
-90.689426 
-16.647142 
-33.986041 
4.046670 
-1.161016 
-13.732804 
-16.872071 
0.435380 
-35.245657 
-43.388926 
-98.427492 
-138.372546 
-131.613604 
-136.258525 
-94.189983 
-62.515953 
-53.965674 
-9.523087 
40.272189 
30.067681 
28.524700 
21.384784 
11.962445 
27.150705 
-2.894011 
-9.082176 
-22.214664 
-29.988018 
-12.593828 
-16.654453 
10.506549 
-14.360772 
38.043028 
33.101342 
30.332856 
3.775483 
13.947994 
3.264480 
-13.010332 
-62.515652 
1.702669 
-1.801680 
-29.234581 
-24.152790 
-29.923751 
4.046719 
20.687417 
57.679104 
27.714733 
27.821776 
-12.733377 
6.105177 
-43.785608 
-29.234563 
-28.626347 
-12.593987 
-11.287206 
-23.303514 
-12.764061 
-13.233955 
-37.001297 
-47.024940 
-92.837261 
-126.353448 
-112.887639 
-142.952645 
-156.648453 
-134.861950 
-137.941413 
-131.307718 
-129.078516 
-90.706152 
-87.522688 
-35.593770 
-22.157670 
24.340661 
-15.253994 
-45.875283 
-112.437800 
-127.780024 
-129.078285 
-130.081531 
-82.358923 
-87.164994 
-62.118255 
-65.241627 
-64.517304 
-45.875043 
-26.336262 
-84.524949 
-93.070017 
-130.603668 
-137.398362 
-85.970969 
-75.209386 
-59.736172 
-66.520538 
-50.970410 
-75.781785 
-62.411512 
-77.248936 
-63.457159 
-36.241031 
-14.290563 
-45.874699 
-64.611762 
-75.823962 
-112.437137 
-104.185148 
-112.437105 
-89.735714 
-58.478858 
4.046722 
-155.321571 
-11.475265 
30.421450 
124.854924 
-149.175531 
-37.000468 
166.700881 
-95.797954 
-176.716188 
100.005447 
-373.672773 
225.810387 
-38.119248 
274.807888 
187.525749 
-105.779937 
62.085352 
70.609156 
-6.640865 
79.071232 
-29.233300 
-116.214312 
6.243946 
95.612896 
-108.364301 
-364.264508 
17.623504 
-112.118215 
83.188922 
197.547677 
-118.761297 
137.897705 
82.340952 
-35.916806 
297.673009 
-110.185171 
58.592095 
-62.516137 
32.003126 
-154.728890 
-129.096989 
-124.245604 
36.314419 
463.536222 
118.174294 
-27.361444 
333.187484 
70.608864 
-11.599146 
0.433499 
72.839689 
-10.959083 
-67.718300 
-47.834270 
-174.326271 
-62.516045 
-109.739213 
-183.846081 
-31.636956 
44.993296 
103.225116 
124.340257 
411.413239 
377.420659 
-168.908820 
334.953580 
-77.977987 
-190.178939 
22.523521 
183.359208 
-128.000009 
-28.737089 
345.646652 
73.706857 
187.937641 
855.974496 
126.506844 
230.461572 
-31.868562 
437.961739 
282.528620 
290.516932 
-53.805851 
251.775754 
248.373407 
274.427178 
719.592122 
43.045766 
310.041668 
110.397170 
317.998269 
334.011640 
-18.966555 
486.265477 
237.014576 
110.841615 
-60.490323 
266.687677 
259.862185 
-251.446246 
-123.892230 
41.190487 
-91.388454 
370.140503 
235.897326 
-339.185329 
333.147599 
129.184624 
163.144175 
270.297194 
294.194478 
81.828333 
-88.335966 
-494.803150 
137.919150 
4.049556 
225.991088 
-288.708497 
-192.648114 
275.683974 
220.400654 
253.657187 
-370.070966 
170.453458 
-7.909353 
239.122399 
-53.799228 
332.546061 
42.088597 
-4.376661 
-97.927533 
-335.813909 
10.771043 
10.444149 
-314.886209 
-222.052726 
-208.033361 
127.790365 
-273.434249 
247.102628 
59.167303 
164.160913 
91.953787 
8.079673 
-485.598163 
-778.153495 
-156.144166 
-227.622268 
-38.946768 
-321.555242 
123.620858 
348.388405 
-24.416220 
132.354384 
-119.813310 
170.451485 
-206.832985 
50.658466 
-386.975226 
336.858446 
-25.217664 
-158.203370 
19.601157 
-159.003825 
398.836335 
117.781014 
-400.440061 
1.242390 
-78.226573 
-60.448573 
354.988714 
-94.775483 
176.096200 
37.328602 
87.248710 
329.679875 
-647.744429 
-186.435859 
-173.079983 
-104.293870 
129.835115 
20.647812 
-99.015378 
188.338661 
-4.405548 
-359.728463 
297.463167 
-55.652429 
-125.795191 
226.088314 
5.095080 
-117.156749 
-152.203293 
-95.798400 
171.476226 
436.701787 
-594.638173 
-75.165922 
-188.930867 
140.354170 
-6.585070 
353.498636 
148.492273 
-217.962398 
-9.048327 
64.459812 
-103.761150 
-75.328186 
-292.631424 
-210.247543 
-392.907837 
51.992258 
-102.819295 
303.577578 
100.630071 
-10.376527 
-228.017624 
291.033585 
-38.207390 
-71.218983 
-204.642599 
-78.274249 
-178.736713 
-40.892925 
-132.760388 
86.740512 
75.764691 
-318.567645 
194.484539 
13.194810 
-53.577701 
-125.852796 
-88.219285 
116.007729 
-98.074188 
-41.976451 
246.755135 
-36.266891 
-30.221090 
-29.233486 
170.454582 
-101.095265 
-393.788987 
140.352160 
-46.344865 
-243.719812 
337.954669 
-377.837790 
331.831860 
-18.474587 
37.795821 
84.517367 
320.360705 
-313.064750 
139.440883 
-172.270895 
4.048866 
286.939481 
4.048358 
353.501440 
631.444473 
-308.357636 
209.526281 
78.080051 
308.674388 
-78.497627 
-66.659676 
-5.974968 
276.071235 
-366.959411 
13.466752 
61.954733 
-145.986902 
-40.455097 
-20.159695 
17.483385 
54.132953 
-180.984983 
37.954997 
103.890601 
-127.935446 
-55.143284 
-153.221974 
4.046388 
72.658085 
-341.614659 
320.219148 
176.284484 
-147.367312 
103.890439 
282.501324 
-325.673098 
16.402352 
-444.210034 
-351.137329 
-157.677022 
-57.748743 
-93.945560 
242.356737 
-151.299741 
-9.854919 
365.374890 
314.186430 
-3.842295 
-13.692261 
181.789715 
-239.957874 
133.164754 
242.697943 
125.564071 
-42.047983 
-59.282652 
12.875928 
-88.627156 
8.717573 
119.121240 
-37.382147 
133.569969 
-168.242957 
-197.004010 
90.335321 
94.074740 
-166.950998 
117.840413 
-206.481534 
-115.340700 
303.578995 
-110.246733 
81.615605 
45.029394 
-20.566293 
-173.321025 
316.300667 
-113.524912 
-184.296239 
37.328536 
320.219744 
108.973312 
-243.257006 
86.786372 
-285.500860 
4.046601 
-88.296344 
-158.811164 
-131.435113 
-365.361450 
17.650054 
286.937345 
115.452628 
-141.676814 
64.043662 
28.188618 
9.223631 
-24.934667 
-89.764187 
-107.781479 
-62.614201 
-223.232004 
187.092975 
-134.278947 
-21.953975 
-22.235661 
-153.037052 
-189.724306 
64.440264 
-124.209861 
121.008285 
286.936406 
187.009391 
-233.268053 
204.449377 
40.621518 
-67.589606 
-252.471954 
-365.837877 
-112.894812 
120.531868 
17.634144 
-55.298469 
70.605858 
320.218162 
110.715301 
-39.258352 
-144.137505 
-29.234066 
187.097024 
102.813617 
-54.752985 
-151.118574 
25.915167 
20.861599 
63.793914 
87.249991 
86.210208 
20.688860 
71.976197 
56.634143 
164.420542 
252.840658 
-97.611864 
140.749055 
76.023449 
353.501136 
198.627100 
-113.882796 
-48.315844 
-129.493595 
61.178049 
-267.789583 
154.338203 
-151.076529 
363.185125 
-210.565098 
186.205695 
220.374440 
-304.354326 
607.396787 
-18.223259 
68.438732 
-304.472713 
-59.869444 
-80.862101 
-136.643147 
151.970368 
-159.198877 
35.784485 
176.602003 
4.046943 
-204.979534 
-53.648492 
-15.722091 
-317.259418 
44.014939 
-228.259655 
231.049677 
104.085963 
132.779811 
-8.722517 
70.611134 
11.766834 
-33.302424 
53.968786 
-221.104936 
-144.619640 
20.687611 
-62.514582 
-219.886250 
-170.002544 
81.066105 
-231.769548 
-58.146326 
-259.167032 
-12.593538 
-78.642064 
-12.592776 
-123.190866 
-88.913906 
68.047616 
-101.456064 
-638.328639 
172.081977 
-372.146506 
-143.603137 
-142.661873 
-262.902403 
-122.896433 
46.136756 
-393.747664 
-118.469572 
-79.155504 
-1.739503 
62.251325 
-354.122848 
-193.788518 
-80.442855 
174.586542 
-79.155101 
-95.796128 
-310.222283 
87.250485 
-42.210742 
-218.610645 
-229.203042 
-325.761642 
82.611136 
-58.497630 
-12.593691 
-46.603997 
17.589401 
-425.507194 
-284.774329 
-168.599455 
-160.897249 
22.426639 
-147.392426 
-145.185139 
-127.505253 
-63.656826 
-200.420779 
-360.740200 
-178.632409 
-150.106572 
144.516326 
-62.516222 
-107.835197 
58.173298 
-45.876339 
-19.208413 
-179.001780 
-277.569130 
-79.899980 
336.860990 
-95.186346 
421.839564 
514.297593 
389.241407 
-322.085573 
-125.748993 
39.388221 
37.328525 
-365.133826 
231.494113 
-349.956152 
236.492369 
3.040538 
253.604450 
647.658931 
247.570365 
160.948055 
386.778336 
11.000275 
-120.054507 
320.215447 
175.769364 
251.828565 
78.117933 
2.338996 
-543.250631 
-30.422052 
94.346945 
62.966856 
-6.909521 
-186.948093 
241.928616 
287.202379 
110.251814 
469.643499 
521.090609 
267.980618 
170.447304 
295.815384 
151.559399 
-471.476594 
-101.806498 
-0.887103 
662.587659 
-214.283769 
-41.729897 
-282.097493 
253.653138 
97.696346 
525.379920 
272.074449 
587.657625 
269.254992 
332.727603 
180.768912 
1218.809085 
115.498930 
68.640822 
-63.131589 
-51.216918 
13.899629 
-256.656722 
73.377678 
193.411111 
-158.658899 
186.986163 
-151.190136 
490.720292 
251.273517 
585.138496 
117.681873 
189.643518 
12.394269 
365.401456 
206.081913 
954.366543 
-156.348527 
144.621288 
-46.118042 
231.552169 
437.317690 
297.765263 
139.515546 
202.530779 
393.961300 
-194.862981 
586.471950 
-209.906318 
636.727819 
244.577699 
424.501762 
296.964086 
-36.870139 
180.163562 
503.270404 
-264.731737 
205.815909 
190.501670 
198.731067 
-166.361956 
28.702874 
330.202423 
-140.519349 
386.782890 
200.025892 
-262.419179 
558.811378 
10.990279 
526.428078 
237.017322 
473.683079 
-220.435559 
4.778848 
-316.638432 
176.797564 
270.296525 
349.029347 
-799.700055 
-215.141458 
300.796230 
202.797110 
353.499311 
-334.310956 
370.141051 
-380.790483 
25.439848 
148.759082 
172.146694 
-160.662380 
208.354961 
-520.393433 
-216.974164 
218.752166 
-13.104493 
-12.041480 
-288.925325 
-242.056969 
-367.421997 
-239.885384 
-17.365161 
0.926718 
0.655728 
-452.950772 
73.822227 
-665.074058 
-678.282388 
-491.553841 
-1.804850 
-136.773460 
-201.828012 
35.305311 
274.829429 
-24.312218 
217.284646 
-5.063724 
203.735690 
-257.119971 
26.763785 
-398.089941 
619.750938 
-255.499045 
-251.222411 
168.064162 
-80.134758 
-274.554233 
138.238246 
-713.693177 
132.654865 
-112.770608 
-211.357756 
405.621891 
32.125374 
80.665673 
87.244571 
278.618502 
523.196751 
-425.652298 
48.573659 
-488.941235 
-39.275787 
638.245734 
-119.111441 
-84.944384 
45.189849 
-68.392795 
-498.160071 
218.741953 
297.386542 
-17.328528 
311.181911 
216.116295 
138.622237 
140.003605 
403.420485 
393.568325 
453.344659 
-658.245621 
15.105046 
-167.332454 
170.951147 
16.602619 
303.578865 
92.217697 
-426.299374 
69.178263 
-610.352324 
-18.099593 
277.853166 
-48.460024 
-269.968191 
-262.948739 
-142.342951 
65.558449 
553.187224 
69.006670 
-51.422270 
-144.621661 
120.993872 
31.985033 
420.338769 
-304.065665 
64.128037 
-321.296698 
-38.944320 
-165.053194 
-66.996260 
44.216206 
-429.425427 
120.631947 
248.999124 
10.503184 
-119.231289 
59.330254 
51.087663 
-132.988502 
-155.681484 
202.902974 
-219.560212 
18.889247 
137.170239 
553.185689 
-453.537687 
-109.152321 
-257.526143 
-3.190749 
-37.534785 
249.510287 
-620.653840 
78.469035 
-108.464090 
216.846666 
-134.966870 
343.914151 
-295.723174 
-108.213424 
-115.954133 
320.218364 
20.686388 
253.655240 
237.016242 
331.682641 
-205.089919 
364.962200 
-37.226016 
350.395949 
-440.948228 
-355.315081 
-62.015917 
375.682143 
-389.180221 
-10.302008 
116.325374 
-126.326493 
-565.045476 
-213.040359 
-158.957632 
110.762162 
-235.264100 
32.014828 
53.969805 
112.849750 
-43.790732 
-108.951295 
486.627642 
-202.995989 
-726.383313 
4.050890 
173.347280 
-148.671403 
486.627621 
-196.745666 
-88.318936 
-250.706747 
-459.809730 
148.295212 
101.786080 
-46.202717 
-306.231746 
184.149208 
-295.716576 
144.155680 
243.092371 
339.981524 
-136.004942 
142.557839 
231.864561 
-226.853233 
87.464213 
407.233140 
176.578587 
108.193016 
-72.923587 
-403.565728 
-192.525673 
-8.061033 
197.920606 
-230.453753 
-386.204352 
-83.165273 
-515.114757 
468.475707 
-5.222069 
262.690756 
3.203905 
-300.952054 
262.767707 
1019.120170 
-720.271426 
222.344592 
-95.588218 
-42.482189 
-508.004237 
149.644877 
-374.080369 
-259.337404 
286.934628 
220.370430 
209.296504 
-257.250175 
172.735605 
-409.753908 
253.653291 
-195.076904 
-172.402609 
-58.709880 
-551.978187 
-118.944698 
120.528796 
209.725758 
-84.452194 
-15.194155 
-62.624141 
22.403342 
251.786370 
76.239622 
-10.471595 
-80.920414 
-188.322922 
-95.795075 
-103.075218 
-257.001043 
-47.165272 
-291.007115 
-164.707142 
178.251669 
-452.906556 
198.575901 
4.050529 
-16.450291 
-488.942758 
-87.348604 
71.794929 
-60.449760 
-501.001127 
-67.494535 
347.182481 
-12.589740 
-23.708182 
65.488516 
120.534284 
87.253316 
-120.532473 
10.265699 
-585.748901 
453.346889 
120.533307 
146.478401 
-161.248215 
-247.286430 
300.863523 
181.212559 
-60.709377 
286.938258 
-559.654603 
-29.234655 
-233.145057 
110.290045 
241.617807 
102.670140 
-256.937922 
-123.619222 
258.693646 
220.374508 
110.511724 
-160.934382 
-60.011179 
-475.540628 
-6.422255 
-338.538128 
-298.749609 
-50.763531 
151.536355 
-100.494467 
138.097656 
253.654984 
-183.361681 
517.244402 
96.765749 
211.039828 
-242.263628 
-233.658536 
-42.869806 
-109.789622 
-12.721253 
-131.046888 
-163.331829 
-134.036403 
-79.154878 
-397.533920 
50.767909 
-218.624170 
-426.139713 
321.971899 
-193.229098 
268.490627 
81.121717 
124.091734 
-57.949190 
-79.155235 
-50.974079 
-462.238516 
-62.515388 
-212.592621 
-365.578877 
20.688082 
4.047887 
-98.212153 
-127.799213 
-283.171387 
-7.033689 
60.201020 
-413.584272 
20.686570 
-225.158852 
-62.515466 
-135.199837 
-44.022279 
-85.712580 
175.861186 
-477.854116 
7.131460 
-517.848530 
-173.386937 
-25.039830 
-32.760279 
-297.908344 
-273.164705 
-436.824329 
92.181059 
-62.516142 
-28.917379 
90.999021 
-511.086295 
-289.591202 
130.999772 
371.651211 
4.044753 
20.685814 
-151.054322 
-79.158047 
116.933145 
-84.401418 
-122.041859 
-226.798262 
-23.191566 
-114.592954 
-29.233320 
125.624448 
-404.942832 
-193.286553 
-391.594547 
-236.203083 
-250.463153 
-166.587809 
-27.280586 
-153.180284 
-99.598944 
9.333292 
-233.978260 
-136.224173 
43.697531 
-243.170173 
68.676027 
20.689616 
-150.132653 
81.815242 
-178.998082 
-21.171339 
-178.998098 
-427.972249 
-104.075106 
469.992149 
182.982174 
-335.834103 
308.702120 
-156.984162 
-168.695149 
105.009657 
-79.109044 
403.431576 
-385.924163 
335.997139 
29.708845 
475.568176 
42.188961 
501.046604 
202.724502 
6.090637 
39.836301 
203.741348 
261.377934 
159.743880 
103.896287 
91.236603 
518.285351 
-269.447538 
-122.323472 
-354.896530 
530.151492 
210.751596 
288.352349 
462.931528 
66.297760 
139.601456 
168.317261 
161.100477 
12.916304 
-65.539100 
-274.701647 
237.014626 
568.273666 
133.778163 
-45.859034 
123.355062 
267.621177 
769.744722 
447.540997 
185.425982 
-313.938076 
519.906322 
114.898040 
585.587677 
-186.505310 
-22.373555 
44.607025 
310.543779 
-1.459409 
220.371530 
-199.158472 
-64.511817 
27.952425 
402.026069 
88.639390 
-230.962033 
-105.603893 
452.764796 
-42.329481 
227.562423 
-267.818089 
-422.072631 
398.945961 
-15.562356 
88.271054 
-55.839081 
-59.370463 
-27.116200 
331.698019 
1301.609580 
36.213711 
7.055787 
28.543365 
214.016346 
130.144262 
31.875461 
-125.591839 
-12.809215 
-144.145212 
-152.958352 
153.814058 
52.479085 
437.154763 
138.862424 
122.755930 
432.310608 
-26.944060 
-146.328793 
553.188709 
-134.537833 
249.030821 
338.267966 
-7.487277 
44.647179 
-363.616089 
104.595031 
-199.157695 
370.150066 
506.023074 
-382.915900 
120.533873 
335.554060 
-111.094933 
170.462378 
455.500947 
-144.535501 
474.769246 
-346.734213 
-144.126615 
303.588762 
108.495521 
-238.426681 
137.375558 
540.039694 
71.523875 
-29.211796 
149.755941 
919.286472 
203.506669 
36.368045 
-222.708654 
541.364365 
-345.623875 
143.686479 
110.623401 
97.256882 
238.859721 
-21.058645 
-38.984835 
-16.256364 
-712.067547 
-150.870252 
-69.331223 
71.406351 
40.453921 
13.092613 
-134.230161 
370.725994 
-328.978587 
-271.968174 
-181.300569 
-271.141729 
158.995576 
315.024862 
162.206382 
126.036440 
-259.034306 
78.697781 
6.947565 
420.059578 
24.485784 
-211.708742 
-350.018317 
403.423604 
90.194363 
-26.934373 
274.483212 
79.331758 
-26.338808 
5.709900 
-385.485737 
131.817129 
-67.762039 
-327.981719 
136.786145 
-84.810606 
-396.558993 
4.044530 
237.012271 
277.092542 
125.340593 
-67.326860 
18.001961 
181.715554 
140.265765 
-420.697620 
238.663873 
-269.396870 
-7.196235 
-302.353636 
265.545930 
-114.088583 
156.357647 
377.271263 
29.655784 
-110.668838 
-205.295585 
469.981539 
34.706876 
553.182115 
-446.042675 
-165.575375 
-181.657974 
125.779663 
-107.924494 
336.859171 
9.412562 
-1131.179945 
-557.486375 
487.799804 
-71.818396 
433.473729 
-187.079409 
16.609689 
171.050170 
6.946437 
-151.636614 
519.910200 
-102.434448 
-374.243869 
-375.565444 
181.882910 
-313.517915 
-94.239050 
-93.785662 
166.029931 
-28.577419 
-208.057038 
61.835484 
-304.916551 
-176.446534 
-236.750236 
217.770763 
210.150334 
222.165293 
-127.024173 
-123.338213 
-201.675236 
176.371861 
-409.593868 
17.235049 
-243.864215 
-64.195732 
103.892059 
852.721446 
-449.895670 
-0.807923 
-197.379332 
112.850363 
-175.460161 
544.388956 
-832.249683 
126.199661 
-321.355567 
228.223329 
-370.149213 
254.253024 
-157.117983 
77.683014 
-87.348432 
420.065755 
4.052383 
420.066123 
103.892994 
65.001268 
-65.967639 
395.522754 
-210.118113 
210.879232 
-381.634154 
-249.810634 
-1.364641 
561.935187 
-109.533719 
-81.887722 
-185.269610 
87.769897 
-363.285367 
224.163658 
-311.931303 
150.193088 
-150.634405 
-42.380677 
153.813363 
-154.284323 
-285.926965 
-94.416315 
453.346722 
-69.044305 
-120.914777 
4.046848 
8.625122 
183.445212 
503.270279 
211.495374 
-148.877024 
-225.713121 
-344.368244 
186.772218 
-145.945912 
236.942978 
-235.035783 
160.351740 
-383.801183 
263.105122 
-280.391390 
39.153358 
-411.361089 
-22.591084 
117.835221 
-317.887792 
-305.670558 
-357.831007 
22.459091 
-72.099602 
6.298809 
-101.998806 
-274.160988 
85.490039 
86.683979 
206.966483 
-195.061955 
-338.093404 
-586.592113 
108.912423 
-286.908527 
-125.245951 
8.562580 
-45.668264 
16.399211 
386.779519 
109.549076 
171.123862 
-49.612166 
22.273728 
24.905073 
161.780180 
-280.044944 
-86.587530 
270.296163 
286.936219 
88.218830 
-236.793899 
-319.264767 
-409.749159 
353.499999 
-338.960335 
-74.269675 
-99.596936 
-253.059973 
-182.840528 
320.220775 
34.301857 
69.064599 
6.416246 
-308.232718 
35.002872 
-39.488912 
39.870407 
213.615953 
351.724924 
-24.168002 
4.049231 
-24.029529 
-186.280258 
72.674797 
-72.373902 
-178.512461 
241.939298 
-157.846020 
321.793472 
87.257720 
104.173468 
-267.098423 
-7.180922 
-41.054672 
-183.924046 
-349.398250 
-27.846581 
15.184129 
-12.592147 
129.112163 
71.218619 
137.175324 
220.387029 
-13.563061 
144.563002 
-344.952533 
370.144345 
353.502978 
297.761852 
-125.753848 
-344.363593 
-20.198654 
219.837866 
-150.596076 
187.101997 
-105.152567 
37.333419 
-48.898149 
122.843670 
62.247989 
233.310782 
-330.019007 
-268.537837 
63.325153 
270.300968 
-247.435991 
25.702451 
-108.202993 
-478.611809 
-208.431897 
43.847245 
-123.254883 
-51.199264 
197.687358 
32.208723 
336.717901 
120.534537 
-400.003085 
302.327820 
-119.377767 
106.042378 
-345.214273 
96.182207 
-423.571678 
-455.375445 
-225.977219 
45.301205 
-33.454861 
91.526138 
-62.516391 
-123.822294 
273.226088 
-76.252393 
-818.236389 
98.819967 
-406.641336 
-87.782876 
-88.873833 
65.419542 
-285.916039 
37.324564 
-388.181325 
-255.867120 
53.973504 
-487.500133 
-259.157396 
-112.440369 
-162.357670 
-241.587527 
-322.772164 
-241.497041 
-99.616756 
-118.470306 
-450.732428 
-29.234959 
-230.530448 
-12.596356 
-35.115798 
120.387067 
-170.904941 
-105.944521 
-310.073252 
-119.756162 
-206.341553 
-166.168623 
117.276328 
-290.292004 
55.701884 
-169.004768 
-45.852538 
-29.052452 
-45.875452 
-205.498503 
159.131780 
-290.945650 
-85.269844 
121.319085 
96.952757 
-62.517241 
153.810918 
-280.441787 
-12.594553 
21.123736 
-146.205823 
-82.811157 
-174.358119 
-199.942762 
118.175543 
-12.594354 
-92.559401 
-61.332774 
-174.945567 
-474.104285 
-168.598827 
-249.608520 
43.887597 
-232.243084 
-7.264466 
-19.032330 
96.251055 
-143.892426 
-305.748508 
71.013777 
-147.515028 
-14.416990 
-45.873684 
-155.151018 
-176.181741 
-178.991533 
-20.747820 
-178.995296 
-371.001693 
-557.248789 
220.381182 
180.407517 
-200.180161 
236.686731 
-122.759060 
-530.887916 
-107.995728 
16.835034 
586.477384 
-14.717078 
167.864006 
-41.863241 
194.371391 
172.389664 
646.777138 
137.951623 
-121.706870 
57.648900 
220.380829 
83.480350 
404.162125 
370.148298 
217.308594 
410.678994 
-339.343480 
-29.058441 
418.004449 
342.179037 
290.011396 
-172.796027 
97.053312 
100.016850 
107.841712 
358.389571 
-510.500845 
164.627924 
44.677503 
-93.797826 
852.721930 
640.648400 
-71.828307 
96.512855 
186.777153 
414.677247 
682.806349 
128.349893 
-331.715501 
-17.531194 
170.457976 
268.558818 
320.163576 
-146.480494 
148.633868 
-170.680180 
-138.861161 
412.399496 
237.017584 
277.909749 
-193.602145 
5.072403 
-309.694321 
94.958150 
-199.484627 
173.696730 
154.291149 
-70.847797 
97.196555 
53.204962 
467.234132 
476.937295 
57.024696 
103.818361 
110.663810 
45.455806 
-83.656926 
382.504057 
383.801667 
-212.956298 
-157.685241 
160.094483 
212.808817 
253.453993 
-46.320802 
-92.305567 
-69.878322 
343.645890 
-40.857677 
170.448840 
524.449018 
7.072630 
-218.643173 
388.994881 
19.498891 
28.062139 
-199.751376 
-29.235291 
-1.479041 
54.148605 
-59.614982 
-61.115735 
-511.051403 
-161.823707 
46.936928 
28.319163 
885.991770 
214.075302 
-481.122812 
-39.564462 
-142.205884 
-301.606118 
70.611457 
-62.282824 
-319.031219 
-3.989742 
-251.036067 
-38.555404 
386.777857 
33.136211 
-452.484315 
-213.248241 
-59.585283 
35.918715 
170.458197 
127.003942 
-62.493675 
94.889416 
105.003419 
-79.701875 
428.641803 
-360.910679 
-67.237569 
59.216413 
13.916269 
153.648067 
-141.178908 
-243.040768 
-335.942442 
-206.525311 
-238.650154 
-15.157600 
27.599253 
-613.727223 
-177.609700 
-263.165274 
267.040645 
-212.425520 
-363.587712 
-108.517002 
-368.861804 
344.323243 
45.284078 
-35.255745 
117.371382 
-208.734048 
103.705754 
71.586969 
37.327768 
109.978723 
-106.698788 
-91.720942 
553.189068 
-284.846406 
-464.146323 
201.910105 
96.926199 
118.997613 
360.979091 
-516.685182 
-168.095218 
120.680164 
-60.887437 
66.226608 
-191.631708 
-509.954169 
170.454921 
420.064003 
495.220796 
-104.883490 
-65.708112 
-272.692550 
44.631635 
-14.731146 
-126.787591 
37.206812 
53.670976 
148.986934 
144.647471 
245.467395 
24.655983 
103.063377 
281.804139 
74.004790 
335.969296 
32.978882 
719.591811 
202.516918 
320.218159 
-454.420530 
-177.318758 
-262.014676 
-103.793565 
-22.943899 
320.219818 
-47.864412 
10.604670 
-72.047129 
113.122523 
-39.435109 
120.179705 
-275.093449 
313.716124 
38.781832 
-320.320481 
68.409374 
187.094753 
315.709882 
251.446337 
-329.523951 
-260.044984 
39.763834 
47.933550 
284.298967 
-118.779764 
-56.571721 
-122.263838 
115.766348 
116.328222 
113.378396 
-56.471562 
-5.736529 
197.282483 
-15.199962 
-146.291749 
-187.829613 
-169.135410 
-189.065078 
-117.376870 
132.230690 
-296.700824 
-126.478197 
752.880033 
237.023879 
-462.436040 
-272.371057 
-128.537371 
120.272192 
451.624627 
-80.942115 
-423.206657 
-68.675098 
99.879748 
-40.303782 
-102.139783 
256.276131 
-21.421336 
-69.573348 
-1.418523 
-95.791471 
-95.792302 
137.173119 
486.630616 
79.713770 
-254.152613 
253.004837 
-184.188806 
215.463374 
170.026777 
-162.138014 
118.610274 
324.831388 
-331.437884 
-11.177653 
157.978169 
100.525881 
-255.846412 
106.436191 
-220.024159 
-149.909719 
-80.960762 
-181.464868 
-12.590251 
-186.073053 
-363.750616 
-240.216865 
-62.512933 
-89.157363 
-836.897720 
203.737828 
423.558252 
214.339216 
386.782251 
34.001697 
-251.311914 
87.796178 
-495.159081 
-14.443568 
-54.880216 
240.482893 
114.907326 
-23.477596 
-349.442977 
-52.009217 
-115.340337 
131.068295 
22.061803 
-232.713160 
-43.373556 
50.182442 
-138.847205 
177.519048 
201.198345 
-204.499397 
-166.136841 
-35.127853 
-110.474235 
106.122749 
143.714581 
-284.044234 
-292.486828 
104.649661 
-417.309184 
176.676005 
-134.138817 
-202.774750 
3.386355 
74.134787 
332.328345 
486.623697 
-119.598449 
-310.699448 
-67.956319 
31.365097 
27.753221 
332.870367 
-140.477069 
-139.932820 
187.091508 
87.249436 
35.486976 
27.082014 
-81.380736 
87.264382 
53.971052 
197.136715 
-400.898012 
76.214736 
-154.907429 
-114.810968 
-95.797008 
-29.569269 
-214.141689 
59.351959 
63.785385 
147.376812 
66.043155 
-92.336399 
-402.341273 
176.461933 
-78.896558 
286.934188 
219.331012 
-563.814284 
267.030487 
75.735376 
-185.211847 
193.218792 
-266.586818 
143.198586 
153.809934 
-101.447957 
-328.191410 
-202.861322 
-60.965213 
-123.274486 
-444.935057 
-315.058671 
-10.640911 
103.884657 
-54.981201 
124.044486 
253.652269 
20.687152 
-88.968445 
-8.596055 
-367.120102 
187.100982 
-45.866123 
-61.051642 
-374.249853 
-153.228021 
62.765831 
-37.950260 
-14.538830 
70.600238 
-303.806113 
103.893125 
150.938824 
-146.448798 
-16.882636 
-197.265691 
-64.543793 
-430.315313 
247.119890 
-245.574137 
100.901158 
-243.894015 
88.542179 
-114.509584 
-69.960459 
62.780494 
-49.526756 
-47.075559 
994.020629 
-239.839708 
338.784203 
53.967513 
-109.728221 
-131.819635 
121.636694 
117.259014 
31.836191 
-123.046314 
-68.419365 
-332.816240 
-22.628838 
-289.640614 
77.130948 
136.250513 
37.330270 
-276.344874 
29.705113 
-23.215656 
158.682723 
93.351827 
-201.709063 
-441.401879 
-170.339385 
-80.820127 
-10.919596 
53.968455 
-70.761204 
-316.238293 
-29.233754 
-344.308705 
66.872505 
-29.233757 
4.047380 
-117.966038 
-414.505447 
-166.577879 
62.893344 
-138.387518 
-305.060919 
4.046344 
-30.448617 
20.687953 
-242.392129 
107.098568 
-114.204642 
-108.579654 
-505.908581 
-281.889092 
-212.479593 
93.895145 
-61.693217 
-120.982246 
58.445078 
-232.936975 
-133.307374 
-97.013977 
37.328165 
-158.654065 
-49.385519 
-167.060084 
-201.266076 
31.308978 
54.806360 
153.813570 
-95.795906 
-428.324680 
4.047681 
-382.347731 
-196.605687 
-400.633422 
-120.889063 
-174.001474 
-97.026386 
-12.591757 
172.239284 
-106.504840 
-127.033221 
-242.505648 
-102.034876 
-97.599767 
-206.608635 
-236.070173 
-73.822391 
-58.453331 
-255.249275 
-30.663335 
-270.198622 
260.457390 
-308.911097 
-20.284341 
-178.995659 
-200.215773 
-131.505630 
-178.998156 
-43.236057 
-178.998998 
-406.053883 
-91.102857 
237.016429 
-194.693529 
-453.571582 
246.315492 
-320.145929 
-511.127056 
-1.499449 
-34.177263 
619.750607 
-591.233449 
237.021753 
-96.393469 
-135.852683 
-197.211535 
795.914503 
328.209081 
-326.116741 
-16.536147 
120.531597 
50.430972 
287.283209 
203.735085 
73.282359 
86.965777 
-481.012101 
-200.136136 
441.792539 
304.811097 
110.679423 
-259.615281 
-238.756170 
-127.019043 
81.583241 
0.459596 
-197.592747 
311.017243 
15.588121 
-171.088669 
719.592812 
494.381616 
-33.746027 
-70.109201 
154.833381 
254.444524 
870.610163 
120.225928 
-227.874385 
-193.700169 
203.732982 
140.620180 
125.905948 
127.807757 
147.887826 
-153.000130 
-30.065147 
44.438774 
237.014105 
-41.230240 
-335.525836 
-125.278403 
-299.969446 
-55.533381 
-231.134738 
130.601207 
77.612025 
-232.390478 
-46.536605 
-228.258392 
396.622480 
121.757011 
149.059179 
175.997455 
-209.345232 
-123.386047 
216.749559 
650.457018 
61.108338 
-81.700046 
-44.687103 
-123.194699 
298.340554 
237.230448 
21.651672 
-368.008032 
-178.288216 
-197.124189 
-96.681716 
503.264580 
69.717713 
164.173251 
-282.026440 
317.999145 
222.956518 
-122.768687 
244.074754 
370.139809 
68.064505 
22.418242 
305.127931 
-322.979356 
-178.071405 
36.004688 
81.925133 
95.816739 
686.312185 
59.393659 
-327.786788 
126.261718 
-47.920897 
-182.904871 
919.279500 
-1.637241 
199.455990 
164.899669 
72.199941 
112.829751 
170.454026 
382.938159 
-153.756251 
-49.604876 
-44.228539 
36.682727 
653.030870 
-322.125856 
137.171197 
-103.082645 
187.094613 
34.683705 
382.762849 
132.989551 
-55.417092 
-3.338987 
40.882186 
268.049345 
-5.816396 
-327.370165 
-26.226955 
-121.334946 
-204.860477 
-180.267301 
244.571425 
-511.812288 
97.923251 
-341.793863 
37.818531 
-417.014519 
-541.077063 
141.956054 
-165.527338 
435.008675 
-327.512681 
78.511541 
36.776677 
-277.607419 
97.723555 
105.567922 
403.422476 
41.820206 
-72.501945 
19.930065 
103.890318 
-241.096478 
-186.154837 
62.812656 
221.017334 
90.911223 
74.000172 
168.425355 
-170.046800 
5.290506 
-51.899969 
-291.618389 
-5.139065 
-668.222875 
237.015404 
336.858094 
-111.648085 
-380.303587 
-406.282667 
-5.333366 
-150.677970 
90.996142 
-165.342733 
-256.794969 
-120.825186 
155.521616 
-47.774923 
34.822881 
18.457525 
138.663669 
-158.449451 
220.807194 
477.013141 
-69.019487 
237.014446 
303.578878 
420.062156 
-527.234031 
-457.047898 
-226.730646 
37.657405 
155.235911 
553.187070 
186.980608 
-597.539596 
-343.537381 
9.165882 
143.753470 
-35.518515 
-115.153352 
-276.074829 
113.191685 
1.782465 
-117.085925 
270.296552 
470.461628 
187.093942 
-312.276202 
-172.167273 
149.328663 
255.315861 
377.653909 
143.436900 
-248.538730 
-279.226967 
79.859092 
179.054280 
293.862070 
128.181510 
138.566624 
-22.887748 
-122.819910 
63.441672 
-247.464236 
15.741874 
-215.689709 
-156.336638 
45.943613 
-225.659381 
-106.712340 
220.375524 
203.734699 
-117.618422 
-273.121500 
86.137226 
-346.601522 
-60.217048 
-45.474448 
-250.147456 
86.807039 
155.556994 
167.785376 
-260.516377 
271.341430 
582.585412 
258.726978 
-316.610725 
-95.796114 
220.375626 
286.938208 
37.328706 
193.613405 
-99.079331 
259.195155 
17.477514 
-12.247607 
-293.107024 
19.276035 
16.792404 
227.003028 
-285.818784 
-354.193486 
-19.658073 
-220.577092 
-349.996159 
-214.754148 
-25.198013 
165.936929 
-9.859586 
-397.732813 
70.609490 
193.089113 
-4.623048 
-70.374444 
137.172205 
4.666867 
-465.375647 
436.702923 
48.956888 
33.575500 
386.780948 
-125.750177 
-162.925851 
-255.383874 
-91.637307 
-341.430584 
-136.363529 
123.356246 
-90.588834 
-115.110374 
-358.072765 
-199.518548 
-7.899378 
-228.493018 
57.240523 
-48.621289 
98.742420 
285.434340 
211.168853 
-79.028486 
-164.064330 
157.103433 
166.355734 
-167.528518 
-302.330599 
48.705236 
273.498939 
260.374207 
117.135424 
-128.149010 
-291.828101 
143.660953 
-157.718619 
-130.060710 
71.459807 
274.774657 
52.411861 
-129.078493 
-88.700721 
21.855918 
0.500575 
41.369233 
-12.465486 
104.947220 
-247.658923 
-87.925562 
87.250046 
-12.593865 
-84.505785 
11.000060 
-10.286066 
-19.248156 
37.328020 
204.232413 
75.618111 
259.228948 
-131.291666 
-54.958728 
453.343759 
-179.048790 
-111.849293 
-133.203019 
410.498781 
-20.308070 
29.250365 
155.368192 
-83.375232 
255.934570 
240.434976 
-29.234083 
-1025.590065 
-472.291014 
178.518512 
143.498317 
-300.148218 
100.581754 
-393.838080 
-198.503132 
-29.233837 
-273.220619 
-11.624808 
62.748670 
-138.081196 
-124.487457 
-458.881807 
-82.632399 
40.030497 
70.610044 
-30.619620 
-54.414139 
4.047110 
4.046960 
239.215827 
52.227977 
-230.677492 
-45.873860 
-79.154599 
-74.434601 
-36.998264 
-75.006671 
-201.245909 
-34.960840 
15.291064 
37.328070 
-310.044077 
153.813014 
-57.891728 
-52.153493 
-42.846523 
-37.683178 
-82.115466 
-242.804705 
117.777935 
20.685615 
29.947771 
156.662860 
-207.669172 
-162.981623 
42.296291 
-85.979010 
-213.164879 
-38.578031 
898.480500 
-214.164958 
147.960049 
-12.593653 
-286.001953 
270.416352 
-121.007832 
143.629059 
-343.746876 
-41.598855 
-225.975767 
-63.094463 
4.763036 
-139.603260 
-6.697767 
52.156721 
87.250098 
-121.780028 
30.400592 
75.972227 
28.553119 
-51.401115 
-134.275706 
-97.588905 
-201.149483 
189.531274 
-122.745318 
-12.594094 
-37.981954 
-218.745681 
-79.156023 
-67.035527 
-146.638049 
-95.797236 
70.609281 
-353.923191 
-238.440634 
244.929673 
77.239078 
38.988260 
-265.595611 
103.890000 
170.138471 
87.249500 
-234.793737 
3.425645 
-79.181412 
-250.269116 
-233.146821 
26.586311 
-264.750575 
70.161838 
-40.194413 
-215.650039 
-317.822465 
-175.039119 
-262.804300 
-35.637852 
53.968391 
-169.966113 
-371.410557 
-221.462864 
-107.229421 
-66.792086 
-11.682213 
-112.437903 
-129.078216 
-390.541393 
-62.515860 
414.382577 
-79.536179 
-345.524331 
-305.116836 
-83.321529 
5.835500 
-178.999862 
100.080967 
-55.223549 
-265.621903 
-208.496866 
-45.874710 
-301.879773 
75.279770 
-124.204517 
-400.804481 
-318.394002 
241.746989 
91.076522 
-241.099125 
-159.430718 
-211.805900 
-8.569625 
-178.998991 
68.772475 
181.576134 
-178.999404 
-190.857401 
-178.999245 
-159.839447 
-86.911284 
403.419485 
-335.441901 
-352.217519 
192.749351 
31.724296 
-277.136758 
-143.499329 
-43.588951 
120.533211 
-233.100077 
-21.410425 
161.041452 
-32.691639 
144.887885 
489.045963 
256.489288 
15.543384 
261.302520 
153.814032 
190.363008 
90.728117 
320.217908 
287.424064 
214.348895 
-575.578258 
-89.421309 
279.627241 
435.297127 
187.040838 
187.373419 
79.395567 
137.143022 
277.144172 
72.901998 
-255.818802 
120.769780 
-48.542274 
139.822441 
469.986467 
240.246293 
175.812163 
285.110237 
119.800417 
392.242956 
600.754166 
116.505654 
93.588512 
18.653764 
852.723276 
157.275964 
550.686088 
-150.094911 
86.905119 
73.734933 
659.767532 
-246.123684 
453.348060 
239.599728 
-79.247421 
212.307478 
50.714795 
112.243587 
187.799954 
76.623031 
197.189663 
-88.019326 
-209.682438 
-216.609122 
64.277303 
146.761697 
-14.487526 
-136.286836 
-175.919650 
61.993403 
184.845282 
673.497038 
1254.178353 
-112.135741 
123.687018 
152.154951 
159.356699 
65.026866 
-19.039094 
-395.060498 
-175.450838 
-96.821489 
105.459935 
469.987869 
53.995264 
56.431406 
-47.777649 
317.998517 
387.310858 
-65.244346 
-262.203267 
436.703029 
-292.251844 
-132.419846 
523.263330 
-105.798197 
14.818030 
292.759468 
126.825695 
140.890775 
752.875338 
123.668524 
-363.560575 
271.942327 
37.009458 
-83.721223 
686.310245 
94.995128 
-191.023292 
32.938371 
-178.800858 
149.293919 
70.609342 
486.721804 
-380.588409 
-189.039400 
122.647198 
59.850015 
686.312287 
-251.532566 
70.608787 
172.472824 
346.740951 
110.059233 
232.846902 
-123.794741 
1.840068 
14.814405 
103.727192 
-53.716777 
-29.133549 
-298.825152 
-115.180191 
-63.851056 
-453.786481 
183.428003 
216.563261 
-176.921051 
-112.690425 
-183.685964 
218.416160 
-177.973596 
-427.454735 
-62.489418 
245.023804 
169.794185 
-272.792077 
51.890447 
53.876280 
107.067083 
65.717550 
450.395376 
203.728541 
-212.740688 
135.985353 
-142.639415 
170.454369 
-331.368896 
-560.665830 
312.640829 
-211.343906 
180.968911 
117.682182 
35.217288 
-362.982296 
-248.340251 
-77.680044 
16.207114 
579.640109 
-440.949277 
386.782048 
286.937785 
47.265677 
232.264255 
-67.042008 
428.418014 
-36.981445 
180.766981 
-286.567592 
-125.756593 
-176.459224 
-95.683651 
53.304342 
17.131811 
60.614062 
25.638579 
220.474111 
515.793643 
89.784057 
465.752190 
353.498621 
141.405381 
220.376740 
-573.784156 
-421.036066 
107.121744 
-163.635410 
332.387159 
286.939372 
127.561775 
-637.299734 
165.416989 
-115.916556 
143.640583 
194.379286 
-348.528934 
-370.637026 
45.720400 
-183.186273 
-39.608085 
270.297633 
425.347175 
-283.284313 
110.239177 
252.865872 
-215.540134 
240.829698 
-39.026713 
-55.442500 
-194.358329 
-85.418060 
-11.130370 
-21.682640 
74.985060 
-270.270086 
70.667148 
-250.072973 
-8.596829 
199.695318 
-131.423759 
84.601441 
-249.592441 
-269.006307 
66.146524 
125.566115 
-14.525336 
370.139430 
586.468091 
-260.226725 
-313.189840 
-74.836739 
-246.170038 
74.045323 
271.670178 
-669.505343 
119.775488 
-41.741435 
90.148329 
-50.671576 
56.157670 
360.492833 
259.440281 
-143.638759 
386.783032 
203.734291 
187.092276 
137.171579 
148.242478 
-104.378474 
496.456083 
231.744883 
67.448584 
-415.568297 
-229.544426 
65.108673 
267.284072 
-252.746469 
-260.445449 
-170.806606 
-95.281992 
-234.442310 
70.703343 
-109.843212 
0.506125 
-284.800374 
-429.626549 
253.660803 
57.960967 
291.263444 
-373.945754 
486.628988 
-184.813908 
-172.311098 
320.223650 
-41.296517 
-129.115368 
270.299828 
406.754471 
-432.686688 
-308.537419 
-303.802162 
-562.704451 
-27.204888 
-59.359978 
-446.140212 
-124.218207 
-280.739603 
-37.814464 
-54.639298 
-58.708531 
-510.797941 
-55.859021 
277.783248 
-8.491674 
39.975845 
-103.053652 
-117.169209 
59.342054 
34.464528 
-255.853249 
-249.921663 
8.422161 
-9.825016 
169.378156 
-106.787893 
-134.943058 
-196.174266 
169.525644 
-202.315578 
-240.806506 
356.901585 
-14.711694 
81.036223 
103.889361 
-278.052210 
-40.698215 
-33.849954 
197.471084 
79.989458 
38.759963 
-61.637448 
-138.735925 
-62.516219 
70.609786 
181.725047 
28.898924 
11.445030 
-338.754497 
286.937928 
-17.446838 
15.475378 
-15.078195 
-327.594246 
-333.128335 
37.326938 
193.339850 
-98.686381 
-309.714834 
298.827798 
-99.854876 
69.317276 
18.810632 
8.797826 
248.916646 
91.454179 
20.687565 
-474.373495 
244.300336 
52.052840 
50.884663 
-228.164880 
111.322646 
-397.948765 
206.014704 
-29.229927 
-131.772842 
-578.699801 
-90.572578 
-259.373026 
-313.474778 
-690.655646 
-16.320259 
-247.966709 
253.655716 
-216.945544 
-148.501531 
70.610576 
286.936755 
88.550717 
-5.365000 
46.261731 
-79.159892 
-62.513733 
178.209751 
-125.753280 
-55.625751 
-277.632806 
199.844514 
-55.875242 
120.532601 
-208.122384 
-12.598698 
-96.201207 
-110.080708 
-14.018736 
-212.414901 
-80.969701 
-501.463265 
54.617213 
303.579239 
-1.171932 
-241.543636 
-317.987291 
75.187706 
-206.883091 
-31.100167 
-21.354241 
-63.742953 
617.799067 
-250.304241 
140.042352 
-95.794916 
-163.277085 
222.926521 
-72.174546 
123.391373 
-385.991543 
-79.187612 
85.133053 
-303.916336 
-74.118161 
-183.159351 
-52.146206 
2.614282 
-45.873571 
-371.314664 
104.219783 
121.024916 
-923.535964 
-260.629777 
-333.756401 
-158.811405 
-88.216714 
-19.462714 
-244.301114 
-62.512372 
-77.738734 
-173.686316 
-29.230800 
-135.780580 
-4.072262 
37.329877 
70.610090 
-173.280859 
-449.379557 
1.667611 
75.077327 
-29.050430 
-264.058119 
70.610878 
25.377782 
153.813677 
-94.279550 
-139.891420 
-167.292390 
-384.424015 
-304.344732 
-94.212439 
-168.695290 
-241.940308 
-137.495262 
-142.965675 
-184.691907 
-178.513704 
-218.850253 
1.224107 
-29.234137 
-115.656871 
7.900936 
-197.764089 
-279.738669 
-122.558021 
96.200288 
-29.233009 
4.046155 
-180.606721 
20.688650 
134.437998 
77.920156 
-93.200461 
-62.980420 
-254.977624 
136.140981 
-178.998199 
-57.000046 
-72.381945 
-164.839811 
-524.415851 
-178.999436 
-156.826672 
205.645544 
-98.235640 
-345.403305 
-266.297160 
-96.752440 
-42.651452 
-156.958269 
-170.567106 
-166.299165 
-78.144326 
-178.996342 
217.189685 
-5.598400 
-178.996244 
10.668748 
-178.994389 
-360.225601 
0.815049 
586.471292 
-218.030529 
212.479164 
90.702157 
-294.810567 
-408.267694 
-1.497916 
441.690223 
137.173167 
-218.500465 
-416.904415 
-222.093245 
435.211106 
97.913237 
-5.673941 
13.107753 
-503.684541 
63.056615 
-29.232942 
87.682331 
386.682750 
203.735262 
577.819994 
428.754781 
-732.189627 
330.611817 
352.707298 
223.414234 
92.344969 
-264.174157 
-245.830153 
-16.583427 
269.013915 
-123.509137 
33.536579 
72.994134 
39.122225 
323.326550 
586.468672 
265.379762 
-169.319209 
88.343667 
293.371133 
120.967307 
304.207060 
-316.806314 
-63.106453 
-28.035013 
286.937568 
-257.667151 
330.317799 
90.108135 
-97.398764 
-430.689892 
358.462421 
-253.009061 
137.171381 
193.163613 
109.789123 
298.032290 
-10.420979 
11.672570 
180.568456 
33.110654 
392.031154 
-486.519088 
-94.177760 
82.083825 
-186.841712 
95.878453 
29.043801 
-67.954220 
204.425068 
42.071755 
-46.350334 
389.541311 
671.612057 
-70.506327 
-15.092501 
193.172563 
304.460546 
-85.541216 
-13.389045 
327.108536 
76.107409 
-67.037607 
-108.842776 
952.563142 
125.565972 
-35.179660 
-174.056462 
51.750786 
477.545629 
29.066922 
-100.475567 
270.298344 
-156.314536 
108.530866 
173.060042 
20.364508 
95.800737 
-76.198965 
198.960622 
50.065381 
353.500008 
30.318135 
-265.674512 
-94.859983 
20.909719 
148.973756 
203.738011 
-64.948051 
45.823406 
135.470362 
300.097212 
24.370247 
453.346005 
176.650592 
-43.828627 
-119.224406 
79.808311 
-16.847882 
-95.794872 
-110.134401 
403.426148 
376.850511 
66.350553 
-28.707165 
419.251020 
10.396778 
233.765927 
-86.696264 
-349.364223 
-237.129509 
-271.869119 
-75.266509 
71.120610 
-500.634452 
161.759180 
1.651234 
208.582736 
57.088275 
-123.054547 
-135.268084 
54.469349 
-536.835143 
-415.822829 
-219.178306 
30.394593 
-315.689000 
7.961352 
9.092218 
-158.636148 
-179.403955 
17.266187 
168.083877 
519.905273 
-112.944368 
158.558224 
-287.410358 
203.733377 
-53.156181 
-408.170129 
86.407204 
67.373251 
-203.583151 
23.070297 
-332.459609 
-494.917705 
99.189300 
95.595150 
-170.926412 
82.234610 
-133.456454 
303.578705 
345.181082 
157.026751 
288.867097 
-81.664495 
3.507741 
269.758774 
-43.472121 
-502.367734 
-289.893171 
-229.467193 
-4.272788 
-276.588395 
-156.778447 
-527.260903 
-59.562223 
146.130093 
493.271133 
339.448180 
-83.808801 
286.939761 
70.321331 
120.531983 
129.757509 
-180.589243 
-170.652079 
-360.429798 
-48.349012 
320.220273 
86.135562 
-542.241447 
85.922576 
109.398590 
221.257079 
48.092539 
-318.630373 
-90.557301 
46.356776 
-370.734911 
-131.524845 
237.014574 
138.445539 
-238.907513 
-122.323486 
255.580978 
-126.904906 
88.435931 
113.363485 
174.302655 
-258.505169 
-414.818418 
-87.343588 
62.647444 
90.110125 
-182.955667 
-523.421737 
-177.956055 
-18.654690 
127.131005 
-3.628381 
14.245660 
-34.952929 
-305.186326 
108.535307 
155.664969 
-128.555447 
270.296253 
370.140624 
-388.350489 
-115.025218 
107.775557 
-277.749429 
269.273286 
188.089746 
-452.586469 
-10.515740 
-231.333165 
-157.465642 
-284.446244 
84.647097 
91.369893 
125.131430 
-298.086567 
286.938121 
103.890581 
187.092828 
137.171462 
-11.698890 
-112.649179 
56.334403 
-7.767311 
-58.151266 
-162.652558 
12.343645 
-57.311003 
394.634071 
-616.778307 
-226.189714 
8.872241 
-148.205356 
-442.093276 
-223.118302 
161.596885 
148.683752 
-137.475610 
-226.021248 
286.936209 
-173.880753 
85.452915 
36.359626 
353.498794 
-34.036252 
-367.193171 
170.451709 
72.870363 
-0.932278 
203.733236 
335.747906 
-53.554585 
-298.343602 
-45.874670 
-129.946592 
393.487791 
297.575212 
-166.658799 
-120.262352 
-173.332303 
-105.775991 
-151.783046 
-127.225830 
225.955307 
53.409043 
73.019643 
-23.411301 
-355.803266 
-102.874710 
22.673403 
91.633398 
-104.778049 
-175.978434 
-99.673230 
-225.412190 
60.417588 
-232.096189 
-58.423696 
45.877287 
-528.466483 
57.238214 
-226.832683 
138.438833 
391.240290 
11.326247 
79.526885 
70.609899 
4.929048 
18.578157 
76.639133 
268.489316 
146.735160 
6.049755 
-194.392155 
-150.636170 
-29.233245 
37.328617 
126.088863 
-147.990925 
-135.830679 
-267.745016 
153.812783 
62.868835 
28.864603 
103.896666 
33.618905 
181.753421 
4.047433 
-32.161095 
-125.283465 
-171.127325 
-14.798125 
-27.827331 
-6.900038 
40.830117 
-251.955766 
89.986255 
21.835529 
87.250678 
-71.875617 
-414.048136 
409.425271 
59.246763 
-377.780184 
-15.109721 
-237.272176 
43.751643 
4.046713 
-119.517144 
-250.839338 
-21.917659 
-202.093218 
-44.152072 
35.339213 
-157.790300 
-235.324174 
120.531846 
-45.994317 
-49.343314 
37.329304 
270.298109 
7.937129 
3.004850 
-263.540191 
4.046648 
20.687585 
203.886256 
-196.750674 
20.440752 
-138.875239 
-25.133584 
23.154302 
53.968432 
13.408503 
-95.795038 
-150.075292 
50.842706 
-97.202521 
177.166886 
-24.141366 
-307.640536 
-127.483688 
237.013939 
215.787109 
-118.021334 
-121.093203 
5.714025 
-214.948535 
40.574456 
-96.296832 
111.688187 
65.603840 
-195.896642 
45.430175 
-29.233539 
55.917912 
-1.545882 
-181.079957 
39.542613 
-244.408524 
178.794731 
25.730724 
-38.523109 
-141.196920 
-216.791291 
130.882703 
88.317769 
-95.796858 
-378.139024 
44.029792 
220.170409 
-726.840154 
-34.771969 
11.751262 
-165.684719 
-195.409201 
216.872502 
1.134435 
-62.515246 
204.420954 
41.163486 
-62.516872 
-255.194917 
-252.015984 
137.171818 
120.530069 
-241.274814 
-297.858655 
22.777126 
32.196828 
-15.331136 
-106.348642 
37.327925 
-100.867095 
220.374044 
-31.394188 
-171.759115 
25.761552 
-315.091029 
-122.384713 
-128.885867 
-7.129644 
-166.582107 
86.637908 
-110.246679 
-267.008736 
11.061711 
24.025756 
-116.801710 
-29.234803 
117.687671 
-146.001419 
-177.631831 
-66.813658 
-7.122817 
127.358506 
37.327448 
103.889827 
-288.670270 
153.812096 
-192.441315 
-172.918189 
84.975890 
-25.090336 
-242.725804 
-316.072428 
-179.000981 
87.089670 
177.045001 
-278.912554 
-340.804420 
-179.000979 
-77.600119 
-364.831784 
-269.828267 
-105.178884 
-5.335053 
-77.503830 
-349.505589 
-349.920702 
-144.035492 
-186.192271 
0.053147 
-179.001704 
51.867771 
-254.563810 
-179.001268 
-195.602879 
-179.000745 
-267.590186 
-207.935214 
-162.359377 
-177.611149 
-181.320113 
-160.506030 
-179.526783 
-173.405186 
-179.000000 
-181.227573 
-178.999998 
-187.648236 
-182.827338 
-182.171257 
-181.039036 
-167.667056 
-179.885057 
-173.625878 
-186.361132 
-173.674397 
-179.000001 
-179.431715 
-178.235059 
-162.359376 
-165.039915 
-173.739777 
-174.253362 
-173.240201 
-185.168354 
-176.756996 
-165.093153 
-174.151066 
-170.031709 
-178.318545 
-175.963144 
-175.452098 
-177.282968 
-188.586937 
-175.122665 
-182.629468 
-178.999999 
-183.526716 
-175.265933 
-180.635740 
-158.415607 
-180.609719 
-165.181096 
-181.613112 
-174.756203 
-178.515972 
-162.359374 
-175.950233 
-175.732251 
-174.331084 
-183.623866 
-194.600587 
-167.120439 
-181.109123 
-162.359375 
-180.284581 
-172.798343 
-184.023149 
-163.076505 
-177.881810 
-187.552188 
-188.177233 
-174.687775 
-188.530240 
-179.215858 
-178.669461 
-177.713064 
-179.463290 
-163.941723 
-178.998035 
-165.066727 
-173.511185 
-175.281800 
-161.992698 
-127.899417 
-179.533887 
-179.638862 
-174.582286 
-181.364556 
-185.654058 
-163.894001 
-176.059368 
-187.493515 
-175.959359 
-168.474037 
-179.000000 
-177.179416 
-184.122513 
-176.550207 
-179.000001 
-180.207288 
-177.424427 
-176.572603 
-178.999999 
-183.992753 
-179.045288 
-175.390901 
-182.446212 
-178.565662 
-164.177995 
-175.397044 
-174.185911 
-179.000000 
-173.124674 
-176.576881 
-160.563816 
-170.174795 
-183.073457 
-178.999999 
-181.800853 
-175.449660 
-174.197642 
-182.114844 
-178.797634 
-179.000000 
-172.469821 
-175.950981 
-171.175553 
-173.616431 
-179.320082 
-178.999995 
-184.765904 
-179.000001 
-175.411873 
-179.001844 
-176.911652 
-173.581069 
-182.169181 
-182.844927 
-172.724782 
-171.819088 
-184.422313 
-184.047095 
-180.939292 
-179.774627 
-177.466493 
-165.501799 
-185.947347 
-180.140150 
-178.999999 
-185.134900 
-184.424964 
-168.405700 
-178.013374 
-181.409013 
-169.717843 
-181.271847 
-181.181909 
-178.170261 
-181.565803 
-180.909886 
-178.595268 
-177.678142 
-177.942314 
-162.359377 
-178.303721 
-177.446857 
-179.207988 
-179.000000 
-174.573351 
-185.752713 
-176.467731 
-179.697471 
-175.181132 
-182.246622 
-193.383843 
-174.819211 
-180.510755 
-173.819909 
-172.445038 
-170.902109 
-190.603457 
-179.000001 
-170.679688 
-181.757314 
-181.800851 
-183.754348 
-190.648234 
-173.233583 
-173.959528 
-178.775075 
-182.362966 
-176.823155 
-188.593733 
-162.842937 
-178.094780 
-175.436908 
-187.551512 
-170.183814 
-172.984012 
-179.870633 
-173.496465 
-179.000000 
-180.456072 
-179.000001 
-182.209984 
-176.799647 
-184.630955 
-174.425974 
-178.591899 
-162.359374 
-180.160738 
-189.109154 
-186.048314 
-186.759665 
-178.335786 
-180.404781 
-179.405678 
-180.358273 
-179.189712 
-177.737072 
-179.711583 
-162.359376 
-167.744305 
-161.250003 
-172.806538 
-172.911589 
-179.717133 
-184.487455 
-173.534764 
-170.977413 
-181.691721 
-183.370673 
-179.440132 
-174.226446 
-177.586160 
-187.929854 
-183.336884 
-177.911805 
-183.921754 
-177.088402 
-173.678234 
-185.349348 
-177.355710 
-182.371804 
-176.476512 
-188.143796 
-175.468026 
-178.999999 
-179.000001 
-172.857340 
-172.688629 
-178.344842 
-175.478002 
-175.742288 
-166.646243 
-183.552814 
-174.290798 
-189.238813 
-170.474510 
-171.457740 
-179.614213 
-173.831673 
-172.917315 
-179.662456 
-179.000000 
-179.000001 
-179.000001 
-178.999999 
-164.050852 
-191.849426 
-176.255729 
-173.736672 
-179.822366 
-198.493588 
-174.605414 
-170.567977 
-167.505952 
-176.315248 
-175.140527 
-182.032669 
-177.473997 
-184.905680 
-169.867244 
-175.441795 
-177.176818 
-184.980335 
-163.772967 
-179.000000 
-175.122667 
-177.293203 
-184.525141 
-179.000001 
-182.634999 
-176.165610 
-179.000001 
-175.084237 
-174.334030 
-179.000000 
-179.000001 
-182.147195 
-178.042197 
-178.999999 
-176.525560 
-175.411873 
-179.382593 
-181.572755 
-183.856335 
-176.665526 
-179.777880 
-177.476984 
-173.217170 
-183.093307 
-174.385856 
-175.730012 
-174.967445 
-180.974363 
-176.374202 
-181.637915 
-176.437249 
-166.108310 
-176.139802 
-186.089417 
-169.554165 
-181.657244 
-170.982322 
-175.773917 
-178.565662 
-181.538441 
-181.049901 
-166.113860 
-168.352403 
-175.452099 
-179.006853 
-181.767236 
-178.999999 
-186.350865 
-174.614663 
-175.446957 
-184.351332 
-176.374202 
-173.594466 
-176.919241 
-191.337346 
-179.000000 
-179.000000 
-182.328444 
-174.876513 
-176.155417 
-178.999996 
-179.000000 
-173.476244 
-179.559149 
-175.471395 
-175.314599 
-179.978428 
-178.999999 
-172.232181 
-178.834183 
-184.334245 
-178.686283 
-169.566132 
-176.079832 
-176.136132 
-175.956292 
-177.931109 
-176.415016 
-179.000001 
-179.000002 
-162.359375 
-174.949689 
-182.505210 
-183.757554 
-170.147591 
-166.033896 
-183.475206 
-178.999999 
-178.592327 
-172.946388 
-176.665475 
-176.080186 
-170.308951 
-180.609718 
-179.155455 
-181.684876 
-179.000000 
-174.221348 
-180.511342 
-179.000000 
-179.000001 
-173.533200 
-178.185913 
-183.475208 
-179.000000 
-178.999998 
-175.225739 
-179.000000 
-177.000880 
-176.300546 
-174.469252 
-173.219814 
-178.999999 
-162.359374 
-179.000001 
-185.264871 
-181.907133 
-172.155454 
-176.594560 
-182.063514 
-182.142010 
-169.880552 
-179.000003 
-176.717993 
-181.501935 
-187.924797 
-182.339881 
-166.823937 
-162.736884 
-172.363905 
-184.125125 
-178.999998 
-182.300078 
-165.116215 
-179.000000 
-186.224401 
-193.178940 
-175.783237 
-165.882631 
-168.242389 
-178.943096 
-185.565394 
-181.915159 
-175.692731 
-177.414948 
-180.821169 
-186.159195 
-179.000000 
-184.068962 
-174.665127 
-180.606226 
-193.625547 
-189.823398 
-181.737800 
-181.137760 
-174.678874 
-180.800426 
-182.770547 
-178.999998 
-168.001324 
-167.875867 
-178.999998 
-175.837009 
-194.424251 
-179.000002 
-162.359373 
-175.868863 
-178.366912 
-184.639987 
-180.259251 
-169.457623 
-183.143807 
-179.000000 
-177.583116 
-162.359375 
-182.100564 
-176.405718 
-175.397416 
-184.766165 
-178.797197 
-177.868168 
-179.643479 
-179.763207 
-185.122045 
-175.906177 
-175.822368 
-165.958690 
-182.645624 
-170.633003 
-178.999998 
-183.042710 
-178.385933 
-176.990745 
-181.572755 
-181.102819 
-166.742907 
-179.000000 
-179.000000 
-169.452295 
-179.000000 
-178.568092 
-171.701307 
-163.810502 
-181.881647 
-177.630970 
-176.783228 
-179.000000 
-171.747459 
-177.494902 
-176.449266 
-189.237933 
-179.000000 
-178.913894 
-176.329787 
-177.292655 
-179.222028 
-178.376048 
-179.404912 
-180.473313 
-176.127955 
-180.600124 
-175.750105 
-180.398087 
-179.000000 
-182.326157 
-177.488140 
-179.000000 
-180.618642 
-179.000000 
-181.318160 
-183.121708 
