56.250467 
65.085983 
89.928498 
96.232856 
77.924389 
64.463226 
35.000653 
-19.740374 
-18.749489 
-51.836223 
-25.571404 
22.254162 
14.240114 
47.459412 
68.302339 
60.784809 
61.610912 
16.948105 
18.750176 
-32.297040 
-20.351580 
18.750017 
38.878215 
72.332252 
90.735996 
74.629605 
-9.632959 
24.882668 
-11.816627 
-41.412218 
-36.448043 
-44.082104 
-63.288949 
-50.801242 
-62.908147 
2.929064 
71.592697 
102.210135 
131.249528 
111.885371 
74.568738 
53.092836 
12.641102 
16.787751 
-24.024840 
-12.434414 
-34.581068 
-19.958459 
-18.750560 
5.831311 
21.663465 
-2.876595 
19.328602 
17.577784 
23.717923 
49.643483 
56.249657 
47.466077 
24.467330 
-3.285860 
-41.858048 
-60.679144 
-54.100567 
-12.059009 
35.109545 
50.017682 
88.017811 
101.149069 
116.841523 
125.513842 
142.430784 
136.903564 
96.611626 
52.383746 
15.021160 
-22.225742 
-32.890557 
-14.807334 
-0.860531 
21.780890 
55.084534 
72.815107 
103.762221 
74.976516 
77.990546 
107.726184 
95.647191 
56.250340 
45.194436 
46.536304 
35.719810 
75.000434 
52.579287 
14.719677 
13.756947 
18.750187 
-1.826010 
59.945054 
109.129958 
138.246103 
121.393461 
135.048484 
118.890310 
103.536664 
56.250130 
13.445390 
-11.378251 
-21.679158 
-13.892487 
-35.289771 
18.749860 
21.637059 
70.753403 
101.684484 
125.348823 
137.795121 
131.249372 
111.175823 
67.886582 
32.735480 
16.503043 
-38.333370 
-56.250160 
-102.479055 
-93.749227 
-93.214513 
-58.034451 
-23.680274 
29.817071 
98.562860 
143.987807 
164.622339 
145.380785 
146.441301 
92.340913 
51.039788 
12.279590 
-25.712689 
-49.894617 
-61.145563 
-99.311441 
-99.609121 
-74.587161 
-65.275498 
-34.936328 
-19.749590 
-4.120077 
15.850069 
47.857548 
51.232878 
81.279461 
80.865907 
71.170716 
44.340930 
23.884706 
0.237140 
-56.250199 
-58.850808 
-94.262127 
-94.144080 
-18.750067 
-10.098304 
40.684019 
61.663857 
92.594670 
103.396711 
87.206356 
84.108634 
32.713264 
27.467284 
-20.111476 
-45.753691 
-71.684219 
-72.410902 
-93.750479 
-56.250492 
-64.626527 
-35.696801 
47.394186 
87.840288 
125.005017 
185.157638 
182.573607 
158.771395 
122.717066 
51.020515 
15.895733 
1.490488 
-29.471238 
-19.363536 
-15.371043 
-11.680783 
-38.875053 
-26.924000 
-18.750398 
46.182805 
93.749634 
121.064078 
122.441279 
133.274130 
151.905748 
97.237490 
93.749846 
52.999023 
-27.592923 
-12.904160 
-22.250377 
4.328390 
15.266863 
45.921847 
12.577100 
34.879711 
37.672338 
26.179805 
56.250138 
23.606813 
51.250319 
49.406313 
48.181588 
33.142544 
7.709738 
7.740308 
19.901105 
29.098151 
47.151588 
29.701820 
41.186483 
28.210180 
44.194204 
55.923819 
58.126478 
53.412986 
38.213177 
43.324773 
16.646298 
-15.886491 
-50.927870 
-63.215708 
-61.958258 
-20.278394 
-18.749365 
-18.749538 
-28.304189 
-12.759775 
23.447676 
107.851425 
123.263038 
197.264486 
114.063078 
110.893225 
51.787508 
8.377666 
-24.075996 
-26.668942 
-23.224297 
-7.961865 
-3.274191 
18.750235 
18.750380 
18.750242 
18.750411 
41.637769 
34.326672 
35.094332 
66.533113 
72.451653 
102.716802 
88.818270 
60.663131 
22.740283 
-49.793425 
-86.204646 
-85.977141 
-111.076513 
-40.045054 
-43.168900 
-64.923468 
-42.000263 
-52.805221 
9.221869 
18.750115 
51.593059 
69.557276 
75.624962 
74.999999 
78.194024 
-20.717706 
-56.249942 
-98.210371 
-105.885219 
-93.749893 
-25.000136 
-17.842360 
-31.098403 
-76.171665 
-101.215385 
-93.214015 
-77.097858 
-75.088166 
-23.333618 
-16.694426 
27.863086 
56.431571 
33.092818 
47.785572 
20.238175 
16.399932 
-34.363538 
-36.833009 
-62.472524 
-54.224550 
-101.367556 
-144.934152 
-114.393701 
-83.525582 
-20.452574 
20.960665 
54.781323 
64.106110 
65.143267 
43.765090 
15.186889 
-12.726479 
-21.377581 
-30.801014 
-66.554393 
-62.430258 
-18.750181 
-24.770455 
-17.100997 
-41.135964 
-25.472773 
-6.222542 
-2.363320 
1.521417 
20.872109 
0.000136 
18.749865 
3.981081 
-40.317080 
-44.318195 
-85.000484 
-93.749879 
-87.909000 
-64.948237 
35.023802 
55.335497 
122.372097 
168.750403 
158.734279 
112.703171 
99.379089 
8.131768 
-18.700052 
-53.452141 
-26.768171 
-86.443350 
-42.832904 
-94.100139 
56.250280 
108.984932 
116.015778 
211.774018 
222.353898 
192.480725 
145.940786 
62.947726 
-43.298813 
-93.749635 
-181.064312 
-206.183900 
-232.727724 
-203.132149 
-144.094504 
-151.570359 
-43.330005 
39.158382 
56.249661 
98.764551 
83.937650 
93.749586 
93.749800 
134.565506 
123.956303 
125.450371 
75.000292 
-18.749847 
-64.956576 
-185.000002 
-184.503291 
-199.634106 
-173.359855 
-156.945888 
-131.250849 
-116.015506 
-18.750844 
21.528468 
26.293990 
95.202166 
69.501131 
87.501625 
95.864180 
89.154922 
56.249984 
7.632360 
-50.752030 
-73.891334 
-98.695425 
-107.946883 
-127.665524 
-83.757142 
-93.343102 
-23.805412 
-18.822510 
0.022018 
-18.750191 
3.206520 
24.635011 
41.865336 
25.884966 
20.495864 
-13.810447 
-48.008593 
-18.531187 
-85.824716 
-114.904688 
-99.196299 
-88.732821 
-56.250392 
-35.359909 
-22.808964 
-35.325470 
26.147394 
21.376966 
9.865041 
28.909475 
27.194507 
63.208465 
41.661311 
-0.000346 
-10.953763 
-19.243742 
-18.750142 
6.528940 
60.706969 
56.249897 
37.499893 
4.855459 
21.829824 
6.262817 
-16.358732 
16.381819 
-32.738797 
18.749942 
10.371026 
18.749805 
0.772809 
-2.409342 
-1.370213 
20.643207 
26.685296 
58.519776 
46.331549 
47.853635 
41.085232 
9.516508 
-13.577338 
-5.606582 
9.190213 
8.335929 
18.750110 
-0.102932 
44.861727 
5.731478 
-18.837885 
9.485002 
15.825365 
0.000348 
18.750179 
3.377337 
18.750497 
29.059911 
55.942775 
-24.880062 
-17.231682 
-27.293942 
-18.828635 
18.750380 
50.492791 
59.219048 
58.817040 
53.497439 
71.485032 
75.244655 
105.318836 
69.558992 
18.752147 
-19.694443 
-44.221493 
-6.775268 
-24.242589 
23.853507 
28.774774 
60.856413 
56.250889 
61.689092 
95.421813 
75.000639 
93.248117 
37.500541 
13.870812 
1.310886 
-18.747812 
-279.065631 
69.695056 
106.864619 
61.326750 
-88.565351 
15.001248 
221.122872 
93.751624 
-149.414653 
294.573704 
-171.438838 
316.242734 
-41.324493 
353.469961 
33.389974 
81.935465 
14.172676 
18.751558 
207.923191 
129.813608 
56.253334 
2.401576 
77.430298 
79.491920 
144.868682 
-195.150114 
-29.087612 
7.741829 
219.679569 
74.155327 
-4.890278 
113.935570 
138.161029 
-76.716401 
401.033602 
-76.746242 
166.286203 
56.250266 
178.843305 
-70.399872 
48.581777 
-84.832273 
67.238487 
515.632581 
-58.634001 
-134.849579 
136.143737 
-18.748610 
101.824696 
184.633538 
-63.054258 
104.510743 
-24.607988 
169.015006 
-274.465387 
56.250713 
159.877319 
-131.602595 
-104.273317 
-107.636604 
-73.983410 
-101.322584 
145.625816 
248.252236 
-8.078360 
255.458688 
-222.475583 
-108.689425 
132.721178 
377.757069 
-26.992196 
117.940999 
229.394576 
-21.003495 
138.981437 
779.605115 
149.555577 
-112.604674 
-185.144553 
461.637164 
26.166597 
269.235967 
-43.265443 
368.715316 
250.386393 
162.302064 
787.499385 
-141.115410 
494.876401 
-20.966691 
654.998208 
127.953145 
-257.784047 
359.772952 
749.997964 
38.278678 
-46.123552 
355.175578 
226.643382 
-279.115333 
60.353698 
25.552805 
103.802065 
356.248037 
289.339773 
-252.039738 
283.955646 
136.110831 
-3.382904 
224.997058 
376.129404 
-67.155773 
-18.633847 
-73.810425 
187.067760 
281.251144 
462.540643 
-255.295242 
-272.380424 
364.587159 
-24.680163 
149.998804 
-585.377724 
393.748383 
-243.349696 
151.870318 
-136.984097 
282.188846 
9.859378 
-119.083997 
-346.687151 
-449.532638 
193.603681 
159.755745 
-223.490212 
-62.948595 
-61.483922 
26.460415 
-433.307499 
80.154372 
57.423729 
-8.520879 
-131.132698 
166.513518 
-611.251757 
-988.449805 
-91.086569 
-129.419424 
1.936834 
-298.564449 
86.823356 
258.788973 
-143.366064 
42.314589 
-246.799361 
356.247943 
-172.487723 
5.941357 
-507.241731 
543.748303 
-2.642630 
-38.862209 
76.223482 
-217.369415 
279.727461 
201.421917 
-473.022178 
23.248536 
-94.227554 
-156.806137 
378.217737 
-29.785707 
177.222995 
131.250132 
253.122570 
264.832427 
-965.201034 
-360.596271 
-49.373662 
236.455531 
22.521128 
-59.916545 
-48.895560 
141.579574 
-134.502354 
-573.927301 
162.448030 
-150.468804 
-32.601071 
116.238350 
71.554708 
48.431740 
-88.140227 
-18.752708 
233.489420 
637.498037 
-671.920819 
-57.921137 
-295.797061 
158.711573 
-232.393972 
393.750185 
320.286968 
-332.614110 
-152.211470 
43.910675 
-271.467521 
26.117371 
-280.173656 
-127.350642 
-292.563113 
-221.870524 
-211.374836 
93.748865 
248.303862 
-10.004071 
-316.202705 
343.775479 
-126.389971 
21.039381 
-169.183225 
199.909980 
-131.576506 
-28.914823 
-6.476621 
61.702564 
159.218537 
-269.021158 
87.484044 
88.792158 
-18.997246 
-207.414704 
-52.089830 
232.675438 
-111.733638 
-6.568635 
447.414558 
-164.578004 
-93.000147 
-56.250735 
206.248899 
-63.930220 
-323.640069 
250.880278 
-29.719608 
-205.762787 
392.797850 
-332.983938 
336.818513 
-226.642798 
294.803129 
-209.276410 
678.863974 
-244.349913 
90.413873 
-321.891045 
-93.749560 
262.501339 
-93.749075 
300.001828 
956.132065 
-378.100674 
265.934752 
-20.113150 
201.457903 
-342.903723 
-30.709216 
90.638839 
440.090373 
-423.426255 
147.260275 
148.391940 
-286.843341 
-200.209777 
-279.335387 
-15.624681 
87.075876 
-140.388513 
133.770589 
450.002481 
-16.744995 
-37.607437 
270.311529 
18.752629 
179.765329 
-505.533669 
412.503440 
83.417344 
-141.872505 
168.752589 
535.003998 
-311.868166 
-39.073202 
-563.667403 
-292.806843 
-168.343918 
-11.816624 
-122.747968 
386.070593 
-308.007273 
103.971738 
470.013666 
487.019234 
-8.051675 
88.124523 
481.148798 
-267.948595 
206.461763 
448.944375 
265.937154 
122.583200 
-108.651345 
-215.083918 
-142.656364 
168.238850 
224.846774 
59.054306 
33.437350 
-110.359872 
-510.444476 
125.017734 
10.936727 
39.585664 
278.160011 
-165.097550 
-195.625758 
356.252398 
-124.297289 
455.505049 
-6.938893 
152.761813 
-507.309423 
319.104131 
-181.423073 
-11.929074 
18.749647 
562.499645 
302.021440 
-370.376551 
36.596214 
-205.000514 
-93.750024 
-36.946377 
-22.796891 
-164.948084 
-525.592998 
-1.547536 
450.000382 
94.175343 
-237.530686 
-118.826632 
-77.603119 
-228.354841 
73.261599 
-28.415063 
50.228891 
-79.834061 
-140.470387 
487.501217 
-309.371605 
-1.166655 
-107.474759 
-114.475485 
-306.989259 
169.797914 
-233.419822 
312.463980 
375.000404 
323.471368 
-220.638363 
26.271583 
-91.133708 
-191.628304 
-401.594565 
-393.426886 
-128.046157 
262.501124 
155.401116 
-57.755798 
18.749960 
206.251898 
-33.207826 
-98.826525 
-253.774795 
93.748267 
450.000073 
314.204387 
-124.998305 
-165.374331 
116.210996 
27.209225 
118.507779 
18.747487 
33.986266 
262.506548 
22.957899 
95.857322 
171.359396 
326.416628 
-252.780989 
103.307170 
-4.603011 
281.252604 
18.806065 
156.133139 
56.118271 
-110.743514 
165.688899 
-416.815435 
159.028461 
7.691452 
410.229988 
-162.571359 
148.373782 
262.499463 
-320.737527 
899.001305 
108.489050 
352.294197 
-761.609066 
45.940188 
-175.203417 
-24.172028 
85.965671 
-298.640109 
-55.482107 
207.307882 
37.495226 
-355.206089 
-177.668944 
-41.151528 
-191.821545 
30.088857 
-137.348178 
115.191675 
166.284558 
312.059347 
-138.961592 
-0.003811 
100.801092 
-269.089018 
-75.003947 
-323.858652 
-337.017100 
-56.252527 
18.746395 
-316.227995 
-309.991753 
209.473148 
-119.185247 
112.028727 
-269.232664 
-0.002578 
-156.790446 
-0.004733 
-104.035025 
-158.788676 
-23.772493 
-142.891951 
-890.696788 
231.603153 
-362.312346 
-62.033102 
-100.819285 
-430.750381 
-240.932541 
44.476845 
-458.566038 
-282.295138 
-56.249271 
156.325798 
57.604713 
-565.556265 
-179.002634 
-14.914596 
294.534912 
-56.250456 
18.750873 
-346.797899 
337.500748 
-116.822263 
-33.033367 
-298.973703 
-133.446969 
100.119532 
-137.471231 
37.499628 
37.620816 
-106.090629 
-350.260033 
-363.462233 
-133.592599 
-6.313036 
301.906195 
-140.173976 
-4.324672 
-164.297186 
-83.510735 
-234.172982 
-417.213981 
-25.676820 
119.440694 
386.558651 
0.001662 
-96.710526 
-75.008487 
-37.501683 
-197.672914 
-224.998686 
-432.347248 
45.597747 
56.238532 
-208.539609 
200.984617 
441.180291 
642.985656 
-495.045753 
-205.010248 
332.997173 
318.740069 
-509.100713 
411.327456 
-157.168648 
87.511543 
265.274766 
423.754176 
635.321517 
194.290659 
228.899307 
412.491694 
103.093838 
-213.802133 
749.996261 
119.576850 
343.783625 
171.414888 
-50.299429 
-674.562798 
-133.356637 
249.350553 
6.624363 
-30.036336 
-65.766769 
348.391466 
152.644286 
21.851242 
566.450775 
588.525352 
245.270825 
56.250569 
531.860504 
16.933205 
-460.774412 
-234.511384 
237.333790 
748.013397 
175.233316 
-203.296039 
-68.233433 
356.258396 
96.441158 
974.260583 
274.037524 
436.401271 
148.838036 
200.350639 
182.652493 
1500.010241 
147.309342 
186.949403 
139.888412 
8.251479 
35.870634 
-233.301370 
313.880586 
225.305052 
-238.818227 
274.391352 
-75.901722 
356.067722 
251.065686 
623.942693 
184.042881 
34.641028 
-159.484037 
353.170998 
174.424479 
1092.433489 
-228.113267 
56.979620 
-148.636036 
209.964172 
534.079284 
224.674734 
-74.812284 
118.474009 
400.603320 
-139.617906 
750.006980 
-234.657931 
470.751247 
259.790876 
455.004866 
323.279937 
-177.999718 
63.660828 
562.502902 
-200.532897 
-28.947539 
222.279244 
287.388914 
-277.546917 
-263.113839 
380.300417 
-331.851953 
393.755112 
307.222154 
-614.634936 
421.233677 
-29.682285 
369.443478 
112.502708 
285.030975 
-294.942673 
-71.010243 
-574.302349 
169.329657 
168.756158 
283.169908 
-662.232025 
-504.600555 
303.593940 
182.929093 
337.494418 
-521.203571 
543.755113 
-352.813346 
104.033851 
189.380982 
243.930927 
-242.996551 
397.253637 
-611.601513 
-304.982246 
121.352230 
160.689562 
-128.120279 
-289.353559 
-383.956507 
-425.739279 
-310.813930 
95.312144 
-78.512307 
-72.987000 
-827.078989 
191.410880 
-756.464443 
-708.801340 
-449.197292 
-23.877744 
-227.628996 
-214.463408 
140.458139 
416.282351 
-138.840458 
232.901933 
-159.951303 
168.749550 
-243.207202 
-27.930469 
-431.917802 
356.251220 
-183.730103 
-299.914392 
84.068746 
12.947642 
117.713721 
245.122240 
-692.240601 
195.086157 
-218.818305 
-369.619446 
549.684952 
-12.507483 
37.489763 
-37.509888 
215.609445 
497.027387 
-312.308161 
34.973139 
-419.204619 
-192.851084 
847.827397 
-190.586737 
-65.659820 
-121.595037 
-104.310592 
-357.794409 
230.886657 
213.867009 
31.192161 
360.699133 
65.353484 
124.253701 
201.239400 
618.741502 
340.244823 
674.996614 
-729.941942 
-190.804424 
-43.918085 
48.390641 
-6.956788 
487.498001 
-128.846418 
-989.427003 
-53.192109 
-837.603380 
-42.557898 
419.697091 
-271.018191 
-300.087537 
-388.433571 
-292.392633 
48.313044 
562.501488 
-106.634867 
196.251448 
-223.477468 
226.537644 
176.992085 
336.433596 
-199.964265 
145.085378 
-290.732896 
10.002270 
-226.696895 
-114.473257 
-100.587608 
-543.918018 
211.359520 
341.108025 
-79.455064 
-124.234176 
-80.323473 
185.837098 
-32.051997 
-126.225387 
216.626205 
-282.502035 
0.849727 
243.749140 
900.000197 
-597.196447 
-95.715930 
-233.375569 
-50.010002 
-155.860916 
114.840065 
-965.076740 
164.178497 
59.584257 
216.239222 
-198.673283 
457.852783 
-287.609855 
9.932210 
-104.618989 
337.497678 
-37.501052 
374.996079 
168.753635 
305.031491 
-244.106636 
581.589262 
-48.484776 
400.761677 
-573.696040 
-324.288497 
67.851926 
440.293083 
-471.521388 
-38.434353 
-24.445810 
-165.168853 
-618.728958 
-83.904467 
-346.276265 
143.781055 
-340.690313 
146.251160 
112.498721 
8.521098 
-136.557647 
-478.618360 
374.999166 
-275.182801 
-379.440021 
18.745763 
288.785626 
-166.689673 
712.498663 
-85.003986 
-60.801498 
-331.456943 
-523.830980 
-136.034901 
-146.563124 
1.827908 
-287.428049 
435.581304 
-167.739170 
-94.873412 
178.169386 
356.466979 
-339.314960 
238.552146 
400.405863 
-259.765825 
159.738921 
496.857406 
-12.817675 
193.137885 
-51.138405 
-184.336819 
-259.144392 
-91.958677 
346.423824 
-237.199559 
-378.405173 
-315.048071 
-472.848324 
536.978856 
-139.757192 
23.719576 
152.650568 
-221.084921 
590.165816 
1200.006647 
-998.050920 
344.403284 
70.708766 
67.134178 
-271.899757 
371.451591 
-477.657513 
-240.323848 
375.004996 
225.006792 
403.083082 
-378.297018 
231.410781 
-444.988510 
487.507083 
-239.971551 
45.443742 
-139.943491 
-668.442435 
-194.542802 
187.503689 
208.708998 
11.480274 
-234.709536 
-476.965070 
137.394292 
402.470907 
-176.707658 
-84.489140 
-131.537923 
-208.157018 
56.250511 
-222.655148 
-244.922388 
26.746446 
-441.051564 
-130.919471 
350.545267 
-338.758256 
383.884221 
-56.252449 
-76.743509 
-601.611172 
79.299109 
35.532646 
-233.554519 
-849.937326 
-42.775692 
329.724067 
-56.255103 
-56.940736 
-29.835853 
131.242130 
187.494416 
-62.070578 
81.362293 
-268.623393 
374.997485 
337.491279 
144.782183 
-245.006531 
-307.523937 
397.396269 
454.944711 
98.933214 
224.996430 
-578.915581 
18.751238 
-55.789253 
189.319317 
308.432564 
313.639287 
-299.297829 
-89.114822 
440.548952 
206.245460 
324.377150 
-326.631785 
70.315913 
-501.632587 
143.201070 
-413.978943 
-35.572135 
-96.501876 
462.672068 
-59.954126 
327.955917 
262.503612 
-243.318181 
188.070621 
44.555442 
336.704090 
-423.437819 
-120.780750 
180.066722 
-149.817790 
-50.869993 
-45.282040 
-62.462573 
-39.472910 
37.504679 
-424.836069 
73.701141 
-364.182902 
-410.082004 
328.858272 
-247.696227 
20.780500 
91.762099 
-0.271865 
-139.556724 
-112.498804 
-197.898020 
-541.072038 
-93.745912 
-344.407128 
-592.325469 
112.500234 
112.501545 
-286.747871 
-246.398920 
-290.959742 
-106.644740 
87.280522 
-500.727312 
-18.752214 
-239.219733 
74.995363 
-181.992116 
-182.967901 
-186.731943 
51.577336 
-697.394008 
48.488497 
-577.994737 
-230.973169 
-7.664537 
-40.545147 
-201.100015 
-79.294379 
-369.243482 
23.137496 
74.997208 
177.847821 
198.150352 
-595.702500 
-399.934010 
7.829921 
374.537354 
18.748849 
224.994846 
-153.092813 
-18.751641 
132.860955 
-134.078528 
-169.762124 
-267.599642 
-197.741884 
23.480420 
56.249536 
49.373478 
-298.292712 
-218.170110 
-418.492407 
-226.167557 
-4.556960 
-36.937252 
-77.365275 
-392.495940 
-361.797114 
-75.054789 
-238.447116 
-424.722338 
-101.658154 
-129.624235 
43.967482 
37.506060 
-54.034921 
108.310411 
-224.990230 
-14.022484 
-224.992501 
-424.768985 
-86.798270 
618.751532 
220.382498 
-461.295007 
487.344519 
-271.794998 
-421.400527 
214.998828 
-196.590957 
506.249079 
-433.680828 
307.933444 
-50.667637 
400.532945 
163.501153 
565.584904 
249.696326 
-64.385137 
-55.899506 
206.248132 
287.189895 
480.254266 
393.753702 
284.038187 
446.463633 
-405.811633 
-37.753220 
-328.200853 
547.397200 
283.895392 
35.294587 
422.677679 
235.499113 
239.116126 
162.377178 
158.247416 
214.113649 
74.008178 
-253.774567 
356.252266 
465.042813 
39.893973 
203.359916 
358.146059 
90.705450 
650.684422 
602.561732 
403.082679 
-203.974459 
524.996747 
85.682371 
692.061730 
-122.254528 
265.276209 
-134.770268 
298.126709 
52.802372 
749.999210 
-50.984271 
-195.249553 
32.351442 
238.818663 
322.107941 
358.391135 
21.182585 
405.684986 
-35.228690 
369.091598 
-86.894844 
-509.566338 
635.617519 
-7.733872 
106.788982 
98.151780 
-121.592656 
20.252224 
666.100033 
1600.620473 
245.686944 
55.780626 
-100.698285 
205.087774 
626.606288 
-74.730769 
-162.163225 
-126.890030 
-267.010726 
-126.962952 
524.998827 
168.082330 
766.535227 
219.160406 
274.999910 
60.211182 
116.329925 
-319.785287 
975.000064 
-139.779715 
86.047247 
310.785407 
-49.707980 
-19.327977 
-221.611356 
66.667232 
-284.786161 
693.746281 
404.422997 
-582.653018 
-146.122228 
363.251887 
-284.994562 
300.006950 
607.987069 
-103.479197 
345.442438 
-382.788894 
-238.204976 
393.752904 
338.783679 
-343.562687 
135.393046 
407.909559 
130.725046 
-18.746195 
-5.692491 
937.508964 
100.380644 
176.449348 
-45.376930 
436.471304 
-321.308719 
77.424034 
-162.272337 
186.042067 
131.090072 
-105.843275 
-272.939382 
63.241335 
-786.581714 
-221.927766 
86.795782 
-32.622690 
26.952958 
-90.433587 
-154.014578 
434.337834 
-57.674229 
244.191709 
-173.090767 
-8.159145 
529.391962 
533.827958 
345.145533 
226.227906 
-255.177188 
88.192524 
29.029943 
674.998332 
-66.659410 
-398.504920 
-597.024768 
581.247428 
128.424306 
-115.992733 
267.004989 
138.420723 
37.501920 
310.635463 
-293.925416 
358.914142 
-303.851288 
-444.675177 
387.581745 
-200.079964 
-649.452626 
-56.249580 
328.123790 
161.732867 
571.981629 
-107.358872 
-410.837907 
113.056538 
66.280600 
-538.066773 
191.427038 
-338.684124 
-414.691916 
-292.169978 
-97.990835 
-131.289421 
91.178598 
438.871838 
-120.473294 
-375.787848 
34.564835 
581.243982 
106.409544 
787.496761 
-296.926525 
27.545931 
-170.510077 
91.069720 
-122.556630 
281.248957 
-37.008100 
-1642.576036 
-864.212744 
662.880810 
-152.603233 
669.154457 
-197.372356 
88.781598 
406.140625 
-130.953905 
-254.950551 
637.499811 
-43.116441 
-517.496540 
-371.279829 
204.483034 
-604.927586 
-256.403754 
-156.966504 
528.036260 
-35.728736 
-367.540174 
195.097713 
-73.982954 
157.136981 
-27.593390 
207.300206 
367.508922 
194.706141 
163.564915 
-126.111616 
-201.483777 
312.488218 
-342.702862 
77.566333 
-360.322946 
-207.558345 
206.256909 
975.006298 
-660.977424 
-245.440243 
-145.807212 
139.461987 
-131.799544 
445.983611 
-988.170006 
133.739617 
-162.809631 
142.475987 
-407.867081 
413.266587 
-15.125585 
198.769671 
20.912937 
600.008557 
0.004401 
487.506978 
318.756523 
-332.012397 
-208.907091 
398.874118 
-213.256531 
406.612308 
-308.744993 
-494.951559 
103.561319 
693.811224 
-34.278235 
-310.052303 
-143.962214 
311.450996 
-150.700558 
341.087434 
-557.847302 
47.755722 
-180.507434 
-20.746462 
187.504168 
-385.986488 
-421.482554 
15.062666 
487.500573 
132.178602 
-17.708949 
56.250379 
193.541642 
-117.110901 
750.000318 
-4.998943 
-228.263337 
-47.054741 
-242.573625 
72.327204 
-105.874598 
110.209935 
-78.624320 
168.439321 
-19.842222 
-256.399591 
-236.422237 
-48.250065 
-556.719088 
56.529232 
115.278652 
-360.545358 
-344.008681 
-612.170796 
77.287137 
-92.865116 
56.432426 
-178.898461 
-207.682305 
130.009522 
-115.449067 
188.072556 
-53.272174 
-525.580607 
-602.978799 
45.799964 
-203.581709 
-331.157209 
22.378085 
-73.327960 
-6.813120 
825.003008 
-151.822707 
68.747450 
197.779871 
60.577346 
156.580309 
0.661989 
-347.453301 
-106.735935 
187.499987 
-18.749240 
73.576996 
-210.169218 
-525.900795 
-365.001664 
262.499887 
-356.721682 
-183.212540 
-17.837437 
-202.203730 
-169.059698 
262.497844 
-233.709294 
11.514157 
16.872969 
-202.315525 
79.290834 
-257.072702 
30.632161 
-52.159920 
457.147728 
-6.318430 
18.747935 
-248.437356 
-338.673170 
69.070449 
-91.099464 
-260.216308 
81.871493 
-258.903261 
214.672536 
18.749779 
45.158550 
-430.871047 
68.992046 
-3.158591 
-193.327402 
-432.349674 
-62.139249 
285.344875 
18.747815 
-35.877002 
-0.373382 
374.997610 
337.501021 
17.983116 
-189.026983 
-326.572115 
374.997513 
187.498714 
61.832955 
-184.999536 
-407.962847 
98.766821 
207.077396 
-0.675394 
149.996885 
-235.543701 
112.495418 
203.894015 
306.537214 
146.709891 
365.490152 
-184.746236 
-468.865263 
306.531779 
75.001876 
-258.498245 
152.074311 
-256.754365 
-617.251735 
-346.103142 
140.157989 
-145.774635 
-246.547206 
251.298869 
-26.335542 
334.837322 
224.996793 
-472.655036 
61.241077 
-52.981860 
-30.867971 
-494.739540 
62.046851 
-575.723917 
-625.729468 
-171.526077 
158.835460 
-30.205962 
190.120163 
-131.252558 
-205.707219 
177.864605 
-19.289162 
-942.777507 
262.286017 
-333.557370 
-302.680159 
-16.775383 
58.722967 
-519.008830 
131.246103 
-433.062572 
-106.670932 
187.494440 
-611.308919 
-535.419854 
-150.001875 
-131.253162 
-239.739494 
-393.779009 
-135.496044 
-0.387137 
-55.165884 
-544.723425 
-56.250478 
-154.338824 
-56.252199 
62.366315 
189.197445 
-312.298569 
-125.136056 
-258.812036 
-79.882783 
-36.188292 
-52.470424 
146.459524 
-325.476423 
-34.647907 
-390.669743 
50.715011 
11.017595 
18.750570 
-216.272907 
161.806476 
-528.170378 
-191.121467 
213.379737 
-25.498485 
56.251150 
150.000645 
-237.449647 
-56.248830 
227.848366 
-381.832808 
-30.890906 
5.081195 
-335.619548 
196.791773 
-37.499682 
-128.504663 
68.684131 
-277.024411 
-488.889875 
-138.278537 
-342.460236 
73.817845 
-388.871752 
-30.322572 
17.676168 
346.053940 
-257.608164 
-306.531120 
202.954912 
-282.669878 
4.908324 
-75.001651 
-119.416652 
-307.414641 
-224.999122 
-81.295407 
-225.000433 
-302.287774 
-416.859796 
675.006049 
49.667772 
-252.185760 
647.822780 
58.459194 
-465.028823 
-304.998455 
189.397301 
824.999514 
-149.176086 
87.849586 
-148.377180 
223.156857 
111.389139 
571.202390 
84.289976 
-297.790680 
208.885561 
224.995882 
40.092074 
432.179389 
581.249817 
164.794702 
585.421501 
-210.777972 
-294.306786 
635.531208 
523.956384 
194.391454 
-284.611170 
130.035451 
358.507885 
181.455639 
263.669753 
-457.577343 
153.758645 
-9.722164 
-243.956048 
824.997831 
612.135664 
-257.912254 
-252.923520 
300.276590 
424.279451 
812.682665 
200.560604 
-391.071178 
-120.779077 
281.243031 
138.105846 
174.374799 
-226.945808 
19.963953 
-262.510567 
-189.970197 
257.484185 
356.245817 
449.398838 
-185.123541 
458.697187 
-334.863536 
138.894549 
-158.402685 
338.216877 
337.319711 
53.392147 
109.543902 
72.643183 
367.635784 
585.982126 
-202.401784 
0.433239 
-16.277455 
57.209422 
-41.279693 
539.057667 
579.604941 
-64.092866 
-247.046686 
259.289843 
196.835744 
357.068870 
-405.500698 
-192.331997 
-200.206607 
309.118728 
65.516063 
206.251371 
207.880617 
98.655173 
-283.969580 
514.996208 
218.651143 
23.207727 
-283.715584 
318.753206 
80.731379 
-3.251898 
-38.424492 
36.408482 
-479.049889 
-159.100055 
169.315700 
54.843358 
1125.000500 
286.388472 
-610.691880 
-340.141828 
130.351434 
-126.439256 
243.755279 
-107.610060 
-145.775464 
-134.676534 
-478.772770 
23.858352 
562.500803 
-10.139176 
-540.742828 
-402.605316 
-104.493350 
236.239777 
712.498923 
-63.817241 
56.262392 
156.713313 
182.408484 
-144.760366 
536.180402 
-355.015218 
39.180746 
99.215581 
8.935930 
185.899636 
-169.237193 
-450.862207 
-350.090210 
-378.840050 
-136.551822 
5.169631 
43.491366 
-796.867838 
181.177648 
-207.120961 
231.760860 
17.319410 
-117.312178 
-232.426779 
-287.979887 
716.995808 
378.566337 
-78.956074 
-34.521795 
-229.774375 
-26.158456 
60.370548 
-56.242957 
108.694883 
-313.440690 
-85.325839 
412.502453 
-246.472089 
-726.101562 
66.474051 
344.227892 
113.856805 
364.299951 
-412.836148 
-210.863225 
-36.175261 
-108.545472 
-81.022228 
5.711742 
-663.273878 
131.250632 
487.497255 
485.437174 
-280.941273 
-43.353389 
-538.704404 
28.366536 
-126.575149 
-225.468611 
-10.250967 
93.797951 
210.274147 
186.158231 
376.118234 
-76.337116 
113.505190 
329.496825 
-109.118486 
47.235702 
-14.099380 
712.493092 
514.168276 
168.750545 
-671.449026 
-254.124077 
-376.695405 
-232.213879 
-111.183563 
393.746637 
55.145451 
-510.891547 
-429.172823 
219.089697 
148.281773 
139.221325 
-95.632089 
318.422506 
160.438560 
-286.578034 
-62.844268 
487.495064 
511.379970 
789.998698 
-492.492205 
-409.115885 
96.391029 
14.160889 
219.524604 
-210.504602 
102.934708 
-334.920397 
128.957412 
99.060809 
-10.897428 
173.872045 
-56.823358 
224.858043 
-176.194878 
-157.648767 
-180.342536 
-188.611181 
-294.941290 
128.575893 
447.558417 
-316.660471 
-55.286449 
862.495716 
356.247811 
-398.193102 
-248.678210 
-117.822896 
168.619960 
381.269453 
-176.026229 
-666.027268 
-209.721246 
171.981123 
-55.269941 
-183.107490 
443.264290 
-22.758737 
-121.361535 
-265.058228 
-37.505294 
-18.753548 
206.244235 
374.995196 
-227.615755 
-469.029386 
362.355199 
-189.068314 
90.419493 
78.753944 
-190.478544 
186.167376 
493.230094 
-320.940349 
-36.016800 
274.072337 
96.741143 
-299.662750 
69.654040 
-156.804867 
-250.015860 
-216.354722 
-163.448593 
18.743736 
-149.724295 
-324.179612 
-162.168606 
56.246733 
-14.332759 
-677.379396 
318.746489 
623.184562 
265.724043 
543.745355 
514.999042 
-327.310207 
82.139767 
-534.379230 
-124.496045 
44.201680 
287.039476 
-175.653049 
-109.179327 
-336.895473 
109.170167 
4.390234 
228.245320 
-120.793225 
-102.011209 
318.433439 
67.495948 
-118.615477 
227.439955 
177.012268 
-150.355279 
-40.079924 
-8.950715 
-14.346631 
242.503534 
70.043664 
-427.446309 
-1.502930 
139.699481 
-406.476632 
243.067766 
13.015071 
-171.268098 
-136.332032 
226.989943 
455.925823 
674.997925 
-252.204116 
-298.774217 
103.313185 
40.150667 
171.195275 
523.885209 
-159.316641 
-183.532542 
337.499666 
37.499191 
-93.020333 
131.175926 
-184.095209 
235.008226 
112.501115 
5.753151 
-545.090983 
-12.164443 
152.169171 
-272.262494 
-56.248277 
-127.475293 
-300.420936 
108.223243 
198.348912 
135.711861 
-47.084241 
-82.540245 
-346.216626 
142.057758 
83.967357 
150.001517 
498.046880 
-290.628936 
187.029360 
166.902027 
-157.589269 
201.643987 
-346.410796 
33.692993 
262.502271 
-239.376259 
-448.594388 
-384.906925 
-28.714258 
-245.021928 
-838.816839 
-287.886655 
-2.295504 
-18.743734 
-312.787088 
-27.855854 
225.004748 
225.000551 
-49.669860 
279.558472 
-208.807872 
225.009222 
-75.004632 
-200.707926 
-685.008775 
75.398253 
4.634760 
-107.357747 
74.442302 
56.256473 
-215.623785 
225.008715 
356.229687 
-119.457861 
12.990019 
-155.661535 
-280.670189 
-630.761864 
342.655292 
-374.996219 
-67.982603 
-64.575596 
-9.636200 
-150.370500 
-7.577472 
25.330051 
15.525884 
41.879543 
1379.881880 
-170.728714 
569.377613 
-168.747671 
-262.259876 
-546.142169 
247.272588 
15.006018 
-331.869186 
-83.780025 
-221.724021 
-161.446859 
126.406629 
-336.161062 
120.524305 
136.697077 
-206.244176 
-329.288167 
-23.403597 
119.813780 
-79.320317 
94.293376 
-255.012034 
-336.526223 
-182.060292 
-12.162909 
-62.860170 
-168.746589 
-190.974811 
-153.876394 
150.001182 
-511.728048 
73.134847 
149.999290 
0.000910 
-111.490788 
-474.416535 
-202.393217 
189.505728 
-298.954949 
-451.647964 
-75.002984 
58.922122 
-93.751815 
-254.436099 
299.128416 
-71.434861 
-338.328609 
-543.270614 
-397.175811 
-96.144307 
201.985197 
-107.690290 
-325.908016 
50.557320 
-258.394126 
-235.988131 
-276.903230 
-56.257363 
-77.183208 
29.831963 
-237.262632 
-231.907340 
-120.908099 
99.068285 
224.994342 
93.743108 
-614.254179 
112.495808 
-660.102745 
-247.908730 
-520.274917 
-154.521323 
-297.929240 
-151.726703 
-0.005031 
170.602706 
-195.372868 
-238.327859 
-105.311263 
-135.940399 
-84.056416 
107.865538 
-473.930973 
-100.247254 
30.153652 
-396.337338 
79.307970 
-229.640533 
430.471616 
-333.373075 
201.278457 
-224.999120 
-139.383695 
48.229725 
-224.999387 
6.956717 
-225.000581 
-406.526359 
-153.287426 
600.002530 
-138.554536 
-139.991388 
628.418479 
-232.604745 
-368.917274 
-184.998075 
-269.872732 
900.002628 
-568.639486 
524.871114 
111.601323 
-24.045381 
-101.146524 
778.670352 
349.792317 
-358.067722 
154.097984 
225.002958 
-8.235233 
405.459842 
393.751377 
277.816368 
304.150485 
-368.919865 
-103.471883 
633.304672 
533.179861 
148.928414 
-293.134923 
-165.227349 
-7.790286 
151.646964 
191.006628 
-344.015729 
317.641420 
-142.778728 
-153.508647 
1200.002620 
799.327472 
-109.643097 
-140.466252 
336.476959 
280.335918 
962.920149 
63.054635 
-341.549913 
-176.764830 
93.752843 
-242.562207 
61.878144 
19.169316 
51.326717 
-267.186729 
-137.611994 
199.865474 
393.751296 
204.758511 
-505.382117 
-63.599848 
-347.302097 
-90.834393 
-53.419992 
85.591630 
177.333574 
-312.531353 
-184.616608 
-435.003310 
503.517451 
288.403879 
66.365169 
7.371786 
-202.147222 
-225.542889 
238.762191 
539.336749 
-77.423859 
165.901451 
21.367265 
-247.874430 
315.347174 
125.296983 
-333.800876 
-570.644294 
-206.189165 
-116.792356 
138.186810 
543.750008 
-104.831914 
-48.998343 
-155.049177 
535.000754 
375.974973 
64.507753 
235.192261 
393.751992 
-55.399247 
-147.894202 
36.581811 
-449.939445 
-31.313062 
52.591606 
211.948748 
111.055165 
525.000023 
131.440924 
-379.925073 
220.712990 
-68.458681 
29.989325 
1087.505471 
147.882334 
227.592658 
284.998913 
5.638641 
18.396212 
281.253656 
513.418520 
-418.075033 
32.028796 
37.806641 
59.506649 
1087.503215 
-376.146451 
18.753392 
-196.754748 
382.150207 
285.824224 
593.998012 
165.773334 
-188.811712 
-37.898664 
340.336742 
404.899698 
-58.870442 
-503.345794 
129.880581 
15.752571 
37.917982 
45.055628 
226.585594 
-754.688232 
270.996659 
-185.376491 
-48.558295 
-276.137108 
-323.817803 
164.537725 
-88.663306 
792.292257 
-190.940129 
63.647331 
136.536205 
-259.466503 
430.944579 
57.096398 
281.249270 
258.432487 
-2.850170 
-98.790639 
131.249184 
-67.743014 
-247.406056 
214.636251 
212.420194 
-14.052159 
226.309883 
345.152968 
-459.047108 
-227.209537 
-145.728344 
-262.716305 
185.606500 
-822.968324 
562.500231 
515.624604 
-156.010682 
-262.784066 
-294.252839 
-241.989845 
-174.344425 
-137.893594 
-319.247900 
-196.843024 
2.692334 
-75.765870 
29.452319 
-186.988443 
-130.137420 
228.817791 
-23.512983 
390.142666 
622.924606 
-100.670420 
356.252510 
504.235745 
562.502712 
-719.513411 
-449.371145 
-405.265306 
6.347484 
185.815194 
637.501557 
332.754990 
-784.152379 
-238.319950 
29.483325 
3.478160 
65.336197 
-130.966997 
-348.961395 
334.318606 
-85.375246 
-122.983390 
206.251169 
506.970585 
277.498878 
-325.832351 
-104.973823 
121.445431 
319.635349 
306.728617 
74.598770 
-292.303975 
-500.142889 
160.434120 
218.852812 
171.315979 
204.974254 
-1.427348 
-35.395479 
-183.153854 
205.357102 
-223.815942 
-24.011458 
-494.357849 
-224.746968 
158.095344 
-233.079181 
-168.251406 
337.498636 
318.749932 
-187.548939 
-424.869786 
300.324852 
-486.745680 
-283.616693 
-124.815269 
-485.687716 
186.187303 
90.297623 
205.883732 
-194.644350 
370.008347 
742.884649 
186.689753 
-315.841279 
-18.751066 
337.500534 
337.500125 
262.500328 
47.879823 
-141.399204 
341.453783 
134.442445 
-22.254998 
-94.563503 
30.302623 
89.605854 
181.940591 
-148.371264 
-269.589756 
112.909287 
-362.809881 
-415.288517 
-196.927983 
-167.159637 
152.248170 
-177.987037 
-565.789092 
18.750333 
97.217401 
-28.593013 
-261.025777 
243.750205 
72.921294 
-497.512946 
637.499253 
224.450155 
104.001039 
412.500464 
-25.001285 
-180.711623 
-163.523555 
159.375293 
-447.864862 
-103.002093 
158.610405 
-306.052126 
-55.566872 
-393.235325 
-236.933550 
-114.720583 
-429.657199 
-41.443717 
-95.481967 
213.502240 
376.174697 
405.112304 
-49.575075 
-314.829429 
6.912808 
-98.102826 
66.049800 
-214.474613 
-23.493380 
298.619262 
174.144661 
120.985705 
-387.563358 
-172.795343 
166.778698 
-200.038210 
-32.635681 
111.002101 
196.576703 
-8.763458 
-74.998684 
5.100354 
-17.638391 
34.865239 
161.079277 
62.927699 
160.453754 
-308.102890 
-307.096345 
0.002363 
-18.748412 
-218.049863 
154.531106 
-33.885804 
-444.997014 
-93.749213 
286.603207 
-53.453105 
240.736136 
11.328629 
-2.457599 
262.501174 
-111.456015 
-365.295239 
-265.393916 
292.100045 
110.649848 
158.778126 
143.308507 
-48.104013 
439.140301 
216.575080 
-56.249000 
-1061.720426 
-792.185881 
181.617196 
-49.624302 
-337.858106 
84.656973 
-532.571832 
-172.362500 
-18.749222 
-351.201456 
-17.497339 
134.335814 
-284.672696 
-94.769570 
-523.104922 
-203.186646 
-157.787989 
131.249848 
69.583397 
-1.150655 
-37.497697 
-56.249757 
105.106184 
-30.430429 
-61.110011 
-206.249646 
-168.749042 
-27.685938 
-84.999050 
-167.513527 
-143.690706 
-58.860739 
-102.653348 
243.749626 
-196.875315 
262.501614 
159.837102 
-163.736300 
-89.613033 
-64.355693 
-175.195280 
-311.727234 
94.128091 
431.248730 
107.716543 
68.340893 
-308.457172 
-127.685262 
-236.064884 
16.194203 
-328.246920 
-84.473734 
1059.082676 
-256.704380 
230.289444 
56.250533 
-281.661819 
349.618542 
-352.867466 
10.606852 
-306.732021 
111.026717 
-270.898243 
-214.562191 
-10.539068 
-300.504992 
-94.089889 
62.025197 
-0.000795 
-79.723834 
-90.305530 
133.593623 
311.645636 
-44.038557 
-263.129890 
-264.296514 
-277.263619 
305.218941 
-150.443860 
18.748456 
42.736327 
-214.890040 
37.498576 
-49.230193 
-67.859289 
18.749102 
112.499109 
-416.867469 
-381.947458 
267.053745 
130.814744 
-85.332589 
-159.980997 
74.999674 
15.142922 
18.750007 
-163.557266 
-127.720371 
-67.928008 
-241.598083 
-149.386346 
111.587589 
-237.316801 
-32.406958 
-111.014783 
-264.633188 
-228.578537 
-155.232571 
-305.788294 
21.994450 
337.500304 
-133.437171 
-358.688842 
-210.099406 
-118.550415 
-110.789704 
-46.901501 
-18.749285 
18.751096 
-393.852123 
37.501572 
296.016183 
-260.570662 
-293.090680 
-347.132122 
-169.913948 
243.423315 
-225.000766 
109.266446 
71.729373 
-366.170198 
-173.597427 
37.499845 
-222.531012 
111.165268 
-122.728580 
-393.020673 
-122.884574 
434.446691 
57.078311 
-152.381426 
-90.383829 
-424.335003 
176.949955 
-225.001799 
116.247792 
380.790174 
-225.000432 
42.198253 
-225.000790 
-378.244373 
10.036666 
693.749065 
-537.811963 
-227.752647 
561.948644 
-74.407650 
-215.277794 
-45.001705 
163.151654 
243.745005 
-493.303671 
-100.774502 
162.415054 
-158.067248 
65.992402 
712.661570 
234.634675 
38.438452 
249.906340 
149.999614 
334.441129 
393.195134 
600.000977 
462.284797 
120.412979 
-936.745299 
-322.612440 
735.791264 
674.055914 
313.530505 
325.672258 
198.943056 
204.885470 
576.638831 
230.258888 
-157.565259 
54.987741 
-6.518618 
-3.196903 
206.248906 
33.174752 
218.643789 
65.044838 
70.058644 
424.284291 
934.438136 
234.173013 
-17.038042 
70.237217 
900.001581 
122.557737 
785.800589 
-22.488993 
410.266047 
-148.828309 
652.764886 
-203.554453 
487.498463 
121.097647 
-96.713353 
185.457908 
-73.313867 
-8.067622 
55.601243 
-79.131063 
155.246462 
-256.533087 
-323.283139 
59.462611 
348.301246 
304.779432 
131.049831 
-255.528285 
-396.443330 
48.607906 
166.585185 
998.889068 
1102.180095 
-278.632535 
46.980390 
78.218862 
132.358486 
300.952629 
-35.444683 
-263.480299 
-291.427641 
-262.097339 
53.037956 
693.744721 
213.971154 
-131.070580 
264.519412 
254.997173 
177.388688 
-38.461630 
-24.684391 
356.247795 
-238.982114 
-403.143928 
568.624885 
43.097201 
9.571781 
379.489692 
38.880219 
2.538885 
675.000404 
376.519886 
-377.946938 
109.461402 
-203.358145 
-177.331790 
899.996839 
12.642804 
-369.481996 
99.434606 
-121.304285 
410.885630 
168.756590 
544.406083 
-432.256117 
-446.368646 
238.522931 
183.483787 
975.005764 
-421.716665 
243.753213 
296.038423 
516.122148 
329.857431 
340.798759 
-28.927537 
82.927964 
-67.268393 
185.651544 
-311.963662 
-97.059127 
-581.942979 
-176.003317 
-396.924093 
-309.956934 
122.067006 
238.958133 
-158.201376 
-91.040726 
-381.175537 
300.133421 
-493.519820 
-614.592052 
-96.681556 
1.021758 
328.938679 
-354.055029 
207.056688 
200.467281 
263.023798 
95.329594 
648.632450 
393.745492 
-59.901826 
57.285182 
-311.017631 
243.746860 
-387.890479 
-655.011768 
384.116427 
-475.271655 
236.559438 
355.882399 
113.729042 
-550.375888 
-257.095806 
-299.067182 
-152.471077 
601.448100 
-846.334085 
487.495776 
337.495267 
111.280297 
412.637859 
-177.881377 
500.619348 
133.241022 
209.922455 
-247.441930 
-300.124243 
-261.258560 
-354.938421 
34.622740 
-168.838692 
255.246008 
77.576992 
278.753294 
739.692761 
91.795971 
527.093428 
749.997779 
447.855021 
337.498236 
-899.829125 
-610.599630 
-201.288630 
-292.676455 
487.452542 
562.501053 
94.557621 
-843.052856 
183.554961 
-113.278624 
213.716348 
363.620471 
-400.349177 
-195.599457 
41.357790 
-201.318286 
-28.411286 
581.251851 
339.856902 
-393.749870 
108.760419 
257.951794 
-335.807467 
265.602550 
-71.104982 
2.572285 
-540.948054 
-329.104283 
-29.652472 
-156.026771 
329.908906 
-232.302913 
-12.569708 
-355.834827 
39.604954 
368.498584 
-245.424537 
160.095222 
-210.475096 
-421.749431 
191.200516 
383.954903 
-177.395938 
318.749314 
1012.498563 
-423.739772 
-380.216833 
8.035125 
-412.845137 
135.158777 
228.553861 
-1001.313647 
-28.561086 
-315.987494 
105.116830 
-98.007511 
381.524580 
536.947901 
274.599875 
-210.098029 
524.998440 
393.747387 
206.248822 
281.248509 
392.637382 
-50.660795 
805.959038 
317.118748 
204.905163 
-543.762357 
-421.199055 
363.625543 
413.936289 
-256.636282 
-140.938448 
-278.325508 
-225.813012 
-237.832375 
175.226482 
-106.036753 
73.004501 
-505.445719 
-650.483440 
412.499405 
113.484012 
476.536349 
-357.385412 
750.001073 
-261.074273 
-249.393229 
712.502278 
268.651098 
31.903322 
206.252050 
295.004094 
-390.359827 
-359.317580 
281.251731 
-701.755195 
-22.713628 
-124.171405 
-554.025052 
13.184929 
-512.475440 
-84.009601 
84.405020 
-385.742704 
-588.541396 
33.184891 
418.722774 
185.807055 
77.800604 
-222.790081 
-1.843883 
217.402971 
55.125700 
-190.708725 
-184.572837 
69.046834 
4.632468 
131.933805 
-98.497132 
-140.422514 
-137.252396 
314.625713 
-291.944868 
-287.146136 
350.256190 
-112.552920 
-144.852788 
-18.752396 
-337.215244 
144.515760 
-138.084195 
376.349044 
77.210969 
165.674033 
-43.956742 
-109.980902 
18.748878 
93.747302 
304.199948 
45.517306 
37.995938 
-484.999961 
262.497351 
154.577303 
0.666056 
-61.384395 
-543.227446 
-426.841317 
93.751341 
138.238158 
-204.241637 
-321.927930 
220.873692 
-12.577161 
177.784181 
-157.026176 
-94.580318 
390.041317 
153.483895 
112.500394 
-885.932084 
383.207581 
73.766516 
-12.423863 
-301.192240 
87.810772 
-438.241507 
441.587705 
56.248796 
-306.718770 
-758.563440 
-42.842798 
-372.167887 
-306.165320 
-841.422151 
-145.655419 
-119.974129 
262.503128 
-296.723106 
-58.715432 
93.750114 
487.504190 
289.435485 
-30.839664 
-309.661996 
0.005754 
18.751701 
240.934165 
-164.996370 
-75.240838 
-211.075421 
276.685712 
72.274691 
187.499480 
-126.563057 
37.501298 
-286.344427 
114.010521 
252.384775 
-423.804459 
-103.875439 
-462.249171 
142.897672 
393.738992 
168.386491 
-268.024408 
-443.354450 
121.355014 
-148.810384 
75.381642 
-28.272835 
-294.789559 
724.875438 
-396.685786 
167.316033 
-37.503680 
-110.569954 
385.278224 
-111.295396 
142.159560 
-414.990745 
-91.489991 
-26.440245 
-503.919442 
-157.482158 
-453.875987 
-107.068210 
-18.916839 
-37.501636 
-581.127876 
4.435514 
301.462758 
-906.739561 
-316.219136 
-270.045324 
-270.177926 
-114.417961 
65.000480 
-395.242413 
-56.250171 
-333.973795 
-81.738232 
-37.501537 
-162.199263 
-177.423931 
-75.002619 
-75.001491 
8.762342 
-437.203258 
145.599518 
240.310442 
21.225700 
-318.424877 
-93.750008 
-43.389727 
300.000208 
-100.796818 
-93.890570 
-59.331820 
-294.314534 
-494.868321 
-58.493717 
-120.799006 
-144.526015 
28.684980 
32.487416 
-259.445867 
-85.434078 
-355.332214 
148.459747 
37.500969 
-112.731852 
-84.449893 
-243.627265 
-479.025032 
-55.361017 
110.413316 
0.000359 
0.000250 
-332.341220 
-37.499433 
506.106607 
16.987886 
-126.904970 
33.842313 
-339.948722 
152.472517 
-224.998738 
162.495366 
-12.554908 
-310.727997 
-588.740559 
-224.999629 
-194.374083 
213.764775 
-166.812577 
-558.034338 
-351.137188 
-85.765022 
-52.285135 
-177.788826 
-338.941328 
-79.327508 
92.825713 
-225.000802 
210.694256 
-104.894854 
-225.001196 
129.789637 
-225.000828 
-552.618285 
-103.653185 
449.997997 
-320.836462 
440.323195 
-118.680501 
-301.739180 
-678.108963 
174.997975 
677.270769 
318.748393 
-107.604471 
-495.870644 
-341.852348 
653.093510 
12.211109 
98.047060 
-72.954515 
-509.016725 
155.057280 
-18.751391 
245.551264 
508.133746 
356.249318 
673.991829 
411.006069 
-915.041906 
402.257312 
498.223608 
169.459796 
158.562865 
-177.769289 
-221.232049 
-62.679951 
470.530357 
-19.001319 
36.194195 
467.614455 
33.955331 
499.535253 
487.500465 
218.779667 
106.958878 
-69.590397 
295.021295 
392.633562 
484.784709 
-422.100186 
-153.540483 
56.463316 
600.000810 
-320.179113 
395.094360 
236.468476 
237.235023 
-407.811705 
368.705140 
-245.864546 
56.251452 
121.822834 
141.802650 
-18.031544 
-124.812534 
213.689944 
196.292432 
96.253901 
511.860234 
-625.462175 
-33.052507 
97.439752 
-135.052500 
92.185643 
-31.864862 
-11.722256 
-138.364481 
54.198655 
-197.851722 
518.566405 
833.436239 
-293.244647 
-20.923428 
110.641269 
449.316077 
-55.626403 
-267.867026 
528.039348 
69.360016 
-120.042098 
-255.899362 
1124.998689 
372.316098 
-177.939223 
-120.217799 
-44.999659 
644.626068 
-129.895749 
-174.148897 
599.999849 
-281.304978 
-18.827657 
21.746559 
19.373640 
152.639500 
39.059858 
202.912326 
111.054295 
375.000361 
43.937139 
-342.405130 
-123.949922 
107.400009 
49.096068 
131.250862 
-203.771564 
105.177357 
162.134775 
568.703505 
-29.948217 
899.999492 
171.976844 
52.762245 
-160.859457 
120.335770 
143.687879 
-18.750256 
-80.706376 
412.500262 
347.688734 
43.803771 
-20.880334 
504.443636 
-52.184575 
276.282127 
-149.262178 
-412.672189 
-177.296128 
-267.507805 
79.293638 
22.322248 
-690.696703 
164.287935 
93.862815 
455.736702 
-134.765704 
-161.205763 
-415.046780 
53.613719 
-714.259989 
-656.848095 
-306.260514 
-69.962111 
-375.877296 
-171.607021 
235.397325 
-28.122270 
-309.895006 
-30.915083 
167.102435 
506.250193 
-247.093703 
259.231025 
-595.002003 
337.500646 
31.613628 
-512.865257 
336.969714 
12.822204 
-88.214245 
118.117733 
-329.541517 
-345.460394 
176.565137 
-0.045901 
-256.500036 
-71.056011 
-256.769303 
168.751688 
384.375829 
370.624025 
429.560483 
-56.527519 
22.129375 
346.704112 
25.906424 
-734.083435 
-101.636174 
-360.518622 
10.657374 
-500.683996 
-113.551419 
-547.544706 
-146.491286 
-79.849485 
640.112846 
258.945448 
-162.846659 
300.000968 
146.035217 
262.500307 
127.904426 
-109.620049 
-290.164291 
-344.896227 
122.109850 
337.499926 
9.532914 
-691.899402 
110.457760 
108.120502 
290.046200 
-36.528883 
-550.839022 
43.177882 
135.885295 
-294.527859 
-14.810046 
393.749554 
237.505518 
-320.000642 
-155.387731 
503.899459 
-331.064622 
82.967893 
92.431563 
117.666755 
-270.533518 
-584.472099 
-26.574955 
86.618109 
314.850201 
-206.250343 
-770.751516 
-351.125301 
54.485730 
301.785135 
-86.684722 
60.568075 
86.116528 
-396.091209 
137.687378 
201.535071 
-304.321462 
431.249414 
468.750052 
-573.215152 
-32.653169 
78.325232 
-302.236545 
303.231249 
262.704331 
-585.604360 
87.218278 
-329.038805 
-125.635992 
-340.201946 
278.131871 
205.552724 
343.880778 
-504.444476 
449.999829 
168.749395 
131.249406 
356.250019 
16.226552 
-184.156121 
141.728300 
-86.177343 
-25.236062 
-276.998610 
-127.705679 
28.668422 
497.394885 
-624.004764 
-157.619915 
104.137757 
40.259840 
-480.186979 
-250.812557 
196.670266 
286.142858 
-30.692678 
-466.515437 
562.499085 
-166.046111 
43.732295 
44.712168 
787.498749 
-74.020822 
-452.324162 
318.748630 
125.147572 
131.323930 
206.249692 
354.999874 
21.166998 
-189.071186 
224.999696 
-85.342495 
535.187737 
312.084317 
31.191221 
51.607138 
-396.986999 
-15.056710 
-158.249725 
-363.022558 
335.598963 
-18.268190 
80.567803 
202.656214 
-659.413012 
-38.647443 
-4.055721 
35.525501 
-312.541500 
-284.365118 
-189.200596 
-310.516638 
56.231619 
-399.960817 
8.063022 
96.389915 
-721.250750 
65.327613 
-389.068987 
120.781861 
360.999783 
-51.748672 
7.851808 
-56.248561 
-71.992029 
0.958610 
244.695640 
203.039079 
130.101164 
108.476043 
-249.186961 
11.749335 
75.000227 
-56.248450 
84.210097 
-201.837941 
-7.822087 
-285.002250 
450.000760 
-0.911235 
-74.012103 
205.727924 
84.578898 
199.380981 
-93.750254 
-66.115385 
-197.015657 
-231.379564 
67.949814 
-125.203585 
-169.098870 
110.138466 
-284.173066 
-0.689790 
-52.145984 
299.999989 
-33.984578 
-536.719180 
485.141974 
99.640999 
-513.937637 
192.763543 
-282.016303 
232.858532 
93.750224 
-131.696888 
-100.198986 
65.897987 
-157.542126 
-15.177788 
-139.634944 
-124.600409 
-145.442860 
225.000774 
-169.743976 
-21.274028 
-56.250219 
299.999569 
-67.712190 
-12.698493 
-497.142453 
75.000332 
56.250593 
392.823533 
-244.999737 
35.863024 
-94.519943 
-48.688393 
89.320354 
187.501673 
-155.855292 
74.999899 
-162.805923 
227.278512 
-194.983755 
205.878627 
131.162346 
-223.987748 
-40.000204 
356.253262 
193.205865 
-117.219088 
-152.603004 
309.684998 
-342.359226 
213.249340 
3.562875 
-72.459463 
309.155777 
-207.302801 
194.026939 
-18.749570 
124.626999 
226.267609 
-300.822528 
42.828020 
-439.846797 
324.949815 
41.717844 
-124.377035 
-168.140079 
-259.978929 
276.653394 
152.109286 
-0.000166 
-362.931850 
129.155180 
300.203979 
-861.034969 
44.204034 
-48.281082 
-234.568451 
-163.677918 
322.978009 
58.352442 
-56.250225 
105.544447 
197.999143 
-0.000300 
-367.756368 
-371.488507 
-56.249548 
-18.749811 
-289.376796 
-340.546990 
13.956880 
-83.628005 
70.236590 
-211.710637 
18.749990 
-228.493035 
187.499932 
40.444137 
-274.547508 
39.678579 
-288.997644 
-133.874844 
-65.273521 
-101.812605 
-124.031063 
77.832330 
-149.597826 
-365.525072 
21.894550 
80.418156 
-161.621503 
-18.749660 
96.694185 
-233.321729 
-261.877287 
12.442829 
-51.055368 
177.974311 
37.500308 
18.750008 
-446.743404 
37.500190 
-187.315232 
-190.609909 
190.997569 
-26.174347 
-287.914096 
-463.420636 
-224.999696 
154.888273 
348.738369 
-246.367799 
-551.206866 
-224.999440 
-86.257490 
-512.579823 
-357.800431 
-155.429434 
108.691063 
-90.713889 
-352.719756 
-468.594962 
-83.187441 
-140.172025 
-50.713467 
-225.000783 
200.624862 
-344.648646 
-225.001454 
-287.248842 
-225.001174 
-382.677658 
-235.362261 
-206.250000 
-217.047370 
-227.063694 
-223.189401 
-226.746314 
-224.495548 
-225.000000 
-230.880242 
-206.250000 
-229.208896 
-224.472523 
-217.750314 
-223.016484 
-226.614687 
-217.849548 
-217.863673 
-220.678924 
-223.564126 
-225.000000 
-225.932771 
-222.817065 
-225.000000 
-223.947841 
-217.849151 
-216.085270 
-217.054907 
-225.798189 
-224.906195 
-222.331932 
-216.100815 
-230.829980 
-229.206066 
-222.397810 
-224.616143 
-234.761093 
-225.664613 
-208.244371 
-230.900779 
-224.999999 
-227.550464 
-220.163050 
-231.787869 
-213.817277 
-215.848975 
-206.275687 
-222.671721 
-222.608939 
-226.903291 
-206.250000 
-211.227455 
-226.291180 
-227.369883 
-208.257815 
-242.578125 
-214.924377 
-225.051387 
-206.250000 
-215.345556 
-221.342962 
-225.888285 
-227.046502 
-222.591428 
-241.365892 
-231.339040 
-212.295908 
-238.705421 
-225.466385 
-225.720618 
-221.408589 
-225.860964 
-226.562023 
-212.270943 
-209.160723 
-216.280795 
-206.397693 
-215.032387 
-187.421875 
-229.344776 
-221.056813 
-219.449729 
-210.522506 
-231.794006 
-224.472523 
-231.308210 
-227.468403 
-218.725295 
-220.645335 
-224.999999 
-214.284189 
-223.000056 
-227.182761 
-224.999999 
-223.911575 
-222.845683 
-205.540301 
-225.000000 
-226.346132 
-218.643063 
-221.070345 
-215.275894 
-224.192846 
-220.972100 
-227.501315 
-221.391875 
-224.999999 
-217.431008 
-221.994726 
-210.185355 
-226.659982 
-228.327257 
-224.999999 
-226.444343 
-228.217996 
-226.874946 
-220.890313 
-224.562763 
-225.000000 
-221.875410 
-218.600979 
-208.143685 
-220.698325 
-225.848076 
-225.000000 
-229.238249 
-225.000001 
-225.494510 
-218.183491 
-219.487274 
-218.894167 
-208.239700 
-226.818780 
-217.114786 
-222.660551 
-227.193219 
-229.032822 
-215.077072 
-233.149704 
-218.636373 
-211.375783 
-225.503919 
-225.207601 
-242.578126 
-231.477808 
-233.564017 
-223.638526 
-239.612371 
-235.515057 
-224.210956 
-225.853944 
-222.374903 
-231.703550 
-226.242620 
-231.990349 
-224.125527 
-213.546693 
-224.573813 
-225.000000 
-215.594638 
-222.033046 
-224.964986 
-225.000000 
-220.738922 
-232.666273 
-212.840956 
-226.697437 
-221.880696 
-229.172197 
-227.458784 
-228.049941 
-224.036259 
-223.345654 
-203.226497 
-228.425606 
-228.236788 
-206.250000 
-215.624999 
-227.469775 
-226.444343 
-226.679578 
-221.690300 
-215.294307 
-221.074971 
-215.641822 
-229.419886 
-232.235188 
-226.534480 
-207.486792 
-226.239956 
-216.669414 
-229.654887 
-224.385315 
-223.486231 
-220.142969 
-215.695896 
-224.999999 
-227.781519 
-225.000000 
-228.277657 
-224.775366 
-231.168419 
-218.278204 
-222.923193 
-206.250000 
-223.257978 
-227.924452 
-231.216377 
-230.774452 
-219.220531 
-222.287312 
-218.969601 
-226.374082 
-225.409909 
-216.058194 
-217.248612 
-225.000000 
-235.051482 
-225.000000 
-220.486009 
-215.576736 
-227.046502 
-224.853340 
-226.488615 
-227.215040 
-226.562023 
-217.591354 
-220.460559 
-222.373730 
-226.156082 
-233.910989 
-228.619511 
-226.633146 
-218.185082 
-226.859547 
-223.308375 
-231.816741 
-224.534872 
-229.665171 
-223.535603 
-229.512252 
-215.563510 
-225.000000 
-225.000000 
-233.487679 
-218.601960 
-222.474922 
-218.667847 
-221.050610 
-225.851402 
-226.454015 
-224.167234 
-230.203308 
-221.479361 
-216.200877 
-227.367261 
-220.784166 
-225.615511 
-216.771046 
-225.000000 
-225.000000 
-206.250000 
-225.000000 
-226.444343 
-226.006120 
-221.151907 
-216.766190 
-220.409341 
-237.464206 
-220.171240 
-219.186344 
-217.820167 
-223.290949 
-222.868122 
-228.432266 
-229.192629 
-231.637122 
-219.960831 
-216.925537 
-228.646065 
-217.383791 
-220.523545 
-225.000000 
-228.244371 
-234.953927 
-233.533088 
-206.250001 
-221.958402 
-233.817276 
-225.000000 
-220.922039 
-216.498451 
-225.000000 
-225.000000 
-226.377395 
-218.738192 
-225.000000 
-221.167135 
-225.494511 
-226.947006 
-228.607588 
-226.550948 
-224.668421 
-218.715423 
-224.873247 
-224.251698 
-227.269093 
-212.638985 
-224.482804 
-224.675958 
-227.516460 
-223.645929 
-219.980985 
-227.991081 
-221.032946 
-221.909660 
-230.807958 
-216.424530 
-216.733803 
-209.656977 
-233.157561 
-224.192846 
-227.627861 
-221.834444 
-210.220097 
-223.789602 
-224.616144 
-228.401710 
-216.631336 
-225.000000 
-236.065943 
-222.728433 
-225.986399 
-220.384466 
-223.645928 
-221.026642 
-219.970126 
-231.557460 
-225.000000 
-225.000000 
-221.983128 
-228.571860 
-223.036183 
-225.000000 
-225.000000 
-216.578617 
-219.675099 
-216.696982 
-223.804043 
-224.880378 
-225.000000 
-218.957625 
-222.141528 
-229.694191 
-223.886335 
-213.944963 
-208.852832 
-219.561282 
-221.088566 
-224.805374 
-222.684586 
-225.000001 
-225.000000 
-225.000000 
-220.928984 
-225.964617 
-222.156304 
-215.428256 
-221.147512 
-227.462127 
-225.000000 
-229.731264 
-228.011911 
-226.505891 
-227.876418 
-218.496134 
-233.427100 
-227.679817 
-230.098799 
-225.000000 
-218.212149 
-227.807226 
-225.000000 
-225.000000 
-228.666899 
-223.871915 
-227.462128 
-225.000000 
-225.000000 
-213.267190 
-225.000000 
-229.600705 
-218.926475 
-228.652292 
-218.487109 
-225.000000 
-225.000001 
-225.000000 
-231.708220 
-228.280124 
-222.340200 
-223.835044 
-223.789519 
-226.490477 
-222.923400 
-225.000001 
-227.698780 
-223.940975 
-226.659982 
-234.925435 
-228.771553 
-225.892786 
-224.339877 
-221.562282 
-208.520508 
-222.934462 
-219.086052 
-225.000000 
-230.532346 
-223.730558 
-222.716584 
-214.650736 
-213.642388 
-226.617836 
-227.824346 
-218.379883 
-224.018395 
-228.175658 
-225.590532 
-225.060006 
-225.000000 
-225.636955 
-221.945799 
-227.051952 
-222.729492 
-209.598008 
-220.013487 
-228.460967 
-224.621061 
-228.066041 
-228.174942 
-225.000000 
-215.248788 
-222.957756 
-225.000000 
-222.995223 
-220.800774 
-225.000000 
-225.000000 
-232.174397 
-225.208293 
-226.419158 
-221.098261 
-219.110448 
-228.461869 
-225.000000 
-222.368226 
-225.000000 
-225.920255 
-232.845622 
-224.069494 
-233.568876 
-221.823796 
-226.020398 
-231.292438 
-226.057580 
-227.929304 
-226.936442 
-221.875944 
-220.983437 
-224.022948 
-223.443767 
-225.000000 
-236.910086 
-220.475028 
-226.909430 
-228.607588 
-225.087942 
-225.181467 
-225.000000 
-225.000000 
-225.119016 
-225.000000 
-226.997434 
-220.645915 
-234.828565 
-226.659356 
-231.453204 
-219.822650 
-225.000000 
-224.821443 
-219.664841 
-222.877212 
-235.357783 
-225.000000 
-226.922283 
-227.600353 
-224.446376 
-224.800867 
-231.258732 
-223.127406 
-231.788814 
-226.134826 
-215.668193 
-221.398589 
-226.663730 
-225.000000 
-225.359865 
-220.086510 
-225.000000 
-226.374192 
-225.000000 
-226.909699 
-225.588785 
