-8.789247 
-15.049413 
-8.015973 
8.796568 
21.937896 
25.525459 
46.333454 
9.201341 
-8.789128 
-16.951210 
-21.019912 
-18.122444 
-7.825096 
-2.440540 
-22.541030 
-3.366487 
8.870956 
-14.043517 
-35.898283 
-75.446230 
-81.598367 
-63.007614 
-37.049642 
-12.997588 
-5.558306 
-16.003464 
-42.593204 
-39.886774 
-39.390520 
-68.186689 
-47.715916 
-45.617512 
-42.466515 
-57.644828 
-20.773028 
-11.169234 
-9.200954 
36.833870 
45.429977 
20.746095 
-11.070102 
-4.637091 
12.291401 
-27.204484 
-38.007098 
7.677606 
15.199382 
43.838074 
45.429909 
43.171059 
30.150227 
-10.080453 
-35.201974 
-65.549002 
-29.583348 
-14.079633 
18.320362 
16.600073 
24.186259 
26.883337 
16.264274 
16.248565 
56.430148 
52.404440 
54.339691 
64.677878 
48.095982 
-2.563397 
8.039150 
7.597777 
46.861422 
79.495071 
108.121457 
129.673894 
117.966495 
122.406820 
91.572051 
26.616398 
-3.913235 
-29.189452 
-14.263267 
-11.459946 
16.571476 
-19.666286 
-0.417771 
17.844540 
5.077039 
-8.789369 
-45.523962 
-71.559896 
-62.010170 
-25.958476 
38.827177 
61.346565 
100.556793 
126.757685 
115.587613 
68.858264 
67.083905 
41.417250 
0.416029 
22.910050 
44.467789 
46.792445 
45.429806 
20.221934 
17.151920 
-9.332674 
-13.878851 
11.525290 
18.320501 
5.383600 
-4.325104 
20.408043 
13.916244 
16.668187 
45.430144 
78.076845 
70.265369 
53.164022 
47.261281 
6.070138 
-8.789225 
-13.034242 
-8.789448 
-13.418776 
14.340827 
53.131610 
54.533609 
35.208580 
-5.953141 
-40.972173 
-68.184265 
-73.065301 
-36.768293 
-32.279605 
-41.379787 
-21.548262 
-26.557496 
-23.535428 
-33.402238 
-11.330040 
-27.569453 
-37.050675 
-57.748086 
-45.997640 
-14.553231 
-27.452386 
-5.169574 
-17.079674 
-25.547325 
-15.224027 
-11.270455 
-57.276821 
-99.748006 
-95.276638 
-144.336089 
-134.327226 
-105.522657 
-85.050669 
-35.898528 
-50.165835 
-53.998942 
-19.971971 
-54.926659 
-30.375141 
-23.587215 
11.274576 
3.979353 
25.984108 
15.519848 
3.225956 
15.290141 
-8.748872 
-8.789219 
-15.566697 
-18.189525 
-18.714265 
-39.075974 
-23.403303 
23.352487 
0.830031 
-5.152583 
-21.574055 
-19.732214 
-31.949595 
-12.023723 
-2.011258 
24.521548 
29.977048 
23.330867 
36.936374 
17.996669 
8.164172 
-8.789317 
-1.971058 
18.320363 
1.753913 
-8.612112 
7.743895 
-0.938805 
12.121005 
45.429676 
47.681982 
40.371032 
54.981568 
-13.044830 
-57.457715 
-52.769698 
-93.201661 
-88.450602 
-75.860295 
-55.040900 
-17.643061 
18.320330 
23.482888 
31.875091 
16.649369 
-14.476112 
2.709516 
-21.832163 
3.529021 
7.072340 
-2.297049 
38.302664 
48.050735 
27.924248 
38.485982 
2.499909 
-27.372920 
-37.162718 
-24.083049 
-39.343326 
-31.801630 
-38.827732 
-32.940560 
-35.216251 
-9.284136 
18.669203 
58.301417 
45.429777 
45.429754 
14.303582 
23.186607 
-13.482653 
-14.710279 
-24.270822 
-23.592884 
-35.078462 
9.445532 
38.774594 
38.837571 
21.603268 
-6.930250 
-42.338501 
-41.368180 
-14.783495 
-22.343558 
-8.788896 
-35.898273 
-8.788787 
5.383927 
29.074189 
23.604326 
12.392170 
20.503720 
3.746822 
-39.374206 
-65.724230 
-91.547085 
-86.523620 
-56.711033 
-51.816397 
-27.257847 
17.585594 
24.819256 
31.413344 
11.582102 
-9.735075 
-39.477830 
-63.007456 
-52.575897 
-20.805780 
-34.423147 
-22.343536 
-10.943766 
-40.741195 
-63.007575 
-58.775429 
-85.837663 
-63.007541 
-40.417054 
-43.759871 
-33.943396 
5.612906 
-32.312898 
-26.973267 
-71.597801 
-95.917712 
-88.339001 
-106.261561 
-103.153217 
-35.611457 
-58.256163 
-42.273962 
-24.101576 
-3.353220 
-11.507803 
-25.799321 
-51.726478 
-80.138857 
-82.785036 
-99.742865 
-52.010767 
-4.327702 
30.544001 
23.125525 
36.867903 
3.962225 
0.415995 
-39.614718 
-45.732897 
-65.310006 
-59.803709 
-28.728437 
7.098041 
11.663357 
18.320266 
17.280033 
-4.329135 
-39.054875 
-59.571648 
-78.836137 
-48.014342 
-18.458695 
19.797688 
31.874826 
18.320197 
11.594054 
-9.683590 
-8.011728 
-40.417070 
-63.007784 
-55.104368 
-60.390700 
-53.816837 
-38.157248 
-4.185327 
18.320405 
28.412648 
32.932797 
8.252246 
-10.231551 
-16.078514 
-24.483852 
-23.574801 
-24.567027 
-1.810067 
-2.517752 
18.320475 
3.918383 
-21.496367 
-25.526273 
-35.871639 
-43.829712 
-41.909071 
-55.434144 
-45.749569 
-8.789063 
-23.911130 
-10.622344 
-10.146371 
26.072265 
9.603473 
22.666636 
-1.996930 
-11.023411 
-35.898228 
-43.192368 
-41.491932 
-35.898785 
-8.788572 
7.476642 
-3.872685 
5.758743 
-8.789570 
-8.789174 
-45.123105 
-54.875328 
-35.393098 
-24.474241 
18.495198 
28.031786 
31.875317 
0.530337 
18.320040 
14.329098 
-37.317797 
-72.527471 
-86.625944 
-47.836128 
1.406509 
28.017872 
113.202835 
83.419782 
49.672664 
87.328694 
83.040790 
28.798141 
23.811661 
8.634764 
-40.133575 
-36.058123 
-56.828810 
-55.352198 
-35.898264 
3.043993 
48.381503 
91.932701 
72.636284 
83.702392 
77.639322 
-0.791700 
4.947213 
-7.332512 
5.884236 
93.936772 
127.681677 
113.202962 
97.057807 
40.540900 
-12.676198 
-51.200778 
-104.443573 
-92.653041 
-56.103370 
-26.065370 
36.072519 
80.274084 
31.874789 
58.186524 
6.156234 
-49.453222 
-96.688094 
-104.703435 
-35.898510 
-22.343778 
29.071916 
76.563837 
67.794092 
53.404080 
43.737265 
-27.552447 
-103.671685 
-129.772789 
-117.226360 
-94.024168 
-16.949928 
52.169671 
85.159795 
97.823452 
52.466751 
24.555679 
-56.603297 
-92.766741 
-110.894047 
-133.542094 
-120.918064 
-72.291460 
-33.667770 
4.766036 
37.924075 
45.349977 
31.190892 
-1.034845 
-36.394577 
-40.174970 
-63.007279 
-63.007500 
-0.564051 
18.320686 
29.050552 
54.274590 
47.393551 
60.925655 
69.232294 
102.239234 
86.094125 
44.259252 
34.414960 
22.750289 
3.981374 
-5.400013 
11.076673 
19.470146 
68.575043 
75.063053 
63.821146 
44.693292 
33.391661 
-34.714941 
-67.837597 
-91.828294 
-97.766053 
-63.007432 
-19.746508 
-0.311355 
18.320791 
27.088849 
4.765954 
-16.623661 
-44.404480 
-90.115116 
-259.074777 
-63.830547 
-31.054966 
103.995370 
-148.918349 
17.419025 
215.717461 
18.322076 
-215.348560 
191.116936 
-243.850753 
223.443418 
-100.800216 
322.044943 
101.345655 
-58.285208 
131.050171 
18.320826 
81.302672 
41.856645 
18.321305 
-55.975659 
120.831093 
24.143225 
-36.208133 
-503.997845 
21.976668 
-127.871437 
20.427703 
102.928895 
-38.014710 
41.341624 
7.260060 
-65.406064 
344.497129 
-110.536554 
84.249586 
-8.790337 
100.588442 
-71.475035 
-43.370614 
-217.689458 
-12.472466 
450.945408 
-61.807545 
-86.765622 
205.733966 
72.537510 
87.354917 
34.513765 
99.354313 
87.531080 
37.802939 
74.266356 
-89.802876 
-8.790824 
-2.335799 
-167.758884 
-95.901409 
36.070644 
-3.533658 
27.730070 
214.820217 
152.212313 
-154.038197 
263.823333 
-168.121320 
-152.825204 
193.232733 
36.148878 
11.966914 
205.782927 
213.429799 
104.510512 
160.144703 
710.676553 
-38.450356 
43.174291 
-72.120353 
308.199214 
261.217141 
259.547176 
5.590297 
393.021223 
109.775630 
155.027636 
655.388234 
-72.287633 
399.261968 
-69.164002 
219.830506 
163.004290 
46.176896 
320.115442 
506.285311 
-20.440855 
25.169815 
311.806090 
169.248238 
-146.513213 
-160.082738 
46.087631 
51.382034 
370.738283 
214.402340 
-274.532161 
339.727954 
39.207679 
70.200578 
235.193756 
231.123783 
122.249070 
-68.570477 
-205.985064 
153.286448 
99.644269 
104.973980 
-367.210870 
-261.448870 
143.883706 
-17.967734 
194.529936 
-493.760365 
235.193124 
-185.186819 
131.863396 
-140.476716 
182.830948 
29.335558 
-102.970628 
-369.090962 
-289.685809 
167.769037 
35.302323 
-265.170679 
-120.312891 
-129.819659 
43.695453 
-345.467573 
111.367413 
-63.853958 
-79.948461 
-225.541289 
84.267058 
-480.650850 
-775.176875 
-188.135002 
-246.260217 
107.489877 
-294.373968 
76.461928 
202.968077 
-122.899256 
-58.073421 
-182.013023 
99.648663 
-115.488288 
58.225597 
-534.344943 
289.413979 
-13.120999 
-70.763360 
9.777058 
-126.000453 
226.371380 
100.737038 
-613.105340 
10.016660 
-58.902967 
-137.192113 
335.636897 
-162.213728 
317.173150 
-22.345012 
86.096612 
353.777800 
-642.157975 
-103.207722 
-258.073094 
74.282383 
-20.384651 
-52.311089 
-69.425292 
54.757575 
-7.517600 
-502.451676 
162.386084 
-112.024287 
-97.601914 
118.519828 
102.038393 
-178.608399 
-89.198088 
-63.009554 
183.380835 
574.059016 
-597.817201 
-108.892071 
-302.669518 
-3.177837 
-106.130383 
235.194450 
154.225005 
-394.100776 
-239.734159 
12.174875 
-49.330451 
-45.120159 
-182.905420 
-166.164963 
-298.827377 
14.048047 
-111.559570 
208.085379 
105.480805 
-56.682190 
-202.881987 
247.517569 
-58.811056 
54.091697 
-279.941301 
134.869961 
66.994899 
-71.483907 
-73.853106 
191.437086 
33.936906 
-226.565586 
93.468952 
-15.056795 
92.307316 
-188.382977 
-117.423626 
190.345382 
-202.486337 
-112.578184 
258.296701 
-38.924620 
14.759071 
18.320673 
262.305576 
-170.533497 
-358.744937 
212.304585 
-47.930133 
-329.977503 
486.271594 
-456.604499 
273.655487 
-64.123232 
15.881633 
-4.017125 
472.683139 
-259.441050 
146.429783 
-233.565910 
45.428629 
330.078172 
-8.789166 
302.968655 
621.501484 
-418.084398 
142.234154 
-57.574482 
281.024655 
-239.080373 
-161.637849 
-75.726748 
392.351303 
-422.325463 
-92.323097 
7.472742 
-193.909386 
-111.451717 
-107.608069 
53.342930 
135.104960 
-1.910612 
147.023619 
194.531831 
-96.076657 
-91.076981 
50.963663 
18.320392 
84.057421 
-416.657222 
221.641714 
96.959870 
-146.801728 
235.196688 
205.376000 
-177.379081 
64.407035 
-556.905465 
-222.999090 
-225.849462 
-109.837426 
23.296464 
312.369419 
-250.986642 
-67.999918 
163.929467 
359.850753 
9.996309 
83.658269 
224.741187 
-122.323354 
167.786340 
373.709973 
214.736169 
128.968876 
-27.817911 
-238.873976 
-152.707284 
70.090701 
130.292897 
-8.520113 
56.463231 
-227.837393 
-337.356038 
105.680013 
76.009759 
-76.803733 
137.384137 
-188.549526 
-110.425837 
343.631822 
-145.193762 
260.532451 
32.905397 
85.406664 
-209.143046 
280.674110 
-32.482936 
-175.695943 
-8.790581 
411.404481 
96.248014 
-253.427549 
81.869470 
-127.166656 
99.648314 
-63.788125 
-92.623591 
-181.242417 
-388.115233 
68.842000 
194.530966 
49.085542 
-125.366682 
127.732582 
57.288212 
-113.197190 
66.004285 
-123.005281 
21.536619 
-42.648312 
-93.699147 
357.187836 
-172.292949 
56.444491 
-95.882367 
-105.731500 
-176.220973 
115.107235 
-305.566938 
72.052963 
384.298581 
325.423600 
-214.604782 
11.645196 
-23.691552 
-101.012717 
-262.724559 
-303.806125 
14.421403 
194.533218 
115.596913 
-30.022178 
-8.784644 
194.531463 
-32.274321 
-16.516999 
-161.994502 
-35.894286 
194.533203 
165.501302 
-271.746673 
-70.724324 
26.376002 
-78.901449 
-4.995841 
-8.785895 
-50.296567 
86.096385 
108.358693 
-2.933720 
-14.714206 
288.279628 
-79.039252 
140.989368 
125.084396 
113.204111 
110.101988 
-94.837398 
-47.535903 
-218.914678 
101.278089 
-302.642670 
202.813023 
-111.300885 
324.942690 
-243.749412 
178.506743 
235.195016 
-226.614758 
665.794842 
91.067580 
161.380600 
-416.674850 
-59.195266 
-134.137569 
-11.061635 
99.567885 
-222.083738 
-122.059993 
153.884142 
58.983005 
-151.100231 
-47.415591 
-120.900221 
-184.309978 
104.308602 
-133.580650 
290.002058 
237.409564 
219.046209 
-10.895389 
58.981791 
137.001766 
-101.462878 
-22.345935 
-236.638572 
-309.433993 
-8.791253 
72.536786 
-118.314004 
-171.108544 
88.082041 
-165.291776 
168.702674 
-361.259506 
58.982311 
-181.189434 
-63.009935 
-18.035796 
-160.033472 
43.449528 
-12.983109 
-727.207431 
98.702061 
-386.718694 
-193.851384 
-9.548764 
-314.393964 
-126.100479 
65.557664 
-259.130981 
-83.442097 
18.318880 
41.048208 
90.511191 
-498.265490 
-207.136133 
-121.503893 
156.042189 
31.874452 
-8.790286 
-218.264850 
167.421962 
-168.813703 
-139.090603 
-254.540703 
-170.747722 
70.889095 
30.357488 
-35.898801 
-66.118100 
-64.450449 
-261.603641 
-342.139997 
-135.016502 
-80.147398 
120.466208 
-67.794436 
-30.534869 
-175.451500 
-8.020906 
-212.420293 
-265.484874 
-83.286217 
-52.562896 
271.514056 
-8.787432 
-53.484042 
29.118139 
4.766512 
23.468186 
-184.997708 
-321.671073 
-64.585134 
208.085650 
-175.481041 
71.690216 
388.600608 
478.720083 
-448.769734 
-141.626210 
141.828198 
153.864411 
-518.076692 
320.186050 
-176.278369 
240.500855 
128.055523 
296.828928 
391.122437 
71.922892 
210.358004 
248.747984 
80.832320 
-123.993359 
790.934871 
87.412095 
192.957510 
57.849385 
9.619611 
-517.271385 
-31.004173 
216.568949 
-2.996110 
86.044455 
44.428149 
361.083171 
273.575929 
-12.459121 
313.997238 
354.540097 
60.689203 
262.300664 
497.777224 
-29.702712 
-305.086935 
-58.308947 
73.433568 
772.194185 
291.356085 
-323.585951 
79.666470 
289.412485 
30.600875 
676.238921 
321.151074 
397.696996 
29.330701 
176.877898 
142.699174 
1116.246566 
46.208539 
124.334657 
100.126146 
-38.875468 
3.221489 
-98.033862 
214.806690 
269.829122 
-103.436657 
249.133703 
-3.802849 
204.450474 
293.544678 
335.510773 
62.899888 
13.471108 
-12.664818 
111.818720 
204.881348 
888.700236 
-39.169113 
87.877916 
14.509777 
312.044403 
404.978969 
192.953982 
-50.805361 
129.179634 
172.679056 
-89.017078 
655.394168 
-114.453968 
352.430601 
178.082467 
306.583628 
281.043114 
-97.687250 
27.231647 
438.517126 
-149.007834 
17.366070 
254.905187 
157.285233 
-267.657512 
-74.510040 
360.246061 
-228.877914 
370.741516 
218.403457 
-524.938607 
506.032986 
69.053147 
221.218600 
167.422937 
305.085079 
-165.266388 
-51.772494 
-414.739997 
167.064478 
180.976717 
203.020806 
-639.517721 
-387.057878 
200.394813 
78.970004 
221.640276 
-546.059694 
343.632867 
-211.310371 
29.898188 
159.218367 
265.816765 
-231.757082 
74.528220 
-420.326908 
-284.985914 
60.418154 
9.426599 
-181.801771 
-278.888340 
-491.715538 
-238.087385 
-233.414672 
51.334738 
-109.604002 
-185.335477 
-693.834443 
146.094895 
-731.908910 
-617.653076 
-266.143637 
-72.811462 
-115.402053 
-189.413398 
14.739467 
483.396563 
-95.353163 
76.652478 
-250.231738 
208.086082 
-184.539620 
-41.491221 
-336.662340 
235.194700 
-159.678698 
-301.019001 
140.661630 
63.419289 
84.794885 
212.272857 
-566.288744 
111.235565 
-99.312867 
-253.157375 
474.994009 
-22.297397 
-82.184658 
-22.344066 
86.090527 
414.613670 
-365.780722 
-46.202396 
-520.374002 
-222.729228 
622.207081 
-195.368419 
-29.900615 
-10.884474 
-48.357802 
-473.293023 
300.286735 
138.346206 
-81.362895 
260.449142 
145.025566 
23.644087 
180.582028 
546.955809 
303.976713 
492.738003 
-721.901209 
-203.925749 
-8.656061 
-50.927371 
0.692335 
275.859676 
-135.456019 
-646.153213 
-20.251863 
-633.722126 
74.810501 
296.286974 
-249.174265 
-275.886903 
-284.631821 
-214.020900 
65.989034 
546.953737 
-156.959643 
-52.162288 
-218.784196 
249.574212 
110.227763 
263.245982 
-170.972592 
138.253064 
-80.888023 
-132.216581 
-177.671706 
-228.096072 
-27.583559 
-355.680632 
-1.870367 
161.640464 
-6.813613 
-217.930024 
-18.578325 
102.674531 
-20.854143 
-167.266422 
194.522130 
-139.772821 
-59.065029 
208.088807 
763.829698 
-309.187933 
-176.866441 
-230.288635 
-93.545872 
-191.115342 
60.597820 
-824.857086 
171.209812 
-133.451765 
-102.418284 
55.455773 
304.767087 
-299.996864 
-133.504949 
-156.607590 
330.080246 
-8.786816 
330.079630 
235.197224 
362.918967 
-197.626725 
406.519759 
-73.764448 
375.589460 
-447.006907 
-449.233777 
-5.829999 
346.821552 
-377.213522 
-5.060662 
123.050304 
-123.398432 
-448.258997 
-134.850383 
-230.247745 
149.098426 
-322.161691 
130.167202 
140.312742 
22.000369 
-131.516223 
-294.470425 
330.077558 
-229.963062 
-437.780650 
45.428864 
391.979087 
-230.782610 
411.405260 
104.166971 
-154.199399 
-274.116267 
-502.688316 
-163.399537 
-62.207679 
-20.219712 
-265.137932 
366.863997 
-89.206348 
-79.658181 
206.936078 
357.832392 
-175.057813 
163.026871 
198.769243 
-266.306817 
252.909006 
114.605951 
78.704185 
218.247032 
-50.919585 
-198.195073 
-250.511249 
21.678038 
292.627489 
-107.492262 
-266.030153 
-321.880678 
-385.480749 
310.546588 
-4.964509 
41.216018 
157.910070 
-173.283518 
342.275501 
980.700609 
-677.572473 
339.241857 
61.132544 
87.507025 
-332.698288 
248.369284 
-286.951019 
-197.504210 
221.637610 
126.755521 
284.466366 
-166.259242 
258.168320 
-517.547528 
465.622837 
-234.429578 
-152.036040 
111.487904 
-499.522642 
-113.372932 
275.857377 
69.830692 
-44.315386 
-90.081020 
-449.385144 
29.313339 
305.087373 
-81.189204 
-110.142223 
-67.700112 
-245.615273 
18.318173 
-190.083394 
-428.138579 
-36.851411 
-379.257806 
-245.862113 
211.832511 
-231.879711 
275.595603 
18.317836 
-141.677068 
-509.854366 
-69.759688 
115.768967 
-11.662813 
-603.903402 
-144.021385 
314.079696 
-22.345516 
65.454150 
48.811450 
126.756092 
140.310400 
-90.886000 
-102.153000 
-173.513257 
357.184914 
31.873532 
106.389224 
-228.377586 
-280.052010 
289.763644 
247.142579 
50.985873 
221.642212 
-388.321330 
-35.898820 
35.811129 
107.435639 
260.453610 
264.811821 
-70.695289 
16.347485 
271.013941 
289.416415 
305.590651 
-269.482333 
-104.443251 
-423.356022 
73.699692 
-344.308482 
-136.662985 
-97.023881 
394.939422 
-74.107370 
312.711464 
113.203932 
-227.881127 
418.651866 
107.574749 
325.888151 
-336.185667 
-177.374574 
13.903884 
-175.625566 
0.428574 
-121.661070 
-126.404560 
32.557071 
-22.342022 
-410.788691 
163.330118 
-288.869582 
-337.645976 
293.837193 
-219.937115 
33.696197 
104.172162 
92.584081 
-130.622672 
-90.115872 
-127.665709 
-443.313137 
-63.006602 
-335.566854 
-570.977067 
4.766648 
-8.787555 
-238.034695 
-233.077433 
-331.738857 
-96.449771 
35.287780 
-305.150530 
4.766746 
-227.988522 
-90.116147 
-236.845230 
-232.016644 
-82.494301 
-9.340497 
-510.990341 
1.603367 
-374.217046 
-86.459073 
-20.137367 
-79.501911 
-193.185527 
-109.107894 
-237.035150 
-30.088802 
-90.117503 
12.112729 
150.537592 
-417.672463 
-292.245888 
9.493631 
290.906682 
45.428515 
140.311200 
-274.132253 
-35.898742 
171.628312 
-127.757292 
-141.321503 
-241.710521 
-182.809074 
80.973167 
-49.455780 
76.729492 
-124.019971 
-149.497042 
-332.101994 
-95.203057 
-124.694406 
-73.566274 
-117.941947 
-352.188405 
-241.879087 
-54.016701 
-163.434686 
-306.564813 
-58.932684 
-61.757837 
141.155549 
-49.455859 
-208.280747 
51.177505 
-185.003604 
-10.585243 
-185.002817 
-372.493188 
-109.276316 
546.961333 
81.312550 
-260.843872 
489.663266 
16.092554 
-247.957078 
104.174783 
-112.960960 
208.095732 
-149.564016 
341.195476 
-299.955901 
164.025879 
13.337753 
563.405907 
71.487502 
-120.115417 
-56.645327 
72.544224 
132.629594 
145.031555 
45.435095 
269.941219 
428.877545 
-250.120143 
155.304914 
-26.447741 
385.585757 
375.882396 
174.889714 
360.711147 
73.928271 
93.515513 
128.277623 
340.640231 
163.764692 
134.676355 
-257.559189 
343.633166 
405.498627 
158.963239 
14.540652 
268.735057 
-81.381838 
616.852938 
335.362679 
318.669343 
-255.977926 
601.170414 
72.822538 
562.777059 
-127.580037 
69.313858 
-220.582261 
215.485519 
-3.136464 
357.187100 
174.115492 
-143.568119 
17.380982 
400.207150 
220.535227 
35.402203 
50.954246 
256.090849 
-41.290400 
341.534370 
-37.462798 
-386.605698 
560.245085 
50.572207 
233.042873 
313.089431 
-104.186481 
-61.647053 
436.259757 
1079.763972 
252.373009 
33.112951 
-185.666829 
170.440278 
548.174963 
38.522830 
-61.688600 
-32.706146 
-28.873234 
-78.220082 
357.183154 
30.645495 
444.171896 
295.862575 
89.704733 
160.897246 
81.088975 
-142.624704 
492.730409 
-156.230014 
145.266919 
98.058918 
44.620035 
65.152337 
-240.376703 
-87.316241 
-281.633134 
424.953107 
340.229027 
-561.839798 
-284.397342 
85.430399 
-257.127553 
18.312385 
265.358091 
-91.479998 
146.859869 
-331.190717 
-285.547673 
289.406371 
168.623803 
-245.143105 
12.665492 
467.524372 
1.814071 
18.313976 
4.746331 
655.385977 
80.755116 
5.927746 
-103.432570 
304.657056 
-181.829087 
76.743583 
-144.867633 
95.377005 
15.504912 
-64.799113 
7.501981 
-74.017930 
-588.948544 
-103.693022 
63.527700 
47.265611 
151.323072 
-187.249722 
-141.225877 
216.891375 
-159.356706 
-174.727385 
-214.515005 
-145.015371 
221.360244 
143.532800 
353.083137 
100.053463 
-157.461118 
71.565887 
69.697960 
574.064998 
127.179604 
-220.404855 
-332.106736 
465.628390 
128.380705 
-92.334121 
218.341896 
-44.871676 
4.605537 
-10.688617 
-184.870584 
241.274366 
-156.164001 
-424.324764 
296.603229 
-229.550708 
-506.116344 
-90.114458 
113.202939 
174.846664 
264.401383 
-324.437678 
-259.683863 
117.199291 
49.306890 
-394.075047 
122.595406 
-187.302841 
-292.066954 
-165.508780 
97.127547 
10.664178 
-115.517856 
405.519959 
-32.063625 
-35.977470 
-208.034283 
370.746213 
78.630448 
709.612738 
-368.470063 
46.176268 
-165.897142 
-68.194957 
-131.808327 
208.086465 
-13.188874 
-961.272704 
-597.466218 
476.721454 
-102.567504 
251.160806 
-295.265305 
81.177273 
139.690232 
72.916287 
-145.821946 
357.189741 
-240.027184 
-195.842200 
-233.391719 
273.233095 
-372.406559 
-233.210344 
-86.474034 
422.375348 
-179.793951 
-190.972417 
76.505744 
-6.063744 
34.520317 
-172.648215 
66.517643 
114.788722 
250.564958 
-51.345668 
-30.785892 
-260.439914 
121.689095 
-289.125124 
41.453944 
-258.033776 
-148.544632 
99.648091 
763.828058 
-609.977091 
25.757705 
-122.091964 
153.342390 
43.599891 
330.938635 
-769.298083 
126.788705 
-137.815230 
183.401558 
-167.722409 
243.991775 
-10.605286 
124.479334 
1.323348 
357.186471 
18.320023 
411.405942 
208.084990 
-125.012033 
-78.938181 
245.710451 
-145.205656 
257.496473 
-253.328249 
-344.905561 
91.261460 
473.184435 
-56.440398 
-119.849462 
-151.746864 
201.419817 
-133.753337 
181.875112 
-241.258833 
47.983627 
-16.657489 
-20.938444 
248.749927 
-284.615731 
-309.944773 
-44.979821 
384.298068 
84.600825 
-124.350752 
-35.897192 
9.784390 
84.875190 
682.501305 
-315.124293 
-126.789627 
-146.642017 
-336.640244 
174.923425 
-163.221924 
49.784046 
-60.156623 
147.808792 
-169.255407 
-44.789457 
-172.485626 
-116.763613 
-380.407943 
-51.153532 
56.036351 
-337.083479 
-360.013149 
-403.893598 
-157.991996 
-171.940081 
29.083634 
-198.340266 
-174.768252 
-71.141899 
-163.072408 
215.622818 
-85.084824 
-463.472801 
-439.043473 
191.825118 
-252.058940 
-225.278618 
-59.681931 
-150.957270 
-63.264317 
628.282591 
-34.862082 
-129.150421 
120.449183 
-2.598326 
206.065826 
57.304028 
-133.881366 
-312.457784 
248.752272 
45.432957 
52.632534 
-272.346762 
-306.447105 
-372.956278 
357.190459 
-265.242435 
-138.504969 
-140.413505 
-137.006574 
-135.136973 
167.425583 
-147.272009 
79.194293 
-97.972810 
-234.376994 
115.898839 
-47.948966 
-186.475939 
44.674689 
166.552127 
-20.821005 
-63.003508 
-90.960748 
-287.504092 
162.232846 
-154.184883 
-101.734115 
264.946431 
-52.192795 
108.112105 
-8.784001 
-68.189052 
-359.150838 
20.582970 
-22.153519 
-177.212985 
-167.956255 
-46.208320 
250.138099 
-35.895827 
48.575800 
-33.691056 
126.760344 
140.314954 
-8.480919 
-97.264415 
-323.832169 
330.080443 
113.203906 
146.196484 
-199.457747 
-314.397677 
18.941437 
223.563639 
-21.442365 
167.422819 
-19.801616 
45.430564 
-6.654373 
127.106385 
77.115265 
205.154389 
-45.653511 
-341.751388 
113.085961 
58.985502 
-102.641079 
119.599719 
-73.604583 
-475.987168 
-217.095345 
130.171147 
-100.025948 
-187.828708 
-107.219876 
-57.749469 
309.353458 
221.640561 
-313.848009 
-27.625180 
-106.993172 
105.552304 
-127.004460 
83.425149 
-352.899182 
-461.376616 
-89.266900 
196.350865 
164.657411 
108.174226 
31.876147 
-153.204831 
172.985157 
33.666084 
-706.538269 
153.979771 
-253.451358 
-280.921553 
-102.396936 
23.625722 
-432.641810 
-63.008266 
-237.800375 
-85.594488 
-35.898885 
-361.556404 
-511.205454 
-49.454662 
-35.899197 
-205.956982 
-313.371418 
-57.282121 
-49.015599 
-108.939071 
-253.241524 
4.763555 
-150.637868 
18.318160 
-30.767060 
12.628334 
-108.852515 
-231.175131 
-324.421145 
-102.644117 
-270.310850 
-118.150359 
188.312232 
-191.361816 
70.137945 
-263.489688 
41.845339 
49.431400 
31.871914 
-137.666673 
129.761748 
-371.292712 
-46.606205 
256.013920 
3.344727 
18.317582 
140.309374 
-120.263048 
-8.791263 
-107.443454 
-306.101422 
-94.978369 
-96.236810 
-329.751868 
37.510830 
4.764035 
-121.606448 
45.517971 
-159.984801 
-557.097409 
-91.814872 
-108.553882 
-94.069163 
-295.929402 
-158.208633 
-147.582374 
93.388504 
-74.428596 
-401.520406 
162.565510 
-192.819775 
-218.976650 
-22.344841 
-112.719557 
-352.147300 
-185.001041 
-44.050665 
-185.000308 
-288.323294 
-423.229928 
628.278284 
62.246414 
-87.388788 
392.683562 
66.416894 
-420.176907 
-98.251452 
230.697186 
655.389884 
-125.104054 
253.102649 
-44.702915 
168.176537 
225.220635 
375.156863 
39.970983 
-206.317619 
207.679062 
180.974602 
16.239489 
332.227399 
262.301461 
162.986129 
389.631036 
-367.726631 
-148.497418 
359.441083 
525.599168 
296.221885 
-435.706733 
11.876488 
112.677182 
121.496912 
325.600596 
-309.854275 
242.101458 
9.200728 
-104.741563 
709.607259 
644.283582 
-276.986446 
-155.508198 
-77.389986 
325.134804 
634.856933 
238.172075 
-406.711872 
-92.265848 
126.755430 
376.290897 
-7.995134 
-146.983942 
-114.554819 
-201.941928 
-177.929237 
369.962148 
370.741549 
374.227267 
-144.338290 
320.167956 
-303.925289 
73.606896 
-189.310284 
255.224510 
317.496995 
37.425823 
109.843448 
-1.969583 
265.182010 
544.800903 
-2.370816 
118.915894 
29.778489 
-149.734764 
-166.067142 
365.281710 
644.038133 
-0.991162 
-179.424395 
183.796680 
279.063389 
357.971380 
-180.645772 
-13.458830 
-138.851840 
305.071620 
88.450450 
180.979601 
326.890826 
148.906862 
-249.182243 
682.503497 
156.915957 
119.339278 
-39.420412 
248.750205 
-65.166806 
233.401356 
105.728106 
94.406622 
-476.099843 
-171.201413 
95.810115 
67.899341 
818.050724 
199.379573 
-461.454524 
-86.249781 
5.572055 
-165.345965 
180.985780 
-36.633919 
-194.664631 
-77.836214 
-176.558935 
80.774045 
601.179827 
27.246047 
-483.328639 
-328.574247 
-72.997371 
64.834039 
343.634111 
93.750079 
18.324895 
-148.413686 
31.605847 
-208.730192 
427.668769 
-346.269410 
33.539921 
-99.940327 
-184.892446 
211.802551 
-86.674584 
-341.879658 
-217.450932 
-198.187754 
-33.482273 
-172.551381 
27.720637 
-620.437574 
-13.087735 
-150.590316 
322.502493 
-302.452161 
-377.697185 
-143.411108 
-334.886850 
392.243033 
265.793506 
-85.697673 
-20.292994 
-224.557120 
105.760606 
90.821385 
-8.784746 
71.732014 
-135.221640 
-70.997487 
465.627920 
-252.067700 
-464.072757 
-80.086582 
330.688486 
135.447421 
367.176406 
-438.173943 
-254.992227 
50.720088 
-193.568366 
110.833997 
-68.688005 
-512.591351 
99.649522 
336.856117 
492.811544 
-154.230106 
-111.414981 
-214.828912 
-27.562647 
17.252176 
107.978605 
36.033290 
34.440188 
137.661214 
100.065524 
292.665501 
-48.555107 
-111.411585 
-89.561518 
13.268021 
403.194784 
-69.638404 
574.061970 
296.966921 
302.968330 
-495.270841 
-217.357484 
-199.467091 
-188.192939 
-86.637630 
452.068656 
173.151432 
-314.892875 
-330.782576 
-48.081010 
9.115675 
190.063648 
-151.883820 
77.155296 
121.580921 
-460.318591 
191.114439 
221.640099 
250.588651 
297.549353 
-478.083179 
-335.826640 
62.050870 
17.392275 
282.256851 
-76.494288 
60.283225 
-220.504746 
-108.234350 
178.309282 
90.165027 
-17.730121 
-47.326316 
238.296603 
48.293921 
-150.126259 
-123.779538 
-104.511542 
-197.236774 
99.626528 
91.089831 
-200.052805 
-111.056967 
899.374140 
370.740206 
-390.804598 
-301.930590 
-100.991130 
129.665115 
491.734681 
-4.446341 
-603.596475 
-184.179726 
207.272945 
54.291739 
-29.653026 
291.982798 
10.827560 
-139.868573 
-255.075158 
-76.563214 
-63.008916 
153.867541 
411.405938 
-123.386744 
-282.736101 
294.874035 
-158.950425 
164.972653 
-42.148427 
-68.787824 
-8.102923 
260.658310 
-422.500188 
-129.333434 
156.906900 
61.605446 
-347.773173 
-6.231100 
-270.433795 
-143.408027 
-62.846264 
-1.524208 
31.874283 
-236.588489 
-336.754308 
-195.117304 
-8.788059 
12.466236 
-1106.642587 
180.975237 
543.981108 
145.523507 
289.413674 
176.457972 
-403.593329 
-53.809546 
-515.393332 
-152.228859 
27.793428 
278.526438 
-92.694202 
-82.082707 
-297.530614 
332.175535 
-241.056519 
128.712375 
-51.647104 
-146.174667 
111.452363 
-113.414045 
-142.236323 
190.988401 
229.346275 
-191.018258 
-120.589652 
-117.255298 
-0.255153 
189.491964 
473.178220 
-180.959545 
-115.595010 
25.420991 
-432.343079 
155.601869 
-29.852413 
-35.752253 
36.435336 
148.536486 
496.270563 
438.516305 
-178.292099 
-170.338001 
-63.933156 
103.505572 
68.995070 
339.849099 
-45.218350 
-82.166111 
153.866430 
140.313125 
54.493562 
148.186498 
-3.152461 
89.711623 
113.204245 
246.204148 
-224.087496 
-9.026883 
-113.225680 
-77.346513 
-8.787612 
-0.720586 
-370.121955 
134.960705 
302.869794 
93.991442 
154.088943 
-55.842544 
-363.796381 
211.986856 
-34.275659 
465.625802 
447.829838 
-332.406745 
96.386246 
11.628205 
-53.119814 
161.541988 
-295.457290 
152.132243 
194.533015 
-228.987713 
-130.147316 
-170.220703 
-107.491545 
-13.381281 
-488.932132 
-305.201736 
-102.766206 
18.319843 
-64.805905 
169.344232 
248.746891 
4.763977 
-177.879789 
98.491978 
-135.233310 
113.202322 
-8.792971 
88.302056 
-315.130365 
-76.074235 
13.607701 
-67.609391 
56.449283 
18.322522 
-175.676232 
126.759860 
279.370737 
-173.003817 
72.918460 
-20.550829 
-147.623740 
-470.373325 
323.238185 
-239.221185 
204.581126 
-139.491546 
222.444228 
-90.978251 
110.647989 
27.416937 
-8.020769 
-15.462317 
914.514265 
-223.874364 
386.135684 
-8.788018 
-56.024749 
-108.687535 
113.444943 
97.045608 
-22.448518 
-206.949984 
8.087396 
-194.627932 
34.538421 
-229.606176 
-42.358907 
65.199703 
-63.005760 
-242.075983 
-47.721379 
28.384119 
95.046183 
19.945162 
-100.475900 
-374.627341 
-153.342545 
21.811406 
80.540844 
-63.006472 
-15.346244 
-325.686304 
-35.897076 
-303.063886 
332.855567 
-35.895582 
-49.453235 
-164.336985 
-374.878342 
-140.446502 
60.391144 
-114.273374 
-327.809348 
-63.007474 
-124.111555 
-35.897415 
-228.157220 
206.467672 
-42.862727 
-149.599477 
-463.770749 
-302.223518 
-251.005338 
64.305388 
9.111519 
-123.936797 
-34.428896 
-236.805648 
-207.466670 
-214.556876 
18.319360 
-113.905685 
74.196008 
-219.332587 
-79.141774 
-214.119331 
-15.828615 
140.311100 
-63.007734 
-581.609120 
-8.789385 
-484.718098 
-75.715822 
-354.130029 
-74.599762 
-297.978829 
-118.534430 
-22.343745 
85.381613 
-351.366566 
-129.358067 
-107.592828 
-147.723419 
-15.302319 
-84.014229 
-183.176878 
-179.651255 
-96.918941 
-284.001362 
-15.955710 
-198.699971 
391.021746 
-370.767572 
153.349194 
-185.000864 
-162.163550 
-95.339475 
-184.998369 
4.430473 
-184.996922 
-385.464142 
-44.530981 
546.949711 
-80.694292 
-180.366465 
350.467522 
-269.119948 
-451.273016 
-98.253343 
-26.355965 
330.076280 
-807.501966 
126.790924 
-345.074566 
-4.691370 
-17.847831 
896.728751 
215.981098 
-289.676539 
179.985739 
180.977472 
58.832197 
392.610041 
262.303428 
40.223475 
167.451721 
-225.990501 
-70.780374 
371.460055 
286.790562 
14.926569 
-274.903644 
-7.743742 
-307.793474 
150.608145 
60.600569 
-99.672551 
175.775104 
-267.226667 
-315.878023 
790.941530 
445.216887 
26.422428 
206.257283 
262.864669 
-7.449807 
756.188512 
125.460890 
-409.841851 
-172.409790 
126.762945 
-131.554990 
98.785582 
149.563024 
-37.670314 
-125.693012 
-273.179691 
150.387146 
208.086723 
97.863826 
-464.748279 
-148.129374 
-360.528371 
14.506471 
-360.612436 
-79.375964 
81.398344 
-338.702774 
-200.919541 
-314.081259 
470.026586 
143.542305 
72.728212 
187.941819 
-223.314254 
-43.071942 
227.408505 
590.713471 
-179.187752 
10.112649 
187.663051 
-33.090449 
266.892697 
220.452290 
13.056834 
-542.458288 
-194.441890 
-47.295022 
94.848969 
587.620203 
36.435020 
-1.653680 
-273.631636 
422.254991 
364.990121 
-8.042978 
269.516368 
519.845356 
96.339627 
-3.116951 
247.968980 
-321.198225 
-181.247099 
-6.876237 
196.868955 
157.909330 
655.399574 
134.226152 
-419.834455 
349.510060 
64.545830 
-259.604958 
845.158694 
254.799527 
231.983448 
185.309700 
-15.391472 
87.467458 
126.762597 
122.349170 
-102.427389 
-141.704471 
-41.445932 
-39.663486 
926.486441 
-348.901459 
180.977607 
-70.661922 
224.434512 
-103.300386 
382.945836 
221.125637 
81.614457 
-120.332011 
156.418693 
228.310059 
-48.486313 
-362.152058 
34.946345 
-349.382882 
-49.429984 
0.453861 
258.991442 
-437.457538 
10.581453 
-146.633764 
-148.467628 
-328.728424 
-121.675702 
168.498512 
-246.889494 
395.673268 
-114.749827 
-115.206121 
167.289881 
-128.944665 
164.493125 
26.568060 
289.415293 
117.925869 
-74.417213 
-315.089327 
221.638331 
-100.218667 
-363.676998 
-80.702487 
180.495942 
156.040138 
133.707816 
70.846774 
-266.032272 
-60.416562 
-162.940423 
-166.765865 
28.503438 
-541.954064 
302.972811 
323.301140 
-35.532268 
-288.826313 
-175.635905 
-297.504255 
-257.289004 
-174.179620 
-339.600732 
-107.029715 
17.808833 
143.720261 
-64.733971 
-164.799230 
-33.009861 
-20.458375 
-163.188475 
214.040309 
542.439160 
73.892760 
316.527016 
334.846294 
492.737220 
-635.643926 
-367.235402 
-168.552016 
109.078959 
-1.426879 
601.175123 
157.596750 
-625.654099 
-76.448677 
5.932767 
16.799282 
-22.446038 
-176.004534 
-305.046699 
210.189940 
-83.361873 
-126.933629 
99.647672 
405.648295 
138.503741 
-430.415787 
-155.879447 
32.550654 
177.976691 
161.259746 
140.040729 
-258.852299 
-293.631502 
184.314240 
131.962055 
185.942601 
75.538595 
52.694609 
171.548941 
-61.915892 
-15.177642 
-158.075758 
88.734500 
-274.033194 
-233.187059 
115.568001 
-388.554393 
15.263245 
302.969998 
289.414219 
-351.435638 
-496.025686 
149.325496 
-315.638276 
-86.513366 
-295.714861 
-364.500001 
241.298823 
147.051295 
260.139104 
-111.186348 
314.855158 
828.116512 
302.391993 
-226.651733 
99.649997 
519.846739 
628.283478 
208.088871 
283.719169 
-168.535897 
332.367255 
210.920355 
124.562607 
-266.276409 
-79.308881 
176.782797 
262.931636 
-290.983419 
-251.342402 
-35.122966 
-333.729665 
-357.119075 
-34.837868 
-212.532030 
193.642947 
-98.411580 
-468.654934 
45.430129 
137.598135 
-195.183357 
-71.671551 
153.869023 
81.861821 
-653.324272 
343.632595 
233.418145 
-37.756230 
438.515528 
-141.625376 
-269.335491 
-221.822437 
192.832495 
-366.144515 
-124.884963 
8.878376 
-222.724082 
-165.017345 
-433.853111 
-380.990183 
-125.078797 
-157.262513 
-136.677602 
-97.068994 
6.610068 
267.671288 
254.594251 
-217.785809 
-117.283675 
243.732926 
86.784430 
-156.984926 
-309.663547 
19.066707 
262.633958 
210.975726 
146.593275 
-194.799260 
-345.869272 
98.094316 
-95.568048 
-135.386382 
118.436040 
231.291198 
164.463426 
86.098755 
22.473753 
68.672197 
159.599163 
91.555862 
-82.230985 
171.985287 
-226.742125 
-170.872047 
140.313633 
-8.786990 
-128.615510 
124.027855 
6.030943 
31.881015 
-8.786275 
238.195488 
75.172134 
332.523939 
-91.421414 
-44.337943 
357.189390 
-41.518194 
-122.889774 
-48.626028 
297.447943 
-50.455801 
104.199541 
275.123526 
31.287208 
293.366827 
162.848036 
72.539481 
-811.911755 
-598.419362 
55.701741 
55.775311 
-258.195019 
169.963162 
-517.034740 
-143.285359 
31.876202 
-170.004078 
-202.108415 
179.286385 
-112.502236 
-117.995488 
-372.861248 
-168.515113 
34.264644 
275.861009 
-45.157392 
1.830560 
-22.343588 
-8.789079 
125.181747 
-154.235580 
23.889796 
-8.785398 
18.320866 
-251.490282 
-11.500555 
-38.894193 
-226.123692 
55.212683 
-153.011999 
99.648072 
-121.455848 
194.535931 
196.669614 
-242.363800 
67.962098 
7.108002 
-193.509216 
-130.111276 
52.466735 
126.758125 
3.927426 
138.203487 
-152.327088 
-315.281892 
104.059754 
-34.806364 
-154.565392 
-14.925376 
756.520453 
-164.901375 
326.334302 
58.984391 
-298.973654 
226.491014 
-120.353952 
119.309497 
-363.590010 
-55.748590 
-244.787138 
-10.425835 
-75.962936 
-97.450341 
-38.956426 
48.479587 
31.874568 
-151.244357 
-119.797496 
195.360465 
243.302222 
43.271494 
-152.451017 
-84.900156 
-184.585693 
226.581304 
-72.146781 
4.764810 
73.151107 
-307.038194 
-76.563229 
-75.624769 
-135.734547 
-171.446058 
45.428518 
-330.351847 
-456.014298 
50.864811 
-42.788474 
-50.926839 
-339.316761 
58.983717 
46.486209 
45.430285 
-83.901389 
83.788942 
-158.658002 
-190.738272 
-207.930388 
112.667618 
-249.228571 
138.584223 
1.276160 
-378.460873 
-147.719808 
-72.878038 
-133.775897 
-93.632706 
140.314620 
-204.311334 
-263.940336 
-224.150152 
-100.731810 
-3.781342 
-202.054932 
-103.670861 
-90.114133 
-524.236236 
-63.007085 
395.986782 
-236.402599 
-350.735839 
-158.319988 
-129.955807 
-39.349433 
-184.998997 
-15.397984 
35.282139 
-266.440489 
-220.274017 
58.986875 
-356.395499 
19.308350 
-77.928391 
-132.004995 
-224.867008 
200.855023 
21.288172 
-125.300051 
27.868575 
-264.957818 
54.263399 
-185.000098 
59.165507 
258.237073 
-185.001786 
-138.167451 
-185.001697 
-301.468454 
31.270258 
424.952683 
-393.660899 
-309.220558 
348.158777 
-76.311828 
-274.396969 
-40.423356 
15.934269 
194.525380 
-270.346629 
40.720903 
235.537955 
34.425106 
302.174867 
568.288769 
282.217870 
12.490072 
216.085663 
194.526281 
186.452698 
142.847828 
465.622022 
548.038865 
142.806773 
-593.224791 
13.460903 
597.206771 
340.468588 
285.829142 
88.715687 
-67.234457 
75.376533 
283.911440 
129.928548 
-55.766914 
163.420939 
41.568057 
99.805383 
370.741421 
281.082050 
273.379175 
46.603452 
10.849066 
141.143064 
489.901283 
222.806772 
28.676559 
-57.841397 
655.390760 
-4.115377 
424.118632 
-62.914638 
306.812079 
164.880588 
530.480560 
-212.077500 
384.296932 
200.612194 
-134.327486 
131.906994 
-17.951467 
9.118800 
87.944828 
-118.844509 
159.886839 
-84.744123 
-315.910544 
-86.197827 
115.922553 
250.350926 
168.045894 
-104.117800 
-104.041042 
-25.887334 
111.364219 
610.050697 
836.008059 
-262.801836 
-130.908349 
53.467306 
84.864041 
171.232161 
113.009378 
-250.758845 
-160.768487 
-47.684077 
48.124450 
506.286132 
70.107022 
43.251149 
25.464848 
422.246621 
153.980406 
-169.566119 
-212.097268 
316.516185 
-262.824829 
-194.515059 
314.597153 
-144.047483 
-37.406999 
184.770129 
-43.556380 
26.358749 
546.946327 
143.674065 
-245.145348 
197.933896 
-70.991274 
-166.138190 
763.825147 
84.275360 
-254.373163 
75.415217 
-28.456557 
222.373225 
153.867273 
401.197340 
-319.691788 
-230.222090 
80.809991 
16.255482 
736.704275 
-267.140924 
180.977793 
172.677535 
362.677164 
155.237418 
365.293393 
-2.683197 
232.680233 
-69.109332 
63.476790 
-9.826764 
-27.567217 
-361.764939 
-22.797580 
-40.670716 
-463.477137 
149.571286 
97.269436 
-147.725952 
-107.585586 
-385.253239 
172.264609 
-65.248211 
-360.030383 
-91.863421 
248.189111 
182.204994 
-159.257572 
357.506334 
99.913401 
171.603203 
148.305694 
413.768630 
370.747437 
45.576762 
114.299328 
-15.752350 
235.197436 
-306.225109 
-184.212574 
386.186472 
-305.312368 
203.944084 
57.563172 
192.606246 
-283.812936 
-156.828282 
-26.613004 
-92.587539 
405.694597 
-498.455998 
330.081431 
262.303858 
4.350222 
230.779700 
-130.556042 
433.221397 
-159.134165 
260.846553 
-325.218368 
-99.381262 
-236.516093 
-155.229524 
40.622275 
-131.021036 
63.235856 
81.383622 
214.459384 
361.313715 
-41.423668 
472.594041 
302.966186 
171.473922 
140.309751 
-514.729042 
-266.881836 
-32.207150 
-263.486285 
327.189692 
221.635307 
4.405052 
-743.897846 
279.618503 
-144.115914 
42.043945 
113.054026 
-357.632528 
-283.703336 
29.486151 
-122.276486 
-8.187322 
289.409779 
340.133615 
-233.805075 
-9.413159 
244.392419 
-207.720469 
326.584962 
-135.015920 
-39.738639 
-528.847061 
-102.667021 
33.983400 
17.533877 
44.734721 
-88.056092 
-57.308001 
-267.694896 
-15.238837 
219.242130 
-189.038284 
152.356989 
-315.552210 
-392.728419 
93.971132 
257.302663 
-191.371124 
397.847083 
574.057963 
-310.130647 
-176.182308 
76.813068 
-259.815187 
101.826982 
118.227079 
-588.526951 
46.528711 
51.384579 
32.611284 
-230.225936 
138.841126 
355.445049 
249.104936 
-177.105698 
140.309715 
153.866202 
126.756619 
180.976908 
228.862244 
-62.621633 
482.688749 
191.135178 
106.420637 
-407.734953 
-222.267172 
186.378000 
257.314601 
-153.382135 
-162.768711 
-200.091784 
-142.107413 
-96.145961 
48.273092 
-95.872352 
147.286829 
-387.847559 
-436.856335 
194.529934 
41.568577 
174.351431 
-437.773512 
492.732808 
-194.089596 
-36.086222 
397.850489 
61.891330 
-214.774304 
126.753951 
147.541027 
-373.215378 
-345.460741 
104.731174 
-623.413561 
-30.638301 
-14.558553 
-268.772641 
-75.949973 
-241.308432 
-93.467975 
-132.043703 
-180.948425 
-509.853883 
-86.621173 
193.744095 
15.980404 
-103.681781 
-112.131685 
-88.639080 
48.395468 
26.370789 
-136.533578 
-247.655597 
-24.973357 
-111.071579 
-7.136159 
-190.681120 
-172.945744 
-256.490533 
-4.098113 
-266.973470 
-285.728411 
332.344942 
-60.293134 
-51.678949 
-8.790094 
-222.171282 
20.433486 
-45.388714 
133.457855 
104.736371 
95.330135 
-71.903518 
-40.607858 
4.765376 
-35.899033 
191.793708 
19.820293 
-18.787268 
-372.958679 
302.968878 
-173.134068 
27.883820 
21.674103 
-289.088247 
-415.621598 
18.322623 
74.264668 
-113.140115 
-284.358643 
278.411272 
-135.632054 
0.769895 
-45.116552 
48.455020 
106.120060 
84.787383 
113.203487 
-708.556924 
351.254671 
94.926420 
-44.882913 
-298.751958 
38.237460 
-323.502300 
167.300193 
-63.007522 
-98.618299 
-480.504677 
-142.062147 
-349.057529 
-238.766935 
-659.263401 
35.928868 
-167.040476 
86.090599 
-102.682342 
-224.532752 
-63.012529 
221.638733 
122.699989 
-73.010308 
-143.545381 
-35.901514 
-8.802548 
211.117133 
-242.834523 
-32.885674 
-259.972534 
153.510632 
-9.186285 
194.527366 
-310.387627 
-8.792856 
-161.504187 
-69.245267 
6.907619 
-300.521539 
-37.650068 
-489.975087 
17.676111 
289.419262 
-20.252875 
-163.764561 
-258.945543 
-97.096316 
-223.811308 
-26.952218 
-107.427882 
-175.275729 
484.900450 
-458.552632 
79.961865 
-8.786321 
-207.035020 
173.048838 
-109.952656 
59.691337 
-287.128966 
-52.185989 
-40.147143 
-310.995380 
-120.277882 
-302.833440 
-44.817756 
-10.788912 
-90.113983 
-401.957941 
-76.773740 
74.618407 
-681.333381 
-232.873410 
-334.368590 
-265.064054 
-112.129225 
-28.438486 
-275.828638 
-90.113015 
-249.013928 
-168.768112 
31.877949 
-48.030907 
-209.444900 
-35.896127 
-8.787838 
54.990780 
-279.057467 
-100.763040 
177.891506 
158.801363 
-244.354779 
45.430013 
-53.060014 
221.640277 
-55.905955 
-160.888906 
-84.881772 
-282.404403 
-374.284399 
39.386497 
-151.024958 
-127.341678 
-124.601605 
-17.709652 
-330.747854 
5.911274 
-210.653184 
74.086035 
-63.011996 
-169.468155 
-37.936678 
-128.959156 
-336.546926 
27.213327 
33.103312 
-8.794353 
-8.794236 
-163.817185 
-22.347120 
228.806265 
90.339589 
-22.500896 
-113.889069 
-264.496626 
212.618479 
-185.003849 
-4.361494 
-24.041232 
-291.869989 
-476.830491 
-185.003825 
-37.398314 
198.239225 
-126.657705 
-455.109494 
-339.372585 
49.860407 
-4.281058 
-71.381714 
-183.029037 
-91.519977 
-47.652813 
-185.001623 
333.033680 
-77.137903 
-185.002805 
11.322220 
-185.003262 
-431.686999 
3.804255 
465.626122 
-170.242262 
122.738960 
-91.171519 
-284.763038 
-509.900307 
104.167641 
417.253266 
180.978101 
-163.611409 
-267.838469 
-463.315315 
524.327703 
-27.631298 
143.194844 
-5.700811 
-398.170161 
79.466572 
-90.116012 
201.129510 
239.792072 
208.086534 
416.806983 
296.983531 
-861.034068 
389.800688 
376.717626 
317.167044 
153.724039 
-40.069805 
-181.223559 
17.015776 
229.847872 
-77.885031 
-244.719683 
252.760462 
97.023762 
421.371918 
492.735851 
294.715834 
-212.360782 
75.040317 
163.674772 
250.521802 
430.481482 
-139.222269 
-38.325171 
13.265419 
492.735840 
-135.090777 
420.399118 
366.497555 
115.507526 
-225.663774 
305.964441 
-169.094549 
235.194575 
395.352643 
33.711331 
32.659488 
-68.165047 
319.986740 
91.037076 
-35.654560 
302.802153 
-378.124916 
103.010603 
160.557989 
-21.484315 
76.762242 
92.485563 
-101.161081 
-57.115462 
214.294071 
-74.394621 
279.152274 
878.703708 
-14.954020 
-143.958405 
298.356089 
367.684381 
90.426143 
-147.351806 
277.607185 
139.152783 
-78.991075 
-51.735753 
926.485429 
175.701559 
-0.692111 
-184.540535 
2.956912 
506.553627 
-84.209914 
-23.557101 
574.064175 
-26.295891 
16.341030 
177.302756 
34.466545 
16.902761 
27.915890 
175.184839 
287.659325 
275.858554 
-2.021098 
-352.270819 
-115.942740 
14.674058 
-11.351805 
72.538344 
-42.119657 
73.086157 
8.187836 
360.090968 
-75.476767 
438.513600 
199.308010 
-17.833143 
-281.378560 
28.554894 
58.594253 
18.317407 
-45.631732 
370.741933 
204.417379 
129.485150 
117.889751 
283.768842 
-127.463562 
247.994366 
-75.711291 
-284.374416 
-264.247122 
-263.218466 
-88.483664 
-104.393509 
-689.036193 
57.118156 
104.222295 
361.690004 
149.631718 
-234.122322 
-217.275147 
111.639116 
-622.734550 
-436.096455 
-233.377640 
-132.109573 
-376.897861 
-99.596113 
136.637765 
-165.859747 
-316.565432 
-14.190017 
169.148728 
397.853681 
-240.611859 
293.547218 
-375.707318 
330.080087 
58.098592 
-485.197036 
322.108580 
38.795778 
-36.037542 
22.755961 
-248.265033 
-481.471455 
249.928645 
-117.075551 
-225.205288 
130.190476 
-209.282458 
465.625992 
397.854456 
188.729593 
382.959646 
27.508618 
220.991678 
335.863573 
78.347546 
-463.206003 
-134.589310 
-389.901633 
146.784322 
-404.039128 
19.003629 
-453.724611 
-108.688210 
57.382377 
507.860614 
205.119351 
-48.871406 
519.844271 
71.206159 
302.969282 
170.276516 
-39.765201 
-56.354867 
-210.563195 
178.113744 
302.968306 
128.905810 
-345.440361 
267.080754 
91.442488 
228.674195 
114.392505 
-394.454318 
-20.388680 
24.075015 
-178.129111 
-2.511081 
343.631057 
124.722304 
-282.597608 
-223.806404 
256.585227 
-163.047905 
53.045832 
141.319111 
92.767618 
-365.361315 
-387.315338 
47.363097 
64.423865 
178.230592 
-186.513955 
-478.426564 
-221.750152 
-79.595272 
125.943012 
200.558935 
132.045789 
-76.044189 
-528.664438 
56.378192 
222.827734 
-170.749924 
343.631924 
736.718661 
-533.519705 
-88.278918 
-77.389529 
-322.313716 
100.767856 
69.468149 
-607.287353 
112.469564 
-398.447772 
-291.063611 
-447.098335 
229.195332 
44.748547 
200.374673 
-402.850577 
384.298142 
208.086778 
153.868760 
235.196224 
145.840459 
-110.873589 
124.100604 
-86.479491 
-5.100753 
-335.946101 
-58.494676 
-14.143141 
420.623090 
-543.302180 
-227.780660 
-124.228238 
-118.967853 
-402.149194 
-180.975579 
202.717205 
121.861661 
-142.774807 
-371.324728 
438.516545 
-76.475313 
42.914809 
26.772074 
628.283908 
-110.528623 
-449.337389 
235.196345 
104.954794 
69.412989 
72.539749 
147.545782 
-307.851854 
-339.021572 
142.009109 
-74.756507 
285.748359 
206.534983 
67.409523 
35.973037 
-201.625411 
-134.941656 
-232.483580 
-118.816783 
129.591690 
0.830516 
110.042909 
102.523234 
-649.089628 
-196.957989 
39.817785 
170.297326 
-190.816259 
-163.641573 
-274.041064 
-204.788911 
16.751967 
-140.156913 
-29.541591 
84.678254 
-467.547692 
-169.882840 
-226.748295 
207.267015 
312.490260 
98.982113 
-128.683085 
-117.224530 
-217.068465 
61.324976 
64.091359 
235.730397 
60.583890 
50.314811 
-245.111332 
-125.650692 
31.877237 
-63.004741 
47.465162 
-202.716517 
-52.102439 
-430.785524 
167.424094 
-48.003049 
53.730150 
155.695252 
-57.166182 
-22.993997 
-35.897788 
60.436388 
-98.971493 
-78.781114 
112.089048 
-91.920545 
-175.518039 
131.877823 
-284.886277 
34.430298 
-6.736195 
167.423748 
34.416765 
-318.851710 
327.620517 
-49.160388 
-319.926259 
70.118214 
-439.502529 
164.013493 
-35.899074 
-62.826440 
-212.250816 
-88.728964 
-246.958626 
61.497060 
162.248278 
-79.221810 
-224.535334 
86.091943 
-31.325733 
8.907592 
-35.900965 
330.077968 
-132.065041 
-60.535008 
-216.422336 
-8.789048 
18.313830 
373.191600 
-127.169345 
55.105786 
-123.194643 
140.167176 
130.663652 
167.416733 
24.248917 
-63.009578 
-38.096819 
106.971656 
-203.071232 
272.527040 
87.826829 
-167.732731 
-187.870909 
424.955672 
267.022347 
-70.180037 
-173.285586 
142.214321 
-230.818378 
134.559625 
110.038613 
63.572655 
2.801927 
-168.823114 
86.149427 
-63.010198 
-11.873891 
193.486208 
-196.274471 
79.452231 
-290.420756 
262.924617 
179.706022 
-108.770018 
-97.230512 
-171.354213 
205.075124 
15.267178 
31.877491 
-275.277490 
75.464551 
119.494905 
-843.353795 
-3.787965 
-126.838256 
-220.999306 
-235.566791 
182.545180 
88.120365 
-8.785918 
177.653056 
-3.556638 
-22.341750 
-265.380337 
-207.731900 
-49.450215 
-49.449746 
-166.077818 
-267.821952 
-102.599869 
-150.601257 
-69.841241 
-210.290998 
-63.005282 
-217.685463 
113.205031 
-36.850777 
-170.019500 
-14.064929 
-353.661617 
-133.237084 
-47.157005 
-78.125005 
-125.473861 
78.228854 
-140.226803 
-300.345334 
26.876066 
31.077740 
-73.990399 
-35.896808 
89.639813 
-173.862228 
-281.715177 
-27.474172 
-72.928745 
88.981264 
-35.897940 
18.321509 
-311.545614 
31.875401 
-266.493113 
-50.049972 
112.579583 
-133.553748 
-221.810705 
-282.942990 
-184.999869 
-24.020396 
252.052669 
-223.240028 
-414.801791 
-184.999548 
-84.092726 
-456.787514 
-320.264705 
58.156543 
81.986132 
-165.898881 
-233.694112 
-348.380588 
-32.692518 
-158.944295 
11.508864 
-184.999929 
53.446973 
-313.413591 
-185.001134 
-166.227744 
-184.999222 
-387.964676 
-270.968262 
-171.445312 
-184.157815 
-187.758449 
-174.291003 
-180.936195 
-187.054578 
-185.000000 
-187.797451 
-185.000000 
-190.646495 
-183.397180 
-175.949744 
-189.917320 
-175.888401 
-183.802589 
-179.517446 
-187.687823 
-186.987583 
-185.000001 
-188.386266 
-191.528952 
-184.999999 
-169.499118 
-180.580082 
-192.303263 
-178.391726 
-195.964751 
-188.448162 
-178.455676 
-181.880705 
-181.076300 
-185.879243 
-181.179064 
-172.203253 
-184.152237 
-187.697329 
-174.455811 
-184.856119 
-185.000000 
-187.247866 
-181.147096 
-196.069088 
-189.987665 
-185.794780 
-176.994830 
-192.936653 
-182.892627 
-167.403767 
-171.445313 
-201.821926 
-181.960125 
-181.418567 
-185.347702 
-184.152833 
-170.136029 
-198.910101 
-171.445312 
-186.776127 
-177.333595 
-179.949180 
-178.879107 
-182.812381 
-189.411853 
-195.101726 
-171.577066 
-187.019704 
-194.404245 
-179.368617 
-179.094402 
-182.433002 
-190.905168 
-180.879841 
-172.715167 
-182.575749 
-184.075743 
-181.705980 
-172.292480 
-189.673886 
-184.175710 
-179.957690 
-182.716622 
-184.119646 
-183.397181 
-190.084657 
-194.611647 
-182.908376 
-180.328926 
-171.445312 
-178.095966 
-182.647055 
-177.559388 
-170.541667 
-177.718705 
-178.728218 
-178.531933 
-184.999999 
-183.136640 
-187.992250 
-188.413982 
-184.712430 
-187.406561 
-180.741754 
-191.135305 
-191.512655 
-185.000000 
-175.729846 
-175.613845 
-177.796302 
-183.484670 
-186.456103 
-185.000000 
-188.531300 
-184.008532 
-187.205887 
-176.623895 
-176.183521 
-185.000000 
-182.236700 
-179.009559 
-172.928748 
-185.573691 
-194.647311 
-185.000000 
-179.187045 
-185.000001 
-186.502644 
-175.307962 
-182.377389 
-180.585992 
-171.739587 
-186.028827 
-188.757196 
-188.637739 
-184.546146 
-184.462165 
-186.958461 
-188.237144 
-189.081064 
-189.202760 
-183.634315 
-187.591432 
-185.000001 
-183.358120 
-181.054850 
-181.995349 
-183.086722 
-183.618681 
-180.289914 
-193.110082 
-185.336045 
-186.122572 
-189.483037 
-188.315879 
-181.825375 
-182.562495 
-187.126373 
-171.445312 
-174.533456 
-183.640737 
-179.124475 
-185.000000 
-180.541021 
-186.420368 
-186.124169 
-181.484997 
-183.634903 
-186.237630 
-194.511418 
-189.611961 
-195.086423 
-188.088878 
-187.460639 
-184.560980 
-188.402305 
-171.445313 
-178.222657 
-184.558795 
-173.109079 
-180.291343 
-189.269116 
-179.194971 
-175.790661 
-183.584471 
-191.824403 
-175.916070 
-180.859922 
-173.187262 
-188.540323 
-184.960520 
-188.267181 
-187.411397 
-179.987437 
-186.466854 
-185.380286 
-185.000000 
-186.274310 
-185.000000 
-184.812968 
-189.580690 
-186.693692 
-182.777187 
-174.862038 
-185.000000 
-185.577427 
-172.145938 
-180.287519 
-195.127538 
-186.377665 
-186.310228 
-185.626023 
-192.517865 
-166.156075 
-188.113848 
-181.071225 
-171.445313 
-175.787670 
-185.000000 
-186.413205 
-180.081871 
-178.879107 
-178.035880 
-181.851440 
-188.719414 
-175.482947 
-181.592981 
-187.135793 
-184.805734 
-186.983581 
-188.893883 
-185.955834 
-184.458662 
-189.797589 
-180.390013 
-178.915973 
-185.063969 
-186.370007 
-181.225335 
-179.463904 
-189.905419 
-175.983187 
-185.000000 
-185.000000 
-181.291273 
-176.518835 
-183.759865 
-195.152443 
-182.669780 
-181.273512 
-182.285165 
-189.735144 
-188.706026 
-175.567910 
-183.028154 
-186.162627 
-183.527837 
-184.170556 
-186.796105 
-185.000000 
-185.000000 
-185.000000 
-185.000000 
-188.531300 
-186.773727 
-185.446460 
-180.355276 
-180.841613 
-188.997399 
-182.242529 
-180.933505 
-180.884405 
-196.272908 
-183.954283 
-184.475882 
-187.671626 
-192.355930 
-187.406515 
-183.298127 
-188.271967 
-183.256820 
-177.053984 
-184.999999 
-188.914144 
-178.527470 
-176.929542 
-185.000000 
-181.330490 
-175.529331 
-185.000000 
-179.781628 
-183.083293 
-185.000000 
-185.000000 
-192.686563 
-185.321358 
-184.999999 
-190.680546 
-186.502644 
-180.949651 
-184.581443 
-182.104177 
-184.351578 
-183.947588 
-176.802589 
-174.720547 
-187.972250 
-180.502260 
-186.283148 
-183.852673 
-184.929238 
-181.689405 
-189.672390 
-185.177155 
-176.695250 
-182.654192 
-190.015060 
-177.199102 
-180.324065 
-180.863888 
-190.767786 
-173.851873 
-182.910303 
-188.846306 
-175.997520 
-177.172374 
-186.661587 
-186.351462 
-179.890617 
-185.000000 
-187.418734 
-179.430169 
-172.422702 
-189.060531 
-181.689406 
-176.894958 
-184.490701 
-191.001223 
-185.000000 
-185.000000 
-185.929503 
-182.417800 
-183.599580 
-185.000000 
-185.000001 
-182.698377 
-184.632788 
-185.194643 
-178.950160 
-187.255918 
-185.000000 
-187.382217 
-184.495614 
-190.409908 
-182.892808 
-181.298671 
-178.394265 
-184.421092 
-183.839723 
-182.570533 
-185.413630 
-185.000000 
-184.999999 
-185.000000 
-178.595625 
-189.387838 
-186.154597 
-185.522459 
-180.099351 
-185.182124 
-185.000000 
-181.966818 
-182.490749 
-186.479405 
-186.636376 
-180.750398 
-185.794779 
-185.472862 
-185.542727 
-185.000000 
-180.594351 
-185.240968 
-185.000000 
-185.000000 
-185.511068 
-183.959305 
-185.182124 
-185.000000 
-185.000000 
-176.957317 
-185.000000 
-183.195484 
-179.071219 
-186.627677 
-180.291723 
-185.000000 
-171.445313 
-184.999999 
-188.534270 
-185.953254 
-183.690870 
-180.797153 
-187.849884 
-191.215826 
-181.513049 
-185.000000 
-180.556316 
-186.600100 
-183.484669 
-187.336702 
-177.605517 
-188.314293 
-186.120357 
-184.520874 
-185.000000 
-184.706794 
-180.233133 
-185.000000 
-183.224869 
-195.451005 
-185.233030 
-186.916752 
-181.477629 
-186.978477 
-192.582582 
-187.909011 
-183.792975 
-187.857792 
-186.688978 
-181.662182 
-185.000000 
-190.914298 
-184.674030 
-186.022854 
-196.913299 
-189.368332 
-181.422739 
-184.129660 
-184.274782 
-183.876100 
-186.204082 
-185.000000 
-184.758427 
-183.553924 
-185.000000 
-180.399877 
-190.728346 
-185.000000 
-184.999999 
-182.809342 
-183.129458 
-189.699279 
-187.336634 
-179.729671 
-187.644882 
-185.000000 
-184.774092 
-185.000000 
-186.131586 
-189.790047 
-183.124153 
-187.606556 
-182.479526 
-178.271527 
-186.920102 
-185.975652 
-187.590594 
-185.274881 
-192.657791 
-180.290746 
-187.053593 
-186.420623 
-185.000000 
-184.029313 
-183.318148 
-183.856610 
-184.581443 
-181.767349 
-181.632695 
-185.000000 
-185.000001 
-180.883955 
-185.000000 
-183.893728 
-182.091617 
-180.616311 
-184.161378 
-181.915552 
-187.140668 
-185.000000 
-181.469998 
-180.847552 
-190.709409 
-188.791166 
-185.000000 
-184.493245 
-179.618181 
-183.416583 
-186.072242 
-184.745242 
-186.037130 
-183.184729 
-182.328233 
-177.513310 
-176.759328 
-183.729480 
-185.000000 
-183.442263 
-182.853266 
-185.000000 
-192.467634 
-185.000000 
-180.262539 
-185.746010 
