-54.031029 
-30.076081 
-11.015791 
-21.028678 
8.762231 
17.301666 
-15.166189 
-2.734740 
2.843892 
-24.774861 
-28.985665 
8.270748 
-17.569917 
5.605072 
67.647818 
69.322584 
76.516594 
97.740284 
88.156358 
48.749488 
21.005315 
2.843839 
-8.980900 
-9.737696 
7.129837 
26.610461 
-17.499801 
51.918017 
101.476683 
96.069857 
85.757878 
68.771059 
53.549515 
-7.525845 
4.150777 
9.567914 
-11.410739 
-9.594404 
2.843797 
31.806557 
48.390412 
67.598880 
105.893773 
84.264939 
83.553289 
102.023781 
86.775024 
94.768554 
31.281196 
-18.080103 
-25.432702 
-60.798466 
-31.252800 
-3.377036 
6.559577 
32.030337 
59.718626 
76.031987 
51.402307 
45.288607 
25.807550 
32.365928 
64.935223 
80.045270 
98.866411 
62.018653 
38.024102 
39.278281 
19.770280 
17.487413 
40.900520 
49.437568 
21.971663 
35.601764 
56.495214 
42.659856 
24.585942 
52.916560 
23.683288 
6.144752 
-6.628134 
1.611866 
-25.952216 
-63.675130 
-30.717103 
-12.644505 
-1.243160 
2.843972 
16.798189 
3.596985 
-53.938593 
-45.500157 
-23.841180 
-48.642874 
-8.481097 
31.281356 
24.962718 
24.845494 
67.818241 
17.327887 
-41.987970 
-31.591599 
-35.415145 
-35.360422 
2.843574 
25.673561 
12.314397 
-19.307632 
-44.440394 
-46.406462 
-25.593702 
-10.700059 
39.515596 
84.784438 
92.192168 
109.383559 
116.594077 
73.978218 
-19.101008 
-78.893054 
-96.350051 
-139.795111 
-139.343592 
-54.287644 
-25.593104 
-12.638064 
13.371315 
33.846202 
15.866047 
-26.417064 
-35.352954 
-49.761667 
-117.826465 
-95.449769 
-77.451514 
-121.444593 
-90.182235 
-36.832377 
-6.492891 
22.672221 
69.738096 
57.052269 
-10.965855 
-33.740467 
-46.356013 
-67.467934 
-79.806878 
-65.969763 
-53.593138 
-41.407640 
24.736514 
50.374613 
91.375238 
85.109783 
83.245278 
90.678806 
31.281093 
33.943773 
38.017647 
24.283520 
31.281347 
13.064849 
28.388716 
-20.028760 
-34.316527 
-10.524806 
-37.152668 
-22.978875 
21.962547 
81.557700 
108.930722 
138.464577 
115.226989 
67.097222 
-11.374896 
-54.030758 
-66.712780 
-72.377617 
-65.165538 
-36.470038 
-31.152086 
-10.670307 
-14.469693 
30.639736 
63.616283 
75.095995 
136.433154 
128.385522 
92.146022 
85.843656 
47.302817 
-30.847995 
-48.945785 
-60.180506 
-54.030703 
-32.797289 
59.718994 
47.000952 
4.221970 
33.140118 
42.507104 
43.691048 
59.719146 
49.181829 
3.771737 
-12.504265 
-35.653585 
-19.998898 
-16.266959 
-27.971722 
-38.503661 
-28.608383 
-20.945186 
21.674874 
59.718883 
34.409916 
10.427167 
4.963202 
-29.415396 
-45.286033 
-73.131765 
-82.469731 
-105.705203 
-77.399524 
-6.098703 
-26.057854 
36.685370 
33.501405 
-1.095234 
-35.364987 
-71.701452 
-79.442297 
-65.997028 
-47.190382 
-18.840215 
0.413828 
-28.968479 
-7.063056 
10.807466 
-3.661156 
-25.593968 
2.843695 
-47.147820 
-78.544380 
-50.946259 
-54.293661 
-46.251111 
3.455412 
-42.241695 
-11.176963 
-21.427777 
-23.688259 
-25.686339 
-34.706750 
-51.114748 
-86.412247 
-121.440037 
-167.781184 
-139.343726 
-110.906158 
-54.031332 
4.466138 
70.466284 
92.371578 
80.736281 
24.113182 
-16.843920 
-76.008368 
-89.702509 
-72.820274 
-98.722838 
-59.860856 
-5.076514 
-22.251481 
3.358976 
42.055301 
40.507724 
54.217567 
40.969138 
53.591516 
2.843957 
-41.743735 
-76.199374 
-141.729984 
-139.343546 
-100.208505 
-63.724320 
2.843928 
29.136830 
10.946437 
2.843961 
-60.666002 
-94.408562 
-86.951863 
-99.352953 
-99.988086 
-55.294228 
-23.897481 
-26.879392 
42.909123 
56.340953 
33.685199 
89.190687 
103.614510 
114.467850 
77.320807 
48.680475 
-10.412345 
-57.293944 
-72.437242 
-82.605748 
-58.144515 
-58.460712 
-54.407876 
-38.847181 
-32.096807 
-67.993946 
-34.335189 
-65.393773 
-98.863078 
-121.303179 
-100.387194 
-70.141073 
-53.752701 
-7.525820 
-41.464783 
-69.324945 
-82.468803 
-48.210128 
-40.986261 
-45.611396 
8.794697 
-1.343251 
-17.354518 
-41.486366 
-89.410926 
-125.125015 
-139.343578 
-91.077395 
-42.695271 
-29.000760 
0.001199 
17.062613 
-17.442356 
-2.317641 
-17.272486 
-47.049805 
-66.515148 
-82.468582 
-54.674624 
-56.194921 
-61.787352 
-69.306929 
-70.973382 
-90.221166 
-46.735588 
-47.637870 
-5.660990 
-19.925001 
2.844103 
26.838747 
-42.478324 
-21.994013 
-12.830659 
-56.807166 
-52.925502 
-52.005641 
-88.423629 
-54.031010 
3.191546 
22.717888 
52.923683 
63.013271 
78.864753 
79.704472 
71.022994 
60.878069 
31.281941 
6.953814 
-40.945166 
-54.031607 
-54.031323 
-70.800798 
-50.374264 
-23.017542 
-96.686945 
-82.467914 
-36.867609 
-30.332946 
30.660596 
57.380992 
75.195336 
87.828749 
73.937329 
48.166849 
31.280859 
9.067725 
-12.547773 
-26.106872 
-72.820168 
-58.625576 
-54.174482 
-40.243880 
2.843088 
-19.324068 
-14.108745 
1.060444 
54.001205 
86.493771 
105.072681 
111.498484 
83.438163 
63.107360 
23.396710 
5.664676 
2.843936 
-40.112277 
-46.403747 
-35.145905 
-29.686756 
-9.988070 
10.111079 
29.948834 
55.330994 
36.542796 
-31.271159 
-24.893569 
-54.253641 
-54.031284 
-67.924909 
-110.044319 
-93.793462 
-77.080678 
-57.999720 
-50.179188 
-37.001729 
-25.650915 
-18.300827 
-27.367511 
-54.031171 
-45.806103 
-71.039596 
-96.687353 
-104.474772 
-132.997686 
-110.905793 
-82.468832 
-67.610713 
-16.417882 
3.327145 
29.522500 
63.502717 
15.470677 
-11.374705 
-58.300559 
-82.468468 
-88.289785 
-117.007425 
-138.473769 
-185.343069 
-160.869083 
-145.429627 
-126.174264 
-77.899623 
-38.072817 
-21.701110 
-16.313470 
-20.846550 
-56.630579 
-69.243207 
-54.030880 
-32.968349 
-10.260133 
1.137543 
15.776911 
25.264881 
10.392752 
-11.374834 
-11.374816 
-24.367225 
-54.030889 
-53.304514 
-20.100420 
-5.803063 
23.697910 
25.039816 
-19.379693 
2.844055 
2.944528 
-19.194051 
-12.750637 
-29.690616 
-14.040949 
-9.224601 
3.810994 
11.962809 
16.027884 
14.704303 
-2.763402 
18.323980 
12.983397 
31.624602 
58.008100 
50.964987 
17.062579 
9.899132 
9.913957 
2.843827 
31.770770 
45.499999 
40.527760 
37.478522 
59.718506 
-178.205731 
87.684538 
109.252015 
185.730818 
-26.455004 
15.167045 
227.774485 
31.280849 
-211.130384 
179.837177 
-184.030991 
280.629483 
-35.533327 
188.250418 
135.747158 
11.763390 
-29.085955 
-25.591871 
74.516894 
15.407771 
2.845687 
-30.248339 
67.934068 
26.032403 
14.539135 
-454.016311 
57.459685 
-134.345063 
29.304054 
63.741594 
-17.232303 
121.005865 
-2.299237 
-69.706339 
317.173503 
-147.724849 
80.222843 
-54.027082 
48.853426 
-194.913355 
-161.284655 
-114.993361 
39.764623 
318.643566 
-156.889958 
-99.822910 
70.029841 
-25.590242 
-42.136546 
227.595653 
8.285215 
140.198395 
32.172798 
73.936561 
-52.134818 
31.283755 
2.653374 
-69.080539 
-244.589411 
-111.129401 
25.862394 
23.077110 
292.577130 
159.132320 
-121.224569 
294.583480 
-102.358743 
-86.043293 
118.392688 
194.438739 
120.205804 
50.975429 
247.374600 
-31.144358 
161.713961 
787.418219 
78.611673 
18.999237 
-29.498456 
349.984188 
257.338577 
223.320271 
-19.126286 
349.180094 
180.858402 
125.537897 
557.372092 
-85.560665 
343.919225 
37.124924 
212.330357 
191.812539 
-45.008319 
231.395823 
528.933895 
44.330839 
-82.693031 
263.278601 
250.291253 
-221.903255 
-66.647886 
100.352686 
42.241262 
344.089666 
195.131949 
-264.570620 
264.722541 
142.776804 
49.177237 
173.465558 
331.741595 
-115.382963 
-148.964297 
-399.708284 
110.576686 
116.590359 
178.658785 
-309.059211 
-174.267605 
269.859486 
39.432899 
216.126607 
-488.462147 
258.774807 
-222.629147 
74.990572 
-239.132694 
240.900317 
-32.649146 
-52.762873 
-224.056984 
-298.814257 
38.930963 
34.223833 
-284.810481 
-163.232722 
-231.751323 
-74.537081 
-291.548068 
44.149068 
-83.358539 
127.506019 
-30.746086 
146.903366 
-524.804879 
-573.169402 
-239.262946 
-148.642758 
23.414785 
-145.204943 
21.778858 
246.874721 
-123.890693 
27.619165 
-145.632235 
258.775485 
-148.768132 
-0.800408 
-470.522084 
372.528006 
-75.434202 
-141.642233 
136.684061 
-128.021915 
141.577728 
178.849453 
-484.998239 
79.461184 
-104.607187 
-140.143445 
382.263722 
-63.822856 
258.501980 
17.059434 
102.372326 
373.293757 
-590.388989 
-214.191801 
-43.730011 
71.929107 
111.155264 
3.660280 
-56.644001 
108.583779 
-58.667831 
-378.980273 
80.954082 
-57.898916 
-12.892693 
141.460820 
121.472343 
-91.824564 
18.846526 
2.846128 
245.313364 
500.500696 
-589.735140 
-94.787280 
-219.543148 
-6.904730 
-1.738591 
258.785421 
256.716462 
-362.842048 
-91.755432 
57.498182 
-83.431606 
78.338606 
-223.607734 
-202.239107 
-385.190963 
-74.097612 
-204.085184 
258.786640 
147.400057 
42.657847 
-188.580459 
277.010049 
2.622260 
78.331638 
-112.031980 
121.468101 
-46.199484 
-18.761990 
-133.766669 
42.614867 
-26.408491 
-241.992790 
156.826874 
18.115479 
89.818853 
-174.932154 
-18.373590 
205.726159 
-102.210099 
-52.867513 
403.526830 
-60.227817 
-11.076421 
-54.031181 
201.906988 
-46.074013 
-368.020252 
160.228295 
-73.056938 
-200.029387 
387.405811 
-379.640492 
232.145719 
-24.305797 
36.291463 
-72.058453 
378.720814 
-328.201151 
104.908102 
-196.056958 
-110.908270 
216.122361 
-139.346508 
187.685165 
619.907953 
-397.787463 
148.018237 
-7.970515 
213.890301 
-102.236613 
-41.075532 
34.705561 
329.670800 
-350.848528 
35.672305 
47.858132 
-130.796072 
-294.934585 
-141.234725 
-53.708760 
74.408181 
-167.771574 
104.025903 
201.905905 
-71.895547 
-28.075416 
54.187268 
2.843040 
112.901503 
-377.038899 
329.874918 
154.539841 
-105.237257 
145.032510 
424.663113 
-266.618100 
-23.946055 
-490.368405 
-226.088167 
-137.313983 
-166.148040 
-22.175286 
262.193832 
-192.974577 
-34.497235 
219.928042 
346.019155 
27.980238 
46.611271 
246.003325 
-278.295139 
70.430828 
246.365473 
174.144446 
71.810766 
-78.143576 
-210.094038 
-119.707126 
63.285990 
195.966196 
-131.593313 
51.065089 
-179.244592 
-313.423229 
162.871723 
75.635767 
47.772035 
194.860531 
-58.598209 
-25.782152 
315.653271 
-25.233231 
174.786468 
88.075262 
106.751356 
-251.292844 
204.838072 
-154.848929 
2.139855 
88.152685 
443.620361 
182.102749 
-247.953723 
46.754712 
-166.834965 
-54.034628 
-30.246966 
58.011252 
-100.318364 
-352.760341 
-91.560000 
358.309087 
106.059049 
-84.907361 
-84.177534 
-190.658352 
-143.024734 
22.099627 
-88.879826 
76.887029 
-66.990137 
-204.935740 
301.435685 
-88.687466 
39.277593 
-123.501646 
-144.828473 
-233.488049 
197.589799 
-242.956286 
147.740089 
358.312324 
260.125234 
-208.630545 
30.013725 
-24.116469 
-67.194972 
-218.958339 
-327.790685 
-84.453661 
187.689111 
19.015180 
-108.872420 
-25.597017 
216.124103 
41.776939 
-120.799380 
-240.902388 
31.284661 
386.753243 
95.914075 
-181.993299 
-124.452152 
136.656540 
1.509235 
88.988586 
2.842890 
-15.816121 
130.807288 
-9.973889 
100.101544 
112.441612 
181.488356 
-210.520390 
63.415029 
31.155119 
201.904475 
7.984342 
-1.188341 
-39.225198 
-132.016032 
4.328488 
-323.334665 
226.929003 
-50.538320 
237.395369 
-189.028400 
77.646478 
187.686588 
-250.524547 
620.382761 
42.111589 
160.422715 
-525.701588 
72.325006 
-115.772759 
-80.378372 
18.591282 
-143.125836 
-79.379791 
211.617271 
-25.594776 
-215.677383 
-100.152430 
-91.399473 
-195.051070 
69.468467 
-101.724006 
153.399282 
145.030632 
217.274780 
-52.360794 
2.845324 
12.266670 
-215.979017 
17.063074 
-239.620758 
-295.183618 
2.844299 
31.284010 
-223.690822 
-237.769944 
130.687716 
-128.905224 
-4.273117 
-258.563089 
17.066193 
-79.925949 
-25.589229 
-0.360957 
-115.171820 
-2.676309 
51.494797 
-605.151672 
93.176434 
-223.742698 
-40.300508 
-107.768707 
-315.485524 
-172.613091 
172.730677 
-402.072757 
-159.442096 
17.066889 
66.943882 
30.548996 
-399.103612 
-192.797676 
-36.801438 
178.261547 
17.065450 
2.846005 
-128.017503 
187.688714 
-140.751474 
-195.547687 
-201.785781 
-154.464886 
4.613149 
15.981801 
-39.812516 
42.348209 
-20.406063 
-264.047248 
-200.469403 
-59.362978 
-36.395855 
118.514214 
-79.147531 
38.520648 
-135.727442 
-146.278728 
-95.266680 
-313.887561 
-169.901783 
26.923746 
144.752453 
-25.596208 
-80.312182 
-5.715427 
17.058536 
42.079517 
-182.004277 
-254.159620 
14.807312 
287.228253 
14.247911 
168.105570 
441.871993 
430.246311 
-405.390574 
-227.492042 
140.627533 
88.164367 
-498.726708 
283.910912 
-97.413996 
38.211163 
320.079659 
294.753282 
437.636275 
294.514988 
131.992605 
386.756798 
98.779465 
-52.612272 
415.193199 
272.333510 
211.371151 
-143.734935 
164.035174 
-448.880673 
-104.566804 
539.787448 
142.070968 
264.669917 
-77.702565 
251.538870 
194.614205 
298.655759 
363.024251 
305.705119 
198.353197 
273.001557 
365.461340 
228.929291 
-368.939622 
84.318973 
-191.827373 
597.244149 
177.960458 
-311.333622 
157.048017 
429.410767 
-164.789697 
731.774143 
231.779943 
498.023920 
74.827516 
126.880879 
10.685952 
1382.064876 
213.328619 
16.020372 
188.194084 
-146.886432 
214.804284 
-39.158053 
41.817248 
258.971128 
-300.451998 
258.190915 
33.483534 
311.777752 
238.077109 
258.547675 
78.169714 
115.243916 
-14.953901 
387.111011 
171.029268 
776.045025 
-154.540903 
203.664434 
24.533481 
46.973334 
363.231759 
122.124189 
12.786411 
64.750387 
302.940214 
-155.467262 
415.187294 
-196.353118 
307.630183 
345.038368 
333.665732 
215.002061 
-109.318989 
177.609882 
443.623574 
-220.423750 
181.523642 
127.407206 
190.105143 
-191.919660 
-115.868298 
278.823663 
-238.390563 
315.654401 
153.984549 
-644.377680 
242.287779 
-103.826249 
324.036006 
88.152837 
286.489376 
-97.035795 
-86.499963 
-355.172674 
87.816075 
145.025579 
211.489738 
-418.057328 
-320.967866 
314.811669 
111.421285 
130.811955 
-483.868907 
344.095324 
-348.631541 
71.737603 
84.291187 
216.509275 
-264.999190 
334.708080 
-555.298929 
-145.539643 
-5.879406 
48.960012 
46.105260 
-139.185230 
-310.074258 
-109.013836 
-245.395405 
-14.684228 
204.570851 
-41.681648 
-607.456077 
59.191934 
-625.824379 
-413.030214 
-236.024082 
20.609886 
-144.845755 
-159.724273 
31.259154 
288.837543 
-203.512413 
273.154937 
-319.811717 
116.594964 
-157.496897 
196.114787 
-245.345494 
258.790066 
-135.148032 
-267.584166 
40.410882 
-155.453978 
-116.087800 
216.784476 
-478.740430 
21.127934 
-242.634024 
-253.112324 
298.595602 
-106.743930 
-152.020499 
31.292792 
251.670286 
229.599136 
-303.995154 
85.482001 
-441.567451 
30.437919 
612.998141 
-347.856387 
-98.382115 
-98.082020 
-33.090866 
-257.666516 
58.480118 
79.259033 
-174.981310 
320.460134 
29.812971 
-126.406075 
-87.658658 
543.153903 
288.209543 
699.566394 
-703.945038 
-104.227984 
110.149074 
34.694760 
56.595405 
472.062174 
-186.432317 
-607.395479 
31.100762 
-679.049265 
-11.893802 
286.817248 
-370.116301 
-377.358453 
-278.561486 
-192.671857 
-19.595567 
372.525255 
-68.615595 
12.316093 
-173.225230 
337.319600 
151.704085 
285.128839 
-227.366478 
195.599462 
-50.860429 
37.018856 
-139.462912 
-285.062769 
-59.135335 
-445.389297 
29.521564 
234.498014 
-12.608006 
-118.285273 
-70.497130 
23.730775 
-97.919214 
-52.319017 
286.549832 
-173.520146 
-23.110032 
173.468547 
614.249343 
-468.799847 
-86.224097 
-261.203758 
-57.458482 
-34.257493 
-39.194068 
-681.128190 
25.479282 
-170.209276 
40.555375 
-46.265118 
290.383193 
-366.871715 
-51.153188 
3.632588 
358.315606 
73.945305 
415.189827 
145.035243 
149.997648 
-155.085513 
450.644053 
-107.635544 
330.547297 
-389.525358 
-395.252928 
37.009870 
344.006592 
-295.064565 
29.858680 
57.645685 
-210.213607 
-334.758011 
74.858914 
-224.966972 
64.742063 
-313.867073 
176.376183 
45.503454 
47.866324 
-253.274893 
-257.168044 
244.563012 
-198.436839 
-177.248583 
-82.467516 
4.745623 
-250.300046 
528.937406 
-166.832025 
-26.004734 
-125.357225 
-406.836473 
63.605674 
63.719986 
-78.653762 
-177.911759 
311.239172 
-49.188324 
-20.881151 
176.734274 
386.707623 
-303.067669 
284.818863 
107.406335 
-288.104936 
138.763813 
175.042206 
-92.206474 
169.544027 
-132.741269 
-227.994757 
-189.685807 
63.515397 
137.083143 
-88.413280 
-332.409737 
-248.788791 
-455.596978 
465.348414 
-215.144615 
-39.053477 
42.943619 
-331.457889 
286.933962 
784.876781 
-848.960217 
323.642457 
-81.831874 
-105.405134 
-151.985672 
314.280335 
-292.067437 
-109.522808 
102.378425 
17.068646 
136.476804 
-150.452986 
182.455608 
-227.498178 
187.689018 
-93.912875 
-261.703897 
126.347808 
-329.567444 
-139.226665 
159.252726 
174.512179 
-144.257399 
-17.746324 
-340.604425 
144.506100 
147.176334 
-160.168526 
-58.195175 
-97.138279 
-212.399734 
-25.592940 
-136.682080 
-423.715474 
-63.910673 
-240.238444 
-275.853172 
179.184170 
-318.755011 
184.770363 
31.281307 
-17.841200 
-539.600620 
137.160390 
-27.117633 
8.077938 
-291.541312 
-21.376433 
224.098820 
31.281245 
-63.211625 
129.418620 
145.032417 
187.687679 
-139.261519 
-12.790293 
-24.718653 
187.689663 
73.939807 
75.806288 
-227.498151 
-366.950239 
161.682426 
203.208407 
-6.224953 
45.503303 
-530.356834 
-25.597899 
5.039879 
81.219860 
156.321934 
201.046072 
-242.410325 
-106.677205 
231.812521 
-96.685832 
182.930553 
-151.873141 
-164.483258 
-424.236764 
-70.761526 
-371.226580 
-77.293906 
-22.999691 
-89.408673 
-95.191089 
175.701821 
159.250755 
-236.075411 
141.175648 
-18.203042 
195.246394 
-197.064943 
-270.702215 
-2.283181 
-166.735465 
-68.001007 
-174.800689 
-145.309790 
-20.059164 
-25.594722 
-447.504196 
-80.142488 
-190.240967 
-383.450188 
216.206461 
-244.702560 
77.544470 
-5.096138 
12.652711 
-159.886046 
-25.598347 
-179.772213 
-342.580121 
2.840066 
-277.662814 
-443.232739 
2.839895 
-11.377875 
-209.623273 
-265.274782 
-309.482292 
-115.012880 
-11.110752 
-507.048810 
-54.035229 
-260.678298 
-25.599599 
-132.471327 
-123.968238 
-271.800610 
-67.370197 
-442.737330 
128.306148 
-493.222961 
-184.229681 
-53.251510 
-81.154102 
-289.818494 
-139.866997 
-358.827143 
71.736600 
-25.596100 
-26.661749 
153.885198 
-437.890937 
-391.196059 
186.192622 
97.864035 
-25.594157 
187.687856 
-173.849466 
45.499507 
123.278009 
-272.726420 
-76.593588 
-137.606930 
-167.030358 
15.682006 
-39.809794 
-127.517503 
-141.825984 
-89.470685 
-340.773404 
-158.889562 
-33.548019 
-166.985052 
11.105206 
-262.957743 
-167.323101 
-53.023314 
-100.921946 
-208.121384 
12.797431 
-82.577211 
15.883314 
-68.244715 
-51.625121 
113.497124 
-181.996330 
66.732608 
-181.996644 
-290.965327 
-9.120483 
443.625004 
3.882690 
-278.456009 
399.624434 
-32.617807 
-358.865898 
121.334005 
73.531598 
258.781299 
-323.484603 
263.550733 
-69.405238 
321.218422 
24.200217 
404.200682 
91.132673 
-67.766560 
35.900569 
244.562182 
105.282614 
82.279547 
201.905154 
99.380164 
453.268255 
-336.747842 
80.649138 
53.627630 
354.089005 
256.036507 
94.160169 
368.442372 
122.038898 
213.210439 
132.269246 
454.698181 
41.916385 
89.023957 
-166.599211 
457.842560 
376.895450 
7.120177 
109.054496 
244.046309 
74.217747 
700.363333 
458.206257 
232.471647 
-566.888453 
528.936304 
114.052842 
592.011518 
-210.169582 
349.012070 
-213.993563 
459.992279 
30.858358 
472.060836 
215.563641 
-142.425364 
60.157501 
338.048924 
94.466240 
56.706074 
-60.143507 
362.620707 
-221.533659 
398.441266 
20.707235 
-231.735194 
503.818988 
0.989334 
315.156431 
344.879176 
27.768405 
-131.077427 
338.896054 
1282.649556 
-64.833367 
-12.037324 
-13.441344 
164.450999 
205.856381 
-12.481497 
-10.543910 
-160.028533 
47.720099 
-79.406505 
358.312300 
-24.033092 
369.552112 
233.972117 
136.499986 
293.145113 
-135.285880 
-215.720199 
358.311107 
-229.876407 
152.931682 
248.496937 
-85.086767 
198.794248 
-33.415786 
175.151957 
-256.997558 
486.281257 
324.262755 
-513.239612 
-173.443392 
246.547719 
-239.962418 
116.593521 
212.644401 
-159.625660 
239.357582 
-334.225204 
-242.727457 
344.091772 
4.467585 
-264.298225 
13.348078 
444.364629 
37.125938 
-25.595286 
-61.764196 
671.123664 
111.232231 
-36.679790 
-208.280749 
385.051788 
-487.941950 
234.861661 
188.404670 
57.879068 
-53.503013 
-172.032052 
-110.409721 
-24.012536 
-561.033107 
-253.257762 
65.583037 
-5.746551 
201.017322 
-56.779923 
-350.847755 
309.407108 
-189.470495 
-192.804930 
-259.279943 
-256.847822 
154.921056 
78.904537 
410.101968 
-64.438014 
-195.389617 
14.067542 
82.837428 
443.624732 
211.222082 
-326.089849 
-519.816271 
372.530921 
4.648739 
-97.189442 
335.341366 
-30.554342 
-28.129411 
84.974378 
-271.342322 
154.509038 
-70.932849 
-313.545334 
145.416450 
-88.945191 
-638.813180 
31.280219 
315.656678 
221.496325 
411.833498 
-226.714574 
-187.201026 
106.894895 
210.589095 
-351.270589 
82.220003 
-224.010271 
-147.148037 
-294.075129 
70.212935 
-19.279320 
13.673063 
487.794125 
-48.282211 
-161.797110 
-129.806827 
628.468631 
109.490606 
614.250204 
-375.917425 
-65.060446 
-323.165692 
-53.732696 
-44.945042 
386.749628 
45.277925 
-1265.254000 
-623.464426 
502.358729 
93.715179 
433.445902 
-300.788236 
158.270873 
145.087383 
20.316193 
-228.258125 
386.750977 
-113.070633 
-329.875710 
-204.244310 
208.380526 
-273.356107 
-143.970510 
-49.797075 
248.399848 
-115.288407 
-254.671752 
22.707380 
36.301051 
-87.170297 
-177.988270 
203.439448 
159.459121 
151.041898 
-56.579576 
-35.897270 
-84.220916 
253.501818 
-307.722166 
58.791931 
-205.393310 
-223.476617 
173.469412 
784.875706 
-515.686250 
-162.477511 
-34.310009 
219.779666 
46.682152 
258.285424 
-759.547170 
102.851886 
-82.732353 
234.344625 
-285.890836 
205.634451 
91.217084 
66.520172 
56.119629 
329.874947 
45.500081 
358.312560 
230.343696 
-272.688668 
-184.256923 
385.359237 
-75.850839 
87.958771 
-49.488014 
-328.708154 
20.354536 
541.464018 
-33.163447 
-225.670454 
-24.419138 
196.587460 
-253.685982 
143.038611 
-263.890696 
175.159524 
-163.437500 
-183.160937 
216.126085 
-77.808388 
-413.073363 
5.999651 
301.437847 
-80.617232 
-184.823092 
-54.030765 
-1.393497 
4.243799 
642.688139 
-30.333421 
-142.657812 
-264.736136 
-253.982555 
346.893976 
-158.923119 
73.415518 
-244.679579 
126.166299 
-264.549280 
164.900704 
-227.357090 
-160.235853 
-326.565915 
17.648161 
249.340047 
-281.246717 
-232.491987 
-253.387081 
135.385714 
-15.117125 
-102.666676 
-102.463421 
-131.382293 
106.608632 
44.204133 
109.878901 
-97.824556 
-497.925114 
-411.764494 
273.209927 
-177.390860 
-223.461944 
26.102263 
-19.791482 
36.665151 
955.497906 
-61.885093 
-68.559920 
37.641008 
39.859287 
187.394430 
117.621477 
-230.325200 
-308.885363 
329.873884 
88.154534 
166.709399 
-73.185545 
-400.822200 
-318.501133 
272.998824 
-322.256311 
-20.412032 
-91.377567 
28.750451 
-269.693225 
130.811632 
6.879374 
57.426795 
-48.475279 
-312.921321 
154.770343 
-130.290468 
55.766442 
79.586620 
335.261298 
22.689158 
-25.594869 
-163.339129 
-426.386004 
196.029058 
-165.152025 
-249.888024 
169.566403 
-194.274607 
153.656107 
-82.469077 
51.044142 
-488.611785 
77.480671 
14.177863 
-216.842674 
-411.051790 
-1.061482 
220.717750 
-110.906134 
-54.457558 
-66.086016 
88.156439 
130.811810 
-18.957433 
-28.265846 
-432.156375 
216.124907 
73.938217 
149.908884 
-121.332137 
-258.235584 
50.251696 
196.179959 
71.178612 
102.374096 
-155.340112 
-25.592748 
51.222454 
32.412489 
109.460073 
229.780017 
-168.261755 
-342.034072 
125.437444 
88.154876 
-191.788919 
45.636331 
19.050585 
-404.539326 
-259.764953 
176.340542 
-285.929936 
-164.227514 
-86.080896 
-9.007343 
240.228715 
329.875201 
-410.301885 
46.114133 
-127.768603 
114.744069 
-179.451254 
32.929333 
-387.150105 
-533.735477 
-130.076888 
112.981142 
135.117620 
-82.043287 
45.500174 
-146.541132 
116.425545 
13.443694 
-915.264780 
166.594285 
-317.533682 
-172.578390 
-197.348127 
126.569953 
-339.321098 
45.499673 
-313.638300 
-177.857159 
31.281313 
-561.972203 
-378.783319 
45.499475 
2.843948 
-206.535323 
-381.076913 
-51.422484 
39.133538 
-174.042316 
-393.173122 
17.062110 
-219.575251 
-54.031097 
-31.614774 
139.094509 
-202.604854 
-123.122638 
-197.346355 
-172.448354 
-155.546979 
-141.281749 
155.061519 
-150.728651 
-74.988618 
-198.729706 
-56.711410 
13.422449 
-25.593291 
-194.925324 
59.373329 
-296.576793 
-173.586805 
253.853252 
5.537909 
2.843638 
244.562710 
-274.478746 
-39.812409 
-18.938542 
-253.853381 
-41.915207 
-198.859378 
-237.047543 
175.701668 
2.844152 
-31.265022 
163.923308 
-104.600558 
-330.647508 
-227.322074 
-163.664041 
6.186727 
-322.891130 
-55.490266 
4.513733 
18.415659 
-93.448859 
-234.980602 
162.599712 
-36.037989 
-34.808699 
-11.375103 
-92.722224 
-266.076625 
-181.999684 
40.401918 
-181.999817 
-243.595037 
-430.137053 
429.404587 
59.979248 
-155.709925 
299.792049 
-67.038067 
-447.449615 
-197.168322 
90.153471 
642.687735 
-93.407271 
206.506281 
-95.767834 
198.184468 
181.273121 
329.629297 
24.297622 
-202.716695 
97.604058 
216.126517 
18.187803 
272.950413 
173.469700 
100.817948 
481.612165 
-362.453388 
-103.106086 
178.724491 
391.081394 
272.105158 
-280.813249 
78.226071 
-42.672900 
24.264849 
309.792319 
-302.300851 
213.281346 
-63.223576 
-224.786953 
557.375240 
581.700467 
-204.337548 
-221.831194 
-78.563935 
172.500394 
705.250848 
93.445983 
-400.313531 
-68.594919 
173.468665 
172.176152 
162.078219 
-244.656521 
-101.728135 
-30.038392 
-244.207752 
250.237865 
145.030051 
310.976314 
-208.137307 
77.104790 
-238.830044 
8.600149 
-234.328979 
154.025085 
207.415712 
-79.499560 
55.095865 
-114.888207 
283.483198 
505.965969 
45.917837 
84.314350 
2.542648 
-105.005612 
-40.638039 
328.014002 
188.216900 
-60.244357 
-184.652864 
230.935820 
232.231203 
317.380053 
-84.695531 
-275.110170 
-88.168440 
392.903418 
-4.444378 
145.030182 
118.633553 
22.793338 
-273.398366 
348.834065 
-8.135641 
27.315448 
-89.939660 
329.874214 
-17.562489 
184.676519 
81.920870 
190.615584 
-528.373294 
-78.673072 
-10.534554 
64.677473 
1012.382504 
141.151334 
-515.826079 
49.858239 
-3.666333 
-218.175824 
173.476230 
11.601507 
-202.485963 
-189.147066 
-196.444269 
22.288448 
528.938148 
100.606053 
-487.454052 
-362.672505 
-113.287922 
31.210488 
315.663814 
127.528713 
59.728915 
50.968654 
94.421747 
-81.659586 
471.784996 
-282.934436 
-52.977834 
-49.317384 
-115.849501 
147.659361 
-61.543034 
-205.533700 
-165.724479 
-311.489057 
-91.667102 
-162.518230 
4.432897 
-585.452531 
-16.436029 
-246.356744 
360.455499 
-370.375148 
-426.173256 
-177.831611 
-381.554518 
539.437822 
77.719800 
-153.320041 
19.286287 
-184.830284 
157.947308 
109.652097 
-54.033068 
93.452358 
-156.389195 
-22.880213 
472.062824 
-260.712068 
-412.772075 
-20.567342 
191.004004 
250.043856 
346.503309 
-440.265165 
-251.167836 
129.956832 
-203.845791 
168.220184 
-202.755018 
-515.423065 
116.591474 
372.530121 
381.473154 
-255.343397 
-61.698741 
-294.204901 
-83.406053 
11.329554 
49.150368 
61.052301 
192.337489 
124.295047 
80.042085 
246.447941 
-161.317525 
28.675318 
130.751279 
60.401262 
298.764426 
-81.023611 
671.127753 
234.772636 
472.064631 
-482.665018 
-199.500395 
-241.317605 
-169.446527 
-11.501940 
486.283439 
111.895279 
-335.640464 
-369.585881 
70.646814 
-40.190348 
220.634034 
-166.754273 
245.397820 
152.583328 
-399.478946 
201.724212 
358.315683 
210.262030 
211.390408 
-402.624682 
-165.834514 
159.300454 
-83.861008 
277.549846 
-19.117010 
16.600441 
-126.677258 
-17.625713 
141.994532 
49.224959 
73.155438 
47.690492 
310.290502 
68.507641 
-182.952957 
-121.920586 
20.314001 
-147.849170 
132.234372 
101.978384 
-353.702793 
-19.438650 
727.998888 
400.967629 
-443.309699 
-311.785882 
-76.453299 
252.168156 
482.831366 
6.473546 
-581.366933 
72.743597 
234.811596 
28.070252 
-164.029830 
358.889016 
-22.379356 
18.136719 
-29.396317 
73.934297 
59.715911 
201.904174 
472.060928 
11.596868 
-226.088702 
381.482158 
-62.408779 
232.224614 
-56.313367 
-313.984590 
141.190508 
453.840750 
-269.919956 
-81.766690 
155.067783 
-80.416928 
-123.730367 
-6.464724 
-233.787259 
-180.305076 
-89.125672 
85.483591 
-39.809921 
-260.386217 
-247.097511 
-71.461226 
31.285763 
47.900955 
-919.244543 
173.472233 
518.121823 
263.455475 
472.065861 
121.335487 
-340.981427 
-146.493140 
-519.697839 
-39.224168 
-91.221710 
269.568605 
0.671526 
-33.551281 
-166.744121 
166.015558 
-317.264675 
253.321187 
-61.242397 
-217.788361 
251.746921 
-42.123065 
-125.290881 
205.253523 
245.467866 
-69.358640 
-197.494770 
-57.778600 
-15.982643 
153.771843 
261.341574 
-239.109662 
-88.807515 
-59.158315 
-437.162978 
217.500467 
4.986164 
-158.461086 
-23.880646 
126.847919 
480.271182 
415.187513 
-80.664041 
-280.269329 
78.948059 
59.604792 
-8.032473 
380.942716 
-119.390539 
-27.632550 
187.682484 
102.372121 
50.489449 
149.752214 
-91.120575 
166.828241 
102.370089 
227.606937 
-332.662186 
-22.202160 
-160.671434 
-179.131770 
31.279975 
-12.826444 
-379.220077 
54.271084 
168.152144 
154.154608 
104.538484 
-58.874131 
-322.007539 
169.311111 
-84.633723 
329.874095 
536.933121 
-349.069799 
132.878755 
47.778336 
-45.678353 
141.414305 
-258.952512 
-2.309162 
187.690057 
-177.878644 
-246.252155 
-233.059327 
-27.043240 
-62.174698 
-548.509764 
-244.936665 
-141.026744 
2.846804 
-185.403311 
155.815708 
130.817296 
-54.029607 
-196.039929 
60.336329 
-182.410257 
73.936598 
-39.817649 
11.191192 
-318.501178 
-64.068545 
-3.131251 
-119.105828 
37.637774 
-25.593838 
-341.962661 
116.592478 
230.295612 
-161.498799 
76.912244 
-137.791933 
-92.231400 
-547.534452 
376.239603 
-267.312756 
109.023937 
-50.390650 
132.824852 
15.458760 
81.418715 
-30.793516 
-9.071321 
-12.441247 
892.957428 
-189.156745 
417.166376 
17.057501 
-187.673351 
39.744908 
86.784588 
68.454049 
-130.660283 
-116.232929 
-88.321534 
-165.687297 
69.635828 
-358.338040 
36.334002 
87.681258 
-25.599784 
-211.569927 
-72.415960 
-64.567028 
324.039916 
32.669329 
-33.500029 
-313.874004 
-170.720049 
53.652418 
0.217169 
-25.598996 
11.622101 
-444.622437 
2.842810 
-226.124128 
115.914051 
17.058804 
-11.379572 
-135.791049 
-418.238061 
-252.848194 
-66.263245 
43.650145 
-347.816830 
-54.034272 
-157.457365 
-25.597658 
-218.852085 
192.429994 
-85.211830 
-103.328000 
-495.581878 
-217.032988 
-331.534807 
187.993894 
22.283809 
-167.123384 
83.909019 
-279.822600 
-287.039613 
-135.899945 
2.843342 
-148.955149 
121.852729 
-331.370709 
-241.047214 
-107.858325 
-69.624901 
73.938111 
-39.810337 
-571.979234 
-125.124760 
-523.076024 
-33.188062 
-240.913442 
-107.304136 
-213.927068 
-186.435872 
-39.812105 
38.151844 
-222.181502 
-186.093875 
-149.467411 
-244.204060 
44.457040 
-84.235522 
-216.062375 
-87.576325 
-110.759577 
-309.274160 
-19.345949 
-263.155970 
305.594354 
-274.204004 
183.576801 
-182.001775 
-202.269327 
-94.330659 
-181.999065 
39.095421 
-182.000293 
-290.936321 
-22.847810 
386.751728 
49.558061 
-309.259822 
382.181711 
-350.211836 
-341.929491 
-197.166312 
-251.151336 
585.812586 
-625.742250 
277.272970 
-85.227345 
-136.711253 
-37.536966 
742.830104 
100.246235 
-460.939117 
127.750312 
173.470009 
63.284901 
287.901382 
344.093807 
181.115423 
95.950919 
-277.359499 
-148.778093 
684.515418 
291.820967 
136.577393 
-261.455444 
-53.854756 
-120.187690 
153.515946 
147.407291 
-510.407273 
61.073356 
-61.895808 
-265.533946 
585.812190 
407.180047 
31.095180 
92.968029 
83.775016 
424.475433 
834.929281 
57.238275 
-194.043047 
-338.340728 
145.030735 
-148.862562 
89.220581 
7.501457 
22.615198 
-189.111115 
-201.004170 
258.723508 
230.344730 
18.771057 
-311.771591 
60.198300 
-295.500575 
90.483853 
-155.708152 
46.829406 
34.470792 
-203.542937 
-151.874168 
-407.653873 
502.600269 
291.957819 
97.115262 
6.864532 
-263.795468 
-108.031021 
60.736825 
519.795990 
-115.230224 
112.302816 
58.647157 
-178.141060 
114.591437 
89.263809 
-22.014808 
-481.162394 
-42.761597 
-50.930305 
-56.706974 
429.406979 
47.775717 
-51.263581 
-148.452476 
242.666355 
265.981702 
-72.576383 
216.848109 
258.781161 
-17.390139 
-194.826714 
-84.372765 
-201.661419 
-43.366551 
81.361478 
116.524508 
73.826064 
614.250989 
195.009881 
-268.949399 
199.666729 
34.781431 
-130.609198 
699.561270 
83.774695 
238.642949 
207.310260 
78.179910 
74.131653 
173.468295 
292.895065 
-200.378546 
-75.789773 
-70.897524 
41.000920 
671.126154 
-261.900146 
145.031632 
-86.474430 
238.126263 
124.549275 
255.704752 
32.451030 
-55.288315 
74.343221 
78.646678 
228.927853 
26.646944 
-516.092189 
187.057328 
-212.280966 
-73.612951 
38.041980 
110.637163 
-617.448774 
217.210472 
-133.663688 
-23.245195 
-230.101703 
-270.092482 
165.600175 
-264.766915 
456.443926 
-167.464448 
31.959086 
252.485337 
-227.110565 
312.253121 
-95.344326 
287.220218 
-43.683302 
-71.659157 
-239.052594 
2.843727 
-13.756018 
-231.124762 
167.615747 
56.893944 
111.073866 
125.191743 
269.174435 
-331.107026 
-132.676173 
-72.286102 
-217.694688 
239.592467 
-700.673980 
329.874885 
365.421831 
-45.229492 
-164.956113 
-258.410012 
-353.449870 
-186.203892 
-61.860755 
-406.198067 
-195.165186 
-75.950849 
-102.049119 
29.900954 
-269.139338 
-134.436498 
157.869151 
-69.765701 
180.224127 
330.549640 
-7.776477 
173.469316 
212.211618 
273.000417 
-476.618334 
-308.354307 
-350.204122 
5.594298 
109.002545 
273.000004 
139.446932 
-649.914594 
-315.146753 
-19.985341 
6.762485 
-69.176959 
-205.711247 
-99.240741 
175.065250 
-58.570683 
-191.385929 
201.906233 
359.437048 
196.218205 
-392.041600 
-191.940903 
88.404402 
90.752073 
185.810032 
21.194211 
-281.042227 
-343.793208 
225.430888 
218.521699 
177.360574 
94.356153 
-65.227041 
-85.232707 
-210.911320 
102.573706 
-199.909854 
57.069037 
-179.636196 
-183.291282 
153.518502 
-208.263168 
-142.335202 
258.780382 
344.093344 
-146.834846 
-297.142735 
240.972556 
-370.713696 
-152.826821 
-211.362181 
-529.921404 
188.126554 
102.232265 
35.754417 
-185.894252 
246.150977 
517.296084 
261.059883 
-161.355414 
59.718296 
386.749615 
386.749098 
187.686781 
68.609231 
-97.234410 
386.634237 
113.375550 
-59.778147 
-157.321385 
-66.562490 
29.800304 
327.569919 
-195.657722 
-240.232801 
106.171750 
-192.564725 
-280.248115 
-79.879554 
-111.479433 
130.763851 
-172.822815 
-493.479054 
-25.594596 
29.102799 
68.486088 
-169.130824 
173.468773 
18.214583 
-226.016606 
557.375229 
162.217797 
27.484080 
187.686984 
-45.500769 
-218.507671 
-152.293951 
322.763688 
-420.026483 
-43.818774 
0.184313 
-231.658599 
-71.575152 
-440.039749 
-316.957954 
-179.384413 
-387.691640 
-85.071757 
-26.927164 
226.269663 
323.068671 
378.836096 
-61.477841 
-163.946562 
213.560842 
141.732157 
-95.448243 
-150.450699 
105.783098 
194.461230 
157.351317 
26.631564 
-242.427406 
-273.414050 
114.472577 
-107.965319 
-100.445201 
86.740670 
138.453357 
223.880788 
45.500846 
-13.800508 
-13.585403 
3.674117 
175.190693 
52.272741 
106.188308 
-177.734984 
-145.556605 
45.500582 
-82.467980 
-135.572334 
162.754968 
-41.354692 
-136.495656 
-82.467703 
226.762169 
-19.250603 
162.444042 
2.130543 
-103.110153 
244.564213 
-200.315485 
-248.695780 
-19.469427 
294.544742 
39.254717 
59.414577 
82.802552 
-71.866405 
211.933342 
187.436190 
-25.593607 
-624.559798 
-461.044022 
100.233837 
-27.651497 
-242.274097 
8.882768 
-317.550028 
-173.584343 
45.500269 
-292.194573 
-72.293146 
75.432011 
-215.065531 
-161.516914 
-521.899326 
-202.673926 
24.748675 
88.156644 
-23.152871 
-36.934438 
-54.029893 
2.843680 
153.165219 
-32.888586 
-147.987162 
-54.032242 
-68.251725 
-139.476895 
45.497733 
-80.206515 
-148.315810 
10.226272 
-74.365525 
2.841198 
-216.660194 
102.374412 
164.905975 
-171.514457 
39.974872 
1.319754 
-109.237437 
-241.460091 
11.410204 
230.341172 
-58.609681 
124.907082 
-177.551070 
-168.700261 
33.199423 
92.913488 
-249.423068 
-12.780775 
937.168575 
-317.387581 
311.746550 
17.062374 
-219.939252 
187.814741 
-198.649715 
-61.751099 
-354.724503 
14.545204 
-255.513641 
-146.537415 
-39.230696 
-177.805945 
6.873684 
-107.097690 
31.281950 
-186.826099 
10.081013 
-2.700048 
210.406109 
-92.045892 
-166.424650 
-83.963689 
-179.347381 
308.651159 
-185.621664 
17.063155 
30.488996 
-169.738115 
-25.592964 
-32.178853 
-176.923923 
-25.592831 
45.500856 
-282.001876 
-263.056597 
89.822405 
-27.775459 
-56.854535 
-262.607560 
-11.374738 
23.250872 
-25.592873 
-131.001831 
91.549685 
-106.641012 
-213.618263 
-99.466811 
-4.795035 
-226.778474 
133.209004 
-15.810543 
-107.672463 
-180.430058 
-90.175910 
-135.258845 
-29.765309 
17.062439 
-86.348161 
-242.361425 
-177.178303 
-4.158084 
-29.019822 
-7.500884 
-25.594366 
-11.374978 
-423.736671 
-68.250368 
241.470533 
-232.919572 
-210.307571 
-271.339366 
-184.879385 
137.130728 
-182.000226 
41.546891 
-58.583783 
-190.413768 
-217.951235 
-96.687754 
-169.745047 
194.895178 
-145.787527 
-280.094285 
-214.819203 
236.526135 
95.924194 
-222.223006 
-203.549809 
-192.192007 
-8.756011 
-181.999516 
-21.600451 
192.945998 
-182.000488 
-100.157278 
-182.000067 
-305.618535 
-92.097354 
543.156243 
-360.621439 
-355.989490 
397.148962 
-13.154596 
-257.881665 
-197.166488 
3.938436 
116.591926 
-327.466702 
-86.578883 
59.252805 
-137.544529 
202.003522 
560.668739 
410.242905 
-80.820790 
195.867960 
159.250734 
261.057581 
228.030695 
443.627049 
414.192333 
89.024713 
-688.596565 
-100.576107 
403.608042 
466.319627 
174.324981 
255.810895 
-15.840312 
-0.082768 
241.543689 
-73.518512 
-226.179458 
61.904000 
-41.609470 
91.070228 
315.662412 
267.386867 
241.176646 
111.285089 
-18.267077 
328.638117 
613.109708 
85.289085 
107.630256 
-48.934542 
756.432603 
-62.324349 
487.276399 
-156.140187 
465.192272 
-94.026246 
622.416933 
-182.211359 
443.621316 
119.109529 
-275.675127 
219.012948 
45.001652 
-58.503543 
25.809552 
-49.959557 
99.565925 
-180.895371 
-132.867355 
-111.837083 
256.049442 
239.169977 
204.845847 
-164.465562 
-179.609406 
-26.974032 
360.213396 
776.256951 
1008.711555 
-161.238928 
-68.176430 
128.764802 
54.164122 
66.200518 
131.821491 
-225.398303 
-250.006853 
-147.192148 
196.573799 
486.264360 
134.727240 
94.014031 
83.080921 
242.657194 
187.521881 
-102.466389 
-161.784455 
344.088318 
-195.002282 
-234.111647 
424.123858 
-73.174311 
-50.756596 
246.246889 
-75.270072 
-13.219304 
415.178590 
188.525835 
-346.049791 
202.912497 
-2.841267 
-150.090758 
728.006790 
76.090501 
-242.018652 
14.215603 
-30.579140 
184.274763 
2.856100 
358.096756 
-440.182789 
-333.045340 
45.173049 
11.042077 
756.428613 
-191.041171 
287.218137 
240.435129 
484.058443 
27.586776 
214.331859 
-60.352099 
165.932188 
-10.916186 
-11.190648 
-18.588020 
-82.152194 
-394.646343 
-35.605034 
13.209846 
-466.679048 
26.133901 
239.338759 
-134.891992 
-120.469317 
-326.799872 
183.765544 
-151.586069 
-393.479532 
1.006084 
255.406631 
318.267077 
-195.752232 
302.968025 
99.900720 
198.878750 
114.159926 
401.806819 
315.650383 
-85.059213 
250.896090 
-48.245058 
230.342162 
-327.176613 
-472.526719 
424.745710 
-326.832375 
171.986617 
133.133912 
210.023452 
-397.940550 
-247.540445 
-25.439971 
-140.413274 
606.921834 
-363.282916 
472.054882 
422.287796 
-9.784411 
290.445076 
-101.619377 
425.412848 
34.233941 
307.219578 
-268.109848 
-125.698410 
-122.097777 
-177.229499 
143.871284 
-248.275392 
73.021068 
183.824100 
273.112029 
382.208511 
-3.644654 
400.424082 
301.435946 
265.281848 
187.687981 
-629.449517 
-473.530471 
0.330049 
-259.331950 
482.367889 
329.876199 
68.728731 
-796.139499 
299.950100 
-144.148541 
51.762130 
211.941253 
-260.715873 
-256.903225 
43.370941 
-277.196152 
-71.331205 
258.782191 
430.061453 
-228.448145 
-0.034237 
97.322266 
-239.371644 
264.297377 
-152.137758 
-58.872635 
-476.638013 
-210.548531 
-30.674478 
-98.834974 
22.960931 
-85.141582 
-37.944028 
-232.212009 
-10.480018 
273.986595 
-165.842848 
135.331284 
-447.015689 
-378.900341 
109.392966 
270.317584 
-95.028263 
372.534910 
585.810098 
-335.231698 
-280.983630 
-69.738991 
-338.306326 
98.775528 
-24.533169 
-570.205163 
-60.297998 
-65.047645 
-78.197886 
-221.029196 
253.061480 
482.370422 
300.382671 
-156.666826 
301.437458 
201.904024 
116.594564 
230.340950 
91.262373 
37.994431 
599.032062 
199.650086 
123.951685 
-490.993032 
-281.858373 
242.157506 
336.270308 
-266.572266 
-112.281409 
-173.665002 
-270.770196 
-236.318808 
0.640268 
-83.686542 
77.118925 
-422.509226 
-474.730070 
272.997773 
19.054757 
284.618377 
-385.066472 
784.874654 
-128.770872 
-116.675302 
315.657216 
163.875638 
-98.684097 
258.784177 
303.326342 
-427.623412 
-362.985142 
367.202227 
-619.812620 
69.794518 
-65.469669 
-260.155748 
-87.051075 
-251.708657 
-108.436166 
-33.158843 
-351.839278 
-535.630392 
-101.078241 
361.291691 
33.712463 
-13.168955 
-139.592631 
-32.585219 
73.118713 
26.529670 
26.212986 
-229.949986 
75.120722 
105.277501 
93.339687 
-92.723180 
-136.066229 
-109.123541 
158.927007 
-216.354673 
-283.560568 
381.472212 
9.000850 
-51.333404 
2.840259 
-113.293714 
-17.876991 
-15.777495 
165.629799 
116.344701 
68.192970 
-103.250404 
-156.894493 
2.837652 
31.269874 
144.411158 
65.134993 
-21.845192 
-379.191730 
415.179780 
-2.473909 
-4.772537 
28.084275 
-316.016073 
-415.483958 
-25.600530 
62.207801 
-147.246549 
-179.859920 
307.181873 
14.777939 
40.036775 
-19.552648 
119.747469 
233.467853 
12.004586 
102.375565 
-736.548043 
289.881843 
119.128944 
-100.102557 
-293.796872 
4.336929 
-377.887936 
138.164010 
2.838750 
-114.468724 
-561.951347 
-6.792164 
-452.367011 
-255.656335 
-684.973390 
-50.908969 
-206.325493 
102.380407 
-93.654122 
-152.263449 
31.277510 
386.754097 
162.265681 
12.700037 
-153.790538 
45.491793 
31.298103 
192.993298 
-212.333514 
-18.863959 
-174.808800 
15.962165 
-40.749771 
187.692163 
-260.207072 
-82.464647 
-112.821019 
-26.858809 
66.701183 
-281.192395 
-84.287531 
-609.130430 
-55.716438 
344.107379 
57.464473 
-113.153773 
-306.171721 
-176.987687 
-213.520331 
71.634956 
-57.188895 
-49.759332 
598.528558 
-257.156454 
100.404002 
-39.814470 
-222.072038 
100.363249 
-12.535630 
52.021526 
-307.116378 
-38.670785 
-127.771710 
-387.125978 
-177.158028 
-228.647214 
-75.789324 
-59.327115 
-54.037239 
-396.962995 
7.501576 
165.860048 
-829.081158 
-223.038331 
-376.754531 
-110.350025 
-181.169243 
47.023238 
-335.779626 
-25.596075 
-118.324905 
-236.668215 
2.842203 
-47.160489 
-140.749743 
2.842926 
17.056825 
91.169463 
-249.757178 
113.737567 
79.217751 
89.638033 
-193.109019 
31.279125 
3.402651 
244.562332 
-101.231556 
-133.882372 
-37.768853 
-417.633624 
-433.834209 
125.629644 
-71.571589 
-137.021472 
-190.686577 
-91.334780 
-227.345939 
-55.264911 
-245.069362 
33.942389 
102.376693 
-90.494858 
11.781222 
-146.075311 
-231.715298 
63.320121 
43.538619 
31.282517 
102.377635 
-148.091450 
73.938032 
271.594247 
65.460112 
-85.069619 
-15.987008 
-203.502962 
250.651630 
-181.999552 
-2.393535 
-80.368187 
-261.504370 
-595.680709 
-181.997490 
-45.708763 
254.052776 
-210.482832 
-443.987682 
-259.055013 
64.988094 
-35.053712 
-62.960006 
-150.238501 
-40.186390 
3.397606 
-182.005158 
256.611779 
-21.937270 
-182.004881 
19.655949 
-181.998530 
-413.890626 
-24.560999 
472.061488 
-230.758862 
46.094432 
47.587163 
-274.763432 
-228.572510 
121.331940 
508.160289 
201.904805 
-27.168171 
-284.327478 
-398.809617 
307.539227 
-224.213555 
-95.412177 
-87.805890 
-456.115202 
113.374056 
2.842606 
243.559432 
276.451195 
258.780437 
311.668154 
210.641907 
-716.496827 
293.048541 
378.668399 
83.687501 
186.332063 
-257.974193 
-96.765358 
-107.956305 
110.902870 
-244.506402 
-53.434711 
135.998909 
104.062041 
232.005931 
415.187195 
145.671393 
-175.581694 
169.841837 
272.841201 
180.904079 
534.731046 
-238.451037 
-91.069114 
-197.727402 
244.561401 
-163.565365 
195.227618 
176.969498 
144.041548 
-340.184289 
334.318043 
-39.889324 
201.903835 
288.281055 
0.939793 
150.129190 
42.261087 
128.971907 
84.054402 
64.054904 
355.106194 
-311.261744 
87.399358 
121.600292 
-193.583604 
74.545313 
100.567101 
-19.059623 
90.825333 
150.421815 
-203.332894 
326.245549 
525.023592 
-44.608241 
18.738217 
328.574821 
313.847054 
146.134017 
-119.517235 
210.847836 
62.135654 
0.716598 
-66.105903 
898.623774 
97.650203 
-38.869628 
-144.247529 
15.166469 
496.404899 
96.215615 
15.409252 
443.624660 
-103.445252 
-108.248993 
205.730318 
48.387109 
46.705103 
-25.274411 
126.749332 
263.120999 
301.436488 
-17.300897 
-184.236456 
7.374902 
160.724721 
92.090918 
201.906853 
-47.461268 
131.869519 
-17.591788 
178.878999 
-64.878273 
315.654936 
216.357454 
-46.610482 
-214.420648 
12.900880 
-124.271381 
2.840398 
-34.588670 
386.751137 
226.740765 
6.492767 
-61.217271 
308.502603 
-203.320635 
88.309642 
-228.003336 
-205.255898 
-347.406828 
-265.187062 
-105.799429 
-67.926655 
-572.523022 
42.599990 
121.465540 
346.409972 
169.023891 
-134.025580 
-164.199453 
11.197315 
-527.510310 
-426.127422 
-175.147615 
-83.657492 
-360.174340 
-21.460772 
120.971746 
-152.033913 
-211.275968 
60.434437 
197.834053 
415.186965 
-146.608029 
243.364753 
-316.879428 
216.124364 
18.072547 
-314.967303 
248.640057 
-55.986599 
30.258180 
-36.506605 
-196.061583 
-458.799653 
292.992426 
55.381022 
-245.051957 
16.784331 
-88.318862 
315.659090 
422.301874 
222.257983 
341.820209 
-18.093255 
60.169914 
232.520160 
-31.188627 
-503.417560 
-115.525556 
-276.215634 
97.749699 
-470.296055 
70.590541 
-487.913577 
-15.004768 
143.462789 
412.106427 
228.451664 
-139.955030 
102.374682 
-40.466618 
73.937285 
158.148226 
-40.415920 
-74.060204 
-265.939476 
146.441569 
244.562082 
141.064130 
-479.117963 
202.626903 
34.046478 
208.974068 
69.396319 
-311.392784 
-205.340717 
6.791469 
-132.037973 
-152.735216 
258.780066 
116.667974 
-269.208279 
-115.827350 
220.495614 
-227.894887 
11.533576 
193.369317 
133.763168 
-262.422709 
-407.917839 
55.911043 
22.570257 
96.633665 
-74.096511 
-491.679503 
-243.153488 
24.505480 
41.553856 
79.332869 
69.762664 
-88.614123 
-451.615957 
136.059405 
179.707815 
-201.200521 
201.905499 
500.500130 
-456.533250 
-60.802612 
-63.317564 
-248.453486 
199.260683 
196.830335 
-532.821998 
89.596098 
-291.808864 
-201.147518 
-360.118111 
104.861021 
136.782309 
211.127959 
-370.451069 
145.032422 
230.344628 
116.593593 
130.813813 
149.707840 
-61.837282 
76.427855 
-98.354560 
-64.593391 
-235.343646 
39.432586 
-143.311724 
406.100376 
-497.208077 
-301.204037 
-46.412742 
-75.310904 
-499.609134 
-148.196695 
140.205571 
20.016526 
-151.279169 
-378.009281 
159.250661 
-123.437138 
23.297129 
14.485869 
415.186968 
-137.371586 
-358.230867 
244.562928 
-60.934468 
66.926603 
116.593829 
151.666564 
-150.836672 
-253.235255 
161.027759 
-109.356593 
184.086460 
192.586690 
-54.588017 
-77.512402 
-144.965651 
31.494810 
-232.097841 
-267.793741 
153.438642 
8.308012 
70.421313 
3.043357 
-541.254866 
-66.411749 
-73.779722 
62.827728 
-170.934265 
-126.638493 
-98.315695 
-211.327904 
2.992644 
-203.924735 
-56.569139 
32.489060 
-407.356301 
-4.617290 
-178.735655 
149.482163 
316.661984 
67.607916 
-100.918273 
-25.592326 
-67.896374 
117.380655 
37.687902 
265.322063 
61.557589 
-50.037468 
-232.655830 
-100.028159 
17.064005 
-54.029244 
35.624520 
-125.079819 
-33.654898 
-288.165908 
244.564516 
26.852498 
121.595573 
103.833106 
-29.248153 
71.205133 
-54.031341 
-12.978739 
-194.213269 
-13.634563 
26.277119 
-190.979499 
-141.158379 
-17.705881 
-161.992076 
33.550819 
78.853872 
73.936648 
55.272346 
-357.959303 
302.010678 
61.381704 
-303.958305 
74.532652 
-248.870165 
-18.320309 
2.843500 
-90.926343 
-278.462526 
-14.104421 
-237.419837 
76.327601 
139.492467 
-118.452308 
-208.057808 
45.498470 
-35.099100 
-43.627487 
-25.594131 
216.124197 
-133.705216 
-39.451525 
-191.789702 
-54.030163 
-25.593983 
261.361211 
-151.668233 
38.750542 
-133.489103 
25.842060 
92.843204 
102.374142 
-14.043001 
17.062550 
-96.403464 
47.211022 
-222.539407 
159.587844 
118.410849 
-212.800862 
-150.997172 
258.780856 
251.341146 
-76.616172 
-112.275159 
180.626803 
-168.269004 
91.779796 
188.149097 
57.098686 
-127.177233 
-95.163807 
132.204650 
17.062029 
15.143745 
150.304994 
-135.896267 
41.989388 
-247.959528 
212.685987 
140.892958 
-53.963715 
-89.116146 
-119.186027 
171.385990 
99.750861 
-82.469076 
-266.385525 
166.395345 
141.075408 
-574.681298 
50.956123 
-111.323987 
-185.178744 
-120.222787 
159.366435 
-4.219700 
-11.375837 
101.304481 
-24.291236 
-25.594807 
-244.991608 
-332.010653 
-11.376100 
-39.813588 
-244.087950 
-296.919994 
-28.034915 
-120.953469 
-34.979881 
-138.079737 
-25.594139 
-155.318317 
17.062432 
-55.797337 
-115.825772 
27.334935 
-385.814869 
-182.339431 
-107.068154 
-168.536334 
-216.109288 
70.161186 
-122.111751 
-183.348413 
-39.316096 
88.945798 
-62.523227 
-110.905840 
139.149214 
-239.799445 
-224.423392 
2.288012 
-104.052418 
-72.572025 
-25.593336 
-25.592655 
-338.139526 
17.063038 
-278.689267 
-128.611582 
350.452905 
-166.335484 
-259.632659 
-206.075066 
-182.000074 
-66.998902 
201.777501 
-181.306954 
-422.487090 
-181.999821 
-69.140568 
-483.785701 
-285.800671 
15.794248 
0.479634 
-115.051737 
-254.248834 
-316.727659 
-132.748989 
-94.001936 
-45.756558 
-182.001221 
118.316783 
-306.140674 
-182.001210 
-194.290202 
-182.001130 
-401.685658 
-167.673867 
-167.781252 
-183.679267 
-182.370892 
-179.391765 
-179.597315 
-177.988311 
-182.000001 
-178.181453 
-182.000001 
-190.840244 
-184.966133 
-182.977654 
-184.097616 
-171.566074 
-183.126537 
-177.609286 
-185.229633 
-188.201085 
-182.000001 
-182.841852 
-181.086961 
-181.999999 
-164.087907 
-179.289065 
-186.417451 
-183.491493 
-183.265734 
-181.053624 
-177.863236 
-182.686617 
-192.424795 
-187.624195 
-179.715013 
-182.445736 
-185.084446 
-180.296449 
-182.918064 
-185.020199 
-182.000000 
-187.948461 
-180.125829 
-195.150417 
-179.107510 
-179.108332 
-174.750800 
-159.815299 
-176.423318 
-173.304756 
-167.781250 
-173.622426 
-192.799065 
-177.857632 
-171.352097 
-181.111327 
-178.166504 
-185.948078 
-167.781251 
-177.465557 
-171.417482 
-178.295214 
-182.855973 
-181.676426 
-197.145020 
-187.745819 
-166.926476 
-190.805362 
-190.509814 
-185.446355 
-174.621078 
-173.149802 
-192.855251 
-183.880066 
-169.204607 
-182.072096 
-181.242847 
-170.277181 
-183.836587 
-185.115622 
-176.727317 
-169.345970 
-177.274647 
-188.805417 
-168.788356 
-183.332762 
-195.897873 
-169.480442 
-167.757313 
-182.000000 
-174.302156 
-173.172843 
-172.464823 
-182.000000 
-182.106509 
-177.147050 
-183.662039 
-182.000000 
-176.186483 
-183.269858 
-175.304104 
-186.637388 
-190.297061 
-179.676837 
-171.659466 
-181.162727 
-182.000000 
-177.777368 
-172.447209 
-165.515708 
-169.362278 
-188.986062 
-182.000001 
-187.609972 
-151.370208 
-176.056709 
-171.281025 
-174.022048 
-181.999999 
-180.633629 
-186.395389 
-173.883408 
-179.442304 
-192.003133 
-181.999999 
-182.989177 
-181.999999 
-179.219250 
-180.237438 
-185.579889 
-177.369743 
-167.159200 
-188.572244 
-176.168565 
-187.469581 
-182.173361 
-184.397841 
-186.327246 
-183.136464 
-200.004817 
-176.666133 
-185.018676 
-182.380340 
-182.000001 
-181.925000 
-178.080602 
-178.883370 
-178.640637 
-186.460366 
-183.724257 
-185.395245 
-187.126386 
-180.943871 
-186.333487 
-186.113045 
-181.210765 
-190.434810 
-180.520840 
-167.781250 
-178.771394 
-181.476119 
-182.600495 
-182.000000 
-181.670405 
-180.068645 
-180.306190 
-170.226471 
-175.450567 
-183.900336 
-187.477617 
-186.872470 
-182.712957 
-179.133861 
-188.169397 
-179.814717 
-184.669541 
-167.781250 
-174.890627 
-179.169527 
-171.432195 
-184.603608 
-181.789936 
-177.677275 
-176.078456 
-180.888207 
-183.134832 
-178.571137 
-185.792574 
-178.598231 
-184.185324 
-182.578509 
-183.784062 
-180.508231 
-177.563056 
-183.898613 
-185.593902 
-182.000000 
-182.491138 
-182.000000 
-179.420861 
-185.041327 
-186.409185 
-179.101990 
-180.593402 
-167.781251 
-184.336235 
-176.201338 
-183.117687 
-189.936659 
-177.765589 
-181.897210 
-183.250877 
-184.846383 
-175.260579 
-186.800192 
-175.782134 
-153.562500 
-183.171893 
-182.000000 
-178.377100 
-180.901350 
-182.855974 
-174.354765 
-182.228516 
-183.493675 
-176.677474 
-176.081595 
-180.272725 
-182.064104 
-183.220919 
-181.300795 
-185.617882 
-179.809781 
-183.459556 
-180.033486 
-178.260514 
-181.013652 
-184.878384 
-183.143870 
-171.823202 
-184.332844 
-189.078271 
-182.000000 
-182.000000 
-177.395480 
-178.757127 
-182.385153 
-186.675837 
-178.358325 
-183.350115 
-184.519068 
-185.473238 
-182.309764 
-176.446557 
-181.260211 
-181.638918 
-178.724300 
-181.943998 
-184.526790 
-182.000000 
-182.000000 
-182.000000 
-181.999999 
-187.609972 
-185.029187 
-184.763742 
-176.868286 
-185.085358 
-184.867086 
-179.027199 
-182.205902 
-171.574489 
-179.846574 
-182.910509 
-185.205745 
-182.921763 
-180.720044 
-178.165131 
-178.248211 
-183.047106 
-177.372411 
-179.839258 
-182.000000 
-182.918063 
-174.783272 
-182.646420 
-182.000000 
-181.139315 
-179.107509 
-182.000000 
-181.454214 
-180.426034 
-182.000000 
-181.999999 
-184.312501 
-177.250110 
-182.000000 
-178.605121 
-179.219250 
-183.318685 
-179.408992 
-184.687006 
-179.237904 
-182.990121 
-175.197246 
-180.813375 
-178.627187 
-180.631667 
-182.697797 
-178.716727 
-183.671103 
-176.740651 
-181.242356 
-178.346548 
-174.721764 
-184.555156 
-184.717871 
-173.752055 
-170.492960 
-182.968211 
-180.635079 
-176.078310 
-187.758325 
-185.372174 
-171.377360 
-179.023479 
-182.445735 
-182.704611 
-174.219480 
-182.000000 
-187.056331 
-179.601964 
-184.573838 
-181.930580 
-176.740651 
-181.072646 
-185.388065 
-185.497034 
-167.781250 
-182.000000 
-182.277929 
-180.257001 
-179.763864 
-182.000000 
-182.000000 
-177.391946 
-177.434811 
-176.636856 
-174.577374 
-180.435175 
-182.000000 
-177.513993 
-181.380168 
-184.489331 
-175.569429 
-180.138536 
-176.882372 
-181.616566 
-180.218435 
-181.643431 
-184.653569 
-182.000000 
-182.000000 
-182.000000 
-181.466492 
-181.891842 
-189.369489 
-183.405047 
-176.828884 
-181.939902 
-182.000000 
-182.931727 
-170.840027 
-183.277238 
-181.758509 
-178.849833 
-179.108331 
-182.581093 
-182.359470 
-182.000000 
-180.658376 
-181.048140 
-182.000000 
-182.000000 
-185.579533 
-184.246046 
-181.939902 
-182.000000 
-181.999999 
-173.195528 
-182.000000 
-180.671558 
-178.652986 
-185.508867 
-177.061057 
-182.000000 
-167.781251 
-182.000000 
-183.160541 
-180.748686 
-186.551843 
-177.937356 
-171.875875 
-178.901322 
-180.599680 
-182.000000 
-179.905876 
-181.640995 
-184.528945 
-182.247184 
-180.628374 
-183.038405 
-177.398845 
-178.644188 
-182.000000 
-181.131098 
-180.750535 
-182.000000 
-187.590989 
-191.288110 
-179.554849 
-183.779248 
-173.248220 
-186.781983 
-189.333214 
-176.249062 
-182.036951 
-181.353523 
-185.500821 
-180.495874 
-182.000000 
-182.633475 
-177.763659 
-186.502599 
-180.278198 
-183.794751 
-180.004990 
-185.512367 
-181.187520 
-179.516060 
-181.569088 
-182.000000 
-184.253414 
-180.588581 
-182.000000 
-179.575209 
-178.298169 
-182.000000 
-182.000000 
-181.768265 
-179.962637 
-186.159634 
-180.641055 
-175.728462 
-183.765954 
-182.000000 
-182.892369 
-182.000000 
-181.965358 
-189.294238 
-180.964849 
-183.574981 
-178.687678 
-181.900148 
-183.079961 
-179.894332 
-183.280974 
-182.814596 
-184.394066 
-179.580915 
-179.948070 
-179.629114 
-182.000000 
-181.912678 
-182.105268 
-179.229908 
-179.408992 
-182.887227 
-182.177793 
-182.000000 
-182.000000 
-184.037348 
-182.000000 
-183.804569 
-180.102652 
-184.542228 
-178.637743 
-183.257383 
-186.430019 
-182.000000 
-181.971932 
-180.883482 
-183.149443 
-184.081805 
-182.000000 
-181.927822 
-176.821583 
-178.717981 
-177.625575 
-183.268956 
-180.308216 
-183.496005 
-177.272617 
-174.546932 
-180.543329 
-181.508019 
-182.000000 
-181.582123 
-177.159527 
-182.000000 
-187.793733 
-182.000000 
-183.304246 
-184.448510 
