20.499986 
-8.067776 
1.385193 
-61.829276 
-86.024458 
-122.158161 
-148.666762 
-122.246550 
-84.499985 
-96.653859 
-95.505975 
-67.275652 
-108.996125 
-81.448944 
-107.362537 
-58.079046 
-52.639883 
-69.539317 
-14.499930 
-67.018771 
-91.795844 
-84.499906 
-146.289459 
-129.662415 
-144.068771 
-115.406465 
-133.257368 
-103.784440 
-79.479860 
-59.347530 
-38.345325 
-11.366690 
1.377261 
-37.116122 
-43.461421 
-75.909393 
-111.267245 
-114.873757 
-119.499810 
-119.091934 
-90.707935 
-104.109248 
-69.971045 
-60.629547 
-70.863587 
-31.548059 
-59.726003 
-29.330692 
-49.499847 
-16.345374 
5.863148 
-36.047411 
-37.620945 
-85.593600 
-92.224547 
-104.768262 
-84.499869 
-48.270007 
-56.135671 
-61.237508 
-67.816235 
-75.971897 
-71.840265 
-39.115961 
-29.514938 
-42.013165 
-59.309144 
-69.714494 
-84.713421 
-98.336322 
-55.661124 
-66.121506 
-56.816048 
-65.523333 
-69.059052 
-66.427527 
-95.364216 
-95.596581 
-90.718615 
-104.256167 
-117.579617 
-111.014830 
-89.283739 
-156.263538 
-149.321789 
-148.477664 
-134.675351 
-119.500072 
-55.031039 
-14.399921 
8.701401 
75.333234 
9.668701 
-18.523002 
-62.595609 
-49.500052 
-71.181908 
-81.391019 
-56.006626 
-68.644609 
-114.184712 
-100.145893 
-61.862518 
-34.500003 
20.500005 
29.971128 
68.038616 
41.702597 
13.930212 
-0.694246 
-49.499840 
-61.663219 
-103.930952 
-122.874981 
-135.408459 
-150.772445 
-154.499990 
-109.057683 
-82.221742 
-33.268983 
12.432661 
38.947639 
20.499778 
24.538879 
-14.499967 
-46.838206 
-39.386122 
-21.768932 
-45.582120 
-89.851844 
-114.228361 
-162.545504 
-139.320224 
-88.532281 
-43.030806 
-6.882367 
-0.840145 
20.727361 
7.477858 
16.037308 
-17.243688 
-22.156332 
-53.599606 
-60.474649 
-62.464889 
-58.991883 
-50.331632 
-95.672666 
-39.819529 
-40.558841 
34.277444 
23.131396 
29.492469 
13.954985 
36.525802 
62.936722 
55.499962 
13.400745 
-52.737183 
-141.825736 
-154.500155 
-167.928760 
-170.517002 
-132.773593 
-113.410129 
-65.724065 
-49.116980 
-16.901866 
-39.748283 
-34.287599 
-24.504771 
-18.465148 
-57.845158 
-92.853185 
-171.999949 
-198.249933 
-223.792687 
-194.818894 
-176.152592 
-171.326393 
-119.853214 
-80.699306 
-54.712211 
-30.830074 
-6.739060 
-37.349650 
-2.089519 
-38.650102 
-42.741663 
-78.068862 
-121.139142 
-130.016519 
-135.702855 
-119.914251 
-84.499831 
-51.933926 
-14.499921 
11.276637 
10.873809 
35.902749 
37.094038 
39.304513 
55.500065 
66.631340 
18.492857 
39.224023 
-54.720755 
-88.306590 
-138.396685 
-153.603410 
-165.237890 
-117.525903 
-45.357180 
-18.073499 
20.499987 
-11.259061 
25.166730 
-23.860031 
-20.819696 
-50.316317 
-96.752904 
-98.721239 
-122.555057 
-111.661028 
-55.363213 
-63.233158 
-59.508836 
-25.753483 
-41.594592 
10.281731 
11.158147 
4.020398 
-16.691152 
-22.675170 
-58.644170 
-57.084397 
-89.292055 
-84.192708 
-96.621348 
-79.716676 
-67.000070 
-49.500052 
-59.653714 
-46.688327 
-55.488329 
-44.104685 
-67.757274 
-66.269578 
-88.626518 
-78.964731 
-45.390515 
-52.695632 
-66.608902 
-84.354684 
-120.988144 
-106.511880 
-60.973502 
-49.499954 
-14.499967 
-14.500025 
-14.499970 
-24.329830 
14.744497 
-20.349063 
-28.357444 
-42.275112 
-74.588644 
-95.228068 
-101.571808 
-102.253259 
-103.845756 
-70.665121 
-41.660877 
-45.710111 
-16.696011 
-24.394264 
-57.808210 
-73.516413 
-65.546310 
-54.409440 
-49.499924 
-36.600647 
-80.716339 
-106.953037 
-119.499967 
-102.061742 
-77.335490 
-84.499998 
-75.471557 
-41.731506 
-14.500016 
19.333492 
8.052396 
-28.813923 
1.906388 
-37.094971 
-11.838074 
-50.722919 
-82.297716 
-78.401769 
-80.157751 
-90.343625 
-66.859120 
-82.612694 
-17.883577 
-17.644286 
33.220501 
-1.978806 
-8.801327 
-43.565849 
-62.352999 
-69.671524 
-101.562198 
-107.962890 
-116.869748 
-131.102736 
-140.777116 
-102.858117 
-97.931666 
-26.684768 
-16.001003 
12.182459 
-13.674833 
4.556924 
0.216875 
-7.292222 
10.093988 
-14.500139 
-31.002168 
-70.096161 
-104.228703 
-89.548993 
-43.565920 
-36.880302 
5.636033 
-10.800750 
2.999852 
-14.500228 
-3.939865 
-17.009457 
-16.842729 
-18.000526 
-49.500116 
-41.664961 
-56.986141 
-51.595515 
-34.940345 
-26.533084 
-14.500183 
24.521861 
-27.523276 
-46.610239 
-46.485239 
-52.091482 
-43.262993 
-46.885255 
-90.327978 
-120.209055 
-136.569358 
-154.500085 
-89.968990 
-146.843866 
-115.861239 
-119.695846 
-125.505857 
-64.319648 
-65.385720 
-80.585549 
-84.500231 
-144.343160 
-129.470726 
-147.156002 
-114.064153 
-78.080616 
-77.619959 
-83.023116 
-39.920133 
-49.499999 
-16.019892 
-42.386893 
-14.499802 
-14.499690 
-5.253804 
24.608871 
34.914449 
-31.999949 
-49.499987 
-54.901404 
-92.666295 
-63.242019 
-62.186117 
-61.176875 
-62.820820 
-66.999887 
-70.281371 
-84.499981 
-104.507871 
-66.661395 
-75.341763 
-88.060520 
-71.871608 
-138.724801 
-196.479637 
-154.499635 
-176.282674 
-94.450967 
-23.403287 
26.044152 
42.075666 
30.563699 
48.409167 
26.050378 
59.397128 
-12.157932 
-59.877797 
-84.500030 
-136.675726 
-166.436550 
-121.221456 
-100.030379 
-65.677861 
-39.917481 
-17.534370 
-15.760984 
-10.689054 
-13.299469 
-0.826712 
3.028614 
3.000134 
20.640808 
3.894873 
-53.322110 
-81.970929 
-129.449375 
-154.662359 
-114.188278 
-65.043553 
-30.452872 
24.766199 
-14.500034 
11.101319 
-13.587691 
2.999987 
-1.714589 
-7.212774 
-31.999998 
-49.500049 
-63.242470 
-118.105548 
-119.484613 
-148.513868 
-109.159873 
-90.921604 
-49.500120 
-44.137381 
2.999887 
-21.353984 
-23.338293 
-31.325954 
-49.236733 
-64.390062 
-75.439574 
-112.004082 
-141.946208 
-139.133564 
-101.666542 
-105.112776 
-63.552540 
-42.613856 
-26.934549 
2.999792 
31.295224 
0.220656 
33.280004 
5.202174 
13.422916 
8.234438 
2.999903 
-14.499984 
-28.116071 
-14.500158 
-11.779963 
57.068855 
58.521575 
23.775068 
-15.016679 
-61.144096 
-49.499926 
-21.097338 
-29.338087 
-6.719109 
-25.325888 
-37.468759 
-21.131965 
-32.849902 
-13.099799 
-44.847287 
-25.711809 
-31.452342 
18.957231 
-10.684873 
26.796719 
-22.003232 
-3.132500 
-31.999942 
-31.578327 
-30.171530 
-66.999895 
-60.594118 
-101.999899 
-83.704740 
-38.093124 
-49.498240 
-378.153207 
-117.691584 
100.103151 
75.819494 
-174.169003 
-73.999170 
-26.925710 
-84.497013 
-368.478838 
220.933482 
-340.929272 
71.795694 
-197.605843 
149.359973 
10.413573 
-43.397933 
-102.436638 
-119.500810 
-38.799680 
-38.747229 
-84.500089 
-133.715875 
-20.105299 
-100.918404 
-52.367391 
-262.413546 
-93.661051 
-101.606416 
92.239913 
68.271643 
13.059871 
25.294864 
-2.175323 
-80.854002 
341.976893 
-30.497519 
117.159049 
-84.501932 
17.307221 
-168.023963 
-102.171571 
-269.138673 
-60.578652 
353.940334 
-98.607219 
-187.603935 
72.674741 
20.498569 
11.098699 
232.937873 
-7.236133 
94.242481 
15.029476 
146.854615 
-207.602857 
20.498912 
113.313132 
-162.782900 
-252.838375 
-117.550291 
-46.583136 
-83.888341 
152.527019 
272.746752 
-90.560936 
333.733114 
-181.992840 
-92.738995 
181.511661 
450.552775 
156.797471 
22.843182 
275.438580 
-53.129048 
81.491188 
728.596277 
-165.348534 
-183.617034 
-322.624607 
396.131178 
-54.522126 
142.531259 
-79.735431 
292.989028 
139.579729 
162.142398 
808.004203 
-146.534198 
443.936219 
-189.759586 
243.336557 
10.766391 
-284.767857 
335.862920 
388.004253 
-75.336571 
-237.682584 
289.593209 
70.852135 
-201.536180 
-274.862086 
-6.115811 
18.074329 
160.505054 
68.146508 
-396.699575 
152.103209 
90.044982 
0.545063 
108.000304 
437.647829 
-166.239815 
-132.555539 
-280.560628 
163.254800 
90.503045 
153.682880 
-348.990936 
-457.319330 
315.536427 
2.115731 
108.001615 
-580.969762 
160.501803 
-395.994229 
154.129349 
-76.132005 
112.848912 
-39.933191 
-157.670818 
-250.978277 
-247.578135 
37.452758 
40.308188 
-322.481114 
-194.455672 
-242.424062 
-89.495329 
-347.719830 
54.656203 
-92.153021 
103.800302 
-206.337121 
124.149102 
-772.294328 
-887.982098 
-292.517942 
-287.527107 
66.196265 
-346.396756 
42.705513 
309.804143 
-152.497686 
-25.502444 
-212.817057 
125.500722 
-282.770282 
1.318799 
-568.708362 
230.502759 
-133.752039 
-6.625816 
-40.605219 
-160.218329 
160.616096 
112.024459 
-528.628293 
52.337974 
-148.831767 
-172.714135 
329.272794 
-100.465124 
135.063036 
-14.499662 
73.000193 
260.634098 
-786.883143 
-343.065544 
-91.148807 
131.790408 
-34.349075 
-64.942845 
-214.915847 
-23.380309 
-127.532425 
-639.541580 
-103.201067 
-119.471730 
-153.268560 
-35.541398 
-21.117529 
-174.829974 
-169.050808 
-49.500384 
229.892408 
562.999870 
-617.085724 
-43.258820 
-188.698171 
-28.578077 
-194.079718 
160.499362 
149.912854 
-522.011437 
-365.921738 
18.957343 
-241.762697 
-5.307941 
-257.779215 
-127.102524 
-499.422534 
-126.839189 
-143.521393 
125.500127 
37.336245 
-100.833224 
-333.423749 
161.123118 
-170.049977 
-31.825611 
-249.208185 
152.222055 
-263.759648 
-143.451620 
-60.336295 
-20.521390 
26.892163 
-221.325774 
101.440508 
-84.416479 
-7.823413 
-273.682182 
-204.386939 
214.935105 
-200.098941 
-18.523022 
263.734342 
-72.817134 
-7.525450 
-14.498191 
230.502263 
-124.485202 
-419.985369 
62.944438 
-175.985418 
-258.921146 
350.534451 
-500.858416 
205.665913 
-231.298375 
198.307703 
-153.364072 
312.120987 
-358.672018 
112.994141 
-280.766040 
-49.496244 
178.003526 
-14.495019 
318.004734 
792.319556 
-431.928890 
181.139009 
-126.302404 
275.396133 
-304.761055 
-112.733659 
-61.848200 
170.347646 
-415.486651 
-109.791608 
24.707799 
-308.546077 
-119.644496 
-232.125921 
-150.100567 
26.104977 
-171.742344 
63.703918 
108.003532 
-161.156328 
-69.668313 
-24.806617 
-14.495990 
-37.782644 
-282.767461 
283.002847 
45.894272 
-161.187697 
125.501980 
374.002412 
-337.201451 
-169.757731 
-496.842858 
-284.879805 
-378.497885 
-94.422751 
-96.185753 
323.048057 
-344.368942 
79.872484 
207.810364 
281.138802 
-152.738085 
80.963999 
119.751180 
-243.065959 
118.891511 
100.831498 
147.820394 
70.030232 
-176.810216 
-251.588490 
-206.158081 
2.875945 
80.940013 
-54.228845 
-71.940140 
-306.538704 
-478.343077 
29.224614 
-12.788948 
-102.538681 
53.826744 
-193.549354 
-180.757854 
300.500962 
-192.359912 
312.581416 
-81.015458 
128.941596 
-441.668660 
268.287331 
-289.437913 
-64.737370 
20.500450 
353.001492 
211.977842 
-294.275856 
135.847336 
-223.330325 
-154.497987 
-5.425482 
-133.746211 
-257.881530 
-608.196450 
-204.738623 
387.999199 
125.940459 
-304.085486 
-89.094675 
-122.091986 
-242.434106 
-93.847027 
-152.943241 
-48.895208 
-152.612663 
-223.216661 
423.001533 
-272.620249 
-39.655619 
-125.679722 
-123.647518 
-386.935441 
112.775024 
-346.473316 
92.866666 
248.001746 
302.935124 
-331.454492 
-2.949690 
-81.706502 
-146.193355 
-355.229108 
-378.484007 
-97.987766 
-31.999230 
19.740492 
-114.568406 
-154.498340 
90.498443 
39.396867 
-162.010922 
-188.305175 
-14.496425 
317.994325 
72.266162 
-279.332480 
-134.886943 
52.994409 
101.951384 
-23.333036 
-49.504753 
-41.844247 
178.003013 
39.372191 
66.472678 
215.629088 
138.585632 
-214.751787 
20.795165 
-34.085166 
125.498274 
-56.460901 
7.651266 
-96.620263 
-227.600066 
152.332986 
-393.967083 
179.931525 
-120.809544 
352.520374 
-230.296688 
95.880820 
160.500236 
-227.444021 
944.562325 
10.406233 
228.501277 
-629.789697 
-22.022986 
-186.830306 
-101.598526 
67.360508 
-255.066983 
-161.713103 
109.877164 
-49.499555 
-226.610757 
-119.729916 
-63.470425 
-311.930047 
24.239336 
-309.240278 
75.901229 
-28.897150 
196.469014 
-67.073578 
3.001983 
-1.803837 
-264.541968 
-66.998136 
-390.175089 
-326.449737 
-84.498422 
-49.499430 
-245.450272 
-315.807503 
145.923858 
-122.047396 
141.937770 
-330.999711 
-49.498845 
-308.966745 
38.001171 
-77.024514 
-176.912751 
-132.977736 
-24.599857 
-737.440420 
46.037542 
-315.765427 
-106.986197 
-52.949238 
-280.046743 
-234.685007 
-78.317080 
-380.307761 
-220.791708 
-49.499158 
80.426016 
86.230321 
-484.285389 
-376.187169 
38.931894 
186.284280 
-49.497429 
-14.498329 
-334.551296 
108.001634 
-71.200691 
-140.165103 
-75.961727 
-262.433758 
49.743349 
-35.244332 
-119.497965 
-133.944417 
-144.444906 
-419.103180 
-348.254862 
-146.840466 
-61.864179 
79.481442 
-37.265680 
-46.579828 
-165.864233 
-147.706016 
-112.059266 
-444.730114 
-211.055292 
-64.238521 
174.877106 
-119.495607 
-134.334507 
-66.950070 
-31.996647 
-19.926718 
-241.995776 
-340.926153 
-140.089879 
160.494378 
-77.289504 
-108.778445 
237.149461 
664.672348 
-613.598137 
-298.005394 
179.020712 
195.497660 
-514.283889 
188.262372 
-123.463840 
78.995840 
145.892502 
331.441605 
500.654395 
-99.858048 
175.981014 
143.003193 
45.573917 
-282.770172 
562.996158 
154.857259 
262.250678 
-106.900112 
117.283556 
-485.377709 
-108.678234 
220.558771 
-65.207049 
100.242800 
-78.933390 
264.166863 
168.158294 
106.972156 
290.944460 
301.479104 
23.304442 
90.503370 
489.630739 
-111.776730 
-292.537763 
-94.187620 
78.344836 
660.505331 
219.899807 
-315.398320 
109.851862 
335.502827 
-146.279632 
632.831996 
386.662809 
314.612796 
80.661589 
206.666957 
-59.033610 
1333.005560 
-52.757705 
82.491481 
-15.073522 
-46.273400 
-15.318935 
-249.774871 
116.806817 
218.155526 
-169.760497 
265.170891 
-45.302312 
315.274633 
296.784976 
546.850381 
70.211389 
-269.673893 
-60.200892 
177.481181 
90.427411 
654.069707 
-221.219495 
60.128758 
-30.121905 
288.743126 
365.417550 
56.355610 
-265.545058 
13.215470 
249.967566 
-111.231871 
772.999590 
-265.890955 
210.294648 
202.308341 
243.329864 
87.778672 
-172.137531 
-72.114072 
440.495922 
-283.863168 
65.220472 
-31.078008 
242.516214 
-379.612546 
-217.712592 
269.347794 
-447.287046 
55.496723 
286.590110 
-762.870434 
327.068037 
-160.231643 
226.742603 
90.496068 
192.818682 
-236.800359 
-88.530352 
-532.723265 
17.525189 
20.497671 
165.568004 
-423.618987 
-520.216089 
204.647621 
-9.570609 
142.998456 
-606.283257 
370.498649 
-312.877215 
130.300421 
-6.716900 
171.356914 
-223.305370 
221.301593 
-552.264072 
-198.977744 
-182.809306 
-13.242725 
-171.882189 
-348.453041 
-437.292286 
-378.868407 
-435.355524 
87.782231 
-74.658058 
-23.190430 
-776.015699 
47.017345 
-700.491115 
-578.350489 
-306.644409 
-175.247820 
-296.316428 
-237.100950 
-49.436999 
372.940585 
-196.604094 
15.208891 
-330.127866 
90.505604 
-221.143770 
-63.569502 
-359.669577 
230.503560 
-210.603182 
-392.251091 
-132.044552 
8.796021 
88.538073 
111.275487 
-513.326227 
182.882324 
-263.400519 
-311.907423 
389.177974 
-138.513777 
-80.268187 
-102.002250 
99.250520 
256.924275 
-262.647456 
22.056332 
-351.477358 
-136.219593 
728.215949 
-195.716259 
-70.550195 
-40.032824 
-80.374048 
-298.394170 
34.014265 
254.546266 
-203.780681 
273.627719 
164.345478 
-72.938365 
107.378133 
475.496755 
220.720628 
702.999425 
-699.412540 
-170.402701 
47.065189 
-20.105948 
53.725563 
212.994551 
-208.300304 
-672.507776 
30.733788 
-810.183404 
-63.701121 
280.492257 
-249.662521 
-325.296066 
-257.815052 
-198.352082 
-94.696725 
387.996294 
-143.986224 
-2.837679 
-281.867718 
191.100420 
76.213987 
196.986128 
-184.082505 
60.755339 
-254.576503 
-139.836013 
-286.149672 
-188.945323 
-81.696263 
-444.459174 
175.432480 
163.896473 
-158.975690 
-210.439875 
-27.833871 
53.731423 
-129.736296 
-208.784756 
68.449302 
-228.834290 
-100.217555 
90.496775 
807.994546 
-581.919605 
-179.034198 
-273.730063 
-125.853066 
-452.099658 
-39.931962 
-954.939113 
157.755315 
-99.777048 
5.045039 
-169.719753 
330.236526 
-340.354366 
3.627688 
-250.647528 
282.998264 
-84.502363 
282.994532 
125.495519 
248.819497 
-217.930506 
418.255780 
-54.871052 
314.919360 
-397.300600 
-272.370564 
-35.797055 
344.717462 
-577.235852 
-173.559453 
135.192079 
-226.101433 
-607.542560 
21.593364 
-343.303689 
22.410315 
-382.301162 
88.719604 
37.997651 
40.134945 
-146.563526 
-383.513173 
282.999359 
-314.007006 
-219.833109 
-14.501909 
201.646955 
-206.383080 
737.997670 
93.999563 
-221.353040 
-309.467855 
-433.403712 
-320.929517 
19.622995 
-46.747109 
-213.491426 
488.535868 
-16.258050 
-190.593387 
351.447161 
284.833442 
-312.206337 
135.160939 
228.521940 
-195.109815 
166.384734 
225.355444 
-113.789871 
176.069625 
-37.364183 
-71.022677 
-154.459942 
-92.018449 
126.929424 
-365.376012 
-221.435240 
-309.609511 
-426.377778 
333.916775 
-254.511008 
-15.154334 
168.152288 
-283.204778 
372.360017 
668.000087 
-901.110743 
300.701648 
-1.555605 
-11.305378 
-212.143835 
327.019889 
-482.426788 
-286.956697 
282.998210 
160.500153 
313.120331 
-147.098124 
102.930073 
-335.341763 
317.994673 
-239.843503 
-202.678004 
-25.973832 
-545.601778 
-247.374810 
72.994839 
94.836894 
83.937274 
-262.998760 
-492.990082 
22.123021 
217.213119 
-273.151218 
-170.696237 
-78.676298 
-307.246774 
-49.504104 
-221.217725 
-396.220811 
-45.898141 
-379.452171 
-355.489594 
103.643536 
-274.185363 
285.757385 
-49.499688 
-208.402463 
-503.634688 
-56.169397 
36.116300 
-81.913969 
-532.486629 
-135.567213 
137.197005 
3.001590 
-46.320166 
-11.924558 
177.995646 
37.998367 
-28.901951 
-190.235590 
-67.759933 
213.002045 
178.005444 
-109.319495 
-204.661068 
-292.602976 
282.670760 
301.687614 
36.733911 
73.004149 
-445.438798 
-84.500110 
-2.474983 
99.150949 
269.166161 
189.976685 
-327.152303 
-161.432283 
279.162596 
90.510498 
364.704334 
-522.625398 
7.775350 
-471.846719 
-38.988423 
-499.672873 
81.450893 
-284.278053 
161.119620 
-126.964233 
147.572145 
38.003376 
-102.048212 
59.427576 
-152.399819 
129.507922 
-358.474362 
-173.827141 
14.639200 
-345.345424 
-25.930653 
-133.688715 
-160.510147 
9.072585 
37.997444 
-562.268726 
-46.320581 
-295.602850 
-242.064477 
171.323905 
-254.355015 
-53.005543 
13.742675 
-12.025066 
-139.186566 
2.997451 
-293.764663 
-578.630038 
-31.999342 
-438.819569 
-572.074186 
-49.501836 
2.998397 
-295.439001 
-201.236507 
-430.450616 
-210.876719 
-28.328358 
-436.099297 
-49.502016 
-195.198243 
2.996082 
-287.065886 
-240.464576 
-153.794738 
-86.663629 
-588.900015 
43.826084 
-458.692420 
-98.029680 
-64.101122 
-110.173902 
-208.132300 
-171.800654 
-315.712492 
13.833108 
-32.004216 
-43.394648 
158.359843 
-524.621584 
-458.493998 
0.506343 
279.085474 
-84.504136 
247.997713 
-168.970031 
-14.503332 
95.104632 
-263.825416 
-206.752835 
-255.332402 
-192.603211 
100.429036 
37.997429 
-36.370759 
-81.765281 
-321.388354 
-396.419627 
-207.001849 
-120.403683 
-45.059881 
-125.896707 
-421.158581 
-349.694294 
-86.305931 
-234.227669 
-373.811135 
-103.973898 
-143.760699 
-128.467496 
2.999131 
-101.523831 
36.964807 
-242.000615 
-140.803061 
-242.002077 
-235.732850 
68.922781 
458.002993 
17.689741 
-354.773828 
213.611497 
10.304108 
-553.125768 
19.335421 
-40.027687 
300.498623 
-231.365132 
291.953777 
-166.790533 
206.994581 
96.322854 
429.447916 
93.326182 
-149.857332 
-68.140920 
73.000274 
17.364011 
133.503690 
195.501345 
230.382166 
419.130990 
-377.884112 
105.203721 
184.864245 
251.666796 
282.037127 
203.649929 
168.063390 
137.181330 
141.302007 
-33.114982 
52.377454 
78.864229 
104.602253 
-327.596481 
370.498374 
-6.194451 
67.513481 
-12.378436 
324.067438 
-97.984624 
675.949216 
329.944019 
201.926878 
-475.163718 
352.997640 
-5.350630 
474.713312 
-229.258474 
264.058299 
-390.752409 
252.867131 
-143.938002 
527.995824 
-36.079209 
-156.798002 
4.675623 
140.961053 
100.560909 
120.991124 
-122.706657 
172.159965 
-73.705233 
297.722949 
-45.682759 
-238.606604 
455.295730 
-2.334035 
187.628844 
311.332192 
-140.148792 
-138.209686 
305.787074 
1263.140007 
106.874759 
67.515005 
-151.782699 
96.296202 
329.168075 
-103.781952 
13.720309 
-204.052852 
-172.505038 
-143.354806 
353.003058 
-22.027690 
393.819027 
229.797283 
150.002033 
68.540716 
-12.712582 
-353.712950 
388.001862 
-282.495744 
-34.049961 
108.821382 
-85.685348 
119.281497 
-265.825510 
-15.788676 
-290.270504 
160.500495 
305.091201 
-637.008649 
-471.548575 
-44.147382 
-308.428034 
142.999983 
278.326291 
-102.055664 
36.923643 
-261.016860 
-240.489857 
370.503413 
143.205883 
-228.178104 
-45.765064 
313.046552 
-35.359266 
-84.502858 
-128.605898 
528.003836 
-7.577759 
-14.778648 
-168.847592 
248.865008 
-421.090485 
165.320652 
-88.143194 
-61.753706 
-237.062819 
-167.354068 
-276.681788 
-82.216874 
-681.273277 
-69.767831 
-44.564179 
16.390509 
54.405483 
-106.695392 
-371.960586 
124.980453 
-17.447485 
10.278745 
-230.303418 
-145.599881 
147.569563 
56.014644 
432.906075 
65.487624 
-205.155002 
-76.867608 
96.587754 
388.000145 
49.448677 
-427.075392 
-516.699684 
388.003197 
58.021340 
-200.339019 
36.542298 
-161.635560 
-57.230831 
131.650705 
-258.771768 
175.740729 
-456.510674 
-527.463318 
144.582045 
-374.713369 
-732.639750 
-154.501045 
99.251835 
5.497809 
319.390059 
-322.659376 
-271.596083 
308.451418 
173.529176 
-473.446334 
114.103614 
-321.016070 
-322.471904 
-199.390399 
-185.794277 
-58.320060 
-156.085815 
316.285949 
-156.678612 
-211.846870 
-145.942052 
580.503634 
19.008217 
632.998246 
-365.559987 
-6.006457 
-398.100260 
-85.289755 
-115.138134 
125.499328 
-71.111785 
-1051.107027 
-504.453703 
416.896862 
-34.258814 
398.246305 
-282.320250 
203.877098 
194.083401 
-43.038482 
-192.082557 
492.999104 
-215.853382 
-244.335661 
-349.731395 
223.487416 
-436.537046 
-158.399229 
-119.751331 
174.968487 
-130.513855 
-293.436311 
68.468105 
172.919351 
29.448250 
-176.651809 
89.624715 
175.289077 
22.275767 
72.065866 
4.124516 
-326.706347 
291.729019 
-311.607052 
-29.186586 
-301.844186 
-247.205764 
160.499750 
772.999158 
-630.300686 
-80.945048 
-149.598402 
160.335080 
-40.827270 
225.729410 
-872.669143 
34.240623 
-93.679927 
29.152813 
-351.902652 
301.374915 
-17.662107 
-59.068542 
23.474212 
213.000945 
-67.000407 
283.001421 
125.501829 
-617.672900 
-262.542378 
311.977334 
-178.335833 
224.025824 
-274.278849 
-454.890822 
50.930939 
568.728297 
-16.162250 
-317.105491 
-149.669359 
138.628513 
-237.176400 
224.291984 
-412.495173 
-109.233698 
-241.505966 
-126.797632 
38.001011 
-287.392888 
-333.274977 
-217.544288 
387.999708 
-6.942147 
-173.215962 
-14.498271 
-41.315295 
-153.689489 
738.000399 
-260.668146 
-274.716258 
-208.526875 
-94.343052 
103.415324 
-147.576488 
-10.931457 
-113.851093 
95.621954 
-162.945200 
-129.388801 
-186.643592 
-231.518298 
-440.591708 
-34.758347 
58.498939 
-390.330273 
-388.008920 
-432.305962 
-64.299068 
-180.711037 
-71.164553 
-129.341528 
-165.194025 
-105.920861 
-265.191715 
276.361740 
-213.845130 
-493.217703 
-450.703097 
138.679224 
-370.459167 
-218.544060 
22.884218 
-131.589028 
2.377074 
738.000558 
-171.471765 
-56.459569 
85.142350 
-12.958267 
390.195611 
-50.809307 
-354.792223 
-293.864756 
213.000662 
-119.501697 
116.801441 
-245.400389 
-454.929700 
-484.670451 
352.999568 
-315.763250 
-184.109792 
-77.747659 
-0.078466 
-189.959944 
107.998491 
-175.661002 
205.375259 
-19.694592 
-277.384584 
175.440981 
-74.837121 
-132.511657 
-67.296410 
215.763082 
-106.522843 
-49.499667 
-235.436671 
-448.718976 
224.887051 
-291.572437 
-267.028621 
226.892229 
-166.191809 
-53.489678 
-14.499350 
-67.698626 
-533.497455 
-62.944341 
-106.256304 
-185.241369 
-445.575942 
-39.412021 
110.353219 
37.998345 
-164.776824 
-47.402593 
317.997361 
107.995677 
-35.303583 
-239.667495 
-332.325452 
72.997956 
37.999829 
92.233075 
-130.004380 
-430.269610 
44.781459 
80.154606 
35.399528 
177.998090 
-187.313231 
-119.502528 
12.910778 
-65.515252 
66.670935 
245.270596 
-143.924567 
-391.675231 
102.088837 
73.000586 
-192.175604 
-106.466255 
-6.812541 
-496.898464 
-335.018087 
49.303597 
-307.861407 
-330.785424 
145.116615 
-8.757758 
200.757950 
212.996974 
-296.952816 
-208.226010 
-231.897510 
-79.540749 
-204.959918 
-49.798341 
-489.515593 
-487.391471 
-49.134272 
238.098110 
184.821420 
-118.532638 
37.996575 
-394.759286 
88.565155 
-2.001829 
-900.576744 
21.985805 
-313.288007 
-330.928869 
-81.720338 
75.558613 
-436.229724 
-67.002694 
-314.366450 
-65.438438 
-84.502120 
-477.548250 
-597.564678 
20.496516 
37.995564 
-306.965876 
-459.250680 
-164.494440 
16.198058 
-221.911346 
-391.798972 
2.997566 
-126.937717 
-67.002722 
-37.818574 
36.396775 
-265.334784 
-186.732265 
-346.267043 
-148.132759 
-354.054546 
-121.687846 
166.869219 
-146.757587 
-147.427599 
-247.510130 
39.989730 
62.507555 
-84.499835 
-227.779023 
23.232666 
-445.889904 
-148.853383 
345.186686 
-34.941198 
-84.501311 
143.000047 
-154.722881 
2.999819 
-3.831471 
-431.813993 
-49.369278 
-58.831847 
-365.557080 
70.846652 
-67.000459 
-111.447233 
77.436460 
-98.647473 
-582.981643 
-231.062741 
-225.325827 
-125.108464 
-379.651887 
-155.048631 
-209.104745 
53.947937 
-115.875263 
-387.544672 
141.069809 
-140.374664 
-234.991394 
-67.001582 
-140.328194 
-371.542519 
-241.999803 
-121.123590 
-242.001352 
-329.669379 
-386.349278 
457.995850 
-221.388779 
-292.876517 
423.630172 
-200.834563 
-549.821120 
-130.004354 
110.867232 
527.996771 
-195.038365 
155.989789 
-188.471462 
143.385325 
53.591189 
443.340991 
200.514876 
-314.354965 
50.180402 
72.997708 
-113.030165 
228.664549 
300.499429 
105.088477 
308.118344 
-475.525526 
-173.666829 
295.213568 
379.777611 
211.433241 
-462.148550 
21.613906 
142.402660 
149.451014 
310.326958 
-410.209478 
141.871591 
-14.677681 
-114.013461 
808.002288 
513.417308 
-327.089177 
-236.625208 
-56.576191 
388.198978 
862.829205 
34.170374 
-477.703764 
-265.511338 
195.498959 
280.426269 
124.679214 
-157.877493 
70.440229 
-215.750387 
-207.605908 
222.162148 
213.002687 
199.793653 
-311.470355 
258.765078 
-245.748897 
-104.465631 
-338.123673 
149.762208 
321.049558 
101.674700 
12.262603 
-142.635795 
254.679808 
496.781996 
69.164969 
74.240825 
-48.467259 
-184.802567 
-248.271747 
358.644044 
512.316736 
-270.524751 
-269.879622 
258.714960 
304.647047 
103.146757 
-28.185705 
-130.385559 
-194.177382 
359.161252 
-78.927932 
90.494625 
349.044756 
-79.492099 
-276.911862 
504.663240 
21.426110 
-63.579489 
-79.871794 
352.994933 
-60.925591 
335.175444 
20.759166 
-18.875615 
-602.112554 
-224.330488 
-2.099932 
-15.478226 
562.998057 
52.982416 
-645.104381 
-196.872563 
-116.725327 
-277.441116 
55.498184 
-186.512764 
-303.928758 
-61.849373 
-317.796869 
-25.376982 
247.995770 
21.209327 
-636.618633 
-366.479819 
-75.089346 
-39.758579 
335.504534 
220.243599 
-49.498386 
-90.117597 
-65.978255 
-240.326552 
220.365101 
-440.086405 
-98.430503 
-3.754059 
-262.915827 
109.004801 
-240.983564 
-234.551089 
-423.653481 
-228.373710 
-140.265225 
-230.791666 
-132.217734 
-543.879920 
-74.386215 
-407.731891 
227.583101 
-551.399892 
-618.871295 
-153.458063 
-456.979631 
444.357081 
25.489480 
-212.289243 
-129.065561 
-170.410977 
68.673953 
-45.153632 
-14.499184 
-17.608737 
-68.441219 
-148.116550 
492.999365 
-317.361063 
-639.071281 
61.050621 
323.967509 
106.220477 
234.728123 
-527.949999 
-234.816151 
177.185438 
-165.678143 
28.071252 
-294.743801 
-587.018901 
125.496999 
282.998499 
480.131428 
-281.092298 
-200.711593 
-260.378822 
19.399627 
46.965557 
53.432194 
31.692593 
-15.238453 
312.000112 
-67.722310 
396.659554 
-63.554119 
-19.423946 
-166.380060 
-11.618152 
388.398187 
-46.744241 
493.000096 
190.288464 
230.500125 
-554.108587 
-286.324128 
-171.579904 
-269.010789 
-156.701099 
265.502381 
238.435161 
-307.845178 
-275.262999 
-73.808603 
-201.348776 
129.242662 
-223.532809 
66.073592 
62.411149 
-585.133608 
-4.497408 
283.002686 
243.777781 
63.668170 
-598.242711 
-294.914947 
51.752582 
-61.250173 
247.663419 
-257.200587 
-101.320582 
-339.954621 
-146.793174 
-58.602293 
-15.020930 
-103.558838 
-54.845825 
217.594037 
-33.372619 
-200.804220 
-201.990413 
-59.947465 
-385.290095 
-100.318483 
-131.220404 
-344.818763 
-184.998270 
527.998282 
160.498550 
-461.080526 
-208.719520 
-294.247036 
-95.101664 
284.177372 
-42.958166 
-493.930236 
-256.469600 
153.759659 
-166.565717 
-139.391069 
279.475330 
-93.812132 
-76.039101 
-302.527362 
-49.503987 
-49.504091 
90.496394 
387.997502 
-111.849939 
-296.682234 
316.975495 
-200.783969 
97.065569 
88.400714 
-295.071240 
-38.020743 
274.928600 
-320.114314 
-144.370181 
106.878226 
-229.489153 
-276.016523 
-165.210422 
-204.429324 
-140.841934 
-44.488697 
-142.681497 
2.998419 
-220.012743 
-237.393306 
-140.064250 
-49.500261 
-35.114873 
-1174.974396 
125.499970 
448.887287 
188.895866 
247.999726 
-17.999694 
-511.433725 
-273.231829 
-384.188417 
-86.086224 
-125.116252 
115.533900 
-31.043195 
-121.056200 
-307.347989 
235.228723 
-228.053846 
-73.638532 
-20.227041 
-157.587595 
17.587522 
-74.814964 
-179.928073 
55.978487 
252.363426 
-260.638741 
-259.703491 
-184.364103 
-14.758115 
110.284675 
319.162829 
-319.884645 
-138.007129 
-24.606575 
-496.723796 
89.634063 
-115.796725 
-29.924520 
48.992660 
75.598460 
393.001824 
142.997353 
-134.582163 
-170.742478 
-59.900937 
-51.123728 
-31.521350 
444.636464 
-83.588907 
-168.715198 
247.997927 
142.998929 
-61.446349 
-3.235079 
-111.152856 
-148.671456 
37.999575 
157.454415 
-229.863724 
22.624329 
-192.777237 
-271.074714 
-14.500415 
-19.444247 
-412.714465 
47.699624 
310.114940 
17.081594 
165.052469 
-39.313950 
-426.433361 
127.581305 
-184.001647 
352.999808 
424.096189 
-683.876199 
187.366657 
-3.125681 
-155.276014 
59.466849 
-382.850821 
76.063499 
-67.000134 
-313.267831 
-52.234864 
-267.047368 
-146.478855 
-63.530256 
-479.517542 
-338.167896 
-274.514443 
-84.501555 
-54.678002 
123.857302 
177.998523 
-84.502255 
-204.263869 
121.743541 
-301.936298 
142.997156 
-119.497181 
21.146878 
-298.001629 
-76.799918 
88.385304 
-72.777000 
-12.492185 
-14.500150 
-239.814130 
-14.501601 
133.398975 
-129.448070 
26.171578 
-112.362102 
-148.260861 
-429.027363 
262.255685 
-136.997174 
90.899287 
-128.450472 
125.944161 
-8.732203 
31.006977 
105.090887 
-136.852033 
-84.876794 
828.509484 
-250.170231 
248.358127 
-66.999542 
-109.842718 
118.290010 
38.626504 
221.413708 
-148.305979 
2.651497 
-230.455054 
-16.856162 
9.097989 
-233.466238 
-136.886278 
-129.847928 
-14.501435 
-235.473485 
-62.412184 
9.405627 
30.826119 
29.411161 
-118.141259 
-446.309363 
-220.449844 
16.915621 
-74.703919 
2.999303 
-118.105616 
-446.826808 
-119.498466 
-239.437511 
278.422740 
-119.500120 
-49.501193 
-227.926103 
-427.345286 
-300.482425 
77.220007 
-89.824986 
-400.094559 
-49.499906 
-252.494503 
-14.500836 
-337.404222 
37.685227 
-111.242802 
-61.020467 
-641.597564 
-331.466262 
-413.955918 
81.990613 
-51.257565 
-250.274264 
-48.891910 
-308.364304 
-362.666343 
-236.950748 
2.999182 
-209.859625 
26.165319 
-305.798635 
-223.545429 
-177.419942 
-157.474260 
2.999116 
-119.501798 
-617.078384 
-32.001822 
-522.377030 
-126.306546 
-398.409347 
-73.274228 
-309.449057 
-176.983815 
-67.001509 
-83.695482 
-271.082190 
-254.016527 
-197.617274 
-213.563287 
-98.300221 
-245.733513 
-218.046700 
-243.105607 
-108.064315 
-407.086360 
-82.005174 
-315.054995 
313.678955 
-508.111716 
51.048260 
-241.998074 
-252.308915 
-249.334362 
-242.000876 
-81.620474 
-242.001891 
-368.540359 
-170.626230 
440.498295 
132.939908 
-179.674829 
587.134255 
-288.930641 
-325.933838 
-596.667291 
-131.466315 
597.999877 
-698.087147 
174.290664 
-168.028508 
-110.911759 
-109.355746 
867.521233 
256.439523 
-313.517286 
334.344077 
125.499993 
123.360021 
396.088966 
492.999064 
226.561725 
131.859475 
-441.083450 
-96.981006 
778.787659 
199.135325 
220.148758 
-136.434128 
54.108998 
-77.367367 
29.270856 
156.905967 
-534.114501 
346.454588 
78.309278 
-240.122597 
738.000932 
560.920542 
92.548608 
20.896048 
114.238599 
434.359914 
962.931979 
121.369100 
-469.736350 
-331.586571 
90.500462 
-85.010062 
55.129717 
-210.481450 
-106.267860 
-6.844679 
-258.932650 
114.811142 
335.498196 
25.626630 
-561.722760 
-14.692429 
-367.708067 
-26.919499 
-322.052675 
-82.672383 
-82.878114 
-512.242544 
-140.213103 
-398.237015 
392.087766 
149.913212 
-122.454022 
-56.850832 
-242.487656 
-211.111696 
-7.525264 
697.962794 
315.884507 
-47.666019 
233.656614 
-233.158395 
-38.844866 
-91.136228 
-109.444752 
-505.525784 
-211.079700 
130.150873 
-10.626345 
370.500421 
23.808530 
-23.329927 
-115.992479 
280.664666 
352.407163 
-62.216399 
198.845829 
125.499486 
-187.322022 
-341.530678 
-143.676386 
-301.042205 
-119.420303 
-25.049915 
164.730692 
33.294396 
562.999054 
209.698906 
-330.950157 
148.939697 
69.715199 
-209.979326 
633.004446 
-27.775838 
116.070409 
252.997474 
-35.602566 
-74.924990 
160.504964 
364.990673 
-254.966092 
-44.690504 
-28.684546 
-36.906032 
808.005318 
-375.125233 
125.500683 
-264.769865 
179.421204 
-83.123674 
272.408290 
35.580724 
-37.629371 
113.906202 
40.701250 
164.419936 
-21.983606 
-551.184651 
-57.117909 
-339.134263 
-314.450429 
-54.004282 
112.706900 
-766.999937 
-63.395970 
-563.962348 
-1.911048 
-228.455104 
-520.075581 
-13.468091 
-442.038002 
473.548135 
-407.179055 
-33.278144 
-127.581552 
-357.023079 
312.094251 
-89.255088 
475.499730 
171.785770 
10.555371 
-296.487015 
160.499324 
-141.642264 
-384.873800 
229.477456 
135.688325 
287.980058 
91.403749 
206.971360 
-360.368360 
-74.543856 
-43.672794 
-266.770174 
82.881477 
-832.840664 
248.003924 
300.495106 
23.816218 
-376.217897 
-472.233359 
-310.859816 
-289.430453 
-4.311029 
-438.359925 
-274.894877 
-198.119817 
17.922529 
-70.507339 
-233.955683 
-200.590815 
-77.206022 
-29.626061 
176.147516 
390.520502 
-33.621962 
283.005172 
326.230277 
213.002902 
-845.335635 
-559.142415 
-371.450851 
-66.244044 
159.789776 
528.004139 
150.772331 
-812.889379 
-304.026651 
-156.840375 
54.359486 
-123.982423 
-405.110545 
-256.150810 
231.376115 
-38.494245 
-214.198312 
90.504169 
379.090589 
445.169797 
-304.827999 
-141.765849 
-0.204733 
203.948724 
81.164302 
-43.299431 
-312.849995 
-560.625410 
132.276402 
54.407353 
28.318394 
57.742750 
-47.768231 
-120.217470 
-167.306201 
72.606255 
-230.405305 
88.334525 
-466.013469 
-374.999821 
48.424878 
-331.933079 
-109.720491 
317.999661 
160.498142 
-222.849748 
-340.400955 
-59.570902 
-394.786252 
-153.477956 
-240.218150 
-356.154278 
139.896728 
66.999934 
237.251002 
-47.383863 
216.970841 
505.189114 
200.158946 
-239.945461 
-14.501767 
282.999293 
422.999524 
142.998067 
-65.110375 
-185.163384 
480.938564 
99.379596 
18.431644 
-129.916659 
-122.355917 
-15.305911 
356.123326 
-198.834882 
-400.174580 
-37.405162 
-341.899153 
-494.503856 
-127.145001 
-253.671028 
40.700688 
-79.431918 
-675.808811 
-84.498376 
78.312490 
-136.302446 
-383.335795 
-14.497998 
-157.290381 
-524.436907 
773.001393 
-13.228645 
-118.035272 
318.001844 
94.002615 
-163.983561 
-240.877329 
228.314670 
-521.744493 
-142.271254 
63.827212 
-254.752251 
-235.432032 
-523.658573 
-292.476541 
-388.711998 
-526.985324 
-170.234791 
-119.523954 
182.479181 
312.487486 
335.763337 
-22.831140 
-207.264907 
24.070320 
-32.643845 
-176.455899 
-244.527162 
82.061524 
264.028548 
131.714495 
19.065795 
-346.919455 
-270.019188 
71.672944 
-164.091431 
-186.705872 
26.238847 
2.131564 
66.031498 
-101.999420 
-234.401954 
-151.427769 
-138.775565 
139.896368 
47.164352 
5.308010 
-265.675775 
-333.317455 
72.999986 
-154.500055 
-175.188909 
59.757306 
-163.237341 
-279.334508 
-14.499923 
177.600978 
-36.448235 
154.701810 
28.377061 
-162.190148 
178.000452 
-246.855144 
-291.766290 
-118.672183 
188.428674 
-52.627585 
-43.494580 
95.597849 
-29.567796 
177.960728 
243.796112 
-49.500453 
-764.814772 
-583.250314 
91.824208 
-107.964970 
-296.035255 
54.389079 
-387.348873 
-222.379812 
-101.999170 
-435.855510 
-243.849920 
205.160339 
-270.338178 
-113.752104 
-642.470880 
-131.221947 
1.501302 
108.002482 
59.734024 
-140.166989 
-49.498742 
-14.498458 
103.469672 
1.854455 
-183.874825 
2.999856 
-31.996497 
-53.306147 
-223.331627 
-146.776398 
-192.925903 
-0.004164 
-133.134252 
143.001498 
-131.532990 
20.501488 
264.928657 
-169.337805 
-72.953979 
-35.178241 
-83.059394 
-199.777051 
131.720450 
352.998944 
-47.706786 
101.697995 
-210.284385 
-321.801353 
10.968248 
83.984284 
-297.899670 
64.120019 
1020.182500 
-431.782831 
232.550927 
-84.502014 
-428.861595 
-33.252171 
-269.419641 
45.566764 
-338.657756 
51.181841 
-317.530524 
-325.983889 
-75.258513 
-55.638317 
-15.388259 
-191.168540 
142.999403 
-174.143627 
-36.749913 
-61.277682 
-275.018580 
-107.384619 
-342.827245 
-129.541845 
-308.410550 
198.353228 
-132.201406 
-119.499717 
89.906894 
-226.900400 
-31.999338 
-101.857086 
-198.939147 
-49.498470 
-66.998187 
-244.157698 
-241.552603 
13.490632 
30.126635 
35.116427 
-291.525658 
-66.997859 
12.535474 
-119.497862 
-205.818773 
64.224326 
-157.029740 
-359.107095 
-96.338013 
40.743620 
-335.871557 
-15.609475 
-6.050108 
-214.197252 
-146.862190 
-93.686790 
-136.254836 
-26.730729 
108.002496 
-93.675575 
-341.400638 
-270.176262 
25.248112 
-78.063592 
-121.758349 
20.502722 
213.002049 
-454.225083 
73.001739 
202.791366 
-298.778795 
-269.631669 
-312.596190 
-250.259288 
57.541333 
-241.999016 
-116.779048 
-95.846818 
-267.644897 
-266.550590 
-32.001121 
-291.074139 
117.962818 
-69.449370 
-374.321193 
-289.055739 
150.514544 
-94.167564 
-348.079643 
-218.591052 
-235.245983 
-30.428629 
-242.001287 
49.026301 
74.001349 
-242.001517 
-154.846842 
-242.001557 
-474.619460 
-154.191927 
510.502588 
-556.019749 
-342.946770 
386.380356 
120.727698 
-234.922716 
0.666055 
21.334104 
160.495893 
-199.725004 
-71.163257 
182.673364 
-102.204721 
160.366249 
475.471833 
309.531478 
-105.456823 
307.206205 
143.000608 
239.710596 
16.282577 
335.495897 
569.431627 
220.275523 
-720.137189 
-116.211856 
519.265297 
406.355630 
80.963162 
64.691781 
52.761148 
94.683257 
304.249727 
-42.131464 
-339.175567 
-2.783475 
-192.293493 
-3.362883 
300.499326 
159.256152 
275.540395 
262.826604 
-62.909382 
374.103084 
645.313229 
-8.311634 
-23.178070 
-75.901880 
667.999686 
-40.127432 
415.715432 
-300.603492 
279.835493 
-107.469929 
623.156245 
-280.229230 
422.994516 
210.402404 
-285.045197 
153.662325 
58.363953 
-201.673929 
-134.415867 
-191.045452 
30.107243 
-235.309270 
-307.895497 
-259.005587 
30.420711 
38.815836 
-86.719351 
-202.964569 
-322.146729 
-72.579219 
98.237931 
557.981171 
1168.804982 
-107.612506 
-32.634864 
200.658815 
59.279694 
-21.266920 
25.908910 
-353.321245 
-347.510215 
-117.499662 
176.059078 
405.497195 
-85.288178 
-170.259378 
61.581281 
355.340264 
351.118977 
-117.255044 
-238.486081 
370.500756 
-301.882932 
-340.900981 
346.762854 
77.581769 
-15.259135 
300.067878 
-72.276641 
-38.446784 
527.995512 
186.900034 
-382.745091 
91.884584 
12.123677 
-193.100646 
598.004814 
-38.291952 
-284.509679 
-29.257805 
-167.923816 
117.277606 
90.492560 
301.511390 
-469.584003 
-415.310747 
32.675481 
47.861364 
598.011431 
-375.129594 
90.505898 
262.842301 
386.390340 
123.628550 
197.199093 
-186.222475 
25.576043 
-24.505236 
-118.532417 
-194.359352 
-184.518683 
-533.147968 
-169.834066 
50.049519 
-465.133863 
196.032182 
164.347432 
-181.837710 
-108.169472 
-154.531737 
84.592063 
-344.725788 
-546.744797 
-184.500146 
105.033461 
114.313043 
-424.625702 
120.501573 
41.907401 
216.401569 
138.901684 
456.282911 
55.495998 
-151.984985 
197.870180 
-302.402449 
125.498409 
-415.568103 
-606.808551 
456.495545 
-306.104590 
114.652625 
139.082541 
66.864520 
-497.239260 
-268.996150 
-268.948566 
-260.194945 
535.998702 
-614.614442 
283.002022 
239.250991 
44.122037 
223.046507 
-67.800728 
212.733107 
-203.922172 
-39.788808 
-357.239697 
-74.826622 
-197.628186 
-245.109624 
-0.652649 
-270.803772 
38.813097 
123.854053 
351.016377 
535.775994 
84.781247 
451.916328 
125.502190 
-41.875418 
142.999582 
-774.393144 
-602.609889 
-42.806265 
-412.397000 
242.736236 
318.000147 
126.857239 
-729.119248 
264.926067 
-259.967923 
36.387293 
272.981443 
-384.955096 
-383.493407 
16.170601 
-306.926046 
-149.289411 
20.496277 
304.508295 
-413.506209 
99.485753 
50.642451 
-256.648031 
253.128133 
-243.373490 
-68.759727 
-300.767854 
-303.745762 
-2.662639 
-97.818460 
-37.144953 
-311.060833 
-4.303702 
-395.314839 
-133.801474 
99.439727 
-254.643348 
80.059964 
-314.112306 
-445.625499 
-37.584671 
241.538808 
-199.407273 
370.497538 
772.997757 
-345.573132 
-392.729316 
-93.567664 
-426.746925 
17.307257 
34.012817 
-977.377406 
-140.437511 
-81.148119 
89.591121 
-128.481815 
108.843038 
301.136311 
248.325172 
-106.989105 
388.003269 
160.502940 
213.002260 
160.497414 
241.697668 
-146.985865 
523.324153 
170.463852 
-40.013885 
-491.822712 
-429.685872 
121.476642 
400.832173 
-313.410917 
-240.495944 
-266.952956 
-175.702336 
-327.558908 
83.299150 
-209.611295 
-73.544072 
-464.536538 
-606.694940 
248.001224 
-42.952573 
335.422000 
-497.428225 
632.996389 
-166.107481 
-146.105713 
387.996125 
-84.721311 
-155.765718 
265.499417 
373.999864 
-386.801024 
-425.257528 
121.132593 
-611.525280 
122.843106 
-153.934448 
-399.485646 
-94.240016 
-403.145390 
-70.793401 
-39.983871 
-265.028367 
-739.178503 
-80.936907 
272.286483 
63.781824 
82.908376 
-117.973403 
-140.375712 
78.779134 
-89.332488 
-155.844556 
-289.765966 
70.832920 
-77.400712 
11.808382 
-217.270752 
-207.757750 
-275.720738 
166.675951 
-280.267416 
-494.233508 
368.536878 
-87.849201 
-51.973528 
-49.498308 
-162.124878 
-136.373511 
-75.219431 
239.282905 
-12.968310 
40.292608 
-45.368158 
-218.925159 
-49.496829 
-49.496982 
165.363853 
-9.367306 
52.120746 
-559.312595 
318.006080 
-51.222390 
-45.005423 
12.176955 
-496.363381 
-441.632733 
-84.496052 
133.475897 
-205.919131 
-345.600427 
160.688308 
-21.147344 
61.889223 
-37.193352 
-4.260955 
322.042599 
-2.738859 
143.001659 
-574.497751 
264.407825 
19.228445 
-125.368996 
-308.146803 
58.752310 
-369.853602 
42.824909 
-49.498240 
-179.036137 
-575.903888 
-143.882313 
-519.263433 
-316.118678 
-744.060653 
-87.085981 
-241.498839 
72.989519 
-216.116782 
-294.082215 
-49.512367 
353.002914 
121.970492 
-61.239159 
-153.159352 
-32.004791 
-14.500524 
257.912983 
-279.341013 
-49.323128 
-297.243930 
11.227233 
-80.403406 
178.007139 
-270.448451 
-119.514035 
-274.133930 
-239.100950 
-14.813251 
-354.356121 
-53.623579 
-587.449466 
-71.919231 
440.488209 
-9.064169 
-262.724899 
-286.550420 
1.964842 
-251.524100 
14.425410 
-52.133986 
-128.243608 
541.603641 
-355.174670 
19.865757 
-154.494852 
-300.381583 
210.053455 
-292.667972 
30.796190 
-406.732854 
-35.564410 
-28.116024 
-316.800992 
-169.678894 
-231.908190 
-110.318368 
-14.188776 
-31.995702 
-404.590119 
-31.219501 
90.751557 
-1004.628175 
-259.668187 
-475.243539 
-242.664358 
-164.025029 
30.594731 
-310.149633 
-66.995134 
-145.860908 
-350.638443 
-119.492830 
-198.849049 
-188.649955 
20.500789 
38.004299 
-65.614521 
-460.153034 
-96.169880 
56.866841 
71.065194 
-346.559027 
-14.496008 
-0.677259 
178.000652 
-152.289099 
-227.644372 
-203.620917 
-417.524109 
-509.448517 
-133.040637 
-222.121239 
-201.478341 
-209.047131 
-97.738998 
-375.923158 
-217.195123 
-265.204297 
-60.235838 
-84.496484 
-199.594796 
-125.735225 
-245.255394 
-364.488796 
-79.838051 
-92.743788 
-14.501520 
2.998446 
-287.894554 
2.995408 
150.135174 
-93.939816 
-142.383482 
-133.934388 
-339.722185 
140.552512 
-242.003224 
-101.060078 
-206.157759 
-224.063378 
-638.951482 
-242.002551 
-185.908268 
254.819500 
-207.955196 
-437.837463 
-277.236590 
-142.402737 
-57.333590 
-268.563909 
-310.832640 
-82.557601 
-140.874539 
-242.000513 
235.623047 
-129.438928 
-242.000640 
0.321971 
-242.004840 
-486.333094 
-89.169771 
772.995768 
-254.581542 
-138.827417 
66.350688 
-485.580252 
-423.537198 
168.664006 
440.608768 
195.497501 
-139.176723 
-334.350565 
-81.263193 
340.929543 
109.940386 
92.335861 
8.566839 
-602.910107 
71.960872 
-49.502657 
177.639997 
206.201402 
335.498373 
631.905349 
321.244515 
-845.847845 
297.324006 
577.683887 
197.215059 
96.535021 
-14.843504 
-235.854335 
-17.505715 
197.610983 
-338.771132 
-218.580402 
209.960500 
-50.549828 
363.143377 
772.999587 
250.080439 
226.726024 
5.888615 
73.811409 
226.043343 
357.993417 
-327.197919 
-108.327223 
-327.979666 
353.000092 
-205.899376 
373.469351 
159.011745 
-41.208107 
-633.563313 
237.083895 
-171.933773 
142.999355 
169.523350 
36.458185 
133.814087 
107.808376 
-101.110684 
-171.936584 
-209.025295 
317.891044 
-366.231604 
-109.957177 
34.649473 
-301.879785 
125.501808 
59.319239 
-234.677163 
-50.410939 
166.270289 
-125.941904 
173.885902 
521.145475 
-136.831556 
-154.964616 
238.043384 
113.558445 
161.198730 
-161.370990 
88.185195 
55.126857 
-91.199996 
-269.110941 
913.000249 
123.399726 
-169.173901 
-274.127383 
-111.333014 
472.861602 
-157.236224 
-147.188594 
370.500526 
-186.340079 
9.665597 
11.823825 
-99.494473 
25.966067 
192.359081 
70.624695 
110.891636 
318.002312 
29.311966 
-175.908517 
-86.012830 
-158.674910 
-115.014604 
125.502297 
21.911222 
-23.177880 
22.227758 
271.853948 
-33.287208 
545.502651 
347.971231 
-150.296028 
-129.247843 
148.024576 
106.954837 
-84.497455 
-142.825748 
300.505666 
282.076524 
83.637984 
63.054130 
343.078702 
59.222781 
399.582542 
-161.513161 
-371.466451 
-496.385874 
-450.143287 
-177.665650 
-259.420799 
-754.392934 
-166.269220 
291.604161 
284.106106 
-22.151089 
-201.984877 
-359.508835 
100.075812 
-842.857832 
-635.303247 
-362.627148 
-409.231052 
-462.369151 
-362.939686 
85.822526 
-181.585690 
-250.411837 
11.180175 
326.436307 
405.502643 
-281.892755 
256.353454 
-513.939441 
353.002668 
-31.728490 
-626.323117 
243.707650 
-233.583509 
-28.542663 
-85.896053 
-211.107079 
-360.913583 
219.389046 
114.071353 
-175.272058 
4.441824 
-160.462695 
318.002396 
361.749713 
229.962106 
379.066023 
-102.404693 
-154.336121 
205.606044 
-163.935913 
-676.395175 
-14.737890 
-437.956029 
-95.966743 
-230.728817 
-55.716567 
-251.236484 
-141.499359 
203.826724 
653.052406 
226.067938 
8.859881 
388.001598 
25.794841 
-32.001204 
-4.819885 
-118.161523 
-155.919105 
-291.580338 
173.190258 
283.000278 
114.795549 
-379.389615 
75.771451 
174.145718 
268.525282 
59.962855 
-532.411009 
29.046753 
34.834957 
-6.758733 
72.124514 
493.000559 
40.476486 
-570.999992 
-175.853145 
228.177601 
-294.690836 
-5.042423 
35.655115 
28.723306 
-450.902016 
-409.325456 
-110.710004 
25.808348 
354.896714 
-259.558331 
-598.488091 
-383.995749 
-69.549612 
-0.999028 
-54.878621 
40.179587 
-122.133503 
-553.063572 
140.512779 
223.775128 
-248.255413 
265.500802 
598.000349 
-587.048055 
-60.228341 
8.756925 
-460.223719 
254.606908 
184.166512 
-642.450513 
-86.825826 
-476.592413 
-328.725130 
-332.159171 
47.915093 
51.975264 
153.494641 
-449.336174 
353.000670 
55.500265 
3.000330 
-14.500595 
3.241001 
-274.316026 
26.400018 
-227.303593 
-167.951974 
-388.250766 
-355.703143 
-46.201863 
348.691556 
-594.026511 
-348.097133 
-52.416205 
-11.209237 
-662.798525 
-211.146443 
89.804661 
20.458992 
-255.013950 
-536.620051 
527.999549 
-87.882749 
-2.104918 
-126.115476 
667.999037 
-158.986294 
-577.336724 
282.999615 
-135.938386 
-94.956629 
90.499350 
93.999076 
-41.435527 
-335.726802 
212.998706 
-179.346488 
317.075022 
103.759465 
31.374111 
-173.314739 
-319.401632 
114.047923 
-133.910982 
-413.124569 
97.758924 
-71.171552 
-1.405666 
15.475836 
-601.237031 
-226.915897 
32.493341 
62.716251 
-288.441875 
-378.086053 
-259.726849 
-258.338479 
74.425550 
-158.352789 
-228.969954 
113.465221 
-651.697575 
-153.257661 
-280.322114 
54.074795 
389.230099 
77.131406 
-7.418547 
55.499003 
9.482822 
-12.620282 
128.710523 
307.451215 
0.584427 
172.526333 
-280.173294 
-66.538535 
-49.501388 
90.499236 
130.355309 
-225.709047 
-210.748454 
-372.666317 
247.999114 
-111.805192 
-46.096204 
178.040859 
-174.495755 
-53.507608 
-154.501570 
-24.459176 
-107.837900 
-140.199250 
32.552997 
-107.744424 
-163.736427 
-75.569611 
-230.847182 
34.778243 
-106.963143 
177.999226 
-114.033410 
-756.064336 
321.176569 
-68.657433 
-415.765106 
-21.471573 
-469.987113 
101.929184 
-119.500865 
-251.411913 
-399.437099 
-94.618664 
-354.974556 
-74.602979 
-118.779442 
-112.729809 
-65.530344 
-67.001453 
38.081113 
-178.205659 
-189.500595 
37.999426 
-148.575477 
-94.281234 
-511.734382 
72.998686 
-14.500605 
274.305825 
-260.667219 
2.920002 
-69.208020 
-47.973597 
61.248315 
107.998271 
-142.468602 
-66.999228 
-189.600225 
76.087581 
-212.782778 
80.666473 
125.996383 
-343.976844 
-163.303617 
300.499381 
242.590640 
-112.120438 
-345.341075 
169.728209 
-197.974981 
99.957153 
-139.079340 
-67.085051 
181.894828 
-351.295110 
148.450237 
-102.000179 
-30.000950 
150.578937 
-118.743344 
125.456579 
-348.286382 
176.859810 
47.719415 
-40.563008 
-197.561913 
-294.366256 
197.382934 
136.576730 
-32.000351 
-385.450453 
59.756245 
164.870933 
-694.949701 
-143.162682 
-242.050908 
-247.506227 
-191.093137 
77.000500 
-72.957034 
-31.999883 
-116.854916 
-64.741586 
-67.001341 
-333.276682 
-190.122300 
-101.999998 
-119.500346 
-283.327808 
-437.044325 
-101.111169 
-58.266746 
-52.813768 
-317.506343 
-84.500190 
-249.307239 
178.000414 
-126.160867 
-181.921224 
13.050850 
-430.235086 
-325.992257 
-317.181999 
-264.882851 
-65.487386 
44.903533 
-100.843179 
-284.701286 
-5.245137 
-27.253534 
-22.616723 
-31.999103 
73.102070 
-249.273158 
-211.622034 
31.376005 
-23.765634 
29.655526 
-66.999476 
-84.499566 
-254.980468 
-66.999077 
-229.651078 
-253.710562 
166.212179 
-271.728065 
-232.883574 
-312.834450 
-241.999672 
-1.167445 
254.592522 
-233.326586 
-581.258630 
-241.999727 
-89.051060 
-459.113906 
-461.420769 
-125.658346 
19.729562 
-191.047001 
-229.957877 
-401.946239 
-134.402156 
-19.916688 
-332.392845 
-241.998996 
111.221703 
-343.927389 
-241.998792 
-114.655754 
-241.999092 
-485.717773 
-375.424768 
-224.500001 
-240.995377 
-246.383564 
-244.626147 
-248.659319 
-244.023078 
-242.000000 
-237.572373 
-242.000000 
-259.094159 
-240.355785 
-251.612473 
-247.172675 
-224.135520 
-231.698157 
-232.299668 
-245.940854 
-248.044371 
-241.999999 
-246.871759 
-234.243473 
-242.000000 
-230.216152 
-251.538125 
-268.114928 
-236.899257 
-236.593754 
-246.864709 
-229.706712 
-226.249484 
-237.923791 
-237.638665 
-242.906761 
-241.680531 
-239.300423 
-246.282638 
-226.788956 
-243.625142 
-241.999999 
-251.104713 
-242.297250 
-235.103813 
-239.069275 
-244.530852 
-220.383137 
-227.589331 
-233.464331 
-256.903786 
-242.000000 
-226.661450 
-251.226541 
-241.133822 
-226.341106 
-258.406249 
-234.526877 
-255.006259 
-224.500000 
-248.711255 
-241.378577 
-247.042956 
-231.771743 
-243.652657 
-240.685933 
-247.892260 
-237.354788 
-250.985189 
-254.391434 
-242.411638 
-238.489960 
-246.166316 
-225.708176 
-230.042304 
-224.153667 
-232.228401 
-246.496723 
-228.880396 
-260.666667 
-240.467262 
-246.088751 
-236.613681 
-244.153470 
-251.671820 
-240.355785 
-244.411830 
-242.517081 
-236.264288 
-226.724631 
-241.999999 
-252.985675 
-246.715567 
-236.843335 
-223.333334 
-240.412151 
-248.042327 
-237.394457 
-241.999999 
-236.333401 
-245.300935 
-240.653288 
-246.774729 
-238.094079 
-229.399935 
-236.024958 
-241.585163 
-242.000001 
-235.592064 
-243.315741 
-232.495648 
-243.327727 
-244.250868 
-242.000000 
-246.658060 
-239.908459 
-237.579155 
-236.507950 
-230.383030 
-241.999999 
-240.806781 
-240.115082 
-243.094371 
-242.301487 
-248.578955 
-241.999999 
-232.971249 
-242.000001 
-243.541452 
-235.710341 
-246.150901 
-224.143826 
-237.113439 
-239.030810 
-234.943337 
-224.266362 
-242.089383 
-241.717356 
-241.070926 
-246.146445 
-229.798509 
-234.008178 
-240.734870 
-239.982357 
-224.500000 
-249.571239 
-236.318688 
-230.246266 
-251.052799 
-261.441094 
-242.718448 
-244.563300 
-249.410999 
-251.657977 
-244.234167 
-241.338435 
-237.432726 
-239.366830 
-243.990022 
-224.500000 
-236.799630 
-227.661442 
-234.600302 
-242.000001 
-233.306887 
-241.786652 
-235.910709 
-239.537987 
-239.889812 
-249.504751 
-234.102510 
-233.293053 
-236.099348 
-248.516554 
-232.236376 
-241.779645 
-245.758525 
-242.000000 
-233.250001 
-246.574838 
-246.658060 
-252.622149 
-244.356081 
-243.149259 
-233.475115 
-235.256416 
-239.549375 
-236.700343 
-248.360531 
-241.771401 
-235.825300 
-242.932195 
-244.252100 
-234.957669 
-241.247950 
-244.352102 
-231.506053 
-241.999999 
-237.942399 
-242.000000 
-246.460128 
-231.059089 
-243.584079 
-241.840399 
-242.680386 
-224.500000 
-239.600824 
-229.358820 
-236.861940 
-249.132637 
-251.793705 
-236.834664 
-248.134373 
-239.471604 
-235.390910 
-240.988521 
-233.275352 
-242.000000 
-235.940611 
-242.000000 
-237.335673 
-230.180677 
-249.271744 
-235.120160 
-240.209768 
-244.592549 
-244.374843 
-235.585897 
-238.367654 
-241.241659 
-244.296473 
-246.451424 
-239.835858 
-244.249228 
-244.824663 
-237.150617 
-236.214752 
-243.643248 
-250.420879 
-245.746091 
-239.773585 
-243.818616 
-242.350562 
-242.000000 
-224.500000 
-238.812865 
-241.407393 
-243.522700 
-236.006027 
-241.859380 
-234.988893 
-252.678810 
-237.272229 
-245.018599 
-240.303358 
-241.631549 
-240.572469 
-246.379908 
-246.763945 
-240.289300 
-242.000000 
-242.000000 
-242.000000 
-242.000000 
-227.991392 
-236.117271 
-244.428515 
-234.588175 
-243.286128 
-253.486208 
-240.185254 
-238.523162 
-233.439191 
-221.906724 
-240.218790 
-244.200978 
-234.153683 
-242.781063 
-235.701191 
-232.345791 
-242.698641 
-240.874390 
-244.652241 
-242.000000 
-245.455624 
-233.632403 
-250.158875 
-242.000000 
-238.760353 
-239.069275 
-242.000000 
-234.341987 
-248.532171 
-242.000000 
-242.000000 
-242.664131 
-237.519546 
-224.500000 
-239.369683 
-243.541452 
-241.362138 
-239.723267 
-235.890730 
-245.765940 
-232.945646 
-242.239934 
-247.068356 
-247.161615 
-239.351879 
-245.666968 
-244.684501 
-238.681823 
-237.633070 
-247.768074 
-236.069897 
-243.544236 
-248.614634 
-249.012409 
-234.939358 
-227.247553 
-224.565271 
-245.451544 
-238.094079 
-242.480076 
-239.616558 
-234.463516 
-237.172010 
-241.680531 
-245.562469 
-244.900441 
-242.000000 
-250.694012 
-236.567314 
-235.547358 
-247.689076 
-237.633069 
-250.464454 
-242.184726 
-245.073588 
-242.000000 
-242.000000 
-243.960821 
-239.331698 
-242.805727 
-241.999999 
-224.500000 
-236.743481 
-239.525801 
-243.304959 
-244.765809 
-239.241923 
-242.000000 
-241.663577 
-233.406468 
-237.483037 
-241.171857 
-234.861283 
-228.482130 
-242.662720 
-234.964296 
-243.891540 
-237.711088 
-242.000000 
-242.000000 
-242.000000 
-242.249737 
-240.585856 
-246.949297 
-237.195340 
-232.152590 
-242.710945 
-241.999999 
-240.363450 
-237.699223 
-232.937269 
-246.433106 
-237.585726 
-227.030853 
-232.556436 
-241.378700 
-242.000000 
-235.864578 
-239.346553 
-242.000000 
-242.000000 
-236.480547 
-241.567346 
-242.710945 
-242.000000 
-242.000000 
-235.784797 
-241.999999 
-245.991151 
-242.688830 
-238.159972 
-241.620081 
-241.999999 
-224.500000 
-242.000000 
-242.631107 
-239.849958 
-243.650819 
-239.905468 
-233.350118 
-232.538488 
-239.569485 
-242.000000 
-243.550662 
-244.355606 
-243.327727 
-245.998931 
-234.087450 
-236.429282 
-240.177068 
-247.174487 
-258.406250 
-243.097718 
-239.738909 
-242.000000 
-250.509110 
-237.906002 
-234.721527 
-239.736680 
-231.115622 
-250.178515 
-246.342808 
-247.261417 
-241.536793 
-240.361600 
-237.770941 
-251.361609 
-242.000000 
-241.957505 
-239.180212 
-249.607613 
-224.500000 
-246.059392 
-252.032455 
-246.074277 
-238.534101 
-239.512971 
-245.867974 
-242.000000 
-243.756512 
-240.480708 
-242.000000 
-236.496589 
-248.306800 
-242.000000 
-242.000000 
-238.251003 
-245.002821 
-242.705047 
-237.953086 
-233.269470 
-245.325955 
-242.000000 
-244.487606 
-242.000001 
-242.434257 
-239.280836 
-243.976975 
-239.255336 
-238.790552 
-243.488608 
-252.251397 
-242.405613 
-243.118643 
-240.970889 
-234.636345 
-232.108657 
-244.448010 
-240.755256 
-242.000000 
-246.354885 
-237.668533 
-236.688319 
-239.723268 
-237.439336 
-245.642682 
-242.000000 
-242.000000 
-244.099448 
-242.000000 
-237.735757 
-235.932687 
-244.575832 
-245.807923 
-239.765779 
-239.981122 
-241.999999 
-231.465689 
-249.303939 
-233.772872 
-243.528768 
-242.000000 
-242.439010 
-241.504433 
-245.964743 
-240.164877 
-248.107391 
-245.997728 
-241.948002 
-232.609264 
-232.344622 
-241.464176 
-248.038051 
-242.000000 
-242.299502 
-231.736787 
-242.000000 
-250.365197 
-242.000000 
-246.579092 
-246.527381 
