-159.500049 
-154.732509 
-160.561032 
-182.768668 
-168.564200 
-136.254408 
-97.666694 
-128.328742 
-124.500037 
-116.325508 
-103.771544 
-102.955909 
-85.314530 
-58.833502 
-12.588669 
-3.123140 
30.758561 
44.315439 
50.499971 
46.636944 
50.246546 
50.499977 
36.915050 
54.284913 
24.548889 
18.032894 
-33.581223 
7.770518 
9.821304 
32.729580 
4.422202 
16.583317 
8.429209 
-2.100633 
-35.374616 
-24.537293 
-49.207272 
-46.631914 
-54.500001 
-42.960420 
-16.052187 
-22.999614 
-8.620081 
-42.898830 
-67.720189 
-62.683826 
-70.787115 
-62.022051 
-89.499994 
-79.588266 
-90.770917 
-94.487901 
-100.856606 
-101.531207 
-98.453628 
-100.474178 
-89.499981 
-88.131119 
-67.863484 
-82.059366 
-70.668637 
-67.562518 
-36.100351 
-26.960955 
6.227405 
-20.693336 
1.862906 
0.465445 
2.611129 
-17.011991 
-9.744793 
-4.225439 
-22.326829 
-47.227378 
-33.548571 
-24.590522 
-46.843642 
-25.685429 
-21.609349 
-17.569430 
-6.686006 
22.686766 
61.739782 
4.321851 
34.935839 
42.715972 
61.169517 
50.500028 
61.293009 
71.225078 
46.870313 
33.000027 
55.892854 
44.702048 
50.610177 
15.500025 
22.391794 
8.110359 
28.781219 
0.608167 
9.886259 
26.272243 
54.730089 
58.420446 
85.500027 
68.085309 
75.001810 
23.310372 
26.984161 
8.078759 
15.499968 
17.731087 
31.113171 
32.163995 
8.481334 
-7.808973 
15.499921 
3.011111 
5.644072 
-1.176452 
39.292442 
15.878454 
50.499923 
64.585569 
120.500025 
108.723155 
120.398848 
114.245598 
122.280800 
75.787685 
36.844483 
4.339280 
-1.630800 
2.739157 
-7.899357 
-7.668383 
-20.467354 
9.666200 
-8.605914 
40.566933 
39.500251 
40.656119 
24.904154 
20.949053 
20.986854 
-8.955066 
8.885857 
-11.643751 
-3.586615 
-29.469948 
40.739269 
35.105324 
36.665167 
20.215325 
24.146877 
32.840838 
15.499968 
51.991110 
37.061997 
11.237920 
15.499955 
32.024132 
12.359081 
50.043478 
25.283098 
56.363641 
45.546742 
39.619378 
59.336670 
46.885870 
99.506325 
104.173638 
128.508224 
102.396450 
120.500033 
120.500050 
125.438873 
111.064583 
115.160356 
115.004953 
78.287739 
90.931839 
66.108603 
74.555515 
51.357047 
63.307481 
31.884149 
40.634784 
31.643828 
68.675336 
48.576277 
49.093980 
39.865003 
51.237918 
85.500110 
99.191954 
155.500084 
108.665428 
82.225591 
36.588860 
19.535639 
13.399073 
15.500083 
-0.526249 
-4.183570 
-0.257566 
-6.442315 
-15.708672 
-20.601247 
-19.722455 
-34.837155 
-16.241484 
-4.706984 
14.757948 
15.500066 
26.996522 
42.333417 
40.480540 
38.628333 
34.331367 
22.965951 
14.745794 
24.793297 
26.344057 
15.846552 
-5.753128 
-34.416998 
-11.096074 
-17.047198 
9.887241 
29.430919 
66.832640 
73.919808 
96.231894 
58.587459 
79.767473 
47.116119 
38.073224 
8.353529 
53.190718 
50.499918 
85.499932 
38.043817 
50.135128 
25.278830 
80.820388 
42.737493 
104.909504 
11.734617 
35.868083 
0.457026 
-22.009623 
-42.816150 
-29.761592 
-52.798620 
-66.246243 
-80.224592 
-89.500108 
-89.500106 
-124.500103 
-124.500110 
-112.935665 
-98.868782 
-94.125902 
-63.442972 
-50.106488 
-35.485327 
20.376964 
8.198864 
32.309748 
18.124022 
53.772475 
55.323896 
45.044907 
42.431864 
82.848163 
54.310878 
50.957901 
34.572738 
26.926971 
50.499941 
44.126029 
21.024652 
-13.905688 
-19.500041 
-29.930745 
-30.713823 
-19.500032 
20.950788 
-21.469718 
-19.500013 
-22.999973 
-15.957279 
-30.768467 
-33.718717 
-7.238616 
-13.776708 
-36.124045 
-57.819518 
-29.349646 
-82.116990 
-106.088945 
-86.243503 
-73.746727 
-99.528793 
-103.718053 
-44.031958 
-28.172099 
-19.559466 
-22.685415 
6.100724 
22.014840 
11.504767 
12.096299 
36.795692 
60.467961 
37.018936 
40.615081 
24.495744 
9.886407 
-17.140137 
23.631692 
2.236981 
48.544489 
35.232821 
14.468778 
31.565940 
50.500131 
54.049641 
53.860694 
29.329752 
37.968025 
-5.185293 
20.888600 
25.363775 
1.449672 
-1.999840 
15.500122 
34.768988 
16.949493 
-17.032961 
14.333690 
50.500126 
45.868415 
62.559882 
51.727022 
57.425265 
67.888476 
85.500102 
106.185514 
71.406977 
57.167159 
47.078182 
57.819821 
54.819597 
79.730022 
21.237461 
44.406030 
16.338631 
15.500000 
14.406306 
-7.468721 
-28.820577 
-27.619907 
-33.251667 
-26.392684 
-20.772427 
26.203392 
50.500010 
39.355219 
33.481657 
-56.339043 
-54.531433 
-97.903560 
-101.742684 
-128.172589 
-133.309415 
-159.500113 
-162.388426 
-164.277091 
-194.500126 
-194.499935 
-172.852412 
-116.056126 
-91.629937 
-19.500006 
-19.500094 
29.244523 
14.333254 
18.867236 
11.388275 
40.111381 
17.399559 
32.999710 
34.093640 
50.499854 
19.810481 
-10.297862 
-35.548186 
-38.973812 
-25.964771 
3.961416 
5.693752 
67.999683 
54.969930 
70.819334 
82.983978 
118.816186 
125.004367 
114.313058 
103.042000 
68.486661 
60.822300 
57.493984 
59.885794 
85.500010 
78.003991 
94.544847 
122.764716 
125.050170 
126.656380 
109.825058 
97.323756 
84.316849 
61.885339 
54.022919 
76.847123 
70.093297 
68.000107 
75.638702 
88.490695 
72.122121 
107.853605 
91.247647 
101.430495 
74.493955 
126.582041 
104.519371 
108.335612 
50.500126 
74.418116 
68.531454 
50.500162 
71.633827 
71.382736 
68.000175 
68.000142 
37.381382 
32.999696 
52.912171 
2.998705 
69.391400 
7.824653 
33.000141 
25.447299 
33.000141 
23.420198 
16.844707 
15.726409 
36.684183 
34.080584 
11.538085 
-14.014826 
-19.759828 
-8.885342 
-14.367357 
-48.249689 
-30.227146 
-53.095058 
-66.360031 
-106.999945 
-81.900610 
-107.117697 
-98.259956 
-127.819544 
-83.347373 
-105.479514 
-106.999978 
-124.499994 
-98.596687 
-89.499998 
-93.765368 
-54.075142 
-55.107380 
-30.767122 
-63.659390 
-69.794405 
-54.500062 
-36.765941 
-71.781738 
-69.540893 
-81.206340 
-77.468842 
-60.802932 
-40.474645 
-25.606701 
-62.461371 
-49.919474 
-60.409217 
-43.840756 
-59.171957 
-43.273314 
-36.126151 
-17.844042 
-37.000144 
-39.093295 
-40.983388 
-37.000140 
-20.483636 
-37.000150 
-35.997411 
-8.404043 
-54.494213 
-369.641789 
132.793578 
189.532379 
181.003105 
-80.733744 
-78.992968 
201.833601 
15.507071 
-373.888880 
366.895588 
-370.797911 
272.343416 
-135.367345 
230.256604 
139.046353 
-46.398099 
33.480835 
-19.496448 
130.175812 
-23.167786 
-19.495572 
-8.287477 
91.154339 
15.825724 
-0.236236 
-560.460405 
-20.986568 
-107.496272 
179.608080 
170.886178 
-7.565201 
93.758901 
88.253422 
-145.486870 
363.888711 
-272.320792 
177.634256 
-54.499442 
141.827894 
-189.830715 
-94.810872 
-289.132786 
95.333328 
487.014046 
-73.130044 
-174.026644 
161.926106 
-19.499708 
-15.918694 
357.977068 
13.891365 
90.990129 
10.030300 
108.560232 
-114.942849 
15.500065 
88.283548 
-136.426032 
-188.006412 
-36.839623 
-9.551714 
-24.535156 
201.030665 
270.756147 
45.156459 
596.788786 
-254.961685 
-85.932158 
333.082010 
274.027347 
104.302437 
129.707669 
335.347563 
-70.050513 
166.637132 
1015.116372 
59.479677 
-33.968434 
-167.621849 
443.802782 
245.095391 
106.798991 
-52.598773 
464.636730 
247.794321 
298.858087 
942.999547 
-80.188949 
595.015632 
56.660645 
611.666677 
121.470612 
-290.706224 
434.549357 
593.000048 
-37.446812 
88.422391 
301.425681 
515.018692 
-178.328768 
-88.774944 
129.716818 
103.711205 
540.496053 
322.496695 
-305.239866 
430.482961 
206.466804 
193.205081 
295.500033 
542.567873 
10.154847 
-248.888171 
-312.359524 
326.944408 
295.501924 
325.404463 
-431.425991 
-367.907700 
437.827292 
127.226546 
242.992659 
-553.024817 
505.497882 
-385.021790 
193.654427 
-195.275742 
339.215452 
90.017023 
-117.197542 
-253.846174 
-269.734762 
88.365136 
160.971743 
-395.724491 
-72.195159 
-333.680941 
-58.348389 
-358.545400 
47.586995 
-55.594474 
238.985060 
40.663290 
263.939137 
-761.858086 
-785.004926 
-336.249969 
-200.387955 
64.945819 
-221.924623 
70.046190 
391.856011 
-128.100597 
124.070678 
-222.078640 
260.499486 
-162.283470 
-35.481371 
-692.537258 
330.497743 
-91.563901 
-55.516812 
187.438279 
-218.741772 
285.302902 
168.163277 
-814.248774 
171.580877 
-317.103907 
-139.203799 
623.683830 
-254.128196 
345.187800 
15.498149 
172.995943 
573.537422 
-856.182735 
-257.112285 
-34.709997 
137.898098 
94.601239 
-48.686609 
-99.690425 
190.869610 
-207.532292 
-607.402280 
68.134345 
-100.309883 
-121.093495 
110.660947 
155.847804 
-160.231614 
-72.839052 
15.500649 
394.700699 
750.498740 
-742.221890 
-61.387421 
-70.219143 
96.718599 
-63.980310 
295.500444 
358.394133 
-586.146819 
-247.766985 
26.892730 
-174.819061 
138.275999 
-267.943828 
-85.370542 
-557.577172 
-102.274934 
-87.869249 
435.499475 
178.604925 
99.499803 
-323.329562 
438.998047 
103.158744 
109.690197 
-171.393779 
310.343291 
-47.040908 
-32.007922 
-145.123972 
88.219219 
91.712319 
-381.288554 
274.841248 
42.944803 
272.060047 
-226.374915 
0.228766 
215.647607 
-144.874256 
14.207223 
629.542099 
-59.974832 
186.494426 
120.503634 
365.501628 
38.352467 
-494.198387 
354.594325 
43.424187 
-326.447540 
650.738092 
-653.459468 
432.697461 
-99.838920 
144.549356 
151.286987 
449.011573 
-404.639927 
269.547759 
-398.766686 
-54.496322 
523.003682 
-54.496347 
418.002287 
785.240202 
-488.332675 
192.345569 
-101.080360 
262.863179 
-223.916846 
28.944229 
128.497916 
427.453994 
-630.306988 
126.950165 
152.484681 
-359.169355 
-301.377584 
-149.314713 
-73.678618 
171.284994 
-305.391508 
147.312169 
15.502327 
-178.988292 
-183.947107 
31.021333 
-89.498685 
109.241422 
-289.197032 
418.002618 
73.969001 
-188.890754 
155.501933 
481.003093 
-414.432907 
-37.286378 
-687.779407 
-374.138444 
-280.020519 
-121.080689 
-116.382640 
491.938606 
-249.875162 
28.162283 
324.166125 
532.207343 
-217.671670 
71.383784 
435.327766 
-413.170029 
168.445767 
342.777579 
226.633806 
220.115547 
-108.835478 
-264.396067 
-199.739305 
-111.817879 
334.998428 
-7.560104 
126.989999 
-248.325505 
-556.525865 
274.070592 
110.106190 
80.739288 
293.586102 
-128.532913 
-47.971612 
540.501090 
35.513245 
345.064308 
36.709989 
248.288140 
-444.723139 
267.397400 
-350.601027 
-105.435310 
50.501375 
453.002041 
281.914710 
-340.464728 
70.990760 
-340.331269 
-19.499138 
22.416716 
-8.579053 
-117.521768 
-462.634480 
19.325154 
523.001729 
194.659942 
-263.738583 
-94.688662 
-235.435977 
-234.808125 
38.275276 
-183.971668 
-23.717426 
-85.674034 
-263.752523 
593.001959 
-195.594324 
27.530452 
-185.309040 
-202.541195 
-367.801773 
137.615998 
-318.485933 
278.737275 
488.001455 
406.005166 
-191.650781 
29.532998 
-99.813415 
-147.709803 
-337.428402 
-378.280962 
-43.589921 
278.001464 
151.850680 
-53.157090 
15.496346 
260.497519 
30.413373 
-221.743746 
-262.597641 
50.501983 
592.995790 
211.196278 
-265.665054 
-102.844929 
105.825169 
99.246870 
134.458926 
85.498929 
29.716416 
312.999507 
140.459186 
137.792380 
417.702563 
348.270689 
-271.661435 
59.741269 
122.985460 
400.493417 
74.330726 
65.960245 
-92.198203 
-175.091415 
173.791148 
-534.820207 
266.850732 
52.919626 
448.555031 
-259.531241 
253.249300 
190.501157 
-207.370503 
943.569263 
51.758770 
354.992929 
-751.367988 
57.313216 
-49.130924 
-108.236908 
-72.451568 
-251.740613 
-207.179259 
379.700182 
50.501432 
-415.368935 
-91.363636 
-33.854343 
-205.231122 
181.057965 
-161.176138 
289.454306 
280.498150 
389.200609 
-24.217028 
50.502787 
-4.805468 
-301.588422 
68.001249 
-193.119162 
-489.688178 
33.000574 
33.002461 
-308.601374 
-339.182318 
145.328407 
-223.983245 
193.802694 
-379.011826 
50.502523 
-166.224429 
50.502337 
44.363227 
-171.087521 
89.281840 
215.516175 
-978.405536 
282.557715 
-372.406061 
26.824799 
-66.135410 
-434.177055 
-145.616980 
167.592193 
-523.937861 
-164.627854 
67.999115 
142.605149 
155.194642 
-637.072095 
-186.387566 
48.613501 
309.843570 
68.000124 
85.499455 
-163.286495 
348.000337 
-143.275356 
-168.180808 
-43.720425 
-189.452244 
73.833309 
85.372019 
33.000468 
-9.865282 
-184.182444 
-371.712028 
-245.847343 
-194.502391 
-31.870614 
178.137089 
-91.831286 
66.527674 
-222.383127 
-126.919742 
-127.472468 
-437.157174 
-183.608469 
0.482123 
188.500674 
-1.999511 
-88.797867 
-25.941410 
-1.999245 
-72.680476 
-247.000068 
-436.620277 
-19.236753 
190.503073 
-128.602195 
211.182670 
504.319578 
646.945332 
-651.851171 
-340.333392 
324.043581 
260.503123 
-569.963795 
489.276212 
-138.645607 
317.796180 
110.172331 
448.077090 
718.897874 
111.809658 
316.203107 
453.001711 
266.128212 
-292.901968 
942.999206 
214.095855 
495.638514 
15.453802 
161.081033 
-830.988631 
-38.633351 
379.494337 
-73.071316 
111.369659 
15.786290 
472.698022 
582.774270 
6.596137 
674.758357 
545.278343 
237.131276 
295.499360 
769.035330 
42.910952 
-440.620145 
-107.932602 
232.749943 
918.593032 
322.335602 
-412.039994 
129.327266 
645.496878 
-65.877500 
992.866547 
480.325119 
605.983086 
322.844007 
440.363989 
167.850610 
1782.998963 
-83.969639 
228.982263 
-5.445509 
93.533950 
69.834044 
-407.648208 
255.646642 
402.948663 
-136.588493 
482.452479 
-216.362222 
327.993210 
340.899351 
564.350519 
158.175682 
-110.851706 
27.385085 
298.947961 
394.813104 
1590.725445 
-357.643152 
189.138485 
-113.583346 
310.262842 
616.432756 
130.877780 
-344.072393 
91.162756 
359.768883 
-218.097886 
943.002157 
-299.782314 
553.369219 
339.250419 
611.667621 
498.120908 
-56.015774 
64.566710 
733.001142 
-215.000149 
296.083560 
173.568509 
346.977450 
-395.650323 
-273.870311 
495.664313 
-491.843376 
435.499213 
346.696871 
-913.827639 
748.753474 
14.631272 
415.527522 
173.002185 
510.743600 
-202.060361 
-34.842254 
-462.096744 
329.135253 
330.498851 
323.771851 
-764.171049 
-491.216584 
407.043801 
117.935671 
138.002756 
-668.750220 
470.492075 
-394.757300 
-49.352935 
267.648124 
357.833357 
-197.251862 
416.341654 
-539.907516 
-253.686680 
40.907617 
67.322104 
-140.197256 
-331.661946 
-532.154103 
-464.267633 
-298.533179 
119.990400 
-110.280921 
13.963347 
-823.967031 
134.176067 
-1020.377563 
-596.788634 
-455.636056 
-140.659507 
-209.147284 
-181.134888 
-10.249571 
625.788751 
-168.060938 
217.566225 
-295.743282 
295.494331 
-341.198305 
-99.690290 
-518.686233 
330.498761 
-225.301831 
-390.120135 
299.279356 
-6.359066 
6.884357 
273.608981 
-930.414446 
379.835758 
-304.523948 
-169.614859 
533.804192 
-139.877141 
-145.471574 
50.497266 
225.496574 
777.871213 
-534.609647 
2.564797 
-441.472946 
-195.959649 
1087.379019 
-391.589082 
51.210157 
-227.940615 
129.576793 
-597.991457 
183.134479 
119.582405 
-43.528276 
305.917836 
258.153247 
-46.860976 
158.592649 
715.501574 
419.892234 
1047.999469 
-761.159030 
-141.834396 
174.834163 
97.444505 
66.908736 
435.501155 
-132.682247 
-853.370434 
148.435057 
-995.679089 
-61.463600 
331.214937 
-321.050497 
-410.185766 
-524.628590 
-232.490166 
80.348967 
592.997746 
-167.396985 
101.832704 
-296.625059 
273.369949 
286.036577 
359.984175 
-217.468274 
80.622991 
-381.431453 
-44.570485 
-343.611548 
-397.563489 
-108.062305 
-539.931067 
102.100502 
398.324113 
-26.019050 
-233.995966 
6.958634 
162.861879 
50.812233 
-134.323008 
252.361613 
-174.920715 
18.013594 
295.498990 
1047.999633 
-647.552336 
-108.816097 
-461.489245 
-173.268846 
-138.117343 
185.828484 
-1214.081688 
331.539767 
3.158328 
154.003284 
17.788890 
531.580697 
-446.316851 
235.373772 
-203.276060 
417.997561 
-37.000083 
452.997760 
85.496802 
585.408600 
-118.009025 
678.053822 
-3.465563 
630.961748 
-457.645124 
-377.602234 
12.887961 
626.853171 
-645.581031 
-73.180063 
98.341278 
-143.805300 
-693.694427 
166.754182 
-395.326786 
329.707968 
-358.004466 
127.833648 
242.999001 
59.944400 
-255.658159 
-351.496579 
417.996487 
-307.261339 
-145.337883 
50.498696 
292.005909 
-237.150246 
872.997239 
-172.334504 
-87.838213 
-248.540915 
-659.347660 
-262.066663 
-97.257212 
36.212734 
-536.740407 
520.450160 
-241.403371 
-10.085258 
340.395448 
599.154830 
-394.973278 
280.830918 
356.817759 
-236.898822 
150.225038 
302.622394 
-102.631834 
111.332073 
68.556228 
-430.254950 
-311.337088 
-108.086065 
235.126131 
-413.721847 
-318.898674 
-378.152207 
-587.158970 
521.098788 
-188.284391 
8.847911 
134.778653 
-353.943798 
412.137648 
1083.001902 
-1136.791925 
287.873074 
73.228327 
65.235993 
-589.881744 
410.891722 
-634.297343 
-301.917955 
558.002299 
190.503929 
288.374970 
-195.630210 
192.087470 
-489.667930 
418.003385 
-286.600084 
-91.347879 
31.285817 
-692.241542 
-259.792491 
208.004148 
225.285113 
107.028787 
-217.517661 
-347.255429 
96.755521 
383.990347 
-178.053975 
-17.571244 
-13.556390 
-402.808759 
-54.497580 
-308.252672 
-493.089465 
116.918889 
-515.912641 
-283.458942 
248.703023 
-499.334158 
489.154360 
50.501082 
-247.497049 
-485.011169 
75.641916 
106.460117 
4.431354 
-852.023701 
108.865343 
423.365534 
120.497829 
12.797547 
116.274261 
435.495953 
418.001001 
101.391502 
-23.378318 
-367.191121 
697.999219 
277.995278 
66.897335 
-209.670170 
-398.504206 
487.610676 
523.609911 
81.981974 
242.992799 
-570.753393 
50.497122 
59.870631 
283.908737 
349.661616 
423.542206 
-306.883465 
-21.817576 
530.851105 
207.997680 
506.494992 
-577.371145 
89.286287 
-640.563344 
82.511164 
-461.714646 
-178.098596 
-206.118182 
604.821817 
-124.533784 
456.507240 
417.997398 
-248.886375 
518.744952 
32.668103 
258.654988 
-571.236884 
-129.939240 
11.307859 
-228.934332 
-26.666680 
-81.131629 
-205.281071 
-65.413433 
-54.500150 
-732.628879 
248.325770 
-410.675373 
-744.864147 
520.117477 
-291.019900 
62.875550 
109.041380 
123.363922 
-210.834070 
-54.498802 
-153.970242 
-540.654220 
-54.499471 
-327.442361 
-904.938688 
-19.499818 
-19.499667 
-265.773356 
-375.793883 
-388.077479 
-76.959775 
105.591442 
-484.948356 
-1.997514 
-220.067146 
-19.499237 
-138.565816 
-322.437905 
-161.933591 
221.288687 
-616.003924 
139.451909 
-503.053068 
-89.151453 
-99.595894 
-124.811463 
-306.020875 
-87.172131 
-366.219276 
15.224544 
-37.000487 
53.676224 
253.870751 
-601.513340 
-274.239130 
30.157301 
462.783505 
-19.500036 
313.000195 
-244.422394 
-1.999723 
386.808628 
-170.777049 
78.117619 
-275.548716 
-286.266218 
140.569791 
-19.500008 
19.491306 
-199.088770 
-290.686256 
-484.388713 
-215.282290 
-327.024845 
-103.199436 
-76.111860 
-376.179638 
-397.134116 
87.640035 
-180.448275 
-372.285907 
23.614223 
-271.768923 
-141.014297 
-37.000498 
-289.913714 
52.940392 
-246.998128 
-114.720555 
-246.998125 
-494.098518 
-63.456178 
522.985553 
116.020833 
-548.214355 
516.976445 
-217.349318 
-652.985752 
312.987197 
-43.750852 
505.488494 
-470.827025 
426.037845 
-31.069468 
506.033364 
242.980221 
586.661141 
329.968802 
-137.740688 
-28.727662 
260.487825 
301.293447 
249.691662 
435.491757 
393.859533 
509.921347 
-509.869125 
69.098273 
-389.784149 
609.134457 
95.389459 
214.028402 
609.588036 
99.328498 
271.967308 
202.384790 
419.592090 
227.408830 
291.663374 
-182.638199 
540.496171 
485.970694 
162.239318 
362.465598 
571.861319 
73.066738 
1145.865265 
788.867752 
360.843485 
-397.703213 
768.007270 
-81.918238 
811.613107 
-290.024525 
519.239647 
-216.371868 
719.486491 
-85.958164 
628.007938 
126.241873 
-215.803394 
93.047260 
477.348947 
329.310210 
43.785852 
-21.702518 
684.858373 
-278.919714 
737.731688 
143.742689 
-426.103040 
687.958722 
-140.769376 
328.479826 
448.250369 
-29.146955 
-92.959699 
408.512087 
1777.904082 
4.528362 
23.315748 
-26.609558 
300.093165 
298.908183 
-140.177569 
-113.613962 
-390.816601 
-60.729861 
-92.740527 
453.000710 
-120.538867 
679.042068 
387.209813 
219.664730 
355.248050 
-72.172185 
-461.906557 
663.001034 
-259.136753 
94.870877 
391.675031 
-200.656892 
136.476692 
-242.650345 
149.504650 
-509.277971 
540.492977 
430.843318 
-644.912246 
-450.731430 
220.797369 
-442.507279 
242.990408 
422.381415 
-223.926858 
459.833368 
-555.907006 
-155.184192 
400.489378 
295.038013 
-491.879164 
107.034237 
644.201655 
7.453556 
-54.506448 
27.026750 
907.997742 
67.013777 
53.489740 
-175.047905 
653.402984 
-585.915481 
277.791410 
-94.119867 
207.008108 
0.571436 
-242.520672 
-101.527575 
-42.842045 
-874.361775 
-142.540010 
224.652023 
-50.486813 
237.527706 
210.317589 
-355.508599 
414.352099 
-227.855417 
-141.016078 
-223.530074 
-211.411019 
375.425520 
336.436082 
496.904234 
113.824416 
-201.032924 
228.463303 
169.554358 
662.995371 
240.962235 
-309.538916 
-485.632386 
628.000426 
92.304280 
-128.493299 
340.680172 
331.758803 
128.779336 
157.236583 
-433.786547 
351.177325 
-221.178027 
-424.731158 
380.836689 
-178.063002 
-684.153251 
-19.497813 
277.996382 
245.562130 
709.847012 
-270.714120 
-275.674429 
330.506728 
98.609353 
-512.584926 
276.812287 
-267.065830 
-171.584837 
-164.884590 
193.713408 
-67.855296 
152.326515 
575.146926 
-93.868113 
-17.612568 
-138.079998 
820.496658 
39.129669 
837.995873 
-541.978164 
-117.717625 
-302.812166 
-3.574306 
-77.482236 
540.500338 
222.099078 
-1528.403366 
-827.905463 
690.054297 
58.801993 
700.578194 
-327.208168 
47.327240 
-0.581716 
-61.094066 
-349.086058 
628.000942 
59.766288 
-622.669221 
-271.515806 
340.403078 
-450.159761 
-348.346434 
26.383280 
488.790061 
-5.132325 
-292.193227 
62.234200 
-159.671737 
-7.363520 
-296.217669 
236.849675 
205.716262 
383.701628 
97.015244 
-47.899186 
-182.951538 
345.891428 
-415.191292 
160.905836 
-419.753801 
-251.024281 
365.492375 
977.993351 
-802.730760 
-263.092720 
11.552294 
184.591327 
-33.737259 
558.023843 
-1029.236200 
204.206633 
-416.292094 
258.037244 
-313.467900 
350.591370 
89.818959 
12.029607 
49.010258 
452.988392 
32.993400 
487.990711 
365.492267 
-380.294091 
-119.898642 
351.817058 
-63.663528 
257.195118 
-153.533233 
-499.318219 
51.201389 
754.660305 
-170.316153 
-232.200981 
-190.534891 
136.433493 
-360.817653 
363.187331 
-401.988841 
-12.962864 
-191.863054 
-72.108387 
207.997581 
-249.671253 
-480.776739 
15.803146 
558.000317 
-16.995551 
-229.783512 
50.503662 
205.645430 
75.306881 
1048.002987 
126.330378 
-166.797886 
-178.320702 
-407.768162 
160.676594 
-160.473270 
101.584559 
-160.893763 
147.127459 
-282.249592 
-84.639290 
-190.657926 
36.189731 
-514.326601 
36.720565 
261.515951 
-463.303967 
-304.032773 
-472.046946 
-22.881059 
-153.699391 
83.073244 
-13.848410 
-159.943075 
-5.313070 
-157.177952 
152.398888 
-120.832588 
-581.015715 
-594.752731 
291.294807 
-321.490177 
-203.271736 
146.387690 
23.056051 
196.010188 
1013.001783 
-4.531206 
112.890495 
167.188020 
7.804585 
350.456114 
73.589262 
-257.657499 
-351.628804 
452.998947 
120.501540 
81.373252 
-325.567688 
-519.252166 
-415.005183 
312.999534 
-429.715681 
-166.862819 
-224.076684 
74.689061 
-308.279643 
242.996202 
-104.074089 
-28.222616 
-139.096347 
-381.144021 
226.266465 
-106.744818 
-40.022119 
74.025469 
408.769203 
78.718769 
85.499859 
-268.870022 
-302.778379 
155.701596 
-83.692437 
-238.157300 
316.709062 
-216.031098 
318.624542 
50.498658 
41.951842 
-567.013550 
73.643345 
-63.789343 
-261.753518 
-387.394206 
-185.435006 
223.957052 
-1.999052 
-104.734542 
-37.319017 
243.000431 
173.004843 
-21.873584 
-55.898536 
-459.566825 
453.001006 
277.994067 
153.187700 
-265.675502 
-371.240016 
175.217016 
296.627528 
-179.041052 
68.000732 
-92.777822 
85.494691 
55.034430 
117.585444 
39.067513 
280.585896 
-189.446969 
-395.186725 
218.192123 
67.995530 
-266.167557 
155.135811 
-3.190160 
-565.562202 
-505.737217 
39.281740 
-230.054168 
-178.054433 
51.237741 
-7.884892 
240.437892 
207.997533 
-449.725944 
34.198207 
-162.093378 
86.557878 
-402.648413 
106.881053 
-521.804982 
-645.105555 
-110.523649 
87.391892 
145.638889 
126.647398 
15.494040 
-396.382346 
84.648187 
79.042320 
-920.354421 
137.312913 
-397.355097 
-300.635583 
-41.842970 
79.179959 
-504.511211 
50.496628 
-408.339557 
-337.489331 
50.498605 
-724.627804 
-627.446839 
-2.001764 
-37.002944 
-331.852806 
-474.985931 
-145.562149 
61.554710 
-120.838444 
-398.575647 
-54.499358 
-181.075559 
-1.999112 
-147.452391 
230.183761 
-225.973502 
-189.508016 
-271.119663 
-181.605568 
-237.252617 
-128.644236 
189.834089 
-196.497032 
-41.241353 
-294.536399 
-83.239477 
14.432231 
15.505051 
-245.608697 
97.233649 
-389.650112 
-160.896241 
350.373625 
78.156985 
15.505718 
243.003476 
-238.493295 
33.000507 
5.177572 
-330.420782 
-121.231435 
-274.427192 
-288.433879 
185.103415 
15.499985 
-195.807985 
212.714386 
-16.524209 
-555.107705 
-248.090034 
-185.255995 
29.535991 
-352.607636 
-129.213633 
-42.636675 
200.802347 
-145.408230 
-517.381317 
199.663505 
-135.472303 
2.271687 
-2.005836 
14.197154 
-352.525821 
-247.006837 
-62.459038 
-247.006763 
-344.051274 
-557.636481 
785.507538 
-125.865095 
-223.978205 
446.599233 
-59.099764 
-720.509265 
-302.991415 
254.391007 
768.007681 
-166.204842 
232.566972 
-268.621394 
195.988316 
152.496212 
443.882183 
163.758371 
-503.981110 
288.250564 
173.006392 
-28.898761 
524.011290 
365.506325 
131.541373 
365.864652 
-527.755847 
-53.242997 
505.762353 
681.332298 
367.930093 
-546.159416 
100.284706 
103.918023 
83.949156 
582.414044 
-522.711299 
286.159070 
-77.470702 
-195.462432 
1083.004183 
819.775675 
-398.165222 
-326.164904 
-37.164779 
553.985098 
1193.492625 
251.729380 
-564.595853 
-75.166966 
225.501331 
500.965040 
107.855523 
-100.557932 
-10.648633 
-147.469534 
-171.168028 
528.742413 
505.495716 
393.235863 
-265.585653 
382.100678 
-497.319528 
82.889407 
-267.155349 
348.125859 
475.297087 
129.349163 
162.582861 
3.335538 
484.143187 
734.038574 
160.668926 
265.464061 
129.438784 
-187.219127 
-148.821784 
701.573363 
834.134551 
-144.904986 
-138.481082 
282.992029 
573.551490 
289.817349 
-63.629597 
-50.844686 
-154.222081 
566.703988 
45.057776 
225.496150 
303.155933 
-48.838736 
-322.557079 
760.994108 
109.328831 
149.501199 
25.605836 
470.502766 
-118.790047 
363.730519 
221.562596 
308.469878 
-659.225976 
-174.501613 
191.506202 
106.655865 
1327.991898 
313.206967 
-756.535617 
112.801823 
-5.964641 
-170.544695 
295.491483 
-53.430673 
-274.211873 
-30.274069 
-341.104356 
69.008104 
662.996205 
-78.500396 
-771.849092 
-388.630140 
-71.149818 
19.454532 
435.492122 
269.729161 
-54.503202 
-31.585428 
95.056294 
-279.548169 
521.187453 
-553.626574 
-34.899152 
8.609647 
-214.548276 
219.286957 
-219.355963 
-234.475679 
-412.472950 
-228.779679 
-54.454700 
-161.563617 
-4.881753 
-796.060501 
64.962573 
-214.872287 
308.612755 
-478.951010 
-563.156326 
-187.074150 
-457.442901 
488.467583 
295.307319 
-174.568938 
-44.796192 
-258.970312 
143.029205 
100.611135 
15.504090 
106.212651 
-134.062173 
-137.820383 
698.002843 
-429.332497 
-725.911447 
10.618986 
467.762738 
206.329883 
624.026154 
-702.579521 
-125.874525 
171.897987 
-227.170073 
238.513275 
-146.697128 
-732.562718 
155.500913 
409.250600 
639.546028 
-302.318514 
-78.556981 
-251.411820 
-41.685633 
100.584757 
28.301853 
16.854808 
232.337777 
299.148104 
53.087540 
438.470314 
-138.800700 
-72.410591 
-113.990761 
60.979522 
491.161705 
-55.592027 
802.999462 
469.620731 
470.498541 
-692.235818 
-262.215440 
-280.072329 
-193.808091 
-80.403557 
435.500532 
118.724886 
-150.580557 
-203.693363 
3.372317 
-87.709928 
258.507087 
-241.455806 
240.146999 
139.233372 
-756.741720 
266.117595 
558.003202 
378.270528 
402.833255 
-728.705731 
-290.687707 
150.184036 
38.374260 
406.924661 
-239.083810 
-83.235562 
-245.407324 
-93.634630 
179.359665 
118.339185 
32.328323 
-0.966593 
320.136338 
51.299718 
-189.791596 
-129.563317 
-1.739861 
-298.706209 
47.370575 
140.813523 
-329.301607 
-151.995073 
1188.004953 
400.505611 
-469.084909 
-238.159358 
-128.968797 
159.961411 
604.078754 
45.004141 
-678.954210 
-136.774985 
351.910167 
-41.503883 
-98.966134 
464.853456 
4.793117 
-63.235025 
-269.669947 
-19.497304 
15.501043 
260.503486 
593.005217 
58.575099 
-266.316573 
447.761922 
-233.709740 
277.794838 
24.972807 
-231.133269 
55.749249 
492.694519 
-469.390824 
-116.574393 
206.078453 
78.227978 
-455.572328 
-8.131062 
-352.484081 
28.638824 
3.065460 
-12.723035 
68.001493 
-245.471499 
-285.393927 
-214.774096 
50.500224 
49.064473 
-1464.436619 
260.496454 
816.188431 
197.861846 
557.998576 
294.330604 
-628.018521 
-52.877193 
-761.062906 
-69.387099 
-101.589942 
279.313233 
46.663061 
-90.590976 
-316.880748 
289.923095 
-420.447659 
223.287421 
-82.068494 
-316.653012 
167.690520 
-36.718332 
-180.333507 
271.524633 
345.761937 
-195.584707 
-170.044962 
-75.327575 
-64.898272 
243.883571 
501.281794 
-284.107540 
-131.851096 
163.278082 
-510.822056 
139.508565 
-66.384455 
-9.294316 
59.741791 
209.121109 
547.596526 
453.002095 
-198.098206 
-243.024563 
10.623197 
16.588498 
9.028981 
528.566011 
-163.405297 
-140.971457 
278.000470 
243.000590 
-28.993516 
87.871255 
-139.713072 
219.669375 
173.001046 
239.428336 
-251.035456 
20.398207 
-232.460935 
-139.581620 
15.501276 
53.286715 
-441.852914 
75.038434 
304.810901 
126.598211 
83.895101 
-70.452139 
-556.084492 
348.521482 
-203.137367 
383.001906 
504.408467 
-706.372965 
287.900463 
76.904232 
-184.952563 
206.470576 
-538.298361 
158.293571 
172.999598 
-277.296056 
-156.930864 
-272.062038 
-106.620969 
-59.046298 
-556.242502 
-295.106384 
-150.014274 
15.500096 
-24.550549 
247.265097 
207.996801 
-19.492895 
-109.720080 
122.973260 
-292.040284 
207.998378 
15.500442 
52.845712 
-489.678427 
9.564113 
107.423277 
-8.925591 
110.402367 
-19.496113 
-220.746466 
190.506370 
420.476759 
-193.811475 
139.223197 
-52.410023 
-142.183766 
-413.480634 
463.075893 
-456.994533 
219.561070 
-211.746258 
199.365896 
-147.982801 
104.198977 
105.659075 
67.398474 
-113.209008 
1335.249219 
-311.420971 
444.102761 
-19.498406 
-132.621018 
-90.096095 
181.660193 
51.438213 
-137.247610 
-137.804609 
-45.934288 
-175.217068 
33.227459 
-350.353670 
41.144480 
26.502964 
33.000677 
-234.051173 
-31.079235 
-19.773753 
279.436728 
162.348815 
-119.763525 
-547.547233 
-205.263460 
48.996507 
12.249849 
33.000655 
2.693016 
-422.636561 
-36.998043 
-351.618608 
278.755339 
-54.499768 
-1.999961 
-120.869804 
-606.217508 
-273.232444 
19.927744 
-160.181513 
-410.215566 
-1.995821 
-255.371680 
-19.499036 
-247.209117 
303.069088 
1.425645 
-76.539800 
-582.452175 
-318.559042 
-372.860867 
176.156115 
32.529932 
-172.308206 
95.501609 
-331.986683 
-200.337578 
-175.470823 
15.500896 
-224.151965 
240.004899 
-342.682972 
-145.834049 
-189.804828 
-75.460382 
278.001298 
33.000200 
-856.005150 
-1.997796 
-547.848254 
-71.937338 
-383.296552 
-134.088707 
-233.743042 
-123.770471 
-71.999134 
120.512661 
-291.316554 
-146.992689 
-168.826600 
-201.062366 
-81.432877 
-187.527114 
-237.135925 
-164.204926 
-132.274767 
-362.871054 
-98.389533 
-295.978584 
523.990863 
-553.658991 
157.079069 
-246.999761 
-272.072138 
-143.411878 
-247.000543 
-25.422733 
-246.999856 
-589.995166 
-83.329780 
768.000214 
-182.974125 
-233.243694 
764.907584 
-276.443462 
-425.895062 
-358.999996 
-68.902770 
908.003353 
-669.755460 
397.572230 
-149.860278 
-44.532777 
-44.725171 
1332.141473 
228.509165 
-381.544176 
308.926664 
225.501426 
39.750633 
532.256747 
575.500444 
92.772134 
283.272883 
-267.346836 
-87.475343 
690.872772 
529.391523 
281.783798 
-171.580847 
-15.663713 
-87.394998 
278.519331 
262.133291 
-361.172490 
311.693282 
-72.290695 
-282.274437 
1083.001403 
777.006632 
12.548836 
43.639876 
379.287083 
367.542038 
1281.527012 
336.155500 
-384.499551 
-102.554855 
260.503476 
-7.912968 
207.795768 
1.528245 
149.823858 
-306.057104 
-226.942235 
96.063363 
540.506065 
236.811875 
-523.981799 
69.786436 
-435.048060 
46.863300 
-269.728551 
41.711734 
172.314980 
-248.714752 
-141.583772 
-435.763918 
554.860696 
380.190219 
156.721762 
215.498008 
-222.765741 
-112.575488 
275.464162 
722.160640 
-106.027980 
58.314746 
215.878087 
-44.818009 
333.857789 
117.957799 
-127.569389 
-571.704294 
-154.286443 
61.953591 
139.366282 
715.505898 
158.270400 
-17.654824 
-196.372115 
574.334402 
438.216505 
-68.246930 
269.672053 
365.497293 
-103.178521 
-159.306146 
184.494415 
-387.901557 
-117.482141 
10.083434 
237.266764 
235.968280 
942.998892 
268.429771 
-343.666937 
426.611521 
138.871297 
-188.425668 
1082.987920 
106.021163 
223.923974 
308.000227 
-111.981141 
144.170990 
330.507064 
552.273656 
-353.988837 
53.522111 
55.525388 
57.709379 
1152.995713 
-402.499186 
260.501286 
-81.297190 
404.411547 
93.518265 
534.887631 
149.224872 
-57.057913 
233.483424 
186.843000 
434.000844 
29.372358 
-489.994244 
185.320844 
-444.805444 
-12.809605 
-54.958815 
372.235327 
-769.812392 
96.576259 
-327.156546 
-9.098160 
-267.903719 
-528.461682 
269.431620 
-297.393263 
708.525056 
-397.440762 
49.588258 
-60.641557 
-253.326139 
421.729891 
43.064729 
435.496610 
209.418895 
-14.601589 
-169.658061 
260.496229 
-23.803746 
-426.758429 
290.097329 
239.337357 
223.078650 
235.023198 
282.093439 
-455.144955 
-53.801910 
-65.305345 
-276.233331 
234.584723 
-945.064202 
452.994086 
566.750221 
-90.174344 
-521.190795 
-405.303911 
-295.738713 
-133.694682 
8.279451 
-412.890852 
-248.127983 
-154.334517 
65.662700 
-69.326031 
-9.450969 
-45.663708 
59.931767 
-137.941518 
280.862857 
563.985044 
-3.305972 
383.000601 
445.122376 
382.995628 
-755.492849 
-690.126841 
-486.705321 
14.017557 
141.572006 
627.999747 
205.793000 
-1079.074530 
-224.782421 
-57.523111 
14.195475 
-165.461268 
-355.759738 
-329.836049 
331.273801 
-52.540827 
-196.486429 
260.498581 
641.709772 
567.336329 
-450.601834 
-292.669354 
212.448435 
317.340559 
328.887201 
14.543520 
-351.018951 
-644.365415 
175.477770 
176.931507 
105.998284 
44.183583 
-51.938932 
-6.499411 
-195.588662 
105.685628 
-238.275662 
77.663148 
-340.619164 
-324.995813 
74.513865 
-351.312413 
-87.287173 
522.997709 
470.496382 
-216.994065 
-554.470941 
262.535363 
-572.549446 
-169.920899 
-257.780369 
-536.855215 
261.014720 
139.341623 
327.347394 
-220.092979 
395.304216 
779.060762 
338.020215 
-397.287759 
15.490495 
417.996255 
732.995163 
260.494554 
162.015378 
-215.606221 
645.001425 
195.198839 
157.803871 
-266.513591 
-6.892340 
148.831725 
471.983076 
-265.915942 
-436.699999 
125.775038 
-398.832765 
-578.013841 
-182.296082 
-239.397642 
230.078944 
-123.617383 
-631.549658 
15.497133 
114.374104 
-50.230228 
-223.390532 
260.497925 
114.205548 
-843.170646 
977.996724 
278.636150 
25.838392 
522.997688 
144.999085 
-334.666002 
-249.434299 
107.370396 
-630.592167 
-116.282110 
71.210189 
-313.255643 
-154.843801 
-509.085525 
-180.625959 
-133.735805 
-342.252126 
-124.540251 
-50.203404 
191.484546 
456.704561 
622.793080 
-157.951048 
-54.112896 
221.281611 
152.815616 
-41.789264 
-371.009271 
143.218224 
565.864288 
334.318490 
81.046194 
-257.486148 
-209.729702 
151.973013 
-134.345643 
-122.052727 
224.793405 
375.459059 
230.614477 
33.001276 
-136.773165 
-35.717428 
116.966092 
293.897103 
122.043728 
231.282377 
-254.084922 
-229.630350 
173.001461 
-19.495663 
-145.988661 
133.435683 
15.993052 
-228.329983 
50.503177 
281.180101 
20.146734 
350.025473 
-34.983655 
-14.107980 
558.002555 
-187.143642 
-150.268743 
-93.181374 
444.322991 
33.546037 
55.742351 
145.067883 
-33.896393 
467.470985 
235.979509 
15.500854 
-986.365824 
-706.372506 
233.034882 
19.388596 
-351.269630 
78.613846 
-475.302997 
-171.940604 
33.002227 
-449.355637 
-177.830860 
265.283666 
-133.772186 
15.692353 
-774.771311 
-206.230639 
120.434863 
278.005746 
112.096191 
-89.285174 
15.501307 
15.501871 
254.798627 
-122.426200 
-84.445516 
-37.002267 
-19.500858 
-88.990816 
70.353304 
-35.271979 
-190.884993 
-8.783835 
-193.523362 
260.498303 
-199.976013 
313.000381 
262.838975 
-206.740079 
121.686971 
-52.566498 
-165.868460 
-268.738035 
207.797193 
470.502673 
75.967718 
126.918720 
-215.805050 
-168.145348 
25.809774 
14.682647 
-448.125914 
122.562727 
1398.131548 
-400.239572 
354.914307 
-2.002518 
-365.799152 
175.547519 
-180.192179 
87.751290 
-430.783668 
-47.282923 
-348.158659 
-173.780573 
-20.931138 
-165.929117 
-66.804217 
3.152076 
50.502570 
-250.986963 
-111.513781 
156.392379 
320.848900 
-97.737447 
-226.896292 
-159.805479 
-235.187891 
344.765285 
-148.273665 
68.000885 
120.282312 
-399.019982 
68.002056 
-60.127330 
-93.440260 
-19.497899 
-19.497390 
-604.753133 
-425.573285 
80.627156 
122.134369 
-96.000404 
-415.585457 
-19.499384 
130.148287 
-19.500655 
-231.436857 
40.235998 
-104.569393 
-357.114552 
-179.502250 
-31.888310 
-263.225223 
91.209932 
-86.315078 
-302.270367 
-340.288977 
-126.271769 
-339.986020 
-48.753609 
242.999338 
-97.604886 
-438.013216 
-208.681920 
-33.259161 
-12.367470 
-57.524696 
-19.507590 
120.495834 
-608.300784 
137.997719 
475.187629 
-312.291516 
-573.228660 
-392.191280 
-180.068207 
223.449328 
-247.004432 
-99.204559 
31.116310 
-343.189104 
-391.509989 
137.996233 
-298.314190 
144.196038 
-153.440332 
-375.533767 
-267.140516 
285.778809 
126.522038 
-295.516068 
-133.982872 
-359.589009 
157.049703 
-247.007142 
63.183556 
367.730655 
-247.007270 
-210.393627 
-247.007024 
-436.718152 
0.725771 
820.490427 
-283.414054 
-165.251835 
741.899179 
-55.969279 
-321.337679 
51.661174 
48.166281 
-19.502864 
-410.374226 
115.048473 
397.162341 
1.274624 
206.356050 
867.515946 
328.221944 
31.096044 
613.959808 
347.998522 
289.049692 
392.339426 
733.001270 
407.032921 
303.426088 
-642.973199 
-53.884308 
591.468436 
490.893324 
247.558330 
270.143706 
75.318083 
10.751058 
411.478269 
-118.546080 
-193.507842 
254.422245 
132.227904 
249.666580 
680.509601 
361.050012 
357.510943 
326.193840 
97.039968 
420.365045 
1004.677300 
341.130439 
302.972401 
-167.069748 
803.010387 
-43.919018 
635.266286 
-339.568914 
464.262306 
-162.777518 
998.372899 
-374.985864 
733.001391 
313.597910 
-232.928183 
301.393997 
-93.873708 
17.330206 
156.909614 
39.717612 
87.565555 
-336.961348 
-217.918238 
-275.289977 
449.196068 
123.824662 
206.036590 
-64.370158 
-153.093322 
-7.621972 
337.159452 
893.866011 
966.026302 
-447.641425 
141.364203 
29.353929 
-96.282170 
-28.178934 
-24.332781 
-640.730005 
-519.268525 
-127.599516 
44.583216 
645.493602 
-6.082805 
-2.002892 
134.956861 
275.657357 
395.007345 
-67.083010 
-238.374994 
557.995438 
-511.655403 
-514.534472 
587.214347 
-214.231551 
262.844862 
425.315608 
234.354939 
-23.427471 
803.006179 
214.826350 
-656.643120 
144.835238 
-158.311853 
-223.439298 
803.001756 
-117.617269 
-489.999030 
118.312867 
-125.831900 
250.731548 
-19.491751 
626.075777 
-425.816744 
-480.192201 
-25.382965 
-150.327632 
1257.998463 
-509.109866 
-54.505286 
8.585346 
421.772265 
193.786577 
422.040768 
15.090674 
249.523882 
-212.897338 
110.690146 
-35.529160 
-69.762174 
-491.282794 
-250.962946 
-504.341285 
-770.803578 
276.936002 
258.296244 
-57.787987 
-40.857195 
-585.079428 
79.036138 
-268.681637 
-634.433504 
-112.627271 
-38.979753 
171.911636 
-381.862585 
70.291773 
208.896903 
335.444574 
307.251084 
510.997350 
330.489280 
-161.577495 
-18.676345 
-155.144153 
155.493780 
-369.019967 
-468.339114 
412.823141 
-229.107290 
255.903909 
137.090172 
159.052781 
-398.477725 
-126.748110 
-204.589714 
-105.314671 
566.227571 
-437.387946 
557.995935 
435.494463 
152.133200 
327.883710 
-228.387602 
447.137136 
-111.564087 
284.748510 
-466.925220 
-105.142732 
-668.327225 
-312.310953 
34.182039 
126.285261 
337.887738 
164.296045 
436.338481 
605.480746 
124.176268 
685.472417 
663.003599 
361.440269 
208.001465 
-965.992020 
-381.645081 
127.565054 
-149.754038 
885.070957 
418.001658 
166.517874 
-981.156835 
358.723743 
-249.569528 
406.706744 
412.691913 
-514.621022 
-556.045605 
-83.612526 
-106.385459 
-57.966547 
680.502499 
525.364438 
-526.997723 
-143.004772 
323.915110 
-233.873496 
184.248284 
60.642986 
-53.907805 
-391.290278 
-190.521726 
151.424822 
175.728494 
218.215182 
-155.151810 
33.410829 
-337.166642 
122.978695 
237.741341 
-102.098839 
166.015119 
-401.217499 
-623.123139 
168.277398 
341.620755 
-83.515995 
435.503892 
1013.001949 
-351.714583 
-505.453167 
-129.564998 
-390.193303 
-158.877293 
230.424774 
-1028.031570 
148.881420 
-254.766455 
111.949784 
-115.183878 
272.907773 
684.199287 
418.683769 
-138.905962 
523.002079 
435.502796 
348.004187 
260.504369 
13.060228 
-101.289250 
625.659888 
188.728724 
62.393111 
-519.956814 
-438.911113 
65.434625 
572.292979 
-456.542255 
-167.061816 
-377.033208 
-316.943201 
-293.236990 
11.118482 
-53.210304 
-56.676386 
-436.498444 
-733.078553 
278.005072 
20.222846 
239.037102 
-478.981762 
768.002599 
-340.021048 
-298.971488 
383.002010 
-31.080473 
-101.442509 
260.503669 
257.004734 
-498.869068 
-317.839783 
203.619895 
-839.896137 
-26.423706 
-83.316949 
-610.115592 
-24.265953 
-329.033504 
-176.572404 
-21.221317 
-249.060478 
-506.358098 
-16.350671 
458.163754 
92.128494 
175.042101 
16.708924 
-62.075762 
197.310390 
-7.096955 
-127.237851 
-309.670528 
18.111336 
7.964531 
46.332466 
-222.541126 
-297.153473 
-335.773707 
0.376654 
-350.150230 
-233.716792 
665.438339 
-42.485179 
26.822799 
155.499691 
-353.424101 
209.366199 
189.842775 
432.984400 
296.699280 
16.220281 
-95.250541 
9.315194 
137.996216 
50.496253 
313.316909 
56.898456 
-46.951953 
-527.020408 
417.997526 
-102.916298 
47.699491 
-45.248285 
-562.942096 
-646.096021 
-54.504165 
263.074606 
-127.047736 
-331.914175 
335.500210 
-181.491382 
-5.928851 
154.806693 
92.906461 
364.280425 
271.305877 
242.998527 
-688.880457 
248.467251 
265.196262 
-40.358303 
-323.623854 
130.947223 
-623.563987 
301.689563 
-54.505104 
-139.884906 
-934.361698 
-35.920749 
-409.935716 
-423.678843 
-761.262620 
-35.499645 
-396.195509 
173.002224 
-263.244061 
-247.859506 
-89.502611 
242.997021 
52.145606 
67.239584 
-157.978843 
-89.500730 
-54.493396 
329.401578 
-247.002318 
-8.696993 
-302.143093 
218.752237 
95.624276 
208.013530 
-227.307812 
50.495543 
-187.984598 
-12.517105 
78.541572 
-141.967605 
-76.612328 
-612.685313 
79.482888 
435.518383 
132.811513 
-229.153718 
-214.313391 
-65.857497 
-141.392264 
87.198620 
145.389706 
-107.455618 
590.599487 
-311.540569 
279.602250 
120.498371 
48.618825 
245.220912 
24.304345 
35.475117 
-443.978583 
-197.445690 
83.020052 
-354.766507 
-80.460019 
-222.818699 
-29.844479 
-51.202954 
67.993189 
-496.414974 
241.192000 
41.493543 
-719.229436 
-240.097012 
-444.580038 
-473.359403 
-210.072438 
157.470244 
-306.251804 
50.494535 
-206.523792 
-275.242903 
67.995315 
88.055669 
53.006493 
50.498494 
67.996699 
145.228475 
-505.570845 
143.796304 
18.027976 
190.190516 
-237.615897 
85.496917 
-106.194171 
277.999820 
-35.633014 
-101.210078 
-269.535393 
-405.353426 
-512.909041 
-96.390702 
-82.070973 
-384.096109 
-190.499686 
-223.139924 
-307.221186 
-206.486257 
-250.345224 
72.358291 
-1.997727 
-193.152200 
-139.968869 
-152.887721 
-365.112804 
-116.266133 
279.927299 
-54.496687 
-19.494730 
-190.235973 
-1.995676 
164.281493 
-6.878480 
-75.775205 
-154.303142 
-367.112962 
276.701886 
-246.994494 
-160.458809 
-36.481687 
-258.074856 
-746.131849 
-246.995040 
-165.533957 
218.409356 
-100.586594 
-269.991021 
-354.555938 
-51.695758 
11.716115 
-85.925582 
-335.154441 
6.581003 
1.667736 
-246.994665 
437.591492 
2.786215 
-247.000408 
130.243753 
-246.998061 
-573.968083 
141.071617 
837.994152 
-245.994755 
159.667907 
70.515379 
-369.691092 
-481.671479 
387.661978 
604.063578 
295.495021 
-103.857720 
-491.358953 
-458.178558 
685.686853 
101.890530 
264.900188 
-43.295499 
-570.091474 
85.989642 
15.494813 
377.442847 
526.873286 
470.498054 
702.267459 
364.507069 
-1047.105349 
752.317811 
771.714318 
244.782747 
336.453930 
-123.884962 
-293.807993 
24.642207 
408.527288 
-321.637815 
-316.887317 
349.643208 
184.065959 
545.145744 
697.998621 
253.373329 
37.052056 
293.098540 
341.173482 
448.513190 
709.976493 
-355.763948 
-51.103618 
26.311811 
802.998612 
-196.800349 
574.009869 
350.436889 
160.694004 
-494.189993 
511.679911 
-191.846980 
190.498987 
564.362058 
-5.199856 
84.599835 
42.488876 
216.998541 
238.710022 
-76.524807 
493.518328 
-458.423993 
-31.222359 
86.267576 
-216.118749 
171.539896 
242.342825 
-167.897604 
-103.626995 
380.248350 
-174.110637 
451.703659 
1330.043317 
45.500806 
-29.170683 
563.966761 
373.398854 
69.294350 
-236.238157 
427.366976 
21.075223 
-91.619372 
-91.296614 
1187.997466 
73.818787 
26.616063 
-126.372718 
-41.669512 
668.524627 
48.061307 
-115.203447 
558.000869 
-156.683571 
-72.045162 
272.669991 
85.623731 
43.115308 
136.420550 
256.005445 
253.771602 
452.995345 
104.110932 
-148.281150 
41.478637 
166.320198 
177.456988 
330.497549 
44.743019 
275.752144 
73.979795 
470.380758 
-29.295731 
593.000209 
264.347266 
-139.821949 
-242.499159 
198.104491 
188.075242 
15.501768 
-77.176260 
645.501886 
279.580121 
238.840355 
40.125229 
416.715321 
-86.616959 
304.291440 
-119.297485 
-417.061772 
-441.466339 
-436.780784 
95.884601 
-26.387104 
-753.342825 
138.503850 
29.677641 
513.486681 
14.406875 
-232.834803 
-243.512880 
147.236850 
-834.571916 
-621.906178 
-213.667506 
-133.647504 
-492.470032 
-289.412331 
330.716721 
-109.445047 
-324.917768 
129.504194 
372.594653 
750.502231 
-377.035120 
465.878257 
-543.055659 
435.499619 
100.601228 
-636.843011 
439.687052 
-54.673940 
-67.433508 
38.315251 
-87.815270 
-440.367710 
287.849006 
38.704878 
-332.523295 
166.822225 
-296.255568 
435.496763 
514.248737 
214.543629 
508.919047 
44.901656 
15.729170 
377.052909 
113.482742 
-773.788099 
-30.377004 
-391.991170 
155.799405 
-647.818616 
-97.214670 
-405.774369 
-171.128551 
76.208043 
720.904460 
247.463915 
21.733503 
225.491254 
64.670534 
277.995237 
173.080411 
-164.736491 
-101.532726 
-437.195980 
252.474864 
487.995228 
268.928284 
-455.287717 
289.126567 
124.576060 
257.034648 
54.010330 
-706.555188 
-230.605510 
126.394893 
-383.034860 
-99.994883 
260.498828 
254.158144 
-543.335539 
-291.092035 
368.159149 
-325.011769 
81.936618 
25.919406 
39.083088 
-577.746788 
-727.328343 
28.645299 
-27.123041 
79.117998 
-257.050344 
-723.124710 
-538.185853 
-84.335065 
278.597701 
-113.981046 
53.037141 
-83.676414 
-764.296058 
81.740579 
276.798178 
-313.853926 
470.501145 
873.000966 
-781.408770 
-34.307888 
-106.348576 
-433.406043 
285.260036 
49.119465 
-778.110040 
229.626908 
-417.333205 
-201.371533 
-421.198050 
216.143149 
139.295073 
446.719754 
-509.327529 
488.002828 
260.501636 
225.501948 
295.501660 
362.078970 
-65.374040 
170.528863 
5.170545 
-50.082323 
-360.257119 
-169.576597 
-67.578591 
602.843023 
-525.840161 
-309.234259 
-83.597334 
-42.265617 
-642.762413 
-78.575378 
261.492810 
33.332033 
-7.974561 
-574.611208 
523.000679 
-2.596996 
168.105439 
34.937418 
907.998781 
-143.627770 
-429.331816 
627.999762 
126.770221 
20.434277 
120.499573 
144.997391 
-185.062992 
-446.989992 
461.750396 
-155.268737 
489.579830 
194.735499 
26.565020 
-42.352176 
-139.540021 
91.428654 
-283.839845 
-436.716325 
125.761111 
-66.998862 
0.125399 
99.742904 
-728.182790 
-153.011484 
65.920347 
48.709260 
-294.429016 
-177.838407 
-205.593440 
-263.725657 
59.081936 
-198.359127 
-167.035501 
165.613694 
-572.222435 
-86.659882 
-338.773030 
174.724683 
555.696869 
66.972063 
-127.439671 
15.495541 
-34.882317 
6.803531 
228.053958 
280.186641 
39.486088 
31.287065 
-224.302761 
-310.038631 
15.497306 
50.495222 
15.415493 
-221.874910 
-107.200722 
-564.337583 
487.996412 
-105.613548 
5.443082 
194.955036 
-59.169788 
-42.414457 
50.496025 
-12.381471 
-92.025475 
-177.388716 
100.778569 
-58.611375 
-284.882054 
-51.018321 
-251.987049 
90.040121 
2.798528 
207.997257 
86.593611 
-625.438764 
434.003802 
-27.176702 
-455.369057 
180.100318 
-454.383671 
176.860755 
-19.502639 
-72.566309 
-296.838260 
-104.706951 
-282.831730 
132.107918 
-32.073704 
-11.599010 
-203.236639 
242.997639 
-35.101289 
-114.435655 
-54.500893 
382.999374 
-120.115738 
-66.319830 
-341.138000 
-19.501240 
15.499935 
421.652177 
-41.664519 
86.781641 
-227.850010 
186.704225 
255.631209 
312.995953 
-38.097070 
32.994943 
-89.157909 
110.138924 
-140.027499 
226.393743 
243.299636 
-216.244043 
-182.706834 
540.498780 
330.982458 
-26.695405 
-169.680318 
330.420362 
-263.813841 
144.309857 
222.626255 
54.041423 
277.927869 
-350.029049 
205.778884 
15.498530 
-120.246046 
416.428454 
-221.853145 
126.428679 
-356.749580 
504.712297 
238.686326 
-41.404268 
-112.973205 
-194.928719 
291.467781 
-11.381469 
50.497693 
-392.283289 
35.784266 
380.121969 
-1217.981114 
57.638985 
-146.747365 
-165.869968 
-103.885909 
204.932245 
33.287631 
50.497210 
182.660563 
77.910010 
67.995481 
-273.147825 
-509.285205 
-2.003337 
-2.002536 
-328.616873 
-382.617314 
-139.420804 
-98.543875 
-0.298211 
-315.307036 
15.498514 
-196.281460 
277.996725 
-75.153634 
-114.094764 
198.354056 
-466.752155 
-51.125713 
-125.310250 
-280.066472 
-206.392065 
78.608003 
-143.577328 
-361.008778 
-126.404656 
88.973487 
-56.990990 
-2.001635 
143.761403 
-155.588323 
-381.685830 
201.565569 
-95.550174 
22.781132 
-107.000090 
-89.501383 
-420.505700 
-71.999922 
-431.390087 
-124.995351 
392.143606 
-182.192214 
-378.382378 
-286.123543 
-246.999452 
0.939877 
393.909899 
-144.745928 
-691.260313 
-246.996082 
-37.764004 
-621.027634 
-454.310682 
-118.340073 
162.659724 
-157.326276 
-315.262318 
-447.368542 
-58.655238 
-20.969681 
-118.914541 
-246.994101 
365.474819 
-410.879034 
-246.995439 
-156.988890 
-246.994348 
-519.889822 
-326.931470 
-229.500002 
-243.931551 
-252.335248 
-242.631508 
-256.840946 
-257.430249 
-246.999999 
-251.971556 
-247.000000 
-257.063046 
-244.774429 
-252.184653 
-247.311562 
-235.118325 
-246.573345 
-240.573388 
-249.332806 
-247.710034 
-229.500000 
-247.853180 
-247.048051 
-229.500000 
-239.255442 
-241.916404 
-245.682174 
-240.402706 
-238.457839 
-247.767420 
-233.496195 
-245.810711 
-256.324197 
-254.312843 
-243.843914 
-248.845666 
-248.268062 
-247.807241 
-234.320156 
-235.765703 
-247.000000 
-254.419550 
-243.133781 
-264.052658 
-253.219613 
-245.811191 
-246.610995 
-234.937312 
-240.044170 
-234.560388 
-229.500000 
-253.551897 
-244.911308 
-239.590863 
-241.617939 
-263.406250 
-236.271828 
-250.280448 
-229.500001 
-242.560678 
-236.008677 
-241.411882 
-246.954951 
-243.242066 
-254.317825 
-249.964930 
-243.424991 
-246.785035 
-257.382147 
-241.858592 
-240.475484 
-245.821421 
-247.901242 
-251.901081 
-238.365417 
-238.330447 
-251.996411 
-236.069495 
-230.593749 
-242.950601 
-240.144210 
-241.678748 
-235.420231 
-251.697897 
-244.774428 
-236.888762 
-259.241119 
-250.474717 
-244.134399 
-246.999999 
-249.471968 
-245.481603 
-239.642104 
-247.000001 
-252.081397 
-246.037568 
-237.915066 
-247.000001 
-246.334344 
-244.861378 
-244.798126 
-243.302795 
-248.104918 
-247.179765 
-242.159816 
-249.607300 
-247.000000 
-241.525024 
-249.206129 
-239.998022 
-244.821869 
-252.695807 
-247.000000 
-245.346371 
-245.809059 
-248.423497 
-239.865625 
-237.266740 
-246.999998 
-237.160600 
-231.640562 
-236.146376 
-248.173392 
-249.731327 
-247.000000 
-248.565673 
-246.999999 
-249.086472 
-242.405236 
-242.339164 
-241.301226 
-252.616135 
-251.217146 
-235.034874 
-233.933445 
-242.882580 
-245.899944 
-227.338220 
-249.731624 
-268.346468 
-237.413708 
-243.531203 
-250.584865 
-246.999999 
-242.969593 
-247.526704 
-246.859546 
-250.559358 
-244.657053 
-252.822550 
-251.165028 
-236.608247 
-247.399990 
-254.149897 
-250.484495 
-246.200144 
-241.846842 
-250.977972 
-229.500000 
-239.747349 
-248.961284 
-254.361885 
-247.000000 
-245.194048 
-255.653763 
-240.892621 
-233.595460 
-241.660178 
-252.168287 
-242.924703 
-241.597624 
-247.763825 
-244.922477 
-244.098420 
-239.032734 
-255.646319 
-229.500001 
-238.250002 
-249.520220 
-245.346372 
-246.644455 
-248.951454 
-244.531083 
-245.463567 
-247.551512 
-252.187201 
-241.076680 
-248.666325 
-237.743292 
-256.155593 
-248.010713 
-253.058174 
-250.560194 
-240.639070 
-247.667278 
-239.557660 
-247.000000 
-245.161296 
-247.000001 
-240.830227 
-244.918693 
-242.872945 
-239.915457 
-249.237177 
-247.000001 
-247.085341 
-252.753221 
-260.852991 
-252.759027 
-249.492375 
-256.121541 
-247.793180 
-238.460380 
-238.624931 
-241.562410 
-229.202052 
-211.999999 
-242.918885 
-247.000000 
-245.335955 
-233.326044 
-246.954952 
-241.103183 
-244.567145 
-235.057671 
-247.901242 
-246.396670 
-244.814794 
-247.955878 
-248.683198 
-250.576827 
-247.128284 
-246.919994 
-253.157554 
-246.707911 
-247.618422 
-253.561659 
-251.060377 
-247.079921 
-246.155086 
-255.507451 
-237.362384 
-247.000000 
-247.000000 
-250.809280 
-239.711743 
-245.487054 
-258.205762 
-250.880256 
-256.555029 
-248.825948 
-252.238860 
-252.218111 
-243.146197 
-232.122773 
-248.418387 
-243.139231 
-242.067381 
-248.946638 
-247.000001 
-247.000000 
-247.000000 
-229.499999 
-245.346372 
-243.884203 
-244.927091 
-246.723187 
-245.520725 
-244.621515 
-237.088988 
-242.882631 
-237.449311 
-246.560041 
-250.755930 
-249.718506 
-248.645585 
-248.182791 
-245.775722 
-243.829997 
-247.774275 
-241.309168 
-248.219098 
-247.000000 
-252.986822 
-249.317471 
-250.447014 
-247.000000 
-241.387354 
-234.552948 
-247.000000 
-241.388135 
-237.310770 
-246.999999 
-247.000000 
-246.914653 
-244.044365 
-229.500000 
-241.476548 
-249.086473 
-244.902647 
-248.943352 
-248.947677 
-250.539822 
-246.625008 
-241.072030 
-255.008275 
-250.747285 
-241.227293 
-251.756076 
-252.116527 
-246.573523 
-248.550277 
-250.538660 
-244.180475 
-236.726381 
-249.810227 
-248.099949 
-240.188915 
-241.169112 
-240.139538 
-251.322004 
-248.104916 
-243.583709 
-250.430913 
-238.403250 
-238.643147 
-248.845666 
-249.177301 
-248.009928 
-247.000000 
-256.981770 
-251.554791 
-236.760524 
-241.622201 
-248.550277 
-245.532183 
-245.557177 
-245.397165 
-247.000000 
-247.000000 
-248.116506 
-249.787903 
-242.951293 
-247.000001 
-247.000000 
-244.301796 
-243.460788 
-241.032947 
-247.364693 
-249.734971 
-247.000000 
-249.466835 
-242.578645 
-249.010006 
-238.834702 
-232.881069 
-235.021811 
-244.362503 
-242.154731 
-243.639190 
-244.637295 
-247.000000 
-246.999999 
-247.000000 
-244.587274 
-250.100184 
-250.706783 
-249.260678 
-250.654430 
-246.103864 
-247.000000 
-251.417001 
-240.895103 
-245.246074 
-248.524171 
-241.590032 
-245.811192 
-249.025881 
-249.472653 
-247.000000 
-240.246524 
-248.220106 
-247.000000 
-247.000000 
-248.290996 
-248.706313 
-246.103866 
-246.999999 
-247.000000 
-245.491566 
-247.000000 
-244.145238 
-240.615131 
-244.277968 
-240.921302 
-247.000000 
-245.906250 
-247.000001 
-248.841786 
-248.422964 
-243.400025 
-240.296971 
-248.958149 
-246.105996 
-240.695933 
-246.999999 
-247.960427 
-243.871344 
-244.821869 
-246.494259 
-244.219883 
-240.315881 
-242.449176 
-245.789691 
-247.000000 
-248.373907 
-238.979284 
-247.000000 
-247.188934 
-248.453384 
-249.594264 
-246.963138 
-240.717307 
-247.911424 
-252.306357 
-245.809899 
-250.413476 
-250.093133 
-245.123161 
-241.892134 
-247.000000 
-248.605995 
-234.545683 
-244.250153 
-262.380859 
-243.273602 
-244.333171 
-250.137967 
-247.585643 
-245.601262 
-247.943215 
-247.000000 
-248.334292 
-245.849563 
-247.000000 
-248.307288 
-253.205878 
-247.000000 
-247.000000 
-247.474132 
-244.818950 
-252.963372 
-239.391258 
-242.100730 
-249.375160 
-247.000000 
-245.856151 
-247.000000 
-243.799866 
-246.053192 
-241.422524 
-241.250270 
-240.472983 
-242.236191 
-244.260863 
-245.400331 
-238.724437 
-245.711961 
-249.692605 
-240.887099 
-246.134079 
-249.041997 
-247.000000 
-250.351571 
-249.792244 
-249.665487 
-248.943351 
-246.280544 
-250.802298 
-247.000000 
-247.000000 
-245.907153 
-247.000001 
-249.065340 
-245.509541 
-241.533543 
-245.921770 
-246.579203 
-240.356033 
-247.000000 
-240.710316 
-242.898970 
-246.036383 
-252.358059 
-247.000000 
-246.942062 
-249.195276 
-248.759537 
-246.497854 
-245.914275 
-245.063744 
-248.914968 
-245.164236 
-244.827371 
-244.856397 
-249.665648 
-247.000000 
-245.269689 
-247.664338 
-247.000000 
-249.251922 
-247.000000 
-244.506683 
-247.162774 
