-103.882252 
-108.181920 
-83.111778 
-79.579074 
-98.727652 
-60.514116 
-67.749143 
-56.324736 
-17.163349 
-42.406294 
-67.032727 
-61.370849 
-65.818462 
-63.731784 
1.830494 
6.936126 
17.331055 
57.812881 
69.555000 
8.966344 
20.858311 
-17.164003 
13.368418 
29.376845 
22.592424 
28.703263 
51.945755 
12.689177 
25.705640 
11.381812 
-2.524204 
32.946400 
53.098825 
65.751583 
112.310055 
176.646412 
179.376607 
137.355303 
156.273136 
141.026160 
163.197277 
147.468533 
113.514480 
74.185472 
71.278961 
68.448312 
90.623616 
93.390950 
69.554489 
104.502121 
94.371556 
39.162259 
15.073519 
16.710639 
-1.452502 
9.434367 
26.195329 
25.525675 
20.702935 
31.833907 
8.164472 
57.555552 
54.829589 
28.227726 
23.122094 
-27.493156 
-33.246023 
-43.620187 
-42.973754 
-65.962723 
-22.741714 
0.319849 
5.840904 
-9.927625 
-24.927161 
7.392129 
56.638683 
72.671819 
61.871076 
28.122765 
18.189771 
-9.949326 
51.673639 
6.009570 
-22.072599 
-54.888704 
-22.609513 
-60.523002 
-48.150784 
-51.723121 
-111.607762 
-90.874656 
-47.690331 
-40.981603 
-62.837133 
-60.523200 
-69.839653 
-70.429191 
3.370368 
21.226733 
-40.518963 
-39.153088 
-61.419857 
-54.649871 
-60.523691 
-59.055178 
-114.875158 
-124.665709 
-131.517285 
-135.543436 
-147.241537 
-146.580703 
-113.379062 
-75.548491 
-62.362578 
-92.870648 
-60.523257 
-104.171585 
-140.718484 
-181.268313 
-180.808073 
-200.818215 
-147.243797 
-148.670815 
-103.883065 
-104.554421 
-124.339073 
-114.592914 
-85.792966 
-71.538461 
-74.332878 
-90.036606 
-116.023249 
-105.204325 
-84.609670 
-91.626485 
-116.845579 
-93.190214 
-81.524165 
-39.042251 
9.338461 
-21.228888 
-5.145707 
30.309294 
46.455228 
54.474678 
31.241815 
-22.115011 
-32.275739 
-74.254796 
-39.035428 
-63.067010 
-84.016524 
-110.765454 
-80.314622 
-39.446357 
-17.163328 
42.469546 
-3.987955 
-7.489860 
26.195803 
33.568211 
33.045893 
71.358855 
80.645671 
133.110932 
126.714826 
123.242415 
81.855887 
59.845639 
58.529080 
79.026548 
30.921607 
7.404146 
-38.843280 
-60.523071 
-62.986442 
-46.371863 
-80.950134 
-92.374401 
-61.016290 
-88.919355 
-96.195804 
-71.213128 
-27.302490 
12.933951 
55.122164 
55.847040 
67.410862 
93.585483 
127.430050 
109.147588 
67.771750 
50.760535 
47.875060 
53.137724 
69.554724 
36.060042 
42.075041 
27.731545 
38.032821 
69.644788 
112.914240 
69.961935 
54.712767 
11.774974 
11.915495 
11.843944 
-20.439758 
-24.204243 
-25.272088 
-15.291638 
-21.348202 
-20.030732 
-60.523017 
-66.053198 
-30.171969 
-42.598359 
-105.473098 
-100.233882 
-157.057695 
-138.849729 
-159.557149 
-135.284659 
-160.287652 
-139.473396 
-136.318985 
-56.101476 
-90.282987 
-63.470103 
-102.909079 
-92.690033 
-62.333359 
-79.777396 
-106.297086 
-86.902665 
-91.458257 
-59.358401 
-29.931042 
-25.381060 
-38.843594 
-17.164098 
-52.156206 
-70.852910 
-83.112011 
-52.311458 
-82.752416 
-52.686762 
-96.986186 
-23.805093 
2.928080 
14.267650 
49.093456 
40.597160 
62.396784 
71.670628 
74.094654 
47.874839 
69.554656 
47.875036 
69.554898 
61.544803 
91.080249 
66.606178 
54.938810 
62.778612 
80.423379 
83.465271 
100.609554 
70.668098 
31.738046 
48.854628 
74.106659 
60.266085 
83.155662 
88.698554 
106.885546 
38.546387 
2.208251 
-2.505750 
26.195793 
17.502352 
70.585459 
23.370074 
26.195902 
54.670442 
-6.355290 
26.195801 
31.398502 
28.351679 
26.195933 
117.250306 
71.900307 
113.287335 
127.819829 
63.742648 
112.242705 
49.146124 
30.315266 
37.887371 
47.331386 
-10.841153 
39.120025 
-26.761664 
-13.454812 
6.217791 
26.758830 
-50.071974 
-53.560865 
-73.339067 
-60.752454 
-9.187695 
-27.251448 
-36.629306 
-57.344808 
-58.332690 
-13.662688 
16.785169 
-9.258768 
-18.839194 
-58.538696 
-41.236435 
-55.599236 
-25.450750 
-26.748408 
-74.235754 
-54.945725 
-17.164411 
-9.112078 
7.470190 
-49.853577 
-6.521497 
-8.300073 
-49.699613 
-57.396642 
-86.730860 
-103.883201 
-60.524167 
-61.105866 
-70.073173 
-59.694724 
-21.499357 
-38.843996 
0.400050 
-32.327176 
-19.550479 
-17.426133 
-40.693629 
-60.523642 
-36.389736 
-103.642580 
-78.529365 
-58.970665 
-44.343069 
-12.099325 
0.224490 
-26.036676 
-2.715330 
-21.629623 
-60.523230 
-29.359914 
-75.427918 
-60.863680 
-21.618948 
-34.713454 
-33.424184 
32.914195 
3.760941 
26.195834 
24.535470 
1.646855 
-43.749186 
-10.790386 
-54.465481 
-59.958531 
-112.322853 
-102.568992 
-147.241180 
-68.733293 
-102.613889 
-125.561802 
-103.881676 
-115.706996 
-99.125793 
-104.638430 
-103.882912 
-103.881590 
-76.940789 
-90.874762 
-73.914608 
-83.819928 
-97.472287 
-106.264569 
-125.562096 
-124.205998 
-103.881822 
-94.658733 
-90.817102 
-74.851031 
-64.914229 
-39.073767 
2.216543 
-17.813094 
4.515444 
-20.361938 
-22.612382 
-15.891203 
24.568821 
23.364861 
10.876878 
-25.085106 
-15.563097 
25.942144 
29.001342 
43.765517 
26.195735 
-13.251101 
29.086205 
84.977233 
46.572821 
75.967475 
59.573385 
50.055217 
97.591707 
88.776340 
70.457206 
115.708397 
92.809828 
112.914244 
86.454753 
78.626689 
71.006565 
83.019178 
104.020007 
66.143974 
88.414076 
116.210703 
153.868757 
159.169832 
112.914552 
131.851562 
145.327362 
134.594129 
144.415007 
126.937188 
112.914325 
134.594130 
133.409374 
148.351440 
163.869965 
144.208063 
158.257890 
119.199104 
91.234542 
80.560517 
91.234759 
74.569556 
35.870542 
78.475520 
83.216271 
82.391034 
94.108625 
94.190209 
77.289890 
147.059262 
170.665408 
173.359737 
164.547198 
159.859983 
85.976934 
47.874753 
27.721896 
1.852366 
5.037431 
30.314787 
15.822510 
0.027657 
26.195090 
4.515512 
7.205828 
26.194920 
-12.199152 
-30.176844 
-61.305230 
-31.019853 
-27.092382 
-11.013474 
4.515547 
15.705473 
1.443142 
-27.143511 
-62.180175 
-63.233082 
-34.258599 
-25.004258 
-37.398037 
-79.970755 
-81.428250 
-67.754437 
-31.145433 
-63.780186 
-38.454591 
-6.944140 
19.797343 
-17.163976 
31.115557 
23.760070 
47.875123 
26.629919 
4.515802 
-18.596665 
10.348330 
-60.517440 
-486.865447 
65.156888 
55.989204 
50.220078 
-165.025945 
-113.995656 
178.726955 
-103.877048 
-569.063698 
136.269597 
-402.342205 
68.828724 
-119.396778 
203.753812 
308.338272 
-191.522988 
-47.624871 
-17.159559 
102.006732 
3.658483 
-17.161407 
-132.946852 
194.176008 
-128.832712 
-225.023069 
-759.198976 
-12.839522 
-285.870018 
-14.743000 
-40.493944 
-101.832600 
-36.906083 
-15.704284 
-326.855712 
517.259330 
-106.758739 
139.110577 
-60.522633 
87.548133 
-119.741654 
-386.106204 
-350.676109 
95.667858 
589.783319 
-335.649903 
-249.478386 
36.248199 
-60.524924 
-39.251848 
25.734501 
-90.330993 
-24.920396 
19.416792 
230.430745 
-156.092170 
-17.168564 
10.622672 
-34.365934 
-117.663810 
-19.070322 
-62.004065 
-216.890191 
88.747489 
183.089641 
-30.694712 
434.141943 
-138.322718 
-53.939853 
260.871725 
493.130115 
10.491203 
6.877990 
356.294050 
16.793563 
119.923048 
613.983671 
-54.072374 
-115.288832 
-116.001126 
311.421104 
417.584972 
97.723833 
-168.941192 
264.889487 
251.946747 
228.561179 
784.988596 
-321.659473 
727.570829 
-10.264705 
533.504963 
273.322193 
-276.237689 
273.720584 
915.069108 
-79.382482 
-170.098929 
278.498614 
351.021950 
-238.524786 
-163.555273 
187.327157 
20.332024 
633.233257 
367.922222 
-481.080974 
546.235830 
302.871408 
225.306254 
351.388512 
560.072886 
-38.129521 
-25.658493 
-266.857079 
184.384144 
286.353965 
458.969888 
-587.462230 
-361.368265 
308.644077 
142.054989 
351.393765 
-691.666986 
199.625668 
-230.101271 
147.963847 
-204.870092 
448.409978 
64.494712 
228.095626 
-679.393387 
-433.723888 
71.054089 
323.714842 
-182.793011 
88.782378 
-55.455965 
-21.242898 
-338.214180 
-25.671984 
16.711886 
362.838140 
-62.565813 
367.574673 
-915.824976 
-959.283596 
-276.005401 
-62.565553 
1.101739 
-141.622933 
22.822485 
335.195475 
-132.945917 
187.890080 
-237.012849 
459.786427 
-236.469203 
137.824140 
-781.262346 
633.226378 
-172.746019 
-113.864775 
202.054507 
-89.801737 
293.451433 
351.588413 
-820.309116 
209.743357 
-279.110153 
-58.264173 
478.405113 
-407.255033 
528.361176 
-17.165447 
156.269629 
489.425787 
-879.851751 
-120.244829 
-24.950209 
141.726305 
332.851597 
152.175730 
60.412448 
118.905648 
-110.040814 
-465.461961 
207.895657 
16.787328 
64.576942 
96.373720 
161.331345 
4.483411 
-79.919324 
112.912234 
418.817019 
850.019134 
-767.077892 
-8.296549 
-116.394396 
159.899910 
-27.641050 
459.783423 
412.767877 
-422.924911 
-171.764657 
63.225610 
-283.346624 
124.431179 
-127.036986 
-177.798308 
-513.693368 
-184.011144 
-242.604986 
416.427817 
242.802360 
13.184317 
-229.361633 
363.760251 
-19.069272 
24.258173 
-156.199167 
167.062083 
-228.371969 
147.630725 
-148.135818 
-118.277017 
-24.196014 
-530.869598 
184.628875 
30.978672 
190.535958 
-101.840495 
-104.637748 
274.668080 
-368.094611 
-187.615313 
606.034332 
-142.457326 
95.029835 
-103.881654 
242.994789 
-334.179200 
-394.353757 
243.261722 
25.308585 
-264.268873 
472.980479 
-736.870058 
311.467351 
-97.556153 
185.140605 
16.258227 
666.850506 
-436.578721 
-45.622407 
-423.474309 
-60.520468 
264.673191 
-60.523162 
351.390713 
906.938853 
-531.909451 
359.415586 
24.807483 
483.829420 
-497.143593 
-206.063120 
-133.319357 
455.020431 
-570.774058 
-26.693000 
114.943052 
-144.664764 
-383.304700 
-194.898056 
-118.245098 
258.599911 
-161.653004 
243.843237 
394.743165 
-268.634150 
-217.633521 
193.515684 
112.910751 
149.479181 
-530.888108 
568.182000 
249.459576 
-150.575736 
286.343682 
255.992331 
-367.648007 
-133.938721 
-847.775162 
-293.699448 
-208.437458 
-141.492841 
37.636051 
255.767820 
-417.023470 
62.196635 
345.179324 
664.308225 
-55.571323 
22.521164 
432.614334 
-196.659304 
258.409097 
499.907738 
36.121067 
127.769590 
-119.173254 
-319.518366 
-252.157082 
52.559149 
204.712702 
-5.982676 
-41.961296 
-260.215506 
-688.879073 
101.902469 
122.205355 
232.779465 
331.165766 
-157.087021 
9.796043 
242.987641 
110.964033 
353.714504 
130.674224 
99.220242 
-519.027681 
394.320762 
-370.412968 
-127.163322 
26.191717 
524.825751 
41.783028 
-379.442343 
-131.628752 
-345.253625 
-17.163615 
163.267374 
132.532928 
-252.858780 
-590.243716 
73.009276 
394.751027 
189.244177 
-232.240391 
-87.448593 
-50.546058 
-307.093751 
133.369018 
-249.320476 
1.619721 
-99.966890 
-192.646092 
308.032086 
-258.347169 
41.097395 
-121.621153 
-229.185903 
-169.515029 
12.225427 
-381.646651 
247.004938 
394.746890 
92.504490 
-277.371127 
73.135371 
-181.982968 
-299.536786 
-558.407670 
-477.944484 
22.979685 
264.677212 
138.932463 
-168.056810 
-17.164440 
112.916325 
97.443768 
-149.495226 
-98.420245 
-17.170272 
221.311952 
153.669292 
-252.745007 
-95.570602 
99.451810 
13.670298 
87.756708 
-17.160698 
-42.906781 
134.596011 
34.144194 
19.919937 
165.955434 
461.602259 
-148.159555 
-97.285115 
152.929364 
221.315449 
107.485681 
11.780195 
-159.638834 
-187.712091 
72.565464 
-479.383944 
179.508225 
-63.629318 
488.997088 
-404.788053 
121.063188 
438.107225 
-422.354145 
1002.825453 
157.050359 
398.982547 
-814.313097 
-2.992991 
-137.754381 
-79.901222 
-25.544459 
-235.891735 
-121.755160 
370.190470 
-277.318537 
-456.599146 
-13.958710 
-132.252826 
-135.977060 
-108.940871 
-243.909848 
271.217909 
24.589321 
237.442075 
-206.137252 
-147.241578 
-92.383950 
-400.704727 
-125.561935 
-298.229987 
-500.248213 
-103.883865 
47.872093 
-396.140998 
-468.484388 
93.259768 
-173.181082 
144.198717 
-494.974453 
-17.167155 
-139.921325 
4.513657 
-78.415009 
-219.949488 
-1.666761 
-4.666376 
-1035.465307 
161.713154 
-447.548826 
-157.333821 
-77.372431 
-456.772344 
-244.711932 
31.159423 
-643.035191 
-234.545308 
-60.524909 
246.307247 
29.956924 
-736.878340 
-417.633510 
-155.363265 
370.856831 
-60.525571 
26.192766 
-376.163201 
221.311580 
-198.653280 
-207.511254 
-267.134661 
-258.365519 
3.279244 
104.317520 
-103.884453 
-36.739433 
-318.708995 
-483.875245 
-337.731364 
-221.761855 
-4.754893 
119.275627 
-161.650123 
9.682027 
-381.967545 
-190.327501 
-194.329028 
-464.109632 
-6.729119 
-34.577624 
242.395030 
-60.521681 
-152.671179 
26.973998 
-38.840356 
-178.981229 
-298.997348 
-550.501942 
51.731228 
286.353133 
-266.462224 
105.331975 
370.689881 
803.466255 
-602.766374 
-322.123224 
402.173310 
373.074574 
-586.068979 
263.475247 
-65.047853 
394.732104 
258.269736 
601.422876 
940.888384 
100.796124 
363.473568 
741.624136 
294.454657 
61.448694 
1175.215679 
291.863705 
719.661107 
107.590828 
126.693900 
-715.551805 
-124.299985 
291.349552 
-87.722335 
202.136115 
-90.970851 
337.404362 
212.173952 
-83.262807 
646.136360 
675.028933 
104.132587 
503.137767 
893.658781 
-15.556037 
-218.006150 
44.057369 
170.809014 
1145.039304 
733.916361 
-354.818878 
282.751635 
589.862253 
-29.025179 
1184.301207 
484.285889 
651.062204 
322.930766 
215.048374 
219.045599 
1782.246872 
67.889433 
181.612138 
-23.421046 
-138.294036 
190.753553 
-388.613404 
284.186473 
313.200632 
-199.727083 
319.162278 
-95.506847 
296.449445 
203.753263 
740.613253 
-30.942884 
-211.171630 
-83.843816 
256.368513 
109.399120 
869.628097 
-260.690634 
134.685641 
-131.171904 
346.681127 
656.756708 
76.932156 
-249.480369 
-57.517655 
603.702544 
-287.282545 
958.426359 
-357.497977 
391.478875 
258.889185 
394.757076 
256.817906 
-316.102849 
-82.793117 
871.711688 
-182.954602 
-16.184170 
310.172605 
323.269347 
-445.127473 
-289.332737 
491.691848 
-683.446234 
416.438948 
210.864694 
-898.194555 
629.657451 
118.891075 
227.493200 
156.276115 
540.208553 
-457.033022 
29.271554 
-832.109673 
162.096052 
329.718255 
272.822994 
-942.071620 
-560.500562 
233.083491 
58.610341 
481.475830 
-761.612161 
589.874729 
-154.251583 
165.135580 
214.357437 
450.282221 
-395.553929 
354.803005 
-884.505353 
-357.570222 
52.050850 
177.764402 
-118.457321 
-387.242728 
-444.301270 
-700.983055 
-362.799496 
73.802255 
133.240368 
-33.387400 
-895.912339 
192.807466 
-1041.989278 
-999.194766 
-404.747385 
-220.438486 
-399.103283 
-297.629961 
23.198120 
746.811768 
-139.925989 
308.240279 
-405.544273 
286.359959 
-226.595405 
51.968422 
-626.771200 
633.235596 
-226.991594 
-300.219753 
415.030064 
-37.958068 
291.408186 
527.048293 
-867.779196 
308.287509 
-117.766926 
-662.356707 
569.399254 
-180.990935 
-103.653673 
4.523215 
275.517049 
561.525534 
-529.704725 
-43.861871 
-704.694332 
-137.953473 
1144.936495 
-369.925836 
219.442411 
90.791489 
40.092354 
-482.687394 
381.203634 
271.029833 
-43.028562 
588.487745 
262.546965 
-87.553547 
303.067154 
633.227631 
499.319510 
871.705646 
-1149.863165 
-223.066345 
-19.896183 
44.176487 
-27.547194 
373.071143 
-220.753106 
-728.133190 
332.347798 
-995.390194 
-50.913550 
395.504381 
-315.596917 
-399.998946 
-449.444063 
-381.650228 
-91.262784 
481.468071 
-168.997091 
69.557189 
-249.914375 
316.227638 
100.186119 
273.762164 
-372.921368 
300.485074 
-366.311161 
-113.535013 
-352.958904 
-292.227294 
-52.997968 
-576.773753 
359.257083 
386.425804 
-152.738437 
-147.220423 
75.839716 
197.113298 
-40.943805 
-378.967959 
157.225660 
-249.478946 
-24.905568 
199.635139 
1392.020167 
-845.873476 
-172.475462 
-443.094896 
-133.186732 
-410.933757 
187.859999 
-1283.124299 
396.554702 
-86.562140 
107.639348 
-150.505176 
508.167270 
-535.618178 
63.828725 
-237.408279 
481.475547 
91.245991 
438.114771 
416.432064 
540.214439 
-332.987201 
808.044459 
-3.832238 
565.894708 
-597.634911 
-435.798538 
-199.466901 
690.105186 
-753.021134 
-133.538323 
151.716605 
-213.332664 
-950.869240 
-4.512218 
-448.265368 
223.357921 
-464.906055 
218.021639 
351.394725 
166.288151 
-139.936419 
-485.459415 
394.753348 
-344.968929 
-598.640963 
112.915480 
481.371399 
-286.043853 
1131.861445 
-21.497795 
-320.531075 
-238.013503 
-687.881823 
-286.746271 
19.196777 
-54.855307 
-404.618290 
778.759879 
-237.542434 
0.349717 
442.187045 
461.511618 
-428.860553 
214.270563 
371.079536 
-163.816822 
150.914813 
518.540473 
37.756322 
265.129870 
4.909695 
-275.308796 
-275.690650 
-6.288058 
333.291114 
-608.111806 
-185.939602 
-380.092749 
-781.230513 
414.283543 
-263.547573 
-167.605048 
235.308887 
-312.792314 
589.976047 
1392.020773 
-1193.516935 
455.406211 
317.775876 
92.720653 
-457.039498 
589.974618 
-594.254390 
-279.216827 
568.196953 
242.999593 
542.920233 
-106.211888 
342.215390 
-599.629646 
438.120529 
-534.770335 
-180.873154 
64.664907 
-893.998785 
-384.020260 
134.601064 
221.718249 
76.280772 
121.481679 
-465.537713 
18.726266 
547.663756 
-415.245301 
-162.868490 
-106.503982 
-303.585816 
-103.881128 
-140.461592 
-725.816431 
-4.074354 
-516.476129 
-323.480147 
423.694326 
-488.572002 
561.826433 
-60.524730 
-302.853556 
-866.705465 
-138.452533 
59.410763 
-36.236126 
-647.142255 
-152.278942 
460.368934 
-82.204772 
-36.149567 
72.027659 
156.270435 
221.306188 
-66.744955 
-168.615776 
-374.733160 
524.821712 
221.304492 
104.421777 
-229.634068 
-332.412394 
469.342029 
509.319114 
108.560701 
264.673157 
-775.958318 
-17.167789 
-91.418049 
69.125558 
290.459594 
417.893675 
-302.092529 
8.904652 
222.961663 
286.363452 
662.378434 
-392.296055 
26.390787 
-643.121383 
-63.969830 
-495.856797 
-114.541028 
-234.910128 
466.479812 
-54.936304 
131.538960 
351.397734 
-322.565855 
317.048907 
-4.798877 
253.911709 
-540.541206 
-279.835701 
80.646188 
-190.761528 
161.391429 
-77.560485 
-127.747891 
-21.276295 
-38.837510 
-561.248546 
154.461094 
-410.269829 
-223.873584 
407.603022 
-539.299305 
82.802287 
97.447501 
70.902237 
-150.974647 
-82.196766 
-459.233506 
-620.824843 
-103.878527 
-561.428739 
-542.842961 
-38.836563 
-17.161414 
-212.317514 
-272.860058 
-521.929530 
-127.009628 
21.960336 
-650.447044 
4.516769 
-408.366911 
-38.841889 
-383.740045 
-373.619428 
-125.785244 
10.541017 
-761.116117 
133.832828 
-671.656889 
-139.404902 
-32.934613 
-241.398550 
-275.621795 
-102.403755 
-450.214085 
-18.705008 
-82.208883 
80.962021 
277.543851 
-598.332193 
-382.945332 
35.843349 
319.075821 
-60.524502 
438.106216 
-119.689093 
47.874258 
150.297820 
-270.107401 
-219.771938 
-317.381800 
-175.461757 
49.588072 
112.912844 
16.363139 
-208.273768 
-394.438400 
-445.311274 
-316.611333 
-168.397245 
-102.085100 
-156.023082 
-344.893878 
-464.877150 
-122.447566 
-394.873615 
-449.883796 
-36.198981 
-146.572549 
-86.563296 
91.240516 
-279.593559 
99.293002 
-298.994685 
-234.636675 
-298.995446 
-437.561370 
59.983289 
893.384847 
72.980626 
-461.370276 
677.895442 
-160.879202 
-564.112927 
394.752000 
-11.890581 
589.868340 
-347.975641 
410.277513 
-116.711334 
473.401042 
187.672481 
674.481474 
300.985960 
-233.322813 
-30.651237 
221.313167 
193.544956 
123.288709 
156.273194 
283.863615 
562.705122 
-769.962164 
20.375295 
-178.752905 
438.535497 
345.764102 
176.498398 
347.979306 
208.513016 
308.901347 
-14.558903 
449.821122 
217.647437 
81.842734 
-354.119921 
546.504758 
516.609488 
133.110342 
324.154314 
371.577324 
-90.474375 
1063.445590 
573.326023 
323.864145 
-584.297948 
698.265446 
-155.311976 
877.621861 
-279.083174 
462.547315 
-224.477438 
509.346265 
18.617593 
784.985833 
215.855668 
-308.451644 
325.866778 
649.246456 
361.211831 
62.627110 
-227.989332 
695.282649 
-19.278954 
560.855978 
122.616930 
-568.677203 
727.887430 
9.085266 
200.371758 
422.812875 
-6.880115 
-62.490733 
459.738604 
1769.062648 
212.702219 
49.034959 
-137.874526 
256.658962 
536.004697 
-192.514627 
16.354210 
-315.436161 
86.548979 
-199.488713 
654.908314 
234.209410 
746.072208 
571.317286 
325.376658 
460.303313 
5.942878 
-601.374151 
915.061447 
-268.739972 
407.389453 
250.420969 
136.415847 
255.870424 
-172.297884 
137.158710 
-403.302302 
719.943724 
542.733426 
-626.556286 
-417.714197 
532.467006 
-267.406875 
286.348238 
777.626713 
-11.642973 
325.539052 
-533.856998 
-64.488710 
633.222388 
344.659088 
-184.256187 
173.018035 
785.299910 
161.526264 
26.194360 
94.828491 
1218.579034 
163.398546 
230.110101 
-242.971385 
654.083588 
-570.307408 
320.644941 
-153.558303 
225.729818 
-2.571330 
-274.910838 
-227.649300 
9.253431 
-790.707849 
-138.011108 
197.238268 
-12.380571 
255.186745 
-105.534257 
-261.054371 
414.304512 
-121.193229 
-151.120463 
-339.296297 
-212.993544 
415.503824 
392.661404 
505.584968 
183.308255 
-153.726882 
244.727172 
256.204728 
828.343326 
312.143977 
-220.089439 
-420.724514 
503.152257 
3.472810 
-206.770531 
465.357604 
-109.178788 
39.939186 
-17.220278 
-319.690510 
76.862633 
-161.449187 
-611.870843 
393.519864 
-21.227730 
-802.897968 
-60.521386 
405.590920 
126.122447 
705.168451 
-142.115172 
-286.158158 
248.286796 
204.272099 
-778.755684 
141.526056 
-293.605728 
-359.022344 
-195.765906 
118.414361 
78.691448 
165.538442 
587.665133 
-104.867345 
-72.550114 
-189.638590 
828.343959 
-47.787810 
784.982313 
-724.809052 
-110.908873 
-297.836607 
-82.807083 
-223.713076 
351.387617 
51.346373 
-1645.259680 
-814.132518 
616.861358 
-19.220689 
620.665507 
-305.476116 
307.380333 
66.494318 
-19.859057 
-472.227070 
394.748076 
-152.219097 
-556.265856 
-478.795944 
213.780133 
-499.778832 
-138.616885 
-132.240668 
542.649484 
-384.042102 
-404.344548 
-33.361391 
-89.619362 
-212.692042 
-373.165233 
90.380721 
1.255940 
313.037557 
17.499762 
-51.605648 
-345.369561 
283.195359 
-489.149879 
127.602262 
-320.160179 
-441.391677 
373.070280 
1175.218138 
-901.103080 
-163.405961 
-232.295547 
189.635166 
-117.188493 
607.812451 
-1189.299907 
112.453015 
-451.794993 
141.306310 
-338.723053 
440.613486 
26.864644 
52.497648 
-14.704385 
611.545374 
-38.842463 
611.547797 
242.990423 
-494.248178 
-228.467609 
485.380051 
-275.938311 
104.416456 
-195.058105 
-659.700308 
136.795309 
942.116057 
-347.247117 
-179.482364 
-108.274198 
165.359364 
-471.342336 
275.264943 
-382.142551 
181.598266 
-157.806956 
-137.368599 
264.671773 
-311.280572 
-436.497522 
115.694967 
611.546782 
-49.010928 
-126.066378 
26.194937 
0.128263 
-2.697829 
1045.139920 
140.372864 
-18.153635 
-154.001131 
-495.471046 
64.604746 
-75.078486 
129.048532 
-145.489306 
146.072496 
-407.497021 
-207.429406 
-251.148093 
-87.982107 
-551.153458 
-5.596895 
118.978191 
-491.765588 
-424.185693 
-592.907818 
-136.908941 
-168.046694 
-55.979535 
-149.000368 
-195.313881 
-92.987034 
-298.955144 
9.478682 
-203.211555 
-806.431199 
-614.030064 
77.229753 
-428.684768 
-305.336908 
101.067304 
-59.375845 
165.538478 
1001.782682 
-29.093638 
81.135810 
108.470618 
49.788088 
426.038169 
177.292622 
-217.753873 
-353.073346 
568.189114 
308.033795 
-4.725933 
-268.955966 
-559.332014 
-599.622358 
524.829860 
-386.883252 
-333.236578 
-150.715062 
49.683629 
-358.118813 
351.392727 
-68.302690 
52.104770 
-42.297886 
-446.322493 
172.581556 
36.800504 
-53.334740 
87.224527 
472.920035 
104.597576 
26.196256 
-175.696353 
-506.309658 
122.247729 
-159.586827 
-246.031489 
460.490127 
-289.247843 
198.457313 
26.196192 
-105.784668 
-600.856601 
26.823619 
-157.386624 
-327.591328 
-539.335273 
-20.532861 
251.159015 
-125.562482 
-16.220333 
-144.643438 
177.954303 
47.875161 
-153.862060 
-107.649098 
-425.920432 
351.389991 
134.593192 
184.678943 
-345.249401 
-368.383562 
111.958673 
295.453553 
-84.530140 
264.669405 
-49.684884 
69.554864 
-27.997542 
-53.714963 
80.244895 
290.840849 
-318.096758 
-584.087460 
82.653522 
242.989732 
-303.997716 
215.782364 
-138.152505 
-692.875927 
-566.024121 
69.085126 
-408.623013 
-326.668872 
-103.120043 
-71.209619 
250.864154 
177.954156 
-352.441776 
-159.915139 
-253.313075 
105.005673 
-483.450624 
136.270711 
-595.443934 
-905.682343 
-195.408924 
323.521984 
228.419061 
198.680847 
-17.162745 
-467.925779 
287.830834 
27.727993 
-871.984967 
314.520998 
-454.320150 
-390.796537 
-92.936992 
97.678695 
-646.911410 
4.515865 
-529.704205 
-311.165641 
4.517637 
-911.921674 
-801.891955 
-103.882119 
-103.881690 
-448.188310 
-406.584089 
-155.805251 
-38.866878 
-434.950574 
-343.884287 
-82.203077 
-248.590352 
-60.523550 
-200.998437 
111.003790 
-261.118337 
-420.866147 
-429.273117 
-143.660598 
-409.726935 
-326.631711 
224.911821 
-231.394642 
26.909348 
-377.755912 
-128.181974 
5.480365 
-60.523852 
-233.874347 
179.539056 
-653.354766 
-318.927539 
397.060228 
193.468817 
-60.524572 
134.593633 
-268.197494 
-60.523711 
-106.056824 
-566.266443 
-243.406590 
-343.009054 
-400.144045 
133.976325 
4.515893 
-161.015217 
60.083908 
-258.558873 
-557.819150 
-193.310542 
-172.381977 
-49.071442 
-533.297410 
-93.704495 
-25.492878 
278.933951 
-53.133715 
-445.389280 
155.099211 
-175.360796 
-140.340627 
4.517469 
-153.748537 
-490.717967 
-298.998402 
18.547277 
-298.998603 
-562.729487 
-650.878524 
633.219584 
347.676679 
-312.823254 
693.055178 
-170.821545 
-676.554185 
-345.250228 
384.179649 
1131.854465 
-334.246417 
440.996623 
-112.172767 
295.792446 
210.809082 
819.365033 
236.038856 
-268.442308 
439.171912 
654.899899 
216.962575 
613.110300 
850.020019 
317.818975 
725.803997 
-172.388318 
-96.108846 
646.768801 
598.746312 
609.821403 
-340.031845 
160.509508 
255.454195 
400.778278 
649.598985 
-741.560507 
417.859618 
14.883000 
21.180579 
1131.851648 
836.150019 
-370.558218 
-153.811978 
580.738964 
701.243956 
1340.522275 
465.110788 
-691.127680 
-53.967730 
199.632454 
525.837370 
242.055070 
-255.795907 
13.672236 
-67.298766 
-286.582511 
436.034768 
546.505212 
556.351605 
-284.999879 
371.579388 
-395.312024 
156.618510 
-290.667372 
339.770416 
564.020727 
128.374353 
325.125774 
142.342986 
464.806844 
886.317498 
362.810203 
251.486516 
74.868291 
-190.199320 
-268.007549 
665.530621 
156.935634 
-37.812990 
-103.367961 
368.078150 
280.576277 
317.586262 
-308.249650 
-93.693613 
-39.429709 
555.099923 
-46.090293 
329.717667 
649.018006 
214.057250 
-390.981393 
764.758724 
161.876105 
43.130059 
-18.045530 
611.547734 
-123.844258 
224.804240 
-175.927513 
-10.874521 
-824.876119 
-120.546592 
63.034671 
-21.764720 
1305.302141 
96.259929 
-734.635859 
-124.156773 
-222.016005 
-396.098862 
199.641906 
-90.728138 
-322.162996 
-64.567030 
-257.364049 
26.429704 
741.636447 
-76.572025 
-755.546840 
-635.949200 
-230.205834 
-118.259628 
416.433651 
256.729558 
-60.520436 
-233.959138 
-12.914930 
-440.850451 
685.615712 
-694.431347 
-176.163818 
-154.443167 
-240.421281 
130.883370 
-255.090496 
-385.404105 
-502.658815 
-411.986796 
-149.105247 
-145.190547 
-61.388114 
-1185.158279 
-39.284918 
-482.201659 
540.792946 
-614.130108 
-828.965590 
-184.500181 
-737.846176 
532.535090 
343.542657 
-239.481141 
-149.850889 
-327.439203 
253.746002 
32.782202 
-103.885340 
-140.932651 
-340.847442 
-198.656568 
1001.784122 
-382.869125 
-772.984951 
133.198677 
331.887237 
203.952289 
617.367381 
-645.244749 
-354.290652 
110.864741 
-340.431134 
207.881091 
-85.567841 
-757.527844 
242.991217 
546.507952 
594.230313 
-522.383294 
-175.367717 
-390.442975 
-26.401685 
-286.650242 
310.375003 
97.265132 
94.103672 
435.175823 
85.543013 
585.502867 
-51.004348 
155.671976 
-10.921063 
25.203764 
656.144573 
14.556071 
1001.782192 
412.306931 
503.153449 
-765.880030 
-157.957834 
-239.520318 
-478.845431 
-99.303286 
676.593083 
295.689796 
-412.864655 
-362.745377 
52.226068 
-70.426574 
256.563315 
-193.308333 
298.436699 
67.992944 
-577.705498 
321.581527 
698.271749 
368.061656 
414.987982 
-705.423393 
-252.281998 
146.685086 
-16.500947 
438.213832 
-142.770530 
-182.929277 
-513.622373 
30.235219 
34.966170 
103.797400 
47.487452 
14.454845 
400.921560 
-122.752380 
-141.188347 
-162.876906 
-33.129614 
-262.250855 
85.598183 
77.825746 
-420.145759 
-121.918809 
1131.862966 
568.189120 
-677.080286 
-478.418385 
-319.583244 
-13.396088 
504.736003 
-60.356036 
-793.740186 
-255.591969 
450.424223 
-124.574393 
-226.207361 
565.807034 
-115.700087 
-222.073737 
-206.942077 
26.196393 
26.192988 
286.353676 
654.906628 
1.771506 
-380.125997 
473.728132 
-337.449452 
236.784719 
70.338944 
-390.475328 
-57.657739 
662.243371 
-485.546569 
-156.450038 
123.041351 
-69.926907 
-421.306418 
-210.396256 
-336.799969 
-191.573613 
-212.864793 
-8.260083 
-82.204493 
-378.238005 
-472.558272 
-98.152036 
-17.159629 
-29.597391 
-1725.607921 
199.634658 
872.777455 
237.112030 
524.828310 
186.633228 
-473.292968 
-38.642369 
-784.076974 
-66.231322 
-82.204007 
229.226550 
147.268965 
0.000949 
-396.955092 
347.369018 
-337.416903 
271.220002 
-20.277851 
-225.742943 
172.987796 
-5.053337 
-121.622516 
372.935667 
293.995685 
-140.909311 
-132.957667 
-102.852690 
-81.251908 
189.679109 
480.536516 
-237.426254 
-237.688022 
63.992041 
-588.849148 
327.299971 
-4.341916 
-108.623875 
48.354911 
172.848626 
690.855296 
524.828552 
-157.325351 
-375.306726 
98.312854 
19.598687 
-38.980714 
567.512218 
-244.607145 
47.833106 
221.316693 
134.595173 
4.543713 
-0.795882 
76.315794 
279.131039 
177.955530 
285.977284 
-557.202651 
-63.666631 
158.479518 
-363.174274 
-17.171556 
-10.952157 
-641.724277 
237.261382 
327.041427 
215.271143 
78.211386 
-110.678539 
-572.747263 
193.682631 
34.295974 
654.902579 
621.026523 
-708.202210 
140.981322 
125.268020 
-227.620900 
237.425065 
-520.044436 
38.299148 
221.307385 
-302.352669 
-300.438914 
-230.632964 
-223.486138 
-41.127646 
-816.523073 
-252.420709 
-237.079115 
-17.163339 
-227.424320 
222.860657 
351.384858 
-125.558369 
-225.378206 
-25.318741 
-427.053210 
177.953706 
-125.567924 
78.951244 
-784.615675 
-132.058968 
29.866035 
-330.635501 
63.312649 
-17.171609 
-434.503005 
329.723533 
497.088252 
-228.041007 
81.417203 
-72.983449 
-177.539207 
-628.382624 
378.372622 
-559.159302 
158.633635 
-36.559739 
263.607036 
-16.118493 
16.446223 
213.503286 
160.639491 
-172.890815 
1789.190174 
-395.189444 
419.070394 
-17.171632 
-115.006753 
30.120465 
229.621911 
198.820802 
-237.528834 
-160.771853 
-44.286668 
-263.819394 
85.263904 
-342.614697 
98.549186 
-131.944615 
-38.841661 
-487.479252 
-93.498390 
-78.237370 
574.359458 
39.154007 
-252.273963 
-610.921811 
-315.717975 
129.495171 
19.894564 
-60.521514 
-102.710314 
-702.066320 
4.516636 
-454.830306 
136.135743 
26.198981 
47.880021 
-254.840022 
-529.637072 
-321.102305 
136.695379 
-117.648492 
-363.919843 
-17.156446 
-246.245139 
-17.158369 
-399.086017 
420.678445 
-216.989273 
-179.701590 
-715.146405 
-362.501515 
-399.446070 
268.256501 
-8.879917 
-196.362899 
194.866172 
-377.552440 
-259.212231 
-176.040802 
26.203915 
-110.811848 
224.189782 
-440.186207 
-221.277231 
-78.328544 
-137.803167 
351.396568 
26.202378 
-947.500980 
134.601519 
-776.987850 
-78.090212 
-763.276874 
-59.866270 
-308.278157 
-213.628931 
91.241599 
147.750255 
-438.684426 
-133.326055 
-164.241750 
-252.926598 
-120.045585 
-126.559883 
-411.542569 
-94.006776 
-89.024481 
-464.377361 
-121.601550 
-391.862785 
557.458133 
-500.605215 
166.920037 
-298.996991 
-299.438657 
-161.881371 
-298.994919 
189.615870 
-298.997921 
-625.762085 
-245.065617 
915.067854 
53.037028 
-173.851939 
697.148105 
-145.483420 
-595.484270 
-90.873714 
-2.916338 
1261.949528 
-669.924404 
611.559971 
34.547161 
4.955633 
-12.306143 
1291.915921 
317.458644 
-197.374976 
354.938051 
308.036368 
11.395834 
641.400023 
589.872499 
337.133822 
298.441083 
-154.093089 
-197.340131 
996.838039 
678.566133 
371.584479 
-113.651377 
32.247895 
-56.834226 
233.351663 
163.996765 
-601.665302 
339.358928 
8.038732 
-250.609728 
1131.862751 
616.200863 
-116.616322 
46.154617 
243.434741 
440.019751 
1117.296694 
164.786942 
-441.562538 
-70.990470 
286.346819 
-115.187573 
156.035812 
-152.111762 
19.724894 
-244.802284 
-397.613472 
190.155725 
416.429294 
91.882211 
-740.628636 
-202.046004 
-508.551609 
-149.336787 
-442.739823 
41.141008 
106.526756 
-443.126408 
-86.006362 
-454.699438 
542.564385 
394.547524 
164.098239 
-42.769714 
-361.407866 
-151.472057 
86.458739 
744.018581 
-26.287008 
0.832554 
15.960475 
-178.979045 
131.424898 
178.839000 
-279.538072 
-665.268857 
-342.675913 
-68.310881 
-27.359817 
589.868168 
0.010344 
-58.079026 
-248.176650 
625.998706 
441.841683 
-115.910743 
205.376845 
459.790989 
-174.952583 
-274.182487 
92.587420 
-473.799142 
-277.128173 
16.631212 
329.750009 
227.446769 
1045.141349 
239.845536 
-646.225612 
324.259072 
153.681029 
-79.600220 
1001.774886 
58.578380 
193.424656 
212.240532 
-94.678549 
21.615502 
156.267874 
347.888208 
-533.802311 
-98.962254 
-20.087216 
75.263170 
1175.205946 
-534.673640 
199.636697 
-133.715871 
458.044560 
95.471330 
609.354707 
113.667728 
5.101679 
44.615571 
320.208541 
356.746879 
-126.908962 
-578.348681 
-18.013854 
-298.858441 
-62.586998 
-156.276501 
291.433200 
-1133.675525 
70.645760 
-338.641261 
31.545427 
-242.127144 
-519.760150 
255.146459 
-203.360728 
909.004722 
-142.830568 
67.629650 
144.593019 
-178.077023 
484.873953 
140.309904 
286.350292 
154.025223 
-118.814602 
-222.369427 
242.989261 
-92.243845 
-453.497674 
123.144210 
197.983310 
189.057012 
281.232320 
278.796753 
-498.271333 
-214.197399 
-75.184773 
-214.178493 
121.515121 
-971.029084 
416.427263 
535.668249 
-108.670635 
-422.425834 
-465.019567 
-187.746127 
-251.695228 
24.168700 
-521.583250 
-267.482644 
24.155052 
108.638603 
1.620416 
-227.347642 
-36.442572 
103.942410 
-111.004544 
277.732815 
567.402410 
75.287125 
611.547626 
507.659494 
611.546636 
-899.980441 
-719.653031 
-491.242333 
52.157694 
250.680981 
828.339108 
223.271315 
-1145.797494 
-411.957867 
-76.302197 
135.319270 
-76.740270 
-275.693750 
-320.961827 
267.611737 
-150.930628 
-175.142320 
242.993388 
696.862908 
546.509389 
-357.197151 
-430.473195 
163.514260 
294.576932 
317.533305 
-127.202886 
-418.649133 
-694.045277 
119.477981 
87.601557 
97.879944 
92.817819 
-128.690885 
-8.159986 
-167.950802 
1.394732 
-236.185938 
-46.856153 
-393.225566 
-329.558289 
90.672911 
-383.490012 
-43.865069 
654.908291 
373.072637 
-331.520449 
-671.703000 
199.955389 
-485.905080 
-256.737733 
-192.845713 
-627.144382 
260.496838 
227.451974 
392.826089 
-217.762552 
534.014737 
949.157661 
433.877261 
-239.771729 
69.555761 
438.111635 
784.986108 
308.034151 
104.828766 
-124.972707 
744.667544 
205.226343 
205.831742 
-359.629392 
-134.391952 
186.100047 
534.122542 
-277.631500 
-537.264709 
158.113509 
-407.602670 
-594.488171 
-103.185181 
-393.361524 
192.199788 
-138.886657 
-703.424751 
-147.240509 
193.039582 
-101.054443 
-394.571969 
373.069542 
-66.536084 
-588.439040 
958.418433 
331.994986 
-20.384951 
394.750825 
-67.751823 
-307.470263 
-243.770172 
-41.558980 
-650.910862 
-155.379290 
-12.180740 
-431.931853 
-226.990816 
-604.352034 
-376.040246 
-228.453101 
-265.091213 
-79.643014 
-53.308971 
376.116935 
496.493366 
545.092498 
-113.914436 
-219.464094 
121.157593 
198.122485 
-124.009421 
-401.074459 
84.584298 
406.528949 
252.002286 
14.226366 
-493.922716 
-341.768843 
120.931751 
-271.400282 
-307.236802 
163.992483 
155.671548 
287.410653 
-17.169857 
-226.030015 
-168.177098 
80.209389 
259.043020 
146.235129 
160.416189 
-282.670697 
-346.288895 
264.665890 
-60.526954 
-262.020824 
204.721988 
97.045854 
-299.005508 
-17.167333 
362.417385 
-38.020322 
272.848503 
-109.205057 
-70.367238 
438.109693 
-166.011132 
-265.954352 
-86.429546 
373.296025 
67.816210 
87.568029 
172.892297 
24.210737 
469.923965 
281.357907 
-17.165152 
-889.793083 
-838.288707 
182.339293 
12.201815 
-416.738123 
82.836971 
-512.737561 
-206.162921 
-17.167473 
-525.642174 
-313.431438 
222.737123 
-221.794078 
-175.809159 
-1173.676095 
-278.149808 
125.786479 
308.029708 
54.937868 
-193.905459 
4.516275 
26.193850 
215.455954 
-141.986897 
-83.323934 
-17.171328 
4.515905 
-63.732898 
-183.370422 
-102.697163 
-51.421622 
-31.973811 
-117.750899 
221.317416 
-217.698155 
221.315132 
288.165988 
-244.744285 
73.407591 
-144.078134 
-183.604858 
-504.301816 
320.412221 
351.387640 
36.682678 
3.818189 
-285.669886 
-305.034790 
-46.271694 
-188.030760 
-412.417750 
-44.201839 
1871.000311 
-466.330254 
326.204904 
-17.164489 
-470.428484 
100.797989 
-212.232336 
8.714027 
-529.265330 
20.014327 
-382.479876 
-391.669864 
-116.154449 
-337.763327 
-125.479459 
-92.375019 
-38.848385 
-343.517275 
30.900987 
170.550362 
139.076627 
-178.391277 
-192.712893 
-195.096305 
-295.162264 
314.702087 
-158.613166 
-60.527733 
72.117893 
-367.560224 
-82.206212 
-24.068658 
-196.967040 
-103.889607 
4.513533 
-573.997604 
-527.934858 
222.606924 
89.086101 
-36.244439 
-445.319390 
-17.166220 
166.141121 
26.192827 
-188.586183 
-24.936734 
-191.870350 
-253.716284 
-260.572192 
90.438816 
-394.298410 
117.464626 
-38.269754 
-350.470073 
-220.040151 
-279.026935 
-362.551927 
-51.338100 
264.671186 
-223.908649 
-426.258313 
-385.359797 
-236.811236 
-153.161091 
106.523345 
-38.845802 
-82.204159 
-723.570303 
-60.526521 
278.104184 
-333.753938 
-500.691712 
-410.732090 
-289.355929 
251.381381 
-299.000337 
31.700629 
-52.549223 
-258.960042 
-563.969153 
-38.842017 
-312.007211 
168.639704 
-179.846982 
-517.101120 
-374.826395 
156.166846 
69.075779 
-348.742779 
-246.096152 
-430.135793 
79.983730 
-299.004597 
69.092826 
292.035677 
-299.002281 
-29.957458 
-299.000945 
-564.863522 
-32.972076 
806.670870 
-568.121502 
-306.475537 
734.509120 
-78.522797 
-272.071529 
24.759887 
116.240481 
286.355766 
-543.059892 
69.999106 
462.274460 
-73.183521 
365.636879 
985.361034 
576.782985 
-149.047411 
467.876742 
264.675887 
565.080440 
491.282472 
828.348645 
659.388633 
467.506431 
-916.536491 
-174.635114 
775.320336 
635.033102 
283.908381 
328.354637 
129.295239 
227.992693 
573.243023 
122.583224 
-274.028141 
234.347132 
119.742432 
372.162406 
589.868005 
532.683340 
590.911092 
88.566939 
146.428230 
523.090851 
1135.004136 
473.532013 
48.641655 
163.742923 
1175.214320 
140.504421 
822.557972 
-111.289132 
467.357268 
-34.776218 
766.936806 
-282.692744 
784.983967 
166.899599 
-348.806161 
277.704423 
-151.023300 
-0.643413 
80.692153 
-125.652497 
227.393162 
-357.545258 
-454.348477 
-183.482161 
412.985680 
302.323093 
130.737761 
-164.499452 
-517.975507 
-134.622276 
196.061074 
1060.430553 
1496.444660 
-476.787495 
74.134162 
156.839018 
107.504817 
125.682070 
130.113434 
-478.585571 
-333.818476 
20.245548 
90.973843 
719.947706 
-23.542276 
-45.205295 
40.508543 
256.002343 
417.216089 
-188.463668 
-247.219452 
416.427085 
-454.270476 
-389.013882 
769.428738 
-244.388111 
26.125205 
464.169312 
-43.324868 
-91.807772 
828.339204 
349.977082 
-418.303770 
452.494604 
-75.150380 
-358.539578 
1391.994436 
135.768791 
-165.736216 
200.170365 
97.259159 
366.932566 
199.627251 
593.657724 
-581.947046 
-441.273203 
94.879354 
52.449745 
1305.289050 
-456.160599 
242.973875 
178.887447 
528.809716 
200.577905 
381.084279 
83.278822 
190.058222 
37.187345 
179.757683 
47.399392 
-61.265182 
-531.807238 
-140.533783 
-84.219713 
-598.266528 
238.558936 
292.691719 
-262.426915 
-189.265147 
-464.007598 
151.394733 
-407.833397 
-601.621844 
-147.156701 
246.565100 
281.918513 
-419.108893 
396.330252 
17.722351 
235.065216 
181.321025 
676.319919 
503.148888 
30.825286 
120.757821 
-198.831309 
373.069472 
-538.594715 
-495.402105 
601.671776 
-444.082247 
363.829688 
224.219268 
134.086827 
-482.923909 
-223.357299 
-217.700464 
-185.742018 
673.958450 
-764.734417 
524.829998 
373.066079 
41.721672 
539.691507 
-250.284887 
580.868086 
-253.453566 
408.646061 
-392.515463 
-48.908453 
-298.354778 
-329.805857 
82.706861 
-144.633866 
131.204367 
119.665639 
364.800901 
617.166634 
89.499845 
652.855734 
438.111150 
456.499495 
221.315818 
-1007.991556 
-603.257319 
26.175151 
-333.492547 
719.174601 
481.469432 
-59.610252 
-1085.557113 
502.680340 
-356.184778 
254.398903 
433.280196 
-580.423811 
-621.633728 
160.674419 
-292.110628 
-58.383219 
546.509038 
478.223051 
-671.885997 
43.755173 
273.137253 
-411.175895 
464.521264 
-216.675596 
-60.418439 
-717.177937 
-212.931337 
-22.823701 
-38.034159 
151.135304 
-266.766190 
-82.848348 
-328.311251 
239.413760 
378.176548 
-289.758496 
348.939168 
-522.991789 
-717.765701 
208.671806 
456.290959 
-87.972026 
589.867397 
1001.782120 
-679.830931 
-442.827133 
-91.864549 
-410.929007 
81.495771 
186.790155 
-1004.585652 
-37.509918 
-124.452332 
-0.209594 
-295.752607 
287.287385 
670.744768 
357.690072 
-309.010967 
611.545986 
373.071775 
351.393775 
286.347037 
274.527048 
-127.667467 
901.916418 
422.233901 
111.594198 
-711.984903 
-461.547348 
172.870702 
300.695948 
-404.565327 
-293.302361 
-282.493481 
-260.406671 
-379.070593 
-7.868908 
-138.954897 
213.346140 
-461.311316 
-760.602681 
568.184838 
73.487466 
306.112052 
-707.809732 
958.420615 
-279.662204 
-275.519702 
503.146085 
184.907518 
-303.290765 
286.350435 
232.883823 
-632.553818 
-478.679082 
378.480611 
-1039.840222 
-146.289682 
-126.199333 
-514.314502 
-136.743269 
-387.548829 
-278.898203 
-274.177541 
-450.549938 
-714.563736 
-131.690684 
347.485473 
68.766060 
-44.740114 
-229.647339 
34.163281 
48.377440 
35.538215 
-338.447759 
-439.484083 
-16.436810 
-1.162387 
38.780778 
-228.915346 
-234.026557 
-412.332633 
70.532791 
-539.351572 
-474.186044 
631.331498 
-84.674250 
-124.543090 
-17.162871 
-395.959709 
94.726446 
-48.458245 
409.239742 
160.585817 
130.160719 
-234.130355 
-121.825982 
47.877697 
26.201553 
378.206229 
-20.589693 
-86.868246 
-553.379265 
611.550638 
-10.023323 
12.403641 
52.076220 
-754.512939 
-612.225862 
-17.162048 
85.135601 
-249.527816 
-341.206430 
422.579344 
-201.186316 
23.259670 
189.552600 
34.315847 
360.341665 
183.725940 
308.033791 
-1298.959661 
428.624520 
93.692990 
-177.561808 
-343.117625 
121.136798 
-671.210327 
171.777646 
-60.527551 
-341.119762 
-787.618822 
-69.158250 
-650.741037 
-439.697676 
-863.955290 
29.023609 
-475.182222 
308.025194 
-98.738660 
-233.833836 
-103.891409 
438.107695 
138.442120 
-125.987050 
-266.178300 
-17.165142 
-17.156926 
322.988310 
-414.632852 
17.267559 
-455.765712 
212.765852 
21.744667 
221.310855 
-285.440784 
-103.887393 
-316.734936 
-95.568467 
116.323494 
-452.260539 
-6.320556 
-737.707827 
-67.399142 
546.514043 
77.226026 
-137.619897 
-375.765855 
-224.539879 
-390.608773 
82.688746 
86.698727 
-145.428157 
880.770160 
-518.945134 
151.206591 
-17.162250 
-68.683461 
397.435269 
-142.500703 
177.738389 
-419.154892 
-53.213559 
-37.135602 
-441.103002 
-95.745321 
-372.163304 
-146.520777 
-8.848786 
26.201737 
-562.777790 
-20.188185 
144.311814 
-1245.110113 
-320.965112 
-480.685815 
-360.320545 
-188.232483 
89.090656 
-508.619232 
47.882037 
-321.065811 
-464.600516 
26.203435 
76.767348 
-145.485903 
47.879700 
47.876605 
13.471778 
-524.439436 
12.799002 
205.654660 
269.238872 
-446.334471 
26.199228 
-143.298235 
351.396330 
-186.026632 
-202.389709 
-128.849475 
-583.110654 
-697.063367 
26.810401 
-192.971761 
-222.721871 
-138.620487 
-171.041397 
-526.176081 
-96.053645 
-273.719041 
76.490539 
47.874515 
-207.139525 
68.992628 
-289.946868 
-427.590525 
-47.312305 
89.148363 
4.515368 
-60.522739 
-287.663901 
-38.844744 
457.736512 
71.398829 
-63.133732 
-110.759337 
-450.118240 
273.805064 
-299.002545 
20.194747 
-158.055619 
-316.133790 
-817.958580 
-298.993783 
-183.721352 
383.877890 
-138.425719 
-478.479821 
-562.353209 
130.591902 
-121.225858 
-170.713812 
-324.306138 
5.049977 
39.464947 
-298.999450 
476.472280 
-79.140168 
-298.994971 
177.399041 
-298.999007 
-695.156269 
53.865650 
871.700046 
-151.357171 
158.509597 
217.434754 
-323.239017 
-797.416907 
440.996945 
566.046943 
373.065407 
-195.883606 
-518.673374 
-502.935876 
669.887102 
396.250339 
379.350969 
53.828393 
-545.192647 
174.620285 
26.193087 
356.006994 
614.589995 
503.144697 
918.912351 
382.302887 
-1032.625690 
617.448875 
1042.673361 
362.054331 
376.368683 
14.511053 
-511.684035 
-26.741414 
385.126949 
-391.531498 
-189.748390 
232.115770 
112.573866 
477.269708 
828.343935 
257.387665 
53.930087 
127.798796 
400.074806 
292.327867 
782.987327 
-239.709511 
-235.259123 
-99.195977 
784.984521 
-360.276307 
690.096956 
271.262416 
37.574054 
-485.986055 
562.629437 
-326.820299 
199.635274 
505.178592 
246.078860 
454.326971 
58.572921 
190.795101 
166.801827 
-155.595585 
539.050736 
-574.704532 
104.818620 
39.536566 
-224.479904 
163.690158 
60.417170 
-234.011895 
367.888152 
244.698965 
-160.167048 
409.908133 
1309.814603 
49.846741 
-55.606755 
464.937529 
417.515798 
21.660818 
-258.128183 
514.146559 
33.953039 
-26.758959 
-110.143588 
1392.013019 
68.686206 
-85.944648 
-192.709197 
-90.874913 
552.172869 
-232.714178 
-47.290931 
611.548767 
-244.387487 
-330.726914 
144.234013 
5.925839 
26.020433 
272.537871 
151.825106 
219.963915 
568.188274 
38.019093 
-219.856371 
25.806760 
98.702710 
183.240658 
459.788940 
14.322945 
44.222342 
86.616286 
505.557935 
-113.903456 
459.790704 
265.024807 
-73.202704 
-143.719467 
177.403864 
175.423156 
112.915208 
-125.463443 
806.665037 
470.615045 
312.146983 
147.436777 
358.509801 
4.067624 
364.615139 
-130.665883 
-429.094898 
-550.241726 
-420.429791 
-75.405112 
-51.714498 
-791.620381 
130.731408 
43.937673 
507.246986 
68.200034 
-322.145818 
-385.337475 
-85.075932 
-962.470574 
-878.935771 
-138.737213 
-74.363798 
-537.442007 
-436.325959 
180.197833 
-201.340947 
-284.359087 
150.541592 
417.571747 
546.510496 
-226.490842 
396.851200 
-579.420135 
481.467130 
227.901285 
-669.179524 
342.154400 
-284.529638 
7.687585 
-26.355090 
-50.821708 
-550.397294 
115.877639 
-80.215740 
-312.141567 
118.343144 
-352.322922 
329.716572 
579.025585 
166.592475 
506.110318 
104.660513 
-102.263506 
339.470760 
117.422009 
-886.256828 
-107.833329 
-405.579957 
81.722841 
-584.388910 
-199.394409 
-634.053380 
-420.397043 
186.635252 
783.574710 
339.313834 
-66.151928 
264.671507 
2.551697 
221.314142 
209.140162 
-43.530849 
-143.978030 
-561.067408 
151.718693 
698.267216 
293.260277 
-747.709854 
274.555516 
29.595173 
297.023841 
81.184772 
-711.788653 
-148.940396 
26.108907 
-225.317056 
-31.256178 
416.430292 
184.848128 
-738.373941 
-229.218578 
374.738377 
-223.265891 
47.443327 
84.148003 
204.511457 
-493.042555 
-716.103563 
116.991776 
171.163433 
131.866849 
-246.349282 
-726.589679 
-702.482174 
-3.110691 
115.125789 
-201.639687 
-23.638496 
-35.365834 
-824.621070 
252.916034 
287.565520 
-447.320026 
676.585795 
1131.857672 
-708.279430 
-41.095351 
-15.256329 
-751.697252 
190.619638 
118.265800 
-965.531451 
143.781580 
-642.129825 
-345.298761 
-546.621881 
128.741915 
262.627089 
302.507400 
-615.518395 
394.747503 
242.994355 
112.914565 
286.351681 
499.945031 
-121.943918 
294.356845 
-45.067024 
-50.411573 
-478.415606 
-148.019936 
-4.894775 
530.828916 
-866.217338 
-191.199868 
-288.442306 
-213.113200 
-725.335986 
-229.909891 
145.822728 
119.522849 
-132.521512 
-736.818466 
438.112010 
66.325999 
285.628218 
22.589989 
1131.861719 
-142.858032 
-585.987909 
741.625539 
68.641530 
-96.429567 
286.352483 
464.125703 
-331.151146 
-568.430200 
232.155433 
-262.966575 
448.933632 
254.036824 
55.274337 
-5.476693 
-212.193443 
-31.508199 
-155.150869 
-469.945361 
17.886068 
-121.125699 
-38.071612 
67.466705 
-902.635523 
-267.543426 
194.149947 
60.055356 
-399.034311 
-126.715157 
-270.840637 
-180.178076 
-22.156466 
-250.067011 
-321.833736 
177.772725 
-509.062361 
-56.147209 
-399.230444 
53.603915 
695.337779 
124.318163 
-69.256646 
112.909148 
-134.765775 
80.762469 
76.778758 
342.717700 
-115.787070 
210.376367 
-281.086619 
-290.748750 
26.191788 
69.549184 
138.016788 
-126.415064 
-192.580687 
-645.880021 
394.747023 
-4.273518 
-131.122265 
188.227410 
-142.662349 
-24.384738 
-17.165976 
58.893799 
-211.269253 
-200.236776 
-86.253366 
-18.680086 
-197.647642 
-134.430980 
-316.130115 
115.844921 
66.657729 
221.309682 
30.261725 
-597.096567 
453.363255 
-30.287494 
-525.424080 
79.225379 
-472.349454 
257.486827 
-147.241487 
-112.790309 
-627.372835 
-31.584237 
-393.621820 
258.740079 
-34.223837 
-50.212081 
-301.528233 
91.235180 
134.885518 
-153.575163 
-60.521020 
524.828384 
-328.966232 
-46.911951 
-416.026882 
-17.162737 
-17.162922 
579.044927 
-252.749478 
37.972506 
-193.251816 
176.958510 
379.219120 
351.390174 
-40.198279 
91.234740 
-249.229504 
233.945189 
-257.185133 
249.016316 
161.223527 
-413.186688 
-315.766910 
546.507479 
397.596511 
-177.052334 
-225.048995 
422.762740 
-254.445494 
155.221982 
38.124660 
206.047738 
180.577723 
-508.769229 
326.176147 
26.193906 
-124.430434 
532.644915 
-179.499675 
101.477655 
-454.949481 
478.235614 
241.246174 
-99.316733 
-175.494162 
-141.213125 
305.473077 
206.441922 
69.554127 
-616.343940 
79.211216 
546.526467 
-1308.629946 
-11.930828 
61.772084 
-188.418696 
-83.680682 
272.441558 
-111.239367 
47.874151 
300.358435 
41.306469 
-103.883284 
-443.884913 
-591.674018 
-82.202978 
-125.562123 
-340.421904 
-523.124280 
-316.651520 
-39.474015 
-2.920864 
-221.688094 
-147.242716 
-196.859702 
177.953119 
-111.270897 
-80.794407 
-27.116253 
-478.873839 
-342.984599 
-56.349019 
-239.581404 
-253.496065 
82.775201 
-33.409689 
-451.161499 
-166.481312 
-57.842313 
-43.132834 
-60.522790 
172.749058 
-426.545891 
-371.408673 
98.634586 
-29.872976 
-46.033782 
-17.164747 
26.194119 
-449.719226 
91.235034 
-501.834408 
-315.908560 
323.678313 
-256.397348 
-427.331166 
-255.304144 
-299.000731 
-13.812072 
334.000849 
-207.443101 
-726.928021 
-299.001116 
75.598520 
-677.953177 
-540.499819 
-172.101317 
203.915570 
-224.797755 
-321.480797 
-631.292234 
-88.299727 
137.808120 
-196.269917 
-299.001777 
373.100087 
-423.119628 
-299.002651 
-147.946035 
-299.000851 
-538.433121 
-325.279747 
-299.000001 
-305.917412 
-297.610873 
-286.862921 
-302.162898 
-303.761887 
-299.000000 
-302.865574 
-299.000001 
-303.025674 
-293.799238 
-315.293199 
-295.417363 
-283.636607 
-303.466490 
-293.628362 
-305.228276 
-292.288013 
-277.320313 
-299.049384 
-298.373790 
-299.000000 
-288.368046 
-296.232105 
-283.060070 
-286.063042 
-285.330765 
-300.035564 
-286.722736 
-301.069378 
-298.593820 
-274.686291 
-296.258691 
-302.252837 
-303.019498 
-297.488903 
-281.622831 
-305.776834 
-299.000000 
-298.904954 
-299.098908 
-318.265795 
-280.068747 
-295.231720 
-292.794738 
-291.550275 
-299.089104 
-299.831469 
-299.000000 
-294.555037 
-279.765778 
-300.683185 
-284.874940 
-299.000000 
-284.180515 
-305.065455 
-277.320313 
-289.282743 
-292.961920 
-269.702523 
-299.587071 
-294.559252 
-303.716795 
-303.211405 
-296.186124 
-295.111727 
-311.358025 
-299.542238 
-297.718837 
-305.123453 
-313.338420 
-283.023263 
-291.106373 
-295.605633 
-290.564348 
-289.032760 
-299.000000 
-295.101983 
-278.434728 
-290.344093 
-287.590637 
-301.182725 
-293.799237 
-295.095832 
-301.735693 
-297.111448 
-277.320533 
-299.000000 
-308.581772 
-302.929643 
-282.859117 
-298.999999 
-299.908700 
-301.038725 
-293.743400 
-277.320312 
-305.292487 
-299.177504 
-303.985451 
-307.219409 
-293.259264 
-294.356136 
-288.830247 
-306.401632 
-299.000000 
-285.680257 
-301.572540 
-295.553017 
-293.123480 
-301.135642 
-299.000001 
-296.040290 
-298.180287 
-295.315960 
-299.553826 
-287.414351 
-299.000000 
-296.636661 
-283.986278 
-289.726785 
-301.646571 
-300.093183 
-299.000000 
-289.920483 
-299.000001 
-303.875715 
-292.298502 
-295.376023 
-291.940131 
-285.232839 
-299.811254 
-301.139474 
-294.312218 
-299.464560 
-296.518837 
-289.157688 
-301.619206 
-304.063316 
-286.511093 
-293.092718 
-300.515945 
-299.000000 
-298.954555 
-292.838376 
-291.524044 
-306.925994 
-292.990411 
-300.379568 
-297.339631 
-303.694649 
-294.812666 
-296.730134 
-301.721929 
-298.953702 
-302.951719 
-303.703370 
-299.000000 
-286.664601 
-290.422675 
-292.257620 
-299.000000 
-286.657352 
-301.693081 
-294.288013 
-288.698824 
-296.997836 
-309.876472 
-291.086974 
-302.556265 
-297.308435 
-300.617696 
-289.043638 
-298.098722 
-310.181689 
-277.320312 
-288.160160 
-301.670149 
-296.040290 
-299.216333 
-297.157679 
-292.403001 
-294.891921 
-292.328397 
-310.859043 
-295.187918 
-303.727754 
-285.397176 
-299.514597 
-301.112377 
-308.587042 
-299.366306 
-291.723492 
-297.061689 
-291.213582 
-299.000000 
-285.361555 
-298.999999 
-302.055567 
-305.617797 
-301.879993 
-289.166528 
-302.630231 
-299.000000 
-299.660860 
-285.566093 
-297.577540 
-307.496685 
-295.600188 
-291.464080 
-287.208025 
-299.966364 
-288.181858 
-303.732191 
-286.587864 
-277.320312 
-301.313741 
-299.000001 
-295.837977 
-275.151181 
-299.587072 
-297.014477 
-280.999638 
-303.645522 
-288.671752 
-289.746227 
-299.740375 
-294.898648 
-299.070244 
-304.126568 
-306.255275 
-298.380443 
-300.874406 
-302.358722 
-294.964877 
-310.352052 
-303.674069 
-294.836206 
-285.557732 
-281.158664 
-302.972889 
-298.999999 
-299.000000 
-292.486163 
-287.787513 
-282.174947 
-306.776013 
-292.598667 
-307.544484 
-297.578196 
-283.107009 
-300.863369 
-296.207401 
-295.812568 
-293.093800 
-290.047971 
-305.656621 
-294.533898 
-299.000001 
-298.999999 
-299.000000 
-298.999999 
-296.040290 
-300.131196 
-301.989425 
-306.252347 
-296.633950 
-306.525531 
-284.258070 
-286.803204 
-300.437453 
-302.996428 
-299.330245 
-292.268036 
-279.673141 
-304.074580 
-304.553247 
-286.897978 
-300.473533 
-297.684771 
-303.451543 
-299.000001 
-304.747831 
-284.857910 
-306.500723 
-299.000000 
-293.611410 
-280.068747 
-299.000000 
-296.152191 
-296.624899 
-298.999999 
-298.999999 
-300.023089 
-304.277673 
-277.320312 
-298.077866 
-303.875715 
-295.596658 
-296.197414 
-297.483411 
-297.295373 
-302.925626 
-294.573486 
-311.814908 
-304.057788 
-297.242744 
-303.434113 
-304.483170 
-298.493592 
-301.774728 
-318.027629 
-300.497719 
-290.456075 
-304.285573 
-294.121601 
-299.439612 
-295.068362 
-294.578005 
-304.181515 
-293.259263 
-286.000404 
-309.486996 
-287.726608 
-292.282842 
-302.252837 
-298.197907 
-289.488054 
-299.000000 
-310.088770 
-297.776588 
-287.287768 
-288.362934 
-301.774728 
-307.512048 
-294.995223 
-293.264135 
-298.999999 
-299.000000 
-299.768480 
-304.547821 
-294.644972 
-275.874999 
-298.999999 
-287.520536 
-295.011333 
-301.589640 
-283.137746 
-299.032306 
-299.000001 
-296.024615 
-282.219107 
-311.394530 
-294.130002 
-293.312561 
-298.480787 
-297.439512 
-288.803307 
-297.578802 
-296.496734 
-299.000000 
-299.000000 
-299.000000 
-298.679143 
-308.013929 
-292.009181 
-294.456994 
-294.519396 
-302.845019 
-299.000000 
-317.542069 
-295.698833 
-298.392880 
-296.190002 
-303.900731 
-295.231720 
-293.052399 
-300.462958 
-299.000001 
-293.208262 
-292.122158 
-299.000000 
-299.000000 
-304.193330 
-295.150831 
-302.845017 
-299.000001 
-299.000000 
-281.066248 
-299.000001 
-309.373261 
-299.043080 
-303.051235 
-291.469465 
-299.000001 
-297.645019 
-299.000000 
-299.339226 
-303.299010 
-300.203672 
-301.127999 
-295.352395 
-292.208549 
-294.644822 
-320.679689 
-298.032736 
-291.909801 
-293.123480 
-298.545853 
-297.511058 
-289.698921 
-288.423303 
-294.131252 
-298.999999 
-298.389843 
-280.980471 
-299.000000 
-302.417427 
-301.601308 
-301.772895 
-289.406194 
-294.368971 
-294.631944 
-301.064013 
-285.461486 
-302.730654 
-297.369004 
-295.476267 
-288.935659 
-299.000000 
-301.817532 
-290.562556 
-308.464543 
-277.320312 
-301.474021 
-301.218423 
-305.796798 
-290.965795 
-300.760113 
-310.527828 
-299.000000 
-289.151947 
-293.651866 
-299.000000 
-298.065992 
-323.576324 
-299.000000 
-299.000000 
-299.425764 
-299.140886 
-305.821724 
-300.994791 
-305.807852 
-296.468041 
-299.000000 
-283.768290 
-299.000000 
-295.502512 
-307.917450 
-292.349697 
-308.776037 
-292.954990 
-298.148095 
-303.259321 
-302.608596 
-301.215631 
-299.572023 
-293.286187 
-299.743828 
-288.339972 
-304.509238 
-299.000000 
-301.638008 
-300.797286 
-299.199670 
-296.197414 
-298.029158 
-301.027286 
-299.000001 
-299.000000 
-292.014326 
-299.000000 
-306.314414 
-294.477058 
-272.279421 
-304.989072 
-312.631879 
-288.016591 
-298.999999 
-290.338113 
-292.157419 
-303.233394 
-296.460538 
-299.000000 
-301.481801 
-297.994264 
-302.303500 
-296.790442 
-304.065228 
-292.142738 
-295.229700 
-302.419631 
-290.578521 
-295.144411 
-314.670349 
-299.000001 
-295.950465 
-290.831954 
-299.000000 
-311.779474 
-299.000000 
-305.531057 
-293.146141 
