-30.093187 
-30.765292 
-14.904346 
-19.651565 
-2.405220 
22.779753 
35.667060 
53.223307 
70.219255 
47.258261 
85.747259 
70.836677 
75.075433 
67.082809 
31.332479 
32.498528 
54.949707 
47.255137 
70.219096 
61.267995 
68.213030 
70.219078 
48.789180 
67.758971 
57.301581 
43.943287 
11.311257 
39.718640 
50.746026 
57.980449 
46.433152 
60.477669 
49.616409 
66.346740 
60.001045 
75.305310 
110.533869 
89.999436 
103.656325 
83.874309 
82.290300 
89.431760 
125.809592 
80.842953 
51.003724 
87.793682 
75.180506 
92.395625 
70.218878 
97.435763 
81.948380 
51.589179 
61.143423 
31.556689 
44.154577 
55.430435 
36.781284 
27.417078 
18.708229 
1.603505 
-10.449409 
-18.908306 
-4.584722 
-12.330043 
-2.467153 
-15.161583 
-23.460566 
-65.684800 
-55.527788 
-81.426367 
-80.293610 
-58.926434 
-70.160807 
-85.733824 
-128.072113 
-113.137253 
-160.430365 
-129.744611 
-120.228841 
-116.159573 
-106.182067 
-102.769169 
-108.041614 
-133.657463 
-123.907663 
-129.860724 
-114.677616 
-130.406234 
-120.014756 
-109.218063 
-122.431690 
-124.833082 
-111.453618 
-125.684648 
-108.073595 
-96.968709 
-74.395183 
-101.982820 
-49.334037 
-46.367628 
-70.787875 
-38.682679 
-10.793366 
-34.770318 
-30.093952 
-35.999067 
-49.991891 
-68.412555 
-47.737101 
-55.472012 
-30.094262 
-17.713472 
-27.789136 
-28.014735 
-54.790692 
-74.974897 
-63.531851 
-94.783466 
-112.843448 
-105.218354 
-106.420402 
-105.913091 
-130.406669 
-110.809680 
-96.968963 
-77.043960 
-75.162978 
-46.551837 
-55.023986 
-56.468621 
-55.572661 
-66.538940 
-80.816870 
-76.252605 
-64.073357 
-89.469836 
-71.205189 
-52.633866 
-38.757823 
-26.712302 
-2.034140 
-29.048934 
7.373434 
-11.426540 
12.186652 
14.776985 
64.336733 
34.291824 
34.521680 
15.653367 
40.845113 
2.558054 
25.183355 
-3.938410 
6.637790 
9.227214 
3.343773 
-24.339947 
-55.071361 
-88.386540 
-63.531413 
-79.502250 
-74.067260 
-37.439168 
-45.107456 
-11.526193 
-4.831641 
-28.804760 
-10.473851 
-3.032519 
21.547713 
70.090292 
99.898829 
119.855622 
120.374926 
128.734268 
129.923150 
140.408290 
150.345912 
163.860346 
175.549740 
184.428119 
183.692781 
189.840166 
208.514223 
187.649274 
201.686507 
195.993514 
189.126120 
207.056365 
210.799329 
207.953929 
187.107777 
196.011273 
187.249814 
188.723038 
203.968490 
156.825783 
155.895580 
136.504227 
134.650005 
146.300536 
137.093705 
146.992308 
140.824092 
121.013932 
128.370297 
98.680024 
84.682167 
63.020168 
67.177340 
23.476155 
64.433131 
36.263742 
36.781146 
21.454959 
51.271045 
19.224164 
16.667155 
-10.449435 
-52.080973 
-41.293109 
-51.589978 
-45.816031 
-18.329636 
-36.020020 
-42.146179 
-48.586780 
-66.473904 
-63.131367 
-84.305415 
-57.022176 
-67.039020 
-78.320854 
-91.061434 
-101.461060 
-117.547923 
-122.005944 
-147.343291 
-110.455172 
-113.687367 
-96.968753 
-118.281187 
-132.660243 
-142.620991 
-131.596701 
-148.584380 
-92.215092 
-162.928313 
-98.471910 
-98.846516 
-94.606615 
-74.981540 
-63.573499 
-61.371820 
-63.362913 
-28.156956 
-30.093504 
-30.093505 
-30.093468 
-30.093522 
-53.379509 
-21.469544 
-28.951353 
-38.064124 
-46.788652 
-39.105430 
-61.426955 
-32.890195 
-28.334691 
-18.046706 
-8.767309 
-7.945993 
-8.842054 
-10.208254 
-2.320362 
-35.947964 
-22.704892 
-24.485448 
-30.446756 
3.344030 
-14.299210 
1.174015 
-3.756286 
3.344133 
0.031252 
20.412491 
3.344012 
35.242597 
24.625597 
36.781602 
35.666801 
16.867350 
-0.876091 
14.837923 
-30.310032 
-10.168577 
-16.781444 
-36.388820 
-0.138178 
-32.732218 
-60.583760 
-37.924998 
-50.728675 
-31.545485 
-10.072711 
-7.432461 
-12.503121 
-26.305059 
-46.924322 
-54.122048 
-56.119105 
-89.232002 
-69.675696 
-59.751839 
-61.043443 
-81.165131 
-71.493667 
-98.697310 
-87.506327 
-123.725569 
-100.112033 
-118.869292 
-101.046051 
-76.320302 
-101.363953 
-116.818688 
-96.968708 
-86.635470 
-84.475658 
-109.270774 
-88.569116 
-80.362715 
-110.115731 
-93.238095 
-112.431558 
-96.968646 
-63.531186 
-37.478860 
-57.030599 
-65.934464 
-89.166770 
-96.968801 
-77.351933 
-74.744758 
-69.139557 
-44.472181 
-40.670552 
-63.531192 
-31.980254 
-44.953947 
-70.307276 
-76.545317 
-90.197317 
-60.092371 
-37.521685 
-59.001383 
-28.186564 
-51.584338 
-63.531221 
-52.036992 
-110.552630 
-77.408049 
-70.539294 
-60.059856 
-54.353214 
-71.044101 
-57.456572 
-30.093562 
-70.302517 
-43.098325 
-48.531380 
-29.831622 
-13.407148 
-54.090589 
-32.554673 
-11.635312 
-30.093524 
12.335520 
9.128383 
3.344007 
36.781348 
24.950593 
26.064642 
35.054757 
70.218719 
70.219264 
68.918015 
53.499853 
82.228548 
67.875783 
54.572525 
45.855476 
36.781366 
21.107261 
70.218105 
49.002261 
60.358525 
61.998486 
67.820696 
60.266757 
71.764707 
68.427625 
103.656571 
54.766526 
48.597611 
59.262801 
63.897568 
42.398309 
72.767578 
20.761036 
30.109107 
64.013914 
41.097340 
45.053846 
36.781215 
17.714014 
11.597554 
21.483748 
-1.619559 
13.020365 
18.566555 
9.690354 
13.142441 
-1.992142 
-23.696139 
-2.024187 
-2.557965 
20.062355 
7.895151 
12.896684 
6.370492 
53.434507 
26.734473 
23.898313 
30.599851 
25.885316 
58.111350 
53.286298 
20.062248 
29.795349 
28.584366 
3.343761 
4.893507 
-8.162391 
20.062351 
20.062400 
32.584616 
29.440354 
42.449072 
-2.724104 
22.379849 
-38.403638 
-30.093777 
-55.370505 
-30.093784 
-44.945129 
-37.607502 
-46.168386 
-14.252995 
-4.184269 
7.518866 
6.833494 
-4.372971 
-8.108864 
20.521815 
-1.834362 
27.756762 
43.145662 
31.378356 
70.218677 
72.531771 
72.550616 
75.479806 
80.642276 
49.701578 
71.005885 
70.218971 
86.937673 
60.113185 
53.500022 
35.108813 
38.611069 
31.743606 
-4.438118 
-31.922191 
-30.860233 
-46.812162 
-46.733145 
-59.137890 
-89.154607 
-101.958965 
-136.675616 
-132.778633 
-147.808131 
-178.664803 
-164.659746 
-156.605201 
-188.639173 
-151.162628 
-152.489171 
-148.224902 
-101.923599 
-99.894183 
-113.687147 
-125.730764 
-118.343772 
-113.687167 
-102.457917 
-113.687227 
-96.343975 
-115.223937 
-130.408329 
-358.078329 
19.016018 
-46.128402 
-11.974600 
-153.043740 
-178.337428 
168.714861 
-63.534616 
-343.475947 
195.874321 
-263.475712 
119.339583 
-43.984338 
179.611607 
109.239310 
-29.375753 
23.997207 
36.779566 
209.510638 
47.494358 
70.217493 
-85.716914 
162.795387 
-34.591552 
-8.390588 
-392.626871 
-23.876883 
-155.581304 
110.569869 
157.143599 
-4.980663 
4.270365 
-7.662091 
-114.489847 
341.677782 
-92.533835 
113.825294 
3.345569 
143.207258 
-186.901891 
-60.178876 
-108.108431 
144.117535 
428.829252 
21.859655 
-130.910668 
123.296321 
-30.091676 
2.538815 
70.606389 
-42.786920 
65.446475 
-41.586144 
54.332612 
23.780368 
-63.529251 
199.222143 
-262.966459 
-139.260755 
-57.900761 
5.110421 
-107.087289 
197.038487 
146.348863 
58.597181 
305.678176 
-170.937251 
-205.381440 
120.236178 
339.984656 
-36.219482 
61.511856 
253.348365 
-38.347889 
5.583634 
485.610358 
34.262215 
-125.736522 
-212.999816 
154.572041 
290.075666 
-140.572484 
-86.489665 
290.431249 
183.855866 
140.608821 
688.813066 
-250.452763 
377.327800 
-60.616325 
321.001031 
146.807174 
-264.512221 
260.699757 
538.345639 
-19.154652 
-193.432538 
253.536219 
157.220050 
-209.687633 
-142.534284 
149.198514 
-107.754141 
404.595897 
143.159389 
-353.512558 
236.846867 
150.308168 
27.434782 
36.780614 
251.553460 
-64.632283 
50.848942 
-428.926309 
235.054780 
170.530825 
104.458581 
-454.171913 
-347.386399 
168.197996 
72.307166 
120.380199 
-460.077408 
337.719259 
-280.601734 
187.770163 
-288.581055 
198.687723 
11.340238 
-109.866484 
-421.033506 
-128.252582 
90.500923 
113.163098 
-269.285322 
-26.614397 
-126.368160 
-121.396273 
-308.983135 
64.225447 
-37.407849 
89.228630 
-45.352135 
327.409189 
-501.793010 
-579.652550 
-190.677852 
-52.952956 
31.183950 
-98.171978 
50.962515 
404.950215 
-109.479799 
198.780992 
-224.749551 
270.844562 
-169.079618 
182.620357 
-624.453486 
471.468142 
34.977209 
-53.805963 
152.543762 
-53.726299 
194.968222 
339.610982 
-566.774183 
138.719844 
-111.076396 
-77.981984 
518.617625 
-156.940118 
298.369763 
103.653676 
153.811088 
410.770892 
-499.828207 
-234.049232 
36.623281 
159.458739 
103.607768 
-50.370291 
-65.266598 
210.754996 
-73.784264 
-350.133414 
99.216485 
-49.750777 
-40.153926 
124.615921 
44.575062 
-8.327062 
-81.030477 
3.341988 
350.417919 
571.779443 
-631.906092 
-66.967674 
-78.919807 
63.216721 
-65.548534 
170.530760 
203.395902 
-524.371993 
-231.109403 
54.083046 
-328.603533 
96.765412 
-135.030705 
-87.436037 
-551.389065 
-105.922664 
-167.349912 
170.529659 
-17.746208 
20.061035 
-286.752967 
170.448900 
-24.465189 
20.423996 
-187.604900 
139.319560 
-104.660069 
-106.399931 
-178.511934 
-55.154482 
21.619075 
-288.972423 
61.333125 
-20.154957 
171.836558 
-208.855176 
-138.320605 
42.920119 
-295.855298 
-84.542617 
503.824120 
-81.146056 
104.641593 
-30.095882 
270.841261 
-189.177646 
-361.927843 
170.636662 
13.125069 
-324.891149 
476.963048 
-503.872504 
167.338329 
-135.891781 
121.545594 
65.809241 
395.088693 
-383.177965 
213.434963 
-300.437598 
36.780741 
454.749167 
36.780272 
320.999657 
661.717697 
-425.574527 
239.712264 
6.778597 
296.360666 
-277.519826 
-106.098204 
42.017840 
336.828800 
-502.445929 
34.754466 
33.682145 
-300.798338 
-242.845933 
-158.642827 
-47.105541 
221.611495 
-136.127217 
145.646077 
120.377713 
-253.028182 
-16.338417 
5.995728 
3.346568 
56.659089 
-376.234316 
321.002865 
113.213161 
-145.949819 
237.409490 
142.667110 
-235.265442 
-67.065607 
-610.023219 
-282.608397 
-247.165474 
-102.388041 
12.679744 
293.797651 
-231.797848 
-108.584119 
189.125389 
452.797978 
-194.444854 
9.436157 
285.543047 
-214.420355 
21.471219 
285.799275 
67.683470 
115.038515 
-68.012113 
-299.415200 
-143.236804 
-29.891649 
171.572730 
-171.560007 
35.103453 
-226.406465 
-375.201858 
87.268371 
60.510410 
-50.691563 
135.003204 
-135.339231 
-99.179683 
371.156763 
4.297514 
190.845680 
133.858883 
192.109349 
-332.797737 
167.170323 
-253.099854 
-155.114132 
3.343972 
287.562688 
80.656491 
-305.979827 
24.582834 
-196.162230 
-63.530395 
-44.002314 
19.468814 
-162.757540 
-398.681567 
-48.937457 
321.000945 
40.475339 
-197.019053 
-94.944328 
-119.576313 
-241.446421 
23.162359 
-309.304411 
-30.822543 
-56.866676 
-181.129102 
254.126889 
-148.170096 
-49.947288 
-121.939829 
-180.548148 
-231.906636 
108.023978 
-370.403398 
21.613354 
454.752029 
212.135696 
-283.249962 
57.010384 
-94.983520 
-134.826450 
-451.696301 
-315.601106 
25.818411 
220.688698 
73.350908 
-69.546231 
-30.092519 
170.533250 
47.990851 
-220.673010 
-184.589497 
-30.090548 
187.251716 
117.095720 
-249.664342 
-22.676270 
187.888529 
103.443002 
35.602112 
3.340716 
-14.420017 
254.123262 
163.799411 
3.375441 
235.392379 
323.379256 
-129.720933 
10.264689 
73.359062 
170.525644 
149.480089 
-38.414574 
43.310258 
-134.282722 
66.809089 
-309.596313 
220.771848 
8.509769 
489.817169 
-258.315823 
101.143566 
220.688080 
-245.645640 
620.282133 
155.187836 
171.627854 
-530.673394 
41.546160 
-66.814565 
-85.001051 
-6.158584 
-199.804854 
-122.746460 
274.951169 
36.780941 
-266.839013 
-158.322196 
31.226877 
-184.415229 
92.798510 
-158.097472 
195.557132 
133.004000 
260.340485 
-84.016668 
36.782344 
-76.700405 
-139.511327 
53.500579 
-209.745436 
-407.734023 
53.499994 
53.500578 
-275.085556 
-319.332798 
178.897515 
-97.969747 
41.207921 
-375.514576 
70.219436 
-165.514127 
53.500955 
-107.912416 
-104.298962 
99.915315 
48.627367 
-676.234686 
183.370107 
-341.599494 
-40.553248 
39.167530 
-370.596769 
-77.458392 
79.960624 
-427.438673 
-171.005526 
-13.375047 
116.923795 
95.967088 
-505.099161 
-221.384941 
42.446194 
167.778982 
3.344293 
36.781796 
-134.173808 
153.813712 
-187.034977 
-233.159775 
-141.968496 
-168.544587 
27.057947 
92.496048 
-130.405642 
14.413892 
-192.397833 
-354.159651 
-348.351523 
-91.744840 
-65.532878 
66.977008 
-149.080498 
12.634825 
-185.600241 
-113.229511 
-169.969436 
-277.861672 
-215.397070 
-16.278572 
81.275567 
-147.124571 
-123.220626 
-44.908489 
-147.125545 
-79.334964 
-213.999206 
-418.994439 
-94.563679 
36.782711 
-218.444307 
-169.510076 
245.776187 
261.101878 
-609.145344 
-338.829370 
105.190160 
53.501866 
-741.142030 
181.747925 
-276.953460 
-49.090778 
-24.396722 
153.715664 
450.241339 
-38.639795 
0.643514 
321.000200 
27.086680 
-239.104798 
621.940584 
177.282291 
269.668388 
-300.779851 
229.143270 
-808.446434 
-81.588410 
380.277985 
-13.999246 
196.426536 
-73.656199 
296.873872 
224.092902 
-199.686004 
380.359753 
476.686886 
165.976682 
220.686603 
507.312104 
10.487336 
-342.465742 
-128.017509 
257.421796 
771.622248 
47.419279 
-438.824159 
135.417622 
471.466927 
19.439351 
598.039187 
269.565022 
499.747928 
119.331468 
245.700943 
9.452802 
1424.435240 
137.845294 
55.867894 
53.699420 
-73.432685 
201.659705 
-131.230196 
303.344507 
344.979916 
-209.051642 
386.256104 
-23.323769 
316.795964 
221.464865 
341.320250 
143.513125 
-47.184168 
21.166903 
259.627027 
245.501028 
950.248751 
-181.682090 
189.424329 
-64.671288 
168.623111 
380.600045 
22.431509 
36.096575 
203.614245 
273.575014 
-109.081297 
588.495225 
-230.661389 
367.159496 
236.415764 
267.496655 
283.690278 
-133.735642 
142.279736 
555.059054 
-214.602140 
209.678735 
36.015452 
236.097234 
-271.159050 
-244.673559 
298.862775 
-408.480334 
371.150230 
233.741106 
-670.901994 
482.044815 
73.597252 
405.675250 
187.243262 
311.342896 
-258.857957 
-39.937291 
-466.338994 
159.500409 
203.961047 
275.190993 
-561.769070 
-424.953167 
331.465958 
129.942901 
86.936118 
-645.411777 
237.403916 
-467.981200 
-97.768644 
88.638052 
141.322676 
-332.703541 
413.563859 
-564.806585 
-160.077356 
-3.814402 
-73.348467 
-165.284556 
-385.861402 
-432.400400 
-177.339766 
-447.563036 
70.727818 
-213.997617 
-46.110695 
-783.705955 
179.510163 
-794.295868 
-630.079167 
-300.403820 
92.359332 
-222.674877 
-174.203169 
37.260020 
571.920143 
-189.238730 
152.633943 
-312.179052 
304.278749 
-226.815927 
226.813774 
-393.686323 
404.590860 
-182.367331 
-382.833258 
79.307458 
-93.321936 
-59.333142 
309.544027 
-621.348460 
112.076770 
-191.298767 
-181.739396 
436.490709 
8.170812 
-63.116513 
36.781045 
195.605334 
476.497645 
-273.589006 
116.644361 
-298.464382 
15.435033 
696.750965 
-305.933205 
-82.608940 
-185.400255 
83.075022 
-442.172935 
199.512947 
136.371644 
-100.811723 
319.807212 
143.249027 
-12.994947 
23.775675 
672.091506 
342.418283 
755.688350 
-760.441507 
-7.170358 
-8.694255 
-6.391715 
40.306670 
287.561500 
-161.884570 
-519.228092 
51.701465 
-754.212656 
-7.816222 
255.371767 
-348.001743 
-326.904760 
-380.255692 
-343.639198 
-74.377171 
488.189894 
-161.181244 
-61.299907 
-178.577628 
238.047501 
110.473583 
383.076508 
-199.312004 
192.566075 
-269.763873 
-129.582796 
-235.188644 
-201.465145 
-91.839765 
-472.095036 
47.298180 
221.989524 
39.826947 
-117.817687 
-127.252825 
184.871273 
-153.203833 
-175.177547 
301.946512 
-226.332335 
6.087554 
270.844989 
722.247996 
-439.213164 
-75.881803 
-370.396502 
-96.636089 
-239.739317 
85.892323 
-886.024845 
120.185769 
-259.794227 
79.531465 
-170.756126 
467.617200 
-451.595541 
80.767060 
-160.724929 
387.871432 
70.216463 
454.747363 
203.965515 
293.505946 
-306.434770 
516.802942 
-106.845200 
406.120607 
-574.150117 
-272.849392 
-111.118098 
496.756752 
-476.249661 
-32.579941 
-26.785653 
-31.788311 
-724.349144 
58.250507 
-338.787184 
158.217307 
-401.221299 
198.867342 
53.496958 
-111.813318 
-299.837531 
-352.841769 
254.123119 
-176.052424 
-315.615795 
-130.406469 
56.245771 
-192.137291 
421.311217 
-53.503767 
-103.332877 
-238.379961 
-511.801332 
-67.348928 
117.173968 
-67.883518 
-247.102160 
424.503340 
-27.297691 
69.688675 
271.900264 
503.793763 
-189.015739 
216.791140 
182.740983 
-101.726536 
-2.440154 
162.860735 
-101.130640 
261.897154 
-39.555687 
-207.191737 
-246.579107 
-28.656929 
240.390203 
-166.767865 
-248.525818 
-187.565523 
-509.064578 
387.015224 
-72.549052 
44.251771 
152.759597 
-282.548824 
333.601037 
655.371945 
-930.238385 
396.246341 
-29.110150 
-118.769328 
-288.542961 
340.912661 
-388.278857 
-112.660212 
220.686346 
120.370613 
296.179646 
-123.359800 
144.000701 
-303.167632 
220.683386 
-165.538232 
-208.241754 
89.574620 
-485.993575 
-158.618111 
187.246965 
158.346389 
29.901045 
-187.821628 
-331.673147 
13.548530 
147.393478 
-235.818984 
-19.353474 
-129.840183 
-376.500673 
-30.095228 
-239.069186 
-404.178937 
-43.830977 
-420.111761 
-298.496473 
219.723414 
-351.175975 
309.250578 
3.340412 
-12.651006 
-506.413607 
-14.911237 
10.136711 
-0.784637 
-566.246455 
-74.386164 
241.140793 
36.779206 
-55.480945 
165.622254 
137.091661 
254.122855 
-127.537101 
-44.279396 
-172.242104 
254.123547 
153.812952 
36.667326 
-249.666924 
-332.497179 
274.642484 
329.471363 
12.323332 
86.937689 
-631.968054 
-96.969582 
-18.861921 
151.347074 
94.590026 
436.535808 
-289.823578 
35.479136 
274.214114 
70.212942 
443.400616 
-214.127758 
-51.227616 
-513.380169 
2.917293 
-371.736898 
-47.274960 
-61.000441 
555.055912 
-123.177841 
253.716983 
53.501990 
-53.253905 
297.083935 
8.931987 
152.135738 
-343.714326 
-244.951909 
126.024265 
-283.554551 
11.584908 
-126.314844 
-157.720708 
46.486138 
-63.532703 
-584.582090 
-13.764807 
-280.638838 
-452.829954 
221.935355 
-365.421380 
137.532055 
48.532368 
25.956802 
-87.735927 
-46.812146 
-169.627784 
-505.389971 
-30.090943 
-313.736232 
-539.959615 
36.780432 
53.499890 
-236.879846 
-262.731253 
-348.297323 
-168.916262 
26.502749 
-549.757028 
-63.531755 
-319.118803 
-63.532066 
-258.297391 
-175.660513 
-160.280481 
85.627144 
-456.440638 
55.033654 
-451.986270 
-139.049889 
-3.866474 
-51.436465 
-194.923670 
-39.308243 
-227.077278 
68.089445 
-46.812413 
31.017542 
269.750117 
-457.248020 
-263.817928 
79.834374 
196.248719 
-30.094330 
86.939772 
-75.722650 
-46.811119 
80.980503 
-164.651318 
-51.329132 
-171.765907 
-55.937528 
-87.865865 
3.344305 
-71.096131 
-213.890851 
-32.869943 
-378.663896 
-267.289126 
-144.071149 
-109.007232 
-99.573209 
-239.615419 
-333.891763 
66.492801 
-221.060232 
-299.005626 
-16.497661 
-47.167363 
-48.461445 
20.062784 
-123.150214 
92.629159 
-213.996890 
39.001227 
-213.997279 
-298.971762 
-115.996897 
555.068641 
100.696534 
-206.859555 
393.259934 
-27.784323 
-423.948172 
178.340808 
9.298376 
404.599525 
-408.756607 
448.583067 
-177.959682 
567.006837 
-4.152414 
668.187043 
212.265111 
35.347327 
-183.125592 
203.973197 
157.366779 
290.666547 
354.441110 
44.479503 
439.595420 
-253.646174 
-104.851200 
-72.225908 
560.115911 
458.129780 
34.049697 
325.131008 
-11.664097 
144.538973 
9.437355 
177.793658 
-9.097916 
103.004613 
-210.561116 
103.658455 
263.110104 
108.902174 
-107.591832 
41.009161 
-46.298951 
820.348833 
320.478833 
375.273559 
-462.604640 
387.874426 
227.438630 
482.241770 
-193.306853 
632.653272 
-199.370421 
355.240121 
-92.839069 
722.248714 
-110.334353 
-57.073612 
-246.466271 
15.063671 
194.075706 
-197.353882 
-297.263128 
427.994285 
-107.195940 
427.017053 
-32.355228 
-59.779992 
403.754869 
-50.073241 
200.393180 
214.807164 
81.677775 
-48.753692 
295.554971 
1288.735992 
100.693135 
-35.876181 
-45.267124 
89.516961 
221.847342 
-92.364742 
-138.598195 
39.504010 
150.526481 
-219.586619 
320.998936 
83.190734 
554.997952 
230.087880 
231.832590 
292.545702 
-2.244217 
-259.453653 
421.312048 
7.834325 
401.616503 
180.005664 
89.187288 
310.289247 
-212.604125 
125.564810 
-32.554604 
471.464145 
516.642901 
-666.769135 
35.345751 
264.043354 
-155.610257 
287.554218 
380.825574 
-90.504024 
335.686410 
-425.575869 
-79.336228 
270.834165 
92.847642 
-269.590007 
132.884376 
328.092031 
3.317945 
-130.413221 
-137.174464 
1056.622856 
101.081612 
82.973398 
-172.546638 
433.162659 
-651.135925 
145.587866 
47.765332 
279.549572 
223.172921 
-287.534487 
-172.616696 
96.891994 
-813.093788 
-209.218854 
2.222033 
-132.450757 
376.377209 
-26.097990 
-311.951983 
328.888619 
-528.013536 
-686.739036 
-227.998673 
-334.162690 
156.760905 
45.667757 
390.512015 
67.049245 
-127.465181 
-29.030190 
65.976170 
521.626091 
94.070296 
-271.312216 
-421.302024 
521.622966 
-51.845363 
-46.964393 
399.663381 
2.480422 
-51.399233 
36.957556 
-336.453865 
126.767073 
131.487081 
-386.074902 
223.374960 
-4.476963 
-525.318676 
3.340641 
463.108266 
211.583801 
96.685470 
-218.347138 
-124.366277 
211.189091 
76.044752 
-658.388288 
96.383955 
-280.691402 
-3.118371 
-406.409319 
324.457930 
92.788135 
10.703640 
446.110494 
7.241527 
-175.401044 
-179.227908 
471.468770 
57.068306 
856.000178 
-559.709019 
-344.215666 
-351.113541 
132.178585 
-174.736425 
371.156721 
27.219597 
-1324.333882 
-510.323577 
317.144185 
-59.798735 
592.736141 
-514.958766 
86.861691 
10.848414 
-159.281697 
-307.002800 
789.124748 
-86.581548 
-474.812129 
-430.358674 
268.420988 
-402.902480 
-118.556265 
-329.842921 
434.692623 
-65.521904 
-266.425228 
18.391840 
-191.354490 
-261.278275 
-385.676859 
-76.768859 
312.198859 
227.039227 
-76.810879 
14.943750 
-190.580596 
459.412685 
-435.982463 
-50.025085 
-259.187580 
-123.163943 
170.534569 
655.376337 
-528.708119 
-370.026657 
-166.132411 
-1.558590 
-153.277405 
266.818362 
-677.173335 
251.127884 
-283.223715 
89.036066 
-454.607600 
543.631193 
-251.264546 
150.129700 
49.297739 
387.877333 
70.221691 
722.252816 
371.161065 
131.162975 
-170.876391 
243.745103 
-71.754566 
197.092240 
-306.497183 
-519.828964 
30.335202 
467.857698 
-70.426460 
-201.445534 
-61.704551 
-42.333912 
-259.638846 
227.557744 
-279.967566 
27.800239 
-296.618614 
-221.139733 
120.376697 
-128.826011 
-391.245102 
44.572827 
488.190293 
-160.098206 
-434.639129 
-163.842002 
27.808837 
248.842623 
488.189885 
-160.500873 
-18.456597 
-284.244270 
-154.438375 
224.617092 
-149.698463 
-0.029392 
-191.726348 
147.943651 
-138.766387 
24.057309 
-349.978594 
9.755620 
-413.203576 
7.836176 
153.293257 
-260.259818 
-149.668959 
-219.937164 
167.277048 
-108.067710 
-114.767569 
-173.223973 
-28.690540 
213.287301 
-68.540685 
127.059035 
-89.517237 
-508.931810 
-500.887596 
241.136608 
-201.430874 
-196.743438 
241.265277 
42.069220 
283.964946 
722.245164 
-30.137873 
154.890800 
262.583444 
32.926765 
-102.902805 
165.374845 
-467.932289 
-161.249458 
387.872692 
337.716406 
71.468135 
-292.423989 
-415.151991 
-160.501963 
521.623096 
-308.107648 
48.597446 
40.136627 
-297.611577 
-242.593652 
454.749202 
52.826248 
195.085560 
4.187262 
-294.799124 
223.135682 
-33.488714 
190.707285 
353.225780 
344.858907 
5.610031 
170.531285 
-333.123196 
-294.461270 
48.126415 
-214.194395 
-223.772014 
366.379175 
-182.261165 
82.427518 
70.221357 
113.229593 
-389.308509 
-35.884509 
-20.276860 
-141.865603 
-97.929209 
-242.439778 
41.900787 
20.064190 
109.075178 
-9.912350 
153.808355 
153.812081 
-189.425807 
-31.232477 
-163.897360 
354.440437 
187.255478 
41.825302 
-160.503724 
-352.526839 
170.260293 
112.509535 
-91.028200 
153.815286 
29.465898 
-30.092127 
-16.211254 
46.424522 
-3.102281 
122.081043 
-331.729186 
-347.018521 
-153.394286 
86.940494 
-291.971165 
226.206012 
-217.459999 
-576.497085 
-445.654456 
-3.352801 
-319.326372 
-2.974982 
-148.885630 
-1.520186 
166.718786 
86.935008 
-471.922975 
409.478894 
-312.169592 
260.913410 
-148.420857 
133.491975 
-433.152811 
-527.504114 
-220.569122 
64.875350 
104.105025 
13.997540 
-46.811565 
-301.593097 
-4.612061 
-233.974633 
-703.283556 
232.811677 
-342.634555 
-318.333353 
131.568853 
-36.479139 
-224.283359 
-30.093622 
-466.421435 
-311.415345 
-13.375991 
-579.946548 
-447.192197 
-63.531557 
-63.530903 
-412.817398 
-137.705230 
-321.102806 
30.918152 
-38.527419 
-480.284765 
-13.376069 
-154.552988 
-46.813215 
-57.372703 
138.373389 
-317.856498 
-226.495834 
-331.093187 
-187.327043 
-224.475540 
-134.568331 
133.639888 
-251.111540 
-129.651039 
-358.064624 
-285.368076 
73.459970 
-63.532105 
-331.024960 
154.668544 
-374.464202 
-175.007915 
297.458528 
7.930823 
-63.531312 
86.936679 
-177.523165 
-30.094246 
163.681644 
-338.956382 
-420.363316 
-187.784345 
-271.799671 
237.075527 
-80.250909 
-83.215047 
-46.468036 
-154.756971 
-494.239567 
-172.202691 
-231.150297 
-203.445984 
-311.595790 
-69.354952 
35.301862 
71.621221 
-310.334768 
-222.235596 
35.763502 
-152.821889 
-20.961643 
-80.247551 
-206.125167 
-102.679266 
-213.999678 
-100.479098 
-213.998983 
-400.437016 
-477.800184 
387.870308 
-174.379163 
-209.076748 
303.650062 
-139.606308 
-450.813776 
-321.006132 
100.172343 
454.744945 
-266.572889 
-7.135675 
-269.819564 
-19.780040 
110.776801 
316.810366 
53.200708 
-356.468404 
203.315696 
120.371044 
-58.369354 
274.950435 
371.154789 
145.223877 
269.573759 
-363.800944 
-209.474053 
316.581315 
393.181545 
254.739743 
-302.323426 
41.197231 
149.576159 
102.134919 
315.452962 
-270.647572 
212.584344 
-77.472321 
-187.041541 
822.565102 
504.397332 
-96.679398 
-258.347196 
71.351087 
123.328484 
841.071814 
190.328334 
-302.334897 
-108.006943 
137.097275 
182.167719 
57.094863 
-183.647386 
18.942719 
-259.972934 
-158.952744 
174.462546 
371.157996 
350.111866 
-102.092726 
258.965206 
-220.984217 
-12.581018 
-194.042740 
178.032130 
240.104860 
42.073027 
149.748819 
-13.621245 
184.238142 
458.599990 
82.886154 
153.881754 
23.033601 
-169.791951 
-115.389820 
519.774879 
266.735688 
-7.872944 
-153.603011 
218.816149 
201.462206 
314.943944 
-147.411450 
51.559828 
-80.242787 
287.375932 
14.846568 
371.154570 
341.328247 
86.976759 
-165.056990 
606.334654 
183.539551 
-23.153579 
10.909172 
588.497541 
-137.114123 
396.790140 
80.050172 
42.151452 
-343.000487 
-60.183587 
-18.134501 
-44.646703 
822.558445 
185.486361 
-515.719393 
43.504404 
34.779512 
102.082865 
170.529744 
-38.236029 
-90.078405 
-44.764732 
-173.201501 
113.735795 
521.622442 
202.754158 
-613.240581 
-302.036032 
6.513168 
89.215770 
337.719966 
197.464149 
70.219694 
10.028432 
26.266644 
-174.163903 
403.765299 
-358.807419 
-43.487167 
-380.011060 
-249.545330 
218.674997 
-136.508000 
-59.817833 
-280.059138 
-297.254397 
-116.758155 
-270.808633 
15.121199 
-439.706271 
69.092273 
-452.190118 
105.299634 
-460.779657 
-432.211069 
-129.428810 
-411.746661 
270.241305 
191.174504 
-176.394291 
-144.121699 
-209.439401 
108.414373 
-12.334645 
3.344494 
-15.821776 
-231.602613 
-169.113795 
488.186349 
-272.003054 
-538.851213 
-6.972143 
203.506903 
-58.924804 
275.608461 
-416.593340 
-174.564663 
112.564450 
-122.369314 
27.559043 
-224.582824 
-488.728889 
137.092572 
220.689169 
351.552766 
-245.100194 
-39.321959 
-308.207346 
-85.394842 
-79.892937 
77.321397 
-25.592247 
27.515699 
156.527612 
-27.121241 
305.330601 
-26.026145 
-124.474543 
-77.642708 
-33.635956 
305.031998 
-48.259589 
488.188925 
287.345006 
270.845852 
-394.980210 
-244.457439 
-143.487918 
-243.252356 
-10.588869 
404.594644 
141.171393 
-478.429806 
-132.065179 
-21.684131 
12.562231 
43.297606 
-227.503044 
159.064122 
130.778813 
-551.306355 
199.739262 
387.876643 
256.678937 
225.149301 
-513.105696 
-304.163927 
96.671467 
24.864659 
225.394316 
31.306420 
-18.169278 
-357.632022 
-115.960670 
47.344636 
-45.214084 
34.805771 
-74.675145 
222.091517 
-45.440817 
-111.865374 
-266.668545 
-115.741238 
-199.243905 
75.694588 
-40.922421 
-249.125938 
-139.943768 
621.938558 
320.998801 
-386.150733 
-292.030137 
-189.832769 
-5.571570 
366.995612 
43.883472 
-578.757202 
-172.558535 
98.412826 
-64.390503 
-72.217540 
181.310871 
-126.663665 
-83.153119 
-211.929779 
-46.814800 
-30.094419 
270.842733 
320.998784 
-109.564274 
-288.580740 
291.251862 
-128.344870 
50.300442 
-122.528658 
-211.254982 
46.324578 
267.222556 
-400.646673 
-70.678589 
152.378094 
-36.641188 
-288.973414 
-230.924869 
-228.818424 
-149.820376 
-160.029352 
2.287606 
-113.686862 
-273.640093 
-346.525636 
30.093124 
-96.965937 
-41.053754 
-1104.117832 
3.344691 
507.673643 
34.046284 
137.095977 
53.500653 
-261.054872 
-95.315737 
-567.180215 
47.142813 
26.749051 
180.464340 
81.390617 
-82.559383 
-311.271749 
333.485898 
-245.422571 
91.082822 
-62.222762 
-188.114976 
120.900121 
-62.385278 
-95.241639 
189.659326 
70.770055 
-134.081462 
-174.865035 
-136.446740 
-18.032763 
67.315844 
421.301097 
-125.704222 
-53.855347 
58.252185 
-397.249736 
152.952208 
-56.384132 
-78.090739 
30.121447 
42.621913 
569.053441 
321.001476 
-139.528243 
-85.840615 
67.818786 
66.307113 
72.623779 
303.068321 
19.543054 
48.342337 
70.217917 
120.374121 
20.915945 
185.738641 
-77.473811 
124.831247 
86.935655 
164.611206 
-214.340774 
32.717780 
67.499318 
-103.550410 
-30.094644 
19.592237 
-376.848166 
171.694557 
251.732036 
51.099169 
68.748511 
-66.828944 
-288.477982 
156.355014 
-75.457826 
187.251725 
462.066728 
-667.494164 
119.184695 
36.651378 
-39.696264 
109.470828 
-360.465629 
176.303139 
153.813974 
-312.159752 
-169.317059 
-152.702269 
-162.101063 
90.440854 
-511.436140 
-180.450945 
-201.504560 
-30.092364 
-90.552288 
81.103929 
120.380321 
-80.248090 
-271.210533 
193.595541 
-262.847501 
86.941517 
-13.366944 
-86.786920 
-481.498976 
-91.227470 
-0.247499 
-235.390726 
14.706388 
-130.403712 
-243.255478 
137.090897 
272.946139 
-281.224652 
164.253715 
-65.353192 
-117.049301 
-489.284623 
224.775694 
-381.180872 
208.695802 
-194.488439 
159.611587 
-156.475464 
52.086914 
53.071290 
-24.792367 
-9.898550 
783.381302 
-175.020708 
372.974352 
-46.811013 
-216.494569 
-146.958181 
58.953396 
244.300737 
-245.407418 
-238.366340 
-151.266864 
-9.628179 
101.666122 
-303.853856 
-57.489617 
-21.359706 
-80.249700 
-280.389317 
-148.161712 
64.356795 
221.405724 
43.332391 
-210.820683 
-370.047941 
-167.712389 
31.969241 
-28.908980 
-63.531783 
-110.225679 
-409.838433 
-30.092903 
-160.073406 
147.195937 
-46.813011 
-30.091621 
-209.217656 
-403.371348 
-266.060085 
156.730014 
-260.177754 
-339.854296 
-30.092537 
-239.872168 
-46.811975 
-342.747198 
188.763859 
54.931354 
-34.699083 
-479.082969 
-369.350508 
-194.658769 
72.633431 
-19.553675 
-228.264056 
-65.864678 
-307.819838 
-211.508168 
-129.573051 
-30.092452 
-88.000040 
204.597501 
-375.096492 
-303.141349 
-81.044117 
-184.767110 
220.689828 
3.345180 
-643.034339 
86.938787 
-493.488261 
-154.172075 
-393.738945 
-208.573968 
-288.162845 
-85.214426 
20.062777 
75.414486 
-283.577044 
-214.064064 
-147.138088 
-199.369876 
-70.824074 
-215.582291 
-226.978439 
-209.465987 
17.931622 
-362.272026 
-46.077106 
-280.594313 
344.930326 
-381.497864 
107.979418 
-213.998994 
-158.643039 
-115.348750 
-213.998846 
49.913525 
-214.001557 
-428.307646 
-177.638959 
421.303925 
79.420269 
-204.527883 
379.918290 
-303.199750 
-624.903587 
-196.171366 
-145.905711 
555.054261 
-676.282193 
158.417773 
-226.664275 
-32.617836 
32.492709 
1199.985160 
204.339989 
-439.064377 
145.490080 
170.528752 
23.386613 
438.584341 
404.590394 
207.764406 
167.270954 
-363.043047 
-226.383886 
896.355074 
462.923644 
63.017501 
-85.707840 
121.365633 
-48.307021 
89.921231 
136.847540 
-242.317069 
305.883707 
67.584303 
-146.469271 
789.133613 
700.622262 
135.662209 
73.911309 
229.316190 
263.967371 
847.634366 
396.841024 
-285.664537 
-342.141832 
404.606391 
-54.958079 
169.299018 
-133.878545 
122.855691 
-157.563781 
-143.388642 
462.725760 
371.162601 
210.889405 
-333.906886 
127.499286 
-474.703349 
170.875637 
-186.645753 
-11.042865 
274.428291 
-73.795721 
-7.315902 
-134.936625 
795.083571 
302.909664 
5.410945 
-14.084530 
-84.692816 
-7.025063 
20.195941 
637.394066 
262.283660 
-25.930865 
15.195592 
-93.543788 
164.321926 
159.625159 
-164.963349 
-443.772263 
-182.945514 
-21.065247 
-25.918552 
471.461220 
-57.868579 
-88.883317 
69.346769 
392.328345 
340.455231 
-123.324655 
45.045338 
304.274930 
50.845002 
53.630549 
-120.660113 
-313.700634 
-213.760116 
104.825106 
195.047675 
157.067889 
621.926269 
177.441611 
-495.939569 
120.167326 
117.547180 
-47.839378 
688.801903 
89.064067 
112.598403 
203.690748 
-16.501310 
43.643520 
170.531962 
273.717440 
-197.879132 
57.232513 
42.492335 
-5.153159 
688.821445 
-391.228306 
304.278610 
-28.152258 
233.889642 
39.820812 
384.165946 
103.129839 
52.243184 
11.494814 
50.222971 
103.235263 
-120.093343 
-403.941079 
-1.648235 
-359.076791 
49.609790 
178.063219 
164.069152 
-550.456607 
43.791175 
-300.912785 
-43.937679 
65.545879 
-229.851782 
149.506923 
-163.589023 
641.398505 
-202.116331 
37.403023 
64.532116 
-185.773525 
333.656766 
-10.168201 
287.558219 
-42.500907 
25.462954 
-241.174860 
203.968035 
-52.358491 
-437.098577 
296.637160 
165.440087 
64.901002 
207.757252 
81.146987 
-398.344957 
-220.900972 
-40.198539 
-263.189404 
108.567749 
-767.764557 
371.152384 
454.746167 
101.267040 
-132.075506 
-250.542627 
-56.333741 
-190.211059 
-153.372939 
-416.556649 
-164.975222 
-72.328689 
11.764229 
-47.844922 
-245.176308 
-208.638393 
100.873992 
-185.528058 
273.821036 
325.488067 
37.476696 
387.879773 
79.787096 
354.443287 
-425.804148 
-390.721020 
-379.583875 
34.524141 
52.773081 
270.849068 
156.578409 
-787.023927 
-121.152397 
20.290375 
100.178693 
-154.923241 
-150.014865 
-150.703813 
213.200076 
-63.911074 
-225.865974 
287.566405 
297.993599 
304.284831 
-463.316876 
-209.144185 
10.140555 
48.670850 
87.484898 
-69.083376 
-202.640612 
-402.136259 
287.736733 
68.642716 
-6.535648 
141.850340 
-148.828582 
-26.411867 
-191.570561 
0.480250 
-243.453267 
-33.868366 
-284.319525 
-284.641392 
132.019952 
-246.942236 
-52.947172 
304.277492 
337.714749 
-168.049225 
-338.526818 
206.751709 
-359.542869 
-221.377242 
-474.780285 
-466.030838 
84.439767 
74.261053 
117.450750 
-238.856067 
327.785283 
462.745441 
87.109834 
-319.914230 
-30.096632 
187.246908 
488.184927 
36.776444 
-89.275868 
-247.004678 
403.288732 
13.283081 
62.666291 
-103.718842 
-15.220603 
128.075826 
418.122547 
-176.702058 
-210.724913 
50.158007 
-161.561735 
-241.261342 
-126.117153 
-144.596212 
65.535363 
-113.823329 
-534.911422 
3.346110 
67.575503 
-109.971884 
-282.369240 
203.971044 
-9.849039 
-340.868200 
488.192285 
250.167535 
-34.380523 
321.005331 
-160.498014 
-291.536961 
-213.229110 
540.444346 
-262.125224 
-28.143248 
-12.685653 
-307.861671 
-126.157057 
-610.182363 
-278.632558 
-116.337524 
-541.619018 
-157.288478 
-51.119618 
338.486979 
152.219280 
259.770239 
-130.301982 
-225.866285 
184.631551 
-20.859501 
-187.034152 
-243.494725 
63.561117 
172.901052 
45.699198 
52.427527 
-280.634365 
-238.217560 
93.424521 
-54.400928 
-147.816701 
29.839451 
-5.336869 
150.936119 
-46.813508 
-245.754265 
-86.595535 
76.065105 
76.308579 
170.625822 
136.053239 
-247.019052 
-45.984151 
254.121634 
-63.534636 
-169.110776 
66.328632 
14.631377 
-214.014512 
3.340354 
160.149030 
-16.743103 
125.237735 
-38.963234 
-131.001828 
153.809931 
-257.718499 
-104.054429 
-98.042927 
246.706334 
-55.062594 
82.342161 
179.962973 
-40.964795 
234.060953 
226.060004 
-96.970458 
-642.404904 
-569.272800 
96.192938 
-107.932128 
-296.006972 
-27.492006 
-366.501415 
-94.441651 
-46.811844 
-261.920096 
-120.335413 
84.083400 
-238.917058 
-53.757786 
-416.900111 
-152.955275 
-115.216806 
153.811340 
-66.132085 
-119.260781 
-30.093417 
3.348869 
200.488590 
-137.435091 
-104.477374 
137.094912 
137.094961 
-53.857671 
53.498503 
-59.274316 
-117.811098 
-53.755427 
-143.317541 
120.380550 
-189.967096 
120.372585 
52.677049 
-164.015753 
-25.789882 
-98.589349 
-55.063768 
-194.402207 
118.267660 
254.136135 
11.834950 
163.201279 
-185.621090 
-309.902380 
-83.092848 
4.702515 
-183.671187 
66.174105 
770.173195 
-170.625499 
185.312546 
53.497231 
-240.046475 
-119.861707 
-176.358615 
27.543991 
-312.488238 
71.511023 
-289.313305 
-148.478644 
-34.231365 
-93.650374 
-54.007108 
-74.514270 
-13.376375 
-214.928074 
-78.388522 
19.979803 
-125.514329 
-71.882073 
-169.845389 
-234.245713 
-273.761194 
136.355121 
-72.621439 
-80.250743 
-79.339172 
-207.793167 
-80.252141 
-139.228363 
-191.435858 
-113.686144 
-163.842581 
-423.595667 
-393.122601 
14.136702 
75.318542 
-86.750113 
-321.211493 
-163.843134 
-35.316007 
-163.843527 
-115.035276 
112.622891 
-175.283497 
-275.386018 
-172.567868 
1.819290 
-211.577964 
31.879363 
-86.079909 
-394.035341 
-131.012061 
-194.443541 
-184.704111 
-23.265132 
-46.811561 
-153.617875 
-286.445138 
-178.624601 
-90.523075 
-146.421727 
-62.013070 
-163.842514 
-46.811943 
-472.281758 
-30.092761 
135.741160 
-241.187144 
-293.280399 
-265.624449 
-98.124598 
100.072810 
-213.998627 
-71.589258 
-26.653869 
-173.167850 
-262.226930 
-46.810562 
-221.241243 
11.617467 
-163.370348 
-245.571252 
-211.442380 
102.144603 
117.347556 
-337.217570 
-94.177031 
-170.405266 
35.583885 
-214.000529 
142.556702 
118.871570 
-213.998195 
-61.420408 
-213.998812 
-322.676546 
12.519577 
471.474541 
-407.384779 
-146.463918 
351.628137 
-52.676971 
-238.239566 
35.674925 
7.656604 
103.664052 
-218.830810 
115.273681 
220.959230 
-134.698433 
291.766183 
453.911794 
420.471234 
115.237057 
286.546172 
220.687640 
221.172763 
274.504535 
655.373683 
374.869426 
239.166221 
-387.973731 
-98.451997 
468.475514 
400.941511 
60.173224 
-54.786995 
138.194434 
94.167743 
440.177929 
-111.566006 
-159.347706 
93.267077 
162.400316 
352.591403 
371.155091 
325.934559 
239.321625 
37.226282 
90.354879 
420.223616 
657.243365 
53.412536 
-51.451968 
-88.801277 
504.897000 
13.971328 
551.128563 
-288.871630 
259.624308 
-54.136000 
669.533463 
-279.420760 
621.928603 
240.114827 
-278.690779 
164.391797 
-86.816044 
-174.143903 
268.536957 
-2.242414 
124.754971 
-117.363314 
-251.435478 
-139.191315 
258.896477 
243.248336 
290.448713 
-19.405644 
-162.137742 
-54.810382 
266.990292 
652.277499 
830.010619 
-48.149696 
132.396926 
163.118614 
74.293618 
331.354574 
288.876684 
-354.845839 
-75.533319 
-15.403918 
57.152688 
638.660017 
-64.940200 
85.429511 
141.628803 
463.669115 
297.443412 
129.377247 
-114.147108 
471.472369 
-282.005700 
-126.046748 
485.242071 
106.200275 
42.801964 
264.772653 
114.116665 
24.990704 
688.809055 
167.898718 
-297.368196 
119.962104 
-97.917685 
-144.478218 
789.117798 
-192.112962 
-219.348662 
40.279375 
12.928843 
172.182026 
103.648614 
427.337945 
-323.245566 
-382.482718 
72.158669 
125.638171 
789.125247 
-349.860343 
170.527772 
79.188902 
439.515293 
129.905285 
489.414351 
86.035497 
47.466212 
-89.726208 
195.381920 
34.089754 
-181.324340 
-343.978775 
-143.771761 
-3.699141 
-426.949750 
41.778735 
242.298148 
-127.264656 
-77.025045 
-296.811034 
92.443762 
-8.149505 
-360.120345 
-96.103397 
144.245107 
223.893653 
-37.662132 
246.369409 
284.315050 
314.272720 
173.806974 
528.627458 
137.095963 
-23.007564 
131.648901 
-89.241066 
3.343761 
-305.127442 
-478.027271 
306.826974 
-192.551328 
88.628372 
137.094886 
137.562698 
-153.159275 
-178.321732 
-87.137932 
64.971104 
668.163312 
-253.901428 
203.965145 
379.514794 
137.850669 
380.937474 
-46.914008 
406.531850 
-173.804098 
172.284347 
-494.637053 
-19.930830 
-449.287286 
-145.869540 
7.223503 
-232.431666 
102.239484 
107.271240 
422.549857 
448.719467 
-71.295306 
428.929043 
254.123850 
364.770559 
120.371786 
-692.635725 
-358.634682 
-43.645732 
-398.936224 
496.785080 
220.686747 
7.808537 
-898.812234 
275.021905 
-292.567918 
95.385766 
244.381652 
-549.418417 
-332.751748 
-7.609841 
-191.691371 
-14.285373 
337.720574 
488.845641 
-519.396822 
20.833908 
297.397544 
-287.439571 
212.600356 
-99.006986 
-276.920437 
-812.837068 
-245.733228 
-82.229985 
48.668928 
-80.293372 
-161.688770 
-58.130136 
-271.478227 
198.316772 
196.501532 
-75.333499 
68.752908 
-343.913362 
-522.891082 
115.580709 
292.141375 
-78.009187 
404.593206 
588.499825 
-452.990267 
-284.682818 
-60.576550 
-284.023711 
-76.191946 
211.084248 
-760.187921 
-67.186052 
-225.485451 
146.419395 
-231.866314 
244.040274 
334.020624 
275.094669 
-79.056149 
237.399598 
270.834505 
421.309923 
270.838946 
111.053167 
-44.538303 
553.627764 
375.029342 
98.509309 
-649.402274 
-331.688202 
33.667713 
296.229040 
-381.104081 
-231.917461 
-430.444075 
-306.271771 
-341.158806 
-33.030833 
-53.335464 
25.027310 
-331.309872 
-602.073618 
86.929377 
19.731587 
153.098705 
-625.580147 
722.242147 
-282.662634 
171.937510 
320.994142 
-4.738385 
-306.008304 
137.086612 
17.833151 
-400.607915 
-444.657344 
210.238557 
-723.628884 
-221.754175 
-144.740689 
-599.283860 
-82.152571 
-267.959231 
-468.466573 
-104.744393 
-283.151709 
-365.845012 
-15.388252 
294.390537 
-66.604391 
91.315703 
66.412686 
-151.059082 
165.127657 
81.256346 
-137.988000 
-285.919406 
-215.377877 
-215.122970 
46.955734 
-380.630881 
-258.137170 
-321.665405 
3.341914 
-462.655300 
-387.183412 
494.778002 
-318.528409 
-73.605489 
3.347448 
-223.029017 
46.802147 
120.028442 
19.340983 
133.294155 
97.286516 
-13.609563 
-81.228457 
-80.247612 
-163.841140 
175.547769 
64.724695 
-61.888353 
-624.177325 
488.188334 
-305.516591 
53.346674 
-77.041188 
-445.644073 
-476.134993 
-130.410214 
121.961141 
-66.535083 
-356.626051 
149.571889 
-112.735829 
19.075808 
86.349262 
159.035933 
394.778516 
-25.581318 
187.244703 
-769.902233 
608.351656 
96.398507 
-236.197464 
-202.873542 
214.257129 
-391.822581 
108.189340 
-30.095675 
75.984700 
-640.645204 
-114.653077 
-403.567340 
-429.332876 
-802.689910 
-42.753776 
-345.108678 
254.124930 
-184.902270 
-168.265729 
-30.102157 
387.862677 
278.321837 
46.891023 
-317.614231 
3.336771 
3.333215 
309.891946 
-267.500339 
-91.255373 
-425.058249 
196.116435 
24.706517 
254.134764 
-270.430735 
-30.109566 
-181.723248 
-100.568266 
193.720701 
-361.380303 
-28.506804 
-751.350497 
129.214380 
304.289021 
121.926666 
-222.092125 
-187.079924 
-85.575163 
-37.764609 
-8.463069 
188.221782 
-140.558097 
640.934010 
-371.990229 
202.266229 
36.778127 
-121.292435 
50.981805 
-223.014936 
34.490824 
-230.774113 
-189.952445 
149.387365 
-298.138544 
-140.318175 
-370.912150 
23.188090 
-44.707718 
53.500562 
-392.891181 
-89.590285 
22.046046 
-641.034217 
-365.549289 
-321.607187 
-334.242661 
-89.070704 
-0.641129 
-260.261748 
36.783936 
-121.895840 
-202.841910 
70.222277 
95.506301 
-299.106477 
120.374326 
120.378974 
-90.286912 
-308.491208 
-32.801059 
79.203431 
357.045764 
-214.570260 
137.094208 
-72.971158 
454.750721 
-32.288218 
-144.994225 
-83.176683 
-285.521520 
-554.057327 
-74.880134 
24.013909 
-257.967582 
-146.506124 
-59.357700 
-382.707793 
-59.448475 
-91.461282 
-5.179534 
120.373575 
-147.055275 
3.486426 
-164.124259 
-432.096035 
11.991696 
135.972817 
20.061908 
-30.092498 
-31.834490 
-46.819383 
254.927673 
128.276366 
190.373158 
16.175944 
-394.745787 
184.471982 
-214.002199 
83.392480 
-39.189569 
-189.111384 
-755.623858 
-214.004544 
-258.842059 
278.087499 
-168.868017 
-441.891309 
-452.548017 
18.863620 
-65.064860 
-77.360847 
-207.076262 
-103.944066 
65.230313 
-214.006179 
592.768502 
24.387248 
-214.003444 
84.780446 
-214.006243 
-585.185033 
62.840860 
856.000998 
-128.667259 
-29.313376 
-22.795722 
-342.500192 
-623.901470 
142.666725 
248.425566 
137.093362 
-108.863262 
-264.554902 
-497.266721 
418.616048 
-66.435736 
-6.243693 
-139.615258 
-431.909512 
19.367015 
-63.530438 
171.678643 
313.826308 
237.405968 
281.680942 
337.076089 
-790.911200 
322.161380 
492.631455 
233.174999 
153.381369 
83.617888 
-253.894822 
-24.612810 
108.949239 
-295.698426 
-292.080832 
189.945534 
181.085653 
362.596779 
722.250529 
97.726202 
95.547411 
-42.975903 
383.191957 
494.513981 
631.666001 
-153.469102 
-188.585707 
-30.782856 
421.313129 
-10.238962 
553.351848 
305.545839 
151.245433 
-648.687150 
281.987440 
-203.017406 
254.126322 
349.555402 
89.569678 
-11.704371 
-40.085555 
323.728789 
182.917139 
-31.264341 
567.744417 
-411.320840 
-46.125542 
-72.361493 
-220.416046 
89.576237 
-84.373218 
-106.304032 
23.963538 
-25.231520 
-203.102398 
350.045099 
430.650548 
-150.199500 
-40.455635 
168.212283 
254.386024 
10.728460 
-346.586765 
256.989611 
-7.569204 
-114.586775 
-354.380676 
922.877600 
-24.825010 
-82.416503 
-217.244679 
-89.164840 
390.309157 
-89.533977 
47.643288 
287.563935 
-115.122569 
-246.203430 
29.490822 
-1.097737 
-13.755140 
18.702727 
110.332017 
122.226778 
287.563676 
45.849893 
-57.646714 
81.205424 
49.393140 
-40.650555 
170.533069 
85.916619 
221.943617 
80.612604 
461.135781 
-87.161849 
504.907289 
317.165818 
-38.751213 
-200.435135 
132.857117 
41.728206 
-63.530316 
-210.695460 
337.719120 
251.365883 
2.694265 
154.975570 
269.823021 
-124.066523 
255.439553 
-19.817625 
-296.035258 
-460.650544 
-355.271605 
-103.221995 
-100.321820 
-802.333448 
24.077210 
34.331938 
346.732657 
92.161574 
-260.969970 
-137.943834 
-64.740556 
-781.646336 
-424.380013 
-199.251690 
-119.715161 
-387.153325 
-157.990732 
227.189994 
-223.856642 
-191.043687 
169.083207 
200.368681 
438.031493 
-174.352932 
297.961780 
-494.875901 
287.563946 
139.085979 
-355.648301 
239.376844 
-142.474195 
108.327984 
-88.484659 
-75.586799 
-404.451462 
283.529067 
-5.287129 
-278.529867 
82.079750 
-213.952102 
404.593457 
488.184194 
147.850292 
541.259401 
103.963873 
106.349772 
364.432714 
24.922584 
-613.772532 
-27.823857 
-258.564165 
129.645399 
-463.580687 
-64.330790 
-494.798530 
-143.441657 
149.263313 
684.221020 
331.932330 
-10.237948 
387.874093 
75.097838 
187.248802 
86.859614 
44.538473 
-16.166179 
-357.629015 
230.792642 
254.124413 
155.836191 
-299.147785 
132.834665 
88.462860 
160.548455 
36.346541 
-551.655536 
-231.577773 
18.182758 
-119.226430 
-65.036239 
571.780749 
191.556770 
-673.207869 
-89.135870 
442.353499 
-190.555110 
101.574997 
87.078351 
108.750433 
-311.452726 
-560.884485 
-11.836643 
191.507768 
184.954533 
-172.915379 
-549.865112 
-443.689592 
78.001263 
79.017566 
-105.655219 
15.731692 
-133.755403 
-489.960701 
216.196495 
148.257539 
-227.250876 
471.469837 
856.001489 
-500.822697 
-132.377531 
37.109882 
-273.104088 
153.036295 
-53.901366 
-765.251780 
114.631602 
-377.310306 
-203.064484 
-286.944346 
85.586659 
142.613473 
303.083094 
-348.008520 
287.563609 
203.969521 
137.094342 
237.407230 
424.749755 
-210.570320 
98.715223 
106.820442 
-103.805825 
-303.099932 
-23.985748 
4.097265 
358.878350 
-457.414301 
-310.395384 
-112.231292 
-124.683336 
-736.020193 
-108.564940 
149.003480 
-71.535558 
-67.448818 
-474.264046 
287.562405 
2.751769 
114.932741 
-80.771899 
588.499833 
-233.298967 
-247.525692 
488.187632 
33.179376 
-37.455574 
137.093629 
160.499941 
-34.446166 
-330.665042 
285.472172 
-32.478291 
284.801432 
-62.556174 
-39.045278 
8.299604 
-176.931886 
-141.676466 
-175.353717 
-287.966984 
144.229017 
30.530902 
-58.827755 
32.322170 
-657.114099 
-244.389707 
-50.093794 
108.702254 
-259.654433 
-177.465020 
-167.181708 
-220.504546 
-155.274054 
-33.275273 
-177.912151 
69.836162 
-509.224185 
-59.663953 
-284.823244 
46.124349 
435.468485 
60.337651 
-117.067810 
3.343893 
-139.935382 
15.875531 
90.362167 
169.624565 
-127.357980 
100.559457 
-122.760056 
-145.259625 
-63.531786 
3.344034 
29.335005 
-139.279968 
28.074524 
-338.833046 
153.811859 
-160.687396 
120.907145 
-30.259611 
-3.686319 
18.148251 
-30.093953 
71.907237 
-95.206928 
-180.817039 
-5.234318 
-126.778805 
-133.605673 
-38.785654 
-147.764299 
-171.248976 
31.921843 
254.125336 
127.689500 
-439.702389 
228.835307 
-10.744441 
-354.922014 
44.773194 
-442.638446 
208.337776 
-63.530473 
-175.679575 
-346.496452 
-79.497293 
-222.559201 
115.355035 
111.863141 
-19.924622 
-194.356607 
153.812753 
-0.490021 
-61.534377 
-63.531522 
120.375430 
-186.498000 
-151.641484 
-237.495986 
-63.530875 
-63.531443 
394.538172 
-35.666514 
-21.810659 
-163.439750 
149.620702 
386.785748 
120.375497 
-20.689444 
36.781803 
-53.668588 
186.557982 
-152.405142 
174.885075 
103.171234 
-224.303613 
-132.046522 
270.844317 
177.210480 
-91.210030 
-146.774357 
287.316287 
-158.106540 
-37.987908 
191.630550 
27.717832 
67.411545 
-388.028354 
247.263053 
36.782080 
55.561591 
488.954031 
-124.837728 
71.630205 
-234.996377 
176.608377 
169.498083 
-103.253353 
-144.632185 
-165.779807 
172.777984 
107.590925 
120.375479 
-367.682526 
12.021547 
179.436844 
-567.575321 
-80.495929 
-157.130892 
-119.180643 
-18.656620 
190.788019 
-114.930600 
120.375301 
3.414250 
-151.249988 
-13.374203 
-363.494873 
-562.951183 
-80.249211 
-80.249546 
-323.811423 
-446.110428 
-186.707837 
-82.560697 
68.453482 
-267.062800 
-63.530700 
-206.467302 
-13.374694 
-28.250319 
-104.248881 
-74.364361 
-324.766865 
-134.713564 
-78.350341 
-291.816344 
-138.710374 
157.408576 
-56.463653 
-250.293822 
-136.081450 
6.973632 
-9.523900 
-96.968860 
89.679026 
-202.667504 
-292.400032 
128.143269 
-14.633547 
0.448813 
-63.530800 
-63.531196 
-321.432399 
-46.812595 
-463.289715 
-174.890200 
277.833359 
-155.184645 
-348.372908 
-235.140283 
-213.999853 
-111.983223 
193.074011 
-72.802113 
-541.819368 
-214.000322 
24.889114 
-460.344559 
-325.822227 
-116.885231 
52.189263 
-146.853611 
-309.504708 
-359.376284 
-37.530300 
-18.618540 
-74.136077 
-214.000014 
180.248301 
-322.400229 
-213.999877 
-216.199794 
-213.999554 
-479.538226 
-307.750488 
-197.281249 
-210.099092 
-215.327829 
-208.941133 
-220.537468 
-219.379464 
-214.000000 
-216.018186 
-214.000000 
-221.769460 
-210.247468 
-213.862114 
-217.377541 
-202.116821 
-208.427911 
-209.929377 
-223.001339 
-219.537923 
-213.999999 
-216.991184 
-213.247299 
-214.000000 
-198.462212 
-199.158989 
-192.053568 
-202.588836 
-203.282336 
-212.920358 
-208.649389 
-212.889616 
-213.624056 
-214.693732 
-211.665671 
-217.614808 
-206.861444 
-215.372997 
-202.452460 
-215.529009 
-213.999999 
-213.286986 
-213.614123 
-239.520248 
-213.349894 
-220.692395 
-200.900822 
-211.928622 
-214.668450 
-217.551306 
-197.281249 
-200.110074 
-214.441177 
-220.069111 
-202.185717 
-212.955077 
-216.803968 
-221.985236 
-214.000000 
-209.458357 
-199.573366 
-209.459238 
-214.705658 
-213.438464 
-230.057205 
-211.105698 
-210.331108 
-223.010968 
-206.578927 
-214.311562 
-210.217180 
-212.636476 
-222.919148 
-215.042195 
-210.290130 
-202.497447 
-212.911276 
-202.016194 
-216.159506 
-213.374639 
-213.349627 
-205.808296 
-213.368805 
-220.886931 
-210.247468 
-214.823714 
-223.493684 
-206.494800 
-216.084649 
-214.000001 
-216.137987 
-213.693490 
-215.941918 
-196.166667 
-215.043798 
-206.185236 
-202.918965 
-214.000000 
-208.808197 
-212.519502 
-217.257609 
-214.799552 
-215.278305 
-220.456629 
-219.016197 
-204.093479 
-214.000000 
-214.273190 
-204.729725 
-200.940064 
-217.646150 
-218.579368 
-214.000001 
-216.989312 
-209.239220 
-214.287353 
-217.617373 
-204.238506 
-214.000001 
-213.107937 
-205.462924 
-207.010011 
-216.840772 
-221.389225 
-214.000001 
-214.738904 
-213.999999 
-217.518000 
-213.022942 
-212.107951 
-208.555634 
-200.890552 
-213.077951 
-211.259166 
-219.907557 
-216.251623 
-211.336777 
-206.278639 
-220.017722 
-225.741434 
-204.277641 
-207.658817 
-216.859131 
-213.999999 
-214.500153 
-215.741836 
-217.865039 
-225.016005 
-231.443026 
-210.911961 
-213.575750 
-213.325326 
-219.223833 
-215.131501 
-216.333040 
-211.195764 
-224.725302 
-220.062702 
-214.000000 
-208.516069 
-217.968321 
-217.137589 
-214.000000 
-206.274351 
-217.191907 
-216.324782 
-202.023937 
-209.706842 
-216.868203 
-210.718492 
-212.470074 
-214.948434 
-212.296279 
-210.621179 
-211.759413 
-214.823933 
-197.281249 
-205.640626 
-215.756462 
-216.989312 
-208.040095 
-210.678525 
-214.064978 
-216.827395 
-213.005546 
-212.871485 
-205.743179 
-217.261169 
-204.701178 
-214.927147 
-216.372706 
-225.338030 
-211.570871 
-208.421730 
-208.747556 
-211.371281 
-214.000000 
-210.279697 
-214.000000 
-210.169061 
-215.200654 
-218.004611 
-212.362051 
-220.089902 
-213.999999 
-214.597530 
-219.418579 
-219.769873 
-214.989113 
-214.145853 
-206.373582 
-202.180176 
-211.244388 
-223.151400 
-210.474290 
-195.459628 
-180.562499 
-217.405820 
-213.999999 
-214.399629 
-210.807044 
-214.705658 
-219.537079 
-213.617321 
-202.708756 
-203.896927 
-205.882972 
-215.245048 
-213.915180 
-212.250915 
-218.536517 
-217.587195 
-213.439816 
-218.126608 
-210.833555 
-217.052559 
-224.080394 
-214.103722 
-208.976973 
-205.638298 
-215.798365 
-208.725464 
-214.000000 
-214.000000 
-214.866087 
-206.736050 
-216.264727 
-220.157732 
-215.788543 
-220.401158 
-215.497411 
-218.256963 
-215.808276 
-209.183719 
-216.268768 
-211.876819 
-203.835398 
-219.170802 
-213.288455 
-213.999999 
-214.000000 
-214.000000 
-214.000001 
-199.155978 
-212.255166 
-213.635806 
-212.747164 
-211.334431 
-232.406540 
-200.541877 
-211.903719 
-217.200705 
-213.570234 
-213.088781 
-215.411457 
-210.353986 
-216.366057 
-213.101006 
-216.620160 
-207.180159 
-204.277782 
-215.237455 
-214.000000 
-220.285794 
-216.004363 
-208.663747 
-197.281250 
-208.107069 
-213.349894 
-213.999999 
-210.400268 
-206.923349 
-214.000000 
-214.000000 
-209.228719 
-210.893754 
-197.281250 
-208.551371 
-217.517999 
-208.290716 
-214.341431 
-215.597239 
-215.665987 
-209.102656 
-214.931407 
-224.047811 
-212.812456 
-210.131305 
-219.339102 
-213.262733 
-208.809755 
-211.197521 
-218.461936 
-210.987583 
-203.492109 
-218.682025 
-228.176975 
-208.157098 
-197.890725 
-198.946372 
-216.899502 
-215.278304 
-211.553656 
-211.634341 
-201.122383 
-208.878540 
-217.614808 
-219.118683 
-209.710769 
-214.000000 
-213.072707 
-204.000642 
-211.847925 
-210.663164 
-211.197520 
-213.307278 
-213.960820 
-223.777798 
-213.999999 
-214.000000 
-218.463231 
-217.798431 
-210.587690 
-196.166668 
-214.000001 
-204.989556 
-206.891755 
-213.006172 
-209.561729 
-209.816104 
-214.000000 
-217.833321 
-214.101970 
-221.560151 
-209.804988 
-201.243580 
-210.608713 
-210.913050 
-211.311058 
-211.319564 
-212.353317 
-214.000000 
-214.000000 
-213.999999 
-214.707492 
-217.476720 
-216.690201 
-212.966754 
-214.299740 
-214.079519 
-214.000001 
-214.500283 
-200.666050 
-207.621533 
-209.086271 
-211.446387 
-220.692395 
-213.904402 
-216.894014 
-214.000000 
-208.641555 
-211.077339 
-214.000000 
-214.000001 
-219.337006 
-212.224617 
-214.079518 
-214.000000 
-214.000000 
-204.220573 
-214.000000 
-217.365377 
-212.674212 
-212.247632 
-208.192672 
-214.000000 
-197.281250 
-214.000000 
-217.480456 
-214.529081 
-217.864362 
-212.939219 
-213.586398 
-210.129622 
-207.866792 
-230.718749 
-211.933012 
-210.070939 
-217.646148 
-212.678744 
-206.846161 
-207.019461 
-205.886020 
-208.996557 
-214.000001 
-213.979963 
-213.227768 
-214.000000 
-206.080205 
-211.372676 
-211.916803 
-212.340701 
-199.850783 
-209.402120 
-215.822004 
-204.559702 
-212.874265 
-214.723588 
-213.198974 
-208.262304 
-214.000000 
-213.844014 
-208.357141 
-216.411300 
-211.975464 
-219.602731 
-209.139407 
-216.796544 
-216.463751 
-213.709602 
-218.613826 
-214.000000 
-212.777404 
-211.282953 
-214.000000 
-213.433433 
-218.287870 
-214.000000 
-214.000000 
-215.238678 
-216.781156 
-219.229628 
-214.832844 
-210.158812 
-220.108680 
-214.000000 
-216.739994 
-213.999999 
-215.055376 
-218.021154 
-211.488912 
-215.148859 
-207.134726 
-213.021440 
-217.778969 
-215.664422 
-214.836309 
-214.018784 
-214.728559 
-211.303889 
-214.738275 
-210.581735 
-214.000000 
-217.439585 
-217.951816 
-209.170425 
-214.341431 
-215.012164 
-217.069693 
-214.000000 
-214.000000 
-215.665060 
-214.000000 
-213.901797 
-210.525107 
-214.571382 
-216.554145 
-210.991597 
-214.591746 
-214.000000 
-210.937495 
-204.302398 
-213.753478 
-225.039979 
-214.000000 
-211.813102 
-214.104893 
-214.750962 
-210.343145 
-208.161571 
-214.092065 
-213.027876 
-214.387753 
-212.120909 
-219.765611 
-215.441685 
-214.000000 
-210.611118 
-207.240564 
-214.000000 
-218.727680 
-214.000000 
-212.400029 
-214.930015 
