-8.390903 
25.879917 
39.801491 
53.467556 
44.459045 
41.356810 
61.499804 
53.493903 
58.171644 
42.376827 
32.598884 
29.371305 
0.852825 
2.752794 
-29.046968 
-35.356093 
-43.337000 
-49.104187 
-41.671923 
-44.552848 
-54.850516 
-41.671854 
-23.984863 
-31.537719 
-52.619371 
-64.986784 
-109.587815 
-62.009638 
-80.891614 
-92.540381 
-81.822499 
-73.668801 
-91.734006 
-76.693924 
-95.582363 
-83.377959 
-83.172246 
-64.524213 
-41.671695 
-54.313724 
-73.452433 
-67.767301 
-49.191478 
-60.812976 
-78.716000 
-60.833790 
-66.221013 
-36.014685 
-74.952798 
-55.385257 
-36.765763 
-67.200135 
-56.240871 
-42.711751 
-67.916271 
-68.669096 
-74.952880 
-50.024750 
-47.930701 
-64.308558 
-49.077398 
-62.615233 
-41.863332 
-33.317048 
-55.531388 
-44.669538 
-21.109784 
-30.921237 
-33.265644 
-28.414073 
-35.232787 
-4.285580 
-19.476110 
-10.235551 
-36.751946 
-26.072004 
-49.784478 
-37.554460 
-14.794653 
-27.054538 
-30.106864 
-18.822970 
-8.817938 
-42.094182 
-40.859186 
-45.405279 
-30.988878 
-41.671914 
-34.574418 
-14.689572 
-34.593327 
-27.250031 
-31.975935 
-23.420075 
-13.757990 
-8.390535 
-4.542762 
-19.833201 
46.368235 
47.879379 
42.622626 
38.299402 
58.539257 
53.897830 
58.172134 
17.038197 
30.048806 
16.730173 
3.505169 
16.235566 
-8.390275 
10.101361 
-7.838876 
29.756061 
5.153831 
2.493935 
-8.390191 
-7.849594 
-4.651176 
-8.381811 
3.630095 
-11.545801 
-8.390269 
-34.103186 
-41.671543 
-47.858033 
-46.560032 
-67.447210 
-65.808145 
-60.353607 
-70.072653 
-85.052292 
-80.115728 
-77.653344 
-53.981301 
-50.421942 
-55.535532 
-28.092269 
-28.195470 
-4.314092 
18.826477 
28.011218 
33.436252 
11.713721 
7.747531 
9.742132 
7.856753 
3.029090 
-11.628734 
-34.766466 
-23.346660 
-22.386102 
-16.045736 
-42.090931 
-39.750887 
-0.643922 
-8.390376 
7.145583 
-24.592442 
-63.599561 
-8.390758 
-33.611237 
-46.036932 
-27.012108 
-34.141880 
-32.517410 
-40.767437 
-82.217861 
-62.867493 
-87.533007 
-89.841810 
-73.544742 
-57.554058 
-57.599609 
-58.312446 
-66.632838 
-49.607586 
-50.249569 
-32.543424 
-42.276744 
-48.097124 
-28.787466 
-25.635452 
-19.975105 
1.876275 
-4.380587 
17.703147 
-1.128235 
-9.476907 
14.729366 
-8.928662 
13.403765 
4.274712 
-20.187540 
-8.390597 
5.758652 
-8.390305 
9.487127 
-6.664597 
28.871748 
51.395849 
53.253800 
58.171977 
78.760544 
54.576504 
73.377340 
66.677399 
79.391456 
82.846891 
43.850901 
39.873165 
30.287519 
25.043803 
7.796346 
24.890625 
17.805016 
81.468731 
32.261593 
32.573567 
17.484919 
9.478749 
8.283936 
6.853239 
41.683836 
50.777952 
10.042165 
10.082251 
8.813635 
-7.350956 
27.597220 
8.708974 
36.376728 
31.825316 
51.425712 
55.798200 
45.572039 
55.834135 
82.296426 
52.460137 
92.293606 
91.453006 
91.453021 
79.689000 
79.724518 
83.066637 
101.005403 
73.589095 
111.871365 
32.061134 
42.992473 
41.197736 
0.600980 
6.223116 
4.671898 
-9.305807 
-20.504545 
-10.479093 
-41.671867 
-41.671852 
-91.593756 
-74.953086 
-78.648711 
-70.754183 
-64.772835 
-63.072924 
-42.579572 
-44.436123 
-21.463225 
-12.793899 
-30.044211 
-16.530159 
-9.528244 
-5.331926 
-17.759505 
-11.287792 
-16.711879 
-30.263525 
-5.884749 
-0.344855 
-8.801674 
-8.390569 
5.577389 
4.710961 
5.352868 
-8.390597 
-5.885082 
0.799368 
-8.390602 
39.683437 
1.713031 
24.890629 
26.000328 
-4.881847 
-40.376298 
-55.192437 
-58.720273 
-47.858462 
-50.581892 
-56.416073 
-32.913985 
-37.003880 
-69.736776 
-38.200754 
-24.386430 
-23.347081 
-18.118878 
14.489313 
-7.102033 
-22.011597 
-26.766331 
-44.201319 
-48.466447 
-69.466169 
-51.879730 
-71.397412 
-64.171560 
-71.023262 
-52.377961 
-76.956030 
-57.221336 
-50.719329 
-57.298879 
-32.268489 
2.032598 
-5.694150 
3.082938 
13.739012 
24.890552 
42.202797 
39.403121 
38.470233 
52.960480 
56.436434 
64.597013 
67.695006 
51.062341 
41.531292 
58.171989 
56.614904 
36.983564 
51.549150 
61.500285 
24.890644 
39.405519 
60.164748 
44.898292 
56.499810 
66.701038 
58.172378 
87.595763 
22.998956 
31.477292 
19.167327 
12.965139 
27.792998 
19.907051 
-12.358611 
-1.665044 
-37.351825 
-41.671675 
-9.430873 
-94.713473 
-57.032869 
-84.472872 
-100.819987 
-79.737662 
-117.491457 
-93.311273 
-74.953002 
-78.125547 
-72.804317 
-114.308339 
-83.924734 
-100.119626 
-106.504735 
-83.254793 
-19.318939 
-74.952635 
-11.914384 
-35.839584 
-8.390533 
-8.390404 
10.474785 
22.398831 
40.923891 
91.453208 
91.452557 
101.572817 
97.000116 
148.208262 
122.306287 
142.330182 
134.488794 
108.093950 
104.973840 
124.734558 
110.389350 
100.843028 
72.934123 
70.252412 
83.734415 
40.756341 
9.559727 
-8.390325 
-4.491029 
-3.276961 
3.505801 
26.976596 
-1.015490 
8.061654 
27.476718 
22.805296 
23.005309 
23.647451 
22.166422 
24.890456 
23.560282 
23.264088 
31.734521 
-10.164743 
-7.178095 
9.894264 
-24.843240 
-11.122531 
-36.634289 
-55.308576 
-34.647547 
-1.907888 
-8.390810 
1.251887 
2.147855 
7.988217 
62.657276 
35.593049 
18.660923 
34.046322 
48.890942 
52.602784 
76.223256 
8.249941 
46.539306 
49.643071 
8.250172 
7.082881 
5.345071 
8.249870 
8.250093 
-5.795946 
8.940119 
3.418227 
-1.507254 
18.520631 
-20.583317 
-8.390689 
-33.619096 
-25.031284 
0.406986 
-13.536614 
-13.711428 
16.823707 
-6.153333 
12.680506 
-0.392963 
-21.654535 
-9.937895 
15.980432 
-17.869306 
-17.184650 
-21.907741 
-37.223516 
-41.672007 
-65.079934 
-70.513476 
-39.460908 
-39.775469 
-25.725240 
-4.057728 
8.249696 
8.249919 
21.014005 
-8.390706 
-56.738656 
-32.170708 
-55.668663 
-81.133500 
-85.606082 
-88.915665 
-74.953359 
-70.107644 
-98.194601 
-93.942220 
-97.137565 
-96.794039 
-73.546819 
-69.742456 
-68.018290 
-88.621052 
-65.076403 
-99.370464 
-81.063327 
-86.761823 
-71.635573 
-62.856425 
-23.753322 
-41.672316 
-11.958875 
-4.644286 
-8.390837 
22.486301 
8.249809 
13.010710 
23.463663 
24.889348 
-141.261867 
13.755551 
318.713200 
142.870891 
-138.690142 
-9.501423 
339.386026 
24.889953 
-358.279751 
306.040005 
-313.708008 
260.902589 
-20.047526 
309.759659 
267.648390 
-5.996667 
109.632357 
-8.390867 
155.314494 
99.444260 
-8.391135 
-32.589727 
30.667282 
108.371171 
-132.670931 
-536.858242 
58.307113 
-105.006320 
153.696265 
159.268535 
-172.506253 
83.790183 
59.140906 
-159.241911 
482.812385 
-102.483011 
231.251723 
-41.671217 
100.130286 
-126.758051 
7.908162 
-380.193064 
98.712465 
666.694260 
-44.183973 
-144.448946 
220.407886 
-8.390857 
135.860364 
459.236255 
-15.476392 
281.368796 
25.930593 
154.969312 
-58.506343 
58.171956 
125.310653 
-17.693964 
-55.827877 
-60.604185 
93.345949 
-98.589638 
347.913698 
96.914772 
-4.413198 
446.248328 
-190.130012 
-114.706357 
295.491292 
153.385404 
45.189934 
82.160514 
536.414350 
-152.911570 
271.293079 
958.915302 
63.621675 
111.146470 
92.965498 
462.018328 
395.307235 
23.224303 
119.541607 
451.730564 
229.199372 
293.690089 
1006.687682 
-75.180151 
657.990917 
162.798350 
523.000158 
360.113510 
-40.217430 
514.034730 
723.797392 
29.688680 
256.764867 
391.119894 
526.124077 
-294.319900 
159.776444 
147.710825 
-98.312382 
390.985264 
322.743854 
-357.290233 
522.043204 
178.212999 
190.396916 
158.017053 
362.645890 
-206.550038 
-101.662004 
-561.672564 
213.331137 
224.579463 
409.865529 
-510.805575 
-232.731766 
324.175012 
170.656822 
174.656896 
-711.694861 
690.516336 
-304.208360 
73.462845 
-302.189707 
296.898896 
16.450110 
-102.350612 
-381.292244 
-298.516445 
273.195604 
-121.521754 
-402.125000 
-185.597151 
-241.037161 
-28.411852 
-322.968890 
23.249409 
-7.349991 
264.148945 
-179.512267 
103.329541 
-730.463889 
-978.122397 
-109.492679 
-280.419274 
112.242169 
-241.134065 
107.785763 
325.519976 
-162.904328 
12.021241 
-204.825707 
224.578848 
-105.230017 
263.304811 
-873.032224 
357.703796 
-66.701609 
-401.412701 
347.774757 
-316.090057 
120.378530 
192.840891 
-872.268066 
-23.159875 
-216.596727 
-194.328976 
462.798216 
-216.010693 
322.812124 
-108.231986 
-41.669245 
416.410735 
-1208.818811 
-231.925190 
-155.002175 
63.541384 
159.065741 
-102.036130 
-234.793751 
188.717065 
-167.109187 
-505.971036 
-116.875738 
14.394104 
-174.323299 
200.199629 
101.343457 
-228.400572 
-62.733276 
24.892727 
284.997964 
723.799829 
-951.478756 
-46.178828 
-310.245104 
267.398863 
-95.995723 
191.298352 
306.137855 
-705.466203 
-297.096636 
-80.010013 
-264.089411 
157.466454 
-441.332221 
-151.544988 
-450.260557 
-86.426973 
-198.753840 
224.578841 
40.298921 
-11.717886 
-358.170929 
194.533856 
-110.524404 
33.301146 
-261.558463 
80.842427 
63.453051 
-108.299506 
-243.211831 
5.981551 
29.085791 
-596.393777 
212.557018 
-204.454599 
340.393154 
-162.049862 
-192.564108 
303.316899 
-172.927623 
-219.645481 
487.889165 
-250.499971 
90.875068 
24.891547 
291.141506 
-8.674491 
-472.017127 
348.101814 
-59.635625 
-321.851975 
541.388756 
-679.012024 
351.214637 
-251.819031 
251.999101 
54.959537 
604.875515 
-394.329902 
200.242202 
-136.755837 
24.892737 
707.157932 
24.892041 
274.501978 
1090.395516 
-552.292719 
263.492279 
-117.697103 
453.917689 
-271.604780 
-73.349649 
213.105998 
410.321297 
-399.072259 
-52.030451 
224.051545 
-302.512832 
-268.376286 
-127.989141 
-27.785284 
34.682072 
-169.921827 
32.364096 
291.142491 
-13.731965 
-74.401414 
65.540323 
24.892213 
112.064666 
-442.662403 
174.657519 
104.548968 
-239.152360 
291.142105 
363.251483 
-367.246214 
-184.754757 
-550.249139 
-408.692006 
-237.646679 
-226.828700 
-14.708611 
414.499028 
-285.360325 
81.189162 
341.880879 
411.680488 
-281.203310 
112.882147 
529.924671 
-144.874128 
182.099720 
491.396517 
188.846448 
52.886566 
-78.129598 
-317.000615 
-197.712387 
94.243430 
239.290819 
18.552753 
97.810035 
-211.117406 
-360.019063 
439.051723 
-35.515718 
-81.627647 
325.390139 
-208.341192 
-45.964851 
357.702683 
-103.686918 
326.657875 
-53.306636 
310.913813 
-423.838921 
416.949332 
-178.361621 
-190.755553 
-41.673010 
507.467974 
425.953990 
-317.881559 
240.293844 
-417.750479 
-8.391414 
-63.382690 
17.223374 
-17.196492 
-642.323232 
66.206081 
440.905400 
162.171398 
-129.920623 
-229.093310 
-70.698061 
-231.633174 
62.193750 
-304.180530 
-114.881349 
27.468687 
-341.117987 
440.905267 
-182.077513 
-94.714758 
-133.220416 
-183.589520 
-337.306168 
145.571908 
-188.792034 
259.985779 
307.780927 
322.085729 
-287.324117 
72.497081 
-69.820894 
-153.925920 
-596.934483 
-363.514559 
-31.659690 
141.375673 
41.182011 
-264.504407 
-141.514902 
174.656710 
43.565983 
-160.322072 
-434.480386 
-8.390258 
673.875796 
136.102789 
-169.249384 
-108.851913 
1.692072 
36.028822 
97.596461 
124.735414 
107.054921 
307.781791 
115.484458 
102.856422 
362.393478 
414.155928 
-248.141564 
34.846899 
239.727401 
457.547341 
261.623056 
-43.667236 
-34.788025 
-332.929038 
222.283073 
-459.308897 
150.099558 
-108.060499 
505.453684 
-198.015014 
236.726506 
291.140719 
-269.751033 
862.653602 
98.967845 
165.594630 
-622.586169 
161.781777 
-228.177052 
-146.058852 
64.866370 
-330.744372 
-5.509062 
251.123406 
91.452652 
-376.424543 
-114.674604 
-1.124030 
-134.170533 
248.809864 
-99.084281 
427.904836 
262.365515 
326.988555 
-35.138402 
91.453089 
80.161021 
-275.715079 
108.093858 
-202.617517 
-423.515380 
91.453318 
74.812769 
-153.496477 
-169.901366 
203.868539 
-341.448339 
27.087879 
-370.750241 
41.532051 
-168.697716 
-41.671017 
38.375756 
-307.016276 
30.319651 
129.660514 
-959.185324 
327.364172 
-335.069263 
-133.242474 
-68.730101 
-582.044637 
-198.249886 
133.113077 
-538.383085 
-217.649841 
-41.670368 
58.252947 
52.523447 
-642.048823 
-231.035898 
-138.520091 
245.676091 
-25.029760 
-8.389264 
-353.926865 
241.219738 
-345.662241 
-162.667943 
-202.604565 
-259.372319 
47.520293 
131.983031 
41.531843 
-100.150788 
-158.014433 
-452.884742 
-583.606764 
-289.200930 
-148.206486 
120.903753 
-161.898694 
78.328436 
-403.312069 
-192.623569 
-178.501852 
-620.334350 
-163.872587 
158.465790 
85.149361 
24.889349 
-39.461473 
-109.812115 
8.248779 
-26.059052 
-258.001354 
-466.984722 
-21.841959 
291.135613 
94.267303 
-248.486180 
275.095854 
893.784182 
-708.425494 
-382.254459 
530.769373 
324.414154 
-460.913647 
335.849874 
-110.148253 
184.196064 
32.681747 
330.452560 
762.886152 
105.186624 
188.075228 
407.616728 
112.191762 
-132.840608 
1039.964007 
169.531846 
344.630954 
-268.002163 
147.300108 
-668.773774 
-87.544808 
368.571566 
-117.760897 
223.630836 
9.880024 
102.686709 
137.925836 
-135.264172 
596.512732 
453.538668 
109.978924 
158.010253 
666.135300 
-237.604932 
-165.245627 
87.367265 
176.070684 
853.272472 
484.087120 
-342.270577 
-34.881963 
457.542256 
-22.919896 
1120.753375 
601.975499 
469.694016 
75.849551 
405.300638 
461.763257 
2071.685316 
199.293602 
12.525389 
252.512300 
-159.016118 
320.418122 
24.032708 
386.177949 
591.775601 
-87.880366 
604.542711 
78.607542 
351.695286 
387.262787 
982.094095 
247.623921 
-46.295973 
-123.317410 
403.295148 
444.834919 
905.384943 
-375.819263 
156.480439 
26.906420 
389.705134 
701.700935 
153.603071 
106.466825 
17.387749 
425.707882 
-192.341176 
940.121343 
-347.094246 
272.851180 
395.293520 
629.496180 
318.305398 
-139.477230 
-36.982938 
640.593567 
-343.384963 
-214.387900 
220.112689 
94.692335 
-280.513851 
-324.600646 
519.122697 
-567.341527 
91.455145 
22.421486 
-920.553472 
301.801526 
-48.945079 
0.726021 
-41.664508 
169.865241 
-555.024001 
92.998536 
-679.052727 
231.331630 
-41.665134 
150.047635 
-573.158706 
-636.310749 
241.717670 
175.231084 
74.821083 
-846.653402 
224.590742 
-232.311278 
166.573118 
100.813559 
176.926714 
-238.366472 
471.799694 
-676.950953 
-169.694604 
-47.181985 
-144.033819 
-125.516030 
-437.725178 
-557.951073 
-377.340731 
-369.729636 
56.312138 
-21.909559 
-30.832006 
-1067.464104 
363.145027 
-686.615592 
-887.362845 
-422.471991 
-42.689297 
-293.146443 
-260.538253 
88.960239 
477.773508 
-222.320935 
307.998245 
-180.107767 
490.826991 
-301.208516 
6.514565 
-481.036684 
673.866311 
-338.071716 
-386.424343 
375.002150 
190.726200 
-67.904495 
599.324286 
-498.822997 
241.921242 
-27.183787 
-360.616255 
391.757222 
141.443551 
-9.695344 
74.805110 
382.658818 
503.558021 
-241.941646 
118.219129 
-291.752138 
138.790255 
1172.733795 
-278.732925 
124.672575 
-265.087705 
161.814209 
-471.134343 
371.115713 
-34.030847 
-170.409262 
228.542521 
268.225379 
64.335955 
151.876332 
723.798358 
392.610874 
840.281496 
-766.025745 
-156.785498 
115.851825 
-55.409577 
22.245847 
540.757242 
-74.847126 
-747.155668 
207.119567 
-1127.461609 
22.043802 
544.887068 
-218.070229 
-493.662301 
-666.809718 
-407.476644 
-190.668867 
457.553247 
-153.229310 
266.744857 
-302.013230 
409.258538 
157.160771 
418.233097 
-352.319628 
22.735061 
-305.366593 
-223.127228 
-314.011983 
-163.240114 
-158.104889 
-294.608337 
316.520257 
285.847402 
-49.155285 
-56.858129 
118.588972 
275.304557 
-171.950425 
-179.325799 
176.911728 
1.829557 
-97.084324 
291.145885 
1139.813120 
-783.280686 
-230.625632 
-111.537116 
13.216269 
-294.064190 
97.526317 
-1162.092506 
112.065800 
7.099779 
235.441324 
-150.388146 
386.802779 
-496.797254 
18.784708 
-269.655243 
241.218110 
-25.032165 
407.625128 
191.295323 
205.357330 
-394.231884 
682.390393 
-44.953063 
524.090323 
-574.275273 
-96.699839 
-277.984108 
772.909771 
-417.779060 
-66.420409 
91.793317 
-48.888396 
-975.159217 
162.220097 
-422.256779 
232.438409 
-343.137662 
38.438006 
241.221610 
258.287448 
-208.399411 
-539.061349 
374.344270 
-459.131384 
-555.507588 
58.174154 
173.283993 
-298.184083 
1106.534374 
203.501411 
-160.465033 
-240.242628 
-568.969090 
-206.897841 
83.852679 
-38.146950 
-390.787598 
670.241610 
-194.118724 
99.376864 
335.256017 
286.846038 
-195.068206 
245.121262 
225.038889 
-98.346428 
92.479450 
472.439874 
51.257442 
194.650124 
169.793582 
-280.016272 
-355.086622 
-89.234598 
83.842635 
-327.157908 
-267.701832 
-446.920508 
-320.926795 
433.330758 
-284.994373 
85.255300 
66.931601 
-253.634613 
547.882215 
873.559380 
-1174.278606 
474.112768 
123.292116 
13.235334 
-209.823152 
410.358446 
-549.214907 
-121.211664 
474.186823 
141.373239 
386.562619 
-104.412700 
630.908148 
-204.766553 
274.497866 
-308.231969 
31.097666 
38.245135 
-650.836147 
-250.694695 
174.654977 
422.183847 
-44.573440 
-112.489382 
-341.624628 
-17.891101 
314.246350 
-306.701987 
-229.715715 
-103.366357 
-223.128715 
-41.669053 
-211.202551 
-464.967872 
88.267093 
-364.935100 
-468.628305 
315.654336 
-360.403202 
418.636451 
-74.956694 
-187.737099 
-549.390962 
37.915208 
264.601250 
107.334230 
-793.727673 
-20.941370 
453.275933 
-41.672288 
7.097988 
121.290677 
74.804121 
74.811304 
-82.902158 
-73.399162 
-258.074707 
307.784427 
141.362193 
11.158600 
-435.507114 
-353.727425 
355.378954 
226.347210 
53.986096 
8.254431 
-632.406539 
-41.665528 
-104.377271 
152.717292 
168.453703 
531.630603 
-252.615520 
80.682453 
244.279165 
-25.023319 
451.439908 
-459.181662 
-13.467437 
-546.471326 
-115.619420 
-470.072432 
228.934204 
-255.763035 
519.092390 
-150.691148 
232.327675 
207.928330 
-224.484453 
-48.521539 
169.977545 
296.170169 
-505.252762 
-216.258964 
48.188916 
-450.160019 
2.521024 
-43.366011 
-173.775076 
-145.793730 
-108.245819 
-607.096004 
-24.983959 
-353.948963 
-100.638454 
179.222367 
-549.806649 
-64.853108 
3.507602 
126.725750 
24.195623 
-108.240718 
-301.109621 
-435.962804 
-91.600795 
-636.987829 
-330.147979 
-124.877544 
-108.236103 
-322.983273 
-395.776028 
-318.679601 
-125.574021 
-146.805470 
-551.517320 
-74.955583 
-397.258505 
8.247455 
-269.277161 
-364.534916 
-196.090015 
-37.703557 
-679.940594 
0.469629 
-507.742513 
-248.016479 
-24.853987 
-215.933379 
-127.026410 
-58.508252 
-330.401893 
-104.522253 
24.888870 
10.331846 
271.558010 
-543.530941 
-490.635512 
-168.199272 
246.698430 
24.888785 
307.779035 
-221.033435 
41.528826 
138.308529 
-139.976423 
-286.982200 
-307.367495 
-173.004031 
199.768208 
24.886847 
-120.740221 
-169.804810 
-228.595514 
-292.093708 
-240.320272 
-62.603319 
-17.352545 
-203.845435 
-465.538339 
-247.444104 
-171.456665 
-314.618918 
-497.560648 
11.668877 
-28.283012 
-30.021760 
41.527921 
-163.253070 
110.995173 
-258.000435 
19.026745 
-257.999376 
-444.937230 
-7.095503 
657.238239 
185.808058 
-404.074197 
536.134658 
-262.157648 
-289.515875 
239.002059 
-49.970688 
557.393528 
-459.552282 
363.710308 
-35.631281 
669.168856 
148.402913 
757.655945 
272.146035 
-97.547953 
-40.359525 
207.938660 
283.262098 
226.529381 
191.292533 
347.124212 
609.168546 
-455.468785 
-32.848106 
-246.610080 
637.274474 
346.916031 
166.455558 
571.933287 
102.043784 
381.450176 
363.592325 
348.477297 
140.894497 
241.158154 
-299.710225 
457.543777 
618.111709 
204.788983 
120.374977 
432.706993 
5.449246 
1017.586946 
596.235979 
318.455012 
-272.044095 
574.029617 
12.138711 
874.846291 
-133.209838 
356.013660 
-67.676681 
378.328731 
-68.133128 
707.156776 
268.549313 
-128.400472 
34.733371 
319.474746 
235.637960 
150.878245 
-81.303153 
487.561437 
-68.317087 
460.522248 
-44.669934 
-504.144843 
569.801954 
-69.361774 
214.499874 
364.930624 
-72.763392 
-109.776376 
541.947289 
1589.252921 
160.367725 
169.932728 
-146.115697 
94.311240 
528.931663 
-207.839270 
-127.089578 
-108.540968 
-71.596245 
-155.213200 
374.348639 
31.755088 
665.338069 
378.909052 
185.755047 
306.118940 
22.611789 
-398.907029 
507.474787 
-212.421377 
235.911412 
309.800053 
28.062260 
263.911879 
-366.832647 
56.853823 
-215.037942 
657.238632 
598.303357 
-729.944602 
-260.631995 
366.260700 
-231.587397 
158.017391 
562.782008 
-68.320686 
307.481677 
-473.934179 
-216.064165 
524.109155 
168.660877 
-408.949406 
64.197355 
679.152552 
84.552439 
-8.392775 
-17.983592 
940.134447 
91.025901 
97.783679 
-103.565874 
568.219313 
-441.592410 
271.862952 
-112.515205 
276.080974 
256.816311 
-171.423827 
-210.338760 
15.910916 
-861.227263 
-129.846836 
22.394873 
-8.563770 
242.260800 
11.829025 
-337.745166 
494.630688 
-234.004073 
-401.402243 
-220.394921 
-249.670335 
275.155032 
287.484920 
548.244059 
152.019021 
-232.923084 
80.881759 
72.221512 
673.876761 
190.185729 
-415.248307 
-564.768844 
707.157442 
-39.074529 
-125.687928 
389.542651 
-20.699324 
0.129716 
141.449891 
-479.539855 
168.044320 
-136.734240 
-442.432449 
342.790491 
-21.755726 
-809.747585 
24.896453 
382.666630 
267.062065 
424.334911 
-231.369686 
-323.253452 
117.864106 
85.373098 
-532.484182 
197.920772 
-263.779700 
-258.387050 
-325.079877 
315.302683 
27.188629 
16.585629 
674.794972 
-89.860613 
-140.557331 
-222.209842 
790.366448 
139.039310 
973.410885 
-656.963111 
-217.484237 
-302.075575 
-36.667863 
-66.563535 
440.910340 
-82.922839 
-1588.478249 
-750.733760 
704.269098 
-111.028456 
599.762311 
-430.671995 
211.719354 
218.547868 
-84.244197 
-341.302357 
740.441144 
-9.099107 
-422.183233 
-434.018010 
274.129079 
-429.351171 
-149.468912 
-160.250243 
454.971795 
-224.382073 
-341.671763 
100.831731 
-114.425337 
-49.429757 
-436.159841 
273.810193 
93.728038 
198.598863 
-28.937991 
-164.773406 
-264.011891 
414.667351 
-423.191160 
47.733377 
-294.552748 
-281.099653 
257.859478 
1039.967026 
-777.803175 
-358.926165 
-241.664258 
106.337099 
-6.363386 
615.335551 
-1029.852406 
166.469673 
-212.592294 
284.485599 
-354.082842 
392.304932 
-54.576025 
49.585501 
63.932522 
507.465627 
24.887145 
507.463521 
191.293280 
-218.224796 
-154.684643 
408.992282 
-250.630183 
194.696151 
-288.416296 
-624.531379 
162.495328 
727.283689 
-43.552733 
-159.710660 
-151.463084 
129.413768 
-231.696944 
245.144723 
-328.707763 
51.560641 
-249.223534 
-139.514142 
141.373668 
-326.836194 
-496.668218 
-26.294679 
407.622364 
-27.061383 
-418.873081 
-74.952716 
-71.805560 
23.282354 
840.279414 
-98.246957 
-199.870234 
-295.436973 
-367.202237 
206.447134 
-92.024295 
78.393665 
-167.760715 
214.443698 
-328.847381 
47.115995 
-314.874651 
-91.176177 
-670.329129 
46.127837 
179.346304 
-478.821069 
-352.453609 
-578.182895 
49.408614 
-78.646641 
-132.312376 
-158.560028 
-179.426186 
27.103762 
-256.554714 
210.682606 
-121.437966 
-551.484271 
-771.868816 
165.364894 
-333.821834 
-234.639970 
97.351501 
-222.562817 
8.411700 
1039.968664 
-78.088602 
109.281323 
73.291603 
-6.035252 
270.489680 
232.531287 
-357.756846 
-405.860027 
274.504527 
191.298815 
30.122473 
-246.009258 
-496.753672 
-595.254365 
574.034727 
-410.954251 
-167.005540 
27.271527 
-172.533486 
-432.679050 
307.784401 
-9.675958 
88.310526 
203.498682 
-404.852530 
242.301940 
-37.805910 
71.250177 
166.276914 
539.880829 
-101.252930 
24.896075 
-98.867397 
-313.115950 
116.924139 
-215.289576 
-222.397810 
322.536507 
-165.461519 
289.672241 
-8.387387 
135.652972 
-578.000064 
48.692618 
-114.190553 
-178.805996 
-273.062339 
-78.952133 
265.365702 
24.892689 
31.476448 
-56.123670 
241.213708 
241.221204 
-8.252776 
-79.166316 
-499.100143 
540.751352 
374.344441 
191.922343 
-275.749756 
-447.306676 
122.032935 
400.800048 
-54.550975 
274.502722 
-29.191928 
-41.666740 
76.509330 
258.572529 
77.023706 
317.392898 
-388.166650 
-450.693166 
205.150842 
207.942520 
-309.019616 
126.663994 
-148.496789 
-664.994710 
-420.244720 
18.561359 
-389.883787 
-159.317668 
88.393710 
-91.572446 
368.107251 
207.933810 
-530.793815 
161.534797 
-195.402359 
97.696802 
-301.691507 
76.548331 
-592.068701 
-661.449835 
-206.914650 
82.180817 
122.846625 
56.731760 
-8.390222 
-372.832200 
131.521701 
-128.272375 
-874.868640 
257.826388 
-473.472095 
-306.539325 
-83.028506 
15.540973 
-489.657850 
8.252531 
-479.475120 
-227.771750 
8.251950 
-766.683035 
-554.087761 
-58.308926 
-41.668850 
-266.326939 
-354.906921 
-116.091956 
-1.363004 
-97.880022 
-480.002574 
24.892911 
-164.363431 
74.813095 
-89.563029 
141.227215 
-241.568434 
-210.133464 
-285.951926 
-221.073327 
-285.946441 
-76.203646 
273.877843 
-196.722350 
9.366494 
-349.954621 
-97.101993 
55.356793 
91.453547 
-291.333293 
150.352606 
-473.377841 
-234.322963 
433.614427 
57.532132 
91.453221 
274.497816 
-161.696369 
41.531415 
-45.067293 
-365.895399 
-188.002231 
-125.111802 
-308.858522 
210.467205 
-8.392460 
-42.100613 
102.621199 
-159.311015 
-456.042022 
-225.759798 
-293.371695 
16.096614 
-348.792232 
-88.178953 
-54.567885 
34.858628 
-140.962998 
-358.932388 
148.798643 
-278.388469 
-67.065926 
-25.031944 
-225.047135 
-260.998682 
-258.000930 
22.287124 
-257.999679 
-391.780422 
-667.025761 
673.872423 
21.175564 
-217.718353 
473.267497 
-29.846116 
-748.138673 
-258.005273 
302.307314 
740.436887 
-71.050309 
192.701034 
-70.221583 
226.886949 
330.271752 
537.315639 
135.645645 
-356.243341 
390.876333 
307.779930 
89.743423 
700.542099 
457.544780 
368.897990 
478.768038 
-471.144292 
-71.012675 
496.153943 
612.264988 
386.991408 
-312.438400 
230.438315 
117.352177 
259.353236 
560.383744 
-281.581250 
274.800731 
2.068568 
-136.869485 
973.403124 
798.290677 
-138.637550 
-265.173521 
-47.031193 
346.530275 
1089.234698 
207.686259 
-566.010019 
177.521652 
158.014129 
497.242200 
91.921853 
-219.002897 
17.650382 
-216.398512 
-341.707257 
337.287688 
424.263207 
353.986997 
-285.290917 
302.101893 
-607.494247 
-57.769107 
-296.033329 
173.266344 
313.065948 
13.558053 
8.762859 
-159.086031 
402.412239 
770.331349 
-11.968053 
144.741698 
52.028443 
-209.811751 
-220.119128 
456.214254 
630.127822 
-186.847615 
-127.318734 
331.129294 
402.174146 
429.132864 
-178.869878 
-77.589041 
-156.059687 
529.585436 
58.330109 
291.138649 
218.007438 
-27.143578 
-375.081898 
735.997756 
53.378578 
-25.895158 
-196.880008 
407.624131 
-67.578051 
86.851367 
199.430543 
183.935394 
-672.923901 
-197.506923 
102.468134 
-47.720799 
1239.654384 
283.094631 
-674.872755 
18.829390 
-3.716497 
-216.867233 
291.139092 
-96.476455 
-214.220756 
-91.705938 
-169.968939 
157.528692 
773.723096 
77.000838 
-711.179937 
-344.356406 
-102.011531 
86.222695 
557.391341 
266.015103 
91.452580 
51.654942 
79.969883 
-234.154526 
619.136595 
-422.720023 
-43.824110 
-114.647029 
-204.043070 
310.320478 
-88.079352 
-199.378643 
-352.646521 
-233.539445 
-124.910571 
-251.442469 
-15.575461 
-628.264619 
24.739176 
-218.193756 
262.434502 
-276.474592 
-517.065205 
-145.940127 
-460.656610 
561.095503 
327.630450 
-190.608179 
78.712329 
-234.560889 
118.398421 
143.304950 
-8.398278 
20.932771 
-200.042783 
-177.376410 
607.304697 
-332.854546 
-690.988545 
90.073015 
354.394911 
202.647313 
634.332794 
-699.856511 
-264.894371 
150.999932 
-214.871954 
83.250860 
-83.711128 
-782.259759 
191.291261 
474.182370 
608.647545 
-326.048550 
-195.344987 
-302.514620 
-5.878845 
45.671783 
-75.060114 
-35.559257 
277.359408 
186.938982 
90.563308 
338.741926 
-116.072915 
-86.302089 
-54.509321 
5.886236 
343.529680 
-29.759081 
773.717116 
403.206171 
440.908755 
-673.117651 
-419.120257 
-316.147599 
-157.749744 
-153.481231 
324.423862 
51.528190 
-327.166715 
-229.818565 
-77.033068 
-41.834070 
287.696573 
-308.514745 
280.652614 
134.544873 
-837.062483 
239.719045 
341.063937 
279.724238 
487.505654 
-652.948719 
-312.813483 
174.617485 
37.660797 
217.562922 
-133.480719 
-43.915878 
-279.159689 
-104.114588 
137.465907 
61.272837 
-89.999078 
-150.302907 
217.287819 
61.954003 
-130.162406 
-184.801278 
-145.640066 
-242.179344 
22.903748 
127.045179 
-375.936421 
-127.882539 
1106.528687 
390.979985 
-565.846662 
-340.114040 
-105.338816 
205.612578 
578.525003 
25.080369 
-654.726890 
-217.319813 
228.195238 
-55.820097 
-107.705454 
447.545619 
11.772606 
-37.683409 
-392.101005 
-25.036870 
-8.394210 
191.293248 
707.150550 
-25.482193 
-313.096412 
438.167315 
-209.317754 
282.252800 
137.979549 
-249.674535 
115.954553 
447.933419 
-505.723485 
-159.574500 
269.649371 
40.440766 
-310.452203 
-62.983161 
-446.953509 
-99.896092 
-2.664159 
50.047966 
8.248847 
-299.682615 
-300.977525 
-208.146355 
-8.390877 
30.684660 
-1373.007744 
291.139446 
875.346429 
201.905286 
507.471064 
114.752375 
-614.393679 
-89.402782 
-713.536357 
-64.854137 
-48.189135 
243.078255 
54.495472 
-48.827456 
-271.191197 
328.961680 
-273.577201 
153.230607 
-20.973621 
-308.346844 
268.464331 
44.704371 
-294.358341 
356.043335 
465.838398 
-275.497704 
-294.571237 
-41.120133 
-49.507050 
186.661888 
509.370170 
-382.097466 
-203.229772 
-57.216508 
-498.483618 
170.909673 
-140.616168 
-168.754300 
-7.615056 
89.031340 
464.623400 
407.625080 
-295.115163 
-259.107293 
-30.329852 
54.117363 
106.433035 
515.420597 
-89.312150 
-127.253588 
207.939112 
207.934837 
50.413513 
121.569325 
-45.570202 
79.251313 
174.657806 
292.688824 
-357.262821 
16.020841 
-189.779664 
-248.906651 
-41.671606 
45.130556 
-544.476336 
22.963274 
378.134198 
67.752685 
49.967911 
-172.907322 
-545.426961 
263.551812 
-205.169235 
474.190078 
624.994348 
-497.204281 
184.560345 
-9.910639 
-153.025657 
162.195629 
-423.554765 
70.158623 
141.376780 
-304.325454 
-229.442155 
-234.810266 
-122.425774 
-76.138952 
-517.394175 
-421.691649 
-154.730731 
24.887526 
-119.988391 
280.546789 
207.935975 
-8.390272 
-146.322492 
6.029345 
-238.245723 
141.377802 
-8.389576 
80.563630 
-453.251027 
-12.685413 
65.827623 
-70.092948 
63.018866 
58.166433 
-189.359330 
191.299151 
279.777110 
-168.253134 
42.864292 
-5.009825 
-103.477959 
-513.630542 
340.810584 
-357.848269 
199.999101 
-127.716367 
156.029745 
-63.919547 
28.211399 
9.546098 
-16.048497 
-113.082526 
1070.911829 
-247.619095 
504.737921 
24.889526 
-144.106122 
-281.400374 
102.155332 
56.116286 
-112.108393 
-194.102035 
-129.534264 
-201.851367 
-6.756158 
-447.208546 
1.686936 
15.486266 
-58.311993 
-315.131311 
-166.968456 
-21.375613 
174.068121 
-9.095133 
-149.081267 
-435.286686 
-272.561559 
54.345301 
-94.087366 
-58.310258 
-101.757291 
-473.161443 
-108.233598 
-301.151462 
237.549999 
-108.234535 
-74.953032 
-169.212453 
-618.810450 
-289.061943 
25.063137 
-126.570297 
-399.996422 
-91.592582 
-197.105012 
-74.952071 
-227.291137 
162.823057 
40.411122 
-120.249260 
-767.902313 
-366.868864 
-412.872833 
193.375362 
110.205662 
-250.115652 
4.060140 
-366.786946 
-267.759992 
-180.217573 
-41.668395 
-194.309948 
84.325140 
-309.436596 
-228.394843 
-158.638854 
18.975859 
174.657723 
-41.671930 
-876.306828 
-58.314013 
-606.802418 
-47.942085 
-397.660892 
-112.925691 
-223.961527 
-128.087288 
-58.313240 
74.150631 
-359.273260 
-306.467007 
-143.361685 
-245.521511 
-128.765085 
-178.704363 
-268.490690 
-155.228061 
-66.990762 
-457.464303 
-120.062880 
-372.646519 
447.913231 
-461.344233 
312.378163 
-258.006376 
-276.410392 
-135.859616 
-258.006762 
-45.030518 
-258.005338 
-522.289530 
-30.519044 
623.955484 
-191.044465 
-182.835646 
661.098165 
-409.350531 
-390.763181 
-364.498719 
-228.895177 
906.844415 
-594.344642 
445.795436 
-189.619857 
-66.907034 
-220.745779 
917.181427 
236.997388 
-476.693141 
248.075371 
124.740487 
-39.666431 
516.593598 
524.112978 
113.056707 
279.924635 
-83.757599 
-270.926762 
623.179619 
601.259663 
391.960465 
-252.192264 
-65.938676 
-99.969287 
144.546492 
309.967371 
-491.894603 
181.477551 
-50.971599 
-257.456863 
1073.257846 
736.978056 
-16.695990 
-12.411951 
213.514079 
477.139927 
1158.945072 
337.887572 
-408.666010 
-148.903268 
224.582705 
-73.748155 
211.679523 
70.560118 
107.449454 
-86.388749 
-181.902844 
198.370100 
623.952663 
279.473377 
-430.114750 
21.310315 
-501.599274 
31.197607 
-192.322209 
51.918472 
220.194398 
-278.687984 
-68.365975 
-472.486206 
556.759788 
407.493304 
290.868694 
83.816499 
-365.123849 
-233.400477 
254.258408 
785.278393 
-161.698019 
191.973520 
142.987546 
-170.219820 
279.639623 
105.972525 
-51.209605 
-635.171420 
-235.835250 
-57.391243 
11.855344 
623.946467 
-7.962465 
-30.962576 
-213.148845 
487.492338 
481.570626 
-76.838242 
244.068890 
457.539684 
-199.953705 
-74.262528 
147.912996 
-280.727607 
-16.595643 
30.644266 
297.501785 
207.381832 
873.552121 
311.743838 
-227.699798 
313.110434 
259.309654 
-8.979567 
1206.368732 
174.508000 
212.141570 
294.605152 
46.485896 
179.914887 
257.851994 
429.078636 
-297.575337 
49.750818 
68.437028 
76.044526 
1106.526511 
-402.682812 
224.569685 
-152.347733 
419.978160 
197.283850 
447.173199 
-3.023562 
-68.184270 
310.981841 
276.713102 
550.952614 
-31.536871 
-396.104845 
265.173848 
-310.736441 
-23.087023 
-67.143090 
359.236204 
-884.106174 
272.028411 
-305.683423 
35.923974 
-257.836543 
-435.351454 
244.662592 
-369.460061 
848.535533 
-161.606376 
24.445236 
-117.031232 
-246.351125 
538.877969 
-95.249669 
524.114833 
294.867666 
-105.448120 
-383.780707 
291.142649 
-1.973052 
-287.934645 
260.730094 
211.602368 
124.246760 
311.972809 
378.776722 
-526.188580 
9.985644 
23.269889 
-350.163471 
302.775690 
-873.309552 
540.764311 
515.797689 
-68.446369 
-604.107311 
-374.069229 
-312.829782 
-236.936533 
-36.911187 
-378.361607 
-177.450641 
-216.077626 
8.676230 
-64.618036 
-222.523582 
-25.107511 
91.508601 
-10.596211 
289.506684 
549.913746 
-13.164313 
291.143448 
497.586393 
341.071061 
-815.775976 
-671.668461 
-612.951291 
-23.551120 
65.065689 
773.723569 
280.865765 
-1105.279880 
-386.661649 
-91.710086 
-68.574586 
-151.666532 
-322.453695 
-351.323406 
263.320712 
-168.464731 
-257.316612 
124.734844 
570.102680 
498.595875 
-455.823393 
-485.203819 
213.943963 
372.014129 
277.031054 
-67.949048 
-409.662980 
-721.475692 
25.641663 
243.167974 
16.243673 
107.630536 
20.372605 
35.566519 
-246.248013 
111.985763 
-211.489693 
25.978150 
-377.786663 
-270.640727 
26.180399 
-266.742788 
-38.445671 
474.184089 
390.981866 
-221.669993 
-606.131687 
262.710790 
-466.740310 
-166.220168 
-173.263118 
-531.207533 
345.455532 
184.585487 
221.333501 
-289.029567 
451.952248 
745.456202 
362.409424 
-345.252051 
24.888743 
474.181643 
574.028109 
274.499275 
50.256358 
-87.482196 
715.220160 
176.807793 
167.701391 
-300.859922 
53.515889 
106.075743 
263.827911 
-235.722059 
-378.221831 
11.407442 
-407.732052 
-577.124247 
-261.633839 
-301.183491 
301.222088 
-185.289605 
-712.469136 
24.885093 
197.519418 
-95.698472 
-289.621669 
158.010596 
80.410670 
-691.814754 
906.840554 
207.549480 
78.622922 
540.745044 
221.247259 
-318.335674 
-330.879161 
12.409890 
-613.751968 
-185.622315 
88.113251 
-271.810114 
-238.793547 
-471.078123 
-241.866756 
-227.237928 
-303.107046 
-178.368767 
-85.972728 
200.359953 
524.094932 
533.369658 
-164.268547 
-141.302189 
22.853480 
191.278370 
-17.485607 
-397.144941 
180.612917 
498.082124 
212.927596 
167.344560 
-332.758970 
-318.079082 
157.576043 
-145.452909 
-135.264617 
203.462932 
368.436634 
272.243345 
24.888606 
-124.046912 
-146.194926 
109.684966 
427.671392 
35.424463 
160.525470 
-194.927000 
-319.881668 
207.937861 
-8.392803 
-182.908877 
275.928313 
-9.148651 
8.256341 
91.452340 
434.177650 
-63.364300 
346.366066 
-88.721911 
22.461730 
640.592446 
-211.112706 
-292.476943 
-99.162646 
458.957296 
70.250892 
95.530869 
8.408963 
-193.280862 
444.666966 
229.921436 
-8.392708 
-1048.437987 
-723.943422 
222.586402 
-16.714177 
-360.654523 
115.881614 
-488.227533 
-245.270147 
8.243738 
-623.849310 
-100.412232 
283.207294 
-273.273082 
6.093655 
-1055.323751 
-177.840829 
91.298988 
207.935697 
114.761084 
-101.220967 
8.246262 
24.888606 
209.016346 
-172.407208 
-195.340213 
-58.316333 
-41.675309 
-119.573659 
-62.749006 
-45.412505 
-173.187393 
7.474618 
-172.539835 
24.885574 
-117.598630 
174.658856 
384.400939 
-375.459788 
149.714648 
26.352517 
-249.026779 
-274.823442 
229.450855 
224.575711 
102.549647 
104.038938 
-290.931085 
-163.343107 
-82.276858 
13.909609 
-417.731329 
69.639663 
1626.942622 
-388.347038 
378.483466 
-91.590743 
-375.019269 
252.133645 
-340.287903 
13.225764 
-488.445239 
-45.620025 
-363.092242 
-253.399611 
-13.900895 
-251.999797 
-213.070260 
-90.030758 
-74.949589 
-122.622805 
-51.458928 
-11.423870 
350.621596 
-65.895178 
-251.964655 
-176.812837 
-234.768021 
404.491450 
-190.686890 
-74.953271 
36.870840 
-250.216280 
-74.951560 
-196.313737 
-138.831776 
24.890416 
58.170737 
-528.875753 
-374.012720 
110.673212 
107.957713 
-98.745338 
-364.061527 
74.810956 
60.952203 
58.170581 
-337.075750 
10.362995 
-8.526162 
-346.497923 
-141.065459 
113.641777 
-310.585445 
194.252998 
13.084588 
-262.422033 
-277.245343 
-100.766594 
-301.768765 
-77.363374 
307.778686 
-123.889201 
-331.282609 
-227.731834 
-171.961424 
-81.755479 
-55.718981 
24.889551 
58.171368 
-604.156568 
41.530680 
360.904350 
-371.982440 
-423.841944 
-452.222217 
-287.692802 
269.677184 
-258.000280 
107.946917 
-82.111504 
-262.734107 
-277.219413 
41.531540 
-242.162733 
139.582029 
-133.713130 
-478.379100 
-212.847456 
289.151242 
9.364239 
-240.211089 
-127.270053 
-447.362036 
82.425057 
-258.001182 
-41.634265 
324.790977 
-257.998533 
-57.670802 
-257.997975 
-543.003729 
-73.678543 
623.955075 
-696.574257 
-339.155358 
500.194522 
7.386299 
-208.052217 
132.501966 
10.760433 
374.344554 
-397.287946 
109.564797 
460.597389 
-15.879686 
268.608623 
858.151316 
554.336729 
149.196428 
376.904911 
207.944343 
449.274086 
305.911184 
707.162715 
718.876316 
63.216504 
-799.724326 
-255.109276 
633.924213 
456.570804 
361.817176 
-50.716229 
128.518650 
288.152663 
373.879033 
142.017671 
-254.468814 
-60.197048 
35.060657 
137.544249 
224.590054 
439.215277 
316.587141 
141.237784 
40.920679 
387.697065 
711.684434 
335.593649 
-79.595368 
55.214439 
840.288698 
24.765283 
638.176733 
-69.345280 
356.305021 
146.583600 
638.410258 
-405.760001 
607.319124 
-6.933340 
-388.325569 
-13.780962 
-137.674263 
-182.585755 
142.778997 
-200.829796 
213.942820 
-226.461065 
-618.513673 
-135.645698 
285.793047 
227.521029 
132.111708 
-192.201110 
-436.292146 
-54.319192 
18.173453 
819.817250 
1359.593507 
-338.697636 
28.740317 
272.905544 
102.559888 
219.514335 
11.318929 
-450.462926 
-341.408773 
-193.606428 
-65.804196 
757.075081 
49.301038 
-54.495002 
73.018832 
558.493313 
439.189977 
43.439542 
-274.340619 
424.268351 
-287.441268 
-313.450940 
821.903981 
-6.359520 
-130.747555 
418.963290 
-56.950369 
-92.358841 
873.561810 
295.110539 
-423.052057 
240.581875 
-34.484486 
-265.237063 
1239.679397 
238.502707 
-234.945332 
216.848271 
27.674497 
429.446976 
357.713282 
607.380969 
-389.833629 
-360.124755 
193.261490 
112.773840 
1173.129084 
-325.852822 
357.722807 
162.912611 
612.201303 
172.300313 
504.615664 
21.790937 
204.049765 
-11.646785 
143.875982 
-70.810533 
-215.066523 
-497.991430 
-122.737249 
-117.513655 
-317.913872 
223.631987 
378.675348 
-268.386178 
-46.148982 
-419.748818 
218.880266 
-182.676917 
-344.044598 
-32.584425 
284.636252 
278.193650 
-339.237383 
391.746996 
272.259194 
376.903624 
158.931028 
721.980216 
357.703480 
-103.613092 
217.741811 
-145.103592 
291.134140 
-513.623852 
-393.411310 
596.639471 
-203.344852 
214.736011 
218.084191 
108.295969 
-427.479660 
-306.619735 
-138.547507 
-223.232644 
750.121464 
-822.195321 
324.414160 
449.225655 
70.947989 
565.080891 
130.930798 
553.007793 
-170.603508 
349.268294 
-342.965604 
-25.242369 
-193.221193 
-109.881605 
160.212866 
-120.732141 
158.502686 
315.606705 
446.839611 
745.961674 
34.986152 
532.400265 
374.337108 
261.140190 
241.210253 
-819.063947 
-639.336729 
-123.855150 
-428.954725 
529.476119 
341.061686 
137.997947 
-983.448463 
408.507004 
-408.097350 
185.084392 
392.064331 
-446.695530 
-441.464489 
29.414720 
-338.098142 
-17.802436 
324.428825 
496.861013 
-624.090595 
-43.997475 
265.731128 
-337.359679 
358.246182 
-119.753639 
-152.373160 
-606.290078 
-136.381686 
-23.876401 
-167.610754 
151.157443 
-332.269126 
-69.183159 
-346.352391 
-14.068817 
330.405544 
-134.322737 
62.886991 
-447.374020 
-532.590370 
175.028167 
411.634815 
-201.779267 
424.269745 
873.569171 
-593.408491 
-334.818097 
17.536733 
-345.296917 
86.684158 
251.893296 
-907.975499 
-70.934489 
-92.879922 
76.990423 
-287.597456 
315.722747 
536.693421 
299.306132 
-222.721961 
607.317068 
191.299250 
307.783949 
291.145529 
78.745840 
-96.392618 
982.183795 
137.393577 
85.848866 
-610.116769 
-396.660091 
297.490195 
502.570961 
-466.918065 
-241.501083 
-280.685517 
-251.982530 
-168.112661 
22.771537 
-180.207003 
188.441678 
-450.034226 
-688.649412 
474.192124 
141.558324 
542.635967 
-578.523370 
840.291618 
-316.400538 
-207.640854 
424.272546 
168.828260 
-287.874224 
191.306841 
203.503679 
-619.870375 
-356.669070 
345.234265 
-812.492500 
-120.014630 
-97.660025 
-522.069137 
-153.662436 
-449.147533 
-181.837377 
-96.757402 
-472.909870 
-761.662650 
-70.657635 
452.527277 
95.351489 
121.521952 
-124.385623 
-10.190841 
18.102632 
108.059820 
-315.140308 
-363.431990 
143.775664 
-55.649526 
129.529702 
-142.551847 
-197.312645 
-366.098062 
48.465749 
-462.703947 
-538.555143 
426.011155 
-102.210012 
-101.135283 
-74.943443 
-361.950360 
-39.563221 
7.675610 
282.168878 
141.854565 
121.808668 
-131.878116 
-88.450174 
-41.668571 
58.172684 
336.105849 
42.563821 
81.163781 
-453.239683 
474.186971 
-102.762306 
-59.410804 
53.402164 
-717.771568 
-681.124706 
-41.668420 
57.082904 
-192.157919 
-420.019170 
444.819624 
-103.148429 
166.438203 
40.318586 
-105.273374 
376.530151 
82.588763 
241.222774 
-1146.190023 
454.431353 
-71.574594 
-112.968031 
-225.140476 
154.672083 
-455.376589 
306.257000 
-8.383692 
-138.288860 
-692.854188 
-178.770493 
-563.915444 
-403.436220 
-963.951164 
-36.896325 
-254.780761 
207.949412 
-209.090563 
-243.583986 
24.889713 
507.466899 
268.886200 
-17.854443 
-413.758275 
91.459940 
124.733286 
413.422853 
-98.238575 
13.628087 
-386.286280 
259.224183 
25.205375 
207.938915 
-162.302070 
24.906414 
-211.980817 
-115.526726 
186.675861 
-384.561389 
-16.508028 
-725.811395 
25.725051 
490.821193 
60.135909 
-220.524875 
-318.499624 
56.766113 
-267.161072 
28.810835 
97.782770 
-152.872386 
949.873810 
-216.704010 
138.756126 
8.252042 
-248.280693 
160.539318 
-186.919779 
131.909208 
-356.399642 
104.826613 
1.384395 
-390.342400 
-179.765942 
-375.714789 
-53.902609 
40.299291 
-8.396653 
-459.753770 
-1.879510 
84.513952 
-1075.590690 
-286.170253 
-243.566021 
-322.626318 
-212.641325 
38.814118 
-323.821089 
-8.391900 
-420.013947 
-398.101248 
24.887834 
11.903848 
-77.851379 
41.531130 
41.531390 
-18.637713 
-584.810911 
65.470727 
180.318943 
163.600194 
-457.052753 
58.172597 
11.375689 
274.501941 
-98.381956 
-222.002176 
-142.845336 
-477.834835 
-640.658368 
70.183783 
-186.728997 
-133.678140 
-70.835346 
-107.169578 
-498.647883 
-166.335310 
-275.219579 
131.535182 
8.256725 
-184.575518 
16.748855 
-216.377683 
-705.114157 
-62.581130 
-26.782143 
-58.304649 
-74.948191 
-265.682843 
-58.303750 
502.862566 
127.881898 
-234.695370 
-1.180645 
-467.838023 
369.125317 
-257.995516 
46.428230 
-74.342199 
-289.739754 
-857.965972 
-257.995243 
-272.165853 
452.211555 
-216.370868 
-660.021591 
-439.179289 
75.592550 
-125.569400 
-254.995174 
-392.882679 
-219.397260 
-46.986698 
-257.993875 
365.433186 
49.439542 
-257.996516 
-17.314025 
-257.995965 
-708.145025 
135.930465 
973.397556 
-350.784587 
279.963836 
-31.390952 
-511.906756 
-675.542391 
167.989173 
533.630734 
324.414076 
-275.055174 
-484.669506 
-546.209994 
412.160685 
-29.592652 
205.762124 
8.803146 
-625.290391 
116.436351 
24.887455 
359.637957 
533.608117 
257.855376 
723.629312 
612.658289 
-1228.613137 
506.847215 
528.302298 
243.414311 
69.752493 
-183.815649 
-465.193530 
-167.621060 
299.279598 
-193.791850 
-154.391280 
389.607001 
77.759413 
255.311500 
707.160319 
260.646756 
-103.147095 
27.259370 
235.667874 
277.210997 
622.341990 
-329.831669 
-111.877066 
13.272895 
640.597526 
-286.390088 
505.512946 
293.565165 
202.447223 
-846.656826 
426.471089 
-294.047782 
324.428322 
440.740599 
58.961352 
134.360569 
-134.821292 
355.516110 
351.112747 
40.674668 
484.725214 
-710.828262 
76.266937 
4.910587 
3.807700 
110.577263 
-106.745336 
-119.304042 
-132.341015 
204.328915 
7.186789 
445.499783 
1176.832675 
-62.402657 
73.288025 
489.804894 
582.841739 
195.351207 
-244.438601 
425.299361 
-1.843937 
-22.158032 
-36.448518 
1239.656519 
224.852267 
-6.359236 
-119.654788 
150.248293 
664.471824 
213.798740 
120.197325 
873.559924 
-93.182851 
2.188576 
185.602889 
199.539946 
28.803909 
108.026813 
366.601449 
192.925056 
507.467347 
296.221124 
-324.551048 
-45.292627 
139.540887 
219.844579 
257.852365 
133.207238 
209.778736 
121.790390 
687.866077 
-5.594875 
757.075021 
386.415601 
-105.560492 
-292.287967 
123.195268 
205.464815 
-41.667522 
-99.564273 
490.826505 
453.717189 
-5.291898 
98.113474 
397.685826 
-133.140041 
462.129067 
-132.111694 
-526.211136 
-322.062850 
-332.483391 
-187.952391 
-119.992845 
-809.428527 
146.195589 
298.475851 
356.314791 
227.695014 
-175.090655 
-187.438118 
39.759712 
-764.492109 
-516.950637 
-423.231281 
-274.497653 
-415.964967 
-60.440294 
123.986820 
-387.446665 
-354.458462 
87.749790 
361.045283 
524.106842 
-185.344963 
282.384960 
-572.822402 
158.012685 
92.235282 
-674.992102 
195.142047 
-71.080367 
-156.845826 
9.852024 
-306.836229 
-581.506501 
196.121216 
-110.156292 
-350.617686 
45.523281 
-335.801023 
457.544291 
499.148307 
178.921640 
363.966085 
131.208711 
62.549022 
402.840987 
-43.931109 
-760.841436 
-132.656889 
-323.114612 
-66.587260 
-419.468032 
-176.638774 
-573.708987 
-139.815943 
283.325623 
725.990221 
353.523525 
32.190769 
540.750798 
233.826486 
407.624538 
156.125685 
-101.130507 
18.587463 
-478.064710 
162.630990 
474.188360 
185.085418 
-318.460833 
215.858439 
229.658831 
395.962121 
109.049002 
-492.384784 
-193.824900 
54.503489 
-384.023635 
-47.580104 
457.549755 
300.024205 
-479.870719 
-156.815175 
317.136546 
-218.026092 
248.178153 
172.797543 
191.890747 
-332.760858 
-576.424110 
-80.199731 
87.394335 
310.149732 
-340.749414 
-763.610177 
-390.500268 
90.027812 
261.921238 
74.726764 
116.454415 
-134.609652 
-526.306273 
149.340689 
247.094967 
-148.401045 
657.233696 
773.716636 
-731.043610 
-68.329580 
-56.857844 
-441.602916 
272.053847 
6.977272 
-772.756590 
122.990533 
-371.402426 
-347.077211 
-355.074410 
252.330642 
86.065879 
219.657929 
-470.688829 
440.902892 
224.574297 
291.137265 
390.980581 
150.958359 
-81.733040 
66.265102 
67.124128 
-10.910914 
-417.479800 
-8.590117 
69.182888 
420.606982 
-680.318113 
-401.893119 
-85.351047 
-171.589283 
-834.851285 
-232.586033 
212.949127 
101.593402 
-68.436024 
-491.565727 
507.467156 
-99.743859 
159.168681 
92.990759 
873.561312 
-90.195390 
-385.098522 
607.311385 
239.171281 
-16.008611 
224.579359 
256.754735 
-212.723342 
-335.707024 
355.622267 
-80.303485 
403.795336 
246.255285 
70.345416 
-13.867646 
-180.409332 
-159.216269 
-305.203203 
-267.408003 
162.539014 
-1.852731 
195.203102 
42.888639 
-761.872034 
-308.586800 
-144.290673 
89.276672 
-153.938515 
-226.914236 
-238.882014 
-414.349780 
61.301418 
-119.034177 
-177.323919 
195.214337 
-593.706686 
-85.576028 
-409.950980 
194.687249 
569.458773 
64.420875 
-139.907347 
-41.670139 
-62.227689 
60.166869 
186.255414 
340.690314 
-25.694768 
9.485335 
-246.083197 
-220.907409 
-25.030670 
-41.670056 
19.001156 
-170.357751 
-171.134410 
-453.251553 
440.906027 
25.886315 
56.912829 
212.661550 
-18.316180 
64.734927 
24.890681 
56.022144 
-196.313266 
-225.191598 
104.200958 
-112.019352 
-221.747427 
107.245685 
-375.988751 
97.951201 
14.654449 
174.655220 
-42.707221 
-347.443684 
401.440736 
52.512282 
-425.281177 
66.734530 
-528.010876 
67.177025 
-8.391474 
-155.829444 
-340.398330 
-32.266908 
-370.005487 
38.653517 
219.310308 
-120.760682 
-350.810774 
207.935501 
-7.262276 
-73.100805 
-41.672028 
440.904276 
-151.193473 
-71.781207 
-155.802750 
-41.676677 
-8.393179 
384.719193 
-116.002043 
38.476228 
-179.970585 
32.969033 
141.874129 
207.935885 
9.287527 
-25.036394 
-142.236742 
130.169961 
-201.054042 
116.073073 
257.615165 
-217.214853 
-163.909526 
424.265802 
388.192784 
-137.632698 
-250.961115 
368.519661 
-336.999230 
48.521100 
116.381607 
74.528331 
-31.076652 
-298.565436 
166.404257 
-74.954769 
119.197286 
168.824834 
-340.355261 
30.764594 
-521.893258 
515.936019 
143.585658 
-7.506786 
-236.056940 
-356.678244 
167.556478 
31.798223 
-41.670605 
-443.798938 
109.085481 
278.367249 
-1187.140465 
-64.061216 
-134.418951 
-203.967164 
-147.789496 
236.551076 
35.645060 
-41.673792 
232.312706 
59.317597 
41.532217 
-335.324767 
-593.227522 
8.248462 
-8.391135 
-329.572774 
-486.083619 
-48.923838 
-71.093863 
59.915071 
-108.599273 
-8.390583 
-231.657186 
108.092827 
-95.525663 
-152.380046 
56.039343 
-506.648206 
-151.936658 
-57.816963 
-287.195081 
-232.896594 
169.571698 
-30.421747 
-450.488170 
-61.702011 
60.907304 
-114.836331 
-74.953648 
110.698802 
-267.786524 
-414.639230 
86.982980 
-145.654925 
99.783775 
-8.390349 
-8.388047 
-419.865046 
8.250152 
-318.331712 
-145.129462 
286.789048 
-132.647566 
-404.134181 
-397.304345 
-258.000968 
27.761920 
280.660913 
-220.290039 
-668.728013 
-258.001878 
-175.021464 
-636.374054 
-473.913991 
25.839811 
95.912462 
-141.056498 
-350.569218 
-328.429234 
33.169082 
-170.872795 
-16.430983 
-258.003123 
64.539268 
-411.878614 
-258.000974 
-174.435439 
-257.999784 
-546.464719 
-266.760462 
-241.359375 
-256.569105 
-265.547384 
-261.943253 
-255.909072 
-260.835558 
-258.000000 
-262.563619 
-258.000000 
-265.348738 
-262.423699 
-247.507176 
-258.339783 
-244.577081 
-256.950426 
-255.050291 
-256.414179 
-257.127634 
-241.359375 
-256.825399 
-247.765143 
-258.000000 
-238.949909 
-246.304368 
-261.274179 
-250.180687 
-261.154476 
-254.876382 
-254.340213 
-257.825113 
-247.853447 
-257.794881 
-258.969399 
-258.075553 
-262.031590 
-257.765868 
-260.400634 
-263.162738 
-258.000000 
-260.312130 
-249.215135 
-262.145193 
-263.486461 
-254.220385 
-249.244900 
-255.856513 
-255.832379 
-250.774982 
-241.359375 
-249.916013 
-267.745158 
-257.634333 
-261.730414 
-256.959962 
-262.682326 
-266.905049 
-258.000000 
-261.875523 
-246.983990 
-253.169584 
-250.954553 
-255.331126 
-272.579016 
-261.275442 
-251.918459 
-253.862292 
-266.879366 
-258.946698 
-254.314595 
-254.375679 
-245.350002 
-257.722075 
-261.443913 
-252.424140 
-253.295543 
-245.565683 
-224.649415 
-246.876329 
-258.192299 
-245.511064 
-258.634176 
-250.871244 
-243.490366 
-261.812213 
-264.332281 
-248.469969 
-252.269632 
-241.359375 
-255.598920 
-257.699258 
-260.009519 
-257.999999 
-260.002344 
-253.554176 
-245.087476 
-241.359375 
-258.817843 
-253.136937 
-253.056743 
-255.346545 
-261.397800 
-260.366662 
-261.431051 
-256.057588 
-258.000000 
-257.363433 
-246.899694 
-244.955983 
-259.412727 
-264.302609 
-258.000000 
-262.531512 
-250.152536 
-258.281946 
-254.311533 
-249.675595 
-258.000000 
-258.347126 
-253.121776 
-248.408095 
-260.355480 
-264.338164 
-258.000000 
-254.683961 
-257.999999 
-253.852783 
-258.260555 
-253.721607 
-252.581070 
-252.891450 
-256.092291 
-262.081916 
-262.240896 
-260.155332 
-255.791738 
-247.259268 
-262.803247 
-254.113882 
-248.325432 
-260.307854 
-257.862013 
-258.000000 
-257.476740 
-255.525027 
-255.187102 
-262.225810 
-259.558865 
-255.935429 
-257.431864 
-257.907156 
-258.983975 
-263.081945 
-261.216347 
-259.101189 
-256.413635 
-251.070288 
-241.359375 
-253.016547 
-250.806563 
-258.662091 
-258.000000 
-250.867634 
-264.196465 
-260.163913 
-254.303201 
-252.091305 
-253.249050 
-257.865974 
-255.068260 
-255.596500 
-251.801639 
-255.778677 
-254.387245 
-260.796543 
-241.359375 
-258.000000 
-258.060939 
-243.598179 
-262.901269 
-256.863177 
-255.239746 
-258.364658 
-256.661374 
-258.271496 
-253.523949 
-261.653418 
-236.525604 
-261.185535 
-255.041555 
-265.281467 
-253.468046 
-253.943362 
-260.030394 
-253.610320 
-258.000000 
-264.743846 
-258.000000 
-260.980286 
-256.962679 
-257.259365 
-255.645105 
-262.290413 
-258.000000 
-257.102956 
-242.806785 
-255.630716 
-258.047198 
-261.177558 
-254.858533 
-259.572758 
-258.134308 
-249.163505 
-251.379271 
-249.881219 
-258.000000 
-256.437031 
-258.000000 
-257.844821 
-259.465283 
-250.954553 
-249.821967 
-257.785425 
-263.543132 
-263.100002 
-251.186295 
-258.305443 
-256.174946 
-256.271928 
-266.768343 
-264.405937 
-258.840980 
-262.731763 
-257.681454 
-262.650346 
-262.284718 
-261.528339 
-257.633057 
-253.218748 
-260.270896 
-253.002354 
-241.359375 
-258.000000 
-261.447320 
-253.352031 
-244.674759 
-265.981463 
-250.746962 
-261.364774 
-246.807153 
-262.528515 
-259.281807 
-260.302805 
-253.799802 
-253.851788 
-250.550595 
-259.050790 
-258.143885 
-241.359375 
-258.000000 
-258.000000 
-258.000000 
-262.531513 
-259.088148 
-256.184789 
-254.313271 
-252.005766 
-258.367466 
-253.933084 
-251.976150 
-244.754094 
-249.819209 
-256.493215 
-261.686258 
-252.575575 
-262.776134 
-257.234362 
-256.201179 
-255.527320 
-261.833282 
-258.060666 
-258.000000 
-260.400635 
-255.748988 
-262.055515 
-241.359375 
-255.749405 
-245.736461 
-258.000000 
-251.552404 
-254.120815 
-258.000000 
-258.000000 
-260.677644 
-258.951407 
-258.000000 
-262.343669 
-253.852782 
-253.977738 
-259.701761 
-263.810963 
-256.114214 
-257.077524 
-265.417251 
-255.042679 
-258.017142 
-253.563972 
-266.478941 
-251.870238 
-266.842296 
-253.751707 
-265.087742 
-254.306501 
-252.131758 
-256.227433 
-264.369702 
-248.008939 
-252.856444 
-244.332172 
-267.905941 
-244.757176 
-265.979731 
-258.403532 
-256.401355 
-256.182826 
-258.075552 
-261.427453 
-259.326736 
-258.000000 
-257.955753 
-257.372520 
-259.218836 
-255.243990 
-253.751707 
-261.108787 
-257.279253 
-258.713724 
-258.000000 
-258.000000 
-265.356998 
-256.044370 
-257.635252 
-240.250001 
-258.000000 
-251.694192 
-258.369605 
-250.667083 
-249.567281 
-254.475325 
-258.000000 
-255.205965 
-255.103821 
-255.600022 
-251.727690 
-251.573305 
-243.707938 
-256.180830 
-262.454016 
-258.129363 
-257.942870 
-258.000000 
-258.000000 
-258.000000 
-254.004875 
-261.148443 
-266.830449 
-258.558229 
-259.536685 
-259.710988 
-258.000000 
-261.329793 
-247.683574 
-262.072899 
-258.214271 
-252.735655 
-254.220385 
-260.715168 
-259.705471 
-258.000000 
-251.399393 
-252.107530 
-258.000000 
-258.000000 
-256.262062 
-258.259003 
-259.710989 
-258.000000 
-258.000000 
-256.709354 
-240.249999 
-263.397731 
-244.341753 
-259.224310 
-252.219811 
-257.999999 
-256.959961 
-258.000000 
-257.284701 
-257.936558 
-261.317480 
-253.235677 
-248.863914 
-260.375542 
-252.803314 
-274.640625 
-257.543585 
-260.513303 
-259.412727 
-256.804378 
-250.034016 
-255.696086 
-249.499776 
-259.629318 
-258.000000 
-261.078555 
-254.426050 
-258.000000 
-261.636657 
-270.657850 
-255.014186 
-258.825584 
-252.158128 
-259.716729 
-266.161099 
-256.657762 
-257.947864 
-263.878597 
-259.094921 
-259.583892 
-258.000000 
-261.214776 
-254.502737 
-264.343316 
-272.625549 
-261.149698 
-257.944150 
-258.198885 
-257.300593 
-262.244767 
-265.718958 
-258.000000 
-260.106109 
-254.506455 
-258.000000 
-259.801724 
-264.066033 
-258.000000 
-258.000000 
-259.120896 
-262.604635 
-261.803098 
-262.539852 
-250.057237 
-260.874555 
-258.000000 
-246.883566 
-241.359375 
-258.048877 
-256.756185 
-253.176085 
-260.477439 
-256.451827 
-256.122803 
-265.984149 
-257.757185 
-257.674570 
-255.113855 
-258.036144 
-247.356899 
-261.278726 
-256.675569 
-258.000000 
-263.701445 
-260.719775 
-255.095643 
-259.701761 
-260.928392 
-260.694926 
-258.000000 
-258.000000 
-257.223890 
-258.000000 
-260.323499 
-251.655140 
-253.177916 
-257.810280 
-259.631551 
-257.405460 
-258.000000 
-252.390593 
-262.253221 
-249.014182 
-261.632566 
-258.000000 
-260.475052 
-243.464632 
-256.973511 
-257.356413 
-262.409094 
-255.821720 
-260.067814 
-249.924455 
-260.110324 
-257.023573 
-262.233981 
-258.000000 
-257.929170 
-249.040732 
-258.000000 
-262.969456 
-258.000000 
-254.059219 
-255.126238 
