-35.670584 
-25.188396 
-24.334969 
-28.130316 
-27.330264 
-31.052075 
-36.498769 
-60.327787 
-60.514285 
-74.667900 
-92.500982 
-81.858427 
-95.020819 
-91.101869 
-120.725923 
-104.918246 
-97.284261 
-115.921503 
-110.202153 
-113.345578 
-114.168373 
-110.202277 
-104.402419 
-98.725356 
-78.729832 
-83.825172 
-99.394661 
-64.272769 
-66.119546 
-66.949310 
-48.321631 
-48.273090 
-42.873130 
-52.957099 
-54.539489 
-36.930176 
-52.774358 
-28.770085 
-10.828046 
-32.156299 
-26.956077 
-29.180033 
-27.548207 
-43.603571 
-59.520824 
-45.734311 
-64.588057 
-58.311877 
-60.516039 
-62.668769 
-62.045487 
-64.326628 
-58.628880 
-61.292505 
-79.191306 
-61.518866 
-85.359924 
-68.397794 
-84.128109 
-78.464685 
-74.654419 
-74.376869 
-67.752138 
-56.523183 
-37.503906 
-48.191490 
-57.257282 
-73.637549 
-69.238556 
-74.394826 
-104.725754 
-68.413205 
-66.108652 
-68.222069 
-62.315512 
-53.171153 
-56.531720 
-46.041246 
-49.478321 
-60.353251 
-65.924998 
-49.798242 
-26.251871 
-88.899719 
-72.159031 
-69.488148 
-79.052673 
-85.359372 
-79.977851 
-64.623893 
-69.249577 
-49.749952 
-55.087510 
-57.402669 
-32.642904 
-35.671708 
-48.166390 
-58.625089 
-16.383095 
-25.113874 
-37.411498 
-19.142400 
-7.903244 
-20.182353 
-10.827704 
-26.254476 
-22.447528 
-13.130086 
-5.165887 
-26.925422 
-35.672257 
-22.750039 
-44.474815 
-58.993212 
-65.902634 
-65.900333 
-60.515724 
-78.178982 
-84.224523 
-73.467377 
-68.120308 
-65.687810 
-60.516488 
-82.206459 
-60.516045 
-57.701822 
-55.441354 
-38.175696 
-45.094031 
-31.278502 
-52.373658 
-57.072593 
-45.873405 
-41.431211 
-6.027434 
-29.869115 
-22.841175 
-18.519101 
-25.438970 
-15.971569 
-22.763230 
-38.000941 
-13.741671 
-44.035683 
-44.053732 
-61.135980 
-49.847364 
-57.135612 
-62.211816 
-66.545057 
-56.084449 
-69.126637 
-57.721553 
-87.846969 
-92.112186 
-81.485845 
-110.203262 
-94.574032 
-111.510096 
-111.450257 
-85.359634 
-99.011098 
-75.817963 
-46.314264 
-43.517197 
-19.804810 
-34.361836 
-40.160527 
-34.447218 
-35.084686 
-33.477905 
-24.408159 
-21.724675 
-7.063471 
-35.671746 
-17.039136 
-1.249000 
-25.400604 
3.934517 
-6.309077 
-3.389595 
-13.957231 
-0.368419 
1.251068 
-11.323522 
-17.923444 
-14.249101 
-20.893995 
-32.734306 
-22.722413 
-26.637647 
-9.325555 
-20.280336 
-20.493317 
-23.250332 
-15.037630 
-10.828506 
-9.111123 
-27.310204 
-0.187607 
-2.685549 
4.782859 
-10.828491 
-14.997503 
-19.986691 
-14.412530 
-34.932525 
-28.069923 
-23.361150 
-38.106528 
-46.115504 
-70.218490 
-42.224383 
-55.203907 
-60.515612 
-61.057079 
-51.405835 
-70.058126 
-62.336932 
-74.653425 
-77.883738 
-67.590100 
-64.110222 
-40.241687 
-34.167788 
-38.953979 
-43.974503 
-42.321561 
-61.146936 
-47.631718 
-55.829812 
-48.134135 
-55.337922 
-39.262573 
-51.516814 
-55.501499 
-55.399462 
-21.397014 
-37.796409 
-19.875324 
-10.826997 
-10.826998 
-33.322094 
-47.855714 
-54.576897 
-45.979797 
-64.722882 
-29.861827 
-63.947593 
-21.173073 
-12.623534 
-31.524351 
-7.655829 
-18.722865 
-12.445578 
-32.785871 
-54.308537 
-48.092819 
-60.514853 
-72.936637 
-60.514779 
-62.499814 
-57.434715 
-59.086981 
-63.430674 
-70.695696 
-63.016692 
-74.863233 
-76.850701 
-69.545578 
-70.917663 
-85.085446 
-67.907518 
-79.909137 
-65.309602 
-80.891440 
-101.939765 
-89.506888 
-109.317140 
-104.321323 
-85.359815 
-79.275088 
-68.979597 
-80.962334 
-85.360064 
-70.102733 
-76.149141 
-60.516363 
-62.213035 
-65.785144 
-60.516541 
-36.500635 
-45.231402 
-40.481868 
-22.474630 
-48.341732 
-8.014757 
-12.266409 
-14.496854 
11.181529 
-11.873924 
-6.546201 
-10.996548 
-18.942489 
-14.455582 
-24.764875 
-5.553085 
-20.522596 
-36.292872 
-48.562799 
-55.798346 
-51.332027 
-92.707047 
-99.410497 
-96.917413 
-93.665034 
-93.752371 
-88.358146 
-101.291208 
-74.677438 
-118.934124 
-89.178172 
-83.447479 
-95.019018 
-79.457457 
-91.094135 
-74.471039 
-60.515522 
-45.438582 
-46.544088 
-46.543852 
-48.856096 
-60.983893 
-54.931574 
-40.330836 
-43.964444 
-35.671971 
-35.671837 
-28.195351 
-27.687822 
-21.241582 
-49.748091 
-35.671858 
-48.418492 
-31.034725 
-31.702089 
-38.933735 
-24.354561 
-10.828103 
-14.875608 
-29.683558 
-23.196309 
-36.553058 
-56.741356 
-76.840697 
-53.961082 
-62.520237 
-48.550527 
-68.720301 
-60.515833 
-61.292076 
-97.005167 
-67.431563 
-54.592154 
-80.132709 
-66.542599 
-64.649416 
-78.351772 
-85.359985 
-96.031859 
-82.259199 
-112.912880 
-90.522882 
-99.230108 
-102.247598 
-97.039855 
-81.412372 
-85.360326 
-48.376893 
-73.543252 
-35.672417 
-35.673490 
-41.131084 
-47.391903 
-44.398255 
-48.094344 
-35.673036 
-58.838928 
-36.500417 
-36.532850 
-49.677874 
-51.445184 
-68.909792 
-85.361224 
-103.217272 
-85.359847 
-71.073094 
-66.331944 
-43.345758 
-54.772275 
-36.567708 
-25.690424 
-34.631359 
-10.829900 
-45.969172 
-45.345946 
-31.666196 
-5.411780 
-15.413770 
-12.047022 
3.033560 
-18.911105 
-9.420398 
-54.648290 
-36.235382 
-60.515833 
-75.860520 
-70.271511 
-65.103608 
-61.701721 
-68.354221 
-43.576147 
-45.554834 
-27.187745 
-37.325614 
-56.738616 
-39.323105 
-60.095775 
-72.937948 
-61.962092 
-64.613914 
-61.895860 
-41.736281 
-30.120584 
-50.145600 
-48.966477 
-32.663865 
-22.894972 
-35.298579 
-72.937465 
-67.444052 
-77.054801 
-97.781311 
-93.482898 
-110.234006 
-122.625184 
-135.046890 
-133.720033 
-139.017490 
-110.835611 
-91.355250 
-49.541842 
-101.929944 
-60.516126 
-63.054026 
-60.515969 
-59.742046 
-87.027496 
-91.405031 
-83.639246 
-131.968654 
-92.777728 
-81.823902 
-37.883580 
3.402495 
47.576627 
44.044695 
55.522251 
38.882171 
21.905809 
26.437168 
14.956076 
-1.337412 
-18.006667 
-14.496431 
-34.478057 
-41.211098 
-48.093839 
-48.093704 
-43.217032 
-60.515602 
-71.631280 
-41.135246 
-83.134352 
-84.732571 
-107.917157 
-132.304972 
-135.046872 
-143.272614 
-152.480109 
-151.905649 
-122.027331 
-104.768322 
-91.344863 
-46.245215 
-20.603541 
-38.715766 
-50.334902 
-57.030637 
-50.987137 
-62.733393 
-42.488261 
-48.722410 
-38.497705 
-48.093514 
-69.930335 
-64.808131 
-60.515357 
-51.556046 
-48.093708 
-53.623440 
-31.830503 
-35.672305 
-197.384592 
50.393141 
116.386488 
74.847742 
-68.055530 
-10.003768 
150.426520 
14.014763 
-175.422655 
160.521576 
-271.966601 
128.784754 
-40.071176 
255.520559 
96.220265 
-8.069636 
5.643758 
14.012768 
50.611612 
-3.330803 
-35.673291 
-47.314405 
111.589179 
-4.137180 
42.974520 
-482.106311 
-87.731975 
-134.740924 
91.305115 
50.906472 
-82.129305 
11.702858 
-73.350569 
-100.587158 
229.713374 
-59.848359 
30.462646 
-35.674227 
69.953233 
-137.730545 
28.342424 
-187.034025 
24.404485 
351.174154 
-21.495266 
-135.478669 
106.439265 
-35.674911 
-36.776538 
113.391914 
-86.521836 
166.414955 
-36.451943 
92.168157 
-121.565587 
14.012496 
-5.033025 
-78.705385 
-52.299771 
20.179115 
-16.666002 
-84.903059 
136.557268 
196.012376 
36.581741 
239.371850 
-139.756602 
-153.892316 
41.008663 
213.066240 
-64.936617 
32.774839 
237.868991 
-60.792526 
84.413396 
538.988115 
-18.043787 
-42.586163 
-55.008947 
237.928850 
98.242355 
113.707071 
-22.659361 
262.089400 
236.953545 
101.559854 
597.844078 
-83.667282 
229.058186 
0.774228 
308.001431 
61.334654 
-175.703235 
259.429728 
336.983870 
-62.760741 
-56.978943 
155.009798 
255.825633 
-182.869285 
-47.693405 
-42.951764 
-31.354135 
138.233472 
148.869977 
-226.685465 
213.576169 
-23.011384 
-29.800795 
113.388034 
189.803349 
-99.245671 
-110.732068 
-316.379612 
65.931403 
88.546016 
134.338617 
-318.613469 
-188.508476 
167.294374 
-27.223558 
200.344876 
-441.751457 
336.982489 
-207.955391 
15.825417 
-186.071391 
171.727442 
-62.757070 
-150.409913 
-267.187308 
-260.379988 
112.219876 
-102.499968 
-232.501783 
-194.781243 
-257.952082 
-134.391877 
-429.841243 
-30.615777 
-83.029311 
17.124528 
-185.423782 
127.391229 
-603.383475 
-658.159652 
-318.523067 
-236.831915 
-38.030581 
-284.598768 
49.005096 
198.868331 
-154.602542 
-30.187202 
-163.989721 
63.706425 
-124.182467 
-60.528119 
-568.262249 
212.770069 
-120.990592 
-163.244939 
16.965722 
-253.535589 
144.378978 
91.536851 
-577.594550 
-75.852263 
-155.323509 
-167.593985 
345.624895 
-142.909425 
185.153314 
1.592102 
88.548806 
281.195163 
-640.528987 
-281.936697 
-134.757231 
206.846066 
36.389558 
-74.578884 
-153.995855 
109.859907 
-127.882963 
-385.397613 
-9.566700 
-49.663515 
-159.598457 
90.219693 
17.359087 
-141.324825 
-131.460085 
-10.830889 
148.339129 
411.511723 
-576.250633 
-67.388203 
-202.645528 
59.527264 
-128.824586 
113.388075 
191.476842 
-443.316870 
-196.925150 
-40.608978 
-164.019152 
40.811655 
-248.229523 
-190.396649 
-305.612503 
-97.940340 
-201.788399 
88.546210 
-31.485905 
-23.249243 
-276.585542 
121.112662 
-91.613352 
-57.888114 
-245.538040 
22.374913 
-134.960407 
-157.937074 
-287.015745 
-75.873883 
-76.249392 
-348.658176 
-40.975453 
-75.493051 
117.083220 
-240.312259 
-147.760543 
31.122849 
-193.480206 
-217.136845 
239.655552 
-74.710476 
-9.049873 
-85.355567 
138.239948 
-125.613067 
-383.389343 
188.030546 
-131.706346 
-224.207333 
399.327936 
-396.355044 
190.315366 
-136.417296 
39.993835 
-67.824848 
437.040524 
-347.020268 
70.138763 
-237.486706 
-60.511189 
324.567006 
-60.511881 
225.192267 
653.555910 
-355.039813 
102.170282 
-74.597947 
208.525661 
-246.207502 
-162.547369 
50.077489 
334.736913 
-401.111026 
-44.008049 
94.652846 
-296.827184 
-263.187488 
-215.424357 
2.128410 
10.493492 
-217.118351 
65.975821 
88.546832 
-99.594724 
-103.912483 
62.008901 
-60.516263 
-13.786944 
-395.881419 
225.186451 
-2.378443 
-176.519685 
163.076274 
321.247604 
-206.920126 
-77.867572 
-472.763333 
-247.832670 
-245.224951 
-48.496734 
-115.986931 
199.024746 
-190.108775 
-110.313701 
184.228116 
286.848155 
-188.987774 
-67.858937 
195.668920 
-288.997806 
126.970780 
236.622031 
104.984183 
72.244601 
-120.921957 
-244.402991 
-167.406157 
5.269821 
105.452633 
-85.533345 
-19.991894 
-170.447250 
-350.502979 
105.779605 
86.086043 
-96.131386 
178.403184 
-185.156675 
-85.268716 
361.828594 
21.602341 
116.019216 
48.996894 
175.009527 
-297.516667 
170.346149 
-251.983782 
-73.969861 
14.016158 
250.032635 
159.794284 
-304.655295 
26.782310 
-208.746548 
-60.516782 
-42.378012 
-82.646772 
-125.364838 
-423.962704 
-96.543638 
225.187869 
149.525464 
-152.148553 
-29.792149 
-182.924326 
-183.482673 
25.477884 
-269.364702 
-43.912059 
8.500410 
-172.025047 
299.719748 
-163.766812 
-24.028065 
-47.439249 
-177.304007 
-331.813289 
111.683787 
-249.518875 
38.508926 
225.187552 
163.193726 
-248.199268 
-3.121827 
-71.362877 
-167.727832 
-302.854512 
-270.597699 
33.577268 
1.595557 
-8.140810 
-136.176068 
-110.203464 
125.815347 
-73.119089 
-121.104672 
-279.490208 
-60.507329 
225.190805 
109.979828 
-208.753647 
-139.770794 
-17.226975 
-70.465809 
15.794114 
-60.514650 
-95.445838 
125.817694 
-43.960291 
-111.474833 
106.293875 
82.920396 
-250.725096 
-71.734152 
-115.706588 
113.390680 
53.739883 
-73.266803 
-23.013493 
-191.233808 
112.266096 
-428.366971 
112.603360 
-113.135599 
243.974334 
-259.619676 
112.839007 
14.020322 
-291.662079 
580.612364 
25.031758 
94.667272 
-484.602812 
-136.413403 
-179.947044 
-201.068134 
-56.767288 
-206.718130 
-140.306293 
172.991042 
-10.827682 
-297.122355 
-201.065448 
-79.796066 
-177.695964 
9.376489 
-131.263681 
204.845312 
136.230503 
149.106285 
-59.419615 
-23.252156 
-66.002570 
-297.049580 
-23.249544 
-293.188866 
-423.626116 
-48.095073 
-72.938622 
-231.285454 
-207.110475 
25.626791 
-259.961907 
-62.422404 
-328.286779 
-85.361718 
-190.664341 
-85.360427 
-29.090912 
-139.014813 
2.138174 
-68.324995 
-745.180829 
108.622426 
-383.049023 
-155.105036 
-21.932932 
-271.450877 
-252.116814 
82.362088 
-450.892534 
-197.376295 
-72.938469 
56.891178 
64.070255 
-516.864581 
-215.360473 
-74.597450 
133.505579 
-72.936472 
-60.513141 
-136.153499 
175.500665 
-189.106916 
-209.078531 
-148.697464 
-272.590614 
7.232322 
5.177941 
-72.935508 
-114.941327 
-163.523426 
-350.145368 
-307.071754 
-162.993879 
-97.436541 
-1.374214 
-87.413486 
49.182686 
-193.041916 
-167.371870 
-212.135878 
-289.981648 
-171.221890 
-6.626925 
-30.504214 
-72.934429 
-50.811385 
-64.728285 
-72.933610 
-69.626980 
-221.999685 
-394.077576 
-50.264924 
138.235125 
-246.653843 
14.952721 
192.007590 
491.622096 
-400.060407 
-182.248066 
189.482425 
138.237312 
-566.202305 
197.274385 
-96.208365 
91.875553 
36.690694 
208.182845 
582.670701 
-91.827083 
158.413275 
150.660895 
109.973630 
-204.833745 
548.160525 
121.145394 
177.458015 
-107.288243 
156.658239 
-574.952657 
-73.912646 
307.412732 
-109.228513 
173.981672 
-39.309789 
216.951739 
210.014993 
-58.018781 
164.047585 
331.012268 
172.379431 
163.082158 
400.660975 
-67.045687 
-341.428552 
-74.210388 
220.522964 
668.391140 
176.026756 
-346.130403 
-10.362850 
262.456788 
-92.229859 
547.988702 
212.644371 
409.517214 
86.218576 
155.649813 
-32.543172 
1194.095742 
-77.344052 
73.477264 
-73.235628 
-51.762258 
76.490623 
-64.632079 
72.899706 
354.181038 
-213.936596 
241.669741 
-110.759836 
277.084389 
144.671613 
315.194238 
140.852296 
-128.414975 
-60.859719 
119.935537 
81.598370 
826.767637 
-208.328391 
29.075655 
-28.712136 
234.278641 
412.535360 
61.240529 
-198.336958 
162.836188 
152.370742 
-130.078670 
448.782442 
-245.504213 
295.274937 
54.105564 
361.001646 
284.183478 
-156.579694 
7.256893 
448.781854 
-205.976326 
186.900109 
46.586195 
279.505952 
-304.893061 
-209.423204 
225.745404 
-332.260844 
287.298483 
113.701955 
-629.661843 
430.424959 
-64.562823 
147.284036 
63.706074 
228.229992 
-287.347999 
-98.272622 
-531.695202 
88.622320 
113.391381 
116.280167 
-575.442580 
-392.295910 
253.380179 
-36.849289 
76.126918 
-498.743694 
38.859834 
-354.208281 
-15.608483 
-11.518031 
128.304687 
-347.491405 
222.681397 
-416.781280 
-288.010746 
-143.737621 
-46.574535 
-163.734495 
-374.440327 
-361.784537 
-203.238394 
-417.801754 
1.925210 
-50.425556 
90.847345 
-673.563025 
113.083264 
-747.027992 
-532.460123 
-410.460778 
2.517664 
-273.584382 
-115.996631 
-149.304780 
479.094859 
-160.568333 
78.066281 
-334.604290 
113.388506 
-270.606391 
43.031452 
-493.291467 
262.452797 
-255.952116 
-313.020434 
91.903686 
-75.990005 
-46.482020 
222.917494 
-685.550754 
26.451249 
-268.711184 
-260.036630 
358.809831 
-97.959402 
-122.398741 
-35.671992 
119.608168 
429.154646 
-172.800194 
-84.660280 
-376.019656 
-138.673856 
664.786446 
-250.595323 
-67.055601 
-54.527268 
-29.074929 
-427.082146 
127.075777 
74.716114 
-153.946583 
248.332158 
131.732420 
-99.406598 
45.051385 
386.676876 
274.845439 
597.846448 
-765.099194 
-221.873255 
14.502035 
-99.599190 
49.393205 
312.142365 
-45.017497 
-393.944574 
-44.768092 
-671.541816 
12.685907 
232.740137 
-316.881934 
-306.603862 
-401.412683 
-294.817442 
21.537891 
399.094217 
-70.385123 
-166.516866 
-307.742207 
182.422806 
84.876998 
208.156327 
-161.255806 
42.755166 
-255.439182 
-112.966362 
-287.677820 
-220.093185 
16.806934 
-527.002209 
17.195333 
220.751220 
7.692751 
-205.709635 
-100.511375 
38.001316 
-104.476528 
-206.958740 
193.600522 
-200.191487 
-43.756619 
88.548269 
523.314945 
-381.419272 
-193.872989 
-342.200223 
-111.218993 
-205.777238 
134.177166 
-725.812261 
122.991251 
-175.482538 
104.372732 
-208.360207 
387.567924 
-433.997526 
-58.745134 
-278.310199 
274.877192 
-23.247703 
299.720543 
187.924917 
241.480745 
-251.919190 
435.397330 
-157.455138 
293.140551 
-470.364235 
-360.150606 
-73.121917 
384.322556 
-369.851336 
-66.048281 
75.511424 
-14.578967 
-545.242547 
-60.378321 
-293.785454 
101.440941 
-414.665911 
22.145609 
76.122926 
-132.745764 
-260.601916 
-253.560209 
175.494840 
-206.307738 
-329.642747 
-110.206940 
163.175536 
-189.568771 
498.465054 
3.245145 
-122.698756 
-223.084511 
-513.141154 
-197.709237 
55.709064 
-165.891248 
-279.330182 
235.997360 
-127.965773 
-29.884185 
158.259951 
334.140029 
-236.415953 
59.533505 
159.268919 
-174.958092 
55.983169 
76.375003 
-69.280995 
170.830856 
-6.849665 
-208.487150 
-240.878564 
-106.601430 
99.058192 
-303.281528 
-223.387841 
-217.944592 
-427.416291 
314.193113 
-114.475778 
-50.474121 
157.013131 
-222.130330 
302.111800 
573.000625 
-858.838746 
194.995495 
15.289065 
3.964391 
-259.011879 
124.401340 
-407.621767 
-179.641626 
150.656336 
63.705071 
236.765903 
-94.402458 
41.145380 
-394.247898 
225.188463 
-162.181015 
-147.731414 
13.400806 
-448.067564 
-268.157026 
150.656671 
190.751648 
-71.158363 
-130.930293 
-440.276282 
-64.358725 
187.589737 
-247.875749 
-191.919617 
-121.384763 
-348.002899 
-60.515070 
-129.611600 
-371.839837 
-58.425535 
-352.712395 
-314.141629 
111.658876 
-304.500574 
260.664364 
-10.829287 
-132.799942 
-422.144957 
-85.498093 
-28.177999 
-43.268967 
-561.903558 
-226.823463 
174.917845 
-10.829403 
-103.283180 
81.144981 
63.702746 
200.343195 
-58.322453 
-65.960422 
-303.285818 
349.405941 
175.499979 
-67.004872 
-142.500203 
-270.373864 
190.941770 
282.253820 
29.927822 
76.126156 
-385.036706 
-135.045119 
53.720743 
47.339840 
130.240941 
343.361618 
-248.232912 
-11.923562 
324.795034 
76.126124 
331.752121 
-221.234413 
-24.813756 
-447.203170 
-69.430665 
-284.243116 
-38.216884 
-139.428465 
337.618711 
-104.284293 
277.538799 
1.596354 
-208.119076 
254.155589 
-12.971548 
151.358040 
-368.082272 
-186.420365 
184.978915 
-240.995336 
-45.719168 
-138.150485 
-222.720508 
-34.876475 
-85.355988 
-497.946595 
5.797065 
-313.664874 
-497.171704 
190.052011 
-302.517022 
-77.848218 
67.180840 
-50.963967 
-146.550527 
-10.827803 
-270.249595 
-404.119159 
14.015023 
-294.805677 
-585.810852 
26.436810 
26.436156 
-258.238797 
-273.087251 
-404.563482 
-181.277648 
-18.587980 
-455.280518 
-23.252020 
-270.184986 
-48.094182 
-287.887142 
-278.590111 
-208.922652 
2.844190 
-424.836262 
23.923448 
-456.916937 
-132.273230 
-79.530948 
-70.767246 
-270.873500 
-24.215382 
-342.323472 
-59.047906 
-72.938852 
-91.388095 
148.514264 
-419.489453 
-353.857151 
-0.593962 
144.966515 
-60.514894 
1.593514 
-88.192131 
-85.358581 
56.726083 
-190.619174 
-60.750729 
-194.238315 
-200.018571 
-90.775419 
-23.248774 
1.102006 
-153.145711 
-181.692578 
-335.262092 
-209.574991 
-172.553759 
-64.850152 
-134.368037 
-248.414607 
-340.245640 
-67.627700 
-157.674728 
-310.748808 
-98.858100 
-157.940774 
-51.580669 
-48.089954 
-179.822826 
50.382379 
-221.998042 
-103.190709 
-221.996415 
-311.929549 
-132.086711 
399.090574 
-2.254700 
-357.755147 
235.130451 
-55.128976 
-352.933501 
69.496521 
44.149006 
361.825137 
-298.896611 
222.112403 
-78.852098 
279.477690 
147.839604 
454.349679 
52.681462 
-138.028391 
29.165088 
125.810543 
152.603952 
187.659947 
113.388381 
185.830335 
289.142032 
-273.342496 
-42.905070 
-151.368929 
306.340371 
296.946441 
66.568748 
250.523276 
125.337158 
106.981266 
53.933280 
153.973399 
66.572861 
1.483553 
-288.672410 
287.296138 
271.098553 
38.170764 
126.719719 
114.673106 
121.148508 
585.909452 
467.351158 
259.781349 
-315.673140 
523.311813 
137.869045 
380.705691 
-234.082451 
169.947414 
-232.869345 
207.799105 
-65.562263 
423.937356 
-24.273727 
-192.022386 
45.977138 
238.630123 
205.617628 
-48.633111 
-23.743971 
254.262208 
-153.946754 
329.675985 
-64.313384 
-385.180866 
415.965999 
-87.480107 
162.434315 
206.264985 
-62.554841 
-133.252515 
241.913915 
1144.202154 
105.377256 
-150.131294 
-14.856005 
148.290324 
135.374639 
-300.819706 
-115.107705 
-169.334314 
-56.433865 
-83.365342 
250.029625 
-107.213779 
370.790945 
112.230241 
135.748880 
250.091808 
-142.492003 
-362.112251 
548.156297 
-246.300163 
-172.938103 
94.434911 
11.998876 
123.967017 
-118.158557 
-75.000155 
-446.502655 
411.514558 
303.522235 
-493.769453 
-335.319081 
142.640889 
-297.576856 
88.544299 
244.276772 
-193.372023 
141.474450 
-329.844961 
-254.743951 
212.764283 
151.071754 
-321.924616 
-63.966288 
291.180353 
-2.631747 
-85.361021 
55.342555 
697.214529 
-29.691115 
-11.004469 
-235.502655 
371.821163 
-380.787626 
85.330421 
-5.731437 
146.237856 
73.046673 
-156.545724 
-298.749886 
-57.177744 
-548.926917 
-207.700413 
41.897953 
-27.339716 
-73.715089 
-155.329016 
-247.620146 
274.642113 
-109.814051 
-194.365511 
-287.139424 
-166.578943 
296.520642 
112.826296 
283.464564 
45.932785 
-175.694207 
-18.083516 
-19.188539 
423.933845 
113.234751 
-261.168478 
-333.614035 
461.200835 
3.640504 
-185.732284 
226.395907 
-66.733900 
-14.507857 
84.593020 
-267.702174 
147.431366 
-282.941702 
-407.517739 
45.439941 
-197.756398 
-565.152125 
14.011047 
250.028609 
160.117480 
282.265537 
-269.955831 
-164.528563 
14.850158 
9.353220 
-491.142054 
131.139896 
-221.932619 
-278.659765 
-295.382758 
62.823754 
-115.514755 
-52.642367 
340.269662 
-208.492511 
-231.737974 
-177.749543 
312.139468 
25.891802 
423.938452 
-456.214448 
-18.064178 
-351.094430 
-192.706817 
-243.844675 
250.030992 
-25.082786 
-1183.684473 
-661.651950 
444.036296 
-18.887034 
346.661797 
-264.718182 
22.514819 
119.246157 
-64.907223 
-266.878990 
324.561879 
-172.951545 
-283.282629 
-321.413937 
154.362190 
-394.886398 
-215.003497 
-114.883614 
273.654121 
-116.632363 
-426.082721 
55.021340 
-23.209739 
-52.209400 
-189.546139 
100.369402 
52.998678 
163.820900 
-46.201413 
-114.814163 
-175.698346 
192.692216 
-457.155815 
36.965169 
-236.372980 
-265.407923 
113.387404 
871.124097 
-467.425342 
-189.028441 
-212.530638 
111.939386 
-132.920447 
324.498335 
-860.164167 
36.065022 
-154.243175 
94.674410 
-375.152155 
253.570974 
-10.227906 
28.992939 
-76.690798 
274.872456 
-60.517154 
250.028986 
113.388979 
-378.472447 
-240.379293 
243.032598 
-150.716016 
189.228816 
-112.691822 
-418.290078 
-27.872244 
578.397349 
-88.945342 
-278.033720 
-168.702236 
158.871324 
-311.877526 
137.325119 
-360.688652 
-80.949126 
-184.749188 
-154.990388 
225.186911 
-117.765372 
-231.982257 
-177.367328 
349.405524 
-9.173388 
-274.078630 
63.702628 
15.213091 
4.548438 
523.312235 
-36.497468 
-203.681786 
-138.113926 
-356.310801 
133.111706 
-42.107530 
109.026301 
-98.985909 
175.517813 
-294.751322 
-32.400868 
-220.844851 
-129.218610 
-351.939938 
-86.832015 
96.019561 
-271.802430 
-253.831927 
-323.745854 
-14.224836 
-76.543144 
-84.396978 
-165.514162 
-165.018551 
113.186012 
-102.864408 
92.469073 
-93.049695 
-410.172263 
-474.476929 
203.327905 
-188.772290 
-235.665732 
40.683352 
-77.433572 
-5.668994 
722.062364 
-47.719347 
-61.419929 
66.438258 
83.798958 
235.239220 
2.441430 
-173.581472 
-274.500024 
299.720073 
175.501479 
49.284138 
-216.860360 
-428.654749 
-394.250381 
250.031345 
-331.435908 
-120.550949 
-85.732162 
-47.775172 
-228.290836 
76.125545 
-234.753366 
23.386999 
-118.673208 
-295.866343 
128.954912 
-160.647491 
-57.772682 
37.132676 
191.757783 
-21.252457 
-60.514952 
-202.589003 
-364.074156 
14.443293 
-136.321880 
-244.200028 
207.225875 
-221.394249 
100.931368 
-60.515143 
-94.808722 
-576.500492 
-26.545756 
-85.529920 
-171.216431 
-479.189645 
-51.200844 
120.912177 
-85.358004 
-76.446001 
-109.492963 
125.813486 
100.970473 
-40.748068 
-83.617070 
-448.115262 
299.719711 
76.123218 
107.845828 
-222.000538 
-293.704740 
18.844416 
65.286897 
-78.010181 
125.813580 
-26.355111 
-10.830922 
91.866088 
62.316898 
28.148926 
173.655213 
-116.256780 
-363.954479 
83.479982 
113.393241 
-135.448317 
42.270194 
-42.858118 
-448.266467 
-395.688063 
192.790063 
-187.273394 
-218.015910 
123.433956 
-51.706607 
187.085506 
125.812419 
-388.949928 
-86.029943 
-147.825804 
-62.979381 
-306.649806 
107.657290 
-396.370852 
-496.977483 
-80.240120 
74.103260 
93.624422 
-29.013547 
-60.515644 
-134.260094 
180.707139 
-65.818602 
-794.767349 
139.511558 
-407.848569 
-302.259651 
-113.133758 
29.345748 
-427.390983 
-35.671479 
-372.559208 
-185.013187 
-48.094413 
-527.970377 
-347.459522 
-48.094518 
-48.093267 
-263.262243 
-332.199159 
-197.399685 
4.482400 
-144.616819 
-360.218144 
-48.095231 
-165.993913 
-85.359981 
-180.993602 
34.798366 
-261.626337 
-193.794592 
-194.439325 
-192.555444 
-110.944011 
-165.406365 
49.333068 
-178.776144 
-67.692511 
-308.118693 
-1.222963 
-42.135625 
-85.360723 
-159.200698 
7.266792 
-287.799369 
-148.675210 
152.209113 
-88.103864 
-60.517690 
125.809886 
-224.326913 
-48.095478 
-51.267403 
-316.027556 
-194.939344 
-205.596093 
-391.734971 
2.257813 
-85.361160 
-58.944161 
80.248336 
-85.067260 
-443.069423 
-176.195824 
-184.083721 
-9.727941 
-356.416303 
-143.833805 
-23.297319 
97.750755 
-197.016207 
-421.675694 
122.747460 
-30.553594 
-79.562604 
-72.938355 
-170.142498 
-358.840597 
-222.001118 
-117.820751 
-222.001285 
-357.953924 
-486.121614 
399.095349 
-210.021420 
-391.764936 
45.355839 
11.056335 
-530.881928 
-314.750353 
-13.343294 
374.250379 
-239.724221 
60.748568 
-306.348906 
11.382210 
93.120779 
209.714244 
-71.329395 
-328.332973 
72.244062 
51.281495 
-90.233646 
119.463598 
163.077401 
114.784583 
61.951906 
-475.780959 
-194.633536 
230.773579 
358.737620 
180.989187 
-362.467512 
37.302784 
57.313095 
40.008297 
226.831329 
-376.560736 
125.850933 
-165.957653 
-226.282411 
722.061741 
412.373414 
-301.310020 
-237.825889 
-72.811806 
208.605052 
637.029081 
159.422435 
-357.117652 
-105.586265 
14.014934 
244.715998 
59.905635 
-136.980896 
-50.535199 
-245.289918 
-234.615311 
229.832327 
262.451433 
273.161597 
-165.188444 
237.995636 
-206.732224 
-32.232526 
-244.961976 
119.596726 
249.257172 
-16.691547 
103.137695 
-66.540730 
195.509277 
452.178149 
-132.373807 
125.704352 
34.143133 
-52.218525 
-196.469893 
240.746317 
487.854319 
-120.578775 
-247.842305 
236.204779 
208.984103 
233.474408 
-110.620134 
-145.951002 
-82.224926 
346.167218 
-46.092382 
113.391218 
182.393299 
-28.182550 
-288.085338 
440.498600 
112.263774 
-36.651972 
-13.515706 
187.921118 
-50.666054 
121.260440 
17.155096 
-65.532590 
-481.385574 
-224.910532 
-28.395638 
-126.488157 
672.376384 
115.802563 
-673.493983 
-144.157761 
-55.476120 
-228.592203 
-60.513965 
-110.745213 
-248.710226 
-93.157974 
-451.001039 
44.590522 
349.409887 
25.749068 
-547.013687 
-342.838458 
-66.370530 
-75.371780 
237.610278 
162.039003 
14.016004 
-89.574175 
-13.832581 
-206.440042 
275.281481 
-384.662126 
-41.471606 
-135.606463 
-158.212305 
120.492653 
-181.573693 
-297.386340 
-309.606822 
-299.910486 
-137.850026 
-220.650372 
-34.370050 
-507.700887 
-62.081130 
-391.582011 
171.302003 
-487.699403 
-366.269446 
-14.867858 
-464.083597 
220.084752 
168.267718 
-118.487283 
-9.360998 
-233.730194 
60.030157 
-17.747053 
-10.829341 
2.532418 
-77.121312 
-103.163264 
374.251065 
-201.656385 
-589.983263 
-72.288263 
222.979657 
45.040506 
202.510335 
-407.420002 
-197.492907 
23.360793 
-165.312967 
61.638649 
-208.847222 
-533.250795 
-10.829599 
138.235474 
399.028369 
-94.847515 
-16.691813 
-201.571612 
-149.839534 
27.491463 
86.460720 
-6.737723 
33.238043 
211.027199 
23.363630 
254.149039 
-67.303828 
-108.915378 
-142.657664 
-82.661105 
270.357713 
-48.692726 
473.624314 
151.472946 
299.718010 
-531.339589 
-229.171968 
-180.579695 
-284.748452 
-22.803240 
312.140502 
19.516112 
-327.206991 
-176.826406 
-55.531354 
-65.422039 
189.639465 
-202.167058 
54.151675 
62.215597 
-455.981576 
107.489711 
274.876032 
80.976510 
103.453665 
-541.728784 
-270.022831 
78.971090 
-52.270842 
301.786080 
-108.666561 
31.045022 
-268.369793 
-217.062449 
-134.200584 
-43.844431 
24.379613 
-25.363102 
222.360679 
-44.825957 
-204.777390 
-161.993439 
-166.372217 
-251.706190 
-53.477327 
4.523307 
-272.818975 
-115.582502 
573.002555 
225.189353 
-366.343463 
-203.450974 
-195.363941 
91.574529 
344.184892 
-54.888481 
-554.417982 
-131.526290 
96.474029 
-69.069444 
-68.081835 
138.111097 
-71.725205 
-151.192094 
-170.735507 
-48.093605 
-35.671310 
138.236008 
324.564024 
-137.245346 
-305.372956 
220.441710 
-206.289727 
84.117357 
13.291198 
-249.930166 
108.227352 
231.157168 
-354.127035 
-42.689407 
163.293754 
-46.192018 
-228.541318 
-54.639954 
-223.677909 
-144.452932 
-80.015710 
-45.000281 
-60.517792 
-179.209243 
-174.131864 
-217.981298 
-60.517612 
-75.791745 
-1042.550693 
38.857186 
447.092349 
85.363675 
200.341936 
-102.751720 
-282.435548 
-182.718973 
-576.025968 
-36.077258 
-114.422507 
112.967645 
83.677245 
-126.084982 
-228.120807 
167.369141 
-267.538936 
161.772333 
-95.744784 
-176.929483 
105.075514 
-87.543881 
-195.200280 
96.040976 
119.689858 
-161.349610 
-315.294409 
-105.254913 
-81.009063 
123.460566 
259.228248 
-120.977230 
-136.123131 
65.173142 
-465.870807 
65.501433 
-192.862669 
-89.629583 
-11.671473 
109.973935 
484.425041 
200.341704 
-257.291920 
-141.424750 
-53.285405 
16.762185 
-15.756147 
262.649780 
72.800420 
-96.952791 
38.856985 
100.967061 
-35.474163 
74.189960 
73.434214 
-10.003443 
125.810935 
159.447467 
-258.766806 
37.794620 
-8.747433 
-151.148189 
-110.204098 
-69.890628 
-297.854074 
107.695971 
245.166187 
97.637677 
138.437038 
-137.953255 
-359.120489 
61.706690 
-207.966087 
324.561910 
421.606620 
-771.667047 
122.780581 
11.274446 
-113.723318 
114.216925 
-292.446090 
167.718901 
299.719257 
-216.983232 
-82.176481 
-232.968636 
-77.450897 
-21.645047 
-508.552748 
-258.608263 
-89.621423 
63.701936 
-71.826646 
140.309339 
250.032782 
1.594482 
-245.851649 
29.951157 
-291.064443 
125.815038 
-23.250482 
-49.439443 
-394.250157 
-159.535792 
-55.258250 
-124.384075 
41.769169 
-110.200710 
-242.185319 
175.501051 
269.676613 
-218.146227 
7.623849 
-132.716352 
-150.893479 
-370.078169 
156.204744 
-333.796526 
189.666951 
-201.671001 
169.773510 
-85.199629 
107.175564 
-119.560308 
-102.982744 
11.533408 
803.579754 
-240.730605 
377.481744 
-10.828992 
-133.048853 
-154.416285 
49.209768 
155.738924 
-91.868615 
-165.934913 
-115.987475 
-153.578425 
98.524292 
-257.034389 
-30.456188 
37.558552 
-10.828718 
-332.148103 
-97.046494 
10.724640 
6.882084 
90.964782 
-186.680352 
-380.978284 
-287.493586 
-46.759752 
-83.601753 
1.593511 
-24.561746 
-388.557281 
1.592216 
-131.103064 
48.029881 
-23.250438 
-60.516617 
-120.302386 
-405.856399 
-240.836470 
71.962906 
-184.343149 
-438.226355 
-35.672666 
-201.432281 
-35.671877 
-298.900039 
59.787638 
-11.694163 
7.147107 
-547.235897 
-373.890063 
-243.799468 
38.669176 
-44.341723 
-157.422452 
-39.098725 
-372.538968 
-262.004061 
-216.631809 
-35.672160 
-166.930323 
-1.775818 
-357.924497 
-226.866364 
-170.189410 
-159.449716 
125.814177 
-48.093133 
-599.123308 
-72.937065 
-397.522092 
-174.864350 
-444.730627 
-181.735295 
-354.534346 
-141.596024 
-97.780599 
-15.026215 
-261.955740 
-190.299658 
-245.199490 
-189.390730 
-67.813788 
-211.807549 
-190.401816 
-388.148420 
-213.948826 
-312.571204 
-82.809747 
-289.437219 
329.372045 
-436.024194 
-121.139233 
-221.998732 
-208.013098 
-148.127839 
-221.998342 
29.413288 
-221.998927 
-423.128137 
-130.121781 
448.784819 
-77.849554 
-198.284872 
422.505768 
-298.437671 
-356.797732 
-142.495167 
-175.710661 
548.160763 
-478.351059 
110.050008 
-182.577590 
-4.935590 
18.399555 
801.522271 
130.266786 
-271.212602 
107.240018 
88.549154 
-56.017990 
331.238779 
212.766250 
-6.106245 
86.139048 
-191.086540 
-245.598801 
432.436660 
351.672084 
-63.473533 
-135.896139 
-81.432070 
-37.843288 
77.938209 
186.410485 
-356.233651 
202.346010 
37.752741 
-196.210387 
647.527591 
491.461664 
-27.034052 
-77.121775 
166.609274 
239.230932 
599.787163 
92.785467 
-257.360695 
-229.535157 
163.071663 
-86.842265 
122.131523 
-89.668684 
-56.321381 
-341.566923 
-206.925398 
124.641317 
237.605118 
107.171754 
-427.707813 
-51.096625 
-380.432845 
-16.795744 
-308.799351 
15.857915 
48.608035 
-242.351348 
-20.648386 
-251.774423 
417.594783 
304.493914 
51.448266 
-66.233663 
-147.906099 
-159.412185 
38.010344 
407.027912 
133.212320 
-62.115659 
-84.105235 
-138.387718 
113.617718 
50.932352 
-126.687585 
-462.923061 
-371.239139 
-75.381456 
-39.158151 
411.517313 
-107.041891 
-81.675517 
-79.864259 
201.998736 
207.262629 
-144.428365 
-2.223906 
163.077842 
-58.627196 
41.781543 
-191.974786 
-262.658247 
-193.871047 
40.431924 
175.946998 
142.887481 
647.537762 
107.505139 
-328.223828 
184.682998 
-29.526505 
-141.700148 
548.163260 
-38.405783 
102.357816 
118.480100 
-159.008825 
23.994541 
63.703919 
284.939048 
-307.966492 
7.582558 
4.175885 
58.338444 
647.535303 
-402.435052 
237.607141 
-36.407080 
228.213885 
69.996892 
272.033318 
15.248099 
-40.057932 
31.980516 
95.077298 
103.736492 
-111.063445 
-517.809320 
-82.741004 
-251.825601 
4.299143 
-46.742737 
163.645146 
-571.364810 
-25.643536 
-219.956462 
10.276175 
-123.175799 
-477.644654 
41.755516 
-211.810957 
596.093428 
-138.113640 
23.832995 
-154.375814 
-191.279453 
222.146762 
22.368979 
187.920408 
206.879161 
-22.580192 
-37.619213 
163.079773 
-46.042003 
-264.957474 
143.339613 
142.686379 
75.379514 
146.465561 
100.743514 
-365.032100 
-173.094404 
-93.573671 
-264.333586 
76.039240 
-573.511176 
299.720984 
299.721287 
-46.006619 
-285.748219 
-397.634642 
-215.763856 
-290.063982 
-155.097004 
-296.660222 
-232.899629 
-134.740787 
-173.381166 
-171.624580 
-137.514393 
-217.925208 
6.769430 
-114.021419 
136.454035 
282.571439 
-24.966584 
287.296462 
311.509923 
274.873583 
-570.401547 
-564.277687 
-372.607100 
-38.979214 
160.689793 
473.622733 
-17.438672 
-949.517844 
-420.023262 
-79.212997 
80.889609 
-36.909710 
-231.899022 
-262.065384 
143.633453 
-227.883880 
-236.873202 
163.076068 
486.562652 
114.217773 
-325.011170 
-302.453947 
29.491753 
193.719267 
259.081870 
-56.660227 
-269.199544 
-452.223860 
103.182230 
76.733386 
9.212769 
101.144223 
-171.112714 
33.409057 
-113.172975 
-90.104235 
-256.121415 
-64.245673 
-228.133230 
-290.277251 
-18.749519 
-287.309823 
-140.398337 
374.252394 
237.611039 
-1.588246 
-454.106105 
111.380247 
-358.572277 
-196.267488 
-217.187180 
-380.678103 
176.763166 
-66.911155 
188.682019 
-160.113541 
260.461380 
546.074509 
212.563993 
-315.920691 
-110.201161 
76.128628 
374.252363 
88.548281 
54.342128 
-106.746962 
361.759796 
144.546704 
46.471069 
-49.742528 
42.836455 
93.882746 
222.298958 
-242.500847 
-266.380924 
31.516640 
-227.142203 
-425.204534 
-167.437257 
-197.786820 
-19.332763 
-201.884693 
-447.063122 
-85.361277 
-41.744718 
-74.478696 
-228.420074 
38.858167 
-92.865070 
-485.898336 
498.467139 
116.994894 
126.747600 
250.029800 
3.252091 
-211.978290 
-159.081991 
80.774804 
-445.975790 
-86.107151 
-71.478833 
-222.714920 
-131.231463 
-449.928585 
-300.650230 
-139.485680 
-398.287883 
-190.211884 
-88.011862 
216.328008 
171.348396 
262.917702 
-95.986624 
-251.670325 
58.139110 
-39.010010 
-156.487003 
-190.895056 
18.983992 
233.514190 
-114.131852 
41.091158 
-305.670534 
-302.338846 
82.577559 
-166.363227 
-143.630503 
40.656704 
112.346874 
192.998843 
-35.672882 
-138.724913 
-206.990504 
159.426502 
197.513177 
53.069227 
133.486207 
-336.497914 
-81.484477 
250.028734 
-10.830183 
-141.012860 
-6.801679 
-104.117688 
-328.010561 
-35.674906 
133.094407 
-97.180479 
158.194036 
-98.056207 
20.750858 
225.185596 
-228.837289 
-153.457207 
-86.257595 
293.653022 
8.179331 
-42.553199 
74.286107 
3.969128 
298.413437 
184.409115 
-184.737959 
-558.949083 
-527.889281 
91.145495 
-74.129388 
-357.397822 
-82.385878 
-374.238768 
-166.671248 
-110.203846 
-437.572217 
-225.825797 
104.132434 
-135.237821 
-193.944303 
-843.019853 
-248.655707 
-102.271400 
88.546373 
17.298956 
-129.782341 
38.860934 
63.707346 
123.043799 
-4.505383 
-157.561955 
26.436834 
26.439364 
-92.061215 
16.502459 
-126.529789 
-77.821547 
-96.401802 
-167.871330 
100.974866 
-252.276121 
76.126230 
95.232842 
-115.548880 
-6.075384 
-191.606163 
-184.386719 
-439.693731 
293.777349 
374.261354 
75.585536 
125.960888 
-241.527424 
-275.453037 
-126.704803 
-44.117219 
-315.761107 
50.770748 
1024.749579 
-213.000332 
165.348913 
-72.938479 
-297.281094 
115.071135 
-176.679762 
58.779453 
-351.362202 
-53.897600 
-230.407990 
-288.891978 
-196.264252 
-256.195666 
-136.825213 
-28.354235 
-135.049045 
-258.336244 
-66.783172 
27.358022 
-58.140659 
-85.859376 
-188.722728 
-151.375008 
-202.292406 
59.297663 
-135.345394 
-35.674644 
-60.143727 
-337.432380 
-10.832574 
-99.505662 
-147.392128 
-23.252907 
-48.096221 
-385.391275 
-301.372823 
-23.915804 
39.648653 
-62.985771 
-224.578325 
-48.097439 
138.730614 
-60.517886 
-146.758209 
34.871990 
-189.297090 
-266.392143 
-150.824764 
-3.340784 
-237.361035 
21.283599 
-163.116004 
-341.896942 
-120.778581 
-192.323489 
-282.155901 
-29.788936 
51.280337 
-115.464303 
-345.347159 
-201.137952 
-197.869997 
-64.193250 
21.597942 
-72.938237 
-85.360722 
-375.828744 
-48.094410 
52.309705 
-214.518137 
-376.453906 
-321.698793 
-94.091896 
134.141205 
-222.000926 
-16.329112 
-146.313191 
-230.802546 
-249.234760 
-48.093055 
-155.228484 
126.671786 
-202.477681 
-359.764605 
-156.818672 
65.416504 
65.946863 
-239.604818 
-198.817926 
-286.079444 
57.087429 
-222.000362 
-8.635059 
70.206844 
-222.000607 
-192.504362 
-221.999398 
-342.408128 
-65.227905 
423.935994 
-320.059856 
-169.602716 
320.111891 
-87.021233 
-394.432823 
-182.252095 
-9.745095 
38.856364 
-290.832156 
-150.074435 
53.949912 
-175.026126 
-15.655095 
447.027616 
267.064871 
-84.705632 
123.364553 
125.807264 
189.429026 
293.071024 
374.247451 
356.107985 
74.947165 
-611.090440 
-275.711266 
290.931271 
264.579906 
100.193486 
165.464884 
73.144559 
92.972665 
214.521106 
17.189170 
-161.709935 
57.889165 
23.102271 
201.507237 
163.074671 
164.937934 
201.786978 
23.348037 
-15.093641 
243.188673 
545.459930 
324.233965 
-13.354838 
-9.892434 
597.841277 
50.221100 
380.321869 
-287.752094 
212.529959 
-231.318456 
555.872099 
-129.844730 
299.716189 
157.065867 
-136.406845 
229.421552 
-170.740843 
-59.125992 
13.507513 
-102.338861 
79.562117 
-278.270102 
-305.574486 
-71.676970 
189.458148 
164.447498 
107.235589 
-108.913418 
-315.361967 
-112.823020 
118.723483 
617.138857 
801.664030 
-397.158204 
4.426832 
39.670127 
30.098422 
27.990033 
-43.190659 
-337.517508 
-268.310297 
-103.708449 
14.897653 
262.453567 
27.075982 
14.151585 
-71.602238 
201.996468 
211.640827 
-218.499462 
-143.337927 
287.294428 
-222.816937 
-294.791026 
499.969800 
-170.814995 
-75.002057 
293.851947 
-39.611281 
-23.533240 
448.778283 
54.719530 
-345.539186 
161.184299 
-21.443046 
-146.086873 
622.681936 
189.708570 
-356.667957 
28.637129 
-109.292558 
191.737179 
38.858109 
258.483418 
-402.506833 
-353.742212 
30.773357 
18.197743 
722.058286 
-297.925567 
88.543081 
58.380114 
342.760063 
63.450135 
280.140893 
-48.623059 
134.238931 
-45.030982 
86.991745 
-95.872973 
-111.176971 
-384.301442 
-68.515907 
-94.267134 
-320.903999 
102.273589 
160.280459 
-205.696054 
-40.157461 
-222.174730 
90.849597 
-418.344824 
-421.620414 
-108.559906 
-4.008853 
184.274475 
-277.810471 
167.209180 
73.097053 
137.593812 
52.083580 
217.564247 
237.608540 
-213.691723 
32.676183 
-276.382481 
187.920668 
-338.376699 
-357.283473 
251.840385 
-283.042314 
79.479694 
356.832768 
-39.850188 
-399.684340 
-180.700247 
-167.592450 
-180.356198 
428.903002 
-360.432993 
299.718485 
256.240475 
49.674142 
69.580974 
-90.647557 
333.082799 
-52.906884 
96.966963 
-328.871457 
-224.519288 
-274.045818 
-210.759060 
-1.642481 
-201.599405 
40.992718 
-83.056050 
277.676914 
367.125994 
156.211687 
365.460139 
225.183955 
185.175563 
100.966741 
-626.626422 
-485.326137 
-137.595915 
-246.832891 
418.489039 
274.877244 
-83.406239 
-686.870270 
135.795086 
-269.440159 
96.310942 
95.000144 
-360.178358 
-359.977323 
160.271261 
-310.219883 
-138.017316 
187.922595 
108.486457 
-299.013805 
-36.135018 
39.576535 
-319.803433 
191.112508 
-187.102216 
-134.030585 
-445.731817 
-276.140493 
-85.592969 
-274.814953 
108.693234 
-229.348772 
-161.164232 
-190.447302 
82.060113 
119.037567 
-209.780929 
136.898891 
-409.616207 
-463.686192 
40.747749 
276.406737 
-68.154864 
411.516479 
647.532081 
-400.978157 
-294.236230 
-91.846990 
-300.254071 
-38.769121 
-9.084967 
-675.083102 
-111.066107 
-294.912785 
-20.134378 
-204.002259 
227.387229 
423.017543 
65.580879 
-231.243068 
399.094311 
237.608987 
113.392105 
175.500941 
149.960867 
-57.680214 
376.899679 
163.840763 
1.952385 
-575.584555 
-411.672924 
227.055259 
150.125504 
-281.765455 
-79.073585 
-408.037981 
-290.431794 
-178.888086 
38.786346 
-78.240701 
-28.820902 
-389.660511 
-462.878201 
349.406340 
-3.394498 
57.881334 
-426.974116 
523.313277 
-240.613489 
-319.889743 
237.610678 
232.227127 
-229.340967 
187.922070 
162.248328 
-561.109760 
-368.193094 
68.362163 
-564.256378 
-177.634778 
-176.520647 
-485.343131 
-86.682135 
-312.294597 
-156.428582 
-170.662809 
-159.625782 
-510.129431 
2.238369 
204.726424 
70.874902 
-131.306246 
-309.858097 
-81.953480 
50.773495 
21.614567 
-183.580253 
-315.525330 
-28.022790 
-80.591424 
140.210436 
-178.020208 
-248.909217 
-316.875560 
-37.108179 
-201.527181 
-313.183119 
282.191758 
-151.464503 
-54.675361 
-35.674869 
-201.305645 
46.206319 
-180.154216 
275.306484 
-111.106499 
-14.186805 
-230.261005 
-168.195165 
-48.095979 
-35.673643 
165.110182 
-58.258977 
-60.372678 
-261.747203 
324.561373 
12.666489 
-166.825750 
-147.807479 
-432.201704 
-474.256341 
-10.830087 
-18.816255 
-291.038204 
-299.642079 
177.842644 
-118.967338 
30.085592 
31.300050 
-118.719418 
127.659217 
-4.663749 
100.968611 
-653.661941 
361.051800 
-92.481005 
-118.964234 
-264.714800 
39.599415 
-381.038087 
237.435457 
-60.515276 
-214.829176 
-639.437178 
-96.660490 
-344.308730 
-266.292854 
-699.468988 
-96.722420 
-273.141122 
76.125436 
-117.659138 
-73.098018 
-35.673455 
324.560126 
17.180153 
-35.579621 
-92.984409 
-85.360924 
-60.512694 
157.470686 
-314.751544 
-67.763651 
-371.162492 
120.085934 
-59.877897 
76.118710 
-237.527376 
-110.206666 
-177.829433 
-30.822500 
66.509467 
-326.026487 
-78.632210 
-415.401888 
-18.765214 
237.602856 
-17.241042 
-193.573265 
-259.943480 
-121.620343 
-123.972081 
-53.752370 
-22.550430 
-172.941466 
532.868709 
-306.604303 
47.781301 
-60.518407 
-29.695939 
165.337112 
-133.185565 
106.485255 
-313.814867 
-104.655092 
-99.096950 
-328.156996 
-87.933001 
-311.780102 
-124.150167 
-110.618464 
-72.936994 
-372.512777 
-57.968758 
49.072160 
-833.870216 
-246.320320 
-396.668291 
-202.285440 
-168.937817 
-25.723898 
-288.181533 
-72.937263 
-257.644797 
-276.826872 
-72.938791 
-134.291587 
-143.850009 
-122.626449 
-122.623841 
-14.631644 
-386.969644 
20.691272 
29.571627 
54.724364 
-288.411222 
-110.202380 
-175.268400 
175.498349 
-186.206747 
-180.121392 
-113.436709 
-386.780068 
-448.688674 
-32.292015 
-152.399038 
-247.712710 
-101.052708 
-106.586353 
-188.745564 
-107.438328 
-251.773806 
-12.527010 
-35.675270 
-194.171805 
-91.547387 
-328.559040 
-385.972180 
-106.768921 
-22.300420 
1.591348 
-23.253525 
-301.492387 
-48.096376 
229.291732 
16.252065 
-118.930658 
-3.672333 
-284.699332 
88.218329 
-222.003182 
0.055539 
-184.493757 
-187.874947 
-539.047039 
-222.003058 
-164.555988 
260.790715 
-164.673268 
-330.936758 
-258.825937 
-104.215256 
-104.463623 
-200.216052 
-198.687852 
-56.021609 
173.167332 
-222.000831 
224.536574 
33.278651 
-221.998723 
72.080980 
-222.002008 
-518.266456 
-83.301641 
548.157377 
-201.836454 
246.497700 
-119.898810 
-338.212732 
-357.866716 
16.500372 
474.355027 
88.547127 
-158.770449 
-436.246797 
-387.207318 
274.599842 
-209.014615 
136.252421 
40.329552 
-531.869606 
2.557592 
-35.670923 
174.404876 
364.129066 
336.986140 
470.152024 
275.551245 
-802.577158 
226.334078 
271.611220 
24.966569 
9.433936 
-201.099761 
-325.584926 
-88.644187 
89.999174 
-307.935620 
-73.091983 
252.825543 
126.632387 
368.492382 
299.720171 
204.239144 
-19.630835 
36.774460 
106.699641 
135.274774 
404.919339 
-323.111634 
-174.411362 
-128.388162 
349.405502 
-153.658419 
248.324193 
44.148989 
16.149262 
-397.460351 
262.917669 
-252.279186 
113.389911 
85.350077 
120.482284 
-76.870757 
-100.715801 
80.773449 
186.857473 
-161.426377 
382.880942 
-361.490962 
-141.284513 
12.563554 
-132.281008 
71.356994 
-16.896213 
-187.458555 
-58.851914 
-26.244589 
-274.141068 
286.205236 
948.033239 
-91.016590 
13.210857 
317.044925 
240.270440 
-69.130009 
-55.532505 
300.760570 
-28.873427 
-212.880888 
-236.881319 
895.964551 
-131.736640 
-107.664242 
-153.709812 
-102.751969 
255.832790 
-13.903546 
38.464287 
324.560662 
-196.508759 
-5.799705 
156.762716 
-45.608958 
-99.525905 
-17.517321 
182.123080 
-108.891831 
187.921254 
33.359708 
-178.447703 
-72.449524 
89.522367 
-20.059556 
88.545422 
-51.379282 
140.924638 
-43.489663 
294.664567 
-61.659551 
510.889749 
235.509657 
25.139321 
-298.341544 
148.197770 
-29.384012 
38.858509 
-97.974590 
510.890825 
339.091492 
18.898300 
-129.520223 
180.083621 
-168.283335 
130.620626 
-120.851808 
-403.228664 
-247.945349 
-308.201717 
25.236502 
-113.064972 
-676.600204 
39.531834 
-6.141441 
377.052930 
58.269257 
-283.531036 
-279.794371 
-4.869962 
-520.556022 
-606.616409 
-341.898128 
-104.899588 
-455.237448 
-284.577815 
76.486102 
-157.554378 
-283.080524 
-86.715933 
177.712911 
473.625896 
-176.727335 
62.754578 
-300.230907 
287.298461 
-153.550274 
-386.659419 
123.269803 
92.203701 
-26.239364 
-36.420209 
-194.482299 
-335.880069 
232.190210 
8.003997 
-217.293831 
-55.661079 
-171.041143 
113.394939 
336.990570 
54.264039 
179.173825 
-35.981608 
61.198450 
193.401349 
-131.517524 
-618.502937 
-132.540482 
-354.641662 
29.343335 
-467.879702 
-36.225707 
-620.524111 
-184.780172 
-76.936686 
374.503163 
67.500415 
43.861558 
175.503702 
7.924304 
26.441458 
-11.573508 
-115.772919 
-72.425031 
-361.690940 
10.800420 
175.503572 
6.111870 
-385.850348 
257.656538 
60.428108 
164.183345 
-165.183225 
-421.340833 
-135.231918 
112.134968 
-431.580109 
-116.396126 
287.299670 
100.089475 
-299.841482 
-150.022526 
271.046493 
-162.821045 
57.298034 
-86.029419 
157.126583 
-318.110950 
-494.007582 
-213.799811 
72.224665 
-24.735529 
-297.521625 
-550.466539 
-348.898627 
-113.745306 
157.126268 
-96.417246 
-63.445434 
-114.328676 
-472.803709 
-78.894944 
59.010308 
-85.888661 
212.765997 
423.938001 
-380.054521 
-105.101316 
-97.572412 
-249.811199 
173.720163 
83.267864 
-557.681590 
151.238277 
-288.052144 
-330.039365 
-305.824444 
108.536438 
-8.577852 
244.414850 
-458.460088 
274.873756 
63.702935 
175.499948 
88.546953 
147.371096 
-123.962387 
52.727519 
-66.995824 
-83.203951 
-414.176809 
63.162058 
-158.312291 
480.006573 
-633.551605 
-276.482390 
-105.183492 
-50.916390 
-562.552843 
-211.513635 
128.471791 
41.692416 
-89.681166 
-306.423056 
349.406848 
-138.367354 
-6.530152 
48.140231 
597.843794 
-138.920403 
-251.516248 
163.079080 
51.769330 
-93.024357 
212.766096 
188.750421 
-193.869127 
-225.934967 
163.856058 
-194.527402 
363.935187 
131.160607 
-106.900289 
-2.858732 
-214.016475 
-70.580306 
-199.287248 
-380.007138 
218.159900 
36.747128 
29.241589 
-187.728690 
-527.447889 
-121.095711 
-129.805345 
-51.472530 
-299.086428 
-381.554621 
-147.612556 
-302.546939 
-70.545345 
-327.054125 
-98.166831 
99.228102 
-721.609430 
-0.742709 
-253.026653 
4.108740 
341.315091 
-1.957151 
-171.630178 
-110.202561 
-85.923276 
-49.530239 
247.080117 
112.071464 
-58.986801 
-2.881235 
-141.842453 
-243.787966 
-135.045493 
-85.357268 
-3.255591 
-219.072769 
-181.217364 
-208.750490 
473.626877 
-70.044920 
1.490649 
75.961557 
-138.953038 
2.427452 
-35.670295 
-145.038105 
-162.359106 
-316.371604 
-38.705893 
-197.758923 
-123.371093 
-0.829739 
-184.806116 
135.606748 
-120.761398 
150.657517 
-16.262390 
-226.657640 
251.274580 
17.870448 
-339.685905 
-30.876297 
-250.009601 
-13.379631 
-60.515089 
-146.459483 
-93.401282 
-157.031675 
-185.599126 
4.852102 
64.417650 
-116.087147 
-243.017993 
100.969166 
-102.508491 
-9.755297 
-60.515765 
200.343472 
-97.475778 
-152.163136 
-232.832897 
-135.046608 
-135.047041 
193.601589 
-354.500313 
-51.667268 
-235.614847 
-102.825979 
92.609012 
51.280810 
-73.714894 
-172.314084 
-280.222745 
25.557874 
-157.574230 
144.105603 
57.538499 
-109.231997 
-266.883812 
163.078553 
233.952029 
-120.096348 
-201.977953 
9.626986 
-274.899604 
-39.876945 
146.756902 
33.912332 
-49.986211 
-128.999127 
-16.464865 
-135.047416 
24.814128 
144.325385 
-283.724262 
117.369155 
-287.908667 
198.987398 
75.239289 
-35.167635 
-212.671307 
-216.035257 
104.280077 
12.354377 
1.592880 
-287.862086 
1.920074 
196.192153 
-884.143905 
-112.479654 
17.122821 
-115.870311 
-188.934931 
150.605090 
85.899856 
1.593517 
83.960756 
233.724852 
1.592814 
-349.649125 
-389.214481 
1.593689 
14.014998 
-403.438985 
-243.720128 
-60.749030 
-109.427589 
-16.350395 
-163.786457 
38.859406 
-247.072613 
225.188821 
-69.261767 
-169.843485 
245.077369 
-432.492724 
-212.312251 
-148.250591 
-107.965681 
-188.095911 
69.554109 
-332.188856 
-228.114552 
-126.139434 
52.905583 
-203.504693 
14.016784 
30.768309 
-211.192355 
-227.693647 
17.320145 
-242.357548 
147.676487 
14.016970 
38.861297 
-403.862543 
51.282381 
-365.605943 
-82.320357 
193.268469 
-101.743618 
-224.866705 
-394.521985 
-221.999652 
35.757080 
219.063000 
-282.525654 
-474.948973 
-221.999794 
-304.409168 
-577.709015 
-341.560005 
-107.431347 
5.809291 
-106.707621 
-345.636532 
-237.524044 
-187.986037 
-196.492077 
45.585489 
-222.000180 
193.956815 
-335.420681 
-222.000340 
-257.019856 
-221.999480 
-421.404020 
-266.440687 
-209.578125 
-226.123241 
-221.533337 
-224.463240 
-235.252153 
-224.380371 
-222.000000 
-222.650700 
-222.000000 
-228.976287 
-219.781476 
-221.599914 
-224.469152 
-220.952819 
-222.856324 
-215.908946 
-224.974745 
-226.312848 
-222.000000 
-222.218187 
-221.417875 
-222.000000 
-212.569676 
-211.917095 
-227.370122 
-214.000008 
-225.698739 
-223.152191 
-213.138217 
-218.094432 
-216.596785 
-225.631394 
-218.958667 
-220.200646 
-225.073219 
-227.179951 
-207.879010 
-223.813380 
-222.000000 
-226.557157 
-224.421157 
-218.434560 
-216.605462 
-219.118859 
-212.156395 
-219.066333 
-217.727664 
-213.654486 
-209.578125 
-209.894643 
-224.207772 
-216.656084 
-219.573186 
-233.645507 
-214.262113 
-230.237217 
-222.000000 
-214.819196 
-220.709338 
-219.104177 
-222.545743 
-218.794869 
-226.435864 
-217.014137 
-218.175871 
-219.678583 
-222.109093 
-222.801401 
-216.401415 
-224.386162 
-229.086846 
-211.748962 
-217.203136 
-212.911764 
-208.497645 
-214.654891 
-223.604491 
-221.300432 
-218.595568 
-221.921980 
-212.471272 
-216.261309 
-219.781476 
-223.599050 
-228.371789 
-218.386331 
-221.324103 
-222.000000 
-224.279636 
-220.793015 
-224.750314 
-208.750000 
-221.634323 
-223.845414 
-212.133110 
-222.000000 
-217.956705 
-219.515201 
-218.609257 
-222.374894 
-219.762974 
-210.123360 
-217.886047 
-220.333911 
-209.578125 
-214.129441 
-215.838984 
-212.894258 
-223.184339 
-223.214614 
-222.000000 
-223.635021 
-220.833071 
-223.131549 
-221.487519 
-221.897725 
-222.000000 
-218.254984 
-219.525141 
-218.128715 
-217.716970 
-224.702033 
-222.000001 
-223.995567 
-222.000000 
-224.079865 
-219.188473 
-221.389969 
-217.954886 
-230.042610 
-225.443612 
-225.674770 
-214.438154 
-223.751315 
-226.015341 
-222.620133 
-230.718849 
-225.342601 
-213.844112 
-224.915988 
-222.222638 
-222.000000 
-221.042327 
-215.301607 
-221.543822 
-228.722929 
-229.205581 
-225.708126 
-224.410044 
-216.493979 
-221.197197 
-226.184522 
-226.309082 
-221.795450 
-223.768024 
-222.470652 
-209.578124 
-216.464165 
-219.783654 
-221.901166 
-222.000000 
-220.639291 
-225.970460 
-218.859072 
-219.690713 
-220.861300 
-224.311163 
-237.232553 
-222.728188 
-220.365610 
-218.053461 
-220.028339 
-217.757376 
-222.814925 
-209.578125 
-215.789061 
-216.740464 
-223.635020 
-218.786189 
-217.277970 
-219.660738 
-220.763132 
-225.917504 
-225.173985 
-217.074433 
-227.153497 
-216.658181 
-221.343450 
-223.991475 
-226.382689 
-219.527933 
-222.981732 
-225.723380 
-216.832394 
-222.000000 
-224.077824 
-222.000000 
-221.657155 
-217.706331 
-221.729374 
-218.690701 
-222.436248 
-222.000000 
-226.433960 
-211.182707 
-224.203394 
-215.065055 
-222.810932 
-217.379664 
-224.836880 
-217.976724 
-222.095883 
-219.737553 
-218.167782 
-209.578125 
-214.201403 
-222.000000 
-221.778721 
-216.889310 
-222.545743 
-224.799655 
-222.003938 
-222.466571 
-214.953512 
-216.992222 
-218.785805 
-218.346331 
-222.864514 
-226.083914 
-226.302616 
-217.843163 
-225.204074 
-219.685169 
-224.546276 
-225.098653 
-224.269378 
-226.932618 
-215.356082 
-224.904872 
-218.301945 
-222.000000 
-222.000000 
-226.486344 
-216.654625 
-219.826899 
-215.797441 
-221.368548 
-212.640113 
-225.468638 
-224.714835 
-229.738055 
-224.773594 
-216.094525 
-224.037283 
-213.821376 
-224.792323 
-225.246714 
-222.000000 
-222.000000 
-222.000000 
-222.000000 
-210.385021 
-228.600412 
-222.729657 
-223.196008 
-218.973963 
-227.457768 
-213.794119 
-214.945363 
-211.705309 
-220.526026 
-218.037092 
-223.037890 
-219.129029 
-223.881013 
-217.465251 
-212.766672 
-220.980651 
-215.718099 
-213.542830 
-222.000000 
-221.129010 
-224.137158 
-220.611766 
-222.000000 
-222.816553 
-216.605462 
-222.000000 
-220.332553 
-221.489106 
-222.000000 
-222.000000 
-226.072000 
-217.779309 
-221.223633 
-216.149212 
-224.079866 
-221.591017 
-221.315947 
-225.699880 
-226.093217 
-222.752628 
-218.124535 
-218.532432 
-224.832126 
-218.996180 
-224.949133 
-223.131831 
-224.375773 
-220.467168 
-224.325858 
-221.578860 
-213.425248 
-223.640952 
-224.551782 
-218.960427 
-214.635505 
-217.841377 
-222.037135 
-219.762973 
-218.495363 
-221.237135 
-211.251833 
-218.677840 
-220.200647 
-224.788205 
-221.103492 
-222.000000 
-228.501511 
-220.127179 
-218.419053 
-224.297921 
-220.467168 
-220.129156 
-224.969905 
-227.942182 
-222.000000 
-222.000000 
-223.093996 
-221.782840 
-229.588601 
-221.999999 
-222.000000 
-218.579700 
-222.141234 
-226.691227 
-218.806505 
-212.179347 
-222.000000 
-220.800431 
-221.258559 
-224.261946 
-216.208575 
-216.785363 
-222.480452 
-220.087189 
-219.833284 
-221.791278 
-214.508940 
-222.000000 
-221.999999 
-209.578125 
-218.494407 
-222.821791 
-222.276191 
-221.970687 
-220.583623 
-225.425314 
-222.000000 
-222.675876 
-212.474185 
-222.078798 
-215.104739 
-220.495829 
-219.118858 
-222.695100 
-223.793260 
-222.000000 
-224.612335 
-219.312365 
-222.000000 
-222.000000 
-226.446336 
-221.476315 
-225.425315 
-222.000000 
-222.000000 
-218.651591 
-222.000000 
-221.666101 
-223.969609 
-216.801565 
-217.685210 
-222.000000 
-209.578125 
-222.000000 
-225.225924 
-222.869185 
-222.072686 
-218.077010 
-219.930214 
-221.925080 
-221.562590 
-222.000001 
-220.730597 
-215.049972 
-223.184338 
-220.428032 
-214.924355 
-205.405863 
-215.880503 
-217.831559 
-222.000000 
-222.611937 
-220.500891 
-222.000000 
-224.040308 
-220.562971 
-220.681292 
-224.171199 
-218.554903 
-232.154592 
-226.408950 
-226.015154 
-225.273510 
-224.313224 
-217.491726 
-225.448762 
-222.000000 
-227.735160 
-211.853263 
-224.939772 
-220.495788 
-226.044614 
-224.124243 
-225.661134 
-219.346709 
-223.168291 
-223.083899 
-222.000000 
-211.968174 
-221.633885 
-222.000000 
-219.791775 
-229.439992 
-222.000000 
-222.000000 
-223.473720 
-225.265630 
-221.079626 
-224.772972 
-216.690854 
-225.254527 
-222.000000 
-224.519658 
-222.000000 
-218.931085 
-222.840477 
-223.419516 
-224.295536 
-219.171183 
-222.342822 
-225.962740 
-222.490955 
-225.510952 
-221.426309 
-216.523090 
-217.948926 
-217.557991 
-220.889683 
-222.000000 
-225.585122 
-225.154902 
-217.379166 
-221.315947 
-220.919821 
-215.815920 
-222.000000 
-222.000000 
-222.841587 
-222.000000 
-226.397775 
-217.796171 
-214.319419 
-222.711724 
-221.590176 
-218.511308 
-222.000000 
-219.425450 
-219.300173 
-221.627934 
-224.023820 
-222.000000 
-224.608286 
-222.181757 
-226.226507 
-210.625285 
-220.659698 
-217.877086 
-220.609677 
-211.518551 
-219.996414 
-217.463204 
-221.935273 
-222.000000 
-223.686894 
-216.793393 
-222.000000 
-230.296505 
-222.000000 
-227.784858 
-223.862405 
