-11.156173 
6.205944 
4.351034 
12.372363 
19.162386 
22.808634 
-14.999947 
2.227744 
27.281266 
39.960257 
72.772787 
54.519095 
65.891507 
68.842161 
0.165900 
10.365661 
-0.640348 
-61.805974 
-49.593663 
-74.189070 
-89.156442 
-88.031163 
-109.308823 
-91.605013 
-124.041119 
-161.417239 
-209.831982 
-162.207817 
-167.607853 
-167.221145 
-125.045862 
-108.503128 
-90.315730 
-86.774617 
-101.035821 
-81.272998 
-138.823041 
-106.348553 
-88.031070 
-89.990805 
-98.220656 
-85.123437 
-29.931712 
-45.810164 
-50.162759 
-7.332170 
-17.727196 
26.020506 
-11.156242 
8.939522 
30.882777 
18.971878 
7.900865 
23.677669 
12.014526 
0.130232 
27.281219 
25.285388 
-3.528864 
-43.318191 
-37.728262 
-39.881367 
-6.417841 
-4.363531 
8.301317 
6.058215 
22.371975 
6.178687 
-11.487722 
-17.673832 
-18.200093 
13.826026 
1.022662 
48.740313 
39.939999 
46.160878 
69.322578 
64.440665 
76.502827 
98.527900 
91.307783 
113.383230 
93.272142 
75.488708 
70.617226 
57.359923 
96.468400 
65.718541 
36.831557 
51.023000 
13.686392 
5.500084 
33.983520 
-29.301462 
-40.380828 
-49.593759 
-82.588198 
-84.317166 
-25.890715 
-46.348674 
-47.087148 
-50.163711 
-60.273734 
-79.526153 
-88.031499 
-84.095258 
-76.523172 
-84.283093 
-43.720065 
-20.665066 
-49.593545 
-43.636385 
-38.553017 
3.822130 
-9.962940 
30.682622 
27.280905 
70.892379 
43.437512 
42.180139 
51.422249 
50.652100 
65.719001 
59.725743 
65.719005 
2.650512 
0.256866 
11.130206 
33.148395 
27.086629 
15.349575 
-22.252308 
26.875850 
4.248834 
3.448037 
-26.423995 
-48.952518 
-36.383632 
-62.435724 
-54.558680 
-57.911631 
-50.794764 
-48.010674 
-49.918643 
-63.651555 
-54.433092 
-63.758036 
-76.564670 
-97.918596 
-135.680783 
-102.249351 
-95.307125 
-84.157500 
-70.978832 
-92.107379 
-76.200378 
-88.031364 
-68.494695 
-30.315304 
-81.945415 
-11.156292 
-23.869939 
-14.692322 
25.270881 
40.056824 
32.592052 
9.726210 
-11.115684 
-0.088194 
-24.123383 
16.985049 
38.850208 
18.168930 
45.035710 
27.281147 
56.109354 
61.063071 
9.662891 
14.846552 
10.879125 
4.898883 
13.980902 
26.965064 
43.651341 
25.957601 
-1.076304 
13.612589 
20.064335 
0.247104 
16.695605 
-14.441607 
-12.883247 
-23.513211 
1.955310 
-11.155977 
3.201835 
-11.156047 
-20.120083 
-29.790268 
7.194293 
-1.367609 
24.109536 
65.718930 
36.397111 
-15.066438 
11.834412 
6.985521 
39.508377 
78.601774 
39.426570 
38.811014 
42.110307 
66.641625 
72.438002 
65.718959 
40.820207 
82.375238 
51.332853 
51.825280 
0.709370 
-35.796986 
-46.477297 
-33.257336 
-68.766682 
-72.712336 
-81.518403 
-98.951633 
-64.037757 
-62.699486 
-42.267957 
-59.340766 
-25.695182 
-10.116881 
-10.445851 
-8.263214 
2.154423 
14.928844 
30.281253 
1.567827 
30.647106 
8.062320 
27.281071 
-22.865281 
-24.160318 
-18.031233 
-4.114913 
-68.717135 
15.747570 
-45.274394 
15.391753 
80.532467 
64.948994 
98.196909 
106.997654 
112.520732 
129.213774 
134.416013 
84.937333 
104.156167 
65.718676 
65.718621 
79.363252 
46.062254 
28.404313 
36.846465 
-13.335915 
4.580220 
-8.422541 
-45.027385 
-54.010959 
-88.131127 
-123.357618 
-147.705814 
-197.338514 
-165.442172 
-155.271591 
-174.715428 
-187.502638 
-203.965939 
-186.777941 
-184.125027 
-179.823226 
-221.376678 
-242.635321 
-241.781242 
-241.009520 
-223.160366 
-203.343761 
-197.692351 
-187.435157 
-126.468781 
-138.000232 
-68.409898 
-48.084430 
-38.783173 
-0.308320 
21.869275 
9.835026 
-13.410541 
-2.704760 
-32.585584 
-40.829022 
-9.117267 
-1.470053 
16.936760 
-1.129686 
18.678922 
-21.281409 
-13.592533 
-22.746935 
-25.699234 
-30.390053 
-46.465310 
-41.705433 
-34.254225 
-11.859443 
-35.595522 
-7.671305 
-27.947121 
-27.868571 
0.083314 
3.647136 
12.814704 
-16.026032 
-4.774908 
-45.369714 
-26.313621 
-49.593973 
-35.296255 
-53.463943 
-76.491859 
-68.788986 
-61.184718 
-61.992833 
-54.693848 
-42.107434 
-49.593812 
-49.593949 
-27.512926 
-66.348137 
-23.605996 
-14.999875 
-68.812545 
-37.780576 
-38.062518 
-49.737426 
-55.066219 
-72.846330 
-88.031149 
-57.152455 
-99.572600 
-102.717928 
-106.240458 
-85.561904 
-65.847417 
-4.988813 
-34.337013 
9.854723 
-5.590232 
27.281372 
40.494396 
-0.345671 
9.085543 
-16.624338 
-37.900881 
-3.815267 
8.169412 
29.111162 
65.718833 
49.481312 
105.469962 
90.288633 
115.261593 
131.868740 
106.739043 
107.694420 
113.989843 
104.156421 
141.561435 
117.946882 
104.156449 
142.594114 
94.139820 
109.381478 
99.579028 
104.156490 
104.156173 
89.733835 
87.500353 
74.015647 
83.613336 
69.175485 
52.758243 
8.062499 
2.056737 
27.281443 
41.756720 
21.785665 
0.119025 
-12.743453 
-15.734201 
-7.673816 
-32.476998 
-11.156542 
-37.475398 
-64.921748 
-23.220022 
-15.644827 
-64.917770 
-56.399620 
-41.809426 
-55.818453 
-16.036030 
-21.186285 
-19.114616 
-11.156189 
-33.267815 
-32.832703 
-14.079654 
-19.503000 
-17.194428 
-15.293857 
-31.342170 
-34.846766 
-28.204308 
-40.803513 
-36.902085 
-30.409147 
-30.374872 
-4.162520 
-32.625699 
-30.503644 
-13.333537 
2.975091 
-34.274757 
10.919209 
-9.917838 
15.118283 
5.938851 
-68.812451 
-44.345906 
-40.596177 
-49.593644 
-57.142434 
-61.306352 
-49.593886 
-30.375019 
-47.863460 
-0.833374 
-13.140873 
-20.407456 
3.230829 
-51.384514 
-30.375141 
-39.700269 
-68.812724 
-75.652302 
-96.643933 
-123.157007 
-66.919102 
-76.955497 
-95.516166 
-99.618339 
-108.545419 
-91.680412 
-76.451217 
-138.687575 
-121.884875 
-155.689050 
-137.981571 
-126.469068 
-148.313988 
-158.686389 
-144.855872 
-128.723296 
-142.211701 
-132.191375 
-126.469013 
-126.469018 
-92.006170 
-126.469015 
-118.756632 
-56.777094 
-104.936991 
-44.214855 
-55.270923 
-33.945095 
-11.156446 
3.628710 
-34.080951 
-13.222568 
-41.033948 
-33.978510 
-11.519082 
-0.361487 
-9.841665 
-4.737791 
-7.435647 
-5.900859 
32.383034 
33.749810 
86.228358 
77.654778 
67.988249 
8.062632 
17.695224 
25.265929 
8.062701 
11.382294 
-30.374866 
13.790455 
4.385149 
-49.596143 
-336.895353 
-42.143414 
120.257188 
-21.863620 
-235.568623 
-117.502450 
118.733505 
-49.595584 
-319.491032 
130.574793 
-360.253728 
113.184600 
-68.848872 
217.897308 
89.718580 
-263.046342 
30.689781 
-88.032649 
134.571742 
-16.971060 
-49.594035 
-71.661878 
62.601151 
-51.666596 
-20.499092 
-587.804092 
-27.784900 
-112.352453 
159.731549 
204.459175 
-48.744355 
84.200319 
119.275079 
-280.824980 
401.623360 
-255.646020 
203.963663 
-88.027935 
62.208879 
-143.445868 
-126.470168 
-180.363309 
238.059204 
470.775478 
-62.656102 
-83.532198 
86.459236 
65.722863 
78.216147 
328.519629 
137.798975 
20.699877 
59.717000 
222.044613 
-187.987947 
-11.151648 
105.614246 
-156.145109 
-91.672643 
-105.397336 
42.903323 
-64.512756 
205.705222 
302.282011 
-17.883352 
374.119869 
-323.280863 
-78.032636 
221.824492 
175.504968 
122.066163 
40.477408 
289.672177 
-88.946108 
66.888799 
993.428253 
55.692013 
-56.393068 
-162.968779 
332.219747 
278.168638 
93.675100 
140.349251 
492.235804 
162.458240 
182.887887 
776.810963 
-98.729878 
444.360370 
65.554861 
558.996985 
282.698227 
-174.926492 
409.116430 
584.623824 
-73.211996 
93.605417 
179.475090 
432.316709 
-271.615526 
-106.452093 
118.549392 
-1.644584 
411.652032 
125.790195 
-496.025727 
373.475097 
16.087954 
65.063398 
65.716102 
228.249409 
-162.772977 
-95.872779 
-363.395103 
258.265471 
104.156300 
273.522845 
-497.911175 
-389.628672 
321.995084 
120.927937 
84.932780 
-550.081560 
257.905567 
-262.948959 
-24.343930 
-290.286330 
167.916584 
56.761102 
-104.309562 
-286.826685 
-156.909904 
50.901762 
-19.599384 
-288.718917 
-175.313211 
-243.619707 
-105.418183 
-464.871468 
46.415265 
-17.162544 
228.906716 
-43.770310 
104.760576 
-562.339890 
-870.175147 
-212.637010 
-150.851924 
59.055648 
-152.626721 
216.351827 
334.737584 
-132.160770 
76.323108 
-210.471145 
296.342085 
-203.239817 
113.810037 
-665.712391 
411.654754 
-160.138380 
-207.987276 
229.850053 
-291.714865 
125.185994 
123.248218 
-742.094041 
-77.354901 
-224.388725 
-154.978971 
481.735460 
-275.551201 
235.032733 
-88.031749 
8.061134 
395.563883 
-813.152123 
-303.567532 
-114.837208 
125.482011 
130.283855 
2.033964 
-120.773921 
92.016179 
-155.949701 
-410.923959 
141.801992 
-101.748946 
-91.990854 
141.930776 
116.199929 
24.400415 
-118.069745 
65.717040 
348.550746 
872.906025 
-727.049114 
-96.232548 
-77.035051 
112.401509 
27.788810 
411.655820 
389.125859 
-447.675444 
-252.862492 
16.262673 
-195.926354 
192.602289 
-216.431570 
-106.403987 
-613.278159 
-109.809854 
-165.302371 
373.219739 
133.264286 
34.969861 
-336.453041 
253.441811 
9.911667 
26.221504 
-116.623205 
234.470591 
-65.031470 
20.961881 
-168.999247 
23.047427 
50.821215 
-451.688305 
210.369238 
-24.867385 
206.991975 
-92.892879 
-167.631047 
275.077618 
-265.574075 
-80.470732 
559.779839 
-147.972175 
81.986314 
27.280508 
334.781668 
21.666274 
-521.374862 
319.726091 
29.081937 
-280.523649 
490.467059 
-739.762410 
291.353249 
-264.392811 
103.508628 
123.431037 
616.755765 
-364.326938 
96.642417 
-363.034217 
-11.157436 
507.749351 
-11.157477 
354.000513 
699.751677 
-493.650211 
225.239233 
-108.535426 
451.392667 
-273.889230 
-164.416292 
-15.725304 
415.814042 
-388.413374 
2.691205 
187.373883 
-361.107715 
-306.141115 
-153.219683 
-92.105395 
258.990950 
-270.945808 
7.559324 
104.157452 
-153.149241 
-187.025709 
20.953880 
-49.593967 
99.142200 
-564.980915 
277.127250 
37.701064 
-215.681156 
181.032210 
354.002257 
-305.964567 
-85.843197 
-641.770712 
-401.488142 
-224.507021 
-89.705824 
-44.191137 
331.479299 
-326.447340 
47.400057 
195.710625 
434.881979 
-251.792593 
-27.083123 
354.595382 
-260.838025 
116.403995 
318.142500 
171.553528 
134.262630 
-60.872171 
-341.516629 
-209.874856 
81.335121 
259.189768 
-35.203416 
108.434002 
-290.831242 
-491.299107 
244.782611 
79.200857 
73.451260 
180.771464 
-282.736504 
-103.521281 
334.781169 
28.226657 
270.021932 
-34.911731 
63.166706 
-316.080206 
182.984903 
-366.065594 
-217.992190 
-88.032445 
354.000055 
185.033531 
-452.932600 
38.439522 
-342.999802 
-49.595546 
39.069093 
36.325252 
-185.535610 
-505.006359 
-26.447435 
353.996548 
158.349944 
-247.680307 
-156.559902 
-109.713472 
-302.695983 
80.995306 
-318.749309 
-121.548132 
-30.298926 
-223.094585 
353.998643 
-202.146327 
-77.222681 
-73.611453 
-197.149785 
-328.146941 
72.516225 
-257.850380 
203.015263 
353.999431 
273.990166 
-267.465417 
88.082184 
-93.047934 
-215.743443 
-367.576959 
-371.987635 
-33.894313 
238.686124 
86.437512 
-84.730364 
27.280166 
277.128488 
11.115707 
-169.864969 
-199.291627 
-49.597253 
430.874906 
23.908628 
-260.997755 
-67.518873 
101.202018 
75.147858 
18.409817 
-11.155846 
-38.783182 
161.814008 
146.129781 
148.867179 
262.179235 
463.824918 
-294.761637 
1.988681 
139.337777 
200.250678 
163.427399 
45.701084 
-106.908327 
-252.064646 
93.283700 
-386.737298 
171.194952 
-16.417728 
471.342816 
-300.996649 
208.362000 
161.817127 
-298.100340 
754.006188 
5.921859 
198.668461 
-691.732101 
-23.283489 
-148.285190 
-137.713415 
-103.365672 
-284.226425 
-155.582683 
285.085167 
-49.590057 
-498.668836 
-83.053866 
9.601198 
-341.554073 
163.366980 
-228.266107 
324.667078 
144.099171 
389.015421 
-126.666376 
-49.592549 
11.674239 
-200.435954 
-30.372827 
-230.013216 
-383.373765 
-11.153532 
46.502200 
-239.117500 
-302.254018 
154.126454 
-259.487859 
116.288187 
-507.740993 
8.062941 
-176.410350 
-49.591710 
-24.404708 
-158.791888 
-25.593648 
16.622995 
-931.557901 
267.095218 
-373.222747 
-115.816524 
-89.458622 
-451.268235 
-240.973693 
118.678599 
-575.990143 
-155.615563 
-49.593934 
133.425602 
127.318884 
-738.084392 
-236.382044 
-37.609983 
251.845450 
-49.595413 
-49.594935 
-251.554616 
161.811640 
-233.170322 
-96.855283 
-312.650481 
-343.156842 
140.419077 
47.699536 
-30.375462 
-134.328499 
-140.370201 
-415.888521 
-432.251494 
-265.804488 
-85.989176 
40.896959 
-186.857051 
-8.788297 
-218.095515 
-88.977213 
-83.455354 
-491.503267 
-157.381422 
10.303640 
144.325396 
-30.373244 
-137.035496 
-34.329081 
-30.373375 
65.738343 
-260.998434 
-398.058266 
-59.825618 
257.904207 
-87.153081 
310.052515 
578.271968 
724.010416 
-487.663295 
46.496837 
239.974754 
219.464213 
-430.085786 
381.310455 
-98.993508 
106.150576 
183.396230 
335.104001 
707.763474 
218.149344 
212.790956 
353.992224 
-17.752994 
-246.589106 
623.054693 
155.791627 
380.067987 
205.597040 
149.546323 
-727.210742 
-95.910420 
414.394191 
119.425162 
-58.592164 
-126.263042 
250.216165 
323.842387 
70.116098 
355.379845 
409.121739 
260.866448 
181.022006 
434.883903 
16.030624 
-788.040270 
-23.020192 
62.778882 
894.217930 
178.900419 
-356.067503 
-140.449601 
334.775489 
-187.089393 
975.407397 
399.884596 
631.614257 
155.801335 
291.057258 
-48.088923 
1929.934042 
-25.558799 
294.467166 
-21.546240 
-63.116798 
-38.620712 
-98.419415 
144.309829 
556.942460 
-308.604190 
259.692456 
51.651524 
370.020798 
217.917419 
551.890483 
105.615058 
-136.792609 
-39.964282 
293.118672 
234.565273 
904.853097 
-279.172172 
93.141900 
-46.957576 
146.219156 
460.016987 
375.852286 
-93.662491 
69.333970 
292.692519 
-325.245254 
738.377711 
-9.971188 
656.249993 
351.581745 
558.999544 
437.573648 
-91.600540 
-50.872751 
699.938691 
-320.809521 
356.176904 
259.156201 
340.348923 
-383.263206 
-41.815660 
335.810311 
-253.411224 
488.529834 
245.103348 
-788.959321 
686.579796 
-43.122905 
337.656610 
315.562383 
397.335064 
-157.835007 
-179.197967 
-365.179960 
211.789232 
296.348873 
261.249719 
-582.185034 
-440.576565 
374.147878 
37.044979 
315.565765 
-481.090254 
526.970603 
-421.135279 
87.182080 
114.964095 
273.063991 
-333.446622 
316.483458 
-626.659574 
-454.462172 
53.931890 
142.926070 
-11.911368 
-323.571710 
-689.403839 
-391.839622 
-524.773233 
78.326163 
-0.336674 
-35.167134 
-723.367359 
94.330517 
-892.852866 
-731.101170 
-416.201551 
-75.397692 
-192.721605 
-300.940601 
-128.757883 
165.504278 
10.638563 
233.525661 
-245.992777 
181.029385 
-321.994688 
-116.020116 
-433.891226 
469.312346 
-225.411090 
-215.182086 
5.992983 
105.297698 
138.702113 
189.260077 
-655.998536 
160.676115 
-169.296821 
-309.043635 
577.114991 
-162.744058 
7.376135 
84.925920 
353.994643 
637.456055 
-392.607055 
-37.551024 
-352.398525 
-19.114536 
1048.640477 
-40.826658 
60.404507 
-110.374986 
-49.406294 
-377.102212 
329.033599 
259.342522 
-18.051115 
-7.735128 
167.988942 
46.241491 
297.686652 
603.830903 
333.388456 
930.556779 
-764.644832 
-225.422672 
82.392186 
137.104075 
113.520855 
488.523798 
75.230069 
-795.325781 
-178.687269 
-1082.625749 
116.421480 
557.426336 
-232.216979 
-433.803857 
-415.957920 
-283.493409 
187.723862 
1084.311752 
22.625812 
-159.783721 
-393.576657 
280.294863 
225.169715 
365.177471 
-286.385456 
184.438786 
-276.306707 
72.946317 
-182.811298 
-119.341258 
-126.882640 
-640.971398 
-204.567407 
327.065484 
-166.475018 
-201.611999 
-0.402539 
117.718455 
-64.605936 
-60.235454 
245.353010 
-260.372184 
-33.950644 
104.160506 
815.255420 
-682.196305 
-197.841462 
-325.815866 
-28.784191 
-60.222452 
54.393273 
-901.041258 
187.165621 
-85.531580 
139.944773 
-79.570570 
568.521289 
-414.535848 
-286.478143 
-92.099792 
392.436700 
-11.156594 
507.750339 
257.906411 
294.834221 
-238.910423 
536.742701 
-105.782859 
478.335045 
-577.341174 
-386.990161 
33.908613 
577.485109 
-503.460937 
37.992088 
256.609793 
-221.908911 
-755.149769 
-311.702822 
-366.205533 
267.801936 
-192.861850 
127.908744 
123.377081 
19.629935 
-298.565581 
-251.157616 
507.750571 
-331.901771 
-625.676353 
-49.593501 
289.395800 
-96.568894 
776.812670 
251.502523 
-166.932784 
-527.218880 
-752.273114 
-193.032521 
-17.544604 
-93.211355 
-336.225437 
283.727868 
-194.068389 
-80.046613 
356.663679 
422.064552 
-164.259549 
226.953679 
323.254545 
-148.702970 
279.020018 
313.375715 
93.429427 
209.383448 
-136.882102 
-231.623578 
-508.011073 
-16.580910 
111.668607 
-187.920943 
-370.891109 
-287.174952 
-536.880419 
493.764580 
-225.254572 
64.657588 
77.850806 
-204.457017 
539.956379 
661.503677 
-1128.072418 
345.430388 
-17.531435 
-25.010074 
-359.280656 
272.060050 
-544.276494 
-339.459152 
354.001696 
277.124277 
411.039539 
-324.144981 
165.414744 
-445.505629 
584.628450 
-114.790609 
42.466900 
-150.897991 
-671.363554 
-269.243885 
315.565372 
248.863572 
-8.823688 
-394.055563 
-407.874538 
119.503499 
328.674209 
-9.716932 
66.411225 
-98.643363 
-161.587732 
27.278711 
-359.493101 
-463.999075 
-42.975086 
-509.848686 
-127.517042 
246.316671 
-475.454135 
240.412085 
-88.037310 
-74.542555 
-399.702209 
146.609807 
91.506695 
-182.086037 
-720.785530 
45.886342 
233.727538 
-88.034840 
-74.709002 
-71.396714 
161.807553 
161.804183 
-81.415629 
78.674431 
-106.808773 
277.118202 
161.805302 
184.693631 
-261.006555 
-337.370070 
393.765697 
245.955272 
7.564290 
238.686814 
-626.164706 
65.711323 
-201.113487 
-70.250825 
375.699416 
210.805898 
-267.016098 
-114.131093 
320.771328 
238.688751 
402.425288 
-314.402545 
-22.639762 
-493.342556 
42.305685 
-443.097599 
-138.370448 
-256.403022 
244.165413 
-144.270838 
312.432560 
84.933949 
-268.410752 
278.674219 
-26.851488 
387.476050 
-436.043625 
-193.150756 
6.365839 
-199.290030 
-15.598287 
-19.947128 
-122.571140 
-79.672250 
-68.812000 
-466.022422 
-2.359249 
-300.331369 
-527.577735 
350.282492 
-141.881906 
41.016631 
87.093157 
-51.955951 
-219.882283 
-107.244763 
-306.449312 
-603.558690 
-145.684908 
-562.064502 
-698.340508 
-164.901845 
-126.468552 
-469.000052 
-300.287481 
-413.336548 
-163.379706 
-109.356128 
-506.461451 
-30.378129 
-265.790508 
-30.379642 
-222.001909 
-223.927773 
-177.982468 
-54.370774 
-710.824561 
83.456050 
-570.199297 
-406.479862 
-77.957504 
-253.395837 
-278.149948 
-338.630454 
-473.391243 
-100.101596 
-30.380429 
-28.453389 
139.545686 
-669.350611 
-336.237082 
-12.192274 
241.959102 
-49.601663 
46.495153 
-399.690872 
-88.039280 
281.315000 
-228.378522 
-167.482603 
-388.937414 
-324.325519 
164.413919 
-49.599844 
35.384284 
-285.312324 
-375.443031 
-654.338224 
-247.794069 
-63.478849 
-209.853749 
-198.595736 
-514.877148 
-399.204294 
9.012378 
-270.432663 
-454.024328 
-14.380310 
-184.254522 
-0.292927 
-30.379568 
-194.300412 
-23.977338 
-261.005350 
-51.290316 
-261.003415 
-540.721762 
-216.786577 
469.317305 
162.317503 
-257.932651 
558.794080 
-333.971843 
-203.299040 
149.003537 
17.397402 
526.973983 
-217.743391 
133.005745 
-132.116478 
411.727291 
51.245606 
611.787195 
21.842936 
-312.169382 
247.809947 
354.004750 
345.764646 
289.970371 
219.472279 
500.019057 
680.968078 
0.808014 
271.996402 
-62.738590 
388.292680 
574.557534 
59.453062 
379.122411 
242.718147 
124.958744 
153.390847 
393.801350 
73.694204 
108.136164 
-332.259177 
526.973642 
508.718942 
-15.152258 
-247.845754 
192.986210 
-144.555897 
647.340544 
468.568984 
247.393424 
-609.396445 
546.189355 
190.228448 
682.954684 
-423.758768 
438.372609 
-234.572532 
284.663560 
-143.909571 
469.312839 
187.983002 
-104.566091 
172.777619 
490.905838 
65.051249 
-4.699046 
-60.695869 
271.802517 
-131.934520 
279.493229 
-218.007398 
-448.299184 
486.628689 
80.937498 
138.259296 
249.686043 
-140.088820 
-27.385788 
159.463689 
1451.547408 
521.328329 
35.512466 
-171.328963 
127.444475 
336.807393 
-307.068366 
-108.693141 
-25.802043 
-75.134026 
-250.291121 
315.556333 
100.883439 
533.710824 
346.526667 
251.496682 
196.450376 
41.520698 
-323.605140 
450.088658 
-411.290811 
289.162063 
193.750774 
99.623504 
383.404177 
-155.297254 
-102.616665 
-329.188094 
796.026954 
639.871133 
-604.019003 
-310.734781 
622.655812 
-40.210876 
142.591023 
375.268211 
35.829915 
300.824955 
-415.603523 
-171.934167 
450.091493 
290.985724 
-227.775704 
-6.333666 
700.713944 
99.358418 
27.281104 
197.037500 
969.001231 
138.372277 
-39.527899 
-349.024838 
543.004862 
-418.072425 
90.005429 
8.532077 
55.898884 
244.878440 
-201.670033 
-115.464861 
73.612008 
-826.828054 
-199.198332 
-30.379666 
-102.892496 
-0.345249 
3.081879 
-380.227993 
333.720703 
-77.518038 
-177.035058 
-303.376682 
-184.992728 
593.929712 
304.515163 
398.896835 
-91.862903 
-330.150780 
-43.379407 
170.257145 
507.749011 
344.183430 
-456.487091 
-428.998934 
526.969041 
-68.689660 
-339.883147 
292.168930 
-280.025236 
-102.835528 
95.520014 
-137.228819 
-59.711064 
-175.798845 
-407.908692 
242.903066 
-47.613675 
-757.249257 
-11.156316 
478.916179 
220.254509 
453.169010 
-222.094992 
-311.206872 
7.584513 
68.974401 
-492.350764 
29.534826 
-248.780657 
-485.832269 
-351.540888 
-30.148951 
77.827375 
-33.511346 
571.780609 
-34.820800 
-263.425663 
-234.432674 
565.403090 
210.551278 
661.500712 
-537.326637 
-42.700881 
-363.774775 
-95.396986 
-258.490242 
354.001736 
-0.132651 
-1493.229112 
-812.009037 
690.496912 
11.645373 
317.004159 
-294.047988 
209.766860 
289.721321 
-138.233097 
-387.015237 
776.815720 
-3.495808 
-378.871439 
-168.142386 
151.031650 
-373.933444 
-210.837947 
-37.181712 
595.268603 
-226.559620 
-425.409596 
-120.856575 
179.901581 
-59.648631 
-357.358840 
187.715293 
51.784126 
-129.871224 
-122.924035 
65.452921 
-266.473710 
316.710322 
-423.027896 
14.214048 
-404.966322 
-229.935124 
27.281053 
815.249575 
-673.143046 
-381.954153 
-162.274645 
250.018210 
-102.766989 
248.825568 
-891.022092 
139.517912 
-221.725823 
61.515543 
-381.081125 
203.787081 
-191.657129 
213.124724 
-42.816554 
315.561239 
-145.689651 
123.373973 
-11.159468 
-547.231003 
-198.433297 
406.474223 
-210.881599 
79.061264 
-105.447071 
-404.750003 
131.296186 
454.646969 
-345.751921 
-225.622106 
-56.972654 
282.234482 
-338.611262 
-262.511156 
-289.489150 
101.649195 
-168.092058 
-129.085646 
84.936399 
-547.867789 
-412.450460 
19.566921 
161.811332 
123.251300 
-74.237920 
-88.031518 
-122.989143 
89.013149 
738.376495 
169.501193 
-192.555453 
-291.008359 
-502.434690 
195.712602 
-53.812975 
140.245314 
-2.694927 
145.789896 
-374.086834 
-135.167216 
-397.701676 
-98.368356 
-408.157440 
-76.431666 
256.515979 
-345.752529 
-356.093927 
-377.035630 
-66.827420 
-83.708944 
-36.344714 
-158.204253 
-285.292642 
-93.722319 
-90.828026 
113.716239 
-152.600849 
-558.310085 
-587.778998 
113.339775 
-325.527372 
-205.154547 
132.887517 
-222.810140 
-74.528739 
776.812912 
165.410973 
22.222923 
101.798712 
112.082964 
449.370077 
20.681432 
-260.867963 
-380.116399 
277.124666 
200.250444 
37.281944 
-79.705982 
-597.418836 
-609.499493 
584.624832 
-395.837030 
-162.235712 
-7.440794 
59.777440 
-335.527804 
65.718788 
-31.335390 
-38.065626 
26.487280 
-374.324085 
139.028992 
6.938928 
-92.226652 
96.634725 
436.402101 
-1.080058 
-88.030141 
71.725731 
-519.251556 
86.131509 
-199.722631 
-164.871025 
317.794103 
-95.580643 
132.846232 
-241.780300 
-102.512749 
-483.868677 
37.912728 
-18.698963 
-218.780761 
-511.718949 
2.286933 
349.527038 
-184.124344 
-34.662311 
-177.191814 
65.719522 
161.813316 
-170.962982 
-8.491933 
-489.841109 
315.561517 
161.812295 
214.404387 
-322.500632 
-396.803019 
-5.609609 
254.087559 
5.949968 
315.561108 
-145.688208 
-11.158165 
140.368691 
40.529619 
161.399250 
350.342546 
-300.332549 
-502.365553 
50.935600 
277.123116 
-167.439146 
145.014734 
-115.341364 
-394.209276 
-342.400593 
218.715446 
-396.941537 
-210.879914 
205.727877 
-64.561360 
230.424031 
123.373675 
-432.096587 
-163.183835 
-380.405684 
72.595851 
-254.610356 
41.914428 
-609.381529 
-505.704684 
-245.984048 
205.696705 
91.096972 
52.296257 
-49.596130 
-264.099837 
313.337814 
47.871509 
-847.923075 
323.579628 
-313.285378 
-216.651053 
-122.486771 
115.510518 
-398.016927 
-30.376140 
-485.239438 
-146.924604 
-49.595638 
-772.149833 
-589.752385 
27.280541 
27.279848 
-339.416209 
-395.608007 
-203.982745 
-60.554070 
-289.504187 
-295.057806 
84.937237 
-243.478141 
-11.156067 
-140.549565 
-32.223562 
-41.467680 
-319.900953 
-264.223730 
-74.864911 
-133.264382 
-324.757150 
259.322069 
-166.793085 
-134.779210 
-288.073665 
7.762158 
63.693295 
8.061516 
-126.284164 
80.702467 
-586.006433 
-252.539118 
360.291455 
-6.691187 
8.063015 
84.938660 
-75.051439 
-88.032018 
-330.587538 
-304.767182 
22.256062 
-174.436813 
-421.236586 
143.579729 
-11.155972 
135.329892 
27.593207 
-213.566330 
-432.796261 
-264.603276 
-215.322864 
-20.609188 
-398.903693 
-36.039859 
198.429485 
11.493319 
-182.170059 
-384.331021 
15.516649 
-229.063955 
-51.184540 
-30.374270 
-207.456247 
-449.601300 
-260.999003 
-19.931228 
-260.999054 
-389.498562 
-568.477084 
776.814076 
206.344259 
-165.067945 
550.485511 
10.477432 
-736.941235 
-97.000804 
447.439639 
930.561098 
-32.060226 
446.783385 
-66.897686 
365.433639 
313.563914 
536.419839 
121.936589 
-321.016447 
288.653838 
181.030308 
109.607762 
648.413040 
450.092419 
364.496359 
313.092782 
-360.034394 
-74.808607 
438.904668 
722.270328 
288.849954 
-400.421292 
315.664499 
82.840943 
162.595851 
626.731381 
-547.729859 
69.015998 
-52.795024 
-152.137245 
1007.434468 
785.194616 
-326.713261 
-238.237319 
-31.369019 
526.709059 
1041.100727 
232.005846 
-607.593576 
129.920412 
296.340215 
491.119206 
82.920217 
-147.583936 
-60.501567 
-215.358752 
-387.323884 
341.258035 
488.529377 
240.126448 
-345.591684 
344.014126 
-517.797672 
150.154922 
-222.553371 
321.820366 
302.368957 
87.135424 
78.052960 
-215.801519 
270.380936 
877.373380 
181.844120 
207.975413 
153.313473 
-192.123562 
-273.720006 
728.522495 
844.476752 
-149.804759 
-179.758593 
271.519713 
303.787472 
353.991950 
80.518936 
-223.766249 
-281.993685 
569.991109 
-19.397276 
104.156274 
239.120203 
-46.425687 
-333.695842 
476.999158 
-65.971792 
70.431537 
-238.014441 
219.471368 
-45.990110 
-39.317194 
164.316643 
111.675862 
-886.195213 
-255.324468 
299.762837 
-63.750634 
1161.186884 
217.219556 
-801.913279 
-99.797377 
-91.459375 
-435.293665 
27.277077 
-269.617937 
-370.517555 
-20.134089 
-330.427695 
-2.298569 
354.003324 
-172.188678 
-804.370936 
-422.172892 
-187.511725 
77.211420 
488.539046 
56.158072 
-49.592224 
36.389749 
87.303370 
-367.816583 
356.505434 
-450.668327 
-65.379732 
103.578819 
-97.652399 
235.318008 
-156.921257 
-300.255203 
-437.586795 
-302.839960 
-133.996326 
-294.508690 
35.109318 
-897.619945 
-14.073737 
-220.276540 
197.102416 
-197.779436 
-663.070182 
-212.208339 
-411.214532 
580.467495 
298.295039 
-159.280615 
57.994179 
-320.163584 
105.752720 
118.482627 
-11.153777 
214.296743 
-235.610476 
-309.983925 
507.752098 
-365.172318 
-650.531316 
187.196770 
323.545677 
229.122226 
582.561343 
-712.224189 
-247.880492 
139.013997 
-256.677034 
-174.668704 
-143.659393 
-789.202750 
142.595697 
373.219959 
559.794486 
-343.420347 
-241.582950 
-317.823731 
-34.133099 
60.725949 
-36.814930 
47.137610 
241.355699 
189.750831 
-25.939268 
261.027681 
-161.338690 
-9.220170 
13.809679 
-11.684775 
376.265732 
68.832229 
738.373864 
445.510844 
430.873747 
-736.948146 
-390.227356 
-366.127869 
-91.530510 
-222.102874 
296.342782 
-10.393280 
-285.661167 
-271.826979 
-47.469329 
-153.346321 
324.377827 
-290.620204 
296.282701 
188.346544 
-683.528223 
18.591604 
315.560937 
435.287061 
528.249388 
-696.058898 
-356.429088 
77.983090 
132.594361 
251.706532 
-308.958643 
-139.322454 
-249.180183 
-87.531595 
223.265667 
94.528248 
124.571065 
37.242850 
311.240574 
19.361287 
-252.501709 
-192.298344 
-37.535853 
-320.184171 
2.954321 
34.925866 
-410.145647 
-124.486822 
1122.748698 
392.436423 
-384.631802 
-303.470977 
-248.944394 
93.798943 
660.864949 
175.456894 
-665.989945 
-97.892019 
377.873613 
-48.703669 
-7.732486 
285.038656 
113.883875 
99.303824 
-437.401420 
-11.157799 
-11.157079 
296.342488 
815.249563 
-187.620312 
-288.486784 
473.181384 
-285.837394 
372.323193 
335.346258 
-225.152638 
-68.547704 
379.409679 
-312.624423 
-92.382926 
114.267437 
46.178374 
-358.024400 
126.618284 
-429.561952 
50.855945 
122.776341 
-57.349370 
46.498620 
-155.293626 
-193.169895 
-276.366939 
-11.156960 
-71.821453 
-1305.569671 
373.217990 
635.180143 
348.340917 
546.186087 
87.496895 
-653.016731 
-68.101060 
-883.208243 
-229.238457 
-232.673051 
279.094621 
11.640235 
-72.864720 
-262.990702 
588.161379 
-306.160732 
169.338549 
-69.335033 
-293.216403 
279.714653 
162.093826 
-267.037686 
246.768534 
650.548085 
-302.312985 
-347.682035 
44.976401 
-57.130412 
226.454541 
523.092316 
-481.545191 
-187.368779 
93.960810 
-352.004559 
256.970260 
-224.902237 
-234.916274 
11.734664 
122.032217 
346.038560 
469.311332 
-274.329821 
-264.276507 
-136.310799 
-49.411190 
112.235425 
556.349731 
-104.884328 
-130.050736 
392.437557 
200.248327 
-62.233140 
169.944884 
5.579479 
210.503533 
161.812397 
157.759504 
-393.411332 
137.636501 
-251.719511 
-255.251212 
-49.593081 
-10.841508 
-557.183916 
59.209732 
315.770891 
122.110385 
-11.412927 
-158.272079 
-686.680673 
249.370302 
-184.868680 
584.625958 
429.676581 
-892.815091 
249.903436 
103.628799 
-269.179602 
200.103847 
-420.273498 
92.188550 
123.374409 
-195.778121 
-271.331125 
-330.910487 
-114.663585 
-251.968455 
-751.818415 
-391.123716 
-107.463461 
-11.156636 
-100.574144 
328.251322 
161.815840 
-88.031794 
-87.429432 
8.633769 
-325.496475 
123.374704 
-30.375828 
-63.397814 
-281.501777 
71.930323 
81.678985 
-98.405114 
256.733869 
142.592856 
-137.278956 
238.684340 
457.291303 
-256.871681 
125.626259 
-68.080682 
-141.397364 
-466.228594 
475.831108 
-491.629377 
192.831448 
-311.461284 
257.036144 
-119.793997 
-38.395565 
-0.968890 
36.697017 
-250.761351 
1488.960885 
-263.700640 
549.719617 
-49.593630 
-51.679728 
-294.263501 
199.025989 
-102.392216 
-25.699606 
-50.034095 
-159.159768 
-307.151011 
-32.119356 
-482.610122 
44.033740 
52.316445 
-126.470744 
-249.556062 
69.937478 
41.933906 
124.803312 
140.031272 
-252.769226 
-589.006997 
-277.486009 
26.277027 
-27.817792 
-107.250094 
-35.784943 
-387.732324 
-107.250082 
-258.187493 
358.822533 
-88.032033 
8.062493 
-191.360426 
-684.229231 
-168.014418 
-17.113605 
-164.073284 
-277.907908 
-68.812598 
-121.548209 
-68.812215 
-283.390063 
130.837879 
-38.842226 
-124.115567 
-787.158657 
-270.871020 
-387.120566 
216.532174 
59.331051 
-247.434645 
-37.344912 
-401.855958 
-142.759315 
-285.413322 
-49.594895 
-174.160298 
92.893813 
-298.518171 
-199.766369 
-125.786865 
-15.928920 
8.061070 
-88.032007 
-969.722928 
-49.595560 
-515.816790 
-203.620238 
-414.782359 
-120.971458 
-305.505647 
35.918319 
-30.375638 
143.678776 
-266.162831 
-215.674596 
-125.421712 
-265.804311 
-227.314235 
-125.017536 
-393.221980 
-226.872543 
-119.231908 
-379.307504 
-218.583041 
-364.417916 
367.281621 
-496.715173 
107.787145 
-261.001523 
-266.845999 
-93.682789 
-261.001183 
-99.696265 
-261.002152 
-555.171895 
-129.992161 
853.691132 
-234.951289 
-317.564858 
605.850969 
-104.265562 
-671.146163 
-260.994464 
-168.964355 
853.690603 
-747.934643 
351.514861 
-3.319459 
-21.911412 
-153.706270 
1382.765602 
203.292136 
-385.557943 
210.836857 
181.034164 
-43.242655 
458.961009 
488.533165 
281.266983 
396.359495 
-292.612409 
-50.837435 
723.129606 
435.029988 
52.120142 
-161.096358 
-232.496887 
-144.469105 
234.454674 
100.939555 
-428.196076 
221.895577 
-210.761080 
-334.647624 
853.687503 
501.758282 
1.928942 
-13.852227 
341.464454 
145.589813 
1137.607140 
48.306011 
-380.310154 
-230.489137 
219.467377 
-37.988790 
254.551437 
18.632043 
59.315315 
-556.485478 
-228.125652 
166.474360 
257.912341 
59.119745 
-476.440417 
69.594752 
-340.178992 
-386.091872 
-385.303419 
4.711920 
4.976860 
-556.359095 
-255.302272 
-534.242563 
593.612210 
514.231203 
200.611465 
-85.958710 
-274.380997 
-213.444812 
211.381187 
513.233012 
149.726845 
-121.106374 
71.792504 
-218.733260 
294.424092 
103.051727 
-323.620970 
-580.101867 
-347.660848 
36.428249 
-33.253132 
642.285634 
227.551685 
-6.947234 
-243.474504 
682.000221 
267.250328 
-221.360133 
363.515928 
411.658092 
-165.221060 
-21.714258 
110.673447 
-380.799105 
-199.806691 
-103.179462 
214.196797 
311.464573 
738.369271 
131.220296 
-468.217695 
269.566488 
-142.962514 
-130.095677 
1007.428421 
137.901316 
250.141278 
308.012130 
-10.824426 
156.469715 
526.956234 
553.706541 
-221.603218 
-131.282897 
219.628780 
302.552266 
1314.928895 
-279.875544 
488.523903 
-104.917695 
420.533296 
248.500565 
776.237953 
105.086643 
-19.870150 
71.046277 
233.863582 
348.485335 
18.708432 
-693.373024 
143.829104 
-369.702492 
-90.441976 
-204.120137 
364.385435 
-652.582590 
-39.631636 
-374.280558 
-37.662351 
-474.570000 
-472.523348 
224.308402 
-241.248200 
596.450192 
-226.084838 
-82.214824 
94.809007 
-176.857944 
233.757131 
173.080896 
142.598503 
-64.328016 
-81.654491 
-192.683406 
27.288541 
-26.355575 
-314.085590 
83.082968 
233.224102 
192.839686 
241.770735 
131.669392 
-358.842367 
-378.907551 
-286.627274 
-237.557634 
156.264020 
-970.788043 
257.908107 
440.496113 
7.216979 
-414.220046 
-551.565774 
-353.289534 
-27.455131 
46.003315 
-225.225698 
-208.599983 
44.255820 
-60.376988 
-18.802736 
-182.417506 
-79.601707 
150.533056 
-106.006510 
349.507225 
612.829853 
-3.535318 
507.751729 
493.372625 
392.439044 
-807.573976 
-707.278731 
-364.360527 
46.805819 
238.366516 
930.561408 
117.450019 
-1252.521032 
-395.571826 
65.506959 
142.750344 
106.872694 
-166.136053 
-124.938354 
231.683718 
-104.168488 
-185.288929 
219.469497 
614.342285 
271.998600 
-340.542094 
-408.975162 
140.288881 
215.391525 
323.335438 
180.461811 
-397.993786 
-646.548043 
30.701998 
148.206794 
130.534428 
0.791075 
-46.221763 
-77.673311 
-221.453150 
-158.425209 
-337.599773 
-83.667202 
-339.898596 
-256.341805 
113.430358 
-368.254912 
-185.126785 
411.656125 
450.092015 
-320.930157 
-521.707214 
115.212188 
-469.167065 
-235.282808 
-342.431717 
-616.832604 
159.383306 
-26.706746 
264.668970 
-220.756724 
385.672091 
759.677246 
395.930907 
-241.010326 
104.152266 
450.089058 
738.371481 
430.873366 
383.907226 
-175.560692 
565.668810 
93.030259 
-53.288342 
-142.045130 
-72.663485 
91.797783 
407.967325 
-433.430029 
-389.516878 
111.362900 
-423.186962 
-465.577260 
-56.955428 
-240.177981 
46.403496 
-267.905147 
-703.812170 
-164.906753 
117.236967 
-86.142148 
-162.193809 
27.281629 
-77.475252 
-728.297674 
815.250788 
227.539807 
49.889343 
430.876321 
-55.996770 
-195.770776 
-240.053236 
185.837213 
-536.677155 
-181.787820 
97.254516 
-421.000618 
-63.996202 
-641.435106 
-478.225037 
37.696352 
-281.620773 
-88.639171 
-86.666463 
267.584764 
246.771090 
441.381747 
-96.851961 
-175.198508 
212.169712 
111.310687 
-0.806261 
-224.320294 
90.541300 
327.316639 
224.543185 
52.984092 
-391.993368 
-289.636451 
48.371009 
-262.670463 
-233.116969 
285.442264 
386.685151 
283.994148 
84.937657 
-139.109162 
-18.196295 
-135.158789 
274.822390 
-58.415514 
198.723022 
-352.473554 
-213.837988 
392.438558 
84.938157 
-144.417391 
153.588802 
-125.823882 
-404.500318 
-126.466450 
410.937302 
36.856921 
220.825095 
-73.129894 
-58.223639 
392.441112 
-99.855449 
-184.835168 
-33.068221 
466.528834 
21.052307 
37.456043 
118.735602 
-117.338306 
498.015416 
217.865143 
27.283818 
-931.247851 
-556.483340 
165.257098 
5.792929 
-248.466874 
-19.134176 
-507.717925 
-87.284813 
104.157589 
-358.637207 
-282.894661 
218.113427 
-181.066629 
-169.886935 
-864.841696 
-344.716469 
36.437543 
181.031435 
32.685566 
-158.482465 
8.063327 
27.279613 
220.296854 
106.268892 
-193.634135 
84.933250 
46.496926 
-27.565451 
-15.000373 
-9.530250 
-135.874196 
44.399993 
-132.213028 
257.902962 
-387.128573 
277.123370 
173.641862 
-124.970053 
97.512407 
-101.885232 
-186.987934 
-467.242288 
93.882983 
488.534058 
85.803795 
-17.608121 
-163.459455 
-121.781793 
34.864586 
-130.317506 
-452.924244 
18.094114 
1143.921223 
-445.169524 
288.008018 
27.281397 
-426.615276 
334.922514 
-165.287330 
-62.090255 
-510.052074 
-89.999279 
-344.806176 
-184.608478 
-52.194899 
-416.454868 
-96.329788 
23.060156 
-30.371206 
-469.841875 
-80.820841 
170.687851 
45.827608 
-145.152389 
-252.194933 
-70.443613 
-313.678839 
110.000939 
-172.668255 
-30.371083 
19.855968 
-431.092994 
-11.151757 
-79.095973 
-235.299148 
-11.153442 
46.504294 
-520.337282 
-488.500471 
108.373830 
-98.342432 
-52.528711 
-350.119929 
65.721470 
181.014875 
65.720306 
-187.689307 
-41.619927 
-104.586768 
-214.209698 
-334.276563 
-102.796759 
-391.608327 
-28.758611 
-25.423216 
-111.691401 
-179.038113 
-277.002205 
-401.185824 
-83.387005 
315.560110 
-68.320462 
-398.552309 
-406.533319 
-75.068974 
-29.466638 
150.817636 
8.058998 
-11.158986 
-577.096243 
65.715581 
307.059320 
-419.676042 
-672.797097 
-391.958109 
-202.916098 
409.856079 
-261.000141 
-71.024627 
-88.163712 
-346.577830 
-198.651300 
84.935863 
-256.877136 
102.750391 
-203.967609 
-361.582226 
-170.655827 
333.654006 
118.030540 
-312.367033 
-328.832196 
-382.009626 
34.570230 
-260.996023 
129.995025 
264.107981 
-260.999062 
-215.901119 
-260.996233 
-391.010328 
-195.377982 
680.719705 
-556.282861 
-439.890914 
545.277643 
-61.157593 
-238.122343 
107.995067 
76.217251 
238.684375 
-254.679357 
111.676747 
307.310087 
-61.651391 
315.684930 
555.385840 
414.296563 
-11.195242 
367.792907 
200.245581 
460.480791 
246.757299 
623.060846 
682.904767 
148.837881 
-852.858283 
-165.716662 
529.806441 
458.804525 
180.221031 
115.756519 
27.991525 
151.365616 
363.952919 
130.562288 
-231.182462 
126.529212 
76.296875 
177.298511 
411.657172 
392.673395 
200.047518 
66.617712 
89.986138 
306.836080 
724.860334 
321.747134 
-28.191432 
-102.922935 
661.499970 
-85.700220 
675.344971 
-129.873649 
186.793197 
-29.182570 
675.859737 
-425.784066 
699.935318 
61.765162 
-278.466290 
61.057078 
-102.803795 
-135.635438 
263.684694 
-123.571904 
173.955660 
-244.408079 
-420.961151 
-177.486034 
412.695241 
233.745309 
88.161517 
-237.814196 
-331.243140 
-14.416644 
50.443759 
698.689058 
845.993371 
-392.787714 
44.279761 
-4.815742 
70.339308 
81.837834 
37.881536 
-421.438244 
-388.176236 
-84.779345 
-37.468540 
834.464995 
-38.809513 
-18.790496 
12.674604 
354.000373 
374.674336 
-90.255207 
-232.771523 
373.211870 
-370.033388 
-395.363851 
620.030586 
-119.793541 
43.920412 
371.552831 
74.886888 
-130.849140 
853.685719 
215.061136 
-425.222153 
196.941034 
-121.879022 
-188.048583 
930.560976 
33.962445 
-194.808979 
126.934871 
-124.732349 
350.207759 
142.597187 
632.107688 
-331.168255 
-296.411653 
86.389105 
126.134315 
853.691364 
-375.824861 
142.591303 
43.037195 
409.131893 
172.379382 
426.610853 
27.771189 
170.464425 
-121.599396 
172.752122 
-12.610804 
-163.877721 
-308.374881 
-201.587359 
-96.642837 
-445.489933 
151.358548 
292.767370 
-210.550457 
-40.588012 
-400.867597 
307.212570 
-194.146876 
-494.212991 
-78.744508 
246.892859 
201.578856 
-103.863512 
395.245385 
166.602455 
254.175300 
236.656952 
614.144009 
411.647666 
30.846282 
66.563565 
-87.786685 
219.466369 
-520.680619 
-468.179771 
407.632052 
-325.011317 
74.198462 
111.058394 
116.630703 
-351.477020 
-298.407217 
-159.675324 
-44.837088 
616.728415 
-531.161843 
296.345125 
334.783956 
46.469795 
525.970816 
-79.169192 
492.554245 
-277.236970 
295.026839 
-407.041560 
-86.792972 
-426.770234 
-241.514703 
17.789944 
-202.647000 
90.452006 
113.840649 
359.617834 
351.482457 
2.777253 
551.947496 
507.753786 
335.186966 
238.691860 
-815.868376 
-474.424109 
-17.665986 
-399.097398 
481.491003 
392.439617 
72.370762 
-942.029511 
334.242506 
-415.891003 
131.230599 
355.545018 
-437.400165 
-434.059941 
50.052904 
-180.907836 
-106.851114 
411.658020 
298.780497 
-524.933145 
8.212227 
328.898989 
-294.989764 
356.331344 
-110.027173 
-49.672049 
-712.702770 
-168.615662 
-107.691422 
-29.589970 
63.464509 
-177.625405 
-44.815095 
-285.249482 
66.165574 
263.205247 
-83.969095 
95.344819 
-351.400825 
-426.057616 
141.971062 
391.497825 
-235.290722 
411.655849 
892.124607 
-447.760931 
-254.017629 
-41.326797 
-250.330207 
-8.159049 
291.917745 
-912.204279 
32.853032 
-123.943006 
-72.481841 
-104.823905 
148.055462 
516.700572 
249.549890 
-180.625463 
354.000803 
219.467125 
392.436346 
296.343308 
259.468844 
-18.906661 
746.796106 
355.722726 
53.485629 
-547.235297 
-333.798464 
117.150322 
361.354204 
-542.394090 
-136.640204 
-307.121380 
-213.396996 
-393.432979 
4.032731 
-55.955668 
106.357069 
-353.905207 
-669.748751 
353.994642 
117.294447 
293.237126 
-505.218858 
738.371742 
-365.813572 
-11.956431 
373.215070 
-4.016477 
-291.580151 
181.030140 
149.003193 
-519.314819 
-444.185283 
-76.025103 
-770.745380 
-110.705788 
-149.898034 
-552.377662 
-144.591792 
-446.056886 
-305.818403 
-74.557789 
-305.386185 
-613.343776 
-164.124685 
288.417256 
-55.209539 
76.797786 
-76.284960 
-120.956579 
-15.587635 
35.776702 
-334.399743 
-316.377200 
-53.657688 
-263.336239 
67.103524 
-271.664970 
-244.362335 
-307.711875 
10.114852 
-449.942562 
-371.018450 
335.561649 
-238.628148 
-77.593769 
-11.159376 
-364.580850 
3.155816 
-12.006146 
225.072776 
77.462649 
58.056506 
-222.115973 
-125.727209 
-107.251708 
-126.469801 
272.727722 
80.815876 
-104.792117 
-363.517096 
277.122574 
-107.671676 
51.670054 
50.130880 
-551.023982 
-486.168021 
-11.155450 
76.913021 
-118.953874 
-561.418449 
197.690001 
-268.185964 
21.259706 
40.040970 
-33.248400 
276.872542 
123.401496 
161.811684 
-936.071587 
261.508152 
36.376649 
-1.373341 
-274.911659 
122.523439 
-492.586829 
175.483269 
-11.160011 
-339.486437 
-682.019275 
-82.895581 
-342.871286 
-416.911152 
-832.996756 
0.037304 
-293.382561 
277.124966 
-225.403770 
-319.234283 
-88.030146 
104.153971 
226.958062 
-88.587433 
-272.953711 
-49.591974 
-49.598417 
263.637798 
-261.001702 
11.223473 
-431.508926 
201.333620 
-25.957165 
123.379988 
-193.731534 
46.500066 
-346.959528 
-141.618582 
45.473077 
-280.459522 
14.292979 
-645.328940 
-17.089318 
257.921702 
25.978672 
-165.785164 
-347.372512 
-34.293901 
-369.204274 
-44.999580 
10.894955 
-180.347177 
767.942256 
-369.686125 
139.254849 
8.058343 
-196.311804 
178.823865 
-123.479712 
180.218598 
-468.653141 
-41.877091 
-84.905728 
-443.933384 
-184.398429 
-321.919801 
16.085802 
45.347315 
-68.816334 
-519.452146 
87.940633 
81.235167 
-683.818360 
-292.634333 
-324.991563 
-311.850012 
-191.821546 
70.838607 
-363.388127 
-88.034185 
-296.734830 
-370.221040 
104.148968 
16.060022 
-236.677707 
84.933965 
84.932122 
-86.910505 
-490.607031 
202.606464 
128.730536 
151.541337 
-241.018459 
27.279164 
-14.226441 
200.246466 
-102.196097 
-221.537183 
-117.291779 
-466.762384 
-542.672511 
27.112894 
-159.856912 
-230.450854 
-118.129558 
-151.607242 
-385.532868 
-104.665538 
-214.198535 
69.819603 
-30.374424 
-226.742087 
69.050961 
-235.493859 
-398.625148 
-51.747461 
125.085538 
-88.030446 
-88.030484 
-293.395727 
-107.249382 
310.268543 
117.602809 
-22.947880 
-109.736088 
-414.998090 
235.552729 
-260.998799 
44.903208 
-94.973655 
-318.433071 
-799.848605 
-260.998859 
-256.128553 
290.246903 
-290.143660 
-554.909878 
-435.323968 
27.382333 
-133.804772 
-166.779096 
-377.006595 
-127.490054 
-64.340074 
-260.999564 
217.535632 
-63.386911 
-261.001070 
-2.564481 
-260.999924 
-612.067130 
-8.497179 
623.061644 
-182.160985 
70.900162 
-202.709958 
-618.109190 
-848.233619 
26.000821 
426.643664 
104.155938 
-264.797435 
-554.332981 
-377.129567 
599.288325 
24.402626 
188.947303 
51.446610 
-762.222926 
160.362816 
-88.031417 
203.293480 
455.658730 
526.968388 
654.922850 
573.747542 
-1056.884220 
360.665297 
674.120091 
359.449637 
130.895859 
-98.877274 
-255.668819 
65.899138 
400.830614 
-232.665256 
-40.548609 
313.980506 
181.027062 
569.501387 
738.374347 
304.851898 
-12.376507 
0.557056 
301.781463 
377.951353 
721.518473 
-264.818666 
-176.487615 
24.787974 
546.185918 
-242.973632 
674.613219 
231.561779 
46.154106 
-436.371795 
446.156808 
-240.407459 
257.905384 
455.018257 
186.056563 
140.795234 
28.068235 
189.987620 
231.066276 
-47.122442 
567.084397 
-348.828023 
23.078339 
234.422165 
-187.404170 
167.567899 
45.117296 
-157.725601 
177.666007 
121.826736 
-214.125873 
394.149434 
1105.612041 
-62.057795 
28.312799 
367.093603 
320.768810 
190.685796 
-222.233648 
376.649411 
74.651548 
-301.423087 
-203.463788 
1238.062441 
73.529933 
-105.512147 
-154.920915 
-76.500297 
548.600086 
-91.303764 
9.860856 
584.625122 
-252.434338 
-103.312229 
142.717634 
-222.875247 
-105.438427 
27.026342 
140.347390 
162.581304 
277.125522 
-12.674488 
-300.723786 
-155.092327 
-68.402724 
-111.652887 
65.720256 
-160.530388 
-57.057415 
73.698993 
393.406791 
-85.291827 
680.719901 
337.161685 
-28.503795 
-278.564502 
217.644036 
99.564960 
27.283026 
-98.435284 
565.407657 
475.250509 
122.650735 
-21.601950 
478.752876 
74.383389 
490.379290 
-117.175639 
-441.328982 
-485.881107 
-459.880385 
24.318803 
41.069971 
-875.208811 
105.677706 
211.316247 
497.825336 
126.979329 
-242.295522 
-389.640506 
-35.802301 
-802.018726 
-778.213051 
-392.793550 
-26.999421 
-497.979752 
-317.669431 
128.760445 
-98.062524 
-331.119880 
22.449542 
368.182289 
642.280976 
-221.765115 
338.466472 
-330.949077 
603.841427 
-54.681174 
-645.003984 
325.952728 
-46.585277 
41.019370 
80.516765 
-252.316833 
-518.654074 
202.999172 
61.828582 
-277.957552 
54.072545 
-256.743382 
411.655909 
546.187949 
232.166394 
351.967028 
-26.424291 
88.706520 
304.069206 
-17.650805 
-865.329731 
-73.343664 
-585.219334 
51.385750 
-483.077063 
-179.765394 
-757.347827 
-295.680805 
82.702624 
701.433524 
244.080233 
113.851202 
546.186567 
214.812305 
200.249480 
47.414320 
-180.838513 
0.558519 
-508.710872 
170.610751 
353.998954 
159.998914 
-623.873555 
326.004627 
91.623790 
306.303700 
-73.663768 
-478.190682 
-57.766913 
131.619196 
-360.028204 
-14.000229 
680.718496 
208.929086 
-550.562576 
-129.753997 
451.567156 
-183.336326 
141.316348 
169.297686 
164.604711 
-358.047851 
-494.637708 
-135.904692 
193.941931 
166.867515 
-300.825769 
-613.477282 
-444.279606 
-25.193896 
200.917354 
107.941445 
3.432578 
30.763205 
-482.300701 
239.983287 
187.530083 
-113.108337 
526.969246 
853.688191 
-636.682839 
-12.340800 
-35.055678 
-406.254827 
257.629453 
185.080871 
-744.129850 
150.286460 
-489.855918 
-314.751080 
-324.174035 
103.741087 
36.419742 
337.586503 
-635.517770 
315.563106 
27.282012 
181.031450 
181.032040 
351.968716 
-198.540476 
197.892923 
-74.868421 
-149.384808 
-455.391720 
4.487945 
-112.005909 
689.672984 
-866.065701 
-360.765812 
-194.837993 
-25.755473 
-726.923197 
-287.021020 
101.584123 
151.977901 
-78.054463 
-461.917263 
469.312306 
-105.972106 
55.184569 
-8.280999 
815.249738 
-118.058047 
-365.508427 
373.218382 
174.294334 
113.165886 
257.906040 
189.999571 
-186.968780 
-438.375943 
272.320068 
-238.535118 
379.155649 
218.426166 
-37.774152 
-6.311213 
-240.594964 
-105.371382 
-213.615482 
-461.176559 
197.395376 
36.839047 
142.954131 
-145.338596 
-689.893810 
-220.657886 
-20.441420 
-70.114053 
-271.527192 
-382.197414 
-239.024228 
-334.286075 
-39.077444 
-353.313050 
-160.653944 
182.841085 
-740.159586 
-32.168555 
-367.939322 
126.143847 
566.834294 
134.243861 
-130.028974 
-49.594267 
-163.593707 
-69.686496 
187.196576 
299.670173 
-86.127186 
105.503713 
-132.018124 
-62.306098 
27.280933 
65.718159 
105.148533 
-121.856138 
-190.469370 
-404.500505 
469.312001 
-2.396618 
10.936403 
155.665328 
-67.424588 
97.870613 
-11.157027 
51.513840 
-213.654330 
-178.832585 
-90.598162 
-139.722864 
-116.005259 
-55.911434 
-292.891255 
180.727085 
-50.688510 
200.249534 
86.138259 
-448.383417 
478.374893 
59.162003 
-556.749388 
27.122243 
-376.881344 
158.116707 
-126.468699 
-196.282835 
-368.531486 
-150.643378 
-276.028944 
79.719041 
-100.195162 
-98.110727 
-280.301326 
161.812691 
-5.023612 
-73.833930 
-49.593920 
430.874854 
-71.929629 
-57.089673 
-359.508269 
27.281600 
65.718945 
409.240972 
-425.000016 
27.230321 
-242.797377 
14.254366 
228.256227 
161.812913 
-38.782887 
-88.030076 
-309.450099 
67.447108 
-125.395538 
257.661604 
91.862666 
-254.183729 
-102.659824 
257.906531 
422.979044 
-163.044447 
-150.402969 
135.142762 
-408.674797 
58.529959 
96.280657 
61.434924 
67.145881 
-306.626644 
255.891304 
8.062679 
123.692990 
278.913579 
-212.429591 
219.925365 
-351.089812 
382.896773 
130.540677 
-114.180785 
-222.340217 
-202.728131 
260.173716 
94.735841 
123.375017 
-416.972718 
66.041687 
224.663296 
-1138.606131 
-34.725042 
-47.074982 
-163.169847 
-237.886991 
377.671619 
136.880843 
84.937815 
127.689366 
151.992425 
27.281171 
-454.845595 
-440.757665 
8.062692 
-30.374935 
-367.449132 
-428.180263 
-87.030937 
-4.622068 
81.038411 
-189.412155 
-49.593596 
-263.499226 
161.812670 
-47.399261 
-210.816617 
198.664632 
-480.374361 
-310.446926 
-174.375045 
-115.765417 
-163.883755 
100.725274 
-263.116964 
-307.337592 
-84.024875 
69.851768 
-114.840082 
-49.593444 
115.795341 
-274.511985 
-316.920692 
0.663633 
-73.921934 
198.799956 
27.281586 
27.281722 
-366.150053 
8.062570 
-477.027412 
-123.893238 
264.161995 
-200.283350 
-323.729230 
-441.252355 
-260.999934 
143.389531 
295.127558 
-283.849152 
-571.778484 
-260.999553 
-100.337158 
-584.145327 
-461.318494 
-63.112225 
62.626623 
-248.263577 
-377.661377 
-417.713065 
-153.829256 
-121.958590 
-28.005474 
-260.999847 
269.779714 
-371.817245 
-261.000094 
-84.420918 
-260.999948 
-474.206562 
-342.319741 
-241.781251 
-262.499737 
-265.396182 
-251.873904 
-249.115869 
-256.817577 
-261.000000 
-262.972977 
-260.999999 
-262.745853 
-258.422470 
-253.896583 
-265.988263 
-263.783800 
-262.700452 
-266.680593 
-257.647486 
-266.471225 
-261.000000 
-262.479763 
-260.137668 
-260.999999 
-243.744763 
-259.292899 
-256.979001 
-255.313087 
-263.788148 
-261.210205 
-263.519572 
-276.627185 
-262.709363 
-264.509006 
-257.219220 
-261.247510 
-257.023738 
-254.183510 
-268.171813 
-268.924095 
-261.000000 
-266.096898 
-268.906561 
-286.531410 
-267.684100 
-264.727745 
-259.331529 
-283.060057 
-256.221658 
-260.269736 
-261.000000 
-251.611117 
-271.115531 
-243.416488 
-251.906412 
-240.580078 
-263.781011 
-265.451763 
-241.781251 
-266.392860 
-253.216925 
-260.810947 
-242.589687 
-266.553558 
-269.059875 
-255.590134 
-244.064696 
-252.597491 
-261.739883 
-264.487764 
-259.682752 
-256.642148 
-252.649840 
-262.844313 
-248.351533 
-253.781102 
-247.690583 
-246.629014 
-261.000001 
-245.044820 
-257.710308 
-256.302983 
-255.395354 
-253.575669 
-258.422470 
-272.929023 
-259.298959 
-253.164052 
-257.039618 
-261.000001 
-262.896025 
-259.599794 
-260.818697 
-261.000001 
-262.055099 
-254.409882 
-250.682222 
-260.999999 
-255.870727 
-265.992301 
-245.723020 
-262.425112 
-265.085487 
-264.438348 
-258.637900 
-259.860430 
-261.000000 
-253.562271 
-256.275659 
-243.335481 
-258.074993 
-268.396632 
-261.000001 
-268.067688 
-253.060061 
-262.312694 
-269.209351 
-260.306360 
-261.000001 
-258.922433 
-259.283254 
-267.595357 
-265.394752 
-268.859054 
-260.999999 
-250.115838 
-261.000000 
-263.416434 
-259.270957 
-259.150333 
-254.741517 
-248.621321 
-268.694569 
-264.299217 
-263.013112 
-263.395711 
-256.879919 
-264.997773 
-260.250781 
-278.064304 
-251.540135 
-261.196048 
-257.459039 
-261.000000 
-262.285976 
-265.288994 
-261.080546 
-259.210075 
-268.986227 
-264.041858 
-263.627473 
-261.237143 
-259.405826 
-263.897555 
-259.967497 
-259.612722 
-271.553452 
-253.216460 
-241.781250 
-255.254051 
-267.074759 
-261.510855 
-261.000000 
-252.620626 
-270.243377 
-247.549999 
-250.336965 
-254.065658 
-253.823020 
-259.062626 
-252.760943 
-253.936762 
-265.879963 
-260.062976 
-251.005748 
-246.606998 
-241.781249 
-251.390624 
-258.362114 
-246.201023 
-263.229312 
-271.489708 
-260.066105 
-250.060432 
-250.360649 
-267.170860 
-261.976766 
-267.270681 
-247.069951 
-267.851944 
-263.863673 
-268.508576 
-256.676420 
-258.390186 
-267.768906 
-258.392802 
-260.999999 
-255.304913 
-261.000000 
-258.259413 
-264.195690 
-261.298286 
-259.790555 
-270.024179 
-261.000000 
-266.908644 
-270.492676 
-265.416240 
-278.212604 
-265.493574 
-258.721028 
-257.805945 
-262.526693 
-261.650286 
-261.444629 
-244.862816 
-222.562500 
-260.532736 
-261.000000 
-266.837591 
-261.438060 
-261.808436 
-268.845470 
-250.792469 
-253.583435 
-251.283173 
-253.325329 
-256.841680 
-261.261825 
-264.811200 
-261.008157 
-270.540132 
-255.460646 
-265.171686 
-256.323503 
-259.122622 
-267.864843 
-258.230157 
-264.634416 
-249.609526 
-271.632549 
-253.474211 
-261.000000 
-241.781251 
-261.961154 
-254.531239 
-251.626769 
-264.154513 
-259.333244 
-263.974026 
-274.728549 
-261.177236 
-263.624635 
-256.651348 
-265.591616 
-250.568654 
-243.446277 
-261.030930 
-259.307278 
-261.000000 
-261.000000 
-261.000000 
-261.000000 
-247.567689 
-252.709428 
-255.306876 
-253.544621 
-252.904398 
-269.377874 
-252.898066 
-256.186848 
-254.460391 
-243.145248 
-260.365393 
-256.152776 
-260.677604 
-260.319609 
-260.764058 
-255.614114 
-255.064027 
-252.159629 
-265.175790 
-261.000000 
-247.671813 
-262.777523 
-258.998599 
-261.000000 
-254.276424 
-247.184099 
-261.000000 
-262.963633 
-261.262327 
-261.000000 
-260.999999 
-262.192784 
-265.177205 
-260.999999 
-261.204635 
-263.416434 
-252.539831 
-266.337304 
-256.425035 
-258.641392 
-262.494537 
-269.163005 
-258.386111 
-257.127447 
-257.089045 
-262.613111 
-259.567428 
-263.416012 
-254.374042 
-262.357344 
-254.140003 
-255.718389 
-261.034953 
-259.480667 
-254.551335 
-254.733657 
-253.443868 
-259.386659 
-265.085486 
-261.236526 
-257.353914 
-245.544294 
-257.905586 
-261.247510 
-267.914878 
-254.238874 
-261.000000 
-261.754662 
-260.803396 
-257.958036 
-263.396593 
-254.374042 
-271.203903 
-263.058306 
-263.730379 
-261.000000 
-261.000000 
-268.443693 
-259.615248 
-254.478037 
-260.999999 
-260.999999 
-252.233541 
-257.176004 
-258.925083 
-262.564192 
-259.525659 
-261.000000 
-260.404216 
-250.034773 
-259.186881 
-252.724903 
-258.411794 
-253.303732 
-264.911109 
-248.509669 
-264.319652 
-263.473019 
-261.000000 
-261.000000 
-261.000000 
-263.529647 
-268.693867 
-261.319544 
-256.659559 
-267.040186 
-260.754540 
-261.000000 
-259.272134 
-253.615842 
-251.744691 
-255.376064 
-264.852329 
-264.727745 
-252.061151 
-257.333335 
-261.000000 
-259.673105 
-262.558450 
-261.000000 
-260.999999 
-255.164257 
-255.542196 
-260.754540 
-261.000001 
-260.999999 
-257.358766 
-240.499999 
-261.026696 
-256.265235 
-259.360210 
-254.324288 
-261.000000 
-261.000000 
-261.000000 
-258.604019 
-263.938912 
-262.795229 
-258.283543 
-251.516690 
-253.662459 
-248.734280 
-261.000001 
-261.817779 
-264.871338 
-258.074993 
-264.542826 
-253.052529 
-269.825047 
-258.139803 
-266.471009 
-261.000000 
-260.155061 
-249.816541 
-261.000000 
-268.385018 
-274.006914 
-252.503919 
-257.295860 
-257.906984 
-265.038228 
-272.538411 
-247.718302 
-265.961098 
-263.131823 
-270.741493 
-265.289933 
-261.000000 
-263.171950 
-250.306489 
-269.951634 
-241.781250 
-264.204003 
-252.142503 
-261.752997 
-260.513494 
-256.319154 
-267.555089 
-261.000000 
-246.869607 
-250.891413 
-261.000000 
-266.925614 
-265.771806 
-261.000000 
-241.781250 
-257.678601 
-263.440446 
-263.446699 
-260.881315 
-243.262830 
-264.402073 
-261.000000 
-259.538953 
-261.000000 
-256.348971 
-267.338556 
-257.933888 
-263.808975 
-252.781543 
-260.010846 
-259.626443 
-266.116691 
-262.947720 
-261.792131 
-252.387480 
-255.596730 
-258.430500 
-263.742194 
-261.000001 
-257.658097 
-254.241103 
-265.308027 
-266.337304 
-260.802933 
-267.503959 
-261.000000 
-260.999999 
-247.125253 
-261.000000 
-250.721456 
-252.307043 
-255.125303 
-254.170919 
-267.268984 
-247.035606 
-261.000000 
-250.446034 
-261.337018 
-248.867487 
-264.336599 
-261.000000 
-259.438595 
-252.056610 
-251.867351 
-266.147291 
-259.350562 
-251.417385 
-258.516811 
-250.671854 
-259.333572 
-263.854890 
-267.930214 
-261.000000 
-260.767959 
-246.530314 
-261.000000 
-268.586321 
-261.000001 
-261.008334 
-252.849885 
