-10.000138 
6.266196 
5.611268 
7.724907 
16.684700 
34.190479 
18.999794 
30.971708 
19.999929 
24.003897 
10.217891 
18.090035 
6.182300 
4.214242 
9.327387 
1.407189 
10.839106 
-12.857411 
19.999903 
-8.763006 
-4.950884 
19.999951 
12.189619 
16.202438 
44.005179 
39.868630 
-16.801167 
34.134512 
16.941995 
13.073295 
-0.539826 
25.937797 
-3.362329 
4.978890 
11.115536 
28.017761 
-2.455632 
-4.278080 
19.999966 
-26.964593 
-5.768419 
-29.718092 
-11.915319 
-32.608411 
-4.008092 
7.652498 
33.091595 
52.874930 
19.999840 
38.940328 
20.585361 
11.489147 
7.309468 
17.187280 
15.798676 
24.101800 
19.999746 
23.778090 
-20.384577 
-31.299958 
-32.546469 
-53.369583 
-19.716539 
5.786029 
22.325784 
16.880448 
27.518477 
22.245155 
21.676023 
36.897011 
47.882678 
63.791806 
62.392528 
65.263075 
61.237127 
83.402234 
74.937276 
93.035641 
103.495256 
96.418109 
114.867905 
98.258477 
109.417586 
78.475631 
63.142138 
79.875330 
72.056603 
79.999501 
90.397405 
95.287053 
59.637784 
66.999585 
78.839036 
53.619886 
46.376539 
49.999612 
34.865896 
20.715420 
36.918859 
44.154152 
18.220768 
30.028012 
51.928956 
36.091755 
19.999590 
12.005313 
8.704633 
-17.958822 
-23.532704 
2.514658 
-10.000195 
-7.393123 
-3.414295 
8.480166 
-11.257207 
-17.986203 
-9.999924 
-11.126663 
-25.221810 
-9.088409 
4.542135 
-17.774352 
20.000137 
0.563085 
-40.000025 
-61.766705 
-81.992812 
-141.223581 
-154.199590 
-168.883165 
-199.181003 
-185.862289 
-198.784384 
-169.661869 
-176.446151 
-173.378372 
-165.256019 
-129.326566 
-123.114285 
-90.402735 
-87.082373 
-70.937555 
-44.115561 
-62.339892 
-54.762555 
-34.190062 
-43.268941 
-84.796317 
-43.566122 
-76.775188 
-60.931994 
-50.596381 
-64.944242 
-43.972499 
-42.001081 
-22.225150 
-40.000094 
-10.377458 
-53.185913 
-62.598415 
-39.999838 
-56.946104 
-34.005046 
-21.101067 
-29.429630 
-24.545096 
-39.743891 
-58.240214 
-52.305145 
-60.832916 
-45.872972 
-48.063784 
-17.568072 
-38.400734 
-55.000062 
-54.999566 
-69.450278 
-100.193171 
-75.938424 
-67.435124 
-74.921719 
-67.742015 
-53.237076 
-31.912925 
-46.896205 
-21.433259 
3.724944 
-19.188739 
-17.641303 
16.595700 
-18.847799 
3.861908 
-11.796159 
-6.998603 
-9.999704 
-2.325037 
20.000383 
-11.593780 
-16.901424 
-5.178801 
5.261646 
5.768902 
20.000481 
18.271360 
-0.393976 
21.134639 
9.277941 
2.260839 
13.460906 
-0.239654 
-8.501171 
9.674840 
31.624655 
24.464745 
50.000501 
37.119055 
97.000486 
49.812900 
63.014263 
57.454207 
21.127087 
27.186934 
46.483539 
29.749999 
50.558425 
45.436223 
16.967629 
44.876606 
23.636034 
24.501396 
20.683749 
37.964651 
17.016684 
37.282039 
22.936525 
14.856907 
8.238964 
22.922161 
22.525226 
40.161074 
50.000030 
49.999972 
29.361576 
28.653811 
27.977396 
44.537114 
18.053250 
58.185100 
16.079501 
37.155768 
34.438810 
-4.698609 
10.834275 
-18.416503 
1.229191 
-5.865568 
3.130508 
-25.000248 
-40.000216 
-70.000254 
-40.000225 
-55.393022 
-31.709304 
-14.648274 
-22.092710 
7.409986 
-2.478508 
6.236392 
0.438682 
-6.203926 
-15.503023 
15.129039 
5.579942 
6.997769 
25.901826 
24.957674 
14.789983 
16.466826 
17.940658 
18.934001 
19.999890 
13.544445 
6.935614 
20.419070 
19.999951 
40.114552 
57.396641 
49.999993 
65.192186 
55.081917 
49.999914 
83.000258 
42.769170 
54.712489 
34.062884 
13.313067 
28.233174 
17.404390 
-8.454917 
-9.181565 
-8.685423 
-52.063582 
-43.207609 
-45.436285 
-44.308907 
-57.779007 
-46.862410 
-36.709461 
-14.620714 
-15.256507 
-23.908556 
-14.779731 
-50.504212 
-51.380419 
-39.615056 
-26.576811 
-41.016900 
-26.703478 
-22.969720 
-26.778919 
-41.286472 
-21.432360 
-9.145447 
-6.416363 
4.978861 
26.100704 
32.101122 
50.000092 
86.361118 
77.745052 
86.384715 
113.772314 
119.743339 
112.284557 
117.185623 
56.406185 
35.000091 
-39.999892 
-48.986739 
-109.956346 
-121.522131 
-156.999572 
-175.000052 
-176.995390 
-170.504173 
-169.192854 
-168.429972 
-143.951615 
-159.999996 
-122.700781 
-168.823322 
-160.932167 
-196.368480 
-164.393199 
-178.633829 
-142.961894 
-164.927628 
-120.547919 
-167.077429 
-160.000041 
-102.812443 
-175.937473 
-136.786397 
-123.441142 
-116.048881 
-94.065610 
-59.829956 
-38.094316 
-40.000174 
-51.499568 
-15.323918 
-51.462466 
-18.610946 
-13.813578 
-33.546388 
-38.935332 
-23.160906 
-39.999973 
-19.501534 
-50.448259 
-55.000301 
-39.999837 
-53.191271 
-30.913412 
-13.093764 
-9.999826 
-9.999873 
5.605819 
2.999871 
7.179991 
-16.880008 
-33.800786 
-33.812646 
-10.000440 
-25.937370 
-10.000270 
-7.528416 
14.596376 
10.560253 
25.245971 
18.513325 
14.056753 
-5.765818 
19.999217 
-14.332812 
-17.157046 
8.467174 
11.810859 
11.480184 
23.297273 
34.112289 
42.679873 
74.316477 
52.927713 
84.240811 
49.999836 
79.049906 
34.759534 
53.568132 
52.718564 
92.936841 
87.063068 
73.085980 
127.463819 
87.171608 
89.951574 
81.384324 
114.814228 
94.999710 
141.928794 
120.959528 
137.898702 
177.558090 
157.726059 
138.304593 
123.137694 
105.922021 
84.164405 
113.725168 
34.999732 
63.596548 
57.479495 
49.999938 
47.328631 
69.955931 
50.000021 
35.000004 
43.087438 
19.579774 
34.192337 
23.896855 
23.559108 
13.228442 
5.000052 
10.107647 
20.000087 
16.088974 
-7.282242 
-16.199329 
6.243008 
-4.062918 
23.900586 
-7.102791 
-8.205930 
-11.756334 
8.173373 
-4.728307 
46.784510 
26.526284 
14.874416 
20.000071 
16.881757 
-12.785736 
3.111265 
6.545029 
5.811479 
17.369893 
19.999951 
35.000062 
7.792093 
19.999942 
-21.400529 
37.673420 
25.608909 
18.835095 
32.494262 
20.123194 
4.999905 
26.763623 
19.407606 
11.843034 
13.710796 
48.124735 
31.182758 
25.560947 
36.514070 
15.434794 
1.009484 
-46.938200 
-9.121692 
-15.930613 
-13.690087 
-4.565476 
6.466297 
-10.000336 
-26.855580 
-9.583903 
-10.000375 
11.448906 
4.999515 
0.141196 
15.335526 
-10.001195 
-290.979344 
19.688723 
166.978604 
130.630460 
-42.829123 
-45.000478 
201.867967 
-40.000776 
-334.395408 
199.486228 
-289.327207 
94.428634 
-75.884031 
119.404850 
142.512053 
40.235840 
-6.131548 
-40.000678 
1.936297 
26.276733 
-9.999012 
-72.744795 
35.853587 
46.938383 
-166.522881 
-414.801053 
45.515652 
-110.015309 
121.889478 
120.258716 
-123.968617 
36.043146 
-7.587109 
-88.554581 
250.041847 
-220.441560 
54.222652 
-189.996658 
-110.875706 
-285.524529 
-306.573908 
-259.147394 
-179.162235 
236.746049 
-147.920204 
-248.235857 
6.969411 
-129.996477 
-60.977944 
117.974113 
-67.265635 
-41.292549 
-132.809392 
-104.775409 
-264.644038 
-99.996805 
112.684994 
-333.270850 
-178.116949 
-121.819713 
-80.189728 
-134.844068 
215.494232 
171.531098 
-71.099468 
296.870879 
-39.665797 
-124.274693 
149.277673 
101.545382 
24.325944 
125.126916 
278.113203 
-45.644163 
113.314205 
843.314463 
190.314659 
124.035094 
-114.764646 
424.782367 
370.173684 
275.223268 
-22.137704 
490.900237 
245.014966 
282.240335 
785.000672 
117.416276 
511.473870 
109.488742 
467.000580 
270.385723 
-59.327316 
390.521089 
589.999851 
28.560694 
26.114740 
423.040347 
374.952812 
-102.132591 
40.141105 
230.952377 
80.992213 
439.999821 
313.334266 
-229.631072 
313.917076 
166.006577 
206.463365 
260.000706 
453.661726 
-119.199244 
-171.693426 
-259.940691 
254.500233 
230.002777 
257.771264 
-279.731232 
-173.506549 
385.867285 
117.467993 
305.002264 
-505.409868 
470.002049 
-224.203130 
120.008279 
-151.440518 
268.167315 
-19.495254 
-87.107534 
-231.893276 
-364.336579 
189.054202 
81.066672 
-343.962846 
-188.046228 
-157.771411 
55.280397 
-359.831857 
104.862991 
-74.685112 
80.366451 
-59.434355 
189.544921 
-591.814399 
-753.469040 
-131.780695 
-165.709412 
54.014346 
-164.129568 
55.434784 
394.696934 
-24.003981 
20.951016 
-158.695409 
79.998080 
-98.419258 
118.189916 
-590.301086 
409.999463 
-28.926776 
-154.048372 
28.402625 
-118.731456 
249.252986 
298.398033 
-541.684831 
150.390641 
-255.097031 
-199.590426 
553.004241 
-134.870183 
292.211135 
35.000428 
124.999210 
445.361741 
-576.743848 
-222.309472 
-86.174543 
14.790791 
-22.752984 
-11.936033 
-166.898581 
113.164606 
-238.674799 
-426.472460 
162.726174 
-146.311305 
-98.207960 
74.802802 
-101.046870 
-84.611406 
-103.958292 
-130.002277 
242.006381 
379.999454 
-690.033414 
-109.609177 
-262.758770 
46.777815 
-179.946391 
140.000537 
181.719331 
-538.042880 
-243.273252 
2.807188 
-264.214803 
72.422087 
-226.457185 
-189.880692 
-380.777233 
-86.746938 
-163.997901 
200.002149 
91.923646 
-19.000054 
-271.530971 
356.637217 
-31.821045 
15.547820 
-273.029015 
153.179268 
-84.054011 
-54.561651 
-172.118472 
83.355258 
71.377995 
-403.242572 
157.798445 
32.451689 
147.389572 
-155.715553 
-138.435602 
231.396061 
-169.563805 
-126.397001 
497.614201 
-92.510424 
110.783111 
19.999628 
169.999945 
-102.239383 
-323.617393 
252.852713 
-57.328225 
-298.266114 
444.691298 
-321.318532 
234.799346 
-158.152083 
203.232570 
19.028851 
415.760401 
-346.464986 
73.585516 
-265.939172 
-40.001280 
394.999091 
-40.000241 
394.999256 
757.658876 
-500.996379 
168.542571 
-63.945402 
325.028197 
-160.927183 
-49.836822 
171.318053 
357.764327 
-347.158488 
124.349389 
114.790801 
-289.373140 
-21.348722 
-169.697199 
-102.786652 
191.946222 
-127.897365 
111.193797 
170.001280 
-92.441254 
-108.733540 
-27.125244 
20.001998 
64.481664 
-355.712678 
425.002218 
159.599795 
-178.546025 
260.002419 
355.004016 
-265.349103 
11.460589 
-524.685227 
-186.884747 
-239.204711 
-153.483770 
-90.194002 
359.928403 
-141.990181 
92.687129 
281.086455 
423.691748 
-126.660891 
79.636356 
269.674680 
-314.151130 
211.897203 
287.508148 
157.488337 
77.934033 
-100.833032 
-203.208323 
-104.515393 
80.115004 
100.768128 
49.232499 
5.038053 
-87.133161 
-308.636679 
329.438876 
103.771453 
-71.484721 
232.412493 
-95.567190 
31.718736 
440.000514 
-72.101598 
247.011775 
121.011265 
7.326391 
-357.493600 
331.639515 
-160.993520 
-80.776964 
20.000256 
260.001074 
314.564245 
-311.857033 
100.003982 
-252.998261 
-9.998815 
-68.279712 
-108.784920 
-56.511318 
-364.132705 
-5.911284 
365.001247 
140.457649 
-165.474331 
-43.337444 
-173.621628 
-173.548401 
22.511359 
-183.325964 
-46.935346 
-90.494576 
-199.713722 
275.001922 
-130.934331 
-9.060859 
-251.998356 
-168.785151 
-303.593588 
146.089620 
-307.357626 
169.670814 
425.001846 
253.882133 
-271.662990 
114.480338 
110.269290 
-124.919532 
-183.849813 
-364.396329 
-0.314986 
185.001887 
50.579744 
-47.960841 
-9.999654 
244.999963 
-7.053503 
-181.501952 
-123.331062 
-40.000145 
365.001896 
86.319497 
-140.997858 
-148.662513 
181.569307 
82.901985 
60.703717 
49.999049 
30.311853 
215.000982 
101.349673 
40.046472 
209.934270 
345.843911 
-162.786165 
132.138342 
104.206800 
290.000402 
138.793401 
47.259496 
-41.994745 
-136.976381 
193.274898 
-363.427185 
213.626798 
-0.576770 
302.829490 
-248.042067 
298.566456 
79.998903 
-196.121829 
787.353909 
241.576497 
233.077210 
-563.518450 
76.498053 
-105.120288 
-114.329765 
25.006368 
-198.406885 
-115.782693 
264.348685 
-24.999032 
-282.570720 
-103.472646 
-55.583391 
-227.791772 
114.077149 
-82.630718 
267.042842 
138.186844 
239.529719 
18.052908 
-9.999084 
-23.874622 
-226.430557 
-9.999693 
-408.097629 
-410.510169 
5.001852 
5.001680 
-278.789979 
-236.259169 
177.544262 
-110.765326 
186.055823 
-374.048654 
-24.998355 
-142.221218 
-39.998446 
-120.628148 
-201.920733 
16.347180 
42.003236 
-722.153951 
219.327042 
-355.112726 
-62.024865 
-23.845181 
-282.420591 
-164.709873 
119.943314 
-501.129111 
-57.818676 
-39.998862 
72.004876 
132.183517 
-468.935969 
-150.196222 
-34.856590 
152.678630 
-39.999350 
-9.999526 
-293.720738 
125.000752 
-141.714948 
-207.143608 
-233.343752 
-151.243641 
87.125646 
-30.419219 
-24.999359 
49.338432 
-89.012489 
-338.428330 
-396.317357 
-178.747823 
-20.192064 
139.836939 
-123.639689 
-89.777244 
-205.272597 
-104.424487 
-220.949578 
-415.552161 
-130.248756 
-45.734515 
190.037846 
-25.000458 
-45.072646 
-21.258515 
-24.999938 
19.766411 
-205.000868 
-453.769259 
-114.959285 
80.008344 
-223.241442 
-40.394944 
282.441746 
569.413890 
-567.636387 
3.009257 
227.311784 
230.010252 
-519.275753 
216.147583 
-209.516975 
84.971874 
74.692127 
292.322961 
496.716838 
11.849300 
99.244568 
335.005770 
13.753726 
-155.775787 
725.003121 
55.363764 
280.899945 
-144.824496 
146.307495 
-472.940934 
-81.147282 
200.710443 
64.986641 
101.002548 
28.859977 
195.039650 
154.809381 
-4.418554 
472.958757 
437.041257 
144.496078 
169.991747 
481.283282 
-27.687952 
-270.986561 
34.873451 
131.945568 
678.936223 
274.865876 
-323.401622 
-31.262807 
259.994729 
-26.817802 
727.212463 
300.908981 
426.465727 
187.806413 
212.144183 
164.301625 
1474.995342 
76.113579 
72.157411 
26.649478 
-146.149990 
95.420903 
-105.492324 
153.698082 
300.968584 
-16.608157 
321.971300 
54.036050 
337.111880 
315.497315 
604.911132 
111.618934 
-33.227792 
-29.713737 
273.020209 
245.877819 
514.928659 
-144.302334 
115.749720 
-44.891860 
406.976059 
567.919177 
139.333788 
11.378394 
47.956195 
351.187370 
-90.503502 
754.997536 
-197.784380 
364.302698 
209.115557 
402.996250 
261.002436 
-232.985626 
-17.484211 
694.998122 
-220.230076 
51.650035 
205.468522 
245.817561 
-287.973410 
1.792386 
284.646423 
-344.110716 
260.000558 
215.545122 
-522.990243 
444.057040 
114.706962 
207.445389 
170.001228 
412.885380 
-247.352187 
-33.728418 
-476.362257 
80.952560 
199.998476 
167.090988 
-527.966704 
-435.481434 
264.757399 
25.355819 
275.002310 
-566.124524 
349.993777 
-194.819339 
98.160928 
19.711347 
200.753360 
-228.571124 
290.036771 
-607.308904 
-340.559470 
-82.235158 
29.589847 
-64.762199 
-275.179956 
-319.145973 
-345.218270 
-232.578958 
63.888945 
-117.815835 
-7.176253 
-651.354599 
143.827308 
-718.097364 
-691.194127 
-338.475054 
-31.149641 
-232.036449 
-236.231528 
12.964358 
410.204415 
-125.075931 
194.060196 
-178.196507 
200.003006 
-252.696056 
41.421997 
-423.937980 
515.004867 
-200.019814 
-253.427959 
141.047358 
-16.961639 
38.330253 
372.013985 
-568.329985 
105.848771 
-112.199039 
-298.935023 
336.293714 
-8.475379 
-85.838891 
50.009584 
237.509819 
363.489182 
-325.237444 
9.077459 
-367.821136 
-48.643042 
762.839564 
-199.873868 
-58.266674 
-107.915746 
-13.620741 
-395.645100 
261.764847 
115.854937 
-63.915887 
190.145075 
42.794897 
-35.291918 
183.922986 
440.003578 
343.983645 
604.998238 
-776.190831 
-204.914431 
43.561071 
8.760148 
52.462025 
289.996862 
-31.872096 
-588.592078 
53.185737 
-839.542948 
10.674817 
382.274749 
-68.693820 
-268.892667 
-248.089967 
-220.339966 
18.459906 
364.993949 
-107.697917 
-128.002723 
-257.052709 
183.770741 
108.853403 
290.955019 
-235.182435 
66.797051 
-218.553381 
5.157558 
-278.236875 
-171.331033 
-39.879685 
-471.119889 
177.009851 
277.689815 
-71.737690 
-251.843386 
22.874137 
120.536340 
-56.603068 
-182.012702 
175.702776 
-169.583201 
-21.694103 
140.002076 
784.999859 
-572.052206 
-145.395994 
-206.553995 
-40.047388 
-156.602409 
64.156534 
-780.558671 
192.828010 
-74.565139 
206.715078 
-158.663799 
381.462828 
-380.561958 
-68.471025 
-161.385114 
305.003900 
-24.997625 
305.006100 
260.001994 
332.896761 
-190.201321 
532.711282 
-206.343958 
377.665561 
-438.395827 
-219.093604 
-50.282347 
506.725872 
-542.281374 
5.690324 
116.150129 
-40.913490 
-571.983426 
-36.957475 
-387.266373 
171.133311 
-248.448538 
181.382049 
215.000521 
149.042844 
-99.235124 
-330.935956 
334.998246 
-236.916563 
-560.117516 
79.998921 
373.834721 
-153.894223 
634.996769 
82.998590 
-302.143474 
-275.918659 
-415.945471 
-191.775678 
0.179348 
-101.374966 
-341.603694 
423.065554 
-209.683077 
64.276905 
359.518941 
206.193504 
-310.798522 
150.061374 
270.695463 
-95.204851 
195.822009 
355.723021 
59.170912 
103.368888 
-44.323384 
-216.136147 
-290.496468 
-15.214575 
140.107864 
-282.299193 
-144.762168 
-242.973299 
-372.609796 
414.592439 
-124.797922 
69.337020 
122.808636 
-172.084963 
364.895939 
724.997231 
-861.683241 
261.312169 
-14.086306 
0.718579 
-319.277979 
328.547690 
-428.618669 
-145.235363 
364.999582 
184.998756 
344.702355 
-136.066933 
229.251580 
-348.997281 
305.001048 
-243.252206 
-63.826872 
-36.314915 
-538.697203 
-249.850685 
95.000471 
206.882269 
1.362380 
-75.761782 
-331.060281 
52.855603 
305.394971 
-172.206800 
-85.939332 
-52.082849 
-182.944243 
-70.000056 
-76.561152 
-361.560532 
-9.874391 
-345.353554 
-241.438939 
254.443254 
-222.278117 
318.436128 
-69.998426 
-68.601661 
-484.218694 
66.468245 
41.633391 
-66.513005 
-641.858308 
-87.158386 
154.258156 
-54.999642 
-80.213921 
-27.999063 
110.000038 
94.996915 
-83.044310 
-98.952101 
-156.557004 
244.998640 
155.003921 
54.228287 
-236.998606 
-244.264063 
335.614342 
255.295910 
24.796812 
154.996639 
-576.251206 
-9.996733 
-75.859647 
90.400765 
146.907471 
235.666991 
-268.956180 
-11.629057 
320.189623 
154.998870 
393.117749 
-281.521720 
34.710644 
-444.900851 
-19.923014 
-336.505473 
-25.526440 
-169.335501 
373.266473 
-75.541228 
102.146020 
155.001838 
-174.648958 
293.494952 
54.469616 
212.768691 
-393.853186 
-206.802645 
22.612633 
-218.077363 
71.036301 
-85.204769 
-78.070165 
-70.569796 
-24.999665 
-368.875498 
-2.008276 
-309.587036 
-144.935617 
245.305205 
-278.911880 
47.808798 
26.316846 
44.275492 
-41.931279 
-40.001366 
-229.556751 
-463.415585 
-25.004164 
-387.395621 
-345.775059 
-10.002591 
-10.002039 
-233.336622 
-213.137703 
-272.307496 
-81.635459 
-18.081483 
-370.451888 
-10.004465 
-205.937595 
19.995654 
-253.790223 
-184.282496 
-113.523685 
1.859761 
-455.362153 
18.117673 
-448.800553 
-139.417762 
31.158701 
-128.203857 
-150.355182 
-59.745017 
-428.282689 
-39.733186 
4.997603 
40.645287 
126.080478 
-440.779810 
-371.606116 
23.885014 
212.721607 
-40.004581 
34.997657 
-226.975867 
-70.002737 
114.523229 
-99.302632 
-226.460437 
-234.348594 
-168.471537 
61.267288 
-10.002901 
-6.641864 
-239.495971 
-197.424956 
-258.842430 
-222.813777 
-31.126735 
-10.888795 
-128.999235 
-372.095861 
-222.590074 
-137.440234 
-176.804128 
-326.447114 
10.845499 
-8.144425 
-3.592278 
-25.000504 
-122.324464 
119.117936 
-205.000057 
-17.687536 
-205.000646 
-396.441401 
-76.372815 
439.999201 
29.042885 
-309.197872 
303.898386 
-180.077043 
-333.414152 
402.996107 
-39.603739 
349.998491 
-219.966982 
181.968945 
-98.318538 
466.446753 
45.832329 
543.855881 
187.832337 
-210.959918 
-199.589722 
65.000562 
126.624433 
137.521998 
125.000251 
56.868860 
505.137027 
-322.913201 
25.592888 
-232.213782 
277.600328 
262.782902 
123.022045 
225.976445 
148.742865 
-13.079512 
34.362155 
288.675419 
200.371912 
49.162125 
-311.679429 
230.000831 
203.068367 
91.679532 
-35.744311 
191.658778 
-37.811970 
704.063134 
271.904157 
342.441636 
-382.852201 
395.003735 
63.734668 
531.503407 
-283.947149 
406.936039 
15.316817 
363.755156 
-171.833572 
395.002549 
83.868409 
-159.990215 
-105.283420 
193.887635 
209.303002 
-75.107314 
-224.284726 
407.465467 
-19.362835 
282.943665 
-123.846844 
-287.637645 
359.655197 
-1.428608 
1.119339 
290.224178 
-0.939249 
-114.898748 
212.850609 
1483.499413 
254.404914 
33.368263 
38.998398 
267.734119 
257.467516 
-194.558196 
-273.243700 
-53.969467 
53.317673 
-267.106281 
199.996570 
63.092467 
428.108310 
131.901755 
130.999954 
490.303658 
-86.372211 
-413.797421 
574.998140 
-135.075739 
251.308065 
277.656612 
135.365220 
255.632337 
-124.212516 
76.452814 
-219.690575 
769.997534 
448.185367 
-569.626238 
-115.971019 
442.921518 
-210.511332 
335.001805 
601.099749 
-61.056295 
221.456985 
-267.548545 
-152.444688 
259.998218 
291.269654 
-133.842723 
182.115017 
511.389389 
3.575586 
50.000527 
206.960529 
965.002944 
62.217406 
126.764011 
-135.056156 
461.266505 
-444.951252 
111.829632 
29.308240 
91.779145 
261.258170 
-246.617137 
-136.998740 
83.377922 
-587.671731 
-241.358437 
90.690698 
-91.786946 
174.686878 
-37.489285 
-304.911658 
345.029292 
-165.804259 
-217.959551 
-121.844564 
-93.310204 
331.303300 
82.948711 
325.761938 
59.765868 
-305.895860 
68.664870 
114.799137 
424.996394 
108.263051 
-251.235689 
-288.463599 
439.997306 
-101.184174 
-154.672056 
326.062811 
52.904756 
145.160838 
-41.540032 
-252.662504 
-44.372816 
-107.331493 
-286.163268 
310.866111 
-109.742594 
-612.757660 
19.999604 
334.992776 
222.148545 
422.958454 
-172.558325 
-34.071630 
148.650575 
63.623443 
-678.100148 
119.028533 
-338.823628 
-139.739467 
-224.400075 
198.554125 
-168.046168 
73.871345 
361.083053 
-5.160211 
-80.720094 
-108.207769 
349.997216 
33.339874 
724.998247 
-382.392385 
-70.050400 
-280.688609 
-19.457830 
-174.293055 
289.999436 
68.866664 
-1362.805135 
-537.654941 
597.727847 
-35.944076 
451.160967 
-260.420193 
1.611116 
210.730523 
-51.396063 
-380.655328 
575.000453 
-45.118103 
-502.998413 
-281.471389 
215.112204 
-481.110744 
-163.739605 
-96.884069 
394.924833 
-139.026574 
-130.030015 
-4.447054 
0.284229 
-51.121019 
-266.067298 
38.725770 
183.249838 
105.005214 
-114.479995 
32.330993 
-154.080199 
241.822255 
-335.802201 
69.150761 
-244.433375 
-206.776284 
-9.999250 
605.000247 
-510.575362 
-254.964572 
-162.110800 
44.409305 
-9.621068 
362.306874 
-668.047278 
271.516379 
-210.211810 
40.500502 
-362.693192 
384.788422 
-113.590234 
120.053362 
-19.837784 
304.998806 
-55.001974 
364.999164 
170.000155 
-278.900096 
-210.616676 
281.851686 
-209.893036 
226.608039 
-209.320655 
-308.383721 
96.170104 
511.127859 
-124.764689 
-141.288228 
-133.646495 
152.366859 
-224.529811 
63.666103 
-388.398081 
-28.745980 
-147.011126 
-83.574077 
94.999028 
-206.842541 
-253.661768 
1.682337 
425.001233 
6.726017 
-253.033299 
20.000791 
78.813401 
53.662620 
635.000519 
147.002685 
-113.626777 
-181.935847 
-444.063148 
44.686235 
-102.784418 
141.213550 
-136.423920 
111.088608 
-229.807838 
-74.949663 
-229.156018 
60.515919 
-326.556870 
-165.629214 
204.315114 
-262.535916 
-238.945342 
-345.716717 
43.276285 
-155.129133 
51.891001 
-151.029241 
-54.781069 
115.318078 
-6.860672 
121.230181 
-43.054790 
-479.362186 
-555.520860 
84.040348 
-164.199679 
-176.064042 
146.362100 
25.923738 
241.087271 
635.002281 
195.098968 
91.596396 
119.500534 
49.855381 
149.280930 
83.785944 
-250.770721 
-172.673698 
425.001402 
275.001801 
110.049534 
-264.808652 
-443.653518 
-317.003493 
365.000472 
-319.721351 
45.330642 
-44.948145 
22.755800 
-130.397397 
245.003257 
-51.525255 
131.697463 
-62.521350 
-314.192216 
167.738001 
-34.357329 
-10.547723 
301.752726 
288.863789 
39.539788 
20.001265 
-186.248976 
-327.810055 
144.616067 
-182.813528 
-212.021864 
372.171554 
-167.123949 
157.547507 
20.000887 
17.736088 
-407.773810 
8.042476 
-71.887965 
-214.136470 
-352.138515 
-10.241678 
62.701922 
19.999798 
115.098659 
-103.542106 
215.001367 
184.999578 
-52.552783 
38.569203 
-349.456410 
275.001621 
154.997499 
159.128206 
-188.999564 
-297.852175 
59.226059 
194.053240 
-67.309150 
124.998473 
-8.125625 
49.997388 
20.840252 
6.676523 
26.774601 
137.406166 
-235.467345 
-289.634672 
102.570465 
170.004160 
-154.300709 
122.855815 
-5.077969 
-460.561695 
-381.904092 
80.003439 
-196.588129 
-107.915412 
24.045738 
5.822387 
293.975021 
124.998635 
-367.221430 
17.454538 
-167.440073 
69.132390 
-330.214605 
126.674569 
-357.657877 
-497.627604 
-100.294391 
161.932767 
159.184806 
87.194503 
4.998742 
-240.988949 
241.312304 
-131.254185 
-722.969674 
278.304353 
-232.465063 
-289.117009 
52.193177 
59.071844 
-323.792882 
5.000837 
-287.065465 
-233.160949 
-24.999219 
-544.517729 
-494.245841 
-25.000557 
-40.000673 
-331.389050 
-183.549861 
-227.351063 
11.901492 
-179.478217 
-260.052006 
-39.999639 
-75.116544 
-24.999664 
-63.161680 
81.795015 
-164.253262 
-296.781739 
-121.253144 
-196.850544 
-178.869657 
-208.345308 
109.749262 
-240.401350 
29.810042 
-331.265087 
-95.063777 
-2.427869 
-25.000668 
-179.185936 
88.682919 
-433.570109 
-151.425321 
182.563434 
11.772482 
-25.001987 
-25.000748 
-168.146029 
-115.000686 
-10.936366 
-314.220472 
-313.623994 
-165.998242 
-315.875234 
161.807835 
-100.002743 
5.419515 
-20.721696 
-166.007576 
-406.324980 
-198.438312 
-210.273445 
-63.281063 
-321.425512 
-67.733659 
105.730838 
196.582395 
-63.954425 
-312.845132 
65.618026 
-145.633495 
-85.899226 
-85.001188 
-144.402472 
-192.097349 
-205.002789 
-91.224750 
-205.003896 
-363.604075 
-459.537754 
665.004208 
-27.557740 
-77.104849 
326.398464 
98.819404 
-341.911635 
-140.994685 
450.656189 
695.003663 
-178.978918 
376.330312 
-17.198594 
314.259231 
188.910842 
302.718921 
230.458234 
-355.091602 
383.983985 
215.004388 
84.266525 
268.656562 
350.003481 
428.676713 
289.834307 
-513.930657 
-42.828003 
200.886770 
365.539219 
230.507499 
-464.577655 
118.923155 
199.732099 
102.892051 
542.234601 
-437.101293 
369.798578 
-90.179988 
-256.635886 
1025.000828 
580.340127 
-215.839014 
-108.738482 
152.335839 
327.594326 
973.987672 
-1.698576 
-416.253841 
-69.384089 
-10.000935 
443.126359 
-118.933506 
-230.753424 
12.003452 
-225.625735 
-350.926539 
107.652302 
379.998208 
207.620109 
-237.251745 
300.268677 
-334.053490 
-166.844165 
-168.503579 
162.491424 
312.732557 
171.531918 
-81.169938 
-197.133896 
231.788677 
648.879133 
93.565336 
177.451064 
186.685673 
-300.384240 
-340.407819 
546.541522 
768.803363 
-110.050929 
-89.439022 
192.989027 
229.419900 
211.439890 
-295.676610 
100.476631 
51.563350 
442.568551 
79.515738 
259.997627 
374.210394 
72.862225 
-331.600198 
722.995984 
160.770659 
-126.212722 
-61.393067 
604.999101 
-7.170175 
363.161352 
175.910493 
77.088152 
-555.514514 
-105.340315 
-13.291945 
-35.258763 
1055.001773 
260.364697 
-540.049528 
47.092434 
60.318570 
-47.199217 
229.991523 
-109.036626 
-113.787207 
-45.510622 
-107.339596 
248.900902 
545.008455 
175.283822 
-616.328657 
-232.702355 
27.488051 
43.330869 
499.987866 
278.606166 
139.991816 
-254.997276 
81.446039 
-264.670665 
464.524334 
-413.360571 
-68.149546 
-237.338863 
-216.702934 
338.948434 
-77.955799 
2.121977 
-322.002069 
-135.248778 
38.551149 
-143.273990 
31.548297 
-448.756314 
75.806550 
-309.014893 
322.800503 
-193.575959 
-595.446445 
20.572481 
-371.007488 
404.698565 
159.011811 
-153.106465 
54.968609 
-251.192760 
111.602175 
111.689348 
139.994755 
-84.577951 
-143.724746 
-102.898849 
574.995532 
-337.703222 
-547.633534 
112.372019 
316.814170 
67.059066 
431.728306 
-579.184982 
-137.393267 
188.007207 
-129.719982 
61.440234 
-208.297269 
-574.446742 
169.996250 
327.499472 
445.779033 
-452.500050 
-213.171844 
-231.684637 
-65.461654 
108.370446 
62.453903 
-85.661085 
59.388677 
213.360011 
-76.008841 
363.677057 
-36.900420 
28.313110 
-169.529348 
-19.285228 
421.263361 
6.800675 
544.999799 
232.552925 
335.000848 
-500.560886 
-230.007983 
-89.541976 
-155.451856 
-260.866121 
170.000456 
52.200981 
-311.459049 
-132.475802 
-100.525471 
-67.085739 
122.171205 
-198.156858 
137.154551 
14.465330 
-611.182295 
169.177423 
169.999246 
261.679223 
486.996756 
-454.793363 
-267.507474 
190.952362 
-16.752855 
240.445217 
-216.088037 
-62.164330 
-303.228817 
-65.551951 
-38.341646 
78.943411 
-22.758607 
85.988628 
63.874956 
-37.274431 
-121.797683 
-224.994922 
38.131568 
-217.669802 
185.623408 
-34.905139 
-306.153062 
-101.589717 
755.003923 
200.002421 
-336.068829 
-250.342652 
-192.235875 
15.886257 
509.824168 
76.897781 
-425.856436 
-378.689987 
198.805781 
16.143221 
-93.264126 
188.037471 
-146.808172 
-59.809113 
-318.053247 
-54.996080 
-39.996180 
50.002103 
485.002846 
-205.029582 
-298.697895 
332.967614 
-223.713551 
52.260753 
229.650023 
-239.882742 
-147.504853 
175.312532 
-372.227578 
-92.801729 
233.903606 
-39.417297 
-311.015547 
-335.505295 
-176.234598 
-83.807960 
-2.547372 
113.761235 
-114.996563 
-330.177633 
-236.982655 
-48.624778 
-129.997826 
17.359179 
-1298.912178 
80.001994 
486.121452 
145.823407 
215.001511 
-28.998153 
-414.240611 
34.874510 
-621.252642 
83.467132 
-119.997168 
162.373319 
100.657586 
-50.580152 
-157.252609 
541.731716 
-246.407610 
102.477427 
85.349284 
-197.242748 
155.183898 
-7.997774 
-160.442643 
395.026993 
341.536611 
-231.108082 
-202.762016 
-221.405416 
141.019273 
60.765469 
599.992571 
-223.219927 
-174.622830 
14.480865 
-193.518722 
279.003381 
-53.811000 
41.962173 
-33.774103 
1.355999 
528.851849 
214.996239 
-97.111922 
-125.923877 
-94.073515 
12.584136 
80.027530 
421.606090 
-82.673296 
-36.724697 
124.995515 
34.993085 
54.487901 
14.180271 
-68.373443 
226.996487 
94.996835 
253.558531 
-134.256922 
16.338759 
-20.305262 
-195.795432 
-40.004989 
62.667789 
-496.820005 
-122.033830 
389.048248 
6.722269 
71.425179 
-118.992806 
-396.943586 
158.231061 
-275.111355 
425.000631 
377.190747 
-803.127457 
223.259940 
14.128704 
4.791826 
194.142727 
-390.986939 
88.758508 
214.998642 
-283.918568 
-29.910218 
-183.923432 
-93.533310 
-5.441347 
-487.163614 
-207.863586 
-150.630653 
-39.999439 
-49.559438 
174.478556 
155.001491 
-70.003426 
-201.961348 
147.281090 
-217.243352 
95.001476 
-69.995885 
8.983968 
-476.991431 
78.608196 
101.958735 
-76.215358 
111.152431 
-10.001776 
-28.752373 
260.000636 
234.155142 
-105.997717 
54.102413 
91.348979 
-30.690308 
-334.909655 
180.397611 
-445.003886 
232.939061 
-143.890948 
236.312951 
-41.417314 
-72.164465 
112.196598 
-44.643914 
-72.849242 
983.521203 
-184.909813 
228.609449 
19.998226 
-107.500296 
-171.218099 
109.678248 
139.546464 
-211.606263 
-147.394546 
-197.123359 
-160.167632 
137.308204 
-285.904165 
-19.463918 
-5.254101 
-25.001823 
-177.857574 
-123.443204 
43.732580 
22.053382 
39.215637 
-201.180312 
-432.336223 
-232.253140 
64.406177 
-34.835616 
-10.001535 
-8.532702 
-402.668611 
34.999847 
-193.263198 
378.017793 
20.000321 
19.998568 
-102.482918 
-447.379978 
-184.105047 
190.619876 
-154.286278 
-218.857171 
-25.001282 
-185.761618 
-39.999140 
-285.914142 
187.009174 
54.651184 
-72.669449 
-536.708990 
-352.909867 
-265.062179 
154.737144 
113.478659 
-203.863981 
-28.210435 
-407.090241 
-150.093060 
-168.731839 
-9.997808 
-90.378279 
196.052095 
-263.107933 
-154.339125 
-109.877409 
-65.005636 
185.000875 
-9.998910 
-717.667875 
125.000681 
-387.190605 
-52.715345 
-369.063357 
-60.259767 
-193.237653 
-207.271854 
95.000825 
20.194554 
-323.913262 
-196.423263 
-19.021342 
-186.249130 
-175.305113 
-209.866326 
-168.942667 
-203.600390 
20.096215 
-350.885987 
-77.460331 
-352.076065 
214.987672 
-511.707667 
164.020089 
-204.999567 
-320.529353 
-154.563023 
-204.998928 
-22.890897 
-204.999709 
-370.902437 
-232.974396 
605.000032 
20.659918 
-89.709512 
259.338989 
-110.309866 
-321.153532 
-268.997018 
-192.294566 
695.000806 
-500.987478 
337.751597 
-20.400683 
63.823165 
-15.886938 
1038.004337 
261.261011 
-491.088500 
259.375445 
155.000337 
-112.654261 
198.206690 
349.998975 
233.796273 
283.503498 
-206.253188 
-25.461562 
684.800619 
523.057405 
-4.309089 
-154.249989 
-40.056177 
30.391314 
-56.635134 
3.947788 
-527.230809 
282.065110 
12.720277 
-279.922194 
965.001321 
623.994144 
-154.954938 
-60.976959 
196.971764 
292.092148 
730.218204 
-26.432300 
-547.180387 
-403.651349 
50.000708 
48.981608 
88.483817 
-86.365316 
78.859557 
-289.373367 
-141.971333 
199.176769 
320.001945 
262.131195 
-467.449698 
31.039707 
-298.003459 
83.337029 
-350.968768 
-0.072251 
187.114719 
-509.001500 
-102.291129 
-423.821344 
611.791791 
208.897344 
3.921165 
138.338792 
6.041812 
23.254562 
101.690603 
427.048258 
151.060808 
16.580376 
-50.674838 
-119.430945 
215.365108 
20.684411 
-312.915466 
-468.311419 
-14.362138 
117.775867 
108.114344 
470.000924 
232.004323 
-38.177377 
-116.406021 
403.000861 
364.800211 
72.152723 
154.544600 
470.002048 
19.649445 
152.305259 
-65.352485 
-240.420161 
-143.022634 
-92.322515 
191.853983 
276.893278 
664.999179 
170.098573 
-401.301489 
460.764426 
137.485009 
29.243893 
575.001573 
226.159893 
253.077809 
148.605423 
-252.897037 
-16.288270 
320.004577 
540.244107 
-266.192730 
33.881693 
44.556419 
159.404098 
844.999568 
-205.966015 
170.000316 
-368.831426 
283.120449 
158.087406 
216.388151 
-11.641932 
-112.938329 
30.339019 
171.804310 
473.949050 
-48.960722 
-200.196614 
-1.976555 
-148.022416 
-104.039234 
-8.332865 
172.325393 
-628.752847 
-35.239830 
-203.110886 
-33.039368 
-219.519602 
-430.400433 
109.776110 
-187.440837 
416.471847 
-350.315288 
81.805174 
-144.647093 
-96.573058 
167.128461 
107.721412 
170.000071 
102.456621 
-28.693134 
-88.012083 
229.999993 
-43.243720 
-341.368720 
175.811057 
169.683786 
-4.603186 
-21.095824 
295.532057 
-310.128274 
-190.205789 
77.771164 
5.922818 
-10.791843 
-585.685883 
229.999290 
334.999299 
-93.402038 
-371.175861 
-309.185721 
-99.907393 
77.138809 
190.102232 
-228.156850 
-77.929703 
-55.992905 
56.311547 
-58.342763 
304.898406 
-81.082469 
-79.400148 
18.265303 
22.707640 
416.342980 
-99.087383 
334.999665 
409.711822 
275.000011 
-512.654368 
-294.858279 
-246.582002 
-90.726024 
123.564134 
515.000442 
158.036834 
-746.572445 
-192.585635 
-67.219452 
216.708278 
7.461817 
-86.545213 
-271.580778 
53.079136 
-12.715164 
-89.281849 
140.000405 
410.409769 
462.999836 
-313.460309 
-286.946752 
-103.006729 
7.613667 
307.336334 
-68.534002 
-201.947898 
-411.749728 
-76.760238 
23.334650 
263.455810 
-139.163903 
-193.745977 
-185.346825 
-262.165926 
-52.021254 
-276.101295 
-53.365663 
-231.707147 
-312.367455 
-175.861935 
-350.752149 
-66.297773 
155.001131 
-100.000998 
-68.130813 
-408.245486 
21.840548 
-546.206873 
-182.160836 
-282.131112 
-71.968442 
-21.285294 
-65.410102 
137.147412 
-118.310826 
212.337137 
354.392734 
79.084869 
-306.700554 
-129.999534 
125.000708 
424.999637 
64.999354 
-61.842552 
-243.794609 
344.713878 
37.588269 
2.755157 
-189.059027 
34.204558 
-83.703963 
175.015035 
-181.559871 
-210.869311 
42.148144 
-248.128631 
-357.787010 
-216.762444 
-67.015888 
39.364857 
-15.429793 
-494.547425 
-99.999210 
76.719712 
-1.311440 
-194.827220 
50.000577 
-109.112640 
-562.842174 
575.000886 
-20.714296 
25.695280 
155.000042 
-156.998895 
-159.446840 
-256.125359 
329.378041 
-309.269882 
-23.828105 
41.972288 
-315.354952 
-185.095709 
-418.378944 
-148.764985 
-62.392004 
-623.186579 
-118.605801 
-91.406969 
94.227247 
216.976793 
358.406102 
-129.210961 
-250.770695 
-186.973747 
-12.982050 
-143.753629 
-329.498662 
-108.087961 
318.152692 
315.846711 
4.066008 
-158.026361 
-150.761461 
24.443684 
-100.078421 
5.993480 
67.946563 
413.675693 
42.183062 
-40.000782 
-165.596508 
-146.206041 
88.626976 
172.713840 
80.789526 
20.909697 
-235.128116 
-204.975841 
64.998905 
-40.000708 
-154.448428 
-15.633713 
-96.427732 
-189.003216 
49.999343 
168.551672 
52.686620 
141.433131 
-31.765721 
29.459917 
515.000302 
-114.111671 
-192.738962 
-246.633165 
361.562330 
54.769753 
15.903748 
146.290040 
-77.410951 
371.259347 
95.375810 
-69.999995 
-471.247797 
-866.873577 
150.149836 
79.618271 
-125.563048 
56.150080 
-265.413847 
-194.061452 
-39.998772 
-262.550226 
-97.159217 
287.422508 
58.800169 
-131.336991 
-582.661323 
-348.798000 
-24.332131 
155.000580 
67.298556 
-121.866887 
-40.001697 
-39.999769 
65.790830 
73.727674 
-131.060408 
-54.999517 
-54.999167 
23.588313 
-44.998661 
-148.554594 
-57.495210 
-28.839553 
-72.519687 
140.001731 
-182.498621 
245.002305 
190.238175 
-149.026931 
-30.202958 
51.124112 
-75.139331 
-336.197911 
147.065704 
350.001923 
42.084659 
-84.287220 
-262.513766 
-266.507487 
57.895618 
-109.626497 
-364.349865 
51.135478 
1032.269710 
-369.168975 
236.855448 
94.999436 
-327.809713 
64.801839 
-202.329280 
52.515913 
-268.893436 
18.089732 
-228.689183 
-126.814801 
70.877690 
-89.043319 
-111.186559 
17.126102 
64.999560 
-154.009880 
23.882699 
88.342598 
91.193544 
-14.158214 
-234.295195 
-190.650578 
-318.021144 
61.613198 
-107.807692 
4.999977 
158.440367 
-176.487116 
5.000391 
39.607409 
-78.322756 
5.000137 
20.001454 
-506.047627 
-306.259545 
-13.474321 
-11.001382 
-276.906456 
-247.919251 
20.000666 
77.063793 
20.000539 
-178.634359 
43.265041 
-64.374143 
-215.105438 
-35.580241 
-19.185427 
-174.235557 
-106.306197 
-108.665842 
-202.496964 
-209.501648 
-132.468121 
-216.745764 
43.920968 
305.001159 
-137.602769 
-381.085481 
-226.957416 
-30.355200 
-137.552666 
10.841967 
35.000558 
50.001155 
-365.358580 
65.002111 
223.964604 
-281.713408 
-457.979891 
-495.398403 
-114.032634 
90.910585 
-204.999082 
-34.288467 
29.125978 
-257.301692 
-295.554027 
35.002335 
-227.160431 
-105.367762 
-22.949073 
-276.913488 
-185.237053 
-13.144897 
124.625412 
-293.577278 
-320.956463 
-374.169045 
-88.220726 
-204.997844 
64.113857 
236.234938 
-204.998107 
-178.980919 
-204.997588 
-415.802948 
-95.415132 
695.001651 
-371.492353 
-168.072401 
626.440120 
75.945618 
-277.086234 
-44.997077 
-4.429060 
230.007146 
-522.562124 
52.508108 
341.916996 
16.310582 
262.032698 
755.600001 
366.468190 
-71.337094 
348.103874 
214.998086 
413.143598 
297.237146 
635.001208 
648.553449 
206.548427 
-817.454117 
-143.108843 
439.642774 
379.934926 
328.419839 
352.255749 
48.912240 
103.472218 
344.151374 
46.751796 
-242.286459 
201.033935 
63.439898 
270.402141 
349.998448 
431.406179 
388.158219 
89.435381 
33.303964 
384.953810 
784.651601 
369.075912 
68.356143 
71.115763 
844.995701 
20.374049 
553.254214 
-199.567682 
343.618653 
-208.752124 
635.949447 
-243.695398 
484.997889 
57.782959 
-251.311690 
187.378341 
-0.853774 
-59.410751 
17.835238 
-149.358927 
80.987127 
-339.054562 
-402.591844 
-80.930274 
350.925085 
248.684276 
30.638695 
-213.616194 
-249.526464 
-84.021285 
37.082365 
697.741184 
997.380469 
-343.407184 
15.808202 
148.943449 
-86.441848 
-153.995138 
-181.111307 
-396.746204 
-281.762557 
-92.096764 
128.614020 
259.997753 
-79.115902 
-116.832878 
72.800677 
179.001633 
232.679823 
-127.123023 
-53.599931 
334.999747 
-273.535567 
-519.856289 
581.154126 
-214.049498 
-135.328094 
296.341520 
-45.090907 
-57.529174 
484.998066 
221.930990 
-411.428475 
337.685172 
-79.681952 
-143.926093 
905.003858 
278.758084 
-320.552300 
132.348160 
-20.135786 
310.239370 
229.996590 
495.021429 
-418.279730 
-396.562891 
154.499913 
-42.429324 
874.993319 
-301.614973 
259.975066 
-26.421646 
583.076079 
161.965429 
226.490477 
-30.943149 
319.382734 
-97.119853 
159.580507 
16.837081 
-122.026285 
-409.523889 
-99.858353 
-241.054100 
-279.460349 
247.600484 
288.178611 
-162.817205 
-134.601222 
-412.650556 
163.425156 
-436.793411 
-327.622749 
20.752767 
114.650040 
280.584401 
-265.565607 
227.100011 
-56.422961 
175.490738 
152.933905 
475.040288 
469.994190 
-31.320935 
186.060957 
-209.069671 
229.996968 
-382.573477 
-366.720026 
517.746539 
-324.471339 
157.741770 
209.349083 
57.162539 
-393.031366 
-277.139605 
-172.901253 
-166.695144 
449.565991 
-496.326669 
365.002077 
327.499831 
90.967327 
404.627504 
-25.466394 
396.932563 
-125.265050 
136.000604 
-278.291064 
-64.817853 
-220.233767 
-97.589626 
-46.447860 
-162.134424 
168.476382 
36.282755 
414.076783 
542.157687 
208.533643 
506.599804 
514.999931 
298.378450 
184.999950 
-667.334914 
-460.473570 
-68.254669 
-272.466689 
580.807143 
424.996560 
-75.665768 
-815.137484 
445.088587 
-283.843905 
378.459433 
238.141924 
-361.360015 
-444.834386 
151.950238 
-211.132373 
-12.545401 
589.996395 
306.724555 
-466.998687 
14.926190 
275.259957 
-240.852867 
195.700932 
-93.792852 
2.021602 
-392.827911 
-71.207013 
-71.302758 
-49.133254 
126.628528 
-268.113264 
-102.506375 
-101.249377 
109.698631 
262.521754 
1.500769 
86.533959 
-450.158848 
-470.882685 
99.090094 
305.045792 
-122.927617 
469.999814 
785.002555 
-431.372129 
-288.702113 
-56.574999 
-391.997137 
93.873430 
20.618641 
-696.328264 
12.144299 
-139.902589 
-41.248834 
-210.312888 
225.855097 
592.030935 
264.560652 
-220.286469 
305.000907 
170.000716 
140.002732 
230.003626 
198.766117 
-32.765667 
649.737546 
58.983497 
155.239182 
-598.901370 
-238.989035 
370.840497 
314.856846 
-289.128165 
18.717355 
-274.822347 
-148.950584 
-252.184600 
-18.109461 
-93.411370 
166.153443 
-269.599052 
-517.890926 
484.993961 
159.440368 
236.008900 
-498.701704 
814.996274 
-231.667621 
-166.511928 
379.997435 
234.265565 
-191.705748 
259.995497 
162.994465 
-493.582865 
-354.234505 
228.122269 
-671.051024 
-131.421027 
-131.698475 
-346.318892 
-40.095591 
-319.838775 
-180.235911 
-135.643369 
-329.358895 
-519.939110 
-125.031572 
242.506313 
128.629839 
49.491473 
-328.533225 
20.129012 
-26.644966 
-11.620124 
-182.249882 
-300.573363 
36.591759 
36.586987 
114.091304 
-103.786162 
-195.327154 
-318.815970 
64.569674 
-353.078819 
-289.266529 
526.754392 
-69.660558 
-11.466945 
49.998137 
-272.531288 
-93.716017 
-30.208235 
322.178267 
-28.526379 
110.577570 
-114.028394 
-79.774836 
-10.000359 
-9.996710 
248.324561 
-79.690788 
19.206930 
-381.009774 
485.001800 
77.801080 
-25.048989 
-96.754329 
-517.806147 
-519.160684 
20.002301 
63.157039 
-189.379738 
-330.065080 
258.558022 
-9.977113 
37.680021 
93.629738 
36.545295 
217.638794 
42.523701 
304.997180 
-810.637211 
414.684797 
107.506836 
-33.389301 
-239.445287 
141.226325 
-364.122959 
338.874176 
49.999369 
-235.471862 
-693.273747 
45.160475 
-415.743693 
-379.357175 
-623.866843 
-61.972896 
-259.970606 
155.003999 
35.497027 
-214.254102 
19.998681 
365.001087 
29.328760 
3.599523 
-287.116043 
49.990822 
64.980567 
308.528156 
-349.023140 
-47.897036 
-213.649192 
143.890696 
65.227759 
215.007027 
-178.754883 
-9.994512 
-222.428778 
-66.466375 
67.692247 
-145.102411 
-90.870099 
-507.976176 
35.912010 
380.013264 
-23.920769 
-218.186107 
-255.690663 
-193.080480 
-232.530479 
43.332027 
16.930630 
-34.695057 
745.452717 
-301.352418 
19.763736 
49.996280 
-182.814683 
374.814813 
-6.365325 
129.824674 
-315.744031 
-6.755081 
-147.997293 
-430.452923 
-108.004434 
-302.119985 
21.364346 
33.206919 
79.998568 
-432.331673 
0.661132 
181.704790 
-822.234606 
-203.121494 
-233.824082 
-227.408512 
-69.774871 
16.076166 
-356.821199 
94.995597 
-165.341185 
-402.132276 
-100.006907 
61.445532 
-181.928688 
-10.002373 
20.000149 
110.596641 
-454.695644 
114.537063 
226.207707 
124.185457 
-221.170081 
50.000505 
13.673964 
274.999758 
-40.936390 
-146.437241 
-73.173791 
-353.256420 
-485.404108 
134.675482 
15.843481 
-145.566370 
-156.289375 
-56.090187 
-334.831022 
-44.721408 
-150.531762 
112.514420 
65.001957 
-98.112546 
-28.644234 
-187.512539 
-421.316365 
-63.379155 
22.112315 
34.999969 
19.997582 
-128.250112 
4.998385 
286.027414 
71.297425 
-42.266025 
44.536902 
-304.206172 
313.851032 
-205.001268 
10.627188 
-24.971921 
-169.372780 
-629.898009 
-205.001343 
-180.318820 
272.392486 
-132.220873 
-443.495181 
-285.692488 
106.958014 
-93.315826 
-339.289961 
-213.450755 
14.539222 
58.879864 
-205.001521 
428.978402 
-26.487983 
-205.000395 
67.531350 
-205.002465 
-528.087161 
102.010640 
634.999106 
-151.834924 
198.790894 
16.748312 
-308.963874 
-528.872828 
146.999322 
570.871594 
199.999479 
-169.179150 
-340.193745 
-383.184918 
389.701253 
-134.749835 
162.520834 
59.817170 
-529.905311 
7.720060 
-10.000206 
266.713752 
404.281179 
229.999983 
401.609392 
317.986046 
-803.605444 
324.258836 
570.050449 
266.878034 
22.863848 
-203.388724 
-245.135143 
-77.862216 
114.998238 
-216.196940 
29.102080 
120.350370 
84.210920 
455.681863 
545.000538 
171.849582 
-111.641409 
-36.278192 
246.725989 
265.530417 
641.802046 
-341.915661 
-198.295308 
-160.081283 
395.000647 
-59.967670 
326.033819 
221.161809 
-14.971032 
-422.499213 
370.779746 
-103.476271 
245.000436 
197.089935 
135.277794 
196.525616 
33.798761 
270.895326 
253.494777 
65.383375 
633.272226 
-408.291546 
181.256747 
168.056514 
-273.352387 
162.874977 
21.931301 
49.385875 
104.696500 
87.420360 
-49.366823 
508.448187 
875.499638 
-68.858464 
20.808141 
235.844388 
341.343109 
202.322224 
-36.193449 
304.395094 
154.553907 
13.864506 
-68.618845 
1084.999774 
103.831819 
-41.531814 
-188.641523 
67.000404 
409.211523 
-48.670176 
108.317464 
364.999733 
-44.425341 
2.265837 
287.211720 
58.465377 
290.116944 
29.877728 
181.377401 
206.707573 
184.999984 
-26.819565 
-270.517808 
-74.451503 
-46.882679 
-88.454909 
109.999670 
-192.767308 
191.530504 
106.748307 
244.906242 
-102.116092 
500.001343 
282.034527 
77.593994 
-314.146813 
64.701873 
-62.835675 
-70.000690 
-150.825534 
379.999855 
401.744001 
6.513304 
-32.381100 
422.516916 
-117.724313 
138.649396 
-76.336720 
-342.701038 
-578.404748 
-322.844507 
67.671934 
19.635949 
-779.176643 
49.449555 
-194.927546 
346.486188 
315.311962 
-170.956541 
-332.831426 
26.711303 
-746.897999 
-479.784521 
-189.715416 
-33.849611 
-430.423899 
-159.551590 
237.441558 
-105.956147 
-272.232153 
28.070117 
272.911504 
529.999814 
-303.858134 
249.462526 
-557.637967 
304.999690 
147.290776 
-376.324708 
208.751244 
37.109767 
-59.260720 
-120.111132 
-151.734319 
-309.230173 
342.812306 
-118.221616 
-220.332922 
33.059453 
-149.505307 
229.999915 
424.999900 
175.510958 
495.232430 
92.648472 
174.460269 
317.447600 
-9.326316 
-559.956366 
-150.315943 
-336.667738 
95.232580 
-436.421967 
15.921614 
-753.138563 
-99.439576 
286.990770 
689.140373 
162.936607 
-54.792945 
455.000086 
148.941006 
124.999940 
268.513406 
56.895494 
-201.294703 
-326.693615 
231.753452 
335.000287 
40.255410 
-559.171271 
222.756347 
11.047436 
263.406082 
25.691069 
-497.600264 
-89.110374 
-76.453716 
-185.715783 
-89.133866 
529.999928 
175.192464 
-487.000294 
-233.792303 
368.569750 
-221.201659 
125.867801 
34.699780 
120.426787 
-346.068836 
-620.166470 
-14.960975 
278.444622 
252.422946 
-305.306366 
-550.715360 
-269.926935 
12.522028 
-57.533110 
-15.537382 
200.169464 
-49.584412 
-497.084860 
167.251703 
232.238953 
-115.712547 
439.999713 
845.000013 
-549.407191 
-71.932061 
109.554715 
-102.704522 
182.747976 
150.138328 
-785.645543 
33.570067 
-486.315453 
-152.895622 
-382.510829 
100.104560 
93.649231 
326.914307 
-324.257202 
394.999952 
379.999989 
335.000034 
319.999833 
399.232633 
-126.722137 
280.150074 
152.208735 
5.542185 
-301.651748 
40.305968 
-84.314307 
495.691680 
-540.810101 
-234.325271 
-138.429308 
-158.196951 
-514.428159 
-166.234311 
129.224372 
135.125375 
-44.955174 
-458.545028 
334.999981 
-11.789103 
101.529751 
0.323219 
665.000098 
-161.134426 
-343.399080 
290.000377 
-83.413293 
-3.159261 
230.000093 
210.999750 
-164.373423 
-285.814805 
209.374964 
-41.177314 
356.743677 
135.544261 
-59.827996 
58.645593 
-103.480816 
-55.607883 
-317.527002 
-275.609614 
285.708372 
206.073173 
-47.408835 
-11.620508 
-606.309267 
-141.468048 
109.334319 
325.249876 
-301.060724 
-149.656866 
-227.593951 
-195.052750 
-103.492582 
-266.838433 
-64.894673 
125.117265 
-609.627991 
-43.937099 
-240.377030 
168.448549 
471.802879 
100.383957 
-140.766264 
50.000141 
-113.052185 
15.723608 
66.303541 
204.446956 
-6.468038 
-0.788815 
-184.225498 
-108.501372 
4.999724 
-9.999841 
128.252796 
-29.320122 
-69.523228 
-316.999797 
364.999905 
-37.988613 
131.172516 
-7.703150 
-98.876499 
-56.719346 
-40.000243 
78.610485 
-107.898255 
-185.641310 
1.221841 
-126.837136 
-146.785409 
30.285558 
-134.584159 
-32.018967 
23.270434 
154.999686 
-50.312089 
-263.125286 
381.260999 
30.302140 
-343.027606 
-5.011227 
-386.204712 
46.770391 
-70.000061 
-63.063361 
-416.690213 
-34.060674 
-233.581802 
81.540886 
159.840585 
-22.459263 
-260.580850 
184.999808 
-90.981675 
-4.565955 
-69.999981 
184.999811 
-160.754497 
-80.666406 
-322.230368 
-54.999172 
-40.000065 
465.371684 
-316.999656 
56.908956 
-310.134557 
64.550660 
198.351956 
94.999565 
-57.811990 
-39.999398 
-253.451759 
117.588919 
-144.534889 
460.210885 
47.156413 
-306.502760 
-165.087838 
230.000199 
188.705056 
-166.688382 
-110.882794 
202.139722 
-280.612004 
91.707654 
336.076404 
113.519788 
-137.791918 
-369.839982 
277.442219 
5.000146 
97.423993 
223.936151 
-243.954778 
9.144947 
-166.598294 
177.419133 
164.904942 
-129.231484 
-164.379976 
-150.050097 
174.584706 
113.266022 
49.999651 
-386.233102 
126.848002 
174.430348 
-752.968886 
-60.280928 
-44.913836 
-144.999563 
-157.931401 
234.953902 
40.134571 
64.999583 
65.320587 
107.773269 
34.999377 
-309.831641 
-436.086533 
19.999739 
34.999927 
-371.303034 
-380.774521 
-113.256658 
-127.473452 
164.991723 
-275.635295 
19.999861 
-272.907024 
185.000021 
-48.081583 
-25.218685 
26.161730 
-367.492848 
-121.801548 
-30.823123 
-109.471383 
-156.562562 
148.405089 
-138.235187 
-219.093569 
-84.989177 
119.637319 
-83.234562 
-9.999639 
149.120163 
-223.486655 
-187.636972 
0.172219 
-62.385128 
9.387340 
35.000370 
50.000310 
-484.116129 
35.000178 
-407.940218 
-75.913137 
310.163321 
-116.669699 
-239.151771 
-342.196638 
-204.999934 
24.450842 
178.159917 
-115.720111 
-405.963785 
-204.999923 
-30.285341 
-494.541690 
-365.860916 
-83.880958 
106.916587 
-30.699782 
-368.825185 
-316.415977 
-177.371540 
45.998754 
51.934613 
-204.999947 
270.497053 
-319.120332 
-204.999943 
-212.293076 
-205.000267 
-397.721273 
-275.928088 
-190.000000 
-205.228220 
-204.284034 
-204.104992 
-208.121295 
-201.041992 
-205.000000 
-208.507476 
-204.999999 
-212.664215 
-198.143957 
-202.144350 
-214.306420 
-194.612535 
-203.473361 
-203.233554 
-201.454477 
-203.465022 
-190.000000 
-208.373368 
-205.413243 
-205.000000 
-193.805967 
-200.798339 
-206.735098 
-211.612534 
-213.159729 
-205.721575 
-186.303198 
-207.791495 
-207.755122 
-208.853633 
-196.570952 
-200.307360 
-206.192395 
-202.748979 
-202.264663 
-221.012318 
-204.999999 
-207.599879 
-200.048549 
-217.220828 
-202.693168 
-203.882130 
-201.421521 
-207.817630 
-202.562613 
-202.883454 
-205.000000 
-207.117070 
-206.199579 
-208.222752 
-195.859021 
-219.062500 
-206.932985 
-210.626497 
-205.000001 
-205.211045 
-192.968783 
-206.885938 
-189.612585 
-198.501110 
-209.680304 
-216.043150 
-203.904217 
-199.853254 
-206.686684 
-211.953324 
-206.285948 
-205.606210 
-210.223651 
-197.296518 
-193.222461 
-202.945030 
-212.278996 
-201.721597 
-173.000001 
-196.569724 
-201.387220 
-195.596374 
-205.187174 
-203.482686 
-198.143957 
-208.153861 
-209.345032 
-206.011387 
-196.223019 
-205.000000 
-202.106534 
-206.942542 
-202.358472 
-205.000000 
-204.283705 
-194.048726 
-200.929444 
-175.000000 
-206.439041 
-206.933778 
-202.852817 
-207.644508 
-204.431677 
-208.161175 
-207.528253 
-213.372555 
-205.000000 
-188.726179 
-200.877693 
-195.113951 
-205.832735 
-212.542743 
-205.000000 
-209.220071 
-178.530616 
-203.178866 
-196.231318 
-203.418733 
-205.000000 
-204.948298 
-209.681440 
-208.111365 
-206.381576 
-213.485500 
-204.999999 
-205.446098 
-205.000000 
-196.427540 
-197.222015 
-201.711741 
-204.999999 
-194.777642 
-208.115194 
-215.200989 
-202.303496 
-195.722462 
-203.704772 
-216.700401 
-209.469616 
-209.542974 
-194.046000 
-202.616675 
-206.831321 
-205.000000 
-207.095682 
-193.131896 
-201.173606 
-193.519359 
-199.358854 
-201.547992 
-209.428770 
-207.471375 
-206.431224 
-204.359348 
-207.695354 
-201.837467 
-208.802731 
-202.217388 
-190.000000 
-193.073503 
-204.033578 
-204.872304 
-205.000000 
-198.538658 
-206.943973 
-187.921787 
-205.839070 
-197.928679 
-207.007818 
-212.714909 
-215.065936 
-210.246646 
-210.569740 
-193.723515 
-199.256052 
-203.715496 
-190.000000 
-197.500000 
-191.078757 
-192.153405 
-207.841136 
-209.569407 
-208.196243 
-209.707253 
-216.669526 
-199.828998 
-208.596153 
-212.459471 
-200.636675 
-207.272156 
-204.194033 
-207.191517 
-199.504181 
-199.738249 
-200.564560 
-203.187826 
-205.000000 
-205.906020 
-205.000000 
-205.666340 
-207.882958 
-214.561112 
-197.176445 
-208.918451 
-205.000000 
-206.197959 
-204.056477 
-207.587231 
-208.401700 
-204.645436 
-198.999307 
-210.292870 
-203.290314 
-206.482437 
-204.311527 
-194.596257 
-190.000000 
-197.988785 
-205.000000 
-203.233523 
-196.573014 
-204.612585 
-202.784788 
-198.948238 
-203.556974 
-210.223651 
-192.385135 
-191.621562 
-205.144028 
-205.839796 
-211.969678 
-204.890744 
-203.876913 
-200.941750 
-196.275231 
-198.998907 
-208.345187 
-205.224700 
-190.547768 
-200.102828 
-202.549698 
-202.708340 
-205.000000 
-190.000000 
-197.669196 
-198.001890 
-202.895480 
-213.011125 
-207.227950 
-196.637045 
-214.167221 
-203.231933 
-203.486387 
-200.402364 
-202.412257 
-191.972989 
-203.657557 
-203.779736 
-207.858993 
-205.000000 
-205.000000 
-205.000000 
-205.000000 
-209.220072 
-202.475950 
-207.816736 
-205.638560 
-206.015336 
-216.813332 
-200.351353 
-205.943137 
-196.641296 
-203.890115 
-206.464453 
-207.470494 
-199.767906 
-211.444031 
-204.047160 
-206.557972 
-203.190305 
-199.556773 
-211.270483 
-205.000000 
-202.264664 
-202.287376 
-207.469299 
-205.000000 
-192.564378 
-202.693168 
-205.000000 
-203.634772 
-199.938277 
-205.000000 
-205.000000 
-208.365367 
-202.644090 
-205.000000 
-208.028414 
-211.427541 
-201.326452 
-202.359310 
-199.778369 
-207.232387 
-203.658228 
-201.870945 
-197.350253 
-204.211835 
-208.804609 
-200.814695 
-204.208445 
-213.320615 
-201.043683 
-209.188793 
-199.919916 
-188.889280 
-208.320945 
-214.021613 
-197.189468 
-192.162655 
-200.612215 
-209.161673 
-204.431677 
-198.177177 
-209.341863 
-200.900071 
-200.032678 
-200.307360 
-205.429977 
-198.901834 
-205.000000 
-201.810906 
-198.003398 
-200.494405 
-208.248363 
-201.043682 
-204.581783 
-204.050531 
-201.657518 
-205.000000 
-205.000000 
-199.815048 
-198.094375 
-197.673672 
-205.000000 
-205.000000 
-201.362624 
-205.327256 
-205.024648 
-193.354824 
-203.519263 
-205.000000 
-202.263296 
-205.065901 
-201.502810 
-206.185760 
-204.518287 
-197.220640 
-206.967835 
-203.117671 
-203.283136 
-203.051165 
-205.000000 
-205.000000 
-190.000000 
-203.174982 
-206.345802 
-205.373434 
-201.032936 
-195.215487 
-204.864974 
-205.000000 
-205.647190 
-201.930627 
-208.953767 
-203.664632 
-208.272694 
-203.882129 
-204.938218 
-203.155155 
-205.000000 
-204.325769 
-198.704404 
-205.000000 
-205.000000 
-203.252891 
-204.624101 
-204.864974 
-205.000000 
-205.000000 
-195.596590 
-205.000000 
-208.389334 
-202.677222 
-203.609814 
-205.000000 
-205.000000 
-204.062500 
-205.000000 
-206.341884 
-206.877215 
-204.903231 
-205.600612 
-203.875394 
-204.811120 
-206.352836 
-205.000000 
-199.875676 
-201.503843 
-205.832735 
-207.322157 
-197.290557 
-202.053211 
-209.491437 
-206.637915 
-205.000000 
-205.622547 
-202.043256 
-205.000000 
-209.523507 
-216.290952 
-197.707847 
-203.957239 
-206.803760 
-208.736288 
-204.063043 
-198.099976 
-209.936150 
-203.672223 
-201.259875 
-201.281523 
-205.000000 
-207.045723 
-198.569667 
-212.219561 
-205.000000 
-207.231374 
-204.655267 
-201.640174 
-201.538253 
-202.818480 
-208.092634 
-205.000000 
-199.613270 
-200.225013 
-205.000000 
-203.411090 
-204.179117 
-205.000000 
-205.000000 
-202.822978 
-205.967555 
-209.932892 
-210.010307 
-200.385248 
-203.843829 
-205.000000 
-195.902121 
-205.000000 
-200.372359 
-210.717030 
-203.468959 
-198.140595 
-206.319360 
-205.671527 
-209.934415 
-205.352406 
-205.048470 
-204.416362 
-208.022286 
-202.106460 
-200.392008 
-204.219311 
-205.000000 
-206.027296 
-201.093436 
-207.069157 
-202.359310 
-204.323524 
-203.315142 
-205.000000 
-205.000000 
-205.654813 
-205.000000 
-208.835315 
-197.937320 
-207.027489 
-206.248434 
-210.034153 
-204.824524 
-205.000000 
-195.621381 
-197.598376 
-205.648439 
-211.460269 
-205.000000 
-208.995051 
-202.993476 
-208.506367 
-203.678794 
-211.613709 
-201.404392 
-204.383037 
-206.054318 
-207.543086 
-204.573278 
-204.200116 
-205.000000 
-209.399349 
-197.853751 
-205.000000 
-209.416731 
-205.000000 
-206.183381 
-209.065733 
