14.750129 
6.560139 
41.414246 
30.892325 
72.830972 
52.744451 
41.666785 
23.959424 
-32.749910 
0.409636 
-22.376839 
29.698671 
-7.662164 
2.080301 
-21.856087 
16.217196 
-23.499160 
-34.618384 
14.750017 
-1.236125 
49.292594 
62.250020 
51.047340 
78.463103 
54.758867 
35.967361 
-0.346409 
63.819458 
31.065789 
11.378639 
42.797170 
56.559923 
49.772321 
30.845983 
56.537846 
28.136187 
36.524435 
-34.953538 
14.749881 
-49.374172 
-17.253316 
-50.904659 
29.609950 
24.558006 
5.350047 
66.944281 
28.850636 
92.674775 
62.249934 
52.878041 
72.108219 
0.673575 
2.694204 
-31.265680 
16.021958 
8.078584 
62.249966 
83.031090 
52.940205 
80.343822 
102.600775 
111.945811 
121.349954 
140.191605 
148.176960 
171.604784 
127.459740 
93.202164 
80.527187 
52.820437 
22.768549 
69.571240 
41.355702 
80.278229 
-13.626828 
42.976876 
-18.203067 
17.419375 
24.537668 
15.424232 
-17.572679 
5.801561 
53.623243 
-41.359221 
-25.812035 
-0.925706 
-11.505167 
-32.749801 
4.576507 
-13.999556 
-31.114304 
-59.666472 
-20.337507 
-33.761919 
1.536534 
-32.749878 
-56.232612 
-68.700849 
-27.605046 
-87.312175 
-66.956417 
-81.776900 
-46.561738 
-84.621898 
-32.749952 
-69.112504 
-88.365722 
-102.825727 
-100.627572 
-126.988174 
-127.749870 
-132.213278 
-156.616131 
-99.313036 
-127.871848 
-136.931081 
-127.750187 
-145.751442 
-145.698499 
-137.443807 
-150.333217 
-160.398644 
-175.249951 
-176.280725 
-222.750084 
-186.459305 
-225.160553 
-182.399416 
-219.366440 
-224.374935 
-192.646324 
-220.108662 
-238.237212 
-241.313491 
-256.500935 
-308.682490 
-366.235111 
-376.631149 
-385.118783 
-330.701593 
-304.059105 
-224.234413 
-228.080342 
-189.711492 
-153.582723 
-183.410915 
-99.412683 
-122.504717 
-69.306352 
-106.246345 
-44.447395 
-67.232607 
-57.994911 
-63.778531 
-62.575208 
-71.001742 
-80.249891 
-105.228062 
-127.905648 
-166.618512 
-80.249899 
-100.364760 
-32.100862 
-26.666733 
1.101101 
54.114071 
-18.161458 
-33.547638 
-36.432050 
-6.342352 
-15.281944 
9.644104 
33.361441 
73.737225 
62.250081 
62.250096 
70.644358 
75.520185 
16.765508 
38.437236 
25.551100 
64.479313 
62.398037 
86.257902 
89.688114 
64.054997 
49.711856 
-9.895779 
-58.312907 
-27.588784 
-52.344051 
-19.387771 
27.098542 
15.041841 
14.749889 
54.974040 
62.249923 
47.546763 
39.369336 
49.410903 
38.221847 
18.680298 
14.749893 
17.663558 
-30.072961 
15.557133 
2.461946 
57.420617 
91.502197 
76.612998 
90.725728 
87.185167 
106.560740 
90.040748 
109.749911 
59.170086 
93.916616 
89.893909 
69.590443 
78.850686 
82.970733 
67.343645 
79.498904 
78.501719 
85.930521 
31.676845 
12.681181 
35.102912 
-18.200877 
51.212503 
61.002913 
34.021962 
13.495942 
46.902447 
-5.399939 
-16.364375 
-18.598062 
8.717245 
-4.810044 
24.782055 
14.750190 
62.250164 
24.121677 
-0.776450 
-2.982531 
8.406371 
-9.357242 
52.593393 
-0.509664 
25.990436 
75.362647 
28.213771 
61.967816 
32.859075 
25.024496 
4.476696 
12.176299 
14.750160 
14.750162 
-8.999798 
14.750172 
-30.879831 
28.015878 
3.501233 
72.499404 
45.344301 
93.888916 
89.242387 
46.776235 
65.632266 
74.217614 
30.617596 
29.051550 
25.752990 
19.116533 
-23.166153 
-47.944418 
-20.540785 
-70.060238 
-39.825748 
-32.749976 
-64.808771 
-65.938832 
-69.037333 
-80.250004 
-51.679241 
-57.176429 
14.750005 
7.686971 
9.880853 
-32.750011 
-34.333274 
-25.332014 
-118.395690 
-57.984452 
-85.429181 
-43.959094 
-58.700371 
-68.219729 
-3.110544 
-22.762618 
-53.351374 
-10.313467 
-18.696076 
3.054508 
-1.832921 
42.406374 
43.625366 
36.342357 
11.512515 
46.831529 
5.104569 
3.517291 
27.947949 
48.446861 
58.786201 
49.803225 
44.547081 
15.882365 
4.293571 
15.335644 
38.159966 
62.525264 
53.305485 
81.512970 
42.382719 
17.651130 
14.750127 
34.898032 
47.476619 
29.705757 
30.591271 
11.512571 
-65.924372 
-9.125274 
-56.794088 
-8.999843 
14.750109 
34.390100 
-2.579545 
9.188576 
-34.333383 
-56.499951 
-7.056877 
-3.298040 
9.048151 
-22.453259 
-52.017711 
-32.750048 
-92.397890 
-155.709242 
-161.268413 
-182.269652 
-173.729526 
-177.807862 
-140.205654 
-190.411056 
-159.882184 
-178.666559 
-175.250058 
-87.672107 
-197.515631 
-127.484271 
-98.421019 
-104.217408 
-118.109933 
-76.921060 
-124.326072 
-80.250005 
-104.015380 
-74.950274 
-108.441614 
-86.380286 
-143.323109 
-109.926348 
-107.568507 
-99.744519 
-80.249954 
-40.352513 
-35.722460 
14.750226 
14.750059 
55.303248 
43.206244 
45.090787 
38.500057 
62.250057 
48.762679 
16.333415 
19.706166 
-4.083283 
-72.441266 
-100.390748 
-151.499667 
-150.015622 
-175.249908 
-120.743752 
-95.642557 
-65.128039 
-49.407007 
-37.538963 
-36.314474 
-44.467583 
-8.999751 
1.325520 
-7.081357 
26.039432 
36.505657 
8.829457 
-2.320424 
-12.973662 
-45.534209 
-44.717473 
-64.606270 
-73.662892 
-80.250031 
-96.484596 
-133.753941 
-100.560668 
-115.224272 
-147.946071 
-62.086974 
-110.387881 
-38.112672 
-43.153829 
-34.658237 
48.145903 
-20.092811 
38.499939 
32.505275 
27.536624 
-14.998667 
47.127930 
9.720904 
0.268149 
-20.179795 
-51.204563 
-83.901832 
-97.903536 
-175.249970 
-132.355091 
-151.513020 
-127.750021 
-123.122802 
-78.274483 
-80.249985 
-56.500053 
-76.895885 
-57.427253 
-46.761439 
-128.425761 
-56.043122 
-131.942729 
-127.749949 
-150.197774 
-103.999975 
-119.480749 
-105.235250 
-97.058103 
-100.842721 
-128.296207 
-93.370863 
-123.530154 
-81.693110 
-118.295786 
-109.481114 
-140.360547 
-162.867540 
-170.830681 
-208.099148 
-222.749862 
-203.853247 
-199.078307 
-180.503489 
-163.219628 
-172.268279 
-114.030901 
-103.999812 
-80.249853 
-76.616406 
-80.249889 
-71.813627 
-50.904021 
-66.684557 
-3.045609 
-3.835717 
-0.962786 
14.750123 
-9.225446 
-57.458088 
-68.767831 
-74.673044 
-102.515525 
-30.166408 
-52.414798 
-38.824167 
-85.919216 
-100.361003 
-96.201039 
-46.986761 
-70.100975 
68.130262 
29.879254 
135.793391 
86.000064 
96.144303 
68.728905 
86.000026 
109.918978 
86.000021 
92.431836 
103.605708 
62.253000 
-333.717320 
264.634384 
406.630816 
331.426460 
85.448793 
67.003028 
474.234081 
109.756518 
-306.025360 
544.916941 
-408.436548 
386.612764 
148.205887 
522.383374 
400.328459 
-3.779787 
351.532647 
204.753688 
465.777084 
124.537725 
204.750888 
94.407824 
408.820911 
207.153451 
216.882259 
-758.240588 
27.145183 
-109.096599 
396.414115 
369.717614 
59.859466 
247.566195 
272.737110 
-62.105643 
722.285885 
-166.339180 
462.201105 
109.747602 
243.352902 
-89.795616 
-81.820763 
-166.618931 
230.787732 
892.532463 
-78.334560 
-8.083636 
272.226888 
157.249319 
205.337686 
520.726764 
150.424368 
110.031697 
66.702936 
240.902676 
-242.266975 
62.248117 
335.550485 
-181.233879 
-110.440489 
79.557521 
116.014860 
40.985033 
376.898692 
472.894042 
180.074670 
609.234162 
-196.351251 
-150.674319 
329.491337 
478.683151 
101.922792 
238.762002 
323.731927 
42.374131 
208.036989 
1511.696054 
289.377432 
-26.054864 
-329.061980 
423.873850 
400.042821 
256.137461 
-27.238969 
663.085267 
225.132464 
104.980881 
1178.502567 
-46.741005 
846.629691 
105.091206 
725.670401 
258.935043 
-437.840938 
523.593718 
798.506813 
-204.492805 
-262.403738 
428.321603 
451.967933 
-136.326219 
-75.785156 
132.346753 
17.720154 
727.260741 
390.002658 
-629.185699 
492.056609 
171.104033 
151.917892 
299.763270 
603.647838 
-214.780469 
-241.149262 
-430.941397 
432.668810 
204.747962 
441.619198 
-842.900329 
-618.817719 
602.804899 
387.525833 
418.501944 
-763.437234 
489.748590 
-433.296173 
314.513079 
-367.031854 
460.702453 
51.417888 
-69.856672 
-439.842311 
-437.650092 
278.699412 
177.433461 
-554.863162 
-115.585905 
-195.640769 
143.096182 
-667.283896 
189.036409 
117.161790 
491.615249 
82.830664 
440.431661 
-1092.498989 
-1164.915389 
-306.127864 
-151.281810 
157.563704 
-222.167855 
182.809637 
793.261439 
-97.853471 
247.795073 
-303.906954 
394.756574 
-259.964374 
96.112000 
-1085.689572 
727.249481 
-144.090750 
-6.042407 
230.071247 
-303.648204 
386.396247 
248.793259 
-1153.262678 
132.600077 
-361.309142 
-315.680709 
925.658592 
-415.450889 
389.735004 
-32.747854 
133.504955 
781.134610 
-1139.295794 
-520.429027 
-252.948859 
-21.525685 
13.820932 
68.280399 
-220.192180 
35.448330 
-300.072503 
-833.737281 
168.930583 
-206.187297 
-241.816697 
49.806961 
-61.380695 
-202.577801 
-243.287343 
-32.756668 
581.207777 
1107.247727 
-1230.194163 
-217.922435 
-225.265479 
-12.268083 
-276.437848 
347.241912 
362.656589 
-768.388665 
-443.071762 
-114.701164 
-499.619638 
3.498222 
-394.916189 
-252.265026 
-898.067069 
-172.086104 
-326.575489 
442.241060 
296.302906 
70.156469 
-457.561411 
631.010776 
103.301704 
5.344336 
-411.227264 
328.193694 
-298.210170 
-106.333584 
-297.353897 
98.669643 
94.522536 
-540.240054 
349.095693 
46.315845 
211.457509 
-166.134434 
-63.753878 
428.288682 
-288.355264 
102.775833 
792.548622 
13.215577 
230.310991 
62.251828 
442.254254 
-178.500663 
-669.853449 
387.200137 
-52.582552 
-462.784873 
973.040340 
-876.484897 
561.102186 
-174.814011 
273.808942 
231.891695 
878.322642 
-613.128930 
247.424604 
-477.998057 
62.259906 
561.008619 
62.255132 
751.004236 
1186.311534 
-770.945894 
392.034712 
-71.879961 
578.501653 
-397.142901 
-295.039106 
29.098655 
715.102031 
-847.218906 
152.664661 
137.768203 
-388.831067 
-216.016977 
-230.714511 
-43.949064 
440.682413 
-389.092085 
230.711883 
109.743893 
-343.678551 
-259.733709 
47.402473 
-80.258836 
138.497856 
-579.766082 
750.990065 
195.925822 
-202.661544 
299.742119 
700.319727 
-504.300065 
-134.887575 
-1079.246327 
-502.902044 
-385.803518 
-185.789531 
-194.976025 
634.753714 
-350.425543 
113.249165 
447.908981 
818.481439 
-242.195091 
69.314903 
424.587246 
-436.510536 
156.110810 
390.399734 
258.762498 
246.827830 
-214.832197 
-240.369642 
-298.563449 
55.096542 
376.263697 
-32.109696 
16.694977 
-278.834004 
-660.567084 
345.820527 
124.854725 
-109.961370 
399.407794 
-389.616628 
20.438929 
679.753463 
2.232794 
421.446101 
131.561322 
84.931512 
-583.348049 
318.285652 
-431.595736 
-219.378160 
14.754133 
513.501145 
302.682525 
-544.600415 
163.557578 
-363.674866 
-32.747889 
-12.179892 
-163.967765 
-231.160995 
-711.687850 
-47.965944 
655.999652 
220.949866 
-299.791257 
-75.822971 
-214.663454 
-375.712135 
-20.336337 
-358.218075 
-60.683494 
-147.162505 
-393.501166 
608.499859 
-322.208164 
93.415384 
-348.992919 
-387.429032 
-358.331224 
164.239175 
-492.661537 
270.053361 
655.988990 
452.893545 
-416.316427 
-36.731870 
16.002177 
-271.938375 
-442.628589 
-643.338645 
33.381641 
275.995799 
99.429520 
-57.253170 
62.254873 
442.243058 
94.148820 
-200.096984 
-339.515249 
62.248652 
655.993957 
193.164074 
-313.004101 
-170.545136 
357.978468 
108.491604 
115.194591 
-32.741857 
-43.143424 
323.495037 
129.159951 
147.085935 
439.732160 
618.664176 
-410.618969 
171.581041 
102.381660 
299.761291 
179.418347 
89.047885 
-82.228175 
-231.506885 
287.308826 
-667.417427 
264.478198 
-34.458402 
513.968326 
-481.807485 
388.111143 
157.252454 
-439.389064 
1359.971569 
248.427686 
388.309771 
-1076.272065 
72.613488 
-207.490201 
-250.412192 
-40.494146 
-372.457428 
-305.303435 
484.850443 
-127.749700 
-575.318913 
-120.590364 
-75.551695 
-389.642721 
-19.286499 
-404.294455 
407.274914 
257.687187 
457.057546 
-134.865327 
-127.747623 
-18.510885 
-452.283720 
-127.755159 
-559.789077 
-805.390154 
-175.250289 
-103.996153 
-481.999373 
-552.067314 
158.855947 
-151.318573 
246.142448 
-685.506147 
-127.749142 
-248.760426 
-9.002438 
-98.224949 
-369.093629 
11.947278 
122.834790 
-1469.700832 
333.570100 
-483.979638 
-91.094264 
-146.451773 
-482.718600 
-333.584174 
97.238558 
-738.190581 
-272.845018 
-104.002697 
180.474464 
243.794391 
-1026.407453 
-289.966983 
4.614908 
356.232270 
-80.253323 
-80.251104 
-387.432942 
418.500223 
-258.633615 
-286.025090 
-243.042600 
-274.617645 
135.945580 
60.183014 
-32.750675 
-92.440479 
-280.038498 
-518.141929 
-527.848354 
-295.486601 
-44.770930 
191.089766 
-206.210527 
32.683621 
-268.937130 
-118.677205 
-292.987842 
-669.682720 
-248.944749 
-154.584881 
289.889775 
-32.756032 
-225.634223 
-17.315434 
-9.002106 
48.655773 
-389.004326 
-703.690407 
-242.072878 
347.235005 
-319.146715 
-12.853742 
539.556133 
1013.024280 
-1192.766200 
-465.013615 
315.016577 
299.734311 
-954.703827 
560.010619 
-328.045125 
78.906212 
282.174505 
717.967618 
982.212236 
57.142963 
389.577147 
655.989389 
164.822570 
-259.988125 
1320.988285 
240.290979 
300.155075 
-10.109111 
180.408219 
-1004.299215 
-302.731819 
535.021502 
-133.647143 
394.942854 
-91.645307 
489.731254 
241.591969 
67.072974 
738.374362 
753.134726 
298.069722 
394.754288 
776.744628 
-98.563994 
-556.809600 
45.947284 
204.686742 
1515.798734 
411.435153 
-365.625341 
60.399231 
632.254633 
100.562080 
1451.483949 
594.819099 
939.072590 
393.270878 
544.182252 
454.904168 
2461.006403 
315.684854 
129.676194 
304.185637 
-153.702630 
332.134041 
-256.561585 
469.655534 
615.157805 
-194.161398 
880.137822 
61.811048 
657.942053 
769.681717 
960.867492 
363.929458 
209.420562 
-119.230695 
649.938348 
588.584289 
1534.254175 
-258.358254 
377.222350 
152.482341 
645.340717 
1188.526339 
158.074135 
223.997069 
196.178655 
820.955689 
-195.596647 
1510.997690 
-371.192426 
891.303527 
507.263369 
826.997334 
629.789582 
-140.468568 
277.900413 
917.240031 
-501.434350 
97.831352 
639.370075 
327.815586 
-549.014042 
-323.005106 
549.720249 
-593.827978 
584.749584 
428.955277 
-1225.341462 
772.811595 
-200.055745 
799.882366 
252.247712 
653.441689 
-485.399778 
49.452858 
-1094.341616 
416.183341 
442.241621 
507.973001 
-1111.487094 
-886.753684 
451.052483 
482.679206 
323.490297 
-1136.144223 
537.262369 
-637.457151 
211.387882 
280.974429 
414.292487 
-409.177722 
738.899272 
-945.612025 
-407.722839 
83.125959 
129.683668 
-240.460060 
-731.281287 
-763.681662 
-541.904390 
-534.722875 
33.299116 
-108.446421 
-173.464522 
-1511.512217 
295.863114 
-1469.795776 
-1289.150297 
-792.600162 
37.654201 
-528.325552 
-358.040524 
123.175844 
1057.461545 
-266.967313 
398.828979 
-462.021932 
347.248299 
-474.231862 
59.654454 
-818.293017 
774.754853 
-387.222923 
-623.321486 
407.317643 
-95.788242 
-78.574585 
590.336467 
-1132.638890 
316.423146 
-408.726280 
-580.369017 
654.782075 
77.729326 
-355.108567 
-56.504085 
275.998303 
733.618930 
-660.494843 
-9.347533 
-953.587846 
-127.132615 
1251.819171 
-596.051205 
-133.455893 
-254.097622 
49.459850 
-760.472603 
393.029809 
239.125555 
-345.575292 
628.691840 
216.765371 
-190.703839 
161.149002 
1083.490556 
615.388563 
1083.501169 
-1413.050729 
-249.935467 
114.962275 
-54.881396 
-7.536564 
655.998824 
-182.760284 
-1355.500456 
25.185815 
-1420.716715 
46.279913 
844.049806 
-492.065562 
-426.891041 
-787.605386 
-335.842334 
83.144185 
845.997969 
-235.822708 
-13.752626 
-406.655420 
607.394387 
202.542803 
573.874977 
-351.639722 
410.909288 
-278.777265 
-436.692870 
-403.821643 
-209.171625 
59.753237 
-726.216676 
446.537403 
486.403252 
-62.541396 
-186.418714 
-24.247842 
249.852409 
-6.603374 
-417.780319 
293.001330 
-361.434605 
46.348151 
537.255472 
1605.996462 
-1117.523362 
-234.466356 
-546.730422 
89.968102 
-462.930865 
171.753668 
-1782.367730 
124.891764 
-48.837874 
485.160047 
-455.322443 
922.613890 
-674.818689 
11.310395 
-219.074389 
560.994501 
14.744767 
465.993497 
394.746774 
729.440581 
-379.248335 
1147.270392 
-131.416043 
770.002863 
-926.521850 
-641.834990 
-81.986429 
1006.381562 
-876.451484 
-71.271841 
177.296719 
-220.074381 
-1048.311226 
131.338835 
-626.657762 
182.841291 
-714.467431 
67.137514 
323.497520 
170.459682 
-275.723879 
-801.609140 
560.995068 
-486.004343 
-766.406835 
14.744696 
447.276767 
-570.986645 
1368.498410 
16.333403 
-241.677257 
-398.115640 
-945.645308 
-250.774730 
288.785923 
-57.875958 
-594.259607 
1072.904926 
-322.657917 
-88.689202 
596.133163 
542.500470 
-579.933128 
397.444291 
455.416783 
-301.993876 
375.651780 
676.212729 
167.418519 
342.659955 
55.390064 
-424.955445 
-332.699948 
88.438694 
248.242608 
-437.154751 
-538.162480 
-644.007601 
-674.067030 
962.866593 
-437.189741 
74.491795 
292.262897 
-602.211067 
774.442649 
1796.001061 
-1522.899152 
600.798544 
89.780583 
-140.029034 
-582.539285 
715.196942 
-689.093644 
-276.236535 
703.505812 
157.248599 
651.372927 
-58.606715 
561.121599 
-667.667062 
418.498212 
-656.327627 
-166.093142 
151.103287 
-868.498175 
-523.893351 
180.996619 
460.253714 
-33.689415 
-82.085013 
-446.129797 
67.091371 
550.918374 
-393.908296 
-404.622216 
-96.162991 
-372.707712 
-175.256253 
-301.431133 
-767.525775 
-170.828514 
-614.937021 
-500.681292 
360.186893 
-584.475631 
629.906518 
-127.754436 
-243.122577 
-1122.455026 
-9.855477 
287.564209 
-4.937532 
-1372.024099 
-128.458566 
708.084081 
-175.256704 
-63.956217 
114.837854 
109.739372 
323.496079 
-252.008943 
-200.192307 
-532.275747 
513.490072 
370.989233 
104.920769 
-541.003729 
-606.957825 
571.711408 
581.949553 
89.466950 
133.492612 
-1012.447447 
14.744622 
-123.943902 
262.937955 
383.747789 
627.092583 
-451.945819 
-121.924032 
666.086563 
204.743659 
592.619482 
-587.257021 
129.284821 
-825.706822 
-27.355175 
-554.399401 
-53.420138 
-303.692720 
820.484501 
-197.205255 
366.317234 
370.999195 
-399.927760 
590.329065 
140.407232 
388.970903 
-564.001452 
-385.459043 
77.805508 
-500.509068 
76.641001 
-248.078986 
-97.475297 
-245.790063 
38.502700 
-770.398609 
28.436058 
-401.583334 
-482.047022 
372.354139 
-650.702168 
110.555700 
110.415295 
147.724203 
-212.430723 
38.495038 
-433.671331 
-689.856255 
14.747660 
-607.186741 
-956.846002 
62.245081 
133.496643 
-327.303109 
-489.954504 
-600.660015 
-192.260796 
73.567047 
-963.823484 
-32.752781 
-600.108258 
62.245969 
-469.290300 
-458.479152 
-313.974490 
163.040947 
-1041.879551 
33.373755 
-979.394327 
-352.274104 
76.332277 
-44.171632 
-409.040059 
-194.300583 
-520.518563 
27.601742 
38.493932 
-0.396402 
380.973119 
-679.328114 
-499.264049 
171.361438 
422.632656 
62.247020 
370.995821 
-276.420681 
-9.008040 
368.949296 
-246.738233 
-262.137344 
-382.959031 
-236.112813 
256.303102 
-56.499368 
-59.261110 
-361.736628 
-294.646235 
-574.288537 
-344.469463 
-207.464239 
-7.475041 
-234.802114 
-661.737959 
-446.150493 
-179.052083 
-408.825876 
-689.206462 
-43.946065 
-85.976225 
-71.512140 
-56.497404 
-172.677010 
213.944527 
-388.996899 
83.921110 
-388.995827 
-619.703690 
-171.187277 
774.748965 
-27.708103 
-494.939960 
987.475376 
-508.392767 
-627.366385 
168.335722 
0.762196 
584.746770 
-306.863819 
212.846855 
-218.196120 
495.574471 
84.213084 
950.027872 
251.732093 
-518.618091 
201.210402 
299.748027 
385.849099 
226.333524 
442.245243 
469.613528 
1030.885316 
-157.438368 
178.654632 
-475.521152 
690.603777 
435.293897 
312.769349 
534.802284 
169.831426 
198.170699 
243.124173 
652.625365 
327.557821 
273.000219 
-391.054327 
822.249829 
530.622049 
-20.519655 
213.464100 
658.904650 
-35.531920 
1108.711940 
770.636072 
601.357778 
-768.136603 
988.501685 
159.720558 
1095.121220 
-505.304102 
627.881584 
-221.260400 
912.641299 
-181.218303 
893.504037 
241.972198 
-354.204943 
116.445913 
649.131504 
381.025883 
-296.103719 
-199.021856 
629.820655 
-293.230064 
427.417835 
42.014142 
-625.254839 
973.765535 
-42.588198 
34.872264 
543.741530 
-60.918562 
-204.548582 
405.374508 
2758.077093 
173.177704 
37.102064 
45.533571 
359.625506 
567.208761 
-143.496350 
-154.445219 
-356.942877 
-69.204886 
-398.863035 
656.002956 
-144.516919 
779.432083 
474.510662 
193.667606 
462.709406 
-265.640761 
-701.059601 
798.499391 
-633.573361 
198.334630 
493.326518 
51.714948 
375.921611 
-171.219973 
120.720131 
-818.012753 
917.252204 
547.993763 
-900.775507 
-539.184207 
497.542036 
-452.597899 
394.750871 
560.278974 
-189.012210 
700.603332 
-634.383340 
-299.376747 
394.752053 
299.246428 
-451.889352 
265.257993 
1036.417590 
52.097287 
62.256161 
199.529998 
1511.008481 
44.261597 
-97.618856 
-445.645679 
1047.987300 
-924.911539 
245.976150 
85.915658 
68.239406 
92.221771 
-300.310860 
-90.271707 
-189.643559 
-1004.467353 
-325.639376 
112.135490 
39.914622 
123.118647 
225.371087 
-447.798767 
261.812288 
-152.587193 
-69.516014 
-480.295274 
-366.774225 
702.434343 
445.662205 
690.015148 
-71.727308 
-355.409581 
183.431389 
202.456158 
608.509429 
552.543640 
-530.798857 
-554.023522 
917.255809 
3.732391 
-371.034498 
402.616201 
-135.684499 
-20.625648 
74.662315 
-581.381485 
55.455200 
-326.322899 
-693.157281 
284.009129 
-201.119598 
-1141.702755 
-32.752299 
501.625023 
380.239674 
744.368634 
-509.736862 
-338.963436 
84.187439 
342.007287 
-699.598312 
112.315352 
-234.379807 
-503.937844 
-185.161651 
175.332815 
17.144393 
70.672467 
889.596111 
-143.888638 
-37.982770 
-231.774231 
774.749506 
100.199633 
1226.000369 
-722.016787 
-2.824260 
-465.025851 
-31.617344 
30.285423 
774.753786 
378.680335 
-2228.727693 
-1079.539654 
1138.723600 
80.095317 
709.632916 
-395.781786 
185.783257 
286.985011 
-45.785149 
-620.154893 
774.760647 
-58.100467 
-480.828803 
-125.094528 
440.802994 
-609.619779 
-406.406508 
-13.008671 
731.483323 
-203.028569 
-378.342915 
-99.710271 
-11.372409 
119.209447 
-539.712455 
249.728163 
197.564470 
93.480729 
16.719187 
201.550111 
-405.330706 
483.522533 
-674.106883 
70.003293 
-509.331022 
-415.198379 
62.253221 
1416.004477 
-1093.320838 
-460.468987 
91.155710 
142.645190 
-162.929246 
521.528793 
-1457.607620 
348.397338 
-424.095952 
130.381333 
-518.956160 
277.105363 
8.287545 
-36.902077 
-155.863210 
418.496880 
-222.757089 
418.496208 
252.246468 
-985.050932 
-270.148833 
417.858514 
-282.522748 
259.635541 
-32.181964 
-588.316094 
214.590073 
897.947385 
-329.495339 
-177.248811 
-182.964038 
472.054286 
-528.508799 
9.492069 
-600.968656 
111.857976 
-144.256046 
-38.546282 
370.999032 
-410.994836 
-557.212735 
-19.547962 
513.500258 
35.372253 
-489.691194 
109.753020 
227.221750 
155.813418 
1368.503377 
168.341278 
-283.940568 
-279.443488 
-687.355225 
319.855624 
-264.480290 
144.180860 
-124.176160 
276.153152 
-441.413057 
-310.150625 
-354.770795 
-54.556056 
-708.736429 
-128.813593 
497.545281 
-797.626595 
-527.750651 
-590.197991 
-141.867236 
-325.627705 
87.169429 
-137.702232 
-262.710387 
-228.766842 
-17.656608 
81.254829 
-215.290312 
-1120.336069 
-877.520198 
280.120882 
-435.721917 
-385.411482 
217.792228 
-98.446548 
133.277889 
1605.999055 
139.061659 
-182.104595 
88.542114 
169.035129 
763.542980 
127.997735 
-540.509377 
-518.649869 
608.495536 
323.495694 
326.008403 
-306.637955 
-801.233857 
-870.341717 
750.998629 
-565.766258 
-106.172510 
-201.523484 
273.139322 
-361.974747 
275.996279 
-127.544206 
-107.320200 
-291.947296 
-737.963466 
232.267943 
-32.282827 
-138.247925 
78.817071 
586.401805 
-88.907852 
-127.750093 
-292.515894 
-693.292675 
117.109830 
-261.192890 
-277.863194 
649.417595 
-258.606080 
278.237919 
-80.248519 
-151.361166 
-801.399112 
64.988411 
-32.712278 
-477.179482 
-650.749408 
-266.667500 
468.423274 
-80.245038 
-177.025206 
-209.170137 
252.253748 
276.001772 
-97.611571 
-101.167623 
-844.340629 
798.499469 
370.997211 
144.757082 
-439.669702 
-548.740000 
274.406294 
296.759158 
-76.954106 
418.501069 
-179.693787 
-80.248621 
129.873585 
-49.986829 
62.661359 
356.945728 
-355.354402 
-697.258127 
128.059413 
371.004776 
-125.500720 
213.028761 
-237.114530 
-867.603027 
-694.163243 
59.856386 
-615.926255 
-282.169365 
152.153795 
-131.696694 
412.369194 
228.502450 
-827.924106 
-372.773909 
-437.385626 
62.876546 
-595.433122 
-34.514210 
-915.413075 
-817.205673 
-281.556376 
76.058803 
284.069940 
119.578863 
-32.743256 
-620.508342 
272.682602 
33.612343 
-1391.874611 
272.543989 
-543.355889 
-393.367059 
-57.238427 
114.495316 
-701.945512 
-56.496122 
-628.228827 
-529.083927 
-56.498753 
-1072.523730 
-895.084069 
-127.740379 
-80.246078 
-483.768619 
-575.931834 
-191.296353 
-90.134091 
-418.179724 
-363.250031 
38.502150 
-248.835644 
38.502856 
-323.474804 
95.110966 
-207.139393 
-397.495867 
-416.073878 
-284.973182 
-344.272809 
-255.083876 
200.772656 
-331.588872 
-1.045780 
-398.073918 
-104.595015 
-32.639265 
62.246672 
-275.392455 
100.551676 
-658.473465 
-456.686633 
498.862692 
174.117843 
62.248132 
418.497532 
-200.350981 
38.497647 
-157.392689 
-474.552535 
-267.986869 
-420.503576 
-540.923169 
286.668163 
-32.754016 
55.660284 
114.391838 
-208.099166 
-714.452957 
-295.486386 
-280.375343 
-18.106468 
-711.251174 
-125.925977 
28.982255 
259.064548 
-135.340383 
-684.755619 
267.449927 
-198.251405 
40.264065 
-8.997012 
-197.871393 
-541.817381 
-389.002296 
-73.233665 
-388.997074 
-648.135395 
-764.082596 
1178.505623 
151.209376 
-290.835938 
981.360290 
102.714303 
-988.949024 
-236.991195 
595.522018 
1416.007719 
-73.000498 
414.436164 
-202.847838 
225.065724 
468.601623 
802.916681 
95.015752 
-452.466351 
457.822277 
561.002389 
150.969119 
1002.090731 
869.753272 
271.971214 
903.259824 
-442.103103 
-90.776675 
772.339966 
897.412477 
661.452111 
-396.158194 
365.613753 
254.087294 
304.802236 
696.408724 
-413.052915 
410.000788 
-149.129349 
-231.894615 
1273.495270 
1176.702073 
-380.943363 
-504.449697 
216.576757 
559.794945 
1485.906455 
485.500218 
-645.603994 
-5.650431 
299.746744 
651.453360 
151.779282 
-241.964557 
25.525409 
-504.786171 
-230.494148 
523.291863 
584.743579 
779.619795 
-311.512770 
504.442560 
-671.904456 
46.779024 
-330.307074 
326.309513 
555.105724 
-60.889595 
155.425799 
-33.241199 
465.533596 
1059.446808 
205.296457 
157.653811 
-34.769470 
-199.321792 
-233.947022 
709.856483 
791.858005 
-8.374589 
-160.647044 
411.167908 
428.541767 
545.415781 
-217.209462 
-20.217964 
-408.622993 
651.300871 
129.938273 
442.247338 
368.343903 
164.392555 
-398.181261 
928.338900 
70.483039 
-51.302159 
-146.363003 
751.001861 
-232.888851 
303.296386 
273.544107 
165.005167 
-915.672052 
-200.320666 
288.697228 
-132.488736 
1606.008774 
345.770180 
-905.613435 
-243.841434 
-53.318602 
-270.556357 
394.756114 
-162.936088 
-333.352907 
-171.555007 
-406.933311 
240.600021 
1178.508886 
25.549370 
-976.337905 
-631.917810 
-144.505278 
159.635958 
632.242419 
242.336048 
62.254791 
187.784226 
-22.743701 
-433.240822 
959.810293 
-704.222785 
-170.757595 
-167.295763 
-409.311550 
281.723623 
-166.972662 
-390.655803 
-520.155875 
-458.103787 
-202.164423 
-428.860660 
-38.568422 
-1154.940623 
36.129040 
-491.944349 
550.424806 
-466.884488 
-709.490704 
-160.937783 
-947.017298 
751.137763 
583.578579 
-361.205173 
-43.419246 
-396.464361 
148.876679 
176.248844 
-127.748570 
172.073133 
-318.403323 
-307.007865 
1036.000379 
-419.799077 
-1053.533147 
-47.270283 
558.791830 
236.211947 
646.447866 
-764.636752 
-500.996228 
26.241968 
-482.056252 
107.124802 
-161.020309 
-1030.502512 
157.250472 
584.748019 
760.274724 
-551.372844 
-324.150141 
-508.672207 
-58.605982 
-117.184201 
23.698194 
14.710233 
285.095763 
383.775019 
221.326413 
457.689396 
-165.293096 
-34.252685 
-2.826859 
-29.251261 
799.509601 
-133.854324 
1131.000161 
708.566260 
584.745757 
-905.214280 
-525.246181 
-588.229753 
-329.259533 
-85.361378 
822.248242 
200.474713 
-743.641703 
-518.255693 
-16.480672 
-73.609679 
475.847427 
-365.816026 
328.784848 
374.495700 
-953.896372 
446.048074 
845.998060 
545.079790 
608.496861 
-923.256567 
-480.953034 
349.351718 
124.303413 
551.637387 
-175.484470 
-201.724739 
-376.195649 
-154.631055 
283.636676 
123.730555 
8.511476 
-53.627231 
578.365163 
58.265711 
-180.936596 
-187.945785 
-190.353353 
-357.306055 
126.758122 
170.098028 
-539.599344 
-135.938092 
1843.506811 
774.754775 
-833.006718 
-464.177754 
-193.021565 
210.684304 
811.669402 
43.359193 
-1184.467809 
-110.350316 
525.703512 
83.861006 
-231.066964 
686.033809 
40.611502 
-55.544530 
-449.515766 
-8.993226 
14.758446 
442.255287 
988.504219 
-213.592358 
-395.176584 
654.158605 
-248.485242 
379.002728 
65.462130 
-462.836552 
193.383860 
670.324464 
-722.805898 
-138.378975 
239.907127 
18.214059 
-543.913492 
-130.061046 
-583.856901 
-182.874793 
-143.531164 
51.206160 
85.997796 
-377.131285 
-461.158756 
-246.097896 
62.245430 
98.615008 
-2208.693802 
394.746194 
1235.681966 
294.119895 
750.992709 
345.662660 
-907.708978 
-102.403202 
-1095.571448 
-224.218316 
-144.723196 
395.079296 
-36.963167 
-88.015803 
-373.273788 
396.540755 
-513.531068 
320.902564 
-160.996464 
-357.064636 
374.327212 
-4.950650 
-328.187561 
396.557147 
524.720082 
-194.246503 
-290.867252 
-70.402485 
-89.405687 
428.707780 
705.765613 
-520.034256 
-270.570917 
10.574512 
-820.463777 
228.046272 
-150.114119 
-183.043056 
37.740533 
199.327715 
817.678208 
703.496037 
-216.581647 
-411.071582 
-34.909520 
80.573322 
230.309500 
824.118859 
-50.506840 
-105.371653 
370.998109 
323.500046 
10.084442 
265.585932 
-98.387626 
294.982552 
276.000883 
447.988095 
-524.181966 
-18.886266 
-9.232285 
-380.151260 
14.750120 
127.427115 
-734.807823 
205.028514 
426.220472 
149.626663 
134.476116 
-135.008556 
-718.482886 
303.717543 
-136.449809 
560.997649 
1156.233201 
-783.844577 
236.738233 
72.112346 
-243.798215 
179.170227 
-565.168931 
120.400344 
228.496588 
-495.673613 
-322.161983 
-284.541500 
-262.586549 
-40.428938 
-1208.405923 
-491.754027 
-270.879080 
-32.758809 
-273.053287 
320.274454 
276.005067 
-56.511530 
-299.290589 
49.613843 
-411.584273 
323.497876 
-56.503393 
141.065274 
-819.659541 
-98.242960 
36.374602 
-254.405243 
118.748305 
-32.741085 
-495.877041 
323.495803 
533.397241 
-321.550213 
187.269357 
-153.815264 
-207.236414 
-891.159657 
693.330115 
-721.484450 
349.179244 
-183.840048 
326.681091 
-164.297972 
69.108066 
20.462116 
60.212694 
-116.843398 
1967.825413 
-373.554076 
785.266744 
-80.247064 
-340.426503 
-350.193348 
158.928872 
152.917920 
-221.303925 
-219.006617 
-265.133286 
-140.643532 
-38.851920 
-543.717278 
5.004845 
-1.949695 
-175.250926 
-398.310247 
-88.873230 
60.892207 
451.442209 
25.004238 
-203.459489 
-666.695022 
-274.206145 
156.065647 
20.298005 
-127.750704 
-156.906134 
-682.320992 
-80.250306 
-486.636592 
278.075259 
-56.500366 
-32.753684 
-285.254543 
-739.642093 
-417.510633 
65.571538 
-227.158302 
-691.859546 
38.497238 
-388.949416 
62.247203 
-432.268185 
427.231022 
-10.559133 
-229.997590 
-1076.680163 
-416.018458 
-654.797204 
244.796046 
101.104137 
-407.845945 
47.544849 
-468.855696 
-366.937322 
-347.453884 
62.248309 
-324.103304 
269.605400 
-610.260944 
-250.705591 
-288.760791 
-168.972642 
370.997570 
14.748436 
-1330.110576 
14.747695 
-1110.551171 
-93.185656 
-852.970558 
-131.721128 
-572.846905 
-134.199501 
-8.999668 
150.199183 
-570.531760 
-365.868373 
-209.389563 
-365.249850 
39.451852 
-190.164190 
-520.880210 
-314.107328 
-43.500488 
-714.414640 
-58.524513 
-519.132553 
818.647475 
-683.339934 
363.299444 
-389.000033 
-337.824811 
-306.616770 
-388.999969 
-19.859437 
-389.002932 
-812.183977 
-83.712391 
869.757144 
81.426895 
-461.025617 
862.253182 
-542.470621 
-603.073055 
-642.327099 
-263.826034 
988.511568 
-1060.242617 
349.320688 
-201.042266 
-269.860457 
-127.934389 
1541.525313 
357.885031 
-720.816145 
242.972923 
204.754831 
-61.240244 
483.258192 
632.255965 
40.809411 
214.228708 
-736.992908 
-411.869937 
1352.421004 
888.468291 
205.905182 
-467.959336 
-124.101051 
-153.800336 
241.769609 
201.126164 
-678.274202 
535.972340 
-119.195407 
-513.386735 
1416.003132 
1286.219069 
-261.664716 
18.892545 
265.682080 
380.949260 
1473.067110 
453.276375 
-700.753046 
-688.837714 
442.257832 
44.836973 
258.958298 
71.739938 
202.537930 
-167.819514 
-229.512412 
620.487681 
727.259330 
362.250742 
-679.223137 
-76.078675 
-707.984091 
-53.770405 
-235.452896 
74.414353 
314.239111 
-556.421199 
-83.248582 
-541.272062 
1004.862851 
493.625065 
59.936628 
142.581812 
-319.359549 
-23.166503 
349.077526 
1098.991649 
236.733426 
-59.960239 
174.263793 
-215.942047 
300.336200 
141.649575 
-96.551533 
-920.166702 
-655.695554 
-144.314045 
51.756633 
822.262414 
68.913775 
-29.542833 
-190.621281 
523.006451 
534.727438 
-132.974978 
413.869625 
537.254099 
-173.965595 
-240.408966 
-36.842102 
-691.615216 
-76.443028 
-242.307337 
193.278092 
181.229141 
1131.003606 
271.844667 
-664.812564 
294.078734 
-8.190039 
-316.893892 
1511.002448 
-9.687590 
257.378650 
509.022403 
-254.169461 
13.109043 
299.740706 
864.429616 
-452.336676 
-64.285561 
137.372280 
-46.513189 
1273.492245 
-710.440103 
394.743608 
-154.924665 
632.644337 
87.401210 
703.048082 
338.539381 
-237.209185 
210.342808 
195.318072 
534.801193 
-217.462216 
-750.485352 
290.895586 
-568.746019 
-148.645711 
-155.861555 
511.381120 
-1039.156019 
108.174826 
-619.614132 
199.877312 
-462.246266 
-656.493047 
479.493833 
-510.679372 
1345.879242 
-393.871339 
33.444583 
-259.700409 
-577.526086 
735.393905 
-53.328010 
537.247797 
68.513108 
-16.566121 
-248.504236 
394.744328 
-223.187404 
-652.069522 
539.504378 
527.945353 
303.382614 
320.211115 
733.733041 
-759.293956 
-125.666523 
-103.271854 
-129.921059 
496.706524 
-1489.835245 
727.241314 
1024.123987 
-116.347538 
-952.092811 
-372.276395 
-343.892144 
-356.970125 
27.878028 
-566.833491 
-277.494011 
-416.552897 
84.028918 
-11.407266 
-36.103793 
-141.838168 
0.096658 
53.921167 
529.995348 
893.369914 
-39.772050 
774.746465 
686.830250 
893.493372 
-1008.966124 
-831.991174 
-499.408978 
-118.920722 
286.902164 
1130.992801 
437.067630 
-1796.389326 
-637.400717 
55.279683 
141.051891 
-111.453311 
-340.311375 
-444.892917 
706.519855 
38.055001 
-252.689847 
537.244742 
923.572245 
1013.831221 
-536.513973 
-503.291908 
170.758834 
474.220816 
662.453058 
-1.594165 
-492.347451 
-961.498998 
281.977430 
409.872543 
68.980563 
200.425146 
115.004176 
-70.944501 
-217.617852 
188.059766 
-389.093572 
222.321245 
-436.239250 
-304.839969 
163.891953 
-448.370534 
-121.598954 
751.000354 
774.751587 
-523.302329 
-782.000144 
306.033001 
-744.526261 
-67.177316 
-624.123964 
-1042.396939 
386.392703 
378.923539 
409.067947 
-280.254475 
479.409352 
1131.933346 
486.357637 
-555.982364 
-80.248494 
560.999028 
798.503301 
299.754571 
66.311763 
-438.341600 
734.748141 
321.335751 
21.278737 
-453.417847 
-145.894157 
9.121694 
813.803736 
-314.074525 
-595.574544 
-62.265367 
-656.714154 
-829.984502 
-265.531505 
-297.579222 
237.723313 
-244.071247 
-1275.140732 
-127.741814 
336.803571 
-110.125556 
-612.807633 
299.757576 
-71.930195 
-1254.419125 
1416.006693 
169.159655 
125.433173 
798.506979 
345.671851 
-349.695488 
-428.817444 
608.504147 
-922.772943 
-131.163921 
236.091725 
-540.004095 
-300.614166 
-887.219274 
-232.435014 
-488.015906 
-856.238620 
-160.202789 
-145.909744 
166.153874 
709.319803 
806.682082 
62.901148 
-354.288489 
284.521320 
196.424583 
-164.364455 
-447.747100 
186.317991 
754.746829 
379.073713 
-16.007784 
-480.191750 
-453.088509 
400.609076 
-134.095688 
-197.041524 
201.127601 
348.172288 
268.179134 
-56.497579 
-219.099608 
-216.436848 
39.313507 
601.608782 
110.398560 
268.591489 
-325.148435 
-302.264496 
371.004636 
-80.246499 
-353.740575 
380.829845 
-31.924290 
-262.340014 
-80.244480 
638.765726 
1.462294 
434.110888 
50.324823 
68.782132 
798.498528 
-193.213101 
-376.018544 
-177.265604 
477.134818 
22.957072 
143.259541 
312.984092 
-56.380693 
666.891496 
471.627566 
-32.748020 
-1481.518547 
-964.937607 
384.280719 
50.417185 
-666.008559 
190.885020 
-753.769638 
-259.194029 
-56.502270 
-815.747702 
-278.205772 
422.154892 
-218.548536 
-7.396466 
-1223.927045 
-222.762120 
-49.613554 
228.499394 
11.707013 
-220.534060 
-9.000852 
14.755683 
349.418736 
32.268525 
-301.948778 
62.252147 
62.241142 
-306.305692 
-110.335658 
-115.179640 
-338.183540 
26.649739 
-188.432909 
204.751505 
-446.895354 
323.505752 
471.349028 
-300.896002 
-58.553706 
141.210203 
-307.708597 
-518.451510 
292.803844 
584.756626 
150.016497 
86.915780 
-438.847606 
-263.527199 
-147.538908 
-5.596594 
-701.559743 
201.238178 
1930.508699 
-618.359722 
465.228637 
-151.500643 
-598.101281 
144.491556 
-430.916119 
100.413105 
-672.484130 
-19.063789 
-528.065544 
-452.202717 
-12.949514 
-200.366676 
-330.343175 
-47.867773 
-175.254780 
-318.278794 
-17.307622 
86.010487 
164.385870 
-221.152798 
-504.838711 
-319.766679 
-550.823096 
489.238493 
-167.523217 
-151.504410 
134.328969 
-333.128786 
-127.751529 
-282.763898 
-208.290613 
-32.752411 
38.495843 
-861.590223 
-642.375729 
150.686924 
336.256206 
-45.896655 
-588.516140 
62.246054 
23.054246 
62.249610 
-527.803376 
39.895607 
-314.969141 
-558.375877 
-204.393143 
75.011937 
-434.039080 
-23.938089 
-115.358439 
-407.967014 
-325.964744 
-295.728318 
-460.829293 
-57.267134 
418.499516 
-217.028976 
-672.363581 
-466.768388 
-112.512263 
-256.622113 
-119.441448 
109.748809 
157.246869 
-951.686703 
133.500341 
480.941933 
-560.858725 
-660.103670 
-770.881453 
-339.618422 
152.258185 
-388.999638 
-26.787951 
-52.378068 
-438.515997 
-487.678691 
133.501151 
-316.487177 
213.825261 
-253.986889 
-638.426026 
-300.515757 
325.653997 
127.568658 
-410.551600 
-294.186558 
-711.943013 
75.069324 
-388.997917 
126.512619 
417.776619 
-388.997057 
-127.890575 
-388.996019 
-637.963381 
-108.828949 
1392.257776 
-785.062669 
-918.297269 
1117.907135 
65.140480 
-359.846427 
345.681112 
30.244739 
561.002991 
-593.250962 
301.331571 
300.125592 
-160.002113 
527.113224 
855.238917 
893.352861 
-69.215393 
583.058538 
418.508619 
603.521788 
437.183443 
941.000473 
1396.650155 
80.391225 
-1446.679071 
-350.165703 
908.999540 
917.093561 
414.873485 
201.265277 
-207.199118 
271.166298 
504.667532 
141.125377 
-630.483190 
62.592922 
202.484034 
278.851719 
537.242406 
683.941112 
335.936360 
80.757426 
18.392912 
716.120767 
935.472440 
329.987006 
-112.394679 
-246.485097 
1012.244819 
-158.123952 
1121.154574 
-302.036804 
558.357061 
-277.673905 
1408.933970 
-464.547410 
1225.991683 
84.278221 
-426.196774 
16.357207 
-142.297081 
-448.403229 
241.718928 
-387.733072 
403.539934 
-407.475591 
-672.169848 
-274.146397 
964.442480 
517.065883 
-81.003660 
-325.715418 
-613.755177 
1.969053 
255.102766 
1367.791222 
1374.335108 
-941.773164 
-105.409004 
-198.072110 
318.692320 
280.949121 
191.537330 
-591.575800 
-679.917280 
-135.071223 
28.604319 
1154.750483 
132.039643 
145.709740 
51.610103 
928.337599 
803.731125 
-334.593029 
-262.017518 
869.749118 
-374.051468 
-422.503229 
938.456106 
-303.445651 
-312.185157 
529.385530 
-73.879247 
-27.945952 
1368.497589 
314.518275 
-638.288019 
386.392353 
34.575240 
-349.107946 
1415.994142 
411.388161 
-267.458114 
249.690210 
-86.381943 
470.215586 
537.236877 
1105.548099 
-477.914871 
-477.078970 
300.468059 
241.592463 
1558.486150 
-356.185666 
394.755391 
293.803156 
976.662715 
239.206428 
883.522433 
31.866395 
269.523755 
-86.108162 
173.351682 
-59.868365 
-227.905280 
-590.512353 
-137.525832 
-297.417536 
-873.977948 
240.377493 
453.575563 
-543.362117 
-60.601791 
-355.205145 
684.021000 
-183.795709 
-519.788001 
55.982396 
413.966335 
544.475537 
-82.973219 
916.609006 
371.143671 
533.013080 
249.687192 
1059.362661 
727.249155 
-88.490355 
141.145619 
113.010343 
394.750565 
-712.763853 
-557.092590 
791.200415 
-566.724561 
381.095644 
669.662062 
233.392445 
-692.419702 
-356.181097 
-12.050097 
180.915391 
1192.906937 
-798.646284 
489.755983 
822.249429 
264.081904 
779.565104 
-12.738819 
912.686380 
-247.702203 
627.552053 
-555.178094 
-151.246896 
-470.869571 
-133.275618 
216.930627 
-486.925629 
347.353262 
350.321470 
654.167734 
652.142417 
138.299931 
965.432561 
988.504679 
562.741039 
323.498920 
-1062.618959 
-678.317523 
98.906769 
-306.821216 
992.091983 
513.500371 
265.242667 
-1374.724641 
447.686132 
-710.441159 
319.849117 
580.357347 
-539.622279 
-745.082859 
135.476147 
-440.910167 
-189.050471 
679.750530 
523.369136 
-875.083048 
72.973695 
275.658883 
-379.793634 
491.641331 
-33.141219 
-268.454760 
-957.536412 
-232.286352 
-98.270708 
-36.769720 
258.085889 
-419.431043 
-153.021725 
-456.101029 
209.156299 
322.569749 
-6.086239 
30.533585 
-854.366560 
-693.334925 
296.004209 
606.407112 
-357.533117 
537.250415 
1083.499823 
-816.734660 
-518.248700 
-177.725534 
-435.154896 
220.050483 
212.956517 
-1317.015774 
133.475247 
-63.375887 
1.168306 
-237.566593 
315.425208 
973.618480 
502.971533 
-146.677564 
560.997303 
347.248233 
370.997198 
204.748367 
360.725603 
-36.302158 
1302.721018 
481.197663 
146.269935 
-1335.515564 
-583.341222 
457.652622 
761.394907 
-840.353743 
-250.347045 
-515.799285 
-344.728249 
-380.720467 
142.432447 
-213.993258 
372.913792 
-610.204467 
-1097.051550 
465.995906 
253.158358 
324.304646 
-1047.178886 
1225.994810 
-682.279639 
220.961876 
489.748215 
250.529828 
-445.155138 
299.746023 
244.326492 
-870.778009 
-749.634580 
243.339193 
-1212.146042 
-299.932533 
-258.775426 
-692.493850 
-291.145840 
-652.220503 
-498.561105 
-27.990581 
-465.888199 
-986.391332 
-71.019818 
395.852522 
92.787194 
157.870172 
-141.867344 
-251.112285 
60.817094 
271.659187 
-356.780280 
-449.991058 
57.208770 
-177.185073 
134.368123 
-579.538405 
-502.187122 
-688.668700 
26.160254 
-531.198886 
-732.409307 
495.799514 
-148.827984 
-48.533387 
-32.750049 
-390.830890 
-75.878763 
26.953715 
497.771382 
-165.617348 
78.971466 
-126.481483 
-239.742419 
-103.997140 
-127.748071 
328.293463 
235.688401 
63.898243 
-819.654874 
561.000387 
-74.696715 
303.543516 
17.421163 
-751.944478 
-867.913842 
-32.748352 
82.560969 
-149.065157 
-843.756477 
323.080204 
-238.234199 
264.610785 
-125.061116 
-146.497137 
364.829563 
209.984210 
180.997486 
-1297.458563 
737.638970 
171.118923 
-242.670162 
-492.220519 
490.729320 
-494.904496 
207.037940 
-127.754998 
-319.307804 
-1078.993842 
-150.102390 
-500.778241 
-601.605068 
-1608.979682 
-185.793573 
-327.689367 
180.992237 
-364.008129 
-553.481286 
-80.243460 
465.988779 
334.608213 
-298.837547 
-389.880810 
-104.013720 
-127.756486 
382.758070 
-465.020618 
-44.029696 
-383.179354 
321.537345 
-11.758008 
323.495918 
-196.032313 
-56.508684 
-272.284823 
-172.383481 
98.708821 
-591.767614 
142.730024 
-1302.444360 
139.235911 
584.734239 
-85.113100 
-289.377788 
-497.426562 
-213.382935 
-234.271226 
-59.964727 
-165.622498 
-307.355637 
1608.214360 
-573.934122 
157.165020 
-127.753283 
-292.607319 
464.643909 
-112.733147 
206.501148 
-496.765321 
-82.135558 
-222.584188 
-922.420262 
-283.297323 
-522.001680 
103.809928 
-8.649379 
-56.502878 
-813.684210 
100.352347 
74.767064 
-997.132119 
-494.049969 
-376.885826 
-496.684821 
-236.219301 
-28.607250 
-506.550838 
-80.250337 
-375.292915 
-561.758832 
38.503100 
-132.199755 
-501.650155 
38.502846 
-8.997017 
-34.112021 
-660.349512 
249.930022 
28.757439 
201.358210 
-408.275280 
-32.751410 
26.452198 
465.999989 
-179.348498 
-351.931733 
-274.789612 
-691.096485 
-867.611558 
345.317345 
-289.586043 
-188.521096 
-151.404708 
-170.379056 
-597.056046 
-137.905489 
-346.011155 
-2.352416 
38.506311 
-348.261669 
116.867000 
-340.635015 
-763.744985 
-45.964133 
319.151749 
-9.000158 
-103.998129 
-568.661431 
-151.501269 
252.170934 
181.040970 
29.266563 
-235.981106 
-667.188045 
420.039324 
-389.000229 
62.517590 
70.202062 
-387.977607 
-1300.864498 
-389.009506 
-295.468804 
440.892671 
-518.516397 
-864.349529 
-602.420252 
45.847557 
124.515244 
-309.626282 
-558.981045 
-35.048145 
-42.669071 
-389.002220 
586.502870 
-132.374960 
-389.005673 
214.849593 
-389.006126 
-1041.785620 
281.535643 
1035.998577 
-517.811406 
215.278979 
-93.747030 
-628.367087 
-981.341339 
168.330935 
686.233819 
252.248680 
-131.441527 
-798.391569 
-755.017084 
693.579979 
-173.825904 
-39.793277 
-79.180726 
-1234.026526 
103.683787 
-270.251957 
203.886072 
572.770406 
442.248315 
817.983528 
673.316857 
-1724.179043 
836.442121 
997.498969 
424.130482 
177.973152 
-362.014893 
-570.204912 
-59.007022 
455.566558 
-419.900388 
-259.453067 
499.187161 
216.786610 
750.989488 
1083.499662 
438.661651 
-197.929937 
158.090566 
623.411042 
534.549985 
946.740532 
-647.349895 
-72.432076 
-164.669802 
988.500510 
-338.505500 
576.532770 
410.237826 
205.089412 
-964.936976 
471.387911 
-217.291747 
442.250549 
849.929693 
254.253921 
95.129332 
39.339900 
484.547448 
561.493580 
133.959407 
697.974824 
-798.606833 
47.622650 
274.335530 
-203.981591 
277.003248 
204.173497 
-199.358511 
-185.533108 
428.461407 
-186.504819 
673.481356 
1507.242033 
-1.840632 
85.381763 
568.554096 
557.272083 
184.092117 
-296.789274 
623.762447 
151.516163 
-318.910321 
-149.141328 
1843.501043 
-13.446560 
-118.143400 
-172.129424 
-8.997728 
838.401908 
63.657322 
-195.736736 
846.001072 
-304.641994 
-159.659408 
314.491303 
90.600436 
79.126208 
-146.633858 
361.963740 
394.785020 
561.000642 
50.745556 
-234.265054 
-229.195366 
33.538185 
92.106457 
204.751268 
-199.881470 
537.679539 
45.823043 
516.778098 
-157.083232 
917.248914 
447.111457 
-110.078925 
-520.162302 
226.276481 
108.034945 
14.750511 
-126.848449 
727.250198 
588.554606 
193.210468 
-19.531658 
655.095979 
-128.632534 
466.868227 
-205.266303 
-627.832030 
-810.077158 
-609.574064 
178.757944 
52.107811 
-1256.564350 
438.785095 
183.268768 
680.056334 
244.828863 
-111.983024 
-302.006152 
103.431060 
-1006.306252 
-448.356407 
-515.944852 
-125.001337 
-598.900030 
-170.132604 
469.804159 
-173.375819 
-541.080390 
8.274840 
495.465989 
917.249295 
-435.074127 
553.761718 
-921.042557 
561.001976 
236.648962 
-1002.986983 
459.350592 
94.196940 
-103.786511 
-117.587539 
-307.087049 
-847.694214 
402.857770 
-111.169137 
-529.171521 
199.854250 
-447.156323 
632.251514 
679.752782 
251.948967 
909.721052 
-2.721120 
83.107745 
484.850001 
-5.218950 
-1131.525626 
-313.099487 
-738.824508 
110.546893 
-642.921401 
-186.604317 
-980.119803 
-168.429931 
216.838000 
976.774936 
423.749541 
-79.361229 
751.002310 
104.664275 
371.001222 
274.887604 
-261.346053 
-148.447745 
-747.021722 
139.353538 
751.002186 
173.361947 
-896.720954 
342.650078 
241.819957 
369.886572 
-13.001311 
-826.405432 
-156.947586 
129.830275 
-517.988135 
-176.684909 
679.751419 
439.044842 
-607.498790 
-384.759656 
497.211104 
-364.409381 
269.099725 
207.711176 
155.866358 
-641.959901 
-871.713773 
-17.220636 
176.638217 
176.546971 
-382.418627 
-1011.159797 
-512.462348 
-62.507385 
401.079070 
116.543450 
11.244296 
-177.672608 
-799.161655 
76.150244 
387.503618 
-321.001912 
727.249196 
1225.999048 
-1083.254882 
47.155868 
-20.427090 
-538.990338 
478.022680 
107.844198 
-1173.500271 
130.878079 
-717.646468 
-391.688598 
-603.313508 
215.461041 
-117.377684 
626.088273 
-765.194818 
418.498880 
299.748717 
560.999620 
442.249304 
332.115830 
-76.259115 
246.808056 
10.115515 
-44.642346 
-598.111232 
28.892654 
-119.268882 
776.691277 
-1009.165953 
-507.007566 
-126.864726 
-171.485511 
-1072.394330 
-246.121670 
298.606146 
100.691473 
16.206248 
-729.383443 
561.000084 
-188.545132 
183.162707 
5.871041 
1131.000034 
-125.674274 
-545.881881 
751.000989 
-157.019921 
39.899026 
252.250749 
244.333384 
-269.132808 
-587.687193 
430.375592 
-339.728559 
588.554858 
350.671901 
-130.070413 
-55.713960 
-426.567276 
-163.521058 
-387.835351 
-548.843275 
261.197403 
-6.337324 
-22.039818 
-11.460073 
-1059.701629 
-162.549812 
-125.518464 
91.671081 
-336.445928 
-380.846682 
-365.664660 
-655.984538 
-126.885386 
-393.419653 
-239.400209 
221.624547 
-1032.893627 
-59.012280 
-457.162120 
308.844059 
618.767225 
-36.224178 
-298.280097 
-127.750658 
-143.483138 
-94.070512 
46.951860 
257.117658 
146.202631 
53.984039 
-433.367715 
-466.096074 
-103.999864 
-127.750155 
-94.012356 
-341.795409 
-320.198399 
-819.667788 
418.500075 
1.052047 
77.686857 
52.521604 
-26.256810 
51.704488 
-80.250365 
-1.809020 
-214.480127 
-188.600499 
60.081705 
-129.919568 
-427.498221 
-92.897945 
-310.947646 
128.759741 
-16.139314 
276.000471 
4.359135 
-605.718455 
667.055210 
18.002616 
-737.912028 
128.516219 
-634.521836 
173.215165 
-32.749483 
-191.716326 
-475.995965 
-47.651734 
-444.669608 
80.338233 
22.044646 
-119.451322 
-357.844181 
276.000474 
-174.416399 
-77.513625 
-80.250565 
418.500312 
-133.286052 
-98.183836 
-513.949950 
-80.250493 
-32.749500 
564.807970 
-287.665886 
53.372308 
-397.663444 
148.573996 
344.705333 
276.000248 
117.172014 
38.499367 
-336.922827 
117.356725 
-296.442982 
420.871587 
178.313076 
-455.263949 
-258.563549 
489.750291 
285.626823 
-148.113176 
-321.129269 
281.692252 
-455.050848 
125.988743 
179.167678 
131.268607 
133.037206 
-452.667257 
276.536635 
-80.249846 
-52.742535 
99.390055 
-436.165870 
86.734650 
-530.447770 
590.413741 
177.418342 
-99.577019 
-365.178687 
-370.354286 
262.457705 
92.536426 
38.499654 
-637.381486 
99.041176 
386.314085 
-1525.476273 
-48.573094 
-205.456540 
-321.921443 
-334.330583 
383.918527 
70.862640 
62.250089 
276.449448 
138.777271 
133.499024 
-466.543644 
-782.186294 
109.749848 
86.000046 
-570.235770 
-557.706318 
-54.413396 
-213.625456 
101.667966 
-277.943574 
62.249701 
-396.017918 
180.998994 
-7.583469 
-189.051063 
303.012986 
-625.962314 
-225.535450 
-209.688314 
-251.105211 
-352.889423 
204.644444 
-272.536950 
-548.165183 
-138.589606 
163.236563 
-143.879616 
-127.750213 
159.462107 
-328.019341 
-591.407482 
59.929397 
-130.060236 
171.764160 
-80.250168 
-32.749480 
-644.607505 
-56.499856 
-590.071067 
-81.549524 
613.764424 
-320.316814 
-588.588820 
-539.877826 
-388.999897 
-19.795980 
465.036820 
-333.777094 
-999.304196 
-388.999815 
-116.507084 
-931.541498 
-595.991285 
-143.808280 
168.599510 
-237.470632 
-505.668724 
-521.467511 
-189.152066 
-355.997279 
-194.672842 
-388.998952 
328.719242 
-618.413019 
-388.998607 
-330.516438 
-388.999593 
-781.954779 
-362.280847 
-389.000000 
-378.691378 
-397.286735 
-386.640837 
-396.658002 
-383.950544 
-389.000000 
-388.067491 
-389.000001 
-399.123161 
-383.203387 
-394.025914 
-395.843535 
-368.718950 
-384.790644 
-383.447838 
-381.855978 
-401.274104 
-389.000000 
-386.447924 
-390.159923 
-389.000001 
-355.573582 
-396.896875 
-395.691927 
-395.370611 
-381.322000 
-392.662466 
-360.059352 
-376.859069 
-389.084031 
-394.539927 
-395.383094 
-392.008318 
-387.755401 
-386.058188 
-368.977593 
-400.838377 
-389.000000 
-404.965941 
-380.364963 
-423.465184 
-397.951829 
-390.166811 
-368.030452 
-377.823204 
-374.031929 
-403.130408 
-388.999999 
-380.120301 
-398.585223 
-387.089184 
-374.088336 
-389.000000 
-397.516676 
-384.537887 
-365.250000 
-395.976102 
-359.479399 
-383.389512 
-387.912572 
-386.274315 
-405.893242 
-404.043713 
-385.856223 
-381.767108 
-401.235073 
-388.024302 
-377.600159 
-386.400693 
-387.934619 
-391.482358 
-383.877043 
-375.694412 
-386.451126 
-377.993311 
-389.000000 
-385.769769 
-383.806319 
-379.627686 
-394.238808 
-386.136785 
-356.181165 
-390.577791 
-406.000483 
-379.759235 
-370.278600 
-389.000000 
-383.951411 
-379.377445 
-374.144913 
-363.666667 
-394.961740 
-382.515027 
-388.018452 
-341.500000 
-377.493028 
-382.239680 
-391.878435 
-377.834026 
-391.436850 
-377.856130 
-392.381859 
-387.098670 
-388.999999 
-370.254002 
-371.267754 
-368.150050 
-393.506734 
-404.843911 
-389.000000 
-388.015581 
-379.646374 
-398.021145 
-389.797892 
-377.529619 
-389.000000 
-383.538893 
-385.661864 
-384.111132 
-394.881528 
-400.430961 
-389.000001 
-378.391163 
-389.000000 
-370.684324 
-386.672788 
-389.874230 
-381.265947 
-381.785979 
-397.020659 
-408.280794 
-384.676657 
-389.478191 
-383.486067 
-388.293906 
-384.940476 
-407.355556 
-370.999266 
-391.889652 
-388.582875 
-388.999999 
-380.539293 
-381.051227 
-391.930590 
-394.324075 
-405.564181 
-380.961847 
-388.511998 
-392.941742 
-392.946272 
-390.463222 
-389.718532 
-391.392572 
-408.747153 
-396.056755 
-365.250000 
-375.568771 
-388.626606 
-391.815142 
-389.000000 
-384.865009 
-391.892196 
-388.884283 
-391.211715 
-374.146334 
-386.412018 
-384.891357 
-378.347324 
-388.510093 
-386.526356 
-390.566880 
-392.046272 
-396.274674 
-389.000000 
-389.000000 
-394.801462 
-388.015581 
-398.787558 
-395.391560 
-386.222123 
-381.252305 
-402.967329 
-386.666391 
-391.692580 
-409.307184 
-383.905375 
-400.285159 
-387.789996 
-402.723610 
-386.057576 
-384.263485 
-389.990422 
-381.015617 
-389.000000 
-389.350058 
-389.000000 
-384.775654 
-377.861082 
-396.063245 
-377.433814 
-389.473263 
-389.000000 
-389.675649 
-383.375914 
-391.620593 
-397.314467 
-390.120542 
-388.269477 
-389.795301 
-383.243358 
-376.003482 
-377.083176 
-356.664984 
-341.500000 
-383.008435 
-389.000000 
-403.073456 
-394.617093 
-387.912572 
-391.887380 
-391.889720 
-385.517676 
-387.934619 
-374.531346 
-379.131193 
-383.708357 
-386.513877 
-391.723453 
-398.423268 
-388.366579 
-390.502634 
-382.584186 
-382.485907 
-384.700084 
-393.288504 
-395.043134 
-389.998795 
-396.456481 
-389.657517 
-389.000000 
-389.000000 
-388.770823 
-377.970531 
-392.799877 
-406.144287 
-389.941959 
-379.121245 
-391.174101 
-394.259832 
-398.512193 
-383.078773 
-387.678367 
-385.437616 
-387.984814 
-389.264581 
-385.872037 
-389.000000 
-389.000000 
-389.000000 
-389.000000 
-362.682248 
-382.479977 
-392.098781 
-392.066681 
-394.631859 
-410.334004 
-393.502599 
-385.369123 
-365.964558 
-366.695876 
-384.882121 
-393.914826 
-389.824801 
-394.335902 
-386.849558 
-379.302825 
-377.640449 
-382.773436 
-387.172242 
-389.000000 
-394.310927 
-384.266948 
-382.295134 
-365.250000 
-384.021007 
-372.618495 
-389.000000 
-386.207717 
-382.815641 
-389.000000 
-389.000000 
-391.731138 
-385.055061 
-365.250000 
-389.819124 
-394.434324 
-388.556316 
-386.094893 
-391.319041 
-389.157042 
-385.300370 
-392.448686 
-396.198125 
-384.121778 
-387.591281 
-394.080031 
-376.891075 
-384.779915 
-389.922893 
-394.188489 
-385.307842 
-375.717284 
-392.088850 
-391.603081 
-374.264112 
-380.607661 
-373.162586 
-385.887975 
-391.436850 
-396.345020 
-387.496881 
-371.999023 
-389.609503 
-392.008318 
-389.211181 
-389.871174 
-389.000000 
-402.079211 
-378.431980 
-396.587267 
-383.034980 
-389.922892 
-398.945785 
-397.125982 
-390.036188 
-389.000000 
-389.000000 
-397.769025 
-381.988506 
-388.014685 
-389.000000 
-389.000000 
-379.694044 
-384.977685 
-380.337010 
-384.908952 
-381.021979 
-389.000000 
-385.163268 
-387.188724 
-385.081395 
-377.188063 
-383.839298 
-388.251975 
-393.134982 
-391.426232 
-389.391054 
-383.561130 
-389.000000 
-389.000000 
-389.000000 
-386.923781 
-389.806489 
-390.026309 
-379.130729 
-374.612704 
-393.960915 
-389.000000 
-399.219959 
-394.376127 
-391.099855 
-380.887091 
-389.373842 
-390.166812 
-390.698071 
-385.123455 
-389.000000 
-384.544087 
-387.743189 
-389.000000 
-389.000000 
-384.059822 
-390.415565 
-393.960915 
-389.000000 
-389.000000 
-373.194057 
-388.999999 
-392.927446 
-384.658922 
-382.523814 
-380.750334 
-389.000001 
-389.000000 
-389.000000 
-389.859358 
-381.938610 
-395.536210 
-387.628229 
-380.013853 
-382.157251 
-392.264679 
-389.000000 
-387.962042 
-392.113452 
-393.506734 
-393.545090 
-379.386591 
-385.627434 
-387.973173 
-393.631417 
-389.000000 
-399.486778 
-387.520821 
-389.000000 
-395.357035 
-389.865212 
-386.545995 
-389.571435 
-388.922302 
-397.126226 
-397.609717 
-389.580158 
-382.917026 
-385.135697 
-391.013730 
-398.400114 
-389.000000 
-394.964817 
-379.229685 
-399.251719 
-389.000001 
-397.471250 
-386.219226 
-392.018486 
-384.661482 
-391.375364 
-395.119589 
-389.000000 
-391.348707 
-381.811663 
-389.000000 
-390.591288 
-401.091970 
-389.000000 
-389.000000 
-384.738978 
-385.264190 
-393.440482 
-385.907144 
-372.835466 
-384.320724 
-389.000000 
-390.178260 
-389.000000 
-394.702788 
-388.183274 
-387.847185 
-389.014575 
-392.042781 
-383.410869 
-397.933379 
-387.672908 
-394.119788 
-379.168646 
-390.978417 
-384.537460 
-389.456759 
-384.774937 
-389.000000 
-391.947292 
-381.104716 
-385.457881 
-386.094893 
-385.566439 
-383.058025 
-389.000000 
-389.000000 
-383.102414 
-389.000000 
-377.147108 
-377.124998 
-381.132182 
-387.869381 
-392.747408 
-384.088618 
-389.000000 
-384.721505 
-385.246562 
-371.734290 
-400.360388 
-389.000000 
-391.786676 
-373.639770 
-387.112129 
-385.222172 
-397.062406 
-376.362087 
-390.356520 
-373.674513 
-393.437236 
-392.767966 
-392.883140 
-389.000000 
-386.179701 
-379.203405 
-389.000000 
-398.699801 
-389.000000 
-396.169550 
-394.802899 
