-0.031200 
-0.606765 
23.697900 
11.002852 
26.553782 
25.840097 
-6.666745 
26.887439 
28.406323 
36.999904 
36.716623 
63.079876 
58.063709 
67.093265 
67.979074 
60.125937 
42.085070 
46.508558 
56.843869 
25.007989 
3.756362 
-0.031025 
9.741442 
25.195849 
17.750920 
-1.784815 
-24.126324 
11.092502 
2.782425 
-27.209028 
-1.367806 
-2.692133 
7.281558 
-13.924138 
7.169404 
8.652421 
10.871968 
28.260453 
56.843981 
49.276701 
63.406723 
49.366296 
61.170561 
43.872777 
23.878895 
43.331122 
4.397106 
48.455972 
28.406592 
12.673241 
34.409194 
6.936699 
41.883861 
-6.251734 
0.481787 
19.344626 
-0.031112 
39.571199 
17.991153 
33.314670 
4.416335 
17.736351 
23.884672 
21.086339 
18.564820 
-3.002647 
-6.501530 
1.450158 
5.115654 
8.138476 
11.471754 
21.902038 
46.842817 
30.295481 
66.931643 
79.723869 
65.078594 
114.877552 
81.555456 
87.911711 
93.205851 
91.258272 
106.482697 
45.506755 
49.108722 
18.082594 
26.524563 
-0.031074 
-0.422375 
-15.810059 
-30.789057 
-21.833225 
-8.334577 
-33.021417 
-12.812234 
-0.031053 
21.211016 
61.043599 
63.705011 
86.201292 
57.182927 
65.800586 
47.985463 
36.620547 
56.844185 
30.403269 
39.961513 
0.895277 
-6.946331 
-20.726442 
-28.468631 
-26.611049 
-61.864562 
-48.334538 
-25.080484 
-57.060482 
-56.906203 
-49.559944 
-42.837832 
-60.333101 
-52.910485 
-34.152016 
-56.905808 
-73.143038 
-28.468120 
-12.266006 
1.623585 
-3.050643 
-17.183614 
-29.601247 
-21.028871 
-8.859525 
-29.698307 
-5.830373 
-13.552176 
-19.267529 
-28.508837 
-36.448333 
-24.680175 
-7.870588 
-7.305180 
-4.474623 
0.722910 
16.958968 
25.115939 
41.972008 
54.642340 
26.450379 
40.276532 
32.332325 
43.738379 
63.937065 
23.583511 
41.367811 
39.602521 
38.363854 
28.406359 
32.728119 
23.529615 
-7.412084 
28.406289 
-5.996798 
16.304387 
38.342072 
68.716335 
70.025330 
58.129808 
93.326066 
98.795987 
99.249807 
103.456106 
102.766046 
107.703387 
99.600388 
71.062476 
78.171717 
62.176830 
22.934119 
43.025746 
18.300380 
21.185757 
12.410146 
1.115358 
10.192647 
17.143909 
-0.449690 
-1.395743 
17.978177 
-24.105056 
0.309416 
0.136268 
16.131378 
10.245381 
21.704652 
28.406212 
28.534930 
56.843799 
52.393748 
34.050339 
22.018102 
34.031266 
27.566944 
28.406199 
21.160253 
-18.287958 
3.203840 
-13.836727 
15.381670 
2.567767 
13.837767 
21.288819 
4.557478 
39.764559 
22.695961 
28.406491 
12.726198 
46.416999 
11.759105 
10.226232 
18.635224 
5.405943 
26.055404 
10.280786 
30.682805 
33.429423 
3.467579 
-2.662061 
5.684366 
-32.693217 
-30.330968 
-26.118122 
-21.764305 
-3.840234 
4.785298 
-20.297115 
22.996298 
0.169698 
11.402370 
11.726451 
17.006671 
28.406853 
28.406844 
13.061077 
26.512431 
37.742209 
33.780477 
26.067026 
59.386369 
5.379150 
19.361970 
39.801997 
20.423767 
-0.037920 
15.211251 
9.109859 
-2.313525 
5.246156 
-14.249845 
-0.031089 
-28.468760 
-0.031154 
-11.444618 
5.832582 
-8.458407 
14.942322 
12.701471 
31.661223 
52.470208 
43.707241 
68.929030 
35.202596 
58.087991 
73.121410 
39.221248 
73.298344 
45.914590 
-1.286899 
4.054362 
1.063016 
-3.159931 
28.405712 
26.038071 
6.769628 
21.580363 
14.187151 
11.963359 
5.539011 
28.405897 
17.751235 
-0.319827 
28.405904 
53.999600 
45.546666 
22.622348 
11.520837 
18.599319 
16.171771 
10.530979 
1.648281 
38.916113 
24.992223 
-0.837908 
48.073290 
17.285638 
23.308026 
14.123329 
43.676782 
16.462470 
14.508639 
18.666587 
16.895239 
19.831854 
-10.459992 
-11.550273 
-5.983452 
6.418778 
-6.752839 
17.775269 
16.323514 
14.527311 
36.025242 
52.323269 
30.883427 
52.739086 
77.076304 
79.306027 
58.110317 
85.281842 
79.062781 
62.283534 
41.461878 
30.095607 
4.448708 
19.635227 
22.013987 
12.171010 
14.187847 
-0.030932 
23.280055 
17.618257 
53.908670 
54.000551 
42.625207 
51.063330 
55.796400 
48.590848 
28.207690 
28.308977 
56.843759 
50.374309 
33.444603 
10.797894 
43.598030 
63.295062 
33.346658 
70.230653 
24.534343 
57.442422 
20.740227 
28.406074 
34.626315 
-16.916184 
8.710329 
16.773537 
7.788004 
12.016857 
-2.078864 
-3.784984 
28.406393 
37.048275 
50.157399 
20.852787 
47.233382 
42.575134 
35.636969 
34.735356 
55.846107 
56.844191 
78.384276 
69.788845 
85.281037 
85.280866 
99.030376 
103.299115 
88.163692 
71.062790 
56.844568 
41.386079 
8.499800 
24.464032 
-7.065493 
-4.090598 
-2.210433 
-14.249832 
-16.915511 
-0.030452 
5.878162 
11.506371 
30.810748 
47.529991 
46.774034 
52.623549 
69.394285 
71.063246 
69.693109 
53.997894 
68.886904 
85.535733 
67.989577 
44.428491 
59.350870 
43.065664 
54.790066 
17.730493 
36.369753 
28.406641 
13.634039 
16.609355 
33.139029 
42.789613 
45.958714 
63.073904 
52.592903 
68.158481 
56.223076 
47.224879 
64.421879 
65.818927 
85.281467 
97.297767 
96.640370 
114.289776 
131.770217 
123.429637 
104.853411 
98.830581 
104.410087 
107.809938 
106.580015 
85.281225 
99.259330 
103.797997 
85.281130 
76.438570 
101.104066 
99.499594 
99.499772 
67.769792 
113.857044 
92.345448 
100.583128 
119.234954 
90.733517 
99.499724 
84.698113 
71.062414 
68.978608 
95.647090 
66.411411 
71.764237 
75.572010 
86.844956 
79.768863 
81.719552 
68.619101 
84.792798 
70.732272 
73.329427 
73.846656 
57.106441 
71.062490 
61.626680 
37.896363 
43.792741 
44.304598 
40.194781 
38.944185 
56.843838 
71.062684 
83.712047 
56.843737 
68.964578 
71.016691 
69.203946 
107.860067 
79.504142 
105.400716 
71.062403 
68.609936 
37.300343 
20.340651 
-4.887751 
-30.246140 
-13.770766 
-23.276247 
-24.020199 
-48.620889 
-35.461393 
-57.462655 
-35.479512 
-56.186029 
-55.284654 
-66.730513 
-41.381160 
-56.906385 
-21.664828 
2.963503 
28.406213 
76.483163 
71.062298 
69.596237 
85.609990 
56.843397 
-157.176744 
-25.207801 
63.862515 
-15.283608 
-85.674573 
-37.000751 
100.820187 
-28.469102 
-218.766695 
21.715243 
-217.031343 
17.406875 
-71.725437 
83.000785 
38.454291 
-51.868393 
6.908698 
-85.342934 
31.155961 
-30.991415 
-56.906078 
-50.291996 
93.984626 
-33.790957 
-1.008872 
-518.441446 
-54.277173 
-131.363481 
147.281731 
62.829293 
-23.887178 
11.848876 
22.509577 
-173.668966 
246.623405 
-100.562169 
109.091922 
-28.467663 
95.034819 
-44.536464 
-30.916185 
-121.459987 
128.098879 
302.409722 
30.436168 
-123.811445 
142.753307 
-0.030288 
77.676475 
259.660357 
32.240002 
51.716854 
-2.696577 
84.494125 
-139.335286 
28.407193 
184.016546 
-95.232182 
-3.273062 
-19.881862 
23.871354 
-64.165356 
200.071344 
190.667428 
-57.724252 
313.050961 
-70.582350 
-83.418539 
231.541401 
286.080130 
15.005022 
190.286509 
189.598327 
-44.991482 
136.723943 
555.981422 
98.362799 
-40.761283 
-59.581323 
290.950171 
109.322824 
241.125982 
79.838647 
235.772554 
231.942468 
140.608111 
668.249157 
61.349188 
475.146980 
72.300588 
387.666514 
249.523404 
-83.820770 
250.329082 
497.624732 
1.460344 
-32.304543 
329.134056 
238.626923 
-138.038494 
3.808648 
116.871543 
9.141822 
341.218824 
194.216121 
-241.035543 
253.978998 
188.354094 
43.435370 
113.718835 
169.021622 
1.298840 
-53.605889 
-36.701723 
169.453224 
170.594699 
245.421765 
-241.070496 
-196.977228 
185.931487 
130.056340 
184.812234 
-353.735709 
341.220057 
-97.733208 
121.840801 
-100.798924 
190.563792 
38.667303 
-7.832422 
-173.073434 
-187.259964 
160.610992 
103.786533 
-133.574894 
-16.037030 
-143.180779 
-61.676306 
-203.970045 
-2.466790 
20.409863 
130.262797 
-39.456422 
247.471691 
-335.691979 
-412.757576 
-107.449476 
-72.926780 
88.803096 
-112.531345 
172.646231 
288.012855 
-92.364589 
103.255074 
-35.626196 
170.594381 
-49.146906 
-18.590358 
-334.168969 
312.781699 
53.732978 
-87.194632 
137.416302 
-9.277422 
166.277344 
206.346284 
-402.810743 
51.883242 
-69.613691 
14.815055 
304.015658 
-50.960715 
234.807678 
85.278743 
142.155381 
329.551051 
-350.690992 
-138.229448 
64.104567 
156.305985 
138.913907 
48.422166 
-25.517492 
87.414172 
-70.990586 
-155.486141 
57.346817 
-2.424504 
-2.173258 
142.652178 
32.524458 
-26.556666 
-0.181322 
28.405524 
252.865553 
454.968656 
-411.984450 
-65.982357 
-71.798277 
90.876316 
-13.836340 
284.343624 
213.576271 
-375.849448 
-162.113657 
55.899114 
-132.441174 
187.791357 
-158.421271 
-47.633074 
-250.453990 
-29.373185 
-175.583220 
199.032569 
137.914521 
90.022346 
-157.092995 
219.895679 
-5.661989 
53.509844 
-131.127357 
176.554606 
-77.918762 
2.190630 
-61.217419 
75.315362 
34.965249 
-155.410681 
137.869661 
63.649631 
133.660133 
-65.254960 
-68.138852 
194.167621 
-59.265748 
-102.415142 
280.052539 
-61.498025 
74.460943 
28.408090 
113.720377 
-16.422183 
-242.663629 
135.527100 
-84.751315 
-58.084229 
374.827457 
-266.849834 
210.070283 
-87.662366 
139.996740 
14.538146 
364.320584 
-166.285320 
132.754182 
-116.545616 
-0.030611 
213.250864 
28.407456 
241.688586 
457.189322 
-227.479521 
183.467912 
29.107561 
239.957579 
-214.474798 
-30.057199 
104.321486 
237.826805 
-263.087758 
-39.017731 
114.687919 
-174.296430 
-157.886617 
-162.031274 
-67.678303 
171.300489 
-71.031236 
168.015485 
184.813000 
-24.728509 
-109.733916 
51.055476 
28.406462 
87.996220 
-276.860465 
298.562808 
91.019674 
-66.549536 
113.718817 
372.500512 
-181.833281 
-0.930800 
-411.486466 
-235.752542 
-140.389306 
-50.184247 
-7.657632 
193.112012 
-151.244996 
-6.001910 
167.686209 
435.205619 
-39.161669 
53.256756 
225.961388 
-154.146654 
163.794497 
247.603953 
110.926502 
65.880732 
41.055827 
-134.537238 
-105.498704 
53.341052 
164.462354 
54.821853 
42.453324 
-166.476365 
-397.312698 
134.891816 
35.986873 
-24.796826 
159.008390 
-141.700184 
-66.461385 
369.655698 
17.128553 
224.180755 
12.429886 
141.337231 
-136.302173 
211.595230 
-172.153105 
6.827240 
56.843014 
326.999843 
177.343790 
-188.662073 
47.972939 
-143.166235 
-28.469031 
10.489488 
-9.676234 
-146.888174 
-289.789728 
-111.528982 
156.374918 
139.986720 
-92.519489 
-50.164065 
-105.715408 
-140.711604 
-31.591921 
-122.589230 
41.986632 
-3.967509 
-130.392971 
270.125728 
-70.235180 
34.627287 
2.418859 
-133.267017 
-135.060022 
99.061814 
-187.457191 
164.832210 
213.251693 
210.025414 
-289.080194 
54.618992 
-66.598958 
-127.860199 
-331.108176 
-159.151166 
23.336210 
42.626715 
2.442533 
-100.883722 
-28.467210 
56.845517 
59.807421 
-101.119249 
-45.606292 
-28.466604 
270.126515 
138.283755 
-67.330912 
-35.519706 
27.801029 
138.837088 
49.707096 
56.845082 
31.073045 
127.939576 
102.048887 
43.548849 
198.412841 
229.990379 
-192.836276 
-27.572551 
84.138553 
199.032802 
107.066925 
91.776217 
-23.977456 
-88.324585 
150.886418 
-328.578461 
126.566292 
-19.692692 
386.929614 
-107.203538 
217.465188 
85.281945 
-178.211330 
346.767171 
126.386439 
79.259647 
-393.888948 
30.644699 
-74.545919 
-14.361154 
58.107276 
-82.077765 
-21.373631 
243.287118 
71.063008 
-212.749045 
30.548530 
-3.463131 
27.018845 
106.722410 
3.334919 
228.291890 
171.505695 
156.330045 
-40.132664 
42.625422 
62.092034 
-150.888150 
-14.249996 
-150.547933 
-217.742704 
-14.249798 
-14.249788 
-146.254757 
-170.849169 
148.071598 
-58.239113 
66.486886 
-173.320926 
-0.031041 
-53.889018 
-14.249668 
10.337160 
-57.724612 
-0.862972 
58.957608 
-569.569281 
229.008630 
-158.831275 
-53.669614 
-23.084508 
-197.928657 
-41.100262 
21.609821 
-252.289926 
-154.427204 
-28.469501 
113.562484 
29.112141 
-407.801415 
-149.845276 
-12.271616 
221.299309 
-28.469013 
-28.468868 
-123.569716 
213.250110 
-155.976556 
-7.524861 
-119.528426 
-73.117664 
75.037129 
19.546135 
28.406410 
-82.509616 
-71.400385 
-245.762653 
-261.746771 
-75.569091 
33.177505 
110.220259 
-43.118102 
18.206693 
-172.580446 
-53.010002 
-107.631838 
-246.503889 
-17.154161 
100.796595 
164.727109 
28.406761 
1.054481 
-33.649067 
14.187971 
41.649171 
-127.999655 
-282.989578 
17.114392 
142.158483 
12.416040 
34.897028 
332.316071 
460.315035 
-263.760774 
38.836487 
263.431753 
142.158143 
-290.780128 
242.604916 
30.079620 
256.893088 
97.624785 
326.819823 
481.885906 
76.217180 
120.443709 
327.002380 
137.646690 
-101.710686 
526.062066 
240.983141 
218.604937 
11.535403 
124.448717 
-424.484984 
36.368232 
200.261403 
-75.854874 
128.373323 
-17.510432 
299.579229 
265.262852 
96.548007 
326.218392 
464.519097 
123.684967 
170.589633 
383.443302 
181.190926 
-244.228346 
15.906088 
45.386345 
630.937352 
327.055235 
-195.139840 
30.873176 
255.904298 
-5.675814 
453.057418 
280.452355 
367.790914 
215.915066 
189.591944 
123.076646 
981.059204 
-21.715140 
119.941745 
-78.077933 
3.756357 
197.480518 
-68.653017 
180.065654 
323.367776 
-34.589719 
336.974878 
-87.182190 
291.340315 
152.065012 
439.424453 
122.678203 
-48.726456 
59.739703 
267.315002 
149.619507 
728.623220 
-123.205048 
194.978487 
-86.122315 
243.017521 
268.143559 
66.669357 
-101.900771 
85.909986 
207.779803 
-5.852003 
554.504954 
-103.712319 
268.745680 
203.715512 
220.832702 
216.811407 
-13.814857 
13.199832 
341.218364 
-104.977230 
40.658572 
173.631858 
133.843345 
-177.278356 
-201.935397 
303.628741 
-253.959665 
398.094594 
149.854535 
-316.571184 
466.988144 
62.483611 
195.479396 
184.812183 
309.531843 
-67.421655 
83.020129 
-434.054389 
175.462888 
255.904904 
241.271473 
-433.821643 
-264.029071 
221.869188 
72.434861 
127.939019 
-372.643500 
369.656260 
-148.407097 
120.429134 
130.660188 
161.546194 
-239.029167 
238.736694 
-351.474474 
-214.983800 
128.868475 
70.088707 
-145.902509 
-125.093136 
-307.205384 
-219.700884 
-217.927155 
113.353054 
173.262143 
27.590918 
-524.783814 
114.415132 
-505.844273 
-487.182063 
-240.698254 
54.101268 
-250.196412 
-198.921219 
68.894029 
353.979799 
-78.451515 
165.191711 
-223.439894 
227.469211 
-118.111361 
39.473256 
-394.535113 
312.777975 
-150.321311 
-179.117135 
158.044679 
94.517611 
165.925840 
213.477466 
-422.434541 
145.918911 
10.527263 
-190.506094 
337.137129 
64.150719 
-28.588213 
28.403651 
234.562352 
343.886542 
-119.186150 
22.463687 
-339.938068 
-40.186204 
705.740884 
-161.499345 
31.785491 
-100.329739 
26.875619 
-356.943174 
210.074505 
169.670161 
17.738079 
246.878975 
286.099713 
70.257832 
114.559468 
454.963732 
198.421701 
526.058910 
-407.211380 
-44.442271 
62.735220 
90.404218 
28.587578 
113.713130 
-130.528322 
-468.840232 
191.813755 
-429.900213 
37.827186 
222.723161 
-181.964384 
-143.570824 
-256.091221 
-83.763000 
57.391294 
469.185146 
-141.500636 
-132.744959 
-43.276761 
254.341700 
160.164393 
209.704276 
-148.589532 
272.903496 
-217.797443 
-52.590526 
-12.843720 
-66.913691 
-182.536887 
-279.524223 
150.185218 
229.837617 
-52.856924 
-76.489205 
-6.063664 
168.796509 
-96.354704 
-144.827908 
107.852014 
-87.376869 
33.173421 
170.593333 
639.812919 
-380.611148 
-104.904792 
-175.024566 
112.348555 
-156.856404 
63.846854 
-636.476465 
180.665754 
31.203456 
134.572906 
-84.264625 
299.995149 
-328.392799 
99.466232 
-77.969863 
327.001452 
56.845738 
270.125866 
170.596104 
233.695595 
-89.288501 
518.737777 
-43.086207 
308.285241 
-338.263372 
-211.888443 
-121.464196 
409.371427 
-300.550529 
-61.489715 
13.310421 
17.691270 
-458.116121 
4.124623 
-220.950336 
219.594457 
-256.774646 
143.385293 
213.253855 
70.192214 
-68.257693 
-202.553813 
270.129136 
-143.173808 
-321.490556 
56.847245 
197.638268 
-82.603401 
582.941243 
129.837927 
-57.133427 
-83.498001 
-464.803642 
-176.205260 
7.999600 
-18.864129 
-208.219263 
328.723167 
-89.429862 
14.325766 
151.631648 
331.955771 
-108.466019 
199.680874 
219.541410 
10.164597 
101.971693 
258.065164 
140.896427 
239.548670 
-6.467133 
-166.026114 
-156.410961 
11.531610 
135.211403 
-259.472430 
-150.302836 
-134.625606 
-302.550917 
340.716528 
-81.354526 
-7.438510 
113.595924 
-98.632613 
376.078903 
611.373755 
-691.767730 
304.467158 
52.170527 
44.416238 
-154.280297 
257.762097 
-352.463212 
-188.905621 
355.436719 
156.372984 
298.645162 
1.165553 
161.615443 
-294.833073 
298.562794 
-178.635596 
-28.836605 
70.544850 
-455.597888 
-105.321034 
127.938656 
145.766091 
80.964311 
-35.292478 
-217.818488 
108.442567 
249.926320 
-74.532229 
6.862033 
-112.547882 
-72.738565 
56.846576 
-179.539143 
-223.085964 
-2.666397 
-202.215359 
-177.007006 
246.649023 
-245.225683 
241.298806 
-28.465005 
-94.400309 
-327.180486 
81.557821 
82.044010 
46.186428 
-325.423711 
-17.586328 
305.313931 
-56.903595 
58.870916 
65.116657 
85.284680 
156.377836 
17.328089 
-69.844079 
-94.267014 
270.125822 
127.941150 
123.334695 
-203.831679 
-168.168108 
218.068082 
285.411267 
-7.784900 
184.812552 
-369.718401 
28.408243 
-25.416893 
94.961520 
194.821186 
298.818673 
-103.991977 
43.654676 
150.214836 
184.809913 
351.392459 
-203.028056 
77.651067 
-314.482490 
-16.405595 
-225.292763 
21.849968 
-164.713787 
186.757350 
-35.264228 
188.781968 
127.936569 
-38.582527 
281.033749 
84.708424 
167.132113 
-202.921160 
-112.366257 
122.459901 
-179.278297 
65.704900 
-8.696529 
-20.200599 
3.803798 
71.063059 
-202.200345 
118.131600 
-218.117953 
-191.707868 
259.622617 
-186.491762 
85.790549 
30.216725 
49.452581 
0.696023 
42.625163 
-146.428509 
-322.130891 
14.186800 
-294.573449 
-247.266881 
-0.032234 
28.404881 
-89.807382 
-116.843476 
-260.286705 
-107.895328 
48.747372 
-336.403537 
28.404658 
-237.954220 
28.404172 
-181.632372 
-102.920335 
-115.921302 
31.990545 
-421.928178 
60.612458 
-323.216946 
-54.553667 
-4.973304 
-78.366901 
-83.596337 
39.213079 
-175.564661 
-36.424998 
42.623312 
17.586843 
156.234500 
-317.989522 
-208.222516 
-11.944284 
241.690476 
42.623085 
42.622567 
-97.887128 
-28.470206 
198.658872 
-147.368521 
-108.740473 
-165.423648 
-43.521289 
92.919730 
142.155766 
25.419701 
-174.866350 
-214.042348 
-238.332238 
-139.552238 
-100.022811 
-39.469782 
-1.562960 
-188.062533 
-222.348641 
66.057723 
-143.620515 
-261.699175 
-27.596096 
-77.294500 
-5.811794 
156.378158 
-98.558384 
30.205599 
-127.996520 
18.080783 
-127.998786 
-154.695531 
-54.098972 
454.971963 
147.981801 
-169.907003 
363.643314 
-73.465010 
-70.460235 
296.665620 
24.399717 
398.094270 
-133.292735 
247.047620 
86.956950 
369.148522 
120.696123 
550.580733 
194.787846 
-67.423029 
-4.983685 
241.687296 
212.479296 
237.667714 
170.594862 
334.429909 
447.522929 
-166.315574 
-47.083862 
-29.584138 
337.418733 
304.902968 
176.916256 
325.575497 
136.171361 
201.443760 
141.361834 
288.715059 
156.240869 
161.492576 
-234.520517 
284.342044 
346.747075 
73.696793 
31.095107 
283.559102 
78.518399 
541.404783 
383.621831 
280.050227 
-204.329136 
469.191014 
89.839269 
496.834097 
-147.318545 
124.910614 
36.402468 
225.087873 
18.105897 
355.440723 
83.809316 
-53.770228 
51.182026 
183.254009 
192.523807 
26.855628 
-57.674820 
333.449905 
34.231170 
251.038474 
-18.350994 
-224.736929 
396.790159 
-20.449990 
104.295205 
235.567747 
5.772462 
-12.267478 
237.643248 
1133.317715 
211.340344 
79.343738 
27.570296 
126.324213 
235.657339 
-30.999524 
-115.474324 
-29.759658 
-55.293800 
-87.103881 
327.003152 
143.500651 
403.639487 
181.024913 
220.836584 
351.663973 
37.530220 
-188.168887 
469.188844 
-58.482277 
80.866071 
150.835392 
73.157486 
290.014147 
-186.763459 
63.342481 
-142.761745 
483.406272 
415.102787 
-327.085492 
-63.023363 
299.588140 
-190.796817 
170.600920 
392.124430 
-12.567368 
198.281739 
-230.630002 
-156.316725 
284.344121 
196.992747 
-100.917951 
159.983705 
435.156218 
35.449083 
-0.041916 
122.992203 
469.184518 
89.138831 
-47.178692 
-29.157639 
310.946812 
-253.753663 
180.288522 
9.906845 
183.844133 
161.677696 
-58.785444 
-176.942603 
40.597840 
-443.988169 
-56.510161 
14.913271 
-3.751022 
89.719915 
-88.166585 
-160.712070 
323.781379 
-107.219407 
-72.296521 
-51.916291 
-65.449390 
316.394164 
231.141438 
326.904433 
97.301307 
-162.826023 
10.140044 
17.870371 
440.747771 
183.274844 
-143.479314 
-207.006996 
582.936573 
77.450597 
-92.401213 
280.684740 
-5.947135 
115.716292 
171.250241 
-242.500699 
109.014062 
-137.655504 
-200.117554 
222.210538 
-59.779823 
-393.394403 
85.281703 
241.688992 
288.508624 
366.849028 
-93.347134 
-49.651503 
145.823458 
164.561580 
-265.992598 
85.757255 
-180.661259 
-149.664095 
-124.628653 
239.851680 
11.529297 
29.930419 
430.684718 
22.756879 
14.315275 
-60.889357 
369.658009 
99.795202 
469.189698 
-283.898892 
46.127980 
-204.975261 
-61.961644 
-84.863622 
199.034838 
-0.777982 
-932.263034 
-514.464734 
507.454782 
-44.748696 
286.919196 
-139.740583 
152.426799 
254.016934 
-72.926140 
-164.479870 
383.877932 
-56.888375 
-298.620639 
-275.266455 
146.593400 
-257.527347 
-116.012548 
-3.179376 
237.652412 
-130.661114 
-144.043641 
73.893351 
-51.698322 
12.601039 
-223.934874 
88.368013 
108.204610 
169.555206 
31.550733 
-29.944585 
-127.362872 
125.386981 
-254.746443 
41.334026 
-146.647012 
-111.235818 
142.158459 
554.500319 
-316.789288 
-75.010829 
-136.592401 
44.924346 
-7.135880 
348.746831 
-491.178663 
73.704863 
-152.872467 
199.198604 
-172.079698 
207.084882 
7.822605 
24.665154 
4.023475 
270.123430 
-56.908199 
156.373933 
85.280464 
-153.877040 
-133.974997 
333.796870 
-155.704571 
150.397184 
-171.477298 
-252.030021 
147.101151 
418.511069 
11.432356 
-91.733924 
-41.271010 
220.406089 
-190.095630 
91.988731 
-250.893052 
40.707946 
-163.106705 
-90.811997 
127.938024 
-141.842338 
-188.178806 
-28.852132 
383.875552 
55.601252 
-155.446503 
28.407508 
15.845143 
-5.224785 
440.750435 
38.834162 
-100.390381 
-119.190293 
-203.533413 
162.402453 
-67.260707 
130.159169 
-63.276033 
124.455645 
-272.158739 
-70.359298 
-177.589694 
7.237115 
-305.911002 
19.611446 
158.869690 
-214.553069 
-247.868628 
-288.582522 
9.865094 
-70.490304 
2.251332 
-140.706386 
-57.261252 
62.319640 
-101.488646 
181.828699 
-68.531051 
-349.828748 
-421.902684 
99.948014 
-158.032888 
-125.774216 
126.199229 
-90.235133 
50.986128 
582.939452 
45.744104 
97.156958 
64.097946 
-5.415337 
123.759815 
77.476640 
-200.057087 
-186.909332 
270.125298 
213.249835 
76.593780 
-167.664571 
-412.116762 
-446.499631 
270.124211 
-193.557954 
-66.480735 
-5.005235 
-58.850723 
-129.242239 
127.937219 
-40.819921 
44.068340 
20.501123 
-223.323397 
191.431781 
-16.621349 
17.671097 
160.200458 
253.165705 
7.614692 
85.279613 
-80.914371 
-244.418594 
69.372723 
-88.001198 
-153.668557 
287.356567 
-109.705852 
155.935890 
56.841318 
15.668738 
-342.210156 
89.259478 
-0.683173 
-113.664576 
-331.283992 
63.538922 
133.554965 
71.059669 
68.835716 
12.432646 
270.120042 
270.115002 
32.889146 
95.365046 
-366.374596 
355.432587 
213.249050 
219.665756 
-67.341414 
-276.167500 
35.981191 
209.182489 
-20.948929 
213.243423 
37.285455 
85.272682 
175.439910 
158.512666 
82.542493 
327.086004 
-145.031072 
-274.087103 
268.575058 
284.337209 
-64.167169 
84.486810 
-3.743245 
-313.620099 
-156.634987 
165.102141 
-204.100331 
-51.339136 
193.975718 
17.112069 
301.038306 
156.372224 
-250.143330 
80.469292 
-62.744394 
61.015620 
-199.196938 
119.589234 
-367.499479 
-335.255573 
-64.581129 
152.869214 
134.604788 
65.127732 
28.405525 
-160.252973 
203.648012 
-27.700007 
-642.202765 
170.241215 
-239.288595 
-130.910065 
-0.743055 
58.549610 
-307.046081 
42.627282 
-300.040422 
-152.139214 
42.627378 
-377.301819 
-337.443579 
42.628845 
42.627504 
-132.827713 
-253.394067 
-112.923084 
17.204478 
-63.450134 
-276.491558 
14.190982 
-46.376353 
14.190152 
-59.485047 
144.985230 
-67.239194 
-116.082255 
-97.369258 
-151.117743 
-57.063612 
-95.686487 
136.068697 
-97.749571 
57.459947 
-119.158332 
25.781834 
96.756847 
-14.246462 
-134.041396 
102.827781 
-276.615683 
-148.588597 
231.920941 
83.901471 
-0.028301 
156.377837 
-95.201896 
14.187892 
53.379907 
-181.218104 
-127.142390 
-10.618556 
-262.799605 
145.450774 
28.407192 
89.062023 
4.241600 
-143.296176 
-345.147841 
-132.445648 
-156.505347 
72.397554 
-203.569310 
-37.918825 
26.974003 
172.446517 
-41.936593 
-227.124131 
113.260464 
-160.130286 
13.675786 
14.185828 
-110.371951 
-184.127896 
-128.001865 
-1.607844 
-128.000482 
-202.291793 
-358.204659 
355.440528 
29.231074 
-210.715563 
196.634844 
-89.632914 
-430.272531 
-97.664725 
199.231347 
469.188674 
-160.356086 
229.397397 
-25.134739 
54.267485 
148.015208 
328.231833 
202.326019 
-215.971544 
181.653680 
184.812963 
3.750857 
253.372473 
312.781711 
178.281280 
184.116340 
-277.033404 
-70.325606 
267.328652 
434.870603 
225.535003 
-234.326425 
128.976802 
140.163734 
149.783888 
355.485544 
-282.984117 
240.798636 
12.048159 
-16.916256 
668.248432 
572.755143 
-264.197637 
-2.570357 
160.066684 
315.889569 
712.763601 
288.735321 
-230.429375 
-42.819907 
56.843131 
292.496881 
77.018775 
-60.660393 
85.979366 
-112.003908 
-126.838524 
344.138715 
312.781658 
364.965982 
-154.939247 
348.581721 
-243.818937 
57.715197 
-45.031570 
243.922471 
388.173356 
162.912427 
160.827827 
-17.381307 
261.182929 
568.757457 
200.914330 
202.343006 
62.002876 
-16.186111 
-26.910967 
363.244937 
341.043228 
-21.530775 
-52.374257 
188.507624 
305.016175 
227.530135 
51.439729 
-53.539623 
-89.016393 
331.798647 
109.821728 
142.154541 
253.283389 
27.528374 
-124.358385 
417.998997 
87.936358 
25.276431 
35.159922 
227.467331 
36.699826 
147.365485 
76.678582 
-77.727565 
-482.618269 
-127.931983 
52.433003 
-52.413819 
639.809713 
75.275866 
-437.325425 
-91.724222 
-31.716893 
-119.082028 
113.719335 
-95.839280 
-119.447685 
53.223398 
-284.288064 
84.661659 
326.995633 
-19.935413 
-371.981331 
-161.436907 
-76.371757 
-33.371559 
199.027939 
110.309899 
-28.467460 
-50.717343 
45.738203 
-193.059505 
270.810521 
-261.596939 
28.727619 
-42.113882 
-60.492588 
59.211594 
-105.305261 
-134.092005 
-203.741437 
-78.761103 
-28.358194 
-103.243749 
18.718078 
-446.144353 
2.424730 
-236.033898 
209.683458 
-315.283456 
-370.819599 
50.238425 
-352.951328 
344.585388 
126.783990 
-74.826757 
-16.235212 
-95.109433 
85.063019 
65.489000 
56.844131 
-5.572493 
-40.599420 
-3.346158 
412.312291 
-117.072513 
-387.984644 
61.020291 
250.156453 
119.576542 
254.629938 
-249.251057 
-149.236432 
67.655731 
-92.026129 
57.829062 
-55.380717 
-461.344432 
199.030690 
312.781006 
318.322324 
-136.277650 
-46.826040 
-171.671382 
11.136329 
87.024106 
104.400422 
-29.795635 
53.080344 
236.238534 
42.279145 
267.475693 
-19.418667 
44.618600 
-11.290116 
54.016006 
414.034548 
27.315630 
469.186067 
173.969058 
341.217983 
-383.162864 
-117.921786 
-39.809993 
-113.375394 
-30.938436 
284.343581 
98.221034 
-159.900850 
-65.883186 
-5.543494 
-62.456804 
181.152052 
-31.468173 
76.415174 
56.532917 
-336.520887 
108.847531 
184.812095 
256.140077 
253.063010 
-370.052859 
-217.972992 
140.090264 
63.540968 
322.478992 
-135.589244 
19.928498 
-185.983620 
-0.718150 
83.122251 
123.225192 
28.855079 
162.260959 
171.793408 
-29.035766 
-57.153463 
-86.818245 
23.572938 
-163.971729 
78.201306 
-24.013890 
-150.832924 
-51.093842 
526.063184 
199.031616 
-231.329346 
-83.875525 
-148.363522 
-24.519806 
343.518467 
-0.912843 
-281.364882 
-62.920329 
264.619632 
9.814961 
-29.385372 
218.123585 
19.165556 
-27.838299 
-89.715021 
-0.031534 
-0.030546 
113.718873 
355.437355 
-65.502895 
-152.471236 
278.388377 
-123.661527 
114.855559 
118.704374 
-45.278248 
-62.235352 
182.911857 
-144.551304 
-64.962855 
103.947312 
-7.605980 
-148.690732 
-97.068610 
-119.052502 
42.703049 
-46.119791 
-70.172412 
-0.031525 
-94.118416 
-83.358352 
-171.040599 
28.406559 
-3.357712 
-786.307089 
113.718700 
333.360818 
164.267289 
184.812926 
23.667034 
-304.584665 
-140.647196 
-378.602776 
-34.230657 
-8.058508 
207.567045 
31.323237 
8.900003 
-196.615929 
254.974618 
-158.655409 
123.212764 
10.234166 
-78.589913 
128.006559 
22.230522 
25.033722 
183.093101 
141.901551 
-139.085751 
-41.415317 
-12.774534 
-8.110409 
137.774708 
284.435442 
-129.949352 
-10.043838 
128.789052 
-227.164126 
127.838790 
-40.198617 
36.343148 
21.818241 
110.354790 
369.250476 
213.250001 
-89.897125 
-59.480601 
-2.795530 
27.913680 
55.127761 
331.079887 
-20.142578 
-16.348815 
127.936871 
99.499974 
-8.053130 
82.700167 
8.991498 
129.834618 
127.937728 
245.165520 
-159.007302 
95.000000 
-63.091466 
-135.836712 
-0.030657 
17.331694 
-227.500475 
39.963753 
254.473844 
58.064724 
94.353941 
-25.544488 
-273.433070 
118.359525 
-34.550993 
184.813302 
299.449841 
-547.452894 
146.291037 
35.864410 
-46.023979 
93.144046 
-245.301693 
72.200807 
127.939152 
-170.040556 
81.648960 
-102.344475 
-60.995747 
-34.965629 
-422.172439 
-203.675672 
-96.081866 
-0.030025 
-15.497915 
96.516309 
99.500052 
-14.247882 
-88.039070 
70.510667 
-143.927566 
127.939256 
-28.469443 
64.693437 
-234.164132 
-30.878245 
103.705522 
-21.183502 
26.307670 
-0.030625 
-151.108456 
142.156314 
241.026168 
-66.044515 
63.682908 
6.993334 
-50.048428 
-270.430984 
305.679982 
-213.313883 
109.382983 
-29.743118 
104.788463 
43.641294 
27.088850 
45.348632 
-13.767644 
-37.495043 
767.442082 
-168.048724 
257.192948 
14.187820 
-2.444969 
19.684564 
27.877292 
173.217622 
-37.507785 
-23.688774 
27.222680 
-121.709388 
75.191568 
-217.833403 
24.435196 
-6.847170 
-0.031515 
-99.884103 
-1.575407 
-22.986856 
143.209258 
93.230235 
-135.302828 
-318.404003 
-111.869622 
25.845756 
58.772790 
-0.030695 
-38.585105 
-278.233689 
42.625747 
-187.156823 
153.305711 
14.187759 
-0.031068 
-74.797734 
-243.267930 
-113.797091 
70.040823 
-78.411485 
-205.203694 
28.406158 
-110.983257 
42.624652 
-176.304600 
88.328197 
-103.239961 
-24.053989 
-283.260994 
-174.035569 
-190.124767 
84.021638 
-16.031006 
-89.177471 
-30.547236 
-207.410460 
-189.709139 
-90.302203 
28.406178 
-100.038710 
47.601074 
-219.501346 
-125.083449 
-58.504070 
-86.375313 
71.062309 
-28.468783 
-457.429558 
28.406420 
-258.515711 
-89.037190 
-295.872563 
-81.277236 
-194.336658 
-78.952744 
71.063024 
59.364284 
-194.826151 
-117.970749 
-89.818189 
-115.557698 
-73.305229 
-23.889347 
-142.938071 
-201.440447 
18.176419 
-253.357578 
-0.834381 
-189.025239 
256.712400 
-366.993068 
71.513409 
-127.997479 
-168.922087 
-52.033523 
-127.999625 
9.269723 
-127.998140 
-288.234106 
-94.257408 
540.277552 
-111.875568 
-137.533706 
338.312527 
-59.737829 
-306.999553 
-37.003741 
26.289726 
611.372962 
-317.476530 
108.600343 
-271.937432 
8.051355 
-7.825548 
699.476918 
164.824841 
-265.729437 
112.221900 
156.375681 
15.662794 
412.930354 
85.278812 
218.836484 
-38.209237 
-283.439303 
-63.822703 
524.636977 
394.932271 
163.341881 
-272.092203 
48.529457 
-3.516967 
183.091762 
328.076213 
-215.324564 
116.914567 
4.876076 
-176.291135 
554.499006 
381.061381 
-35.311541 
-58.469814 
-110.482851 
323.551449 
552.656572 
20.913836 
-278.215817 
-254.654212 
113.720943 
41.729371 
150.483927 
160.107042 
-40.776725 
-57.792254 
-240.440809 
166.248455 
341.217736 
68.103736 
-275.337888 
13.958482 
-350.745712 
43.428562 
-244.470989 
128.732466 
133.996292 
-99.025137 
-37.457878 
-222.575588 
462.294301 
404.023467 
133.621348 
32.787926 
-208.772169 
-66.707121 
-10.167469 
538.614863 
46.473047 
-25.278088 
-31.423903 
108.437102 
273.837075 
142.705850 
-22.843318 
-331.434892 
-10.876791 
64.542035 
245.447418 
483.405127 
-125.453062 
-15.212086 
-131.108883 
478.663532 
354.319672 
-18.295197 
71.610919 
369.654246 
73.351487 
-11.382304 
103.045652 
-173.359230 
-114.900726 
35.068800 
252.927682 
274.081685 
810.439069 
219.552999 
-206.018337 
326.236975 
140.764918 
87.944847 
838.869517 
2.836244 
313.402861 
278.135176 
-52.504085 
99.932911 
312.778865 
370.209001 
-40.750639 
69.860992 
-18.856997 
176.245573 
838.876388 
-238.363213 
227.476172 
105.185823 
204.702521 
54.383080 
370.243231 
113.440789 
65.878264 
-0.674819 
84.158248 
199.604595 
139.358167 
-392.616462 
66.344555 
-193.182479 
-63.463312 
32.364844 
105.891079 
-479.912982 
61.491687 
-121.512616 
158.341287 
-49.219303 
-195.796819 
276.936964 
-64.872254 
457.281816 
-107.509904 
178.915681 
224.218750 
-106.279027 
134.823426 
70.820666 
469.190135 
213.923829 
-53.431175 
6.160827 
170.592029 
-106.243574 
-166.731767 
68.219943 
174.202570 
96.110467 
214.789672 
170.414057 
-217.748313 
45.607402 
-85.239857 
-66.363304 
261.118699 
-484.550634 
398.093391 
405.199157 
-72.687954 
-23.453785 
-62.268066 
-197.283748 
-214.467253 
95.703990 
-196.858896 
-67.847584 
30.440771 
155.449317 
-36.592992 
-74.844406 
-141.334157 
87.975280 
-72.034940 
171.674518 
342.669822 
48.503680 
312.777627 
271.307726 
298.560772 
-323.997415 
-346.437388 
-283.305696 
100.869407 
169.670462 
426.530297 
318.375065 
-454.804308 
-245.929138 
-155.882939 
-55.238787 
100.252183 
-133.966918 
-176.840901 
141.747173 
-131.765325 
2.004318 
199.031363 
365.817189 
287.186319 
-218.092526 
-121.734756 
132.690025 
180.465965 
200.588308 
26.464631 
-147.466884 
-403.242493 
112.033216 
178.173452 
69.006764 
116.403508 
13.729406 
-6.165217 
-157.860637 
99.919108 
-151.564077 
-25.885006 
-280.378706 
-131.741081 
-3.584863 
-224.864524 
-118.133536 
284.340227 
369.653170 
0.006069 
-387.260936 
104.816365 
-280.828931 
-110.607403 
-101.895879 
-333.545645 
193.907509 
151.099659 
179.082430 
-68.126447 
222.476333 
511.345332 
223.196306 
-252.301935 
28.401055 
241.683416 
582.933191 
227.463479 
63.498892 
-8.199910 
386.707162 
205.288048 
200.187455 
-13.677465 
66.510834 
55.219844 
499.658668 
-49.698347 
-145.043968 
217.155051 
-193.819736 
-283.784811 
29.773234 
-67.456045 
338.432581 
-12.551731 
-271.513459 
142.154302 
156.542895 
75.344162 
-168.850465 
284.342868 
-53.509527 
-299.414336 
526.061907 
226.412641 
92.449816 
241.687005 
-6.668336 
-231.367997 
-15.902273 
-12.471731 
-237.371646 
76.749802 
33.714816 
-27.572242 
16.757060 
-349.722175 
-116.872019 
-17.205022 
-102.846047 
-111.525980 
-0.471707 
276.864822 
305.685893 
416.501652 
62.152775 
-69.306742 
119.477550 
6.068449 
-118.409694 
-244.382609 
54.299082 
282.143733 
87.355391 
24.861839 
-299.742011 
-345.954854 
172.984229 
-150.116654 
-132.409162 
176.413900 
-92.938615 
187.962925 
71.062127 
-272.540927 
24.404630 
44.495645 
198.401693 
204.339652 
217.189166 
-144.743233 
-98.160009 
184.810949 
42.622906 
-157.913928 
144.781686 
113.864410 
-310.005300 
-0.030558 
172.386753 
82.726536 
279.169708 
-55.179398 
38.496211 
42.621754 
-40.120373 
-80.586713 
24.761337 
323.047494 
-8.592778 
43.889917 
91.886399 
-108.117497 
321.017062 
204.046124 
-56.906726 
-593.658093 
-440.812949 
80.221264 
147.906322 
-228.747271 
110.335060 
-371.705182 
-59.572306 
-56.901939 
-219.140365 
15.356909 
40.464261 
-132.142481 
3.312312 
-549.718283 
-100.968492 
63.982338 
184.816437 
169.501334 
-30.913581 
-28.467800 
-28.465567 
25.500211 
-199.097170 
-5.538914 
-0.028902 
28.411577 
-23.851348 
190.496489 
46.643119 
51.514399 
-43.508687 
-48.732534 
241.692854 
-24.917139 
56.845819 
212.485734 
-105.638164 
14.418410 
-31.828818 
-147.356439 
-176.323417 
68.438406 
554.506635 
93.418670 
-15.094651 
-86.739458 
-264.349121 
-183.873087 
-26.903986 
-316.758732 
-15.963952 
912.855286 
-252.857360 
247.559130 
-0.032716 
-189.907838 
2.273857 
-155.184935 
105.736435 
-300.854424 
-3.019303 
-199.522850 
-209.818699 
-5.466677 
-112.453352 
53.964920 
-107.513692 
56.842529 
-68.583094 
31.942700 
-60.317054 
134.985208 
-70.890074 
-103.124237 
-158.777742 
-144.590119 
261.152301 
-47.165169 
56.842183 
-31.619022 
-287.905182 
56.841525 
-28.127850 
8.282178 
42.622317 
14.185658 
-269.553729 
-227.864151 
88.706266 
95.422700 
78.520944 
-165.061309 
-14.249421 
36.923844 
-42.687548 
-86.475023 
2.347520 
-154.181479 
-197.239744 
-136.739438 
116.544257 
-125.767525 
194.597247 
-40.536994 
-186.345472 
-88.154662 
-158.652878 
-76.063910 
3.941672 
-85.342868 
-46.591402 
-150.775642 
-121.303547 
-169.761175 
35.815627 
62.280363 
-85.343308 
-85.342228 
-521.281244 
-71.124587 
334.760693 
-74.684545 
-61.637916 
-215.530791 
-168.498238 
234.649233 
-128.000804 
23.069387 
-5.554361 
-195.848503 
-226.476023 
-99.564769 
-170.915109 
266.269831 
-113.753674 
-282.583745 
-184.099112 
103.366264 
99.864203 
-62.479361 
-76.921788 
-172.082118 
109.392732 
-128.003042 
-1.047728 
261.161146 
-128.006096 
-71.019274 
-128.003302 
-311.859278 
167.037629 
426.522079 
-390.028459 
-253.737487 
389.292583 
-55.613251 
-260.705291 
-128.004740 
7.417818 
213.246524 
-272.950182 
45.773927 
314.519640 
-32.410894 
228.771468 
461.368999 
371.434201 
131.638640 
338.156707 
213.248808 
269.477543 
195.799214 
469.189326 
544.843845 
188.576541 
-629.489564 
-20.306374 
361.622705 
402.361857 
151.993947 
205.116743 
143.537424 
158.897990 
256.959565 
252.596964 
-11.142093 
196.175552 
107.979607 
183.336714 
426.537850 
320.246091 
345.849580 
367.335374 
28.279845 
416.521434 
648.660097 
250.470301 
105.844692 
40.487664 
426.538751 
-61.795623 
487.394382 
-100.028250 
284.714335 
-50.679100 
536.107688 
-147.998669 
383.881257 
242.581847 
-162.922582 
222.330805 
122.976343 
-15.766594 
153.110367 
-42.096801 
122.615566 
-112.993108 
-151.196746 
-97.131662 
142.706696 
239.758403 
82.820891 
-23.999938 
-150.485173 
33.663203 
262.919605 
635.933522 
606.109474 
-180.217791 
86.475400 
110.179327 
117.013848 
85.690642 
18.485786 
-212.628313 
-177.885840 
-33.766854 
75.075752 
483.406849 
246.875163 
39.173645 
169.356926 
327.007106 
272.392033 
-92.563334 
-41.097064 
284.344079 
-223.775628 
-159.389792 
332.749082 
-54.687948 
-31.987092 
285.723444 
78.735034 
-39.898408 
582.939082 
229.668065 
-152.357505 
234.279436 
-129.144021 
-58.193844 
526.062620 
25.240303 
-107.583395 
84.972305 
1.955876 
220.775005 
113.723409 
353.791201 
-157.585754 
-215.655968 
107.741442 
166.184319 
668.245116 
-162.203234 
199.030530 
192.520033 
371.688656 
242.696199 
308.774868 
-15.334819 
159.673503 
41.523527 
163.147701 
-136.033455 
-36.193932 
-277.767732 
-49.779846 
150.788757 
-346.389043 
232.603689 
286.197997 
-177.764558 
67.499028 
-218.811894 
243.891526 
-122.360915 
-348.024495 
-0.379065 
105.856577 
368.254565 
-140.224891 
294.532214 
94.444094 
181.862318 
252.636600 
431.312215 
341.222674 
94.256303 
245.247406 
-121.570493 
56.845177 
-212.276430 
-262.838347 
341.556699 
-186.404869 
76.715298 
232.767268 
84.733955 
-178.434143 
-184.728198 
-116.699529 
-100.338680 
266.672853 
-318.642698 
298.567575 
305.678804 
68.149063 
142.538399 
-117.499329 
318.850902 
28.983730 
187.047387 
-303.612469 
-140.765480 
-181.571639 
-66.571097 
61.986561 
-161.384433 
144.383137 
134.296824 
302.974954 
319.558696 
52.888428 
415.350846 
298.569835 
119.277942 
99.508206 
-591.193345 
-442.541921 
-125.332179 
-214.858342 
316.776151 
327.007369 
104.928295 
-567.320593 
245.244302 
-82.728609 
155.305481 
177.941893 
-382.708348 
-294.914869 
56.901695 
-87.511590 
22.519398 
227.475916 
299.612561 
-97.659882 
0.509346 
96.750006 
-161.399582 
282.485806 
-111.751133 
-146.013078 
-338.810644 
-217.384015 
53.151814 
-55.549323 
117.804389 
-117.555802 
-24.812162 
-189.953769 
109.380679 
223.165256 
-141.547347 
52.225616 
-208.659294 
-341.813662 
115.140786 
317.026027 
-19.682256 
312.785430 
668.251718 
-230.734204 
-138.508854 
39.544183 
-226.504489 
92.827783 
145.588984 
-671.130324 
27.010419 
17.491243 
52.801814 
-29.245767 
198.367339 
291.144871 
246.309257 
-88.163210 
327.003473 
199.031983 
113.721991 
142.157881 
252.739631 
25.546770 
534.253249 
262.733688 
91.174064 
-389.095078 
-207.762348 
162.755965 
365.176023 
-282.761372 
-119.096328 
-138.956975 
-155.046004 
-116.880997 
128.127852 
-153.667023 
74.613856 
-212.416873 
-385.105242 
270.126639 
16.971936 
111.589627 
-332.444821 
582.937021 
-135.944135 
21.817201 
326.999461 
2.521225 
-164.803125 
255.906061 
236.002839 
-318.416214 
-284.886112 
58.623428 
-426.550085 
7.678090 
-61.529215 
-265.423655 
-10.620208 
-167.011126 
-40.702401 
-0.514141 
-116.850248 
-334.861495 
33.369566 
177.081333 
158.545610 
73.696576 
12.711633 
55.084571 
156.793614 
44.374784 
-49.069224 
-140.129083 
14.084957 
-4.345812 
184.805734 
-191.500187 
-145.733885 
-165.333073 
161.872441 
-85.584347 
-179.000171 
282.932060 
-39.908438 
22.889299 
56.850651 
-151.099081 
70.753189 
9.023994 
240.651095 
69.594924 
60.477004 
-12.839344 
-58.507646 
-14.242966 
-0.025034 
179.891180 
80.038372 
-20.758865 
-325.159490 
156.381331 
-42.493425 
88.704325 
47.947237 
-330.012649 
-268.686279 
28.412407 
122.197641 
-7.097518 
-233.757305 
152.152549 
-42.895874 
114.176379 
78.127036 
-11.211218 
279.945073 
72.027370 
127.943044 
-442.583106 
119.943545 
92.021824 
-27.868227 
-203.490583 
49.112037 
-355.600744 
216.428429 
56.848873 
-60.248706 
-381.011592 
12.145926 
-239.700660 
-203.799827 
-575.472702 
18.875604 
-136.392913 
184.818202 
-83.180194 
-136.426546 
28.402654 
298.562753 
132.465585 
-1.471981 
-29.090504 
42.627917 
56.845780 
206.101968 
-188.668848 
43.963148 
-198.569968 
109.496301 
15.622262 
127.935776 
-149.320870 
56.844920 
-135.877235 
-25.088285 
35.146406 
-197.099149 
20.231095 
-336.074633 
102.178155 
312.781801 
67.923171 
-108.778750 
-113.974588 
111.059342 
-85.031764 
118.465942 
28.173003 
-144.682293 
572.715914 
-243.296389 
136.187883 
42.624677 
-98.526686 
316.731516 
-84.730598 
63.864062 
-265.424715 
-34.452961 
-34.877174 
-384.497720 
-84.055141 
-161.441473 
-45.578809 
45.802287 
-42.683193 
-240.332554 
110.718663 
122.414685 
-418.089400 
-190.746490 
-324.909753 
-210.533149 
-32.077120 
100.045929 
-213.489543 
-28.460694 
-158.179103 
-210.999392 
-28.462853 
-17.069063 
-74.654089 
-42.680706 
-28.463677 
4.184883 
-287.785433 
78.048882 
116.509628 
99.238773 
-127.515235 
-28.462751 
22.099007 
184.818163 
-27.002039 
-84.603637 
-73.795589 
-325.577621 
-408.567395 
93.822722 
-135.838885 
-75.992086 
-53.583064 
-24.683169 
-153.396242 
12.059682 
-119.968848 
57.918087 
56.848652 
-35.909686 
-49.836742 
-110.867176 
-251.202679 
0.413573 
121.510936 
85.285082 
142.158650 
-221.348701 
184.817041 
241.751529 
36.192293 
83.901215 
-44.335476 
-152.248152 
154.181499 
-127.999363 
-46.901699 
30.052215 
-186.477036 
-447.700691 
-127.994442 
-174.159315 
169.354200 
-63.075708 
-252.125382 
-174.895293 
-27.517272 
6.032965 
-201.922683 
-82.455207 
14.160493 
54.499636 
-128.000457 
169.257097 
-42.053036 
-127.999477 
125.200013 
-128.000977 
-353.033818 
-2.031935 
838.876552 
-43.638890 
175.710504 
217.065222 
-68.448030 
-273.909929 
418.001874 
501.085358 
255.907618 
22.544351 
-56.546819 
-118.367477 
553.550006 
236.228178 
248.441930 
61.350991 
-269.404313 
0.929825 
56.844531 
229.683909 
265.479282 
255.906441 
427.016344 
295.606409 
-507.119747 
417.311779 
323.320075 
177.102663 
97.535144 
-23.796385 
-147.039119 
117.363614 
286.283657 
-255.162049 
-50.986660 
225.356658 
148.099033 
338.102185 
440.749736 
179.397698 
-17.316514 
1.202435 
185.814402 
226.361569 
441.933295 
-291.653296 
-18.061645 
-58.682335 
326.999740 
-79.443606 
356.444745 
246.364673 
78.597936 
-408.820744 
318.679771 
-213.217402 
284.343186 
348.149148 
108.071465 
139.057545 
100.300366 
247.961391 
171.480320 
-67.578966 
284.392069 
-191.055409 
28.598262 
115.513428 
-75.923708 
168.619093 
68.793510 
-13.786530 
140.045765 
294.751585 
-51.675762 
348.038554 
728.917042 
-56.013610 
-59.434429 
356.648341 
232.228767 
133.881213 
31.418403 
231.262161 
41.744624 
-43.267400 
-6.860856 
725.125066 
-62.137992 
21.901459 
-50.408098 
-21.833989 
312.586307 
4.550009 
-32.452818 
469.187035 
21.285440 
-38.556409 
296.212149 
-22.961891 
6.263261 
22.512843 
143.999005 
243.786626 
270.124474 
-2.313106 
-115.946270 
-141.437310 
16.024105 
-87.922510 
142.156626 
-55.928835 
134.093233 
-26.813238 
205.793874 
-4.654429 
426.528437 
221.152819 
39.083070 
-192.511477 
58.405853 
-7.850697 
-0.032271 
-63.094644 
255.906393 
288.450211 
106.174560 
21.606726 
293.972042 
-63.438948 
303.955770 
-84.131001 
-359.396775 
-391.233266 
-174.786302 
-0.229416 
-108.546765 
-431.128098 
48.839364 
141.228606 
267.998273 
166.150764 
-140.920918 
-150.877187 
19.711053 
-455.170171 
-411.343123 
-138.717738 
-6.039413 
-345.061686 
-182.319238 
179.684827 
-77.817508 
-136.295601 
-65.145568 
243.210517 
327.000857 
-176.160527 
104.712430 
-271.365304 
213.249633 
100.947022 
-258.698039 
225.415421 
31.941189 
133.021405 
-10.238556 
-139.887497 
-261.818922 
218.357706 
25.209547 
-171.199981 
80.148310 
-125.663625 
312.783666 
369.656060 
152.878605 
278.751403 
67.192859 
86.515029 
280.862932 
40.421489 
-428.863443 
-101.007765 
-195.025292 
86.702274 
-262.061065 
16.711887 
-347.559162 
-236.415104 
60.414937 
412.099998 
160.610824 
21.989134 
241.687869 
80.394671 
99.499353 
146.321064 
-21.595235 
83.242803 
-199.160054 
157.441464 
241.687382 
55.586698 
-212.571584 
282.991824 
110.309504 
185.561970 
19.185348 
-450.941183 
-18.363724 
26.518977 
-139.197307 
9.040392 
341.218846 
279.703935 
-397.209048 
-142.403469 
314.464300 
-56.105665 
84.284189 
75.459976 
113.681289 
-239.596556 
-233.260955 
25.028951 
134.228653 
174.313350 
-216.840821 
-383.751798 
-172.144481 
-55.011275 
100.390991 
130.417669 
59.419026 
15.786970 
-380.514611 
128.287502 
156.142746 
-63.435153 
255.905876 
582.937427 
-329.715844 
-72.314236 
-28.441291 
-233.366328 
263.691277 
135.969229 
-474.160164 
119.289308 
-239.171104 
-137.683838 
-196.611377 
91.476184 
76.631291 
249.745268 
-296.542122 
298.562464 
142.155800 
213.249419 
113.718868 
201.903521 
-12.577048 
117.295009 
3.781927 
-67.113589 
-292.303924 
4.323273 
-13.778146 
441.270959 
-373.749455 
-202.682540 
-112.015762 
-106.618089 
-324.058876 
-170.660474 
133.484317 
186.044953 
-26.553072 
-267.123115 
184.812327 
-64.234402 
117.640409 
97.010739 
497.624254 
-88.250710 
-240.272655 
355.436894 
9.656862 
69.660532 
170.592975 
144.999395 
-176.950635 
-287.165612 
124.382224 
-146.077668 
132.043979 
201.585056 
68.598108 
-29.914604 
-148.799972 
-31.576062 
-93.936803 
-141.613299 
146.103612 
159.040869 
79.221555 
-22.075674 
-450.976559 
-39.162263 
-25.960502 
74.045733 
-135.159749 
-72.759453 
-169.777963 
-178.433019 
-9.858402 
0.736115 
-85.962218 
134.231838 
-401.832827 
-61.131463 
-257.910708 
213.837942 
457.670725 
96.973150 
-87.431341 
56.843080 
-116.639731 
81.770902 
62.609184 
153.367657 
60.370961 
24.431628 
-77.936486 
-81.834450 
-0.031707 
56.843194 
109.724646 
-129.088799 
-44.442725 
-264.500243 
298.562419 
22.413189 
157.600591 
115.405723 
-8.250153 
33.363585 
-0.031175 
125.151220 
-34.244255 
-63.635302 
132.248625 
-104.084863 
-122.432864 
47.603723 
-110.430848 
41.065000 
77.895305 
156.375152 
45.290383 
-106.671909 
253.674282 
-42.851494 
-226.684834 
29.292626 
-295.647934 
109.598550 
-28.467863 
36.534538 
-215.674777 
-34.400100 
-48.276845 
49.973971 
154.618742 
-16.000277 
-164.658902 
71.062906 
-36.360725 
-39.295764 
-56.905556 
241.687772 
-73.111921 
-80.443609 
-131.173678 
-0.030123 
28.407081 
331.334489 
-21.833077 
64.941462 
-134.963519 
57.652426 
193.183923 
127.938159 
39.960074 
-0.030378 
-116.408370 
48.707769 
-228.420440 
209.170562 
157.207729 
-80.692787 
-141.295112 
255.906048 
174.394185 
-16.743108 
-59.807541 
140.421316 
-203.307652 
5.588619 
108.675510 
76.481913 
-48.298071 
-132.157115 
103.942160 
42.624793 
21.618684 
193.448572 
-83.435940 
116.508317 
-224.781499 
293.304698 
133.940356 
66.273947 
-116.348557 
-76.860405 
239.403640 
61.652302 
99.500328 
-196.623467 
133.313724 
184.471365 
-604.328008 
-80.952411 
-40.127789 
-91.219036 
-17.671940 
203.238279 
-2.945165 
56.843706 
141.872268 
78.352689 
56.843626 
-211.308949 
-179.288889 
71.062067 
71.062278 
-196.135373 
-192.897215 
-37.156386 
-25.638821 
97.135368 
-67.126512 
85.280660 
-154.285341 
127.937153 
45.920405 
18.809599 
115.125009 
-289.536611 
-168.021263 
-0.737199 
-57.705759 
-73.051946 
113.418462 
-43.122517 
-101.554213 
-84.570446 
74.939415 
-21.305490 
-0.031264 
167.882275 
-107.423738 
-88.486738 
54.378939 
-1.690609 
60.313580 
14.187201 
28.406004 
-220.793479 
14.187306 
-211.788146 
27.685049 
204.926501 
-142.012435 
-157.817022 
-110.245585 
-127.999961 
-51.692595 
177.206144 
-103.077591 
-249.628993 
-127.999711 
51.879173 
-369.782466 
-287.596966 
-21.381683 
96.732461 
-102.223100 
-144.556660 
-220.036045 
-59.694163 
-128.978289 
-55.038512 
-127.999736 
204.495995 
-192.109654 
-127.999720 
-157.569121 
-127.999280 
-300.022775 
-142.687413 
-128.000000 
-125.349469 
-132.899215 
-130.714912 
-128.644318 
-124.256548 
-128.000000 
-127.360244 
-113.781250 
-131.252357 
-126.435670 
-117.329443 
-127.716369 
-130.164034 
-125.818261 
-130.799977 
-128.633203 
-128.479722 
-128.000001 
-126.622569 
-131.333333 
-128.000000 
-119.846082 
-129.866231 
-130.758196 
-120.819781 
-118.114983 
-129.079372 
-125.949805 
-122.533049 
-125.615123 
-131.491169 
-124.271881 
-130.681600 
-137.214740 
-132.298995 
-124.534889 
-128.358230 
-128.000000 
-133.031162 
-128.340717 
-128.156076 
-120.522172 
-119.361181 
-113.885861 
-139.286532 
-123.283285 
-130.621149 
-113.781249 
-128.928005 
-124.812796 
-131.036017 
-129.313567 
-128.000000 
-126.818353 
-135.385192 
-128.000000 
-119.082798 
-124.533714 
-127.317758 
-124.875000 
-126.600481 
-133.670586 
-131.497116 
-113.401473 
-127.325272 
-135.400173 
-130.083213 
-128.625942 
-133.245000 
-124.325028 
-126.871900 
-126.656967 
-124.263943 
-124.306918 
-124.575303 
-129.836590 
-122.215112 
-124.727028 
-115.882312 
-129.157670 
-128.671779 
-126.435670 
-137.755646 
-125.605475 
-125.616671 
-119.081635 
-128.000000 
-126.624962 
-128.999783 
-132.585543 
-128.000000 
-128.245995 
-126.289415 
-117.918121 
-128.000000 
-127.550260 
-125.899690 
-131.744002 
-128.929313 
-123.082813 
-125.466102 
-129.922058 
-128.840053 
-128.000000 
-128.454938 
-129.728800 
-124.854584 
-127.398477 
-134.547813 
-128.000001 
-129.235110 
-125.756663 
-127.062703 
-127.542490 
-121.062338 
-128.000001 
-119.184196 
-124.708637 
-133.227869 
-126.055467 
-128.490644 
-128.000001 
-130.146132 
-128.000000 
-129.466560 
-129.057593 
-128.599771 
-123.369739 
-126.942648 
-132.388798 
-119.612405 
-125.222739 
-128.996896 
-129.823001 
-127.967895 
-130.931723 
-127.853678 
-123.264181 
-128.933286 
-127.457372 
-141.330079 
-131.172724 
-129.506215 
-121.859202 
-134.653763 
-130.454733 
-128.046247 
-129.499635 
-124.868304 
-130.045380 
-129.003391 
-133.656372 
-129.291342 
-125.188757 
-125.871813 
-128.000000 
-131.210653 
-124.484747 
-129.181851 
-128.000000 
-124.716013 
-128.106693 
-125.405864 
-125.454770 
-121.861426 
-133.804134 
-122.482353 
-130.040629 
-113.974730 
-132.586421 
-124.718917 
-124.446669 
-135.071522 
-113.781249 
-120.890626 
-127.253864 
-129.235109 
-129.702841 
-129.378552 
-121.021017 
-128.932788 
-128.756882 
-130.206612 
-126.525852 
-129.927476 
-123.482297 
-127.770475 
-134.416882 
-131.449659 
-124.980220 
-125.971218 
-132.532358 
-129.107796 
-128.000000 
-131.295550 
-128.000000 
-121.929839 
-133.862363 
-131.904005 
-124.999425 
-124.667964 
-128.000000 
-131.395035 
-121.423564 
-131.545843 
-128.353771 
-125.853532 
-125.047705 
-126.398848 
-128.562404 
-120.285308 
-125.779638 
-125.404280 
-113.781250 
-125.749362 
-128.000000 
-128.132995 
-115.891223 
-124.875000 
-130.418905 
-126.452158 
-132.268485 
-123.313917 
-119.144588 
-128.293053 
-128.002508 
-132.368904 
-126.254561 
-128.393386 
-124.817155 
-132.244501 
-128.265904 
-124.421996 
-130.920325 
-122.561603 
-124.864890 
-117.226536 
-132.088325 
-120.739128 
-113.781250 
-113.781250 
-133.811522 
-122.163881 
-125.653563 
-129.225370 
-125.313143 
-132.622649 
-137.299045 
-128.639601 
-134.767078 
-127.428240 
-130.619866 
-130.199784 
-125.805617 
-129.891597 
-122.326952 
-128.000000 
-127.999999 
-128.000000 
-128.000000 
-114.068444 
-130.850569 
-126.680381 
-130.647911 
-125.084891 
-135.791022 
-114.961651 
-126.258832 
-119.937295 
-128.335792 
-129.404130 
-126.753502 
-124.831921 
-127.389389 
-124.472606 
-125.892585 
-131.248965 
-123.864984 
-133.548996 
-128.000000 
-124.534889 
-126.710903 
-132.799831 
-128.000000 
-117.029790 
-120.522173 
-128.000000 
-129.040290 
-125.250457 
-128.000000 
-128.000000 
-128.673004 
-126.614273 
-113.781250 
-128.601830 
-129.466558 
-131.123783 
-129.237143 
-123.700230 
-127.256540 
-126.082456 
-125.631076 
-137.267203 
-129.286595 
-124.020780 
-126.929444 
-135.258526 
-131.225222 
-126.842085 
-131.216070 
-122.516506 
-118.640341 
-121.609964 
-130.962169 
-119.421281 
-120.791714 
-122.683825 
-129.331493 
-123.082812 
-131.892652 
-126.476872 
-119.730418 
-124.395680 
-130.681599 
-131.011827 
-128.520651 
-128.000000 
-127.668338 
-128.460505 
-121.425548 
-126.540491 
-126.842084 
-125.988001 
-120.902446 
-126.202136 
-128.000000 
-128.000000 
-130.103128 
-122.776596 
-126.848507 
-128.000001 
-128.000001 
-124.658355 
-130.198486 
-126.151745 
-127.013255 
-130.599810 
-128.000000 
-125.783439 
-117.644957 
-124.321453 
-125.146305 
-126.491292 
-128.428916 
-122.863298 
-122.558626 
-128.508713 
-128.699502 
-128.000000 
-128.000000 
-128.000000 
-128.100144 
-131.836353 
-130.084899 
-130.110767 
-125.317807 
-127.997649 
-128.000000 
-132.487535 
-120.484545 
-127.960086 
-124.013651 
-136.438860 
-132.691259 
-123.489102 
-132.815658 
-128.000000 
-128.705275 
-130.124275 
-128.000001 
-128.000000 
-126.905321 
-123.766638 
-127.997649 
-128.000000 
-128.000000 
-116.254456 
-112.833333 
-130.994569 
-125.382589 
-127.789737 
-123.061059 
-128.000000 
-128.000000 
-128.000001 
-130.637580 
-123.232630 
-124.990814 
-127.059321 
-130.988004 
-121.829073 
-123.998296 
-127.999999 
-126.386716 
-121.839713 
-127.398477 
-123.648424 
-115.626688 
-126.371494 
-126.375539 
-129.026261 
-115.503052 
-125.494399 
-118.854082 
-128.000000 
-128.593023 
-126.914455 
-123.481093 
-120.989833 
-121.644620 
-129.016322 
-131.001246 
-125.989924 
-127.025682 
-126.499553 
-128.716139 
-128.189984 
-128.000000 
-129.315361 
-126.768530 
-133.626787 
-126.278198 
-130.462923 
-127.828359 
-128.582929 
-125.075707 
-126.588078 
-132.289369 
-128.000000 
-119.459124 
-122.715778 
-128.000000 
-126.882256 
-138.073747 
-128.000000 
-113.781249 
-132.079602 
-131.561835 
-129.901984 
-129.996259 
-119.131632 
-134.386657 
-128.000000 
-126.008491 
-128.000001 
-128.913424 
-127.511890 
-127.410411 
-134.738198 
-121.315800 
-127.769380 
-130.367824 
-131.968777 
-122.046066 
-130.349001 
-125.621308 
-125.458091 
-127.219832 
-128.563928 
-128.000001 
-127.467368 
-122.375533 
-127.042697 
-129.237143 
-126.988090 
-125.938570 
-128.000000 
-128.000000 
-123.506193 
-128.000000 
-130.569063 
-124.521890 
-120.353559 
-130.788340 
-121.572877 
-126.914683 
-128.000000 
-123.822508 
-125.206325 
-125.798946 
-126.701706 
-128.000000 
-129.738760 
-126.197305 
-127.328620 
-127.579487 
-127.967549 
-125.591504 
-128.061936 
-125.198746 
-129.208529 
-124.089786 
-133.867996 
-128.000000 
-125.486001 
-120.077774 
-128.000000 
-135.674959 
-128.000000 
-127.258645 
-128.385385 
