-110.733806 
-101.366253 
-48.689552 
-97.748387 
-91.087173 
-102.759670 
-143.416153 
-120.830901 
-110.733765 
-121.057296 
-54.890571 
-64.343503 
-55.450984 
-67.667064 
-105.796313 
-109.395366 
-154.649477 
-180.455705 
-149.952609 
-154.432362 
-98.652409 
-32.296340 
-47.012769 
-45.221030 
-113.850351 
-160.322782 
-216.290440 
-207.774000 
-187.036166 
-188.730657 
-105.849290 
-118.375321 
-62.819669 
-77.297884 
-29.463369 
-32.792711 
11.952823 
68.218493 
85.359880 
110.891107 
108.483159 
79.349034 
104.415234 
76.575224 
63.217839 
88.168878 
23.430856 
106.010733 
46.140563 
77.132976 
65.752450 
16.668660 
13.485398 
35.109927 
9.393641 
-22.441194 
-32.296972 
-56.445706 
-62.072656 
-69.884252 
-35.044455 
-27.264255 
28.867704 
17.073461 
66.783296 
30.097370 
59.543725 
33.265010 
5.977204 
18.831608 
-31.705045 
-0.393591 
-9.758438 
-7.260508 
-6.292884 
18.433103 
36.908524 
61.907761 
42.273494 
84.597065 
87.456810 
79.568391 
94.315525 
13.055989 
-10.862558 
-7.941795 
4.201798 
6.921339 
-15.629223 
-7.319335 
-19.325006 
23.916502 
-14.887744 
-22.286988 
-20.142334 
-32.297358 
-36.791242 
-39.846312 
-9.350906 
-27.591885 
-47.139726 
-60.580409 
-50.230614 
-59.365507 
-71.515886 
-74.486637 
-37.355204 
-60.007768 
-55.175737 
-124.912344 
-110.733693 
-95.638728 
-80.562969 
-61.841726 
-47.405475 
-46.088357 
-32.297721 
-2.678644 
-23.104016 
-70.101246 
-81.930129 
-108.231698 
-71.514479 
-79.506838 
-71.513983 
-95.680068 
-68.334985 
-33.859586 
-8.749815 
-5.427648 
-26.590147 
-20.393878 
-20.860629 
-31.117505 
-31.112643 
-51.444291 
-74.964291 
-73.806112 
-116.276544 
-102.833682 
-125.327286 
-82.546132 
-33.921256 
-19.537519 
17.715132 
-29.596989 
-6.730867 
-25.640482 
-28.416063 
-27.053233 
-8.737331 
-11.737295 
-15.582393 
-41.578994 
-79.179787 
-62.264139 
-149.953291 
-85.984712 
-80.986991 
-68.466789 
6.921489 
0.410571 
78.306084 
113.790351 
101.374026 
126.840073 
79.364803 
85.978481 
116.436570 
91.957713 
128.216419 
124.819638 
134.148778 
139.414222 
65.750259 
46.140750 
-0.686909 
-21.732604 
-49.780527 
-62.123654 
-82.932366 
-87.195747 
-90.485005 
-128.393920 
-131.691630 
-194.147084 
-199.442677 
-189.052406 
-204.567376 
-118.922577 
-104.217881 
-44.482873 
-27.721046 
0.928298 
6.922376 
7.222623 
6.922402 
27.404907 
8.847068 
44.210971 
40.515639 
-1.080271 
6.922573 
29.143227 
-1.281989 
56.622426 
49.647553 
29.227215 
34.154307 
-15.268266 
-49.642658 
-84.322374 
-132.161765 
-116.378750 
-110.734141 
-114.450018 
-32.296354 
-62.641884 
-39.843103 
4.175264 
-19.611038 
-1.883227 
-14.869041 
-66.565670 
-71.298478 
-162.739837 
-175.303967 
-139.278021 
-166.558040 
-115.654816 
-96.024150 
-53.063647 
-36.326241 
-45.055644 
-12.101874 
-53.244192 
-55.423984 
0.238914 
-26.374182 
18.489680 
-12.687146 
6.922214 
5.747337 
20.630029 
11.455156 
5.223274 
-34.486279 
0.048240 
-72.490947 
-42.405019 
-11.547688 
-41.445491 
-61.839575 
-40.222721 
-62.913805 
-56.028883 
-50.301469 
-32.296221 
-32.296304 
6.922233 
46.141213 
29.861532 
32.664860 
-5.339209 
9.004768 
-1.759274 
-32.565162 
-12.504409 
-7.730495 
25.425925 
41.239952 
40.259513 
43.180736 
12.632981 
12.965000 
0.902493 
-12.765822 
30.780220 
6.129873 
30.593398 
46.140975 
-50.796861 
-11.849782 
-43.764968 
6.922149 
-1.470759 
-9.073495 
6.922181 
42.355704 
-10.458724 
6.922383 
2.999395 
-15.794557 
46.042915 
96.391091 
81.603481 
100.413680 
108.794407 
53.959371 
85.625562 
67.093602 
-12.142337 
24.044136 
15.106389 
-1.289407 
20.263035 
37.278203 
26.979685 
30.974861 
20.957309 
-8.230638 
0.722344 
-37.314872 
-65.186871 
-89.854383 
-89.842483 
-88.155151 
-26.480689 
-31.549714 
-27.530897 
8.665066 
7.129682 
58.908942 
50.368020 
6.367776 
-14.746237 
6.904798 
-32.297477 
28.528785 
-9.721164 
-63.847154 
-39.805621 
-57.479377 
-52.995093 
-38.408366 
-51.154080 
-51.906583 
-32.297633 
-32.394173 
-48.421442 
-60.485395 
-59.751822 
-110.734348 
-52.205091 
-34.490989 
-64.206663 
-49.532238 
-74.336169 
-71.515727 
-64.893284 
-87.495688 
-83.690752 
-38.098465 
-46.836620 
-59.558627 
-20.456587 
-64.670446 
-10.036484 
10.378433 
46.140650 
54.718963 
-11.462342 
21.207911 
41.552076 
7.015176 
7.953654 
39.585312 
56.425865 
85.358883 
64.563078 
96.190068 
57.944237 
87.965527 
50.199759 
26.326556 
9.724311 
9.302447 
-32.297731 
-29.305336 
-89.467401 
-91.124896 
-71.514794 
-112.214500 
-127.686958 
-106.986986 
-110.734211 
-110.733854 
-114.656017 
-122.501000 
-99.756725 
-114.395831 
-124.517965 
-124.836851 
-110.734045 
-104.607951 
-71.516599 
-101.387149 
-146.659002 
-154.558153 
-136.136728 
-91.126640 
-107.305771 
-93.979869 
-71.514258 
-59.651976 
-22.142299 
-55.176096 
-46.656798 
-49.542489 
-50.233866 
-28.473000 
-41.940032 
-69.753954 
-62.271001 
-41.725437 
6.921715 
-25.473511 
-1.980043 
8.888766 
8.504300 
15.756134 
23.680659 
19.470073 
-16.338469 
-9.243720 
-2.955479 
13.589147 
72.557136 
65.749864 
93.502371 
75.529247 
25.965544 
92.788247 
61.827282 
60.058232 
64.623513 
79.972689 
90.997618 
103.596972 
46.140507 
102.415523 
103.266835 
104.968922 
129.046278 
90.668503 
104.968727 
85.359532 
84.344537 
93.410594 
129.875281 
111.392752 
163.182255 
117.567205 
144.187457 
113.219626 
124.578573 
116.447170 
62.089123 
100.080581 
112.446901 
64.540692 
102.128805 
109.968518 
109.833212 
169.120619 
172.672661 
163.526870 
203.964927 
200.574717 
198.727400 
222.625440 
182.437606 
147.627104 
161.579739 
152.006281 
106.476698 
94.140220 
104.969470 
85.359809 
112.025672 
85.359585 
53.974164 
56.297595 
44.023779 
41.658650 
34.388903 
6.181402 
26.531579 
31.334663 
7.064734 
24.730618 
-2.514701 
4.471329 
70.489337 
49.932101 
55.823100 
35.739081 
-11.689491 
-91.224022 
-86.787183 
-103.916850 
-77.202295 
-33.711401 
-3.793849 
-12.686865 
3.764776 
-3.912982 
-32.296329 
-41.514292 
-51.905728 
-2.265208 
30.924864 
6.920508 
-258.660578 
38.169096 
68.501340 
-22.408320 
-83.951975 
-80.667708 
193.847272 
-71.516072 
-489.989915 
225.623846 
-285.595333 
-67.233032 
-232.478546 
16.085813 
179.922489 
-90.857753 
92.817418 
-32.295489 
169.524843 
3.186951 
6.923697 
-101.149325 
206.991820 
-142.526565 
-155.981797 
-604.521879 
18.596114 
-223.933769 
-61.143729 
55.914605 
-61.215103 
-24.134681 
-85.160516 
-304.774482 
426.209207 
-122.971857 
107.948164 
-32.292338 
214.889384 
-173.646032 
-248.377415 
-258.930964 
177.812141 
377.859458 
-268.438863 
-270.156344 
106.968145 
-32.292890 
-43.121416 
96.957970 
26.200187 
-17.632584 
-35.971308 
40.184847 
-43.462578 
6.924510 
162.603416 
-23.975098 
-75.419302 
-12.858563 
47.181368 
-16.146671 
261.254991 
204.813007 
-82.771216 
524.816191 
-244.180886 
-133.312260 
354.261698 
489.983713 
63.725390 
63.584638 
240.212757 
-25.299444 
189.137481 
703.302415 
-29.889545 
-168.189587 
-143.939153 
247.835532 
521.772458 
151.721585 
-129.893437 
336.437786 
133.624421 
149.085876 
732.467405 
-207.068757 
608.087612 
-19.672890 
504.996577 
182.887207 
-296.266333 
235.094874 
732.466597 
-194.940161 
-39.077404 
245.692947 
336.099949 
-243.949829 
-300.795689 
219.675261 
143.604779 
555.986124 
335.416383 
-535.211237 
410.794164 
247.106782 
258.993272 
203.014803 
315.206612 
12.114570 
-89.724950 
-149.701516 
243.266026 
242.230361 
210.978553 
-527.171104 
-438.818289 
132.058888 
122.510863 
340.283551 
-407.688859 
359.891418 
-142.957516 
87.260197 
-132.773925 
316.071223 
171.991650 
34.180688 
-541.355648 
-208.130374 
44.179600 
238.908767 
-271.813599 
180.672577 
-184.892464 
-202.839319 
-379.730824 
-16.210806 
37.560811 
376.489576 
-18.407763 
343.246543 
-534.124987 
-397.301663 
-327.820466 
4.372682 
244.382587 
-5.343734 
34.842946 
264.740903 
-188.415887 
241.739843 
-145.119486 
242.233427 
-128.365930 
-96.682205 
-749.328257 
242.232174 
-89.272980 
-20.301035 
251.313237 
-54.491796 
257.156843 
243.352317 
-620.193724 
301.056814 
-164.815393 
-7.916521 
438.409572 
-437.093200 
433.752732 
65.745984 
124.573966 
443.556761 
-624.651591 
-168.743193 
-93.034202 
19.411282 
310.074429 
-61.865768 
75.130962 
40.413070 
-108.462378 
-271.503390 
11.495830 
-0.565810 
56.688106 
39.413162 
188.462747 
-349.938400 
11.281826 
85.359359 
316.074997 
850.125565 
-596.329626 
12.483601 
53.393783 
107.856082 
32.703499 
477.549509 
349.773924 
-671.076832 
-269.345931 
207.279042 
-126.932809 
315.123433 
-144.615775 
-145.367432 
-492.855926 
-205.301672 
-66.941532 
555.987668 
233.420474 
285.379555 
-342.988582 
398.801552 
65.580475 
31.680683 
-107.635238 
299.802539 
-207.233566 
5.392382 
-94.876377 
-33.875383 
68.048704 
-205.527169 
253.433399 
113.231836 
220.883787 
92.375107 
13.214825 
270.060137 
-245.023575 
-21.406701 
550.451614 
-25.632488 
113.634882 
46.140886 
281.453348 
-374.508716 
-375.719991 
97.223907 
51.705540 
-118.299920 
451.144072 
-641.627368 
374.580394 
70.804142 
202.067291 
100.614930 
369.600783 
-289.400214 
143.837552 
-342.777466 
-71.515125 
144.187405 
-110.735739 
222.624690 
754.458128 
-450.104650 
274.122848 
56.428722 
345.579216 
-392.801054 
-118.637429 
-55.219404 
321.522181 
-619.049068 
-126.679103 
4.400594 
-129.192884 
-368.520107 
-145.552002 
-183.152401 
340.989172 
-117.064768 
136.723290 
144.191844 
-227.556571 
-323.354928 
2.277036 
-71.511549 
-31.846238 
-91.024992 
379.504759 
215.387526 
-162.438028 
203.020893 
107.588453 
-311.834627 
-120.030772 
-746.811676 
-367.713553 
-162.566998 
-138.576745 
46.887823 
232.860423 
-311.124109 
-119.905396 
202.857085 
546.411039 
-124.283312 
96.799892 
312.911132 
-284.534869 
102.052599 
439.776233 
29.680002 
53.744262 
-75.542898 
-240.056280 
-225.387226 
24.353586 
174.048034 
-5.195701 
78.712420 
-361.605592 
-673.032409 
40.609210 
129.915571 
48.011381 
228.584050 
-109.607897 
-112.277338 
477.545092 
-36.062806 
232.825490 
163.387715 
192.105474 
-285.774983 
274.288161 
-266.818843 
-30.556851 
-32.301292 
183.404144 
-40.844692 
-234.238876 
-27.977549 
-268.921568 
-71.519232 
39.249343 
-34.420927 
-290.293174 
-501.383730 
-89.165398 
261.842190 
292.568357 
-181.950484 
34.476188 
-191.733008 
-315.080758 
140.932841 
-262.585773 
75.725787 
-53.505675 
-288.448854 
340.280948 
-121.767520 
-18.816678 
-60.514303 
-342.491778 
-165.333007 
72.030919 
-495.258479 
100.325872 
379.502113 
402.686880 
-376.668184 
28.036436 
-272.850405 
-232.889737 
-453.046113 
-311.761581 
-97.060447 
222.627906 
-2.262753 
-106.034710 
-32.293553 
124.584416 
129.292231 
-169.300722 
-176.826184 
46.145446 
163.795325 
166.023667 
-331.665282 
-140.910249 
99.750412 
139.729096 
26.850609 
-32.296121 
-58.033920 
183.407411 
59.435516 
-18.391311 
267.811320 
330.041957 
-198.814967 
-223.453194 
120.861488 
203.016972 
41.158986 
-60.788529 
-129.388145 
-167.002380 
77.952578 
-350.374477 
204.760602 
-91.868849 
425.535891 
-350.060053 
249.162369 
438.326215 
-289.046952 
328.153195 
169.082085 
141.927661 
-658.230185 
-153.385600 
-47.113190 
-7.130476 
67.611489 
-286.535237 
-130.985567 
252.527565 
-130.346670 
-364.884949 
104.704649 
-97.949103 
-61.332333 
-42.366854 
-32.150806 
166.721111 
127.823741 
217.231840 
-214.712858 
-189.172068 
-49.031442 
-261.104786 
-110.735069 
-141.312699 
-626.318287 
-110.733479 
6.921844 
-307.311596 
-492.870828 
166.410441 
-153.732490 
82.608236 
-388.885189 
26.533364 
-145.775642 
26.532870 
162.050760 
-159.535533 
79.985085 
158.571054 
-1015.438253 
171.635867 
-386.014928 
-47.245128 
8.036916 
-389.473117 
-139.152028 
-30.125092 
-485.038034 
-143.487922 
26.532937 
229.521564 
2.633625 
-716.245598 
-286.474069 
11.913667 
278.273177 
6.924417 
6.924020 
-199.353994 
261.844878 
-247.934840 
-208.113445 
82.715720 
-269.358514 
-78.256606 
51.918006 
-149.952643 
-44.229294 
-219.066924 
-391.180956 
-289.040246 
-104.605999 
-116.847318 
106.250411 
34.484028 
81.731577 
-353.790712 
-143.304921 
-144.986669 
-224.635649 
-0.867734 
-68.162750 
137.848460 
-110.734567 
-106.518602 
-0.466047 
-51.908566 
3.168363 
-248.001523 
-460.684808 
63.318108 
242.220368 
25.242492 
192.895270 
423.441173 
753.784602 
-320.647700 
-185.260852 
337.804567 
281.441726 
-329.905623 
83.587402 
-102.879622 
350.807717 
223.010936 
468.213140 
743.826428 
56.453495 
405.221192 
418.712316 
272.048197 
-155.061378 
654.027642 
273.235869 
704.893111 
201.263803 
377.697736 
-616.695659 
-54.776988 
535.368030 
87.044690 
204.276679 
-95.911020 
353.464365 
207.412876 
131.117739 
486.051994 
408.966987 
73.767623 
281.452392 
404.969991 
-53.819844 
-436.644182 
151.071299 
82.909785 
748.341007 
427.846089 
-330.704392 
34.139250 
516.763503 
-191.573528 
1075.967112 
270.151103 
554.686329 
135.603746 
443.473458 
-223.387737 
1634.497605 
-91.321736 
194.283071 
-1.310013 
37.442875 
-20.499970 
-230.400882 
130.920305 
448.887818 
-212.785849 
250.472469 
8.427933 
295.315937 
184.776722 
278.976286 
-134.367872 
-248.380801 
-56.174772 
394.323786 
-16.458561 
1125.224550 
-300.824531 
178.083157 
-141.747255 
179.185783 
579.742720 
278.799942 
-424.287176 
13.315350 
425.356797 
-312.571690 
614.799237 
-279.190175 
507.483815 
185.133039 
379.488035 
121.663557 
-96.240950 
-155.903520 
536.364793 
-193.692926 
295.577424 
118.316202 
463.682716 
-398.823276 
-121.786933 
468.681972 
-517.126054 
438.324077 
220.596771 
-981.894911 
653.673407 
-35.935185 
151.615307 
222.631072 
326.540649 
-251.425690 
-191.509185 
-554.313687 
147.495450 
301.075558 
232.471531 
-443.441713 
-383.127754 
315.082210 
-7.361920 
222.632385 
-548.866805 
555.988776 
-68.626309 
194.538648 
144.058522 
495.320416 
-265.601762 
386.374654 
-536.122910 
-409.947075 
-58.322842 
126.170034 
-150.216111 
-180.590180 
-384.872331 
-373.608669 
-491.156524 
169.471408 
98.852136 
127.229891 
-528.219968 
43.279585 
-634.508441 
-533.524251 
-403.350758 
-185.098644 
-266.385443 
-154.681942 
131.270779 
262.282358 
-68.827207 
208.180321 
-324.183098 
203.026373 
-92.502551 
-124.922555 
-507.967818 
359.898247 
-117.253183 
-283.806141 
165.469505 
24.554241 
240.169720 
42.695047 
-621.388500 
280.670562 
-241.446187 
-483.896571 
486.823694 
-228.070039 
-112.244650 
-91.123971 
193.215603 
355.080280 
-264.702826 
22.703029 
-450.873907 
-124.675410 
1058.388797 
-224.316217 
277.205433 
-4.536551 
28.058964 
-370.415580 
258.069672 
313.691596 
-54.078900 
456.501492 
212.453831 
58.356671 
123.432485 
477.550306 
185.691614 
1007.000688 
-850.616031 
-260.034760 
59.724178 
33.290256 
173.001693 
536.378029 
-105.357041 
-574.885385 
117.921181 
-939.546935 
19.353561 
378.108934 
-256.913022 
-456.140750 
-363.847606 
-158.317208 
-55.828648 
654.032133 
71.010960 
48.760311 
-261.480221 
276.526270 
213.928320 
177.856003 
-130.684310 
255.463826 
-147.714575 
112.856989 
-158.392421 
-294.223215 
88.607022 
-457.491422 
203.855738 
383.039794 
-63.995456 
-279.936936 
206.561501 
-25.946414 
75.935480 
-161.001979 
159.979719 
-271.846353 
30.084486 
124.574171 
967.777714 
-805.691275 
-139.970450 
-403.131654 
-178.473462 
-201.517762 
55.930336 
-1023.586016 
265.874101 
-33.704674 
131.053435 
-129.771469 
564.144709 
-432.745287 
-40.814925 
-248.227442 
301.056135 
-51.910405 
379.499032 
163.788306 
180.116582 
-225.395019 
538.064051 
-11.939267 
314.101614 
-365.728694 
-311.400369 
-48.756367 
600.597067 
-561.579048 
-86.810557 
268.606956 
-237.937357 
-757.607020 
-36.644817 
-314.245752 
250.047076 
-370.613346 
103.081187 
104.971509 
-30.279060 
-309.912248 
-430.280955 
301.064503 
-256.013679 
-460.653222 
-32.293044 
187.923399 
-110.376447 
889.349457 
-80.666097 
-310.418116 
-205.163268 
-675.728131 
-233.220525 
-9.809209 
-34.787322 
-455.484508 
483.000945 
-5.192688 
20.112977 
285.597429 
474.151919 
-380.914466 
128.555902 
269.299449 
-256.051383 
35.271887 
311.495234 
49.492645 
70.690597 
22.757111 
-114.350923 
-222.352179 
-17.340249 
221.070971 
-536.421224 
-286.544653 
-261.551010 
-757.887431 
402.010157 
-243.974940 
-79.346836 
81.906583 
-415.507226 
526.323324 
1006.993102 
-1038.518886 
198.819534 
-11.124033 
13.247793 
-217.962021 
367.417530 
-507.178159 
-285.723535 
575.583670 
281.447872 
421.919516 
-87.637290 
154.159890 
-352.583964 
301.052151 
-226.191150 
-91.075258 
34.179592 
-495.751104 
-182.839097 
104.959809 
181.911791 
147.733055 
-196.930667 
-324.427863 
134.795914 
415.666550 
-154.830459 
-30.294470 
-188.352834 
-166.273193 
-32.298708 
-238.200601 
-607.098460 
-23.935999 
-481.459868 
-333.370907 
339.245512 
-447.920241 
285.576178 
-110.732157 
-286.280272 
-524.765452 
51.070858 
95.829650 
-142.730213 
-486.669876 
-0.463839 
449.032980 
-71.509605 
43.612648 
-67.680992 
163.807038 
261.845860 
0.911140 
18.105708 
-120.990412 
497.159908 
261.853089 
110.442609 
-227.080745 
-240.355764 
324.924258 
285.912773 
109.521579 
183.405730 
-422.027623 
-32.289774 
-109.596759 
28.630153 
496.037347 
278.859293 
-351.872458 
-225.535874 
260.476246 
144.176303 
569.466924 
-314.808084 
5.889019 
-573.835673 
-103.953344 
-466.535672 
-81.287503 
-206.816056 
289.651573 
-100.788690 
250.612494 
340.278796 
-229.935373 
17.919861 
-78.269852 
157.726592 
-451.566692 
-209.114795 
78.953562 
-107.770343 
136.817800 
97.707043 
-91.502608 
-3.428132 
-12.694087 
-652.966277 
176.031676 
-236.135037 
-613.775607 
461.282539 
-181.942124 
86.996914 
303.422094 
172.989921 
-180.541083 
-51.910928 
-219.706919 
-481.400248 
-51.912102 
-306.599547 
-541.849514 
-71.525014 
-32.300323 
-278.342617 
-99.600624 
-326.704140 
-78.307015 
-100.910133 
-566.263689 
6.918830 
-240.562986 
26.530353 
-334.245430 
-366.047097 
-222.624014 
-60.152488 
-682.222041 
248.631717 
-626.567160 
-242.548322 
-247.417695 
-188.164801 
-288.750692 
-219.210227 
-463.207336 
-35.007967 
-12.686089 
0.692800 
230.500124 
-649.443807 
-279.000949 
139.522236 
296.399960 
6.923194 
340.281274 
-81.737303 
46.142242 
271.898756 
-256.398110 
-114.637950 
-313.383084 
-253.827264 
77.049389 
6.927436 
-13.602450 
-73.513441 
-302.457329 
-503.385926 
-212.455914 
-211.821679 
-129.208266 
-218.231775 
-315.257289 
-353.842650 
-77.292642 
-240.135034 
-324.193112 
-13.462635 
-170.026331 
-248.132501 
-12.684318 
-47.444653 
182.235394 
-247.994881 
-108.207350 
-247.994335 
-381.828522 
101.263371 
634.422357 
41.899037 
-359.994016 
587.066018 
-283.054479 
-475.919886 
630.500835 
10.068575 
477.547949 
-337.697226 
193.921971 
-271.678251 
570.419325 
57.459836 
714.579285 
223.470024 
-317.833494 
-92.413778 
301.064373 
319.038708 
268.112580 
242.234846 
286.992380 
695.260614 
-466.680252 
-89.143642 
-135.337981 
282.233990 
370.190281 
91.025487 
198.794022 
345.247924 
241.671984 
144.147693 
389.843540 
279.628666 
-39.715242 
-343.407137 
320.672998 
536.625817 
109.495929 
8.264934 
300.738325 
-61.602992 
821.253058 
459.570225 
310.635238 
-610.376701 
536.376171 
81.475742 
644.852268 
-195.670519 
241.644528 
3.244273 
424.497785 
-37.328435 
575.595182 
-69.926484 
-200.204061 
70.854694 
366.269870 
235.708155 
-29.769496 
-311.497874 
576.024519 
-80.378359 
296.976806 
76.155260 
-407.334050 
490.705939 
57.147289 
120.309614 
287.656277 
47.470151 
-174.256584 
402.225713 
1713.589829 
163.033117 
58.643817 
-44.393319 
357.143784 
437.610793 
-38.951861 
-46.641733 
-76.404001 
-44.573287 
-149.395193 
536.374590 
162.349318 
468.198060 
301.823108 
233.084449 
501.544007 
-113.098875 
-398.268684 
771.687709 
-138.937988 
393.872197 
241.167255 
135.695661 
157.590336 
-230.146899 
152.916434 
-265.972675 
712.859970 
565.303426 
-436.737235 
-105.872094 
484.845915 
-194.073256 
320.671649 
737.840942 
131.829617 
335.563288 
-381.585697 
-33.369301 
438.325741 
326.850648 
40.441836 
261.294192 
699.182367 
70.378960 
85.356210 
162.936115 
1203.092809 
200.509249 
53.823701 
-235.016822 
474.862266 
-440.366009 
244.254320 
26.183232 
151.755845 
194.601144 
-194.744864 
-319.281490 
-39.596503 
-655.585216 
-71.777621 
-12.922469 
12.698945 
209.142355 
-56.147645 
-227.250497 
473.722343 
-373.570697 
-292.449313 
-293.746968 
-256.868860 
387.533599 
261.454753 
302.498980 
163.961024 
-230.539247 
107.781809 
27.550860 
575.590160 
220.928525 
-181.218763 
-456.983193 
595.202542 
1.689820 
-175.931754 
487.743887 
-109.235176 
74.022388 
17.025795 
-285.567838 
121.288392 
29.803512 
-356.184795 
261.333837 
-89.809861 
-804.794620 
6.921308 
261.841377 
251.826471 
359.952079 
-272.350852 
-146.285427 
83.519166 
89.215355 
-562.360106 
84.951021 
-326.134188 
-130.634745 
-296.979307 
301.269820 
28.725724 
79.789677 
509.922969 
34.307602 
-150.532259 
-94.089831 
516.766564 
22.752541 
771.689904 
-617.828186 
-56.407932 
-202.959124 
-143.986695 
-179.879078 
477.549760 
129.417996 
-1454.891808 
-745.013580 
660.831584 
-32.807840 
329.190243 
-328.240476 
225.576806 
119.457092 
-90.458083 
-241.176751 
457.938736 
-130.984818 
-716.008872 
-453.473041 
269.798233 
-437.714315 
-84.241975 
-111.540795 
387.486896 
-280.308208 
-321.681437 
-117.638391 
-230.040077 
-97.626328 
-354.073243 
75.414858 
162.937573 
195.808903 
-152.454771 
46.388132 
-199.994539 
235.967355 
-494.273705 
54.205655 
-133.990683 
-323.389623 
6.921426 
889.342857 
-568.199561 
-160.728065 
-302.580958 
101.722996 
-201.145845 
437.102145 
-964.253405 
198.230243 
-280.035285 
228.045485 
-259.820007 
411.059735 
-169.119677 
-60.391071 
-95.863349 
693.250059 
26.531050 
457.936344 
163.795535 
-245.241405 
-163.126794 
366.207119 
-213.614663 
267.135033 
-201.581650 
-581.527102 
178.005595 
731.699245 
-185.632117 
-115.318902 
2.807145 
225.694812 
-436.238424 
70.842158 
-376.770590 
251.508702 
-195.902263 
-114.896445 
261.842641 
-269.801698 
-255.487364 
47.484315 
340.279230 
-70.689020 
-92.353156 
-110.736388 
48.122834 
16.590974 
771.685541 
170.331077 
-246.701604 
-173.744348 
-462.481270 
79.378138 
-172.067830 
178.370667 
-294.369400 
127.953805 
-409.508884 
-202.702180 
-202.156285 
-60.787149 
-519.837154 
-193.447793 
248.959113 
-232.073041 
-284.355473 
-525.119508 
-88.965370 
-101.323360 
-90.255872 
-276.424491 
-133.733787 
-34.672883 
-193.770908 
258.575459 
-154.613216 
-685.614300 
-751.131747 
-36.529485 
-207.692224 
-198.942067 
123.228389 
-104.040739 
105.087300 
771.687539 
215.482336 
114.663068 
74.039393 
-74.629770 
82.773881 
209.949664 
-306.328811 
-172.420297 
536.374620 
379.499337 
62.630548 
-200.365835 
-513.991861 
-645.417903 
575.593695 
-310.451563 
-13.106547 
-6.248720 
24.184344 
-257.887442 
261.842545 
-42.470098 
151.316715 
60.040521 
-326.880704 
45.878005 
-18.179799 
-63.930280 
209.473174 
331.184499 
67.788636 
-32.298318 
-173.238773 
-526.208405 
20.444995 
-221.323528 
-296.523533 
484.722683 
-184.053437 
264.613655 
46.139448 
-180.949736 
-517.391403 
137.669794 
-87.340705 
-157.646557 
-472.497240 
74.614730 
206.931131 
65.747882 
176.094450 
15.940030 
457.933649 
183.402895 
-107.208521 
-75.114748 
-474.008552 
497.154444 
-12.688443 
341.324386 
-247.999859 
-335.019481 
39.946637 
255.422745 
-37.783776 
301.064159 
21.628967 
163.796879 
21.246493 
-44.648301 
3.833059 
373.246485 
-183.016816 
-380.685097 
136.702492 
359.891730 
-158.449335 
167.629994 
-17.158869 
-613.625626 
-300.664979 
28.029066 
-293.034026 
-183.903065 
48.968871 
-17.141178 
347.602787 
144.188064 
-467.637245 
185.877651 
-171.356511 
203.615734 
-401.180346 
39.208514 
-515.765477 
-615.397805 
-171.741398 
341.364772 
260.865757 
29.648212 
26.530997 
-418.825359 
312.646483 
-137.599578 
-851.598143 
327.395059 
-343.195032 
-303.086102 
-31.830756 
253.283722 
-451.007166 
26.530103 
-492.730163 
-241.959473 
26.531866 
-761.972000 
-792.581783 
-12.686289 
-51.905147 
-270.754804 
-177.142929 
-238.129805 
-153.290457 
-353.656442 
-335.002028 
-91.121915 
-162.083405 
-91.123189 
-84.177157 
-10.345882 
-109.870370 
-332.868845 
-339.794232 
-166.319206 
-238.636743 
-233.595296 
154.330459 
-230.339184 
-2.557522 
-238.859634 
5.997087 
-33.007075 
-110.733532 
-157.710041 
109.479720 
-614.468899 
-294.364672 
274.597553 
202.997422 
-71.513239 
104.970981 
-271.942774 
-32.296211 
53.221334 
-425.818404 
-181.223976 
-232.829096 
-396.547823 
165.147707 
6.922987 
31.863446 
-128.727069 
-411.919291 
-464.015421 
-212.457183 
-309.650438 
-53.695916 
-470.138419 
-150.194189 
-2.298036 
305.928297 
-34.198847 
-358.868667 
-103.717115 
-296.293869 
-205.462507 
26.530608 
-243.059610 
-262.325693 
-248.001610 
-53.048638 
-248.000772 
-534.429003 
-634.959688 
438.328052 
92.664801 
-279.873389 
223.707570 
90.307499 
-564.800327 
-310.754577 
294.723067 
771.682988 
-262.755212 
462.390464 
70.312789 
115.762898 
109.873101 
573.017012 
163.090540 
-321.085935 
303.588104 
379.500118 
-42.108549 
179.532304 
516.775048 
164.373729 
437.713190 
-189.848675 
-11.168572 
522.883978 
632.392594 
430.535777 
-449.247843 
1.769580 
298.920938 
187.669782 
466.557102 
-742.686449 
200.199496 
-25.550172 
24.874522 
1085.451907 
750.132689 
-272.045882 
-222.377204 
193.295194 
549.150941 
1058.608274 
218.514925 
-418.966159 
-264.917257 
203.024820 
467.776457 
109.333646 
-220.465661 
40.777213 
-87.438356 
-302.923014 
376.376694 
399.113291 
502.927581 
-240.362131 
406.569074 
-158.575757 
25.936558 
-271.754672 
347.936568 
474.201408 
44.952001 
75.961175 
-30.759147 
290.929427 
805.598182 
222.559150 
267.953325 
183.285568 
-216.396300 
-213.795106 
771.458470 
764.406868 
135.229898 
-309.719070 
257.300216 
224.235061 
250.838591 
-156.767619 
-203.029822 
-39.554371 
391.594941 
57.916461 
124.570490 
764.859506 
36.489676 
-455.281941 
797.824914 
110.817225 
97.919256 
8.945135 
320.665384 
-19.955833 
295.175912 
75.882353 
10.457674 
-823.964912 
-278.517819 
-40.926685 
-93.876776 
1163.872736 
161.563113 
-701.635115 
-181.958700 
-159.671992 
-339.296980 
46.142151 
-214.525423 
-379.193084 
14.740767 
-352.123624 
36.565744 
340.274686 
72.627778 
-635.191422 
-620.998601 
-86.602738 
72.153408 
320.673148 
125.517892 
-71.519995 
-345.310168 
111.496526 
-345.015182 
282.449323 
-643.213034 
-143.937677 
-211.597028 
-99.073474 
293.559475 
-262.053590 
-280.904754 
-477.559649 
-292.928278 
-18.231813 
-160.428628 
-61.897037 
-870.614892 
122.451624 
-265.056274 
437.791843 
-559.038245 
-696.540225 
-142.539755 
-470.882208 
577.041526 
276.504303 
-328.062097 
-161.559588 
-225.335271 
125.189428 
59.444732 
6.920402 
-7.583162 
-372.721280 
-82.330283 
850.115311 
-228.709132 
-641.527649 
-104.263127 
290.221558 
170.941842 
320.801948 
-512.920990 
-146.761858 
83.325675 
-119.873617 
104.121728 
-220.056079 
-599.500617 
203.010198 
526.570285 
419.006703 
-306.553156 
-158.012996 
-216.240073 
-175.846301 
-40.147405 
499.292000 
77.448543 
38.222887 
330.557565 
93.419508 
619.173562 
50.587293 
77.724461 
-125.264929 
-54.058994 
654.858998 
58.418490 
810.901140 
437.588140 
399.109909 
-475.665143 
-49.951823 
-159.281181 
-316.097209 
-207.233986 
673.643550 
280.987330 
-383.129352 
-441.685535 
55.242987 
-143.488214 
227.614136 
-113.439631 
65.584245 
53.889825 
-312.344259 
149.850134 
654.029156 
400.341435 
501.078262 
-616.020913 
-287.151383 
135.565321 
-59.732554 
543.984211 
-159.139440 
-98.155941 
-201.708705 
-2.201651 
105.360420 
192.493643 
-19.842054 
229.505235 
158.101601 
-95.911593 
-177.239505 
-256.103230 
-105.453337 
-295.491919 
195.651375 
134.431273 
-361.968499 
-179.253303 
771.684804 
340.277697 
-441.554455 
-329.676044 
-293.401617 
16.828323 
490.873122 
16.925616 
-657.217447 
-332.208816 
519.237056 
12.430866 
-101.711935 
284.795897 
18.023013 
-209.029371 
-72.336966 
-91.122883 
-110.732808 
203.017317 
654.035259 
-214.525489 
-310.032688 
331.168877 
-255.197979 
54.994468 
7.386569 
-146.630542 
-142.681048 
276.577903 
-326.077637 
-111.742953 
72.327129 
49.328390 
-491.179319 
-269.306823 
-360.805147 
-61.161662 
-107.074231 
26.234805 
-91.116986 
-339.299878 
-429.242616 
-34.241732 
-110.729377 
14.093594 
-1526.452655 
124.581251 
517.929189 
389.034593 
261.849984 
-17.907091 
-312.255014 
-45.811227 
-963.750855 
-70.187096 
-208.052556 
321.675945 
111.065527 
-93.596092 
-347.512709 
243.361439 
-291.342647 
347.048417 
-99.700523 
-155.277943 
112.901878 
-113.135701 
-51.453791 
308.889263 
187.663287 
-208.634400 
-18.329775 
-159.401542 
-31.913797 
138.011147 
514.851321 
46.181294 
-278.319115 
97.674422 
-371.975426 
322.659753 
-70.153609 
-4.858593 
-56.374317 
311.398630 
698.297944 
418.711517 
-277.445884 
-197.981185 
90.945628 
43.006413 
53.973042 
382.282220 
-77.828228 
26.031966 
144.184197 
144.183893 
12.249572 
-24.820469 
49.788411 
442.253658 
261.837498 
321.473587 
-233.526187 
-45.812026 
17.372687 
-74.747307 
6.916027 
-109.360417 
-429.926620 
111.615660 
556.264660 
139.060746 
100.619561 
-79.407052 
-447.904377 
146.192875 
-10.512562 
575.592654 
378.261165 
-850.995403 
190.501704 
157.848541 
49.563408 
206.588281 
-485.288956 
126.663648 
340.282084 
-287.535806 
80.376371 
-280.347713 
-36.785045 
-185.244906 
-846.080723 
-281.965953 
-111.913866 
-32.294537 
-202.840442 
147.614952 
301.063008 
6.925276 
-246.938953 
95.311351 
-432.841487 
301.059529 
-91.122510 
7.478068 
-561.749492 
-224.218295 
141.572857 
-207.140485 
189.675148 
6.916557 
-385.258375 
242.241096 
415.675431 
-136.968891 
24.383319 
81.970569 
-53.552619 
-496.890762 
472.670134 
-640.201420 
201.138715 
-129.142702 
258.662603 
-34.196840 
25.531923 
67.199163 
169.755673 
5.914529 
1414.197596 
-354.399993 
337.315702 
46.125223 
-75.309583 
-134.049155 
120.642444 
157.945522 
-76.013899 
-150.470428 
-112.896482 
-217.697474 
173.183644 
-230.595764 
23.798391 
30.243439 
-32.302042 
-309.386103 
10.718355 
-4.751823 
97.078814 
-12.222981 
-114.577361 
-612.480397 
-251.014522 
-51.415613 
-54.858118 
-32.302272 
195.053855 
-464.354875 
46.136851 
-361.243662 
267.863748 
85.355546 
183.405338 
-217.347434 
-615.902782 
-135.680941 
176.958020 
-160.183146 
-365.359489 
104.969029 
-246.314727 
85.358628 
-289.898661 
315.934193 
-188.803080 
-32.726096 
-506.406951 
-368.690930 
-219.435956 
214.537621 
-136.788541 
-102.530693 
-53.674076 
-361.160130 
-198.353224 
-232.760882 
85.359360 
-258.338063 
148.527501 
-328.598558 
-104.633616 
-171.328973 
-132.578817 
222.622182 
26.532892 
-779.507881 
46.140888 
-449.784382 
-144.358198 
-591.732022 
-106.423022 
-327.314327 
-200.494475 
65.745737 
162.859288 
-424.931519 
-104.156712 
-71.138919 
-248.000979 
-55.350053 
-64.383595 
-267.509278 
-309.397704 
-52.392685 
-315.123097 
-54.780056 
-391.702545 
510.191429 
-650.507872 
-52.810553 
-248.007606 
-211.958690 
-85.301241 
-248.010899 
-19.670995 
-248.010818 
-577.670334 
-207.833666 
634.416311 
38.316058 
-196.680310 
587.196347 
-98.677283 
-677.358028 
-143.422087 
9.348345 
732.462573 
-733.156748 
292.955774 
135.593259 
197.618015 
36.592293 
1230.448649 
240.231348 
-424.324146 
301.981655 
203.009136 
101.743171 
575.357881 
555.978375 
285.076757 
398.655157 
-86.133484 
-96.183113 
805.031332 
408.052738 
55.649378 
-88.202488 
89.773787 
-37.176433 
264.320608 
271.791706 
-187.034525 
149.578726 
-43.340680 
-182.965860 
1085.442665 
682.406044 
109.540632 
39.297942 
175.443189 
224.305037 
1121.810217 
145.825021 
-394.701595 
-137.373862 
281.455277 
-7.998321 
262.895756 
-41.374606 
55.040041 
-192.840297 
-274.803765 
280.234972 
281.457074 
79.176310 
-438.597043 
-115.311185 
-451.224537 
-12.337684 
-270.815420 
-143.380058 
61.836465 
-446.754733 
-317.137947 
-470.571252 
649.296240 
175.893383 
-0.781173 
114.603951 
-293.642897 
-223.811677 
79.375861 
611.642504 
309.805336 
-120.799944 
162.253641 
-102.789466 
146.451834 
77.203653 
-181.131241 
-733.240326 
-336.285367 
-156.679818 
-97.715687 
595.207030 
-174.893468 
-322.372737 
-366.210196 
379.506393 
288.694479 
-200.323955 
290.389424 
359.892692 
-18.463191 
-53.893052 
-48.952487 
-564.593613 
-155.155039 
21.390444 
251.698723 
184.435249 
850.135564 
106.635470 
-393.935059 
354.864316 
107.015108 
-232.925993 
1007.001311 
149.236972 
304.243292 
292.351460 
22.067397 
110.962680 
163.810064 
276.508101 
-207.101572 
43.757682 
-32.343163 
-143.959128 
810.906473 
-503.081772 
85.366798 
-9.999243 
314.104935 
40.173381 
548.057034 
122.830976 
151.135584 
109.862450 
126.873774 
337.682990 
-97.205395 
-474.782394 
7.939976 
-308.180586 
-12.337922 
119.782500 
169.757499 
-794.612345 
99.502877 
-373.010747 
14.820788 
-389.458992 
-509.908091 
136.514613 
-98.070672 
664.134637 
-104.519183 
14.380458 
57.176811 
-242.535356 
347.312844 
164.723490 
359.894376 
122.662247 
-2.103230 
-417.538014 
124.588300 
-154.232384 
-348.100520 
169.182073 
263.221396 
247.731974 
259.278436 
210.303887 
-345.079703 
-114.911708 
-33.491875 
-386.921500 
78.656258 
-966.961170 
399.115724 
546.184122 
11.387879 
-467.087980 
-538.357265 
-167.623759 
-242.581947 
-16.141578 
-352.048863 
-239.264312 
-2.470835 
60.134436 
-163.925369 
-307.182152 
-100.151753 
26.112573 
-185.177280 
249.956237 
460.986034 
71.275284 
497.161104 
345.078926 
340.285774 
-703.853113 
-684.462099 
-508.732176 
132.074183 
-0.620951 
497.159915 
81.944472 
-1076.663375 
-401.575471 
161.872936 
51.597302 
-135.603554 
-260.471727 
-252.250638 
317.499493 
-184.980248 
-230.075243 
242.232560 
509.727100 
448.787700 
-568.752885 
-272.038892 
117.437852 
248.638578 
254.228770 
49.548083 
-354.975186 
-402.631421 
209.919825 
242.086140 
86.712106 
108.517111 
-107.259298 
-8.259489 
-137.283128 
-97.100784 
-170.086601 
-42.670001 
-301.381602 
-243.077393 
186.958308 
-425.388252 
-102.515849 
379.497972 
320.672944 
-296.174387 
-471.920135 
257.628489 
-383.934773 
-217.057249 
-289.720068 
-440.211992 
137.450688 
351.784565 
310.081901 
-310.327164 
454.525316 
920.889044 
308.420967 
-335.689533 
-32.298583 
340.278211 
693.245748 
163.792999 
232.903856 
-214.718451 
631.805601 
176.143642 
-12.312678 
-190.453214 
80.136672 
208.211391 
349.794648 
-326.975967 
-486.924175 
184.797271 
-232.573673 
-413.152040 
-308.313104 
-276.651588 
210.449288 
-89.517979 
-619.447359 
-32.293363 
123.996830 
-128.483844 
-189.806162 
163.799038 
30.755169 
-403.934775 
693.252297 
197.795888 
-19.399517 
497.159050 
-59.751086 
-217.115278 
-358.949752 
134.377175 
-478.720892 
-206.092029 
49.544462 
-347.269828 
-194.169250 
-617.669093 
-382.497051 
-132.519848 
-314.879217 
-171.890919 
-136.084588 
346.990648 
346.889739 
412.964756 
-189.011591 
-185.932815 
210.911139 
110.220428 
-201.185247 
-282.690326 
56.912488 
257.059924 
233.569434 
24.918550 
-468.901326 
-232.089920 
147.281624 
-243.344732 
-240.658050 
188.122704 
352.004891 
196.188489 
-51.904376 
-156.338993 
-91.977830 
173.879501 
158.079615 
85.526842 
89.182435 
-320.902797 
-216.721006 
183.406110 
-71.516573 
-197.055423 
199.134702 
-12.438145 
-352.576236 
46.138182 
339.299361 
0.923064 
363.701246 
-81.102763 
-63.038641 
536.370912 
-146.974429 
-135.986241 
-96.549453 
349.398020 
-39.493196 
147.222926 
348.496945 
21.583003 
360.422994 
253.980522 
6.920300 
-895.108296 
-772.550458 
127.958565 
41.311020 
-389.585651 
100.993357 
-514.421604 
-217.223395 
104.964417 
-372.598492 
-197.319607 
78.413240 
-166.441543 
-177.487541 
-726.273611 
-224.717476 
-101.285928 
242.234652 
101.338813 
-137.129484 
46.136792 
85.349708 
229.816083 
-88.898523 
-121.783719 
26.526596 
6.908144 
-100.388838 
-59.762323 
-39.566555 
-108.894152 
-50.294246 
-189.759661 
281.447906 
-200.210482 
340.269955 
118.076098 
-155.057616 
-73.580525 
-42.960138 
-119.066659 
-258.159525 
296.648133 
359.879015 
27.219316 
148.094487 
-143.981361 
-380.636964 
-38.313659 
-34.968075 
-324.698205 
88.426712 
1284.127685 
-195.654430 
265.743469 
26.528174 
-281.656527 
350.227494 
-135.028846 
158.596408 
-294.199497 
72.166285 
-281.314724 
-144.442775 
-56.526186 
-142.524581 
-54.879372 
4.149129 
-32.296221 
-303.364365 
-2.636994 
117.506987 
-65.000559 
-132.041655 
-186.876487 
-235.284524 
-272.391742 
228.625435 
-133.454105 
-12.686410 
92.858061 
-386.955450 
-12.687387 
-14.086862 
-300.872758 
-71.513366 
6.923243 
-539.124643 
-540.445753 
128.373421 
-51.523313 
-22.955349 
-447.305596 
26.533136 
118.672351 
46.142020 
-192.192975 
80.731999 
-165.785580 
-227.745607 
-218.344443 
-25.601826 
-386.425596 
151.905259 
44.645960 
-394.598288 
-259.374551 
-241.735141 
-223.683822 
-31.770664 
183.402989 
-126.665604 
-353.786451 
-192.295790 
-13.917379 
-98.288932 
-2.148272 
-32.300675 
-12.688490 
-539.636963 
-51.909607 
390.833676 
-319.282823 
-295.387045 
-334.444184 
-72.473292 
205.797868 
-248.005259 
-15.725159 
35.379094 
-193.530610 
-221.159064 
-51.908134 
-395.743862 
122.507700 
-193.740966 
-302.852057 
-262.964520 
270.890022 
151.166815 
-338.018154 
-144.347759 
-322.528119 
58.738423 
-248.001719 
107.897806 
293.859812 
-248.007942 
-159.399359 
-248.006972 
-343.490706 
-7.590139 
595.198870 
-534.666211 
-367.916605 
524.130268 
17.754405 
-271.752949 
-38.836539 
43.506114 
340.275717 
-352.193092 
68.003172 
257.943973 
-293.385478 
228.850053 
611.874352 
497.825059 
-55.750438 
281.209027 
301.058122 
341.404651 
330.118459 
614.807202 
545.180304 
157.579241 
-746.784079 
11.687439 
426.860955 
659.931994 
232.032329 
183.263291 
133.854729 
158.073496 
360.515472 
73.394104 
-124.742967 
218.473014 
133.716935 
344.222577 
477.547078 
442.853643 
439.814797 
278.903904 
211.266729 
440.426992 
834.414821 
334.114661 
124.012188 
94.185427 
928.565500 
73.489006 
820.357106 
-143.388696 
447.814993 
-136.472295 
780.116016 
-284.254664 
654.031375 
225.101182 
-299.891539 
262.680717 
-25.223709 
-12.714932 
52.432955 
-0.552443 
258.321703 
-230.984041 
-294.931470 
-211.322127 
301.307705 
360.980546 
19.552835 
-227.205580 
-302.451737 
-57.970154 
207.879074 
896.762242 
1226.301863 
-404.835028 
38.022088 
106.104640 
52.166519 
116.114053 
33.153188 
-443.213647 
-302.514235 
75.698554 
104.898606 
634.421999 
6.740072 
15.806425 
126.598166 
421.335990 
310.934105 
-206.054289 
-267.750635 
399.112961 
-312.730043 
-251.990423 
593.858054 
-128.747944 
4.684233 
324.325163 
-50.931564 
53.167439 
732.478221 
256.965924 
-490.252690 
200.075357 
-130.082743 
-256.828801 
928.573815 
116.904670 
-244.844077 
132.194036 
-155.087958 
305.844116 
163.811841 
686.268675 
-391.132737 
-338.848552 
84.134789 
48.758715 
1124.667915 
-299.820008 
242.242828 
200.906339 
516.882884 
125.833878 
386.329161 
43.449585 
100.254099 
-25.152841 
210.589062 
-16.391289 
-49.499707 
-344.949935 
-53.287937 
73.790727 
-531.458672 
144.546486 
343.782558 
-270.065721 
-163.775304 
-415.400487 
268.693114 
-167.107920 
-354.866661 
-90.011978 
156.717155 
320.894685 
-230.543376 
365.526253 
127.980471 
140.683824 
251.142851 
606.209558 
438.324805 
-26.993499 
249.599047 
-138.361843 
320.674279 
-438.815366 
-489.594440 
449.359215 
-226.722959 
191.682828 
182.681202 
67.970755 
-406.909861 
-294.899585 
-141.695103 
-82.973331 
564.196770 
-546.542014 
379.499613 
320.673906 
29.023107 
415.305638 
-200.054778 
562.612293 
41.514988 
403.402849 
-345.297617 
-53.134061 
-202.478191 
8.803049 
222.200949 
-111.531355 
-27.649677 
159.151545 
298.145526 
461.903972 
83.691657 
474.548917 
340.282208 
265.969422 
183.409103 
-787.829275 
-618.867172 
27.112912 
-316.170790 
731.727905 
418.720205 
82.125903 
-965.072138 
325.441374 
-313.935860 
265.866079 
327.231166 
-437.311590 
-479.494287 
56.359226 
-152.766535 
-11.405215 
320.670840 
559.338279 
-318.588309 
15.942989 
250.118486 
-260.538895 
301.507930 
-148.154062 
-116.055895 
-510.337403 
-203.305543 
-60.087915 
-171.531452 
21.605597 
-301.921789 
-61.696935 
-263.352161 
23.247097 
284.782548 
-221.697268 
141.770859 
-545.533237 
-585.714107 
207.099751 
326.197606 
-65.796261 
477.542169 
810.902352 
-512.997689 
-400.393978 
-165.685773 
-413.263841 
148.718655 
149.548570 
-804.707023 
136.048452 
-252.120234 
-69.820422 
-263.305527 
302.325913 
468.413280 
342.604790 
-238.265898 
457.933144 
242.230860 
222.618569 
203.012189 
95.977633 
15.921275 
868.653888 
169.884239 
199.232207 
-785.631697 
-410.941250 
168.702753 
352.465270 
-499.308505 
-320.111151 
-251.482841 
-300.167385 
-253.177587 
73.067379 
-92.271826 
182.794143 
-424.193663 
-550.106928 
340.281680 
50.046892 
307.175748 
-587.931884 
967.780345 
-272.498709 
-175.446814 
399.106338 
118.894715 
-207.631804 
281.454341 
233.075742 
-607.743606 
-492.871270 
48.583425 
-839.187508 
-93.240454 
-107.585401 
-432.054846 
-131.957641 
-267.297419 
-222.526654 
-106.242775 
-169.520853 
-665.142717 
-129.717776 
316.940622 
3.944178 
-0.615388 
-158.685414 
25.169882 
7.166977 
35.654559 
-132.671786 
-357.751472 
14.510777 
-70.674147 
118.759229 
-199.229017 
-250.244607 
-330.261286 
101.910738 
-327.221435 
-422.141573 
491.728020 
-148.473299 
-32.239009 
65.747672 
-292.657451 
-38.812998 
-109.186552 
314.208900 
155.064907 
133.938005 
-165.750597 
-223.705147 
6.923399 
6.923798 
317.716318 
-124.366640 
25.672446 
-436.242965 
497.157637 
-100.699214 
6.332699 
6.101090 
-419.558883 
-475.414344 
6.924047 
50.244107 
-178.721594 
-392.368175 
338.620947 
-43.946849 
62.312683 
32.408227 
-63.478867 
413.001970 
139.402726 
183.407456 
-900.012877 
366.019099 
13.523630 
-78.941055 
-297.248146 
117.407529 
-461.308181 
209.765311 
46.144110 
-86.644638 
-725.565497 
-7.305338 
-469.675920 
-295.408061 
-866.708676 
16.201646 
-334.392657 
379.503687 
-162.717130 
-218.554524 
-71.517348 
457.936576 
115.648473 
-43.671313 
-89.601263 
-51.907401 
-32.301203 
206.142550 
-268.914187 
-29.243769 
-356.919757 
226.956146 
-35.502805 
222.625246 
-390.167636 
-32.301055 
-193.172789 
-135.141278 
114.208109 
-450.598635 
5.413401 
-738.220863 
40.107120 
438.320195 
40.974425 
-192.046774 
-297.419799 
24.682250 
-208.387326 
-6.978349 
27.893772 
-157.505830 
753.161176 
-430.089798 
150.723036 
6.925960 
-280.114066 
215.670409 
-103.814528 
153.232840 
-378.565902 
-29.899763 
-23.678423 
-537.401647 
-85.327893 
-295.622241 
9.100468 
48.514376 
-71.517617 
-365.912601 
40.921058 
179.951283 
-1041.879065 
-213.217783 
-353.619652 
-230.328713 
-187.461656 
-5.686778 
-371.437817 
-71.516260 
-223.931732 
-370.535682 
65.752568 
112.848343 
-154.775812 
26.535462 
26.531665 
-15.246809 
-464.194567 
184.590596 
181.726814 
101.127228 
-351.713904 
46.141835 
-40.295635 
301.064522 
-86.752432 
-136.527014 
-62.254445 
-501.258165 
-627.909658 
188.863157 
-87.998189 
-263.076241 
-143.401301 
-20.912147 
-328.448756 
-64.719035 
-239.717202 
72.863090 
6.921219 
-193.220356 
34.284117 
-173.971162 
-412.445909 
-79.502312 
12.753349 
65.749154 
6.920650 
-239.171536 
26.529451 
343.372389 
80.150177 
-86.660477 
2.917965 
-409.082677 
333.408224 
-248.000869 
-57.680246 
-103.460177 
-282.155703 
-765.911826 
-247.999941 
-127.164350 
337.872341 
-214.505426 
-467.343887 
-422.677477 
25.566568 
-120.949998 
-126.092172 
-199.809095 
-20.032314 
-0.851381 
-248.002943 
431.156538 
-30.747901 
-248.003234 
91.832044 
-248.001055 
-555.580330 
45.673926 
732.470326 
-243.160274 
139.919349 
83.237575 
-430.655384 
-639.242401 
295.835147 
526.442144 
320.673509 
-209.836793 
-493.162368 
-508.504072 
680.691673 
176.657957 
173.039085 
55.860796 
-316.186887 
233.441060 
6.922440 
350.487558 
649.655487 
399.109857 
630.275127 
317.360679 
-1057.708570 
435.729435 
723.390865 
253.387027 
289.023862 
-52.381518 
-372.609564 
-87.176533 
385.742772 
-282.751342 
-322.664364 
441.343996 
124.487524 
353.960932 
575.591983 
185.587765 
-57.973445 
110.022030 
345.876149 
371.056420 
710.777560 
-305.354218 
-164.257920 
111.724424 
732.466946 
-196.432607 
353.718582 
304.658496 
56.197908 
-539.691249 
444.905033 
-222.222420 
203.013148 
437.589316 
-68.743051 
19.873674 
-69.865081 
321.133258 
85.398727 
-37.157889 
494.954611 
-655.254969 
-0.351536 
109.303920 
-201.715493 
96.441023 
-6.725933 
-89.932198 
164.466749 
136.318845 
-207.936045 
438.922575 
1131.356788 
-159.613640 
-65.414186 
542.915078 
417.912658 
-74.024703 
-463.879516 
543.075330 
138.312670 
-47.099414 
-107.420039 
1203.094204 
-32.723349 
-80.586572 
-110.565384 
23.917842 
624.878470 
-118.935156 
-24.563038 
536.375667 
-346.380743 
-377.808875 
245.186596 
49.069492 
-41.460939 
113.438142 
111.352140 
356.465100 
457.938024 
33.688291 
-161.444082 
64.704461 
79.452236 
150.034414 
281.454179 
76.458861 
207.626831 
163.722086 
551.515373 
-107.592456 
595.202509 
298.246070 
-105.533820 
-255.497734 
155.011227 
275.729322 
6.921275 
-126.991630 
438.327493 
374.027780 
94.043218 
124.087706 
412.278455 
27.772310 
408.838612 
-86.598007 
-289.647705 
-396.860271 
-410.121909 
-5.902367 
-115.089511 
-792.815548 
-44.202142 
178.725682 
305.886215 
81.681538 
-281.313492 
-386.090377 
-46.133373 
-855.114710 
-838.193443 
-294.234678 
-130.565300 
-562.526944 
-152.488246 
200.913042 
-352.042061 
-318.846678 
148.984059 
396.491464 
516.767655 
-225.269938 
409.802534 
-549.182654 
281.454907 
133.104598 
-683.851078 
459.593798 
-225.172062 
-52.484941 
33.092392 
-149.000270 
-444.177531 
298.340771 
-70.139145 
-360.687437 
66.519985 
-409.307301 
399.112197 
516.767621 
221.868966 
476.665823 
86.733558 
87.313375 
236.479722 
-0.168165 
-666.961536 
-59.764832 
-328.934481 
146.692713 
-587.375016 
-45.994343 
-576.403647 
-193.834107 
272.326051 
687.321962 
233.440375 
4.432753 
301.063749 
115.782242 
261.844516 
102.862287 
5.030136 
-49.254972 
-497.194072 
174.575253 
536.375488 
250.283640 
-359.002987 
487.798342 
28.670525 
298.187208 
45.438496 
-686.236351 
-232.316165 
267.477577 
-216.686912 
-29.247393 
320.671472 
158.668458 
-674.176289 
-0.699013 
429.654284 
-324.785372 
234.242808 
-16.468454 
47.626955 
-465.496493 
-726.171245 
163.014202 
31.784918 
224.730324 
-183.620563 
-639.401649 
-538.656226 
302.692780 
195.180515 
-83.229216 
166.740895 
-110.127947 
-836.104399 
290.570502 
361.848249 
-496.368499 
595.203389 
1085.437768 
-688.927160 
-53.613777 
-171.955336 
-514.482275 
215.699688 
69.523988 
-987.700109 
187.196256 
-411.332206 
-445.666460 
-427.140356 
151.334369 
146.436025 
274.454033 
-502.562766 
301.063002 
203.015795 
124.578590 
320.672012 
515.708781 
-121.928448 
85.904231 
175.342940 
-22.101542 
-478.490389 
-46.750472 
57.935773 
352.399066 
-693.465942 
-280.834752 
-212.639484 
-0.305077 
-799.952662 
-110.593702 
298.633531 
110.310165 
35.734997 
-657.855151 
497.156278 
82.655054 
151.222547 
-96.581577 
1085.437148 
-185.411359 
-380.568643 
693.249680 
214.675522 
55.003000 
320.671413 
253.999488 
-132.588892 
-323.099354 
266.745374 
-32.334247 
393.637390 
120.600740 
27.245639 
75.491936 
-186.678514 
-107.458917 
-192.220247 
-342.929181 
64.111814 
-195.602511 
-15.302027 
47.959927 
-862.192059 
-258.039718 
-46.586256 
80.699511 
-351.750756 
-297.157882 
-191.818000 
-305.305231 
-39.995129 
-184.062529 
-247.045254 
174.241840 
-556.469557 
-138.390170 
-327.018420 
46.287222 
491.167474 
-55.635139 
-147.602502 
6.922052 
-197.840529 
26.062402 
183.616674 
286.242706 
-81.554874 
128.789327 
-157.592143 
-50.393702 
65.750428 
-32.296720 
89.615539 
-201.445385 
-97.698807 
-478.082137 
497.156149 
-213.866311 
22.353163 
62.696701 
-87.950614 
-44.983724 
-71.515271 
18.557537 
-152.511232 
-147.542701 
23.297060 
-133.453611 
-244.546651 
-18.904071 
-354.646936 
36.715165 
37.046370 
104.969160 
40.012305 
-490.666292 
333.283994 
9.610279 
-442.799586 
165.898525 
-544.978954 
234.857541 
-149.952469 
-122.434954 
-493.945797 
-44.207930 
-390.928120 
169.181404 
-99.322008 
-151.001914 
-286.293213 
65.749229 
54.091771 
-148.794931 
-149.952977 
379.499613 
-330.809721 
2.792621 
-426.633132 
6.921734 
46.140556 
423.664980 
-185.250944 
59.215873 
-265.907372 
87.206142 
275.893273 
261.842522 
-212.459022 
85.358165 
-134.476053 
216.841862 
-339.752518 
154.739536 
207.574532 
-157.215269 
-231.009652 
399.108870 
310.990288 
-175.008600 
-150.630888 
324.453703 
-310.602233 
174.813414 
104.058468 
64.945984 
266.516139 
-387.419676 
226.147034 
65.749976 
21.695728 
416.658485 
-219.821844 
119.012710 
-402.378959 
334.150920 
261.488543 
-125.199583 
-168.430183 
-208.987141 
232.596050 
100.100960 
26.531146 
-387.188325 
94.312634 
342.027026 
-1129.350710 
51.801999 
-100.350002 
-209.865719 
-90.110734 
241.175194 
6.044247 
6.921713 
171.153589 
-14.747247 
-12.687243 
-328.811944 
-711.424540 
-71.515505 
-71.515441 
-249.324309 
-503.569635 
-262.050428 
-98.992484 
-121.368796 
-221.469984 
-32.296483 
-262.566528 
65.750053 
-48.065026 
-165.638126 
14.168821 
-364.627756 
-159.364405 
-46.635415 
-329.194554 
-228.196272 
141.924465 
-79.300420 
-373.763026 
-110.292893 
119.077885 
-25.533126 
-110.733922 
192.823249 
-358.528962 
-336.446544 
184.121201 
-110.160047 
-17.803121 
26.531372 
6.922207 
-447.996156 
-12.686948 
-443.605351 
-136.089138 
537.736673 
-240.503450 
-399.610472 
-421.276689 
-247.999728 
-74.463513 
257.938275 
-171.534470 
-708.151979 
-248.000001 
26.733475 
-627.872352 
-424.028227 
-14.683566 
200.077831 
-200.098781 
-346.022914 
-423.780283 
24.838015 
128.575934 
-7.849338 
-247.999696 
314.030911 
-460.377417 
-247.999507 
-147.148375 
-248.000339 
-511.698029 
-290.146714 
-247.999999 
-232.306399 
-256.809872 
-236.757222 
-240.919106 
-255.118412 
-247.999999 
-249.541379 
-228.390625 
-256.344978 
-250.622485 
-235.331089 
-256.098373 
-247.188986 
-250.251732 
-256.331793 
-243.250974 
-244.379877 
-248.000001 
-251.027557 
-242.227252 
-228.390624 
-232.585278 
-248.550127 
-252.659173 
-252.800711 
-231.540753 
-239.805071 
-253.286488 
-255.451498 
-237.324296 
-246.202292 
-238.398319 
-248.859592 
-248.458201 
-244.866262 
-241.073897 
-249.012920 
-248.000001 
-253.663297 
-228.126084 
-252.671147 
-239.104159 
-247.570436 
-235.703538 
-234.793897 
-242.690658 
-257.166784 
-228.390625 
-248.834604 
-247.259046 
-246.549581 
-249.481062 
-228.390625 
-248.024903 
-245.780017 
-228.390625 
-245.178724 
-231.567276 
-247.306702 
-233.802576 
-244.825556 
-259.771892 
-232.263069 
-243.586806 
-255.992805 
-238.358222 
-244.487061 
-253.253342 
-255.697151 
-240.871696 
-246.342614 
-235.110217 
-240.552012 
-254.272270 
-231.458514 
-187.782878 
-237.247683 
-249.685350 
-240.829033 
-237.878171 
-247.905152 
-228.311376 
-255.517461 
-261.837315 
-241.320499 
-231.958419 
-248.000000 
-240.520275 
-238.591988 
-239.464053 
-247.999999 
-231.394690 
-239.399570 
-236.810846 
-248.000001 
-251.393867 
-244.941208 
-253.812005 
-257.239517 
-240.783923 
-247.879263 
-243.043916 
-246.771113 
-248.000000 
-241.267177 
-245.636705 
-250.577376 
-250.113078 
-255.872750 
-248.000000 
-247.311810 
-241.001903 
-237.210636 
-246.715308 
-257.039168 
-247.999999 
-249.146058 
-235.577176 
-252.661146 
-246.819288 
-251.250099 
-248.000001 
-237.023347 
-247.999999 
-245.541420 
-249.553799 
-246.554960 
-241.614310 
-226.844814 
-244.554553 
-239.925189 
-239.841971 
-251.761459 
-249.106917 
-259.146347 
-256.031747 
-264.537463 
-245.134545 
-237.674168 
-248.631240 
-246.774415 
-245.298418 
-247.621900 
-245.033939 
-240.875395 
-246.177475 
-244.842443 
-256.087734 
-241.952077 
-245.889003 
-245.403781 
-244.715424 
-245.161665 
-238.263056 
-241.545851 
-228.390625 
-243.898267 
-245.522275 
-249.478595 
-248.000002 
-247.656918 
-254.786586 
-235.994932 
-238.930730 
-240.619297 
-251.024770 
-239.490846 
-247.033011 
-253.538545 
-233.488211 
-243.163896 
-248.423041 
-262.768584 
-228.390626 
-248.000000 
-234.491770 
-247.311809 
-253.348888 
-251.241901 
-248.430529 
-242.633733 
-247.457276 
-241.591290 
-251.641791 
-254.154915 
-231.762745 
-244.475006 
-251.314852 
-247.228858 
-230.340207 
-248.760326 
-243.174785 
-247.976653 
-248.000000 
-250.322870 
-248.000000 
-251.770344 
-253.865371 
-240.548825 
-228.718661 
-245.290288 
-247.999999 
-240.349949 
-242.877687 
-238.320478 
-252.216705 
-245.301228 
-244.642716 
-235.602320 
-251.834562 
-239.525782 
-234.415727 
-240.334492 
-228.390625 
-243.987744 
-248.000001 
-244.318903 
-232.152114 
-253.411952 
-249.031164 
-243.203528 
-257.452095 
-239.477250 
-242.928780 
-242.822539 
-251.366723 
-243.861542 
-255.409525 
-254.700598 
-255.171923 
-252.235006 
-240.407774 
-241.001929 
-256.611656 
-246.642989 
-251.936973 
-235.073410 
-249.833806 
-255.298565 
-228.390625 
-228.390624 
-252.536061 
-247.396736 
-235.549872 
-249.856462 
-261.890473 
-251.360136 
-279.138293 
-248.649967 
-245.537788 
-242.780732 
-246.870949 
-240.062620 
-243.840748 
-247.841486 
-239.529963 
-248.000000 
-248.000000 
-248.000000 
-247.999999 
-247.311810 
-247.716066 
-241.620074 
-240.206442 
-245.268265 
-257.432850 
-239.719535 
-240.770357 
-221.221288 
-229.480318 
-249.301045 
-254.217130 
-236.081161 
-248.335171 
-235.198117 
-242.086412 
-243.829239 
-249.596573 
-248.533338 
-247.999999 
-241.073899 
-240.987759 
-266.517463 
-248.000001 
-254.493221 
-239.104159 
-248.000000 
-256.108198 
-243.915643 
-248.000000 
-248.000000 
-248.369119 
-242.137229 
-228.390625 
-246.544632 
-245.541420 
-250.540355 
-253.981180 
-222.386053 
-258.999608 
-249.979062 
-255.713699 
-263.430544 
-248.888594 
-244.029682 
-252.402974 
-253.310660 
-256.840805 
-248.645179 
-263.485268 
-232.854489 
-238.956973 
-253.745483 
-253.329217 
-230.398825 
-236.730476 
-236.963851 
-252.779121 
-240.783923 
-252.261704 
-249.119041 
-237.902055 
-251.236152 
-248.859591 
-250.074297 
-245.952271 
-248.000000 
-261.281641 
-247.547424 
-242.841929 
-234.535041 
-248.645179 
-258.290612 
-242.460989 
-241.889986 
-248.000001 
-247.999999 
-254.560717 
-238.200895 
-229.153908 
-247.999999 
-248.000001 
-246.679128 
-230.215980 
-245.225567 
-239.918559 
-246.054598 
-248.000000 
-231.554518 
-236.521266 
-254.842063 
-246.900438 
-246.792634 
-249.204399 
-243.526598 
-245.164279 
-247.408215 
-241.054591 
-248.000000 
-247.999999 
-247.999999 
-248.588328 
-249.836496 
-255.963986 
-251.717400 
-247.624307 
-244.843697 
-248.000000 
-256.818137 
-240.661183 
-251.092559 
-252.490576 
-245.484544 
-246.344850 
-239.151939 
-252.193814 
-248.000000 
-244.467845 
-249.005158 
-248.000001 
-248.000000 
-246.549484 
-246.292046 
-244.843697 
-248.000001 
-248.000000 
-236.802454 
-247.999999 
-254.502036 
-241.965186 
-249.929929 
-241.188601 
-248.000000 
-248.000000 
-248.000001 
-241.949329 
-246.889374 
-248.112945 
-250.433956 
-248.694645 
-242.375957 
-239.138658 
-247.999999 
-239.151171 
-249.234163 
-250.113078 
-245.420303 
-241.378992 
-254.024466 
-232.459778 
-249.359859 
-249.148986 
-248.108692 
-240.952380 
-248.000000 
-240.975072 
-248.604855 
-250.792069 
-247.766436 
-235.960760 
-242.543974 
-255.252479 
-248.009251 
-254.593924 
-248.853048 
-252.586929 
-259.149966 
-248.000000 
-250.548441 
-246.611504 
-253.355314 
-265.234801 
-250.069991 
-256.416226 
-254.930132 
-251.567432 
-240.340084 
-245.660701 
-248.000000 
-253.742014 
-227.517482 
-248.000000 
-249.442560 
-258.597753 
-248.000000 
-248.000000 
-250.418467 
-254.033840 
-247.287194 
-238.346211 
-241.367649 
-255.599447 
-248.000000 
-247.057666 
-248.000000 
-241.818196 
-249.919746 
-251.963606 
-241.124047 
-243.673918 
-243.958104 
-254.539622 
-249.601206 
-246.925570 
-247.898100 
-250.432458 
-243.488489 
-240.492591 
-246.018989 
-248.000000 
-252.137369 
-254.350167 
-250.648376 
-253.981180 
-255.682748 
-248.752477 
-248.000000 
-248.000000 
-241.052339 
-248.000000 
-250.643699 
-245.355499 
-236.209236 
-251.166549 
-254.358406 
-237.879840 
-248.000000 
-227.893422 
-238.510048 
-235.790900 
-253.524074 
-247.999999 
-250.198252 
-245.593795 
-243.699754 
-250.210421 
-257.605762 
-245.521533 
-249.994360 
-247.348770 
-254.573976 
-249.047438 
-262.398630 
-247.999999 
-247.194132 
-241.156281 
-248.000000 
-250.798508 
-247.999999 
-253.421761 
-249.438953 
