-92.820410 
-84.585787 
-82.406613 
-78.701426 
-72.755627 
-75.808745 
-61.375085 
-73.307461 
-67.664201 
-63.427896 
-58.787102 
-63.209414 
-63.879311 
-51.391917 
-60.318132 
-60.890040 
-57.684303 
-57.661136 
-42.507909 
-51.139740 
-51.852096 
-55.086036 
-48.567929 
-61.243962 
-40.567463 
-64.414856 
-70.757260 
-57.228318 
-47.734082 
-44.057127 
-49.300427 
-52.071244 
-55.772785 
-50.636286 
-49.681464 
-44.055707 
-55.178990 
-56.050429 
-55.085919 
-59.680599 
-70.546042 
-80.845775 
-81.401585 
-84.915919 
-100.717804 
-84.461621 
-88.119855 
-77.922871 
-80.242236 
-80.359225 
-72.502954 
-92.788243 
-97.831748 
-107.363860 
-107.969319 
-88.262999 
-92.820359 
-88.498329 
-87.353778 
-84.336862 
-76.591934 
-69.333152 
-67.377633 
-68.058485 
-67.080303 
-70.984071 
-65.201934 
-82.530975 
-83.270921 
-89.057128 
-97.836757 
-85.984813 
-91.673793 
-99.071238 
-107.212527 
-101.927028 
-104.219558 
-101.970420 
-95.253664 
-93.748430 
-78.193020 
-77.307863 
-68.178617 
-83.536731 
-84.040017 
-81.353261 
-75.365098 
-80.242280 
-77.131283 
-80.459614 
-100.525646 
-88.208443 
-86.759990 
-83.216432 
-80.098826 
-80.242240 
-83.724124 
-89.025513 
-58.758776 
-66.109796 
-79.446552 
-71.472436 
-74.163557 
-71.136764 
-67.664168 
-74.836330 
-90.815335 
-92.763053 
-90.679472 
-80.216604 
-80.242196 
-80.665687 
-87.074602 
-81.217882 
-88.370386 
-95.521930 
-92.820622 
-89.227966 
-92.071634 
-86.858331 
-81.246847 
-76.947004 
-67.664023 
-68.493774 
-55.086431 
-57.512211 
-63.459808 
-50.188567 
-63.696217 
-66.729223 
-59.368887 
-84.410004 
-77.962284 
-77.087577 
-80.479796 
-75.815815 
-84.457673 
-83.790802 
-94.858108 
-92.749454 
-83.022023 
-93.213455 
-77.591410 
-84.988336 
-77.061024 
-82.053568 
-59.768580 
-65.529637 
-60.746447 
-69.776883 
-49.787848 
-41.744399 
-45.287808 
-52.103562 
-57.265029 
-55.804460 
-55.086096 
-67.381096 
-62.996343 
-93.089985 
-67.664085 
-67.395487 
-74.958317 
-58.901580 
-70.287886 
-56.289262 
-52.823551 
-64.493502 
-55.817368 
-66.915995 
-54.530573 
-56.761788 
-67.093500 
-52.619869 
-55.085869 
-58.230425 
-53.224845 
-67.695869 
-62.118914 
-50.096249 
-71.555387 
-62.696624 
-72.563568 
-71.067675 
-73.216167 
-81.031485 
-86.036912 
-88.445526 
-94.552774 
-91.248067 
-102.753679 
-95.890451 
-102.805682 
-105.739806 
-105.398480 
-97.589402 
-92.820380 
-94.862194 
-102.362735 
-93.530611 
-93.532266 
-96.460534 
-92.820430 
-89.390840 
-101.249132 
-98.317640 
-106.520344 
-104.864429 
-105.386594 
-102.065310 
-98.878260 
-98.542296 
-90.912601 
-92.898034 
-80.242413 
-86.952294 
-81.919546 
-83.554943 
-87.709223 
-82.881093 
-82.062612 
-72.885257 
-69.335066 
-58.034223 
-68.591840 
-72.121279 
-72.395796 
-62.528719 
-71.286858 
-69.707191 
-72.844787 
-65.171196 
-77.894592 
-72.598369 
-80.755289 
-75.234213 
-83.299527 
-64.926583 
-79.315890 
-73.047108 
-73.953211 
-80.242252 
-80.152194 
-72.553955 
-81.521754 
-61.493750 
-75.262858 
-45.889081 
-68.962759 
-58.715488 
-56.309669 
-57.484463 
-52.637419 
-55.065550 
-49.167380 
-57.010514 
-42.938100 
-61.374985 
-55.085903 
-73.953156 
-67.664003 
-67.248782 
-76.175480 
-74.553619 
-78.963190 
-78.552459 
-82.710076 
-85.450715 
-78.495268 
-92.172939 
-92.705109 
-92.349626 
-95.774132 
-104.057490 
-95.224417 
-102.416176 
-106.942687 
-109.638720 
-106.062067 
-116.980494 
-105.398536 
-108.845737 
-114.300222 
-112.954366 
-111.687679 
-104.918353 
-96.050076 
-105.398617 
-101.916842 
-113.231741 
-117.976767 
-108.333571 
-112.174786 
-112.344304 
-112.080807 
-99.858318 
-88.957736 
-85.084232 
-86.754593 
-67.791700 
-73.477800 
-72.657688 
-49.234761 
-52.998612 
-57.262215 
-45.238218 
-34.265512 
-44.921605 
-41.129079 
-55.868555 
-47.164628 
-47.840534 
-54.626732 
-39.988910 
-37.904947 
-26.412123 
-36.311126 
-29.333700 
-39.940325 
-41.712187 
-39.285336 
-48.053705 
-56.587841 
-53.554859 
-50.636252 
-62.685014 
-61.262595 
-67.664030 
-73.564756 
-69.968231 
-85.959875 
-89.363971 
-93.602593 
-86.146689 
-80.213898 
-92.385796 
-80.242164 
-80.242175 
-75.016032 
-74.072378 
-81.173321 
-88.208231 
-86.531253 
-82.532563 
-83.161205 
-81.746082 
-87.381816 
-89.929382 
-92.820328 
-90.898371 
-93.049968 
-101.137231 
-90.624137 
-91.341936 
-83.444605 
-78.886453 
-81.970259 
-78.815582 
-81.593997 
-80.242310 
-75.132782 
-98.716522 
-79.632687 
-87.771363 
-86.594259 
-82.473237 
-78.837752 
-76.199603 
-80.242410 
-88.841571 
-80.781350 
-88.340227 
-85.580914 
-81.821385 
-97.886920 
-95.725226 
-76.403642 
-92.820400 
-81.999292 
-84.031964 
-86.531410 
-80.242298 
-83.635916 
-80.104478 
-71.587357 
-61.375159 
-55.086125 
-67.519106 
-74.791807 
-75.598360 
-81.589699 
-89.014662 
-101.166029 
-105.398582 
-110.508431 
-105.398493 
-112.092377 
-115.783685 
-101.940389 
-104.935168 
-101.254955 
-99.775501 
-91.646942 
-80.242359 
-92.954674 
-95.506841 
-90.679538 
-77.034799 
-85.323796 
-75.306709 
-74.246993 
-71.950888 
-56.683105 
-71.442682 
-65.754603 
-67.664073 
-74.155283 
-74.686601 
-82.675571 
-87.333233 
-92.770299 
-95.988053 
-101.015052 
-96.223024 
-99.077690 
-97.961450 
-89.080629 
-83.156305 
-80.242252 
-81.145332 
-77.509490 
-73.832760 
-71.521057 
-61.845548 
-65.564400 
-68.064511 
-61.731215 
-64.071558 
-58.830853 
-73.953221 
-67.823811 
-68.107734 
-73.953219 
-79.358784 
-83.489720 
-86.531357 
-80.242309 
-80.055572 
-86.847832 
-79.329385 
-77.771989 
-59.477091 
-59.227493 
-42.507892 
-46.423523 
-48.796970 
-44.896017 
-42.613292 
-50.084540 
-48.627848 
-70.838892 
-75.311060 
-88.321840 
-100.417893 
-110.731624 
-119.027983 
-130.782444 
-137.028083 
-135.499336 
-147.105274 
-143.132823 
-144.073286 
-138.610535 
-127.006940 
-124.488800 
-115.575059 
-105.684325 
-105.398422 
-111.687517 
-102.449225 
-124.265566 
-122.933443 
-122.922843 
-127.103741 
-133.320254 
-143.277050 
-146.233231 
-155.710970 
-149.693660 
-153.474725 
-162.685843 
-164.137814 
-155.317871 
-147.682934 
-140.786544 
-129.736979 
-129.462071 
-114.476556 
-111.457675 
-95.605963 
-99.087103 
-80.937462 
-83.135204 
-68.793476 
-67.664116 
-58.864553 
-55.226766 
-55.086037 
-55.569159 
-61.375070 
-66.406293 
-59.986528 
-92.821012 
-192.375614 
-14.785385 
-48.589949 
-42.881996 
-116.446827 
-54.667832 
2.104342 
-55.087156 
-139.427834 
14.874121 
-151.316674 
16.693569 
-56.923837 
101.526854 
45.446380 
-24.816126 
-4.038334 
-29.929901 
10.131945 
-17.495969 
-29.929723 
-58.646544 
-9.342077 
-3.948401 
-92.862408 
-269.339485 
18.022910 
-90.324770 
30.707986 
19.609013 
-30.319031 
-80.232187 
-23.349742 
-68.026611 
120.017843 
-45.958762 
67.995830 
-17.350243 
43.868798 
-31.036256 
-21.834435 
-84.487028 
20.331746 
191.893076 
7.791469 
-65.702114 
43.351194 
-17.349370 
16.892315 
-31.295235 
23.808964 
20.232797 
-31.893207 
-9.445648 
-92.200631 
-42.505013 
-19.909240 
-112.578342 
-52.517591 
-71.063684 
-50.080007 
-64.812107 
11.760334 
-9.752450 
-63.651550 
81.043484 
-153.246236 
-119.565672 
12.650273 
77.787772 
-58.862464 
-8.988247 
66.836919 
-83.217710 
-12.133276 
154.318564 
-97.567204 
-77.908305 
-114.898212 
70.197505 
-17.186375 
47.526860 
-66.323758 
24.922801 
4.329869 
15.393051 
227.923689 
-139.934021 
121.188496 
-72.966379 
45.960932 
45.158862 
-108.073553 
103.776219 
177.610985 
-71.103930 
-83.624548 
58.751017 
-7.479199 
-168.504290 
-133.917811 
-21.654923 
-59.622511 
83.273862 
7.290872 
-203.406777 
67.471986 
8.624973 
-74.356134 
-29.928728 
86.856471 
0.994513 
-81.590832 
-225.538633 
37.804930 
32.959949 
71.103054 
-261.250353 
-190.508608 
44.069846 
-14.809356 
14.094573 
-291.828754 
95.851151 
-126.573315 
5.450219 
-108.307888 
29.147875 
-18.956887 
-80.240627 
-220.230008 
-263.353759 
38.487374 
-28.161934 
-77.202945 
-89.537447 
-112.276556 
-27.688354 
-221.998704 
-44.354383 
-42.114154 
-29.992306 
-103.539427 
4.795827 
-325.093417 
-380.139616 
-107.342149 
-103.271864 
-20.332531 
-188.941100 
-13.320193 
23.116094 
-109.545635 
-44.708966 
-162.307281 
-4.773280 
-82.381221 
-21.088660 
-283.380086 
83.273541 
-38.787098 
-113.396367 
-29.106299 
-98.517310 
70.287836 
24.545168 
-349.148181 
-70.776359 
-63.654793 
-121.594297 
75.292715 
-111.262319 
87.110871 
-80.240914 
-42.506064 
69.634464 
-362.152790 
-112.373419 
-125.081713 
-23.778436 
-49.191525 
-108.991683 
-138.053617 
-64.376655 
-105.024844 
-253.763741 
-22.423477 
-110.568454 
-132.845781 
-37.156646 
-65.547598 
-129.429931 
-110.055001 
-105.397777 
20.350187 
83.275183 
-293.790926 
-119.219075 
-192.194338 
-58.748240 
-111.596773 
-29.928454 
-33.991126 
-271.548154 
-185.638115 
-42.441875 
-196.151282 
-55.823655 
-204.013760 
-133.449435 
-267.558125 
-148.764394 
-146.670088 
-17.350420 
-59.174270 
-101.622944 
-181.102365 
5.743496 
-102.511280 
-81.010991 
-195.695010 
-42.237068 
-118.992325 
-88.252692 
-172.599531 
-66.810668 
-95.278079 
-226.780765 
-74.322167 
-87.044867 
-19.837288 
-147.141940 
-144.414338 
-72.243341 
-187.896241 
-120.170608 
66.015733 
-107.952810 
-24.790307 
-80.241281 
7.806047 
-108.297216 
-249.683605 
1.582288 
-112.053892 
-127.130923 
133.386094 
-274.943872 
24.660985 
-168.895587 
-12.786048 
-85.531186 
99.721873 
-239.947217 
-3.803256 
-175.051902 
-105.397458 
26.673098 
-105.397767 
39.251025 
200.898602 
-220.529100 
25.477350 
-127.339988 
86.298026 
-251.502736 
-16.223634 
-99.439262 
44.246417 
-238.337388 
-83.692112 
-56.609708 
-151.795550 
-143.035490 
-148.500681 
-133.739059 
-32.219133 
-85.780163 
-13.419165 
39.250351 
-92.916782 
-88.486871 
-60.262414 
-67.664223 
-25.514604 
-227.224041 
39.249821 
-66.600435 
-183.231726 
-42.508136 
32.543364 
-202.285955 
-85.050060 
-297.607490 
-198.800059 
-170.593437 
-140.071620 
-67.329623 
39.107794 
-175.875215 
-136.740541 
4.319299 
133.172955 
-121.615530 
-31.135504 
29.067955 
-229.767133 
-33.669257 
32.353907 
-18.075249 
-55.576756 
-86.386274 
-253.622321 
-150.239989 
-115.237550 
-1.969387 
-78.692682 
-99.281211 
-149.636909 
-291.480748 
-43.730335 
-76.840947 
-79.014015 
-3.223905 
-138.205914 
-135.820358 
121.010058 
-152.698953 
13.994693 
-63.930905 
6.967365 
-238.073010 
79.209192 
-175.567191 
-107.286578 
-92.818608 
64.408189 
-50.664818 
-198.685376 
-21.041462 
-128.455963 
-67.662038 
-94.039039 
-74.894547 
-136.218785 
-261.076844 
-45.515166 
39.251365 
-35.737489 
-173.283163 
-69.878988 
-69.600584 
-175.928282 
-89.014213 
-146.119937 
-85.322046 
-115.065381 
-127.592827 
76.984723 
-141.167326 
-83.779193 
-113.685510 
-127.713669 
-137.572881 
-14.388042 
-186.754825 
-24.833573 
51.827042 
15.420777 
-190.638350 
-63.127890 
-93.527459 
-127.759521 
-244.255664 
-208.809614 
-95.129003 
1.514608 
-56.856147 
-125.817162 
-92.820397 
-55.083878 
-45.848499 
-182.023719 
-170.740573 
-92.820445 
1.512715 
-3.711422 
-208.958612 
-121.557631 
-82.645258 
-56.899782 
-69.215266 
-105.399246 
-109.722307 
-23.641137 
-62.195197 
-70.507241 
-29.796260 
6.777108 
-127.306224 
-40.045964 
-41.581733 
-55.086315 
-44.796000 
-109.055088 
-112.125713 
-148.167070 
17.493974 
-250.439941 
56.996847 
-94.798595 
65.216982 
-144.701413 
-25.286131 
32.961197 
-171.001491 
246.611614 
-43.625983 
44.937793 
-286.400881 
-111.934488 
-82.896737 
-82.368080 
-33.985275 
-180.008606 
-96.188970 
-3.807888 
-29.928214 
-148.168998 
-100.145453 
-103.062130 
-68.623351 
-87.905058 
-89.377678 
71.496713 
13.710795 
-26.215385 
-89.188631 
-36.217585 
-16.215815 
-120.313316 
-48.795765 
-103.351904 
-214.506212 
-48.796570 
-61.374605 
-168.113081 
-123.336989 
-26.015547 
-143.041280 
-50.926282 
-212.753974 
-67.663660 
-126.740105 
-48.796309 
-93.340131 
-117.361607 
-64.908419 
-41.384212 
-420.221856 
21.134703 
-220.274663 
-80.338599 
-110.101384 
-252.753890 
-128.433522 
-58.999792 
-244.555575 
-152.154627 
-67.663395 
-65.745820 
-37.986183 
-250.798801 
-230.845505 
-123.232113 
36.875587 
-61.374929 
-67.663919 
-155.493102 
14.094418 
-164.282568 
-121.558845 
-153.083558 
-161.502225 
-37.567911 
-71.519043 
-80.242202 
-87.598198 
-117.944911 
-215.854604 
-215.086497 
-150.600257 
-106.515319 
-2.399591 
-104.204414 
-111.386701 
-212.720161 
-96.411741 
-115.338948 
-199.872453 
-130.292500 
-78.562407 
-8.811679 
-73.953544 
-71.865320 
-87.225709 
-73.952778 
-43.242045 
-161.999272 
-220.975990 
-65.691125 
7.805700 
-156.313426 
-82.996344 
60.648729 
175.752257 
-294.456578 
-182.123202 
13.457031 
7.805871 
-281.976921 
28.517445 
-118.243467 
-32.219342 
-0.046342 
80.285612 
158.897645 
-89.020116 
26.101891 
26.671522 
-24.352322 
-146.989927 
240.501018 
-40.187832 
26.295180 
-58.198073 
-32.311047 
-309.287081 
-94.049460 
30.389473 
-75.674464 
32.533270 
-67.265877 
14.562926 
14.812634 
-55.018243 
71.836330 
120.067121 
8.909155 
20.383930 
107.758687 
-153.779666 
-194.503123 
-78.508963 
39.580823 
251.408260 
27.760486 
-144.466968 
-81.982362 
58.118665 
-87.390955 
278.675354 
56.267880 
110.682282 
-0.447230 
20.245611 
-13.112228 
454.331045 
-67.026113 
-13.984503 
-67.793989 
-94.311388 
-55.332811 
-151.898100 
-10.076112 
45.637889 
-173.546890 
57.095412 
-85.176711 
56.408098 
43.525037 
139.557016 
-44.848885 
-96.489109 
-99.135546 
50.773823 
5.488765 
254.836857 
-125.002166 
13.331490 
-59.320249 
66.118958 
177.395745 
14.204747 
-87.956354 
-15.855637 
88.941610 
-134.712602 
190.187638 
-150.960398 
118.562454 
8.933807 
106.334453 
30.688478 
-166.313343 
-74.655857 
152.452533 
-162.252294 
-25.271313 
29.755266 
34.732615 
-184.874448 
-142.631026 
110.446108 
-203.766795 
83.271469 
-14.848844 
-360.986062 
117.883056 
-94.860713 
56.086772 
-29.931805 
27.883592 
-201.458946 
-116.865161 
-292.130992 
-2.635495 
7.800435 
24.148302 
-325.888532 
-261.565240 
49.817497 
-16.192371 
39.247843 
-313.714047 
45.537028 
-183.384441 
-7.686775 
-62.349939 
23.547336 
-186.932361 
44.036214 
-275.238893 
-193.305343 
-132.513889 
-33.550926 
-101.475063 
-225.186049 
-245.567951 
-238.859471 
-235.837001 
-88.171856 
-101.073245 
-23.304729 
-371.584074 
-30.188745 
-379.723300 
-359.765555 
-249.412785 
-98.906609 
-182.436566 
-143.868350 
-96.356114 
101.926261 
-127.528657 
-3.217359 
-179.619503 
-29.929289 
-174.372212 
-82.061254 
-267.296355 
95.853694 
-153.022265 
-193.587691 
-5.036548 
-87.725226 
-89.738126 
34.285335 
-356.004195 
-8.539681 
-189.726726 
-247.643490 
84.750299 
-138.045749 
-120.413366 
-117.977713 
-20.496239 
69.965064 
-254.754872 
-82.411746 
-265.377923 
-128.816373 
258.760321 
-163.409262 
-66.764101 
-77.225050 
-107.221675 
-207.015150 
16.485096 
26.077804 
-118.735325 
61.664360 
-37.110314 
-90.693540 
-5.818913 
158.742797 
52.357992 
215.346383 
-424.480240 
-164.174382 
-76.648095 
-67.095246 
-37.619812 
102.142835 
-100.226198 
-306.401154 
-107.558242 
-382.872502 
-46.596805 
131.971264 
-172.388662 
-165.609750 
-229.646453 
-156.570040 
-58.738268 
127.299137 
-71.989152 
-15.672034 
-202.920879 
30.335889 
-25.131867 
47.259797 
-159.782442 
-38.018214 
-116.257325 
-129.095649 
-154.443600 
-120.535770 
-16.136169 
-255.865532 
16.699066 
37.939554 
-85.386446 
-139.022065 
-60.089763 
-20.841064 
-57.670630 
-147.039106 
-17.052170 
-165.732300 
-50.270589 
7.803465 
290.811633 
-322.147413 
-142.047288 
-190.712296 
-92.344669 
-182.132017 
4.011721 
-460.929107 
-11.333790 
-94.825735 
31.327128 
-194.629889 
122.764116 
-218.006730 
-130.194838 
-159.657063 
64.401724 
-73.956886 
76.981202 
32.956602 
74.839424 
-164.113994 
142.968865 
-114.443996 
108.500092 
-272.031899 
-236.874978 
-91.432591 
146.479436 
-237.880141 
-99.294593 
-16.570205 
-120.866349 
-324.998767 
-82.713561 
-252.804332 
-20.665094 
-195.524804 
-45.440573 
1.514257 
-47.641806 
-150.393989 
-199.452991 
64.406676 
-181.164875 
-300.121655 
-67.664161 
45.304588 
-141.992510 
227.922633 
-81.497771 
-173.498329 
-202.533465 
-310.184841 
-145.076710 
-38.732446 
-108.797473 
-202.637543 
144.697270 
-158.163148 
-38.121344 
18.661993 
70.001600 
-202.835325 
5.161442 
33.753618 
-118.180645 
6.044549 
112.796684 
-34.707466 
32.534411 
-89.126926 
-135.737269 
-154.300543 
-50.350365 
36.447447 
-191.590732 
-175.441302 
-184.871942 
-269.853973 
122.510137 
-138.567751 
-45.508030 
-25.437924 
-163.598338 
80.917390 
290.813839 
-414.866166 
73.398871 
-43.502686 
-56.460321 
-182.791389 
74.567212 
-253.434586 
-132.864797 
64.405951 
20.383529 
63.661259 
-116.751051 
-10.283249 
-235.791920 
76.983404 
-207.906073 
-91.539251 
-61.577875 
-304.294004 
-175.790509 
-23.640596 
19.303513 
-59.090970 
-116.121486 
-229.759076 
-66.565830 
60.619904 
-164.807612 
-157.347808 
-61.409983 
-184.508116 
-80.242084 
-122.301482 
-251.225508 
-91.673533 
-224.952466 
-192.570646 
11.940829 
-206.075966 
56.982738 
-80.241729 
-138.775904 
-319.724749 
-90.958820 
-41.895680 
-113.362776 
-369.080330 
-127.956154 
54.459788 
-86.531405 
-86.217322 
-68.286294 
-17.352136 
1.515269 
-127.143061 
-90.323827 
-180.748181 
64.405257 
14.092635 
-63.387470 
-148.584763 
-170.166411 
77.335687 
72.885409 
-38.292612 
14.091934 
-257.124305 
-105.400156 
-89.034697 
-31.893119 
33.244816 
72.045461 
-185.211770 
-120.855432 
73.953722 
20.381663 
107.443682 
-186.792543 
-74.735974 
-262.094465 
-77.066878 
-195.564225 
-66.615027 
-131.791557 
107.912918 
-105.783857 
20.147431 
-23.641785 
-173.076805 
8.749523 
-53.486012 
18.810030 
-237.878028 
-117.638473 
-42.087558 
-162.443806 
-56.610663 
-109.129045 
-141.940823 
-92.337459 
-99.109252 
-255.171466 
-46.582747 
-166.235628 
-194.305379 
41.805735 
-227.279675 
-84.842619 
-24.967403 
-50.686412 
-134.166288 
-92.818188 
-206.861361 
-257.933581 
-92.818259 
-213.814540 
-271.436962 
-80.239512 
-67.662233 
-183.870154 
-178.453879 
-203.613333 
-122.005069 
-66.700279 
-279.804654 
-61.372684 
-168.097181 
-61.372467 
-197.910554 
-157.037365 
-168.354213 
-74.137598 
-317.791672 
-40.769734 
-289.251740 
-160.016281 
-78.661681 
-117.516137 
-196.549219 
-142.869733 
-228.888163 
-92.873152 
-61.374545 
-67.359488 
-9.090423 
-261.264714 
-215.215823 
-68.475815 
33.230010 
-67.663123 
14.093470 
-124.714775 
-61.374733 
3.440883 
-133.247326 
-186.246815 
-172.822374 
-121.353230 
-36.251128 
-86.532411 
-67.928915 
-132.956997 
-153.383130 
-199.825833 
-163.573132 
-104.848851 
-68.240015 
-124.205347 
-198.043101 
-184.659486 
-113.009246 
-157.110932 
-200.676401 
-78.546562 
-91.836934 
-84.802582 
-86.532187 
-101.356745 
-37.132924 
-162.001433 
-89.966745 
-162.001902 
-198.605667 
-69.382645 
95.850617 
-61.673797 
-197.163892 
75.165799 
-166.528502 
-289.157741 
12.415562 
-96.981087 
20.381778 
-217.396920 
24.411962 
-130.217893 
40.783727 
-102.859968 
105.757310 
-4.709615 
-163.926676 
-114.600537 
-55.085664 
-4.240884 
22.795195 
20.383353 
2.819121 
100.430654 
-268.868537 
-100.900887 
-144.300998 
133.561785 
21.582867 
-3.048016 
33.497327 
12.963030 
-25.141345 
-34.070304 
63.137372 
4.985695 
-8.847924 
-158.932482 
83.275793 
87.603311 
23.456994 
-32.785311 
11.743372 
-58.610874 
250.426471 
96.101003 
6.498586 
-224.507051 
102.140872 
-2.572706 
81.680198 
-143.657877 
56.367170 
-76.703564 
120.209826 
-95.342861 
127.297173 
-57.627827 
-122.890788 
-133.847568 
16.941629 
32.781279 
-119.001653 
-95.950263 
81.074217 
-168.427162 
94.875376 
-100.804707 
-180.482926 
109.146491 
-109.781962 
-21.293608 
-20.526432 
-95.159157 
-166.422802 
25.454887 
423.564727 
-50.459506 
-112.199335 
-106.306690 
44.445811 
3.665239 
-173.257945 
-123.758966 
-138.429816 
-103.221724 
-96.753315 
14.094169 
-74.876511 
96.085952 
11.947574 
19.125161 
78.407205 
-91.606369 
-196.447684 
102.142848 
-137.258061 
-69.871393 
0.842512 
-56.934449 
-13.699148 
-180.654946 
-32.232553 
-219.754963 
83.274190 
110.681725 
-286.598041 
-168.000805 
62.506423 
-167.412167 
14.095794 
122.373278 
-111.040696 
61.439291 
-171.428219 
-100.945705 
95.851118 
40.332918 
-215.915509 
-33.508141 
147.745506 
-10.219312 
-55.086676 
-63.327328 
278.235759 
-34.886649 
-42.348098 
-141.198497 
121.988284 
-231.590797 
63.470684 
-22.941652 
7.170895 
-2.849462 
-150.513328 
-104.304790 
-63.391726 
-336.804041 
-154.659450 
-58.378925 
-72.295648 
31.781462 
-84.388246 
-174.442316 
37.853161 
-161.271145 
-196.480480 
-181.935808 
-169.326149 
27.244567 
14.632653 
79.560891 
-38.701791 
-133.806552 
-62.584021 
-34.241000 
127.295405 
-29.577467 
-217.975603 
-218.459470 
146.163584 
-79.455524 
-133.407527 
21.074990 
-51.022682 
-62.589234 
-39.204159 
-231.275035 
19.420806 
-152.284385 
-246.944756 
22.569545 
-122.498984 
-293.712962 
-67.663813 
32.960442 
20.539126 
44.108070 
-203.849590 
-98.573418 
-17.905679 
-66.991070 
-267.310199 
6.207324 
-182.266242 
-145.193913 
-163.283675 
-14.638902 
-117.865071 
-43.236815 
111.148044 
-110.527870 
-86.720724 
-149.851396 
146.165313 
-40.343871 
202.766308 
-244.744253 
-82.916121 
-201.347008 
-134.788508 
-102.720421 
121.007998 
-41.737682 
-576.518466 
-344.605532 
167.476249 
-59.443705 
128.424914 
-209.107235 
-54.458127 
-36.857544 
-124.111644 
-222.827474 
152.452589 
-133.687675 
-191.347477 
-161.905267 
50.441742 
-253.488200 
-140.473687 
-101.379364 
100.706839 
-75.793725 
-218.929693 
-63.744417 
-105.842491 
-101.713406 
-205.750380 
-47.709982 
20.840075 
54.411503 
-62.812976 
-97.623263 
-159.826426 
65.346325 
-230.913936 
-34.860447 
-160.990311 
-178.121389 
32.961188 
290.812377 
-257.815934 
-177.387823 
-107.993555 
-59.423212 
-86.303101 
63.838794 
-423.805457 
-18.587653 
-151.814482 
-37.641592 
-202.790508 
64.089518 
-56.494317 
-58.448071 
-110.653744 
51.828085 
-67.663326 
114.719525 
45.539622 
-179.501072 
-148.201745 
52.654279 
-100.355927 
27.542599 
-151.975436 
-260.399233 
-70.103087 
184.122037 
-77.489724 
-141.839823 
-141.280356 
-21.440202 
-223.245177 
36.870134 
-216.691909 
-63.756968 
-135.100791 
-102.439917 
-11.062771 
-149.723652 
-186.397315 
-103.603678 
139.874769 
-54.017683 
-216.787564 
-55.086040 
-56.310409 
-22.201673 
177.608410 
-34.542188 
-114.046652 
-131.250240 
-159.248970 
-3.727675 
-97.777824 
-47.769754 
-130.543202 
-0.607455 
-172.240687 
-59.261190 
-164.840843 
-111.508479 
-216.532670 
-75.589464 
-2.732236 
-201.944480 
-176.251239 
-221.059932 
-46.659044 
-97.255351 
-57.217555 
-124.308663 
-119.911418 
-69.464648 
-79.609240 
-1.060257 
-104.350807 
-233.816991 
-286.381664 
14.710808 
-150.577185 
-136.769660 
-13.945506 
-56.271768 
-19.348833 
215.344379 
-83.663523 
-44.401241 
-27.219761 
-55.619297 
36.791051 
-34.386940 
-205.034121 
-170.622787 
64.407301 
14.093720 
-8.524197 
-222.766866 
-239.933818 
-235.791450 
76.984422 
-164.118752 
-80.716242 
-130.824479 
-102.126139 
-140.111196 
39.250013 
-108.511101 
-49.018333 
-121.743223 
-178.259418 
-10.216577 
-112.911025 
-46.762254 
-12.981484 
43.197478 
-62.700367 
-55.086085 
-182.439396 
-184.406387 
-50.707691 
-134.659367 
-171.255871 
7.662783 
-133.173830 
-19.687910 
-55.087151 
-99.419928 
-262.486284 
-78.228134 
-94.873310 
-139.827775 
-179.283339 
-110.718963 
-56.207226 
-67.664340 
-77.751415 
-66.435236 
-4.773278 
1.514773 
-117.409003 
-99.151326 
-207.941814 
14.093559 
-23.639982 
-9.932862 
-148.582587 
-189.804212 
-20.407843 
-2.607735 
-112.734083 
-11.061508 
-86.136865 
-80.241744 
-85.725004 
-37.082560 
-65.978151 
14.037566 
-164.044551 
-212.614158 
-68.678441 
-4.773638 
-139.201843 
-5.070473 
-138.745900 
-257.848323 
-224.890653 
-12.029628 
-163.762097 
-128.336936 
-98.396653 
-72.294818 
34.843611 
-36.218844 
-226.712538 
-70.363052 
-163.219185 
-67.135289 
-172.335791 
-77.592102 
-236.838044 
-296.198977 
-145.485542 
-42.055108 
-40.364986 
-50.509465 
-105.398942 
-172.079487 
-27.110388 
-94.760360 
-377.647386 
-31.257270 
-209.355466 
-181.620183 
-75.183759 
-71.227557 
-220.815459 
-105.399587 
-222.832027 
-152.526534 
-92.821523 
-326.214351 
-232.381888 
-80.242922 
-73.953357 
-208.438869 
-221.816421 
-134.784208 
-72.314514 
-119.011107 
-178.784437 
-86.531743 
-157.255748 
-92.820284 
-102.014072 
-37.882995 
-149.895049 
-142.856030 
-180.816985 
-135.818211 
-140.782852 
-139.162410 
0.502001 
-152.918487 
-120.486467 
-165.478105 
-95.719718 
-32.862480 
-92.819925 
-150.897695 
-66.510792 
-191.246832 
-130.541406 
13.724613 
-65.348888 
-92.819603 
-48.796825 
-162.362022 
-99.108650 
-52.633370 
-202.777097 
-152.758675 
-135.672773 
-202.261489 
-41.090613 
-99.109471 
-95.459645 
-45.565947 
-95.706638 
-268.047095 
-164.359012 
-146.864772 
-121.109578 
-225.722120 
-92.710469 
-84.131789 
-32.740317 
-136.784571 
-212.508992 
-19.636753 
-107.550012 
-81.923690 
-99.111163 
-99.552179 
-211.049746 
-162.001591 
-135.770279 
-162.001364 
-206.506542 
-280.884058 
152.453233 
-104.823630 
-204.536117 
104.065401 
-128.170372 
-303.438609 
-162.000109 
-15.984496 
190.187247 
-115.463560 
-1.119216 
-112.942369 
-14.939467 
-16.855260 
69.189374 
-59.896908 
-204.314857 
2.797453 
-29.930270 
-70.499995 
101.937757 
70.695749 
-38.065494 
42.544522 
-313.867071 
-150.885023 
65.638156 
101.646939 
-11.455440 
-224.429882 
-73.565421 
-57.548498 
-4.435045 
28.668768 
-198.935571 
1.839031 
-109.026194 
-146.986141 
278.234327 
227.765407 
-192.394882 
-130.080544 
-42.562616 
17.277657 
325.815783 
57.476104 
-231.819418 
-68.151880 
-17.350942 
45.151700 
-1.097380 
-133.921854 
-52.675824 
-173.791449 
-126.011012 
80.729389 
83.274155 
59.461081 
-151.663139 
31.711187 
-252.215663 
15.800842 
-105.960044 
34.719163 
58.499334 
-31.446906 
-15.400983 
-92.687514 
85.367274 
167.437951 
-54.526713 
-26.925109 
-27.856431 
-93.940740 
-116.591753 
143.035277 
75.911649 
-132.006081 
-140.431663 
19.857867 
68.585139 
77.192543 
-142.443956 
-102.219777 
-181.412479 
110.168322 
-61.057769 
20.383158 
41.714378 
-64.394797 
-146.383393 
173.416185 
-51.235885 
-96.111940 
-117.498114 
114.719408 
-127.825325 
-40.464013 
-0.093762 
-19.593038 
-288.464655 
-122.390219 
-26.417022 
-64.977821 
341.124776 
11.157739 
-281.409383 
-86.669155 
-84.802986 
-144.873138 
45.540931 
-95.692653 
-161.749154 
-96.279155 
-199.320237 
-73.031146 
139.877024 
-116.101532 
-292.829183 
-231.325681 
-106.676289 
-95.001987 
58.118965 
-31.419653 
-80.243231 
-61.265157 
-37.070844 
-166.820462 
148.205174 
-262.506495 
-61.988828 
-118.662077 
-111.614171 
-9.409683 
-157.267337 
-175.602562 
-218.154909 
-171.801499 
-103.135012 
-151.173152 
-99.523066 
-347.528313 
-81.464677 
-193.767673 
51.309885 
-203.161612 
-283.284034 
-116.508909 
-291.912193 
129.076630 
36.339728 
-141.595340 
-73.108409 
-203.758600 
-7.867260 
-23.045891 
-92.820437 
-76.915790 
-153.796455 
-111.561348 
127.296808 
-219.557781 
-327.748959 
-41.951196 
91.687730 
16.902044 
151.627793 
-339.999267 
-157.695160 
-18.318304 
-139.528385 
-54.874945 
-100.538186 
-307.888040 
-4.774065 
92.707223 
133.631918 
-154.726415 
-102.053587 
-207.329114 
-54.774099 
-86.135427 
-82.148351 
-67.913891 
16.246329 
14.890918 
-43.675986 
50.514253 
-116.712315 
-73.757984 
-47.362741 
-52.799229 
123.502474 
-101.403145 
215.344080 
50.427332 
76.985024 
-282.800427 
-176.399083 
-199.494010 
-141.460680 
-59.635402 
70.695529 
-49.705405 
-190.159201 
-158.128160 
-36.261995 
-74.668993 
8.018029 
-149.168554 
32.603083 
37.599756 
-311.731614 
0.018821 
76.985524 
58.272619 
92.917145 
-301.323225 
-223.855948 
-19.519115 
-55.110092 
65.317575 
-90.500302 
-66.600331 
-169.862692 
-85.799499 
-4.523231 
-27.231432 
-34.092674 
-103.720052 
47.177600 
-69.953819 
-155.219572 
-124.748297 
-94.773486 
-168.150863 
-79.483992 
-30.059292 
-173.044015 
-128.740103 
278.234491 
108.429807 
-254.368951 
-181.674259 
-124.858029 
-7.367289 
155.122487 
-30.156765 
-340.942218 
-98.331207 
28.224567 
-100.715654 
-133.698857 
86.187006 
-77.821798 
-97.029677 
-235.872032 
-86.532074 
-80.243415 
7.804134 
139.874118 
-109.110530 
-235.052423 
118.477221 
-156.307840 
24.465051 
-27.550668 
-168.269689 
-56.636511 
100.030150 
-205.479537 
-110.250973 
-57.479476 
-35.016570 
-162.502672 
-63.378849 
-210.124492 
-115.637080 
-117.839699 
-68.883509 
-61.376169 
-169.403363 
-177.300548 
-118.342112 
-92.820405 
-73.303398 
-548.570318 
-4.774511 
219.086995 
24.134003 
76.983485 
5.708145 
-279.294733 
-64.201717 
-300.361272 
-135.065929 
-86.419307 
6.174018 
-60.182995 
-95.020155 
-215.383818 
21.016410 
-180.836172 
-60.118224 
-66.728487 
-185.400711 
-30.772917 
-49.048216 
-152.953610 
52.556796 
51.091767 
-128.818213 
-151.867350 
-81.752332 
-79.863315 
34.915409 
90.793434 
-227.954593 
-124.930932 
-55.769297 
-220.246673 
-3.502109 
-145.101146 
-107.736311 
1.833990 
-0.444219 
115.029420 
114.719853 
-130.684689 
-189.521798 
-108.383932 
-58.683017 
-29.200954 
130.661534 
-136.023302 
-124.283896 
-4.772517 
14.094630 
-67.898616 
-29.454473 
-88.704072 
-61.376244 
26.672622 
44.931366 
-229.675368 
-59.268477 
-103.622992 
-143.181614 
-80.241736 
-45.962602 
-263.732544 
-45.186553 
42.989821 
-7.964463 
-46.513678 
-109.477772 
-286.219225 
-0.454271 
-61.811030 
89.562585 
83.665214 
-279.132684 
-11.291092 
-36.119506 
-157.094708 
-22.129999 
-231.426138 
-32.913207 
1.515614 
-154.775022 
-175.182967 
-156.704160 
-125.082260 
-100.343840 
-279.359352 
-225.031175 
-129.479343 
-67.663898 
-91.784996 
16.149181 
-11.061105 
-86.532105 
-110.545721 
-45.273339 
-108.376831 
-48.797951 
-61.374982 
-77.197304 
-276.042018 
-50.259880 
-42.018738 
-120.123998 
-81.000159 
-67.663365 
-166.322709 
7.806710 
43.324376 
-131.213893 
-65.266324 
-99.371737 
-130.459488 
-260.081783 
60.265523 
-161.998680 
-24.730366 
-114.837850 
-11.006980 
-93.280402 
-93.113226 
-35.651970 
-103.423263 
-128.480639 
307.521352 
-161.472330 
96.409545 
-80.240653 
-104.972076 
-149.524536 
1.167672 
-46.468534 
-143.962824 
-117.634398 
-73.917886 
-199.608167 
-70.379476 
-240.210428 
-37.924708 
-51.980751 
-80.240845 
-163.790252 
-82.106657 
-97.449660 
67.772221 
-41.801289 
-151.260914 
-230.680808 
-171.531607 
-44.459926 
-50.099362 
-86.530384 
-106.915065 
-260.987760 
-80.241773 
-192.128977 
4.368810 
-86.530383 
-111.687044 
-124.103141 
-298.253120 
-170.038627 
-105.168284 
-143.628022 
-176.413124 
-117.977059 
-152.921010 
-105.398506 
-159.847057 
31.097904 
-89.405710 
-149.636718 
-299.235284 
-209.240151 
-214.780281 
-7.290370 
-60.381678 
-157.360502 
-42.816864 
-190.460206 
-161.732201 
-114.879449 
-92.819934 
-129.734067 
-33.604675 
-163.993567 
-179.674571 
-151.316746 
-102.252194 
26.671877 
-80.243077 
-355.833212 
-61.375719 
-279.061558 
-147.675960 
-237.101087 
-145.616232 
-153.941462 
-107.743199 
-61.375022 
-68.073225 
-169.476566 
-134.721667 
-105.833128 
-155.711620 
-106.408846 
-113.296958 
-190.272491 
-129.627800 
-57.932719 
-173.836621 
-84.635317 
-191.961657 
78.749537 
-224.269291 
53.910364 
-162.000152 
-208.680137 
-94.076545 
-162.001437 
-68.083650 
-162.000539 
-268.350543 
-95.202368 
121.006157 
-79.656875 
-146.223051 
120.908265 
-141.325217 
-250.300151 
-148.585641 
-113.480829 
165.029978 
-285.937633 
-35.138210 
-149.193017 
-112.368369 
-140.271597 
276.831953 
26.410975 
-218.930852 
24.969496 
-17.352258 
-95.488868 
123.684175 
83.273966 
5.504250 
-45.898773 
-293.641643 
-184.446760 
152.946813 
131.692742 
-34.403149 
-234.731066 
-87.793422 
-75.996226 
-17.112138 
-28.490475 
-202.432134 
34.414004 
-93.165780 
-145.465976 
265.658566 
163.440657 
-135.532988 
-73.700069 
-20.093834 
33.135768 
263.706211 
-32.751804 
-259.557598 
-88.828174 
20.384634 
-86.839719 
19.634927 
-109.044610 
-16.481673 
-75.131219 
-133.505202 
59.632153 
45.539811 
-30.032760 
-259.884881 
-107.508016 
-272.601759 
-108.899830 
-137.295406 
-58.201044 
-9.393781 
-163.916624 
-120.468818 
-208.737613 
122.653075 
43.168424 
-67.840908 
-54.268818 
-109.877240 
-122.418177 
-92.922390 
127.020685 
-81.996692 
-134.657742 
-85.401938 
-149.503415 
-15.311178 
-29.883784 
-171.988136 
-283.114032 
-180.193808 
-144.312819 
-67.856784 
108.427874 
-97.023572 
-93.606844 
-108.753658 
25.831128 
59.088258 
-86.604490 
-44.024837 
45.537097 
-85.724154 
-193.752221 
-66.870753 
-247.591634 
-127.940275 
-113.868016 
-4.905333 
-64.211762 
202.766084 
-31.749637 
-271.925771 
-45.305505 
-96.278036 
-131.400053 
240.497924 
-99.402199 
-8.631421 
25.441464 
-100.683938 
-49.997430 
-17.351160 
101.324075 
-168.137465 
-95.872212 
-63.790495 
-24.670983 
227.924095 
-261.262517 
-42.507637 
-79.683743 
51.453357 
-37.685978 
92.224055 
-26.867185 
-75.937563 
-89.490504 
-3.852470 
9.279064 
-90.559031 
-240.510367 
-54.804624 
-191.110830 
-76.247650 
-14.665553 
34.201214 
-286.210258 
-17.989572 
-222.227125 
29.591024 
-130.656400 
-246.829211 
53.312469 
-153.489054 
227.067174 
-133.170635 
-20.442799 
-97.660451 
-142.595603 
74.756797 
-66.109366 
95.851488 
-30.459309 
-54.681204 
-96.932623 
32.960619 
-125.426039 
-217.229370 
62.338058 
13.006591 
-46.039778 
109.955914 
19.545684 
-197.055590 
-67.446797 
-112.940736 
-108.669552 
1.518613 
-345.936257 
76.984834 
117.864335 
-93.146574 
-210.315059 
-127.463370 
-112.120048 
-165.646565 
-108.439587 
-209.804399 
-116.705396 
-87.901738 
-81.844511 
-77.239193 
-87.981286 
-151.371056 
-19.994683 
-94.644804 
37.746360 
131.385845 
-94.374864 
165.031802 
32.974924 
127.296565 
-308.960452 
-227.952498 
-211.014760 
-107.345844 
-13.983349 
127.297290 
41.830691 
-415.834773 
-209.057671 
-120.285231 
-22.466255 
-107.625533 
-162.492146 
-197.917965 
60.027289 
-155.287973 
-151.605296 
32.961337 
109.776017 
80.338392 
-226.286033 
-184.094762 
-27.329771 
36.454847 
11.684963 
-119.582381 
-189.037489 
-236.365478 
-34.188760 
-23.470607 
-75.898297 
-32.360804 
-54.720921 
-88.949993 
-116.071121 
-26.146641 
-137.923329 
-63.507826 
-169.403254 
-190.333777 
-42.735578 
-127.592112 
-137.501504 
102.139826 
95.851128 
-164.591212 
-247.864969 
16.051773 
-197.879344 
-144.918407 
-154.725859 
-264.473853 
-5.547234 
-7.277915 
30.709802 
-156.608178 
73.575477 
219.146666 
-11.329192 
-213.161771 
-92.821744 
26.671797 
139.874485 
-29.930049 
-45.733834 
-134.637612 
129.926451 
-14.165704 
-36.532224 
-127.168798 
-77.706970 
-54.512835 
84.157007 
-167.175761 
-198.881120 
-55.357119 
-180.152490 
-272.738471 
-96.755705 
-146.236990 
10.582533 
-111.060015 
-272.909361 
-55.085610 
0.748150 
-79.280172 
-202.975705 
-4.773646 
-88.170520 
-350.455408 
227.922277 
16.004493 
-43.069563 
76.985074 
-88.207926 
-168.457653 
-128.508536 
-38.576280 
-255.611557 
-92.262087 
-55.490990 
-184.118323 
-88.500730 
-266.042999 
-155.484795 
-106.271016 
-202.344505 
-105.493073 
-98.143425 
-29.233539 
46.008160 
66.199432 
-69.745297 
-172.098845 
-34.746364 
-56.225851 
-160.070177 
-172.906292 
-45.924041 
120.045763 
-24.158866 
-56.845049 
-197.117046 
-165.026331 
-10.911244 
-138.024278 
-104.948081 
-15.074539 
-33.470429 
-41.707787 
-92.818848 
-119.373050 
-123.477717 
-10.870396 
16.373775 
-32.014992 
0.239088 
-155.769891 
-125.460755 
-36.218668 
-86.530768 
-123.399430 
-23.743325 
-46.931403 
-141.874242 
-80.242064 
42.357549 
-85.227900 
8.637076 
-108.286747 
-55.822308 
39.249990 
-145.131488 
-134.110472 
-136.671423 
-13.274622 
-91.112332 
-45.066948 
-31.348787 
-102.508086 
43.983271 
-6.432161 
-80.243256 
-407.272277 
-342.812038 
-48.051557 
-89.964051 
-206.072768 
-41.170839 
-248.323252 
-134.644784 
-80.243068 
-232.161019 
-136.320976 
-6.575298 
-149.542479 
-100.623613 
-342.222172 
-146.999647 
-58.081668 
-17.352100 
-97.236105 
-89.393150 
-111.688581 
-105.398759 
-21.723144 
-137.682595 
-97.325902 
-105.399111 
-92.819390 
-126.376673 
-61.374185 
-109.634567 
-119.821868 
-108.886163 
-130.225976 
-17.351068 
-134.091891 
-11.062561 
-31.358610 
-125.129305 
-125.420207 
-99.746724 
-124.741657 
-170.451807 
-13.093062 
45.538900 
-40.173102 
-75.195281 
-136.527621 
-148.364042 
-128.816244 
-122.763478 
-206.684271 
-92.258157 
319.213335 
-189.585394 
-4.433568 
-73.953769 
-186.259347 
-63.719228 
-150.939263 
-54.884129 
-230.004507 
-96.075267 
-191.803842 
-217.353294 
-70.694374 
-107.726595 
-113.576647 
-77.191535 
-111.688106 
-128.378972 
-103.461426 
-57.011463 
-23.175853 
-98.115489 
-161.708434 
-218.546938 
-171.241815 
-5.879399 
-91.231736 
-111.687682 
-74.555049 
-194.281216 
-105.399428 
-141.043789 
-134.085741 
-86.531638 
-92.821183 
-295.456200 
-254.080602 
-3.364813 
-12.232570 
-83.130195 
-188.320704 
-99.109299 
-66.554222 
-92.820503 
-184.709482 
-86.100578 
-164.283655 
-215.994200 
-178.983697 
-42.240640 
-136.670938 
-84.172477 
-100.700510 
-181.513264 
-163.349045 
-152.075241 
-188.633167 
-85.254068 
-23.639985 
-172.997474 
-220.434443 
-167.671346 
-108.649797 
-148.039036 
-114.333580 
-80.241425 
-80.241545 
-319.550470 
-67.663667 
39.631268 
-190.067441 
-237.980261 
-217.312075 
-158.186167 
-47.957961 
-161.999503 
-76.353672 
-53.990835 
-173.243175 
-227.876864 
-48.796206 
-172.490258 
-35.400334 
-144.507154 
-253.374194 
-133.788374 
-9.675409 
-73.830605 
-188.551737 
-132.636225 
-191.273313 
-31.127685 
-162.000314 
-54.467420 
-21.205141 
-161.999986 
-130.597474 
-162.000311 
-229.462847 
-71.556639 
196.468275 
-225.940539 
-189.792342 
189.362144 
-45.238785 
-144.658240 
-74.797083 
-16.137948 
45.531989 
-225.573291 
4.581829 
89.262497 
-124.273067 
18.932411 
182.643687 
138.322909 
-26.680076 
97.001938 
51.822921 
92.681219 
83.744168 
165.027683 
219.729580 
0.231198 
-357.234087 
-99.921844 
180.743843 
87.668579 
23.618898 
-35.026779 
-55.673175 
-37.233329 
78.862750 
-90.080771 
-166.544868 
-40.529725 
-81.200263 
18.028757 
95.850774 
54.252547 
56.740748 
0.379537 
-52.572430 
68.665564 
231.829524 
66.704595 
-12.550708 
-92.465141 
202.764829 
-98.375707 
161.100883 
-115.205585 
33.499035 
-82.989636 
204.328439 
-123.769640 
127.296854 
-20.453886 
-153.072255 
-21.576372 
-96.803296 
-64.646655 
-51.817211 
-124.413430 
-12.055024 
-131.218975 
-228.976463 
-74.415500 
30.217145 
5.644058 
-63.599338 
-87.872177 
-169.429862 
-51.720780 
4.621451 
216.499819 
299.045617 
-218.140548 
-77.721794 
-21.989820 
-46.601338 
5.344140 
-66.968734 
-216.856320 
-199.050656 
-83.194973 
-37.056721 
171.321933 
17.629001 
-44.230010 
19.379913 
92.916593 
51.548127 
-107.619551 
-138.199545 
146.163700 
-190.991796 
-187.901703 
161.810453 
-140.702974 
-136.782723 
90.637221 
-103.325074 
-116.796472 
152.453646 
-7.472827 
-248.588748 
4.043880 
-127.583734 
-184.594447 
253.079313 
-27.065811 
-165.926033 
-8.265642 
-62.097599 
45.436414 
-4.772173 
103.913353 
-221.601827 
-263.564366 
-24.187448 
-78.170614 
303.395603 
-168.197912 
-4.773765 
-16.297214 
70.381714 
-15.744094 
46.625032 
-60.491433 
-12.633320 
-127.384351 
-59.207816 
-102.425773 
-140.268364 
-255.996727 
-113.292390 
-119.688089 
-269.296165 
53.347307 
11.507369 
-136.449841 
-48.259206 
-217.165260 
6.496028 
-129.684442 
-213.344277 
-123.398611 
37.903203 
9.568497 
-170.659326 
79.690477 
5.218369 
14.310399 
-22.839334 
158.738251 
58.115431 
-89.187015 
-31.535891 
-152.275566 
32.959202 
-224.059204 
-201.742863 
135.347106 
-214.690326 
-2.460053 
34.081030 
-7.827991 
-194.044654 
-149.401539 
-114.040838 
-141.825263 
115.374320 
-330.776151 
76.985280 
39.249926 
-17.665800 
77.586765 
-114.517319 
86.250464 
-149.723638 
-8.738501 
-151.118678 
-77.721878 
-183.668463 
-109.612139 
-9.940224 
-166.889181 
29.762841 
-4.868827 
111.552307 
114.891884 
-44.739035 
136.051243 
64.405489 
11.274026 
51.827396 
-337.632165 
-239.832858 
-63.415929 
-167.386542 
82.418296 
39.249504 
-56.227963 
-344.006376 
80.012023 
-154.376330 
5.787282 
12.535764 
-213.772583 
-207.794166 
-42.018619 
-117.633321 
-88.330066 
70.693976 
72.450001 
-223.637331 
-57.289186 
-29.612357 
-222.587132 
55.966509 
-156.132416 
-107.361804 
-154.384454 
-136.176650 
-106.928107 
-56.442455 
-14.759718 
-181.557726 
-70.384995 
-204.560451 
-66.096612 
60.473885 
-169.373829 
3.216201 
-212.475796 
-275.144102 
-21.556909 
19.611721 
-160.033452 
95.849528 
240.497542 
-280.925060 
-214.553371 
-112.593982 
-216.341701 
-30.283830 
2.486450 
-386.537646 
-111.267534 
-75.777972 
-61.710776 
-131.327722 
-7.073394 
115.595543 
-25.803160 
-127.342074 
102.138084 
7.801908 
-29.930995 
20.380650 
-60.615260 
-88.208968 
156.622386 
-5.086124 
-61.539390 
-306.632298 
-233.299477 
-6.488726 
47.300011 
-199.487886 
-111.785790 
-168.599190 
-174.286899 
-111.339386 
-66.392461 
-124.840154 
-30.818425 
-218.319024 
-332.193108 
76.982586 
-40.951722 
10.173524 
-268.702159 
240.497328 
-181.150689 
-107.892171 
58.115635 
-14.335944 
-188.074667 
20.381122 
12.416338 
-279.017558 
-215.498004 
21.166196 
-338.622173 
-116.928994 
-127.004258 
-221.726748 
-100.048139 
-187.265883 
-140.463322 
-121.785704 
-201.573018 
-325.425703 
-94.686117 
28.706969 
-29.116498 
-45.134599 
-124.988243 
-97.932932 
-48.081325 
-57.660449 
-121.430428 
-192.134935 
-66.605964 
-107.363071 
-17.088355 
-147.208382 
-136.784455 
-172.972187 
-50.633402 
-226.731016 
-209.441805 
84.338083 
-91.940610 
-121.003138 
-92.819374 
-152.981013 
-23.593320 
-111.085196 
36.106015 
-11.778009 
-61.851287 
-109.986601 
-103.867039 
-92.819722 
-67.664515 
11.484275 
-40.013070 
-90.021082 
-249.211445 
76.984457 
-106.434095 
-94.430310 
-63.141231 
-260.786852 
-260.863617 
-80.242379 
-64.921911 
-160.455485 
-187.855114 
10.935121 
-149.660684 
-34.281930 
-90.705812 
-131.998631 
14.944101 
-39.461981 
1.514222 
-406.486575 
36.498716 
-91.200668 
-80.950378 
-157.821265 
-55.259444 
-257.260510 
15.755849 
-105.401110 
-129.037317 
-340.662425 
-154.909297 
-258.119415 
-203.861269 
-340.148749 
-91.051628 
-159.657713 
-36.220205 
-115.657879 
-161.188188 
-92.822146 
64.406593 
-69.064046 
-118.774324 
-160.343205 
-86.527470 
-92.824138 
4.703769 
-195.540740 
-86.302268 
-207.529759 
-46.082999 
-52.253932 
14.097871 
-217.815020 
-42.506145 
-164.813999 
-104.180020 
-73.480457 
-193.616678 
-87.561916 
-252.448434 
-68.575081 
83.275873 
-57.710804 
-185.884213 
-154.417414 
-62.669278 
-150.536494 
-31.566967 
-96.093401 
-135.928503 
153.656120 
-223.074321 
-16.234913 
-48.797669 
-157.610079 
-38.070869 
-140.600127 
-96.410995 
-207.443039 
-104.856454 
-95.977382 
-225.364084 
-124.624640 
-186.126130 
-119.000355 
-56.158785 
-55.086354 
-239.785053 
-55.985311 
-74.515207 
-355.244177 
-155.104749 
-220.816408 
-218.735434 
-140.614078 
-70.749930 
-208.174313 
-61.375512 
-197.287294 
-193.958601 
-111.687495 
-130.377791 
-139.927797 
-117.976707 
-105.400087 
-56.749012 
-280.558878 
-81.979309 
-12.153077 
-38.874977 
-195.932313 
-92.822042 
-106.160816 
-36.219063 
-90.126980 
-143.833008 
-151.744912 
-212.171207 
-292.656112 
-28.882401 
-124.487788 
-133.345335 
-153.439749 
-89.509742 
-221.793636 
-120.176711 
-133.071873 
-43.328827 
-92.820898 
-120.191344 
-116.534744 
-150.500776 
-240.592219 
-69.034842 
-89.062820 
-48.797168 
-61.376050 
-197.314330 
-61.375091 
26.362644 
-119.305835 
-51.032109 
-108.050364 
-217.081206 
-6.046459 
-162.000636 
-97.290882 
-41.745228 
-201.098635 
-350.688438 
-162.000477 
-164.955285 
25.227637 
-95.399392 
-221.857187 
-186.062524 
-67.109518 
-98.438814 
-154.222063 
-153.610369 
-69.298446 
-79.030882 
-162.000574 
47.290493 
-116.923517 
-162.001466 
-33.275971 
-162.001617 
-295.294591 
-46.138253 
278.235432 
-113.751969 
-22.551148 
-11.876010 
-146.321010 
-269.780305 
79.500748 
191.064834 
7.806259 
-60.770683 
-171.592429 
-137.617431 
173.906295 
-40.123642 
44.399793 
-88.098929 
-244.535633 
-34.820720 
-42.506983 
44.806783 
97.572554 
95.852559 
175.672819 
101.274912 
-364.248698 
137.230650 
219.912989 
36.205160 
4.607040 
-97.308818 
-130.266507 
-74.783503 
18.737029 
-204.875991 
-132.716504 
-43.148392 
-22.804234 
93.598717 
127.297661 
35.801084 
-61.463521 
-7.889072 
79.648625 
36.954226 
158.982369 
-208.728255 
-108.452885 
-136.764832 
114.717900 
-234.627416 
52.865310 
36.473697 
-35.498836 
-272.845349 
75.654731 
-176.632363 
-4.773979 
50.048976 
-23.020584 
37.926353 
-28.006065 
-26.082845 
31.068035 
-96.556335 
151.752545 
-181.298651 
-53.231198 
-34.445939 
-177.729612 
-34.049353 
-66.775058 
-111.383091 
-100.785778 
61.328704 
-130.738165 
101.490020 
297.835259 
-92.955281 
-73.961366 
49.324538 
23.845080 
-12.814918 
-156.834711 
25.432491 
-38.255975 
-96.003756 
-142.093324 
391.436843 
-34.003439 
-34.312403 
-138.318128 
-61.375323 
123.800781 
-71.589041 
-85.980332 
64.405473 
-98.846980 
-102.009708 
10.057795 
-121.584781 
-42.971237 
-84.458988 
-16.318362 
8.999300 
64.406734 
-95.759242 
-128.351062 
-96.925494 
-34.547657 
-87.324151 
20.383214 
-60.811025 
-24.607325 
-74.168590 
42.182610 
-106.746972 
127.296668 
-2.979099 
-72.863199 
-191.420634 
-32.480004 
-84.944295 
-117.976988 
-155.549491 
89.563027 
54.532295 
-45.939089 
-40.184322 
29.282516 
-151.075241 
39.485309 
-121.337117 
-235.489612 
-287.247204 
-214.245768 
-78.521940 
-69.589399 
-346.728816 
3.589928 
-7.478508 
99.962035 
-31.895015 
-187.550615 
-186.533429 
-33.706339 
-402.481772 
-331.895897 
-162.387602 
-169.738366 
-242.617362 
-154.250805 
-6.784127 
-81.299437 
-148.341191 
-57.540540 
38.390373 
127.296614 
-195.195605 
50.377942 
-319.722425 
89.562410 
-74.890523 
-307.265929 
44.302779 
-88.911710 
-87.358919 
-102.674230 
-132.677233 
-263.468631 
-0.627788 
-44.953192 
-192.629830 
-46.703097 
-193.071942 
95.852962 
98.995631 
-13.381729 
67.543800 
-75.828015 
-70.939965 
73.856993 
-31.074646 
-321.910880 
-81.177435 
-255.378068 
-54.417717 
-258.068180 
-82.756940 
-271.647882 
-179.436030 
-93.982418 
176.553664 
-28.866424 
-70.348180 
26.672195 
-71.807070 
-61.375247 
14.433856 
-162.936213 
-96.863920 
-231.391574 
17.809616 
51.827721 
-21.799104 
-293.051302 
-9.279336 
-60.567714 
13.229308 
-70.682075 
-272.489905 
-116.151984 
-69.153524 
-185.464574 
-121.109084 
70.694509 
-17.509246 
-281.073695 
-174.874280 
67.304471 
-147.498072 
-110.857750 
-18.960959 
-39.803863 
-185.288260 
-246.633507 
-96.329278 
-63.906377 
-19.594328 
-179.864162 
-321.355969 
-199.102725 
-152.801621 
-68.122089 
-91.598672 
-96.221582 
-47.216473 
-244.020644 
-6.000626 
-2.416029 
-137.948274 
7.804031 
190.187463 
-311.956497 
-77.655042 
-69.729568 
-207.010631 
9.401410 
-31.016398 
-349.774014 
-66.423675 
-232.429494 
-139.984891 
-269.943393 
-9.518095 
-53.978058 
63.719823 
-236.411131 
89.563050 
45.539931 
26.672409 
-4.772875 
12.981977 
-132.774865 
24.065142 
-120.652848 
-86.574331 
-214.877329 
-99.454895 
-87.655964 
141.117840 
-293.855508 
-153.979039 
-139.363216 
-115.279033 
-221.909035 
-160.176286 
-46.601128 
-42.614228 
-123.281451 
-239.055952 
64.406163 
-116.721653 
-27.747679 
-30.336944 
139.874751 
-135.269698 
-176.316067 
58.116768 
-56.327441 
-79.109692 
20.382179 
-7.708978 
-136.370630 
-214.722504 
28.242651 
-162.336414 
54.532029 
9.036980 
-84.873589 
-76.770587 
-148.012398 
-108.891995 
-120.993464 
-191.335071 
-28.748972 
-63.709934 
-46.041180 
-85.101012 
-261.786467 
-162.530811 
-54.166051 
-49.823665 
-168.735786 
-142.524043 
-155.129105 
-128.490956 
-118.116079 
-161.876923 
-114.368250 
-42.970658 
-269.866427 
-53.131660 
-163.614046 
-32.908927 
83.581198 
-26.146418 
-85.816616 
-42.507930 
-105.983640 
-71.812194 
-13.177512 
22.011774 
-80.771973 
-48.555224 
-157.499428 
-130.963118 
-61.375284 
-67.664138 
-83.264827 
-159.887774 
-95.445123 
-195.541439 
51.827722 
-86.804843 
-63.571515 
-41.216935 
-110.733424 
-97.426829 
-80.242721 
-60.585095 
-112.473091 
-115.171730 
-65.423844 
-112.655837 
-152.173268 
-91.412516 
-123.282832 
-42.825611 
-43.478744 
1.514567 
-81.422225 
-150.209374 
55.547026 
-77.559058 
-192.213358 
-40.870953 
-220.219401 
-40.136046 
-80.242818 
-122.278403 
-196.524259 
-74.732128 
-158.082860 
-58.003388 
-119.721952 
-95.057199 
-146.418627 
26.671404 
-87.457118 
-87.590856 
-55.087428 
51.827873 
-118.203504 
-86.717493 
-180.172639 
-99.109549 
-92.820467 
77.030320 
-135.168736 
-59.444966 
-141.854617 
-70.573041 
-15.824340 
-36.218805 
-60.196297 
-105.399149 
-158.466637 
-64.430674 
-113.117251 
19.516298 
-23.826775 
-171.475978 
-119.333442 
20.382169 
-16.923905 
-116.017987 
-121.756265 
33.569797 
-150.789238 
-67.544169 
-16.550015 
-26.965257 
-19.833831 
-196.219619 
1.890076 
-67.664026 
-106.518406 
37.180826 
-132.812535 
-27.006944 
-204.149582 
47.715041 
-37.807232 
-96.029366 
-102.159749 
-110.470020 
23.518960 
-56.410022 
-61.375340 
-236.454347 
-54.189283 
41.785441 
-486.182704 
-126.868817 
-80.610478 
-154.742487 
-121.985441 
18.193621 
-85.817812 
-55.086688 
-36.989709 
-51.508430 
-61.375556 
-212.680493 
-260.172305 
-73.953809 
-73.953204 
-209.297559 
-238.293662 
-102.049801 
-88.443732 
-103.386881 
-159.943148 
-92.820469 
-131.133922 
-61.374929 
-123.764601 
-113.930262 
-58.291439 
-262.757545 
-177.216945 
-128.064094 
-92.042979 
-169.687235 
-34.362098 
-113.360792 
-170.262857 
-139.398019 
-85.330594 
-117.970844 
-117.976126 
-53.643528 
-143.246867 
-148.770571 
-72.294293 
-140.277050 
-63.942030 
-80.241577 
-80.242074 
-210.459853 
-73.952732 
-188.728251 
-142.712947 
2.564326 
-125.641602 
-175.339857 
-166.426441 
-162.000166 
-89.485808 
15.919214 
-191.909457 
-247.548671 
-162.000183 
-86.814930 
-254.376404 
-241.588304 
-126.731454 
-67.544289 
-126.005605 
-179.238145 
-188.824786 
-130.635678 
-133.600126 
-132.344784 
-162.000581 
35.423045 
-195.733507 
-162.000437 
-151.619577 
-162.000552 
-266.366052 
-177.945515 
-155.710938 
-163.797374 
-161.244436 
-161.615532 
-161.985809 
-160.071012 
-162.000000 
-162.147595 
-162.000000 
-161.433359 
-161.153787 
-163.532994 
-163.623803 
-161.805514 
-163.174747 
-163.864466 
-160.684065 
-163.242916 
-162.000000 
-161.464256 
-164.235336 
-162.000000 
-159.285537 
-160.226189 
-161.140398 
-159.235652 
-168.119679 
-162.334075 
-155.881148 
-162.659641 
-161.338821 
-162.472593 
-161.483924 
-161.676551 
-161.955079 
-165.259336 
-160.312232 
-163.591855 
-162.000000 
-162.256186 
-163.935225 
-161.026514 
-160.726512 
-162.042114 
-163.561414 
-161.454556 
-161.759826 
-153.888722 
-162.000000 
-162.259544 
-162.786256 
-160.594689 
-158.478504 
-161.606934 
-160.617265 
-162.072396 
-155.710937 
-162.537132 
-160.308120 
-160.209745 
-159.904372 
-161.141934 
-165.418355 
-160.099366 
-158.562563 
-161.177072 
-161.732128 
-163.702217 
-158.515579 
-161.381696 
-156.416063 
-164.167444 
-155.757176 
-160.215431 
-158.162005 
-159.535362 
-162.000000 
-160.907859 
-161.556944 
-161.933077 
-161.334420 
-160.289545 
-161.153787 
-159.896129 
-162.800192 
-162.178847 
-158.668050 
-162.000000 
-161.958930 
-160.938505 
-162.511354 
-162.000000 
-163.172621 
-162.312696 
-162.742773 
-162.000000 
-160.834766 
-162.688172 
-160.983165 
-160.048799 
-162.579660 
-163.609358 
-161.447361 
-160.138397 
-162.000000 
-158.726617 
-159.099233 
-162.666524 
-161.955488 
-162.683178 
-162.000000 
-164.597599 
-160.578723 
-162.995152 
-165.141920 
-162.251130 
-162.000000 
-160.539447 
-162.346612 
-161.954928 
-162.865153 
-160.312737 
-162.000000 
-162.672183 
-162.000000 
-162.793325 
-159.968021 
-161.861630 
-159.952001 
-162.086275 
-162.838390 
-162.605688 
-159.120959 
-159.912346 
-161.188919 
-160.805981 
-162.534554 
-162.912643 
-160.119785 
-163.771654 
-160.671976 
-162.000000 
-164.100039 
-158.689546 
-161.301159 
-159.568761 
-160.960359 
-163.978912 
-162.226148 
-161.744174 
-160.898674 
-160.283536 
-161.911068 
-162.502261 
-160.321645 
-162.109370 
-162.000000 
-158.021536 
-160.602641 
-161.237334 
-162.000000 
-161.966485 
-161.628206 
-157.759705 
-162.360438 
-161.359521 
-161.446093 
-166.922279 
-157.385818 
-164.150960 
-161.430353 
-156.647121 
-161.595747 
-159.545290 
-162.000000 
-162.000000 
-158.416299 
-157.442043 
-162.312925 
-163.168420 
-160.139866 
-162.065525 
-165.017071 
-166.567278 
-161.033290 
-161.088261 
-159.876480 
-164.883719 
-159.524419 
-163.826515 
-158.785429 
-162.182331 
-166.218143 
-157.007252 
-162.000000 
-163.310024 
-162.000000 
-163.584452 
-161.976103 
-163.470034 
-162.916941 
-161.952883 
-162.000000 
-163.558490 
-160.047895 
-163.499333 
-164.895931 
-163.768362 
-159.396510 
-160.348015 
-160.160171 
-161.764565 
-161.955519 
-155.817625 
-162.000000 
-161.659911 
-162.000000 
-163.445183 
-156.029771 
-159.904372 
-161.488139 
-161.170601 
-160.557361 
-163.124396 
-161.644589 
-162.959513 
-159.721484 
-161.111255 
-161.247738 
-165.784130 
-160.538916 
-163.730970 
-160.477684 
-162.080963 
-165.254705 
-161.742724 
-161.445469 
-160.945879 
-161.971656 
-157.950650 
-162.000000 
-162.000000 
-164.936612 
-159.677466 
-163.808680 
-159.380390 
-161.196245 
-160.447843 
-162.500666 
-163.678363 
-163.595752 
-160.819223 
-158.868473 
-160.304363 
-160.817312 
-159.986562 
-161.056343 
-162.000000 
-162.000000 
-162.000000 
-155.710938 
-157.889265 
-161.385611 
-163.487140 
-163.012615 
-161.847763 
-161.640443 
-161.197795 
-160.378033 
-158.669432 
-160.397597 
-161.787672 
-160.539460 
-161.758003 
-162.437548 
-158.408454 
-160.795364 
-161.611313 
-159.960785 
-161.033498 
-162.000000 
-160.312232 
-161.961497 
-166.727467 
-155.710937 
-157.293220 
-154.018179 
-162.000000 
-156.934452 
-158.827917 
-162.000000 
-162.000000 
-161.810855 
-159.634261 
-155.710937 
-159.158928 
-162.793325 
-162.044172 
-160.605806 
-162.534044 
-162.694215 
-163.032493 
-160.787593 
-162.971134 
-160.194699 
-160.377216 
-161.420073 
-161.409739 
-162.651625 
-159.564751 
-163.399493 
-160.750088 
-157.829431 
-160.047069 
-161.546036 
-162.753019 
-163.193895 
-158.795292 
-160.232783 
-162.579660 
-159.107296 
-161.825141 
-157.923258 
-162.391509 
-161.676551 
-165.037427 
-155.791958 
-162.000000 
-164.812561 
-161.454146 
-158.255747 
-162.759967 
-159.564751 
-161.369829 
-161.409628 
-163.387647 
-162.000000 
-162.000000 
-163.332447 
-160.415267 
-159.227475 
-162.000000 
-155.710938 
-159.727442 
-164.242165 
-159.562463 
-160.536175 
-160.343104 
-162.000000 
-160.648257 
-165.168079 
-161.242518 
-161.806816 
-158.525067 
-159.054450 
-160.927839 
-162.519288 
-163.245022 
-159.070657 
-162.000000 
-162.000000 
-162.000000 
-158.114996 
-164.021035 
-162.242898 
-158.071076 
-166.055433 
-164.136109 
-162.000000 
-163.419470 
-161.556036 
-160.174521 
-162.527717 
-160.378707 
-162.042114 
-164.557422 
-163.005151 
-162.000000 
-159.899931 
-160.710664 
-162.000000 
-162.000000 
-162.899236 
-163.305048 
-164.136109 
-162.000000 
-162.000000 
-157.709669 
-162.000000 
-164.038139 
-159.777664 
-162.138866 
-159.815470 
-162.000000 
-162.000000 
-162.000000 
-160.602506 
-163.837629 
-161.359771 
-163.609185 
-161.262885 
-163.289509 
-163.352474 
-162.000000 
-161.975249 
-160.865488 
-161.955488 
-163.270576 
-163.269981 
-164.431747 
-162.495838 
-161.156966 
-162.000000 
-162.665738 
-157.683317 
-162.000000 
-162.723277 
-166.006017 
-158.952460 
-165.910135 
-155.143106 
-166.722049 
-163.143467 
-161.912027 
-164.369777 
-163.447770 
-163.261796 
-162.663268 
-162.000000 
-162.452445 
-159.012340 
-163.575480 
-162.000000 
-157.060394 
-163.060984 
-163.809123 
-160.001308 
-165.443428 
-162.502289 
-162.000000 
-156.770390 
-163.074494 
-162.000000 
-159.783814 
-173.190279 
-162.000000 
-162.000000 
-160.808835 
-161.435069 
-161.829065 
-162.855290 
-160.547899 
-163.388766 
-162.000000 
-163.208753 
-155.710937 
-159.778335 
-167.820039 
-159.701365 
-166.218193 
-160.739821 
-160.900668 
-165.641121 
-160.776518 
-157.080206 
-161.375871 
-162.271301 
-163.086323 
-159.255697 
-162.041730 
-155.710938 
-165.222597 
-161.751164 
-159.735564 
-160.605806 
-161.686805 
-163.537798 
-162.000000 
-162.000000 
-160.734201 
-162.000000 
-158.551929 
-161.168959 
-150.541151 
-162.892894 
-165.206631 
-162.623981 
-162.000000 
-159.661900 
-158.829259 
-162.911468 
-165.542758 
-162.000000 
-163.999182 
-161.587728 
-160.817066 
-162.199854 
-161.219521 
-158.943504 
-162.781968 
-156.401983 
-162.036097 
-161.896101 
-159.811049 
-162.000000 
-162.303234 
-157.853374 
-162.000000 
-161.676370 
-162.000000 
-163.669705 
-160.624775 
