93.444919 
146.850025 
161.778640 
141.993770 
113.339587 
93.295970 
20.374695 
-34.292398 
-93.117509 
-79.030122 
-128.085861 
-133.197180 
-135.456745 
-86.840757 
-104.168987 
-51.126771 
-47.966462 
-60.880018 
-46.476753 
-29.678982 
-23.826190 
-46.476673 
-107.955309 
-129.712721 
-154.727100 
-187.978279 
-180.102826 
-100.820779 
-46.397127 
-27.678712 
28.632948 
76.399864 
71.869754 
46.594910 
31.111621 
-24.913904 
-131.643149 
-215.702315 
-279.679461 
-286.226302 
-263.275310 
-215.252604 
-124.399514 
-79.862184 
-78.831459 
-18.166062 
31.079712 
128.394162 
140.086162 
132.652918 
90.853615 
-9.139424 
-74.443830 
-91.659486 
-185.687217 
-172.720674 
-186.398269 
-103.540236 
-96.174594 
-79.393310 
-51.678653 
4.855120 
87.642810 
118.384571 
120.862964 
138.600992 
72.460275 
14.296311 
-8.276525 
-63.408937 
-97.301160 
-130.508211 
-139.653977 
-131.416489 
-119.799263 
-103.331250 
-38.411760 
57.531800 
110.882595 
138.971964 
126.717542 
14.373447 
-66.727820 
-155.682051 
-225.069026 
-240.050735 
-250.298127 
-233.039623 
-202.934611 
-142.865016 
-122.282228 
-29.375681 
27.443937 
38.687608 
62.129996 
46.803975 
6.378895 
0.283426 
13.318455 
-44.323425 
-84.531430 
-123.050789 
-147.120440 
-142.801847 
-139.758293 
-149.931580 
-63.191908 
3.718896 
93.352136 
161.276570 
186.726239 
171.752652 
109.551505 
36.599145 
-46.477019 
-118.627197 
-186.398520 
-229.442193 
-211.981185 
-209.426867 
-145.197124 
-127.557946 
-46.476467 
-35.082515 
46.804717 
46.064808 
118.296707 
121.375654 
93.920100 
60.121642 
-25.614248 
-89.218528 
-155.847443 
-166.468450 
-194.416284 
-162.056626 
-180.072213 
-111.637552 
-55.750401 
58.322165 
111.400204 
176.524387 
161.306194 
108.841295 
52.678079 
-5.707112 
-50.643625 
-95.617085 
-70.094828 
-86.565839 
-46.318265 
-29.709916 
-32.727986 
-22.871192 
-44.461661 
47.688729 
46.805001 
69.498090 
49.604737 
6.856608 
46.804955 
-41.393999 
-57.295096 
-29.077070 
-43.893158 
-61.971000 
-96.920108 
-84.853424 
-121.232402 
-90.607623 
-58.468735 
37.819378 
97.219785 
116.955040 
93.444886 
116.765519 
82.971239 
40.744503 
18.317998 
6.332238 
-72.664674 
-103.630335 
-100.992661 
-70.878391 
-24.784134 
-4.966942 
46.965307 
84.740293 
19.569760 
26.061071 
-7.006597 
30.717796 
28.754877 
30.105733 
23.484598 
42.722377 
0.164216 
-17.916582 
-52.423520 
-66.185257 
-37.811077 
13.151900 
46.805309 
85.440294 
46.780679 
44.299075 
-14.757550 
-38.460621 
-79.877712 
-107.467841 
-137.025587 
-149.364769 
-109.939413 
-79.438634 
-46.476112 
-21.921255 
65.461317 
105.489855 
109.778622 
134.884210 
52.587098 
47.661827 
-55.138664 
-128.808801 
-207.550651 
-261.444122 
-266.789821 
-192.249545 
-163.103022 
-61.614140 
-37.513758 
20.696645 
76.295444 
106.569449 
185.473547 
214.397546 
183.957652 
180.446348 
67.991554 
-30.132339 
-163.078142 
-233.039163 
-222.766847 
-219.935860 
-196.957648 
-164.855135 
-183.952203 
-90.257617 
-117.102544 
-69.545628 
-12.925629 
-25.926948 
-27.068285 
-5.969852 
-51.191809 
-49.167509 
-37.590529 
0.163755 
0.163679 
0.163714 
0.163625 
-52.122516 
-27.911569 
-72.816099 
-87.565585 
-72.811352 
-94.012908 
-77.813974 
-74.236508 
-71.777019 
-40.120538 
-9.947363 
10.058632 
-28.477490 
-24.305652 
-73.854352 
-85.035425 
-96.048152 
-95.398140 
-87.009009 
-46.476537 
-32.143216 
-5.524094 
-35.093195 
-93.117017 
-67.201443 
-104.091767 
-46.476326 
-19.171539 
17.576014 
0.164347 
-4.499707 
-52.498238 
-36.759758 
-36.273582 
0.555326 
22.744723 
6.936448 
-29.070831 
-19.200498 
-2.779926 
28.486613 
32.941681 
29.534197 
39.949350 
23.183626 
9.238553 
-2.024084 
30.466711 
21.489790 
18.829917 
33.590409 
-7.138001 
-44.984563 
-44.733881 
-5.480049 
19.289004 
126.772526 
115.686961 
171.992783 
194.692752 
136.871043 
96.378918 
66.329810 
-3.155153 
-19.513503 
-29.011312 
-46.476554 
-22.740053 
-42.170782 
-42.768543 
1.018024 
44.809644 
52.155535 
110.153543 
126.440362 
116.765541 
93.445162 
79.802840 
21.586424 
21.115952 
-29.375244 
-93.117360 
-108.611043 
-115.188066 
-131.829429 
-116.712693 
-65.188569 
-46.476710 
30.740957 
-4.547291 
41.986186 
40.433719 
77.305896 
28.634251 
47.238297 
-53.114227 
-61.851565 
-175.121261 
-233.039190 
-179.110909 
-278.222266 
-174.643116 
-85.920042 
-4.545603 
97.884880 
145.029335 
152.779731 
186.726451 
110.622939 
56.472537 
-51.929102 
-70.177678 
-172.567561 
-211.330555 
-196.283577 
-164.942331 
-139.757879 
-40.914608 
-17.665463 
46.804516 
93.445241 
64.544241 
76.297079 
61.053046 
23.484239 
0.163925 
-10.704970 
-79.125120 
-10.881192 
-77.651313 
-54.458971 
-45.970476 
-46.476739 
16.196539 
93.445083 
133.261897 
195.706005 
235.432983 
257.001639 
283.895028 
248.185426 
187.559941 
140.085787 
56.992368 
-42.949282 
-105.647624 
-127.486266 
-130.908716 
-140.436172 
-113.872267 
-111.205853 
-76.264924 
-51.818801 
1.974623 
93.445110 
100.306751 
52.222132 
32.656393 
-9.319031 
-64.615471 
-89.266372 
-120.715339 
-139.325636 
-140.018804 
-164.380002 
-121.123538 
-80.765834 
-69.797012 
-39.727783 
-27.544849 
-49.761441 
-14.684665 
-43.453879 
-41.664908 
-54.640271 
-48.482874 
-45.028473 
-42.229217 
-93.117279 
-44.530615 
-26.326320 
0.164017 
7.930573 
74.760394 
0.163971 
0.163985 
-34.387880 
11.262191 
13.788073 
37.243508 
19.693802 
29.164571 
46.804590 
35.826879 
46.804603 
33.931437 
-0.177007 
1.080839 
-3.286001 
-31.842306 
-76.424755 
-72.617958 
-98.903717 
-68.796666 
-28.988586 
49.488615 
121.784378 
158.389459 
164.950627 
163.406166 
115.839266 
64.159945 
43.862006 
-5.750956 
-26.136871 
-31.830395 
46.804619 
93.445251 
134.785041 
186.726472 
168.821915 
199.698848 
147.812689 
142.438260 
65.641267 
17.069029 
-69.796878 
-80.241643 
-114.266440 
-96.320009 
-86.056231 
38.059715 
110.658872 
128.288799 
179.459492 
120.226018 
65.487853 
-14.688662 
-9.196073 
-46.932628 
-22.195993 
-94.973767 
-97.130733 
-93.116996 
-47.737142 
3.321574 
93.445470 
155.374166 
163.406443 
176.381046 
184.700971 
140.082553 
-476.116346 
268.910144 
-87.436589 
-77.414782 
-113.759702 
-327.873405 
52.708281 
-139.757544 
-482.071519 
151.799465 
-313.401346 
148.138171 
4.308999 
296.717305 
334.263182 
138.776015 
3.868097 
-93.118869 
28.748971 
-235.601632 
-233.039745 
-326.004358 
166.124032 
-170.847310 
-169.013854 
-978.113420 
-57.669653 
-146.156174 
193.438586 
283.563802 
-73.847935 
-31.100055 
-175.006251 
-130.510669 
292.514522 
-313.124961 
62.919450 
-186.393878 
-35.606680 
-342.550086 
-230.209942 
-449.415264 
25.019377 
621.210194 
121.452545 
-110.592157 
-24.680439 
-46.474029 
-284.828279 
449.043314 
-58.937790 
-97.310791 
-228.666315 
-219.729298 
-277.547716 
-93.112114 
72.579953 
-179.811340 
131.061985 
53.578109 
36.670003 
-154.526801 
311.671816 
297.227493 
-14.575585 
464.853591 
-232.713096 
-205.616090 
57.524136 
-149.473312 
-14.181651 
164.511784 
220.732008 
193.777428 
141.158367 
896.738466 
134.682545 
135.143179 
-187.013725 
292.351148 
532.072773 
395.572315 
-203.302098 
293.629931 
200.979301 
171.421556 
909.657526 
-164.764662 
844.347339 
-29.300985 
592.502741 
349.730904 
-181.691711 
359.056484 
606.492995 
-77.641928 
23.553876 
426.134603 
295.912036 
-291.183755 
-165.791028 
226.255172 
-62.590399 
653.132321 
292.994046 
-502.519934 
436.744296 
129.413987 
-94.649239 
93.436363 
508.905501 
-334.920665 
-142.656595 
-460.042073 
329.723553 
326.647967 
112.132721 
-720.834918 
-390.972398 
125.324969 
-138.391380 
163.407335 
-539.810413 
513.205593 
-262.975430 
102.517642 
-286.675818 
261.002041 
-105.437316 
-21.977644 
-630.227764 
-547.547966 
53.723058 
181.616012 
-129.776211 
76.513297 
-97.628083 
-42.884547 
-419.110589 
-39.403370 
-59.597629 
269.235141 
-118.434224 
145.261400 
-843.999916 
-1010.870262 
-424.275417 
-296.897776 
195.058501 
-49.021498 
-29.881013 
510.482858 
-240.891167 
30.132034 
-149.137389 
93.445527 
50.172077 
139.262363 
-884.087966 
326.646206 
-261.520460 
-116.621987 
247.164359 
-62.008163 
434.488151 
85.065719 
-902.426505 
153.727925 
-289.005636 
-201.339559 
529.242422 
-513.843505 
506.664743 
-209.715680 
-93.111958 
460.936467 
-492.726459 
-300.313126 
-233.827169 
-146.542305 
158.758805 
-114.494177 
-155.021031 
148.402656 
-91.699942 
-387.367826 
369.778577 
28.710761 
-31.800405 
235.315190 
-8.095238 
-273.477678 
-77.894428 
-46.471434 
308.475888 
513.214966 
-798.217616 
-381.518961 
-227.398793 
134.479961 
-8.163245 
233.370937 
277.079664 
-693.321489 
-253.646066 
57.448182 
-233.271951 
262.447569 
-87.255882 
-181.598461 
-686.291865 
-52.273603 
-299.037805 
373.291732 
43.273999 
43.696316 
-349.931714 
258.543495 
-63.024467 
-86.837586 
-114.210474 
132.009073 
278.370981 
121.858314 
-283.234532 
-23.627303 
-62.240939 
-503.333853 
106.111333 
-7.294316 
344.976317 
-166.253116 
-214.842269 
382.625899 
-261.951204 
29.493762 
719.087442 
-351.444278 
315.985198 
-93.118622 
233.364249 
-396.747104 
-579.036678 
105.437357 
-49.594445 
-239.202381 
593.134013 
-801.908283 
246.201417 
-51.555987 
29.191738 
256.637947 
480.106794 
-640.891960 
182.622017 
-390.587900 
0.163467 
396.604658 
0.163330 
396.605618 
683.029533 
-716.738045 
327.400606 
-114.531184 
395.379524 
-340.933135 
-321.823323 
-62.698220 
471.220303 
-720.733589 
-17.428618 
210.778676 
-469.080927 
-100.178255 
-413.057244 
-179.022665 
178.178272 
-445.988166 
207.267447 
70.124971 
-387.756651 
-168.743356 
-57.868136 
0.162471 
102.936301 
-641.710511 
396.608920 
219.393136 
-113.077893 
559.851520 
244.245926 
-374.664520 
-120.138979 
-896.210513 
-398.683146 
-286.289491 
-229.604582 
-171.071992 
254.664685 
-267.573919 
205.140839 
170.889185 
678.171888 
-141.605892 
-24.306314 
291.086598 
-430.748065 
93.752673 
521.621668 
157.184363 
259.727235 
-134.724922 
-290.524577 
-197.039246 
10.889582 
323.995994 
-44.187088 
-41.360727 
-337.819399 
-713.025695 
143.716817 
-19.767436 
-167.073775 
347.372229 
-206.641128 
43.034780 
559.854205 
14.148407 
242.891214 
91.696022 
240.239545 
-341.232678 
175.531210 
-365.255716 
-159.889073 
93.447364 
723.095753 
286.613848 
-249.708205 
-90.621433 
-178.630601 
-46.475346 
13.207152 
-175.025263 
-316.182568 
-586.437926 
-133.004994 
93.444771 
21.972891 
-244.253566 
95.659571 
79.286463 
-267.925179 
18.341133 
-398.807861 
-130.445898 
-60.401858 
-156.338294 
629.807178 
-184.927626 
-179.117728 
-140.860869 
-127.864772 
-179.757604 
246.121409 
-302.153473 
64.731747 
536.531559 
312.010270 
-473.636117 
200.817008 
63.317525 
-320.382241 
-370.547285 
-529.884545 
-49.949017 
163.403051 
48.004496 
-76.543756 
0.159154 
233.362392 
177.122282 
-174.568310 
-241.546927 
46.803000 
676.448784 
170.348474 
-427.373038 
-111.866588 
183.482005 
303.206860 
38.948741 
-46.473426 
-126.641135 
0.163949 
7.905656 
-14.808053 
248.878202 
350.441339 
-425.027391 
-94.592354 
-34.530220 
186.731360 
200.870036 
192.213361 
-44.708691 
-250.893050 
12.021364 
-508.778191 
286.742310 
-6.874151 
308.329408 
-412.070995 
396.425066 
93.445303 
-406.372297 
891.304070 
270.016600 
317.478509 
-539.050973 
189.197368 
28.511583 
26.087572 
101.334779 
-33.289647 
-118.551912 
393.966891 
-186.396043 
-596.051182 
-99.386303 
-123.107446 
-98.487591 
-51.111779 
-18.408727 
314.061089 
322.032809 
309.200947 
-213.695015 
-93.117157 
50.544490 
-403.323160 
0.164450 
-262.973070 
-330.332276 
0.167108 
23.487335 
-315.137499 
-90.569571 
166.781860 
-120.144686 
317.181224 
-632.245339 
-116.435131 
-258.774847 
-233.039019 
-169.017144 
-184.316042 
-36.809177 
32.766762 
-1127.844288 
204.440488 
-451.265820 
-50.287941 
30.743922 
-400.806285 
-152.292650 
-98.471992 
-728.246017 
-125.384242 
-23.156787 
90.422274 
152.119145 
-714.132716 
-450.914069 
50.010607 
262.729699 
0.162240 
70.124737 
-214.126608 
-23.157174 
-225.833218 
-220.118621 
-250.105983 
-258.078458 
25.546038 
141.634125 
-186.399589 
-145.667993 
-140.969400 
-492.558713 
-357.355736 
-389.000157 
177.430605 
284.889890 
-289.358760 
-181.960536 
-383.457396 
-129.319998 
-116.859936 
-489.762854 
-172.345733 
-84.873913 
153.245582 
-139.763617 
-26.555343 
49.986855 
-23.163254 
-7.346645 
-303.005802 
-483.751000 
-56.581068 
93.435926 
-458.469537 
-6.589676 
690.577181 
661.047622 
-842.242408 
-327.886189 
362.615140 
279.991699 
-822.277191 
611.705526 
132.729295 
255.161554 
289.232439 
618.763027 
597.718514 
-99.115474 
106.483713 
303.319909 
164.966709 
-403.970273 
816.370139 
141.746111 
480.070032 
95.015413 
510.331789 
-779.497275 
-165.986161 
826.523011 
162.647503 
321.280193 
36.913663 
440.404380 
401.126762 
201.801897 
494.414334 
632.112929 
-136.397297 
280.007491 
759.632130 
-120.721637 
-391.010799 
33.254475 
-99.955189 
1041.108486 
680.765569 
-622.918107 
113.361094 
606.497304 
-250.885310 
1374.788121 
318.408803 
639.695738 
234.830235 
325.014784 
69.058546 
2122.321101 
-162.063948 
97.388763 
86.276621 
-91.733638 
254.640674 
-28.854499 
249.293358 
528.837097 
-63.248831 
623.345752 
56.301547 
19.180592 
170.176335 
542.396835 
2.427055 
-115.643537 
87.386659 
287.655827 
340.879991 
1849.364781 
-118.216859 
264.502292 
-87.441843 
232.160660 
414.663136 
-134.525277 
-444.014684 
242.028277 
279.626155 
-108.887449 
769.731849 
-88.107437 
403.516826 
217.474339 
443.257806 
183.229887 
-244.100375 
20.998886 
909.657106 
-313.771685 
82.347971 
314.777484 
640.967415 
-350.156170 
-95.232061 
410.418218 
-514.032899 
419.924602 
251.266316 
-963.844346 
582.491315 
61.625178 
332.316701 
210.043510 
444.446044 
-597.471588 
-195.789181 
-771.276755 
227.771618 
303.323203 
298.909871 
-744.983554 
-587.186448 
341.908645 
5.009737 
163.416236 
-771.185330 
746.414091 
-530.896338 
133.587111 
145.703607 
325.814627 
-642.215854 
800.088316 
-654.483505 
-352.853570 
7.632632 
48.522752 
-264.385455 
-414.576764 
-643.360318 
-312.318796 
-461.448058 
87.275988 
153.197739 
-141.323951 
-929.483145 
52.138413 
-949.165153 
-1016.196402 
-470.113947 
-157.958243 
-440.046907 
-444.238240 
159.588294 
723.341002 
-391.924084 
142.568089 
-374.182547 
233.368520 
-43.792392 
-45.889606 
-612.201489 
140.077324 
-204.854542 
-243.504175 
542.054708 
-68.483278 
127.479662 
330.350706 
-767.805722 
137.074320 
-461.327595 
-496.781178 
569.803869 
-261.133614 
-601.167613 
-93.121249 
163.407447 
521.394208 
-311.757480 
-236.960184 
-777.847758 
-230.843342 
999.183444 
-446.234488 
-66.781811 
-394.257636 
-24.154485 
-491.010296 
235.266256 
185.995363 
-137.717896 
768.397956 
167.871291 
63.336834 
-5.581591 
606.496990 
435.408710 
956.296096 
-1149.439887 
-400.832793 
105.548327 
-107.299933 
10.563279 
536.534359 
-368.846445 
-1177.766830 
194.048004 
-1201.467076 
-24.704798 
362.113494 
-440.877067 
-395.562046 
-637.351202 
-180.062419 
-24.319896 
629.817253 
-275.184374 
43.697410 
-243.495079 
557.101206 
258.071931 
297.386673 
-81.542358 
684.994750 
-18.117050 
-101.163703 
-124.336126 
-231.577565 
-14.631295 
-653.978980 
497.823311 
341.744504 
-166.675467 
-336.565357 
278.324428 
216.100059 
183.408888 
-327.715578 
-22.823776 
-379.451264 
145.086993 
280.004448 
1376.064887 
-787.488279 
-292.031818 
-340.320526 
74.159251 
-627.134497 
59.464858 
-1473.611290 
451.433002 
-181.117414 
51.084434 
-222.769117 
641.475762 
-686.972856 
36.414956 
-254.253907 
629.814165 
93.445185 
489.889540 
280.008380 
344.943877 
-434.409040 
806.887388 
-194.380408 
337.749255 
-506.678955 
-572.612465 
-65.855910 
565.482833 
-776.820818 
-13.471949 
172.014903 
-391.864561 
-851.300957 
-117.466088 
-493.785925 
300.784063 
-770.131460 
32.259715 
116.772484 
-114.133473 
-219.687505 
-388.970882 
163.414313 
-386.766828 
-655.761094 
46.812686 
310.776288 
-320.581997 
653.139032 
194.507021 
-398.581350 
-512.078602 
-817.488014 
-286.351714 
-87.804706 
32.694818 
-527.300493 
858.126926 
-107.206822 
227.410162 
397.498200 
467.099857 
-599.511366 
268.808069 
373.852118 
-139.710510 
43.188518 
302.216146 
241.674952 
381.689883 
4.928536 
-88.758729 
-348.356243 
155.674197 
454.496411 
-261.510222 
-293.225065 
-373.477515 
-531.543277 
448.903006 
-313.188344 
-190.746510 
52.869546 
-166.039288 
546.573322 
1376.057497 
-1335.788720 
485.391714 
-20.350042 
37.928731 
-187.519084 
485.724014 
-507.115029 
-180.209999 
419.926271 
489.886293 
532.743581 
-219.573912 
374.262461 
-676.144194 
349.962981 
-388.385310 
-292.899994 
23.966085 
-653.608145 
-457.498205 
210.042676 
166.632410 
24.993738 
-194.738853 
-643.090817 
25.603590 
384.738788 
-352.779477 
-57.245613 
-179.148687 
-166.383261 
-46.480992 
-294.246250 
-686.330448 
-277.234467 
-526.219206 
-429.409933 
493.036605 
-303.539101 
422.932881 
-139.752735 
-310.307058 
-813.153212 
85.858255 
127.305323 
-80.330943 
-618.545643 
89.748412 
443.272877 
-93.111463 
-12.139904 
95.030236 
140.090861 
349.972104 
-40.687992 
29.179399 
-444.565631 
396.606115 
396.609450 
247.834529 
-551.741215 
-369.183372 
455.104619 
545.405193 
8.578015 
163.412074 
-614.904472 
46.805031 
-11.520582 
301.130939 
403.943652 
406.017941 
-430.066735 
5.513399 
216.619019 
419.942634 
544.081719 
-264.631475 
-137.367106 
-589.028916 
9.281468 
-354.951472 
-106.945603 
-222.427222 
248.763695 
-213.821427 
272.282436 
303.325859 
-461.246245 
149.232153 
-90.105344 
309.559181 
-689.478875 
-159.713578 
168.822621 
-254.875015 
98.993324 
25.469511 
-100.709297 
28.290645 
-139.765349 
-596.955891 
-20.764596 
-310.590451 
-781.710421 
378.983522 
-435.104429 
-81.648252 
150.445075 
221.643060 
-293.280776 
-46.483999 
-495.010088 
-459.044139 
23.480901 
-507.663551 
-506.321116 
-23.164238 
-69.803392 
-242.004751 
-279.791317 
-441.276249 
-103.472821 
-18.818741 
-741.531805 
-139.763160 
-466.267561 
70.122445 
-400.032533 
-376.555903 
-337.078344 
-26.446120 
-470.221293 
173.965368 
-571.341782 
-264.611367 
-237.636812 
-151.307132 
-347.106757 
120.647642 
-501.970195 
-61.832601 
93.446512 
129.811331 
218.779920 
-453.952553 
-410.702197 
198.193203 
342.673892 
93.446128 
256.689864 
-78.935009 
-139.757301 
327.037872 
-269.518653 
-479.014980 
-432.974196 
-262.512050 
128.106350 
140.088286 
-61.406219 
-120.583429 
-214.596304 
-363.732205 
-508.508868 
-179.541101 
-172.353892 
-259.448630 
-394.492631 
-359.427905 
-61.811991 
-183.746946 
-658.836247 
-264.495976 
-28.174880 
-164.335837 
116.766399 
-216.861972 
-113.101950 
-303.001030 
-4.447540 
-303.000479 
-362.728623 
-286.124840 
489.903611 
-17.310696 
-109.794691 
502.551691 
-478.671783 
-560.910121 
194.512588 
-29.199669 
419.942294 
-309.907555 
423.642166 
-207.967433 
628.812391 
72.660875 
761.224616 
261.783978 
-134.948898 
-105.316955 
349.977316 
384.929919 
424.925366 
140.089195 
201.928382 
891.656283 
-159.456217 
254.720222 
-268.430463 
440.648157 
336.834366 
123.503635 
412.998240 
69.239122 
140.764878 
344.951002 
571.379058 
257.257196 
170.497561 
-432.500361 
280.002167 
428.841190 
-60.933719 
-51.343814 
536.352537 
-283.207720 
1347.145475 
533.156738 
503.389278 
-319.598627 
676.446199 
363.400657 
727.663552 
-218.332744 
535.848972 
-323.408679 
435.670908 
-125.878616 
816.372096 
212.368700 
-340.311148 
122.375738 
-5.977396 
349.962289 
216.290264 
-44.966177 
395.219847 
-354.831413 
477.101077 
-150.871068 
-310.356510 
773.174307 
121.426596 
161.899175 
361.790600 
16.839913 
258.055917 
398.007969 
1877.641345 
132.476012 
327.480411 
27.173766 
317.139248 
331.176113 
-234.715063 
-4.337974 
91.339844 
-143.912498 
-212.503928 
443.253368 
-92.611862 
711.159142 
281.225554 
468.132150 
276.452294 
-272.784448 
-353.462666 
489.894009 
-91.876305 
-33.164566 
169.926886 
39.498910 
413.792034 
-182.662383 
53.291617 
-454.902123 
979.618068 
492.121753 
-715.952653 
-238.473788 
393.624224 
-211.173290 
280.007427 
427.482711 
-439.817327 
285.369778 
-409.560509 
-358.057077 
233.365519 
256.321834 
-680.701420 
186.143946 
683.021871 
226.820402 
93.447096 
-22.087674 
863.015661 
-144.685267 
-155.834674 
-349.796552 
432.613461 
-586.588355 
226.295455 
-197.443750 
26.029687 
68.949021 
-201.296478 
-167.382300 
-78.562535 
-663.300206 
-211.544668 
7.667154 
-71.869734 
605.030025 
-68.968296 
-251.068505 
156.768650 
-389.151836 
-414.213915 
-367.556824 
-280.267957 
143.935797 
308.397729 
589.728819 
13.774104 
-318.279722 
134.678172 
-2.238240 
536.532385 
229.146506 
-472.964874 
-671.344274 
653.133408 
-36.967614 
-89.165010 
11.582809 
-148.698669 
-39.280295 
318.701435 
-573.716179 
186.629722 
-90.616065 
-463.252247 
337.284534 
-506.072949 
-763.851239 
0.155669 
314.998587 
137.369016 
382.708144 
-465.466425 
-669.014106 
238.398384 
389.555968 
-585.932446 
-18.012915 
-257.739655 
-225.844131 
-211.801452 
184.437316 
-10.798590 
-172.742891 
869.242744 
21.111930 
-353.345916 
-109.341342 
326.645486 
159.505144 
1096.216290 
-664.038535 
-210.700005 
-576.160289 
-194.263653 
-73.355509 
606.489755 
16.059248 
-1846.097624 
-764.018733 
763.003016 
42.926797 
334.612318 
-654.139033 
105.739431 
284.985554 
-189.137084 
-334.453824 
676.453102 
-116.400376 
-495.781918 
-241.321670 
454.870283 
-728.906334 
-226.029094 
-31.185502 
648.166607 
-99.132547 
-459.929354 
-78.701636 
176.847717 
71.857057 
-398.214722 
125.162395 
284.050489 
-47.614368 
-10.544558 
-11.420015 
-201.024505 
604.439792 
-297.324001 
-71.252219 
-256.954914 
-102.574348 
140.083053 
863.014622 
-828.320403 
-173.312976 
45.688863 
97.645186 
-77.265614 
353.715681 
-975.445565 
324.298869 
-99.826738 
226.113068 
-361.772633 
256.276693 
-171.196939 
31.622275 
56.733747 
349.967913 
-23.155838 
536.531508 
280.008460 
-169.513906 
-43.067147 
274.689218 
45.620345 
424.942614 
-155.104820 
-566.632490 
104.069839 
513.986496 
81.130627 
-308.779133 
-212.361649 
163.339474 
-474.160658 
243.235229 
-532.591609 
-109.426006 
-204.642284 
11.818945 
163.408111 
-550.871661 
-595.490238 
57.055822 
396.610675 
92.625421 
-310.265247 
93.447612 
159.429981 
-45.695765 
1236.142821 
-302.997589 
-297.169042 
-272.046618 
-502.678690 
479.639079 
-168.005884 
64.716313 
-168.295819 
173.718084 
63.821500 
44.189999 
-357.364206 
-86.660615 
-524.574930 
-76.018304 
206.496471 
-389.917291 
-296.011432 
-498.103471 
162.631893 
-220.069767 
19.788165 
-272.152875 
-162.853756 
-197.828206 
29.477863 
404.162661 
-148.578901 
-775.550378 
-392.902318 
303.720790 
-390.513737 
-190.732871 
170.824941 
-101.124318 
40.348074 
1329.419841 
-0.816755 
-34.036120 
249.725642 
-98.563084 
224.825213 
16.648774 
-451.218356 
-358.026438 
349.967087 
-139.759965 
291.669828 
-306.147204 
-651.787200 
-576.626888 
536.530915 
-488.716048 
-68.454483 
-192.540899 
-124.316114 
-127.947155 
163.403777 
-99.013323 
58.958569 
-131.485963 
-470.065935 
212.086275 
-153.348960 
-39.466060 
140.246096 
553.047885 
7.082697 
46.803724 
-219.918806 
-359.842564 
76.936410 
-300.628181 
-278.635273 
377.236712 
-178.017982 
-263.130265 
-93.116603 
178.338317 
-592.562105 
-98.274514 
83.536149 
-346.198926 
-164.948851 
-35.369176 
242.825410 
0.163082 
59.665259 
-126.998159 
349.969521 
163.401614 
-122.445619 
-262.554663 
-106.110435 
116.763475 
116.762321 
134.691659 
-352.754965 
-481.016167 
52.633490 
173.372314 
156.725377 
256.684151 
-168.913083 
-46.482337 
28.948339 
-27.046520 
10.444646 
352.569214 
-149.882730 
-413.382038 
157.855047 
23.478096 
-110.930524 
30.817830 
-4.384583 
-710.240155 
-460.475476 
2.482766 
-358.715358 
-378.994229 
-268.114369 
-134.003221 
139.932663 
303.322825 
-667.009097 
-95.293919 
-385.541045 
177.238866 
-259.310698 
-189.485130 
-534.687804 
-582.305142 
-228.969967 
273.877905 
150.215177 
-100.579553 
-69.798430 
-317.922915 
76.584594 
-98.739826 
-1158.015357 
162.870669 
-421.453630 
-402.534807 
-47.767973 
-72.841934 
-527.379956 
-116.440424 
-484.710131 
-466.903103 
-93.118726 
-743.059489 
-708.850612 
-46.479414 
0.162349 
-355.923047 
-379.414174 
-280.370104 
-52.999584 
-255.123828 
-377.583228 
46.803563 
-164.842970 
46.803018 
-92.565135 
51.395950 
-189.586122 
-287.860620 
-309.383491 
-333.190338 
-458.821489 
-270.962173 
198.725016 
-168.203001 
-147.062116 
-231.527492 
-209.819226 
70.008512 
46.803537 
-164.697126 
10.401207 
-692.832893 
-98.336099 
538.970271 
-54.436044 
46.801879 
256.684730 
-147.600599 
-46.477654 
-59.456947 
-498.629152 
18.897998 
-201.213438 
-402.869332 
-68.168561 
0.161870 
-259.729934 
11.444867 
-172.328679 
-603.710047 
-214.091696 
-277.368901 
-259.207720 
-448.049215 
-47.774407 
-116.933038 
141.905855 
-176.166584 
-512.317521 
227.732942 
-182.879612 
-85.627477 
-23.155216 
-234.165907 
-462.044392 
-303.001495 
-260.114813 
-303.000607 
-561.489211 
-614.254616 
956.306839 
-68.752251 
-70.287274 
776.719649 
244.213554 
-615.523834 
-103.992653 
458.870725 
956.309992 
-151.677468 
130.906002 
-277.684325 
69.158250 
299.630666 
525.274869 
-37.866416 
-427.320550 
524.186841 
303.337557 
-11.592736 
593.624809 
793.061259 
380.641871 
615.846890 
-156.221928 
-113.622815 
52.860088 
954.369402 
219.218652 
-378.211078 
-66.935346 
186.424229 
104.542490 
707.010195 
-570.262611 
223.242976 
-204.544577 
-275.028947 
1329.418712 
852.468833 
-435.063364 
-373.208285 
94.536419 
483.932386 
1076.741110 
278.805326 
-523.399721 
251.974101 
280.005703 
505.297181 
170.438479 
-117.389383 
47.024653 
-340.897181 
-198.015502 
349.263742 
629.814473 
365.072011 
-261.523941 
589.376192 
-420.653400 
87.417012 
-155.199853 
193.019125 
545.560646 
206.031387 
407.373503 
32.379758 
182.371342 
837.786843 
174.480300 
146.076070 
-89.148632 
-273.703002 
-71.631259 
805.717693 
520.304750 
-223.147727 
-178.823225 
388.294829 
390.190282 
415.687856 
71.189744 
19.527937 
-166.484191 
738.226069 
85.991942 
280.014569 
325.462137 
86.161483 
-301.197918 
691.999669 
231.027118 
-23.633111 
-155.644290 
466.575314 
-332.230754 
61.092297 
312.773261 
175.111721 
-836.123295 
-217.190881 
93.606108 
-6.765128 
1376.065285 
273.635686 
-1059.560999 
-113.872942 
-135.047564 
-66.797334 
326.660493 
-5.480905 
-338.980604 
-84.823975 
-410.644565 
-36.145828 
583.181729 
-148.323967 
-990.704599 
-466.691776 
-219.916193 
96.927793 
653.130901 
101.303101 
-46.461120 
36.490744 
-47.716891 
-294.316568 
754.130459 
-544.613228 
-31.633705 
0.806000 
-268.537637 
101.678726 
-124.368284 
-144.547774 
-479.375307 
-411.287111 
-206.138971 
-317.739569 
88.865437 
-783.972110 
-73.880059 
-222.834912 
245.812580 
-263.293997 
-494.554846 
-133.276867 
-535.544951 
583.503181 
506.282759 
-119.223956 
13.369521 
-179.740093 
182.057041 
53.503741 
46.812140 
150.081090 
-183.195249 
-54.207072 
676.461343 
-432.279902 
-869.921135 
104.180411 
457.117546 
-34.707204 
750.282300 
-803.061212 
-205.778752 
387.014616 
-189.544561 
41.090304 
-12.383752 
-637.815851 
186.728870 
629.814434 
753.540053 
-430.031079 
-296.283429 
-339.722287 
38.180838 
125.801109 
19.259359 
-52.476468 
138.723547 
226.724414 
-21.974107 
404.948314 
-95.094298 
81.132178 
25.372467 
-238.305443 
516.014689 
-144.901922 
653.132190 
494.184902 
723.093548 
-793.401692 
-337.776231 
-362.917389 
-280.322626 
-29.243772 
466.576001 
74.680609 
-318.698592 
-347.905494 
-194.787148 
-197.638345 
410.802605 
-162.683840 
186.220974 
29.840341 
-746.401248 
347.032560 
303.337645 
355.880322 
604.947763 
-665.842032 
-454.283602 
-70.832666 
-23.566479 
394.262357 
-322.882737 
-190.349198 
-527.410514 
-149.790510 
355.098622 
96.414079 
37.630302 
-226.704981 
252.429667 
-81.440548 
-68.870965 
-208.847238 
-99.731537 
-479.825045 
139.349066 
88.900821 
-300.309110 
-238.663504 
1189.504357 
466.576378 
-763.388639 
-303.624173 
-95.792424 
-24.835516 
596.839546 
89.014509 
-867.658554 
26.419162 
304.944627 
-177.184226 
-208.921371 
458.889754 
-74.862192 
-185.137249 
-403.914719 
23.489893 
0.175952 
280.015965 
536.535234 
-502.983276 
-560.870748 
691.848199 
-157.354250 
192.644244 
-24.410334 
-353.935361 
49.830958 
431.461615 
-322.416204 
-192.655481 
152.375867 
-86.220463 
-528.130113 
46.295485 
-300.166716 
-238.581237 
-68.518604 
-154.378813 
-46.469265 
-229.419259 
-296.815194 
-317.857558 
186.736648 
24.476160 
-1495.322488 
466.578914 
1002.055779 
-9.828873 
583.181895 
169.635808 
-728.151175 
19.305055 
-687.776578 
73.948190 
-56.803573 
233.249342 
-116.283081 
-152.830691 
-484.742931 
505.430485 
-290.371294 
109.641467 
-94.496357 
-347.460235 
354.759382 
59.495450 
-257.415766 
164.340522 
351.176616 
-148.177213 
-216.342786 
54.656152 
-80.538109 
169.487296 
630.251575 
-516.186197 
-240.044479 
259.933853 
-373.053619 
151.260520 
-39.171006 
-55.287039 
10.502478 
46.631094 
563.266299 
583.168972 
-314.815443 
-197.911633 
12.226357 
65.320457 
94.370572 
623.934718 
-217.791485 
-331.772097 
349.969112 
116.768033 
-59.379940 
-0.881557 
-58.395615 
219.376980 
163.405135 
372.966398 
-383.936092 
-27.664188 
-57.362848 
-376.023844 
-46.471986 
95.364631 
-543.762459 
-121.477394 
234.877856 
193.541966 
96.437099 
-153.986194 
-847.358335 
145.835522 
-220.764235 
349.973421 
832.402440 
-737.329538 
243.183046 
14.810127 
-260.206464 
237.373037 
-591.037079 
152.782667 
116.771061 
-442.013259 
-302.747661 
-321.913239 
-202.097736 
56.241702 
-831.921397 
-348.725710 
-186.179594 
0.165370 
-245.471128 
161.685406 
256.706208 
23.495866 
-142.637933 
39.068166 
-497.058985 
303.337561 
-93.104416 
-125.604126 
-775.616772 
96.323354 
23.312082 
-146.704577 
-52.253065 
46.811213 
-265.086018 
140.093594 
422.650512 
-311.349619 
180.419854 
-172.098228 
-70.562120 
-653.018000 
298.667923 
-489.561541 
126.795921 
-257.918466 
188.313230 
-227.958246 
-38.399042 
-82.813207 
-157.910603 
-103.531146 
1547.164914 
-275.098740 
607.287516 
-69.795613 
-259.203972 
-319.615301 
107.770606 
57.885696 
-191.448291 
-102.195978 
-180.640410 
-271.661303 
45.577357 
-674.339986 
61.091283 
71.087628 
-93.111448 
-378.357270 
-94.776301 
72.177504 
277.725443 
100.936474 
-329.348477 
-487.184690 
-76.620595 
65.653237 
28.496374 
-116.436423 
-211.794167 
-528.631375 
-139.761740 
-404.658572 
412.709202 
-139.755560 
-93.116106 
-139.503360 
-670.023364 
-107.130470 
188.344942 
-400.557631 
-397.857746 
23.484609 
-202.257546 
23.484132 
-443.224258 
284.094124 
-28.124142 
-221.488897 
-801.803724 
-593.766673 
-330.147054 
215.845955 
135.008939 
-292.444385 
-10.463156 
-532.270839 
-138.832225 
-203.912277 
-46.475992 
-119.071610 
55.376547 
-472.452825 
-232.885037 
-175.838366 
-186.935899 
349.969730 
0.166314 
-1101.051020 
116.767504 
-744.586693 
-125.482703 
-556.195007 
-268.949196 
-449.592353 
-90.009496 
70.130561 
225.217982 
-308.645119 
-374.240976 
-188.077432 
-233.036272 
-127.326388 
-221.779403 
-434.441384 
-83.912213 
-57.871944 
-677.026069 
-158.171109 
-495.475449 
577.391868 
-614.090701 
411.219048 
-302.993017 
-433.662843 
-145.801602 
-302.990376 
61.991829 
-302.987035 
-611.627419 
-237.346987 
606.492942 
-337.532106 
-561.091783 
213.897908 
-497.305908 
-905.080056 
-103.998709 
-32.249535 
1096.215230 
-539.771787 
424.541123 
-209.924312 
-117.167217 
-176.233428 
1309.580362 
338.070611 
-455.674927 
299.257337 
349.967403 
-46.732923 
898.675310 
280.006426 
274.507203 
-29.481109 
-577.675811 
-252.708550 
788.730018 
663.646101 
152.262189 
-206.874387 
-539.153320 
-227.253842 
83.842636 
-18.822175 
-344.702554 
317.191592 
59.639483 
-310.516300 
1236.138783 
738.524864 
-90.430310 
-11.334091 
138.484337 
365.734506 
1401.770391 
450.793045 
-416.594319 
-123.748139 
140.079505 
120.869026 
202.120832 
-58.083199 
-34.734222 
-199.527659 
-177.908878 
101.611980 
443.243575 
131.826681 
-356.697419 
-226.270994 
-823.254103 
-127.967048 
-259.615051 
139.416063 
206.082656 
-538.406023 
-154.973606 
-406.819212 
750.100624 
422.111286 
323.680542 
201.471848 
-308.820373 
-244.549289 
-35.214753 
576.579860 
-159.689847 
-118.156797 
-117.499463 
-150.259626 
299.423578 
37.358841 
-328.345134 
-687.891760 
-452.031851 
-132.442790 
-91.185501 
886.331577 
-20.662632 
-213.630167 
-561.937040 
841.248162 
601.419305 
-233.251254 
422.244887 
606.492961 
-121.367964 
-3.182007 
252.724237 
-457.895522 
-259.866052 
-5.506047 
272.966002 
166.576940 
1329.427884 
231.653009 
-606.422424 
382.847141 
255.310369 
-114.668455 
956.299851 
-78.003144 
163.494630 
452.749744 
100.572959 
47.950170 
140.094039 
656.151498 
-261.642586 
-101.990406 
60.079127 
127.092644 
1049.575440 
-450.804331 
419.924449 
-122.219302 
296.787482 
236.058061 
576.902658 
91.730721 
156.255596 
185.386917 
222.380083 
277.066437 
-37.054976 
-328.636157 
37.107398 
-377.438245 
-226.444553 
58.016270 
373.529183 
-775.239560 
38.701139 
-615.602156 
142.869482 
-407.483805 
-999.385886 
252.790058 
-40.805640 
859.490073 
-322.291656 
43.577599 
-268.471327 
-240.087288 
338.498099 
90.521413 
583.174358 
271.606600 
-239.915627 
50.257984 
233.369086 
-352.696320 
-324.291607 
226.568447 
285.137876 
173.406216 
474.671999 
63.944970 
-532.726495 
-59.044583 
-120.473598 
-289.541541 
208.340226 
-951.470294 
419.932050 
641.473563 
-8.375423 
-708.178207 
-559.223987 
-79.755929 
-189.920046 
162.889147 
-223.383645 
-300.278855 
-297.807619 
154.832232 
-213.436625 
14.277025 
-166.129022 
87.466215 
-184.050516 
301.086065 
617.669007 
-117.114803 
233.368298 
267.506832 
769.734829 
-530.827687 
-697.130737 
-601.008900 
-95.819602 
103.907573 
1002.934809 
297.164533 
-1161.654661 
-351.221253 
-16.366454 
57.112404 
-176.207638 
-17.306999 
-391.559212 
160.878839 
-310.957649 
-272.011095 
326.645907 
702.557896 
455.675100 
-672.156533 
-429.506977 
62.920899 
495.904499 
367.967610 
-122.628418 
-598.355112 
-703.980531 
-96.448351 
57.871999 
0.054013 
131.854654 
132.100191 
-259.333583 
-246.935080 
-80.778035 
-321.606283 
-27.144145 
-70.002372 
-431.630791 
-50.991030 
-391.201056 
-262.937471 
489.884093 
373.280749 
-43.486818 
-398.191950 
244.650694 
-526.603331 
-193.207277 
-359.945116 
-467.802883 
301.344181 
241.377177 
73.059697 
-460.522260 
349.584749 
770.338358 
467.519657 
-633.850537 
-186.400591 
303.325295 
536.528764 
93.443398 
270.251363 
-331.661907 
666.600434 
248.492846 
91.288651 
-224.401366 
175.808382 
104.335807 
332.088001 
-447.069408 
-397.063285 
165.132737 
-323.945642 
-701.862539 
-376.792634 
-264.718110 
201.031918 
-120.876979 
-621.873711 
-46.475421 
308.393113 
-13.429699 
-458.416749 
93.446348 
-176.571322 
-961.363521 
653.133880 
312.195006 
128.610210 
583.172342 
-79.119010 
-569.532411 
-409.164773 
-200.978124 
-617.380573 
-5.618119 
271.655972 
-139.267818 
-217.596065 
-618.440279 
-160.532957 
105.100963 
-232.003249 
-41.206223 
-238.966192 
427.676793 
466.062653 
293.605337 
-47.521479 
-150.071032 
73.653893 
197.936511 
-250.130110 
-472.957302 
187.591834 
589.041333 
203.570313 
171.171677 
-306.514806 
-184.628750 
202.931071 
-187.125516 
-211.194218 
428.929652 
330.548562 
382.014038 
-93.120437 
-248.155831 
-200.189639 
65.070982 
194.137826 
45.745712 
185.359774 
-342.914513 
-86.193800 
349.964987 
70.122614 
-64.046541 
176.845109 
-48.380701 
70.126034 
0.163673 
296.097502 
148.361148 
628.869493 
-222.163779 
-31.004837 
583.170411 
-17.957111 
-28.928777 
-57.108184 
598.350146 
-62.940165 
139.521443 
129.292914 
-285.820602 
345.370247 
353.602988 
0.164689 
-923.905376 
-1116.295971 
307.770699 
139.116753 
-295.391836 
123.944823 
-522.311217 
-291.515931 
-69.795849 
-496.160226 
-333.555330 
176.804880 
-253.172514 
54.744319 
-835.647826 
-232.088808 
131.253755 
0.164386 
-133.214102 
-171.394568 
-46.475785 
46.798976 
305.937299 
-139.726595 
-442.323372 
23.486835 
-23.161602 
-150.231545 
343.748013 
-42.318708 
-143.499585 
-3.259573 
-202.390820 
0.152158 
-378.790246 
116.767220 
-58.795524 
-117.405623 
-3.847518 
-44.905391 
-286.824479 
-614.457996 
-5.699918 
186.720423 
88.539020 
155.345470 
-291.945281 
-367.537033 
-54.916669 
-176.154323 
-435.005703 
-80.984776 
1492.295447 
-292.611207 
221.073955 
-163.079386 
-620.814193 
251.340529 
-215.653330 
43.904765 
-650.731742 
-198.755985 
-333.209680 
-98.534822 
-29.653252 
-310.370760 
-89.488751 
7.559111 
23.483808 
-142.251264 
-111.419697 
93.213069 
99.007622 
-50.213837 
-191.458143 
-217.773570 
-348.968484 
246.541778 
-15.232684 
-23.152592 
-78.698383 
-352.851917 
-139.757983 
4.233890 
-107.170052 
70.125310 
-93.119029 
-537.284258 
-420.796427 
296.681082 
58.671157 
-107.208904 
-316.189979 
-93.118786 
133.299358 
23.482754 
-535.943270 
-12.392254 
-46.958682 
-153.523377 
-318.278353 
-78.164188 
-380.052226 
150.256754 
-152.788649 
-322.669719 
-380.277847 
-270.038059 
-522.358380 
-196.764683 
-23.159715 
-197.268513 
-365.922996 
-475.586210 
-442.436462 
-206.467696 
88.044582 
-163.080804 
-186.402538 
-817.898802 
-139.763127 
336.063571 
-202.150321 
-597.744143 
-574.145839 
-204.154286 
111.671849 
-303.004193 
-10.788564 
-184.202473 
-528.271172 
-315.134784 
-69.796047 
-321.515157 
-1.622880 
-246.641828 
-467.400342 
-345.224092 
109.996248 
104.085449 
-354.225249 
-411.228396 
-301.573942 
129.833412 
-302.998644 
13.586193 
214.577666 
-302.999764 
-522.896205 
-302.998073 
-494.469826 
-85.676065 
699.775283 
-768.739514 
-339.156258 
718.742943 
-134.164041 
-516.738264 
144.752002 
175.965268 
256.689051 
-380.111815 
85.274443 
351.343600 
-56.522007 
336.338124 
613.480777 
598.371571 
-26.901907 
327.000733 
303.328073 
786.582493 
637.027515 
676.447416 
835.300968 
352.699115 
-1401.986693 
-390.284238 
390.786476 
645.917833 
190.506441 
375.850500 
-102.042012 
161.766190 
229.823696 
148.768792 
-268.156224 
164.706636 
147.214860 
252.069451 
513.202999 
401.026277 
348.569255 
311.132564 
-92.919026 
387.254568 
1078.449193 
398.908056 
63.060640 
34.529882 
723.088661 
197.920318 
540.148354 
-293.426376 
300.841524 
62.836908 
885.857815 
-461.910777 
443.246745 
92.596846 
-164.417381 
132.592050 
-228.145903 
-249.686993 
-175.949979 
-248.741883 
276.437369 
-304.686109 
-516.058410 
-175.398126 
589.460315 
276.908078 
-120.014136 
-187.574045 
-419.919702 
-93.383634 
204.879174 
1061.926259 
893.730481 
-601.768814 
54.168869 
300.030046 
149.200759 
-177.540382 
67.035611 
-470.217593 
-224.388609 
-45.189309 
-184.147764 
606.493559 
-40.002742 
82.128252 
-239.665979 
493.004694 
437.901300 
-364.037645 
-348.368043 
373.288154 
-310.620175 
-139.477131 
829.407333 
-311.008572 
-356.937757 
429.550851 
307.059145 
68.553604 
1236.136404 
197.256563 
-564.407725 
653.066756 
146.369288 
-58.602684 
1142.844607 
46.742915 
-288.613748 
175.464649 
88.494012 
456.428432 
-46.470156 
424.555190 
-505.625342 
-445.744658 
-111.128352 
116.504609 
1562.611634 
-185.146271 
326.644404 
79.238077 
521.597122 
64.177386 
418.953739 
-1.701227 
474.320678 
-41.647446 
399.532212 
72.169295 
-63.132331 
-166.147691 
-179.605500 
91.371316 
-680.087274 
145.209348 
229.208091 
-291.346483 
122.591621 
-378.455651 
458.121520 
-360.850326 
-944.050882 
-338.700639 
337.088164 
329.761687 
-229.388008 
499.967012 
73.994750 
307.937336 
303.309115 
856.190800 
769.731185 
49.802174 
3.072577 
-76.547371 
0.165803 
-620.674017 
-281.954549 
374.148528 
-561.274226 
167.492154 
278.165730 
-35.679469 
-408.283473 
-376.299409 
119.809986 
-103.093992 
711.902701 
-630.138546 
629.812027 
629.814383 
201.915350 
351.878414 
-176.626050 
756.745397 
-164.422455 
604.062722 
-503.446192 
-274.020951 
-259.569084 
-2.045654 
-127.293568 
-307.650892 
-31.640551 
-44.418197 
39.229151 
450.203120 
-65.484809 
494.699288 
396.606644 
272.903975 
163.400966 
-966.072971 
-553.966892 
-199.345937 
-318.862217 
763.068136 
303.323045 
47.839688 
-1073.519510 
153.345419 
-472.317447 
-145.274848 
386.347315 
-632.186357 
-380.179442 
-35.530543 
-480.119907 
-205.273992 
419.926540 
389.869118 
-573.517682 
-293.104682 
446.644130 
-368.071766 
430.813629 
-287.437526 
-381.373484 
-942.555047 
-236.747023 
-25.324409 
-47.375650 
-49.433895 
-196.683079 
-271.166307 
-422.035200 
139.994899 
235.498149 
-343.528779 
229.840613 
-578.110664 
-554.353677 
271.701106 
652.480385 
-263.853813 
466.570633 
909.654782 
-502.367378 
-286.476289 
-20.206639 
-235.300816 
7.420714 
341.063063 
-901.986081 
-58.398624 
-56.563132 
112.251544 
-89.153166 
224.773946 
594.629124 
213.496291 
-326.365617 
303.331414 
233.369575 
280.008217 
419.928784 
444.743606 
13.968654 
838.387996 
629.424032 
39.890881 
-894.642247 
-185.660852 
109.721589 
407.518147 
-494.703906 
-194.032161 
-235.585819 
-83.001133 
-225.731118 
-88.492726 
-266.757562 
149.211005 
-224.996739 
-521.585606 
443.248469 
97.473920 
196.968368 
-551.349841 
676.453038 
-515.204521 
-53.763597 
513.206179 
130.462115 
-166.631915 
140.083915 
318.864292 
-785.112176 
-804.600951 
-113.519078 
-850.261271 
-177.282144 
50.133779 
-580.159124 
-163.022168 
-532.028087 
-148.145008 
-170.264013 
-207.182011 
-484.704934 
-181.941968 
620.353679 
-73.610123 
-37.377965 
-71.205479 
-41.977854 
85.743971 
112.902933 
-310.988669 
-393.127018 
-73.352444 
129.692454 
324.147696 
-249.851421 
-286.970033 
-559.200704 
-43.823556 
-381.152605 
-409.630159 
248.276589 
-240.527904 
-132.368703 
-233.034952 
-123.865763 
8.871486 
5.738856 
262.982355 
-24.554744 
-17.045792 
-16.239386 
36.042207 
70.128769 
0.168197 
406.440997 
-59.668797 
84.597504 
-377.628866 
723.098599 
-202.207331 
279.404781 
-186.606738 
-828.537779 
-663.153126 
-139.757337 
140.117868 
-124.193444 
-562.104124 
486.398427 
-444.993322 
175.734162 
85.526114 
-54.950034 
410.715201 
-6.788733 
70.123380 
-1168.755974 
750.787811 
77.889699 
-51.824016 
-426.204225 
194.526020 
-548.611386 
390.160044 
-93.112953 
-546.765645 
-720.481017 
-101.736543 
-357.067156 
-502.646298 
-846.407938 
-33.289173 
-410.719956 
349.966574 
-106.475332 
-478.380224 
-93.129242 
280.006172 
213.555982 
-245.136486 
-318.775283 
-69.813126 
-46.489869 
331.026587 
-303.015267 
91.818539 
-472.045250 
160.366179 
-35.090148 
210.046464 
-171.825512 
-69.801774 
-184.352219 
-257.347404 
-62.671127 
-286.228877 
165.829262 
-801.908281 
73.637649 
163.406725 
46.294763 
-191.052975 
-525.249495 
-174.345819 
-334.826688 
-229.809841 
-7.841887 
-180.953533 
805.453523 
-586.447995 
17.007383 
-46.480687 
-123.697676 
541.040992 
44.114160 
308.590229 
-302.884114 
-209.029498 
-28.789874 
-818.054194 
-35.994940 
-467.091428 
70.010361 
-110.607554 
-116.437443 
-460.752242 
203.629153 
-37.228642 
-771.959502 
-709.187278 
-514.607612 
-375.753515 
-128.827990 
-79.971881 
-519.731783 
-139.758848 
-311.466627 
-405.591630 
-139.760629 
49.842993 
-282.777699 
0.166003 
46.806488 
-96.492223 
-598.892340 
-29.670584 
45.398601 
193.845550 
-275.480439 
46.804224 
-21.982908 
210.048552 
-156.871650 
-393.005038 
-281.612781 
-471.006277 
-607.136546 
-41.458882 
-192.919777 
-100.732109 
-215.530510 
-261.372961 
-369.589894 
-260.371109 
-220.311945 
68.595104 
-139.759573 
-216.574912 
121.073984 
-239.783990 
-486.883572 
-73.240492 
276.669779 
-93.120522 
-93.121082 
-453.930414 
-69.796774 
354.525108 
316.623987 
-2.291481 
-139.896045 
-313.088258 
252.515029 
-302.999757 
103.302275 
-292.892168 
-439.891853 
-804.548682 
-303.002451 
-359.079017 
182.746687 
-186.291802 
-493.802277 
-697.227068 
51.365026 
-91.553900 
-548.223891 
-375.277202 
-152.495733 
52.760477 
-303.005852 
486.115175 
-140.658806 
-303.000253 
6.614918 
-303.000139 
-816.756897 
-62.573561 
909.658053 
-15.884295 
259.436663 
-160.086936 
-775.474266 
-323.967856 
343.753183 
655.789310 
233.365677 
-66.552923 
-340.233028 
-379.894852 
777.915948 
-106.117129 
359.649452 
-81.905660 
-699.880129 
-108.949863 
-93.112153 
227.610047 
289.537036 
326.651408 
322.680484 
422.414555 
-1173.643486 
976.262636 
910.583292 
411.163000 
438.298124 
-148.802640 
-236.254719 
-102.728684 
363.291924 
-708.744391 
-352.740402 
165.991544 
-53.847276 
253.452674 
769.740542 
568.415704 
-135.126395 
185.606576 
376.017308 
303.334812 
704.913641 
-189.641468 
-233.765590 
97.055285 
769.741900 
-242.989122 
327.044794 
342.663625 
-23.973577 
-507.043835 
566.800098 
-450.335284 
186.730492 
497.768990 
13.431839 
331.849346 
-158.885463 
193.512338 
158.863976 
63.133298 
511.429760 
-638.172180 
-253.275825 
-55.351681 
-113.413240 
112.265840 
110.540827 
-69.182656 
174.565710 
194.798250 
-107.382654 
507.384147 
1734.990390 
70.002074 
92.259080 
368.412694 
402.016002 
-5.407244 
-292.145129 
459.539427 
125.139442 
9.696257 
-255.678461 
1702.542343 
379.534212 
-64.525231 
-260.027882 
219.368166 
654.278013 
-16.169386 
20.287987 
583.162202 
-41.842129 
-12.711051 
463.578627 
-4.954132 
-16.026408 
-85.815837 
168.047961 
417.629148 
723.086009 
57.212748 
-331.460065 
270.584965 
100.104088 
143.987438 
373.279157 
201.962532 
38.326387 
289.632353 
392.110333 
-186.378346 
793.049209 
366.172506 
-484.365072 
-466.817641 
191.382583 
2.698987 
-46.484168 
-120.995517 
676.439397 
268.268141 
60.800271 
104.070646 
485.773803 
-126.014317 
170.474020 
-216.012414 
-481.533186 
-194.089968 
-416.672661 
-28.526038 
-250.341309 
-910.311647 
-172.028330 
354.890280 
594.164204 
126.965453 
-320.022855 
-184.457716 
5.457898 
-812.944215 
-928.394356 
-446.741718 
-300.326736 
-674.444616 
-271.265104 
363.178779 
-453.452877 
-357.362472 
4.175350 
505.865518 
606.487588 
-83.282003 
562.569486 
-491.980855 
489.886351 
-97.927817 
-629.873695 
236.189691 
-17.220529 
94.150435 
-95.058643 
-460.746704 
-751.890965 
313.811755 
-12.534921 
-127.580941 
86.587311 
-112.679213 
653.128805 
828.035033 
420.549724 
246.749719 
103.054021 
-148.146500 
369.781026 
3.760296 
-903.264644 
-460.735850 
-398.896688 
75.944113 
-833.179788 
49.791390 
-556.986769 
-150.263845 
294.067089 
795.039387 
433.584576 
-185.623625 
396.608841 
4.899100 
210.049738 
-72.258019 
-182.433579 
-116.641341 
-451.171823 
360.053024 
583.172173 
208.694369 
-566.952273 
420.290362 
199.355608 
356.800903 
96.406009 
-752.160133 
-213.670051 
124.026660 
-321.232731 
-191.273907 
326.648501 
261.347450 
-610.824009 
-175.158383 
520.507226 
-112.245018 
96.294971 
228.311874 
304.998419 
-484.795235 
-550.650847 
87.364183 
198.900382 
42.548456 
-423.791573 
-773.152064 
-339.624664 
-117.280611 
176.146949 
-70.860553 
-50.865130 
-45.587735 
-849.748016 
265.434322 
145.337030 
-86.374395 
466.564146 
956.292571 
-682.814128 
-173.253207 
-74.316927 
-684.429107 
430.411117 
167.977698 
-806.078837 
104.601310 
-389.712434 
-398.099184 
-458.226427 
228.849847 
166.572985 
299.560951 
-396.641083 
349.963510 
326.642752 
233.362828 
419.924601 
326.339659 
-153.864578 
78.699051 
28.072445 
-171.439307 
-424.467390 
157.608408 
-179.753219 
736.044269 
-798.844082 
-460.049316 
-178.091141 
-148.215936 
-949.489713 
-351.195241 
340.850780 
55.833538 
-368.760700 
-562.852488 
210.044335 
-327.476467 
-124.855489 
25.913390 
816.375304 
-116.809523 
-690.696265 
536.532289 
129.961189 
117.286307 
186.730734 
318.879116 
-260.261119 
-266.890322 
87.620834 
-183.730732 
408.199615 
474.610561 
-101.156073 
7.692347 
-108.724938 
90.127280 
-528.215386 
-196.978124 
297.835759 
105.902163 
70.795385 
-45.587671 
-868.050254 
-519.890654 
-38.078764 
4.840573 
-258.840071 
-303.664210 
-132.384274 
-430.605244 
63.201178 
-263.374206 
-142.395843 
147.222105 
-804.737075 
-42.981558 
-335.302979 
127.093839 
659.371790 
195.868867 
-132.299372 
0.163189 
-38.366658 
159.396322 
229.799257 
392.470189 
-76.802130 
-30.547026 
-139.112017 
-153.221545 
23.484234 
-139.760656 
-39.996096 
-164.780918 
-204.035568 
-427.373037 
676.450353 
-39.368482 
-17.190927 
183.447274 
-361.739896 
211.528810 
0.162897 
64.682072 
-205.524989 
32.543024 
0.050729 
-98.093810 
-158.671871 
-63.255831 
-288.065995 
255.126089 
91.394185 
70.123788 
-214.082321 
-679.042541 
451.015008 
-8.303245 
-497.572430 
215.634759 
-548.308846 
66.002629 
-93.117493 
66.357590 
-311.400684 
-240.816062 
-305.008743 
-47.448458 
123.860069 
-213.557744 
-317.874320 
256.686408 
7.729516 
-193.264268 
46.808808 
629.812708 
-185.745530 
-98.342262 
-425.278370 
-93.112566 
-46.477230 
349.530195 
-153.748794 
26.229517 
-251.108689 
119.792508 
166.792507 
70.123932 
-33.348566 
-139.758246 
-272.242169 
-74.649345 
-320.210015 
98.549401 
132.432283 
-312.150260 
-243.346435 
326.643588 
359.124351 
-193.091043 
-322.762482 
251.994583 
-350.744056 
18.294122 
151.152293 
100.124639 
133.434215 
-287.368082 
54.850526 
-139.759386 
0.336144 
388.578391 
-330.160760 
62.336549 
-487.124787 
375.108990 
176.034242 
-188.825609 
-295.107314 
-296.314008 
122.639758 
72.093229 
23.486539 
-551.409926 
135.026094 
249.010801 
-1537.333085 
32.048699 
-152.981720 
-380.632250 
-234.429363 
340.342174 
64.481620 
-93.117113 
302.182254 
-133.335972 
23.488239 
-506.985699 
-506.229104 
-93.117410 
-46.477477 
-268.624073 
-549.568577 
-26.476855 
-122.882961 
91.379877 
-335.231594 
93.445649 
-102.704115 
70.124159 
-100.517481 
-159.868182 
101.270924 
-670.934627 
-310.560412 
-477.523421 
-253.470136 
-261.658903 
189.026677 
-413.120677 
-336.243052 
-55.612131 
31.654948 
-51.272016 
-69.798594 
379.334203 
-334.408423 
-419.221102 
85.401302 
76.888388 
145.200958 
-116.438031 
-93.118338 
-429.063407 
-23.159856 
-404.049681 
-70.603433 
509.631099 
-80.929338 
-398.847075 
-567.509173 
-303.002299 
241.495389 
421.797033 
-461.300394 
-592.815286 
-303.001644 
-367.821005 
-689.301870 
-492.154924 
25.230323 
-34.201311 
-123.177426 
-560.874435 
-237.076804 
19.717221 
-253.472598 
1.517137 
-303.003939 
287.273837 
-372.800681 
-303.005882 
-329.522259 
-303.003843 
-779.965657 
-428.368469 
-279.679687 
-289.072178 
-312.947536 
-307.092939 
-319.661116 
-312.156896 
-303.000001 
-310.505067 
-303.000000 
-317.591360 
-305.888310 
-285.119014 
-314.325304 
-285.101352 
-305.251418 
-293.870420 
-322.217827 
-305.116102 
-303.000000 
-305.502359 
-312.500886 
-279.679688 
-288.307113 
-291.470659 
-325.597366 
-298.556049 
-286.380699 
-301.262135 
-288.361059 
-290.100067 
-304.315579 
-314.782663 
-309.561046 
-306.211524 
-303.617602 
-311.884203 
-280.618598 
-317.443341 
-303.000000 
-298.785328 
-286.744248 
-300.512948 
-307.678869 
-302.420999 
-289.620097 
-281.595926 
-306.951256 
-306.332193 
-279.679687 
-321.154453 
-310.784748 
-304.762845 
-287.518189 
-324.862793 
-302.365203 
-313.317072 
-303.000000 
-303.648568 
-299.097817 
-295.019793 
-294.092920 
-298.775418 
-315.816932 
-313.303902 
-293.416132 
-301.726582 
-304.251179 
-308.407252 
-285.101390 
-306.374482 
-293.798267 
-317.797849 
-304.026069 
-292.425529 
-297.526966 
-287.061452 
-281.137206 
-294.718683 
-291.953752 
-297.480893 
-308.148396 
-309.411147 
-279.354978 
-313.367307 
-325.983673 
-297.463393 
-303.934797 
-303.000000 
-300.487506 
-285.213797 
-273.316320 
-303.000000 
-307.773709 
-292.593841 
-284.303582 
-303.000000 
-301.016155 
-299.463086 
-309.414228 
-307.975661 
-299.836424 
-306.656281 
-293.403695 
-307.908869 
-303.000001 
-292.455453 
-288.210393 
-284.598554 
-287.371053 
-312.271495 
-303.000001 
-301.081248 
-290.431230 
-296.354252 
-300.427104 
-301.827019 
-303.000000 
-306.267593 
-293.036028 
-296.185477 
-302.649291 
-316.147902 
-303.000000 
-307.938487 
-303.000000 
-300.292208 
-289.127017 
-295.964000 
-279.205054 
-307.913963 
-301.601499 
-298.732206 
-307.557249 
-319.058247 
-303.328790 
-305.761975 
-302.237402 
-305.331611 
-282.063697 
-305.051026 
-301.802703 
-302.999999 
-297.780318 
-301.956207 
-294.640646 
-310.841303 
-293.302763 
-310.300499 
-303.858511 
-284.758852 
-300.889295 
-304.595554 
-317.682257 
-300.654037 
-282.232967 
-299.974195 
-279.679688 
-294.622074 
-280.968388 
-302.901123 
-303.000000 
-291.155179 
-294.193145 
-304.764298 
-299.162870 
-294.307973 
-310.260147 
-312.155685 
-301.671137 
-301.241084 
-300.392221 
-295.501510 
-291.058708 
-313.297929 
-279.679688 
-291.339844 
-292.715498 
-301.081248 
-299.963959 
-295.621113 
-293.279220 
-304.386250 
-307.710719 
-309.502101 
-301.075465 
-308.052642 
-287.253699 
-308.148698 
-288.585317 
-312.998045 
-294.583704 
-296.459670 
-308.176177 
-303.595122 
-303.000000 
-300.334324 
-303.000000 
-310.421795 
-292.538752 
-302.291379 
-292.522127 
-308.842338 
-303.000000 
-311.923007 
-316.929152 
-318.184237 
-298.423840 
-304.757525 
-294.313731 
-291.671509 
-294.260851 
-304.099669 
-301.814722 
-298.815578 
-279.679688 
-307.894780 
-303.000000 
-304.718994 
-298.411144 
-294.092919 
-293.256787 
-303.492110 
-289.273665 
-292.139932 
-277.478456 
-300.499640 
-293.068886 
-308.586429 
-308.179567 
-319.437744 
-294.634681 
-309.062961 
-292.382528 
-307.627374 
-304.571377 
-315.405788 
-301.918461 
-288.306313 
-311.747714 
-291.692746 
-279.679688 
-302.999999 
-300.526718 
-295.682565 
-288.182520 
-304.667987 
-288.261993 
-310.147745 
-305.291993 
-310.481443 
-309.100895 
-304.797035 
-291.124073 
-293.571074 
-310.627958 
-297.029683 
-295.914467 
-303.000000 
-303.000000 
-303.000000 
-303.000000 
-301.081249 
-305.747531 
-300.814527 
-305.204044 
-304.075041 
-323.327604 
-302.098183 
-292.110516 
-286.742618 
-313.058702 
-294.408503 
-307.246847 
-297.273713 
-315.846560 
-306.852709 
-294.387548 
-305.257046 
-307.834007 
-304.594732 
-303.000000 
-305.493597 
-300.644537 
-303.892877 
-303.000000 
-300.662253 
-282.803869 
-303.000000 
-305.915075 
-296.925689 
-303.000000 
-303.000000 
-305.044206 
-302.035599 
-279.679688 
-307.355993 
-300.292208 
-297.522808 
-305.048881 
-305.444793 
-306.997311 
-304.978786 
-296.764791 
-318.580595 
-298.761655 
-297.315974 
-316.111740 
-303.961621 
-309.549704 
-304.798830 
-313.142103 
-298.734545 
-289.052069 
-302.513111 
-320.659276 
-294.065473 
-298.613561 
-290.984127 
-313.535786 
-299.836424 
-318.210476 
-310.553081 
-282.975939 
-303.844705 
-306.211525 
-298.313540 
-300.169208 
-303.000000 
-307.290151 
-294.587803 
-293.454269 
-293.938422 
-304.798829 
-298.370168 
-303.961235 
-312.280820 
-303.000000 
-303.000001 
-314.783221 
-297.026034 
-306.071766 
-303.000001 
-303.000000 
-290.539460 
-309.696449 
-298.651762 
-292.223347 
-296.559899 
-303.000000 
-297.844067 
-289.668132 
-306.320397 
-291.936895 
-286.100119 
-280.537090 
-305.262777 
-296.193612 
-304.122467 
-289.321409 
-303.000001 
-303.000000 
-303.000000 
-296.427011 
-311.810249 
-295.956014 
-301.012201 
-302.710427 
-312.310419 
-279.679687 
-305.749621 
-284.914528 
-300.438273 
-303.506487 
-305.786806 
-302.420999 
-292.178314 
-300.878647 
-303.000000 
-293.737824 
-301.443573 
-303.000000 
-303.000000 
-299.128037 
-301.691205 
-312.310418 
-303.000000 
-303.000000 
-298.714801 
-303.000000 
-310.686669 
-292.102893 
-305.824066 
-302.493725 
-303.000000 
-279.679687 
-303.000000 
-299.393618 
-309.451173 
-298.666949 
-301.504169 
-295.701799 
-307.895330 
-292.548127 
-303.000000 
-296.762728 
-297.413808 
-312.246053 
-302.802207 
-294.499727 
-299.260632 
-303.622071 
-306.629966 
-302.999999 
-305.910823 
-293.280650 
-303.000000 
-304.119215 
-304.686403 
-304.031953 
-304.304077 
-283.680744 
-309.530029 
-310.248339 
-304.119253 
-301.878699 
-300.683354 
-303.606155 
-301.541965 
-303.000000 
-308.712923 
-294.193885 
-311.773429 
-323.496368 
-309.484475 
-310.977991 
-297.720182 
-308.386509 
-308.407627 
-311.905181 
-303.000001 
-306.156251 
-298.264369 
-303.000000 
-293.633635 
-327.270446 
-303.000000 
-303.000000 
-303.185432 
-294.294605 
-309.131559 
-308.449867 
-287.086490 
-309.354804 
-303.000000 
-304.459150 
-303.000000 
-304.051220 
-305.653867 
-292.649744 
-307.745599 
-297.740418 
-298.524648 
-314.641638 
-304.226996 
-299.936631 
-300.271104 
-290.810918 
-307.127480 
-289.664241 
-294.331825 
-303.000000 
-311.984877 
-301.196662 
-299.253854 
-305.048881 
-304.629248 
-291.363002 
-303.000000 
-303.000000 
-297.899987 
-303.000000 
-298.446770 
-300.727886 
-298.887713 
-295.486469 
-309.319112 
-298.173378 
-303.000000 
-288.914278 
-305.456394 
-289.229498 
-306.317389 
-303.000000 
-307.835477 
-289.686377 
-302.431730 
-293.691136 
-302.921185 
-283.948341 
-304.857249 
-286.521751 
-305.208247 
-295.784387 
-310.588678 
-303.000000 
-299.989195 
-298.893870 
-303.000000 
-302.208477 
-303.000000 
-300.191170 
-304.705860 
