-11.398076 
-10.047437 
-8.265070 
-37.348145 
-9.124593 
35.143060 
55.667434 
70.607538 
77.039609 
56.881591 
32.664614 
3.379993 
7.990952 
6.312194 
19.590218 
29.368682 
29.077222 
29.059634 
32.820660 
26.580074 
33.895871 
32.820587 
15.525237 
27.505681 
16.779798 
4.826426 
0.884631 
16.052231 
13.029747 
-24.417663 
-37.003470 
-42.430075 
-68.844814 
-93.408129 
-74.733287 
-37.967097 
-14.912411 
3.192367 
10.710804 
29.337885 
22.195487 
28.717050 
35.220463 
44.523286 
22.494908 
30.311572 
-8.824982 
5.573419 
-33.507841 
-38.766650 
-56.218841 
-24.169475 
4.423487 
29.365741 
3.194045 
-7.029421 
-11.398534 
9.165867 
28.051886 
32.404779 
42.176020 
16.087836 
18.350812 
-16.334722 
-22.414967 
-55.409199 
-50.852211 
-68.229540 
-32.106983 
-9.331938 
6.557599 
4.107055 
10.155156 
12.473845 
17.649271 
22.934295 
6.703571 
44.300304 
36.348720 
37.130714 
28.883971 
37.645252 
5.152195 
-4.905602 
-13.724568 
-7.976165 
-6.307044 
-11.398753 
-13.805168 
10.747436 
20.478286 
20.291655 
6.083349 
-38.177918 
-48.378493 
-55.617230 
-30.672922 
5.203238 
66.956483 
70.637410 
60.592161 
45.771503 
50.683371 
18.571035 
10.710492 
-5.035135 
13.268801 
5.393392 
11.620658 
20.121295 
10.711240 
24.916891 
17.474142 
8.603491 
-18.864885 
-44.193846 
-55.617408 
-79.897461 
-75.800271 
-58.683697 
-19.555891 
-6.013615 
10.711486 
-10.683681 
10.710766 
-11.942366 
14.829514 
40.924017 
69.554182 
56.480633 
18.877491 
2.108363 
-25.990410 
-28.838521 
-29.314252 
-13.257567 
-9.357832 
10.183646 
14.819914 
30.188323 
35.664655 
34.893969 
44.865142 
24.441014 
25.670144 
21.750132 
22.662599 
6.074715 
8.322692 
-7.321514 
-21.794236 
-29.258773 
-43.400672 
-50.457043 
-50.628762 
-54.463318 
-77.726192 
-47.039596 
-51.974804 
-51.157868 
-11.398099 
-19.232295 
-13.003661 
-12.473119 
-34.742833 
-44.402336 
-53.971128 
-57.586873 
-31.524358 
-6.006540 
11.376426 
17.582222 
17.712184 
-0.590202 
-44.562141 
-39.034918 
-29.309181 
-16.746331 
13.929897 
31.026907 
47.003311 
41.128542 
28.750181 
35.542559 
31.108281 
20.947126 
17.500167 
18.418272 
-19.488201 
-4.683563 
-28.193251 
-31.455946 
-56.317556 
-50.642809 
-55.617060 
-21.030870 
10.711141 
34.282895 
31.332738 
22.423217 
10.650955 
-6.395051 
-33.507648 
-51.121952 
-73.838085 
-81.641892 
-71.880870 
-75.215498 
-57.647266 
-41.962270 
-35.397100 
-17.271193 
8.192261 
37.810730 
54.929791 
37.683208 
79.249814 
57.222954 
27.570483 
9.011859 
-18.365744 
-15.338232 
-16.588353 
-25.672811 
-29.161862 
-40.666320 
-42.206417 
-43.349078 
-35.133548 
-16.278296 
0.278586 
6.166653 
22.243275 
30.247250 
11.341246 
-15.158623 
-20.457696 
-9.577562 
6.296056 
16.200511 
-0.343843 
-11.398454 
-34.556362 
-26.280476 
-35.160048 
-1.294691 
12.857148 
17.156439 
1.964596 
10.409218 
40.230462 
6.868929 
-8.611963 
-14.686359 
-39.022956 
-63.042278 
-63.460617 
-55.617537 
-33.507880 
-33.508194 
-33.507964 
-34.040987 
-13.360046 
-11.237078 
-10.170670 
4.740286 
28.988650 
55.547448 
22.891800 
2.876145 
-14.821224 
-21.490496 
-25.259341 
-22.603190 
-7.639100 
-19.289110 
-28.246828 
-10.937624 
2.378443 
24.095135 
32.820053 
20.462135 
26.648981 
20.260624 
32.820006 
32.659900 
39.135328 
54.929292 
83.799515 
81.063306 
77.038701 
79.249360 
41.007214 
29.562752 
19.692919 
15.664110 
32.275445 
35.729372 
29.213781 
30.123135 
7.005540 
-1.422001 
19.159758 
0.899477 
5.177394 
-9.211555 
-12.223919 
-23.122017 
5.032697 
17.428324 
44.085768 
45.352752 
24.703843 
5.846549 
-0.165211 
-19.423621 
-14.340191 
-15.475495 
-14.295445 
-16.790794 
-17.198506 
-9.579537 
-9.577284 
-1.255589 
0.924448 
10.344825 
33.595637 
54.929111 
56.573899 
62.446929 
26.234037 
23.365487 
6.374031 
17.641197 
25.559963 
37.138389 
43.874533 
54.929395 
46.516147 
22.770524 
21.462940 
-3.290423 
-44.563177 
-28.686561 
-23.647893 
-57.088532 
-46.628359 
-41.156274 
-55.617342 
-38.079004 
-52.783533 
-39.202917 
-48.073663 
-45.074725 
-51.334396 
-21.250748 
-41.268954 
-14.755466 
-20.170854 
10.710886 
41.801296 
41.802273 
41.715839 
49.490191 
55.267074 
42.720002 
48.652322 
58.248384 
54.929919 
19.238973 
11.823525 
-31.231787 
-32.482469 
-42.705903 
-31.524334 
13.883915 
49.656703 
54.929480 
80.064988 
72.821134 
65.983796 
54.929458 
32.324862 
38.330875 
29.506664 
32.820584 
32.821688 
46.252845 
43.875652 
55.111507 
36.594771 
54.905776 
48.420405 
32.819768 
43.184639 
77.038596 
89.168228 
87.615017 
97.995728 
90.329564 
93.494297 
79.648770 
56.339951 
21.763887 
0.872771 
-15.005303 
-11.962845 
-5.470451 
-1.511212 
5.135209 
6.257357 
-0.569488 
30.186837 
25.985805 
1.169388 
-11.398145 
-18.101933 
-47.245933 
-51.356584 
-41.241725 
-18.145596 
9.906303 
21.647543 
31.764088 
23.910587 
15.325020 
14.362801 
33.784092 
43.875104 
53.959144 
36.641880 
25.047740 
12.395202 
-23.745388 
-48.473928 
-67.848474 
-48.350322 
-23.036689 
18.056274 
10.711061 
30.622975 
25.037162 
21.765667 
8.479634 
43.840193 
32.820311 
32.820162 
13.746216 
26.653257 
26.060262 
28.700795 
38.589663 
43.475720 
65.983999 
49.901778 
43.874466 
7.318163 
-1.762390 
-7.623212 
-8.572636 
-13.889618 
12.976103 
-3.940222 
-6.202073 
5.145786 
17.074222 
20.925814 
6.340152 
16.056938 
-3.269975 
-0.344157 
17.583480 
2.972802 
-1.950477 
-15.005121 
-40.588381 
-44.725525 
-33.508295 
-33.508351 
-16.188122 
-11.399254 
4.381388 
43.539736 
29.371553 
45.847341 
28.871382 
35.818979 
21.765249 
38.834489 
15.462524 
12.802082 
-22.413469 
-12.780762 
-2.079181 
10.613498 
16.268910 
-6.988923 
-20.185367 
-39.570348 
-13.598767 
-4.674816 
26.860028 
13.213864 
33.587573 
-11.398653 
-4.297207 
-9.188397 
10.710537 
17.226022 
21.765414 
3.192119 
4.059480 
10.710462 
-114.050236 
13.923544 
17.842322 
98.983164 
-13.633796 
-38.667265 
164.298363 
-11.398867 
-160.100837 
69.190447 
-166.175380 
66.098655 
39.003453 
104.129408 
48.214972 
47.755577 
2.378993 
-11.398782 
8.530380 
4.649082 
10.710667 
-62.112785 
29.735360 
97.571117 
12.784785 
-202.196032 
-28.112838 
-84.213201 
97.459639 
75.994995 
-47.418171 
-42.686290 
-31.968851 
-89.462967 
215.416550 
-104.853511 
125.101420 
-11.398549 
38.684514 
-119.728632 
-119.628008 
-55.020708 
36.223048 
279.560909 
-12.051822 
-106.024198 
46.053194 
-77.726786 
18.207975 
82.714448 
31.178277 
50.320081 
-35.580827 
0.165179 
-67.899335 
10.710290 
90.989196 
-101.161305 
68.117214 
-18.843465 
-44.966136 
26.890952 
184.535951 
186.372596 
3.290685 
196.001375 
-39.041007 
-98.918448 
149.205346 
198.849387 
33.230678 
66.286952 
180.702956 
7.330385 
81.183060 
338.158414 
88.593911 
-25.303725 
-55.658537 
133.146324 
150.304343 
147.013162 
13.744978 
227.753810 
151.523863 
126.236188 
397.624588 
-2.434716 
270.236125 
60.193263 
244.333086 
47.844673 
-165.504466 
224.031765 
298.133010 
-16.715269 
-52.576334 
181.866020 
114.009419 
-32.762093 
-0.168867 
31.301795 
-32.802159 
276.024372 
156.160393 
-223.933571 
109.872470 
40.421122 
77.036323 
121.258204 
191.006577 
21.729720 
-13.571103 
-287.273889 
133.405623 
77.038053 
156.624773 
-311.220828 
-213.505481 
177.707048 
31.529860 
110.202441 
-290.930733 
209.697342 
-134.623159 
131.236484 
-157.460222 
129.075204 
50.564897 
5.477820 
-179.309080 
-172.998085 
94.594098 
84.229457 
-173.724031 
-17.059798 
-62.990587 
31.083249 
-211.295668 
34.547673 
7.255453 
78.398721 
-45.359211 
165.254100 
-347.427433 
-426.900559 
-85.602822 
-53.716791 
111.836840 
-145.271202 
118.956857 
253.354804 
-33.535658 
38.168262 
-87.263080 
54.929813 
-57.431503 
22.159333 
-413.392747 
231.804453 
-60.192207 
-131.503509 
62.442710 
-108.595232 
156.497567 
60.794929 
-325.784411 
125.744539 
-166.741804 
-106.369600 
306.167432 
-131.687879 
170.671000 
10.711758 
65.986382 
212.112217 
-433.165364 
-168.810962 
-73.172259 
14.870359 
7.874640 
-73.843026 
-122.612640 
-64.408004 
-94.971704 
-244.737028 
174.088167 
-28.691702 
-82.042540 
134.944689 
-84.212990 
-77.206060 
-69.911316 
-77.727024 
163.724717 
276.025169 
-399.320781 
-70.749468 
-107.960455 
10.234542 
-69.375050 
121.258909 
143.313715 
-411.446810 
-123.931807 
44.188468 
-116.699271 
28.802596 
-155.516475 
-37.855508 
-283.261507 
1.326903 
-88.935046 
165.476835 
106.588168 
2.604441 
-158.859075 
217.230671 
25.375579 
9.394501 
-116.665132 
163.009485 
-25.977330 
-109.614968 
-146.619617 
29.148508 
61.971800 
-171.678015 
72.860098 
-5.129639 
140.842308 
-109.615868 
-77.550481 
153.730580 
-120.593742 
-73.133888 
285.498336 
-31.000249 
140.696867 
32.819289 
143.366255 
-65.665253 
-240.711067 
180.136589 
-60.124307 
-187.128683 
327.309414 
-271.789631 
164.856270 
-100.198939 
85.496111 
8.964600 
280.930850 
-288.494842 
101.174727 
-194.352126 
-55.618538 
220.747944 
-55.619164 
220.748107 
415.044726 
-337.230312 
209.103574 
-45.766194 
209.354876 
-123.894740 
-126.444515 
20.702367 
223.621286 
-305.777944 
68.100419 
35.862468 
-232.523181 
-46.149327 
-132.876149 
-37.888110 
66.647101 
-115.219558 
132.975002 
88.091921 
-140.230238 
12.987721 
-32.883241 
-33.509176 
72.759228 
-279.110729 
264.967057 
73.226005 
-98.085099 
99.146720 
185.373966 
-204.441972 
30.285381 
-372.749132 
-182.133306 
-112.515553 
-26.828256 
-22.592174 
240.000637 
-82.667157 
67.169953 
181.745260 
262.037508 
-60.061584 
85.623379 
160.228422 
-239.647975 
89.442754 
160.196743 
188.313287 
19.405527 
-104.970133 
-80.667846 
-83.527913 
-23.629940 
114.480870 
23.684437 
-18.408976 
-121.201190 
-212.347972 
136.558412 
81.829636 
-81.374413 
121.322911 
-165.516811 
8.684790 
298.132804 
-49.562797 
139.730015 
54.800798 
0.636538 
-204.606401 
114.553871 
-164.619171 
-25.435512 
10.710412 
176.531443 
97.802023 
-298.037043 
151.912659 
-97.627580 
-33.508685 
-91.769808 
-37.541321 
-62.980999 
-265.517592 
-27.140410 
264.968429 
68.361244 
-140.333373 
32.084282 
-41.731249 
-110.042154 
23.425313 
-179.932678 
5.903782 
-13.709630 
-135.958022 
220.749733 
-128.163892 
40.419997 
-77.674938 
-167.114286 
-114.521840 
146.201384 
-196.667747 
57.680666 
242.858480 
213.300320 
-216.381999 
78.667411 
53.768156 
-50.904668 
-269.395633 
-204.889830 
54.708535 
132.310535 
89.305332 
-57.807124 
10.708224 
121.256133 
64.146263 
-182.743418 
-25.597554 
-55.615646 
154.423134 
107.819136 
-133.000315 
-72.188893 
125.880755 
26.868229 
20.523424 
-11.398251 
-48.016932 
88.093905 
60.902052 
16.405665 
229.562980 
194.578070 
-80.975533 
27.883035 
42.730590 
77.040535 
51.324866 
-48.509834 
40.419180 
-79.567072 
103.521883 
-260.499969 
172.628697 
-52.510979 
310.354326 
-144.218637 
127.394610 
121.257148 
-203.732716 
445.875734 
151.860291 
138.720226 
-324.800225 
31.067037 
-48.010067 
-21.998107 
72.645378 
-138.162340 
-37.902684 
169.711277 
-33.507832 
-180.828700 
-6.386189 
32.608304 
-55.141409 
-55.679879 
-85.376449 
103.131285 
242.935160 
154.473727 
-60.337963 
-11.398010 
24.730793 
-83.073990 
32.820216 
-135.900502 
-181.436805 
43.876064 
-33.506982 
-173.721645 
-156.089387 
108.685705 
-42.191784 
108.500677 
-216.613131 
-33.507579 
-48.728042 
-0.342234 
27.958668 
-144.227926 
50.890519 
8.793275 
-536.785779 
161.755682 
-196.370531 
2.074213 
-39.715723 
-167.737812 
-129.324540 
58.368819 
-290.054104 
-129.759731 
-22.452281 
53.994389 
189.796092 
-370.104704 
-199.465560 
11.871403 
179.082301 
-33.507079 
-11.398075 
-171.486295 
198.641049 
-27.808639 
-182.081296 
-126.917303 
-145.809516 
23.955499 
48.620025 
-22.452472 
-79.176594 
-59.707084 
-147.835664 
-145.305999 
-103.982463 
-13.701592 
202.355698 
-45.278410 
-19.887308 
-165.506599 
-47.938544 
-75.147318 
-257.519297 
-159.319115 
-25.224970 
89.426586 
-11.400447 
-17.678325 
-16.476178 
-22.454654 
54.340967 
-133.001348 
-244.021411 
-24.780860 
121.256031 
-116.762874 
-61.637108 
232.715752 
350.177013 
-341.130958 
-50.459126 
101.117810 
209.693823 
-424.972407 
155.408656 
-155.582648 
133.423952 
133.956493 
208.068398 
306.970605 
-44.436463 
133.456219 
88.092780 
45.020688 
-179.485158 
441.843160 
-28.461809 
189.487313 
-142.127452 
94.521815 
-555.206978 
-34.768317 
180.628018 
-43.906415 
94.943511 
-0.013481 
211.253639 
161.870626 
-80.780584 
302.419399 
230.058152 
80.893229 
77.038363 
333.321918 
-108.238235 
-146.955537 
-42.487209 
160.740373 
423.024057 
214.897816 
-271.699467 
59.832066 
320.242827 
-45.490953 
447.054439 
154.629948 
297.757655 
203.478159 
153.081862 
49.432500 
950.358502 
60.970030 
-6.350115 
62.620613 
-34.147635 
128.172174 
-122.881291 
94.039690 
187.614601 
-9.589114 
237.832768 
-8.766522 
157.578051 
196.879069 
264.853055 
82.138694 
-23.956242 
-6.098365 
189.456496 
195.898296 
526.274169 
-63.524157 
129.238910 
26.491502 
241.891005 
392.429331 
125.539159 
-62.784533 
78.776168 
205.606496 
-34.932543 
441.843206 
-127.575167 
287.596889 
154.011830 
220.748054 
159.877012 
-101.269855 
-5.424436 
463.949866 
-183.820591 
97.990761 
198.250194 
218.956721 
-165.894318 
-7.995988 
258.363048 
-84.909308 
231.802667 
125.088867 
-456.057681 
417.320989 
83.751252 
132.565610 
99.147378 
336.758079 
-144.162277 
-29.848951 
-324.658994 
94.187986 
121.259170 
196.358447 
-440.811116 
-308.807383 
187.374019 
175.020668 
198.640708 
-382.493821 
209.696039 
-38.579709 
74.328238 
89.704066 
201.310830 
-188.801485 
248.872282 
-348.283598 
-182.608007 
-19.279497 
64.108267 
-103.692202 
-141.200431 
-414.709945 
-265.647874 
-265.855771 
26.945521 
-89.471314 
44.223392 
-414.795418 
155.672790 
-481.726125 
-472.870372 
-250.382694 
-49.244886 
-53.623108 
-110.057799 
12.697385 
350.237672 
-111.966402 
150.157210 
-173.777043 
99.152591 
-164.974944 
-28.008388 
-352.750269 
209.698740 
-97.158915 
-188.309848 
124.811644 
10.552176 
38.112663 
212.159862 
-459.793311 
110.034176 
-116.434374 
-204.378984 
334.613794 
41.114173 
-30.554359 
10.711346 
148.902754 
272.477243 
-233.950268 
-31.730173 
-318.904244 
-64.763308 
478.632130 
-136.263735 
60.305431 
-91.654688 
-11.611387 
-254.612699 
169.658440 
169.717256 
-56.870982 
164.892471 
147.357213 
-42.209758 
151.537493 
497.120599 
232.873787 
486.065133 
-471.775485 
-108.858327 
124.424864 
12.294592 
38.967509 
231.807725 
31.914313 
-389.334283 
-93.057247 
-532.277466 
74.596286 
309.598808 
-118.216272 
-207.968501 
-202.276412 
-176.847727 
75.006830 
375.518396 
-30.956075 
-80.674386 
-173.976496 
169.307292 
131.673898 
149.230896 
-120.641385 
79.902926 
-107.763332 
-132.302562 
-142.654930 
-115.149408 
-23.647518 
-275.052009 
115.714246 
254.077103 
-23.469577 
-150.623896 
41.409609 
139.194591 
6.997919 
-68.218871 
90.966307 
-84.353167 
15.678960 
253.913145 
574.499390 
-358.845029 
-190.886774 
-167.617704 
-58.836564 
-19.552105 
128.021502 
-578.775976 
147.901145 
40.296081 
91.432445 
-32.280245 
319.530724 
-245.511697 
-61.988302 
-40.995845 
309.187270 
32.820795 
231.805379 
231.802987 
242.426010 
-131.074523 
302.281254 
-131.261495 
320.142263 
-304.396315 
-322.803146 
-13.149564 
385.098234 
-278.420487 
-10.095507 
93.209499 
-103.518109 
-321.277974 
-23.127061 
-228.442048 
170.155602 
-154.876465 
127.835066 
132.313506 
17.809350 
-99.170853 
-180.178485 
154.422868 
-141.724808 
-304.807625 
10.712115 
215.483817 
-116.643093 
419.735761 
102.833133 
-148.512799 
-233.838930 
-353.402627 
-128.729566 
60.914008 
4.260544 
-176.271513 
265.555550 
-132.198068 
-13.008586 
62.779602 
286.403646 
-209.696782 
184.392836 
251.584993 
-31.474882 
95.764587 
244.647283 
96.863746 
175.440087 
-10.563719 
-125.717628 
-197.920016 
57.872455 
135.897185 
-107.113772 
-56.666756 
-176.949556 
-335.058162 
282.976032 
-0.119152 
44.984111 
91.121437 
-67.977124 
332.157992 
574.500315 
-611.355236 
245.512589 
67.469552 
34.895395 
-252.813387 
244.611999 
-258.541465 
-88.294375 
242.858996 
132.313358 
209.104227 
-107.046738 
212.277648 
-239.124840 
220.749822 
-193.025065 
-96.846010 
103.613821 
-289.467597 
-154.426989 
65.984783 
185.029360 
41.787450 
-47.991801 
-200.534214 
-44.520636 
211.763284 
-137.276646 
-36.508633 
15.528405 
-104.109821 
-11.397553 
25.221967 
-252.527764 
-24.132934 
-261.284103 
-140.908863 
138.655594 
-204.959885 
192.961635 
-33.507509 
-89.492143 
-389.631040 
12.362099 
49.036090 
-36.596197 
-456.802646 
-86.868398 
268.979543 
10.712081 
-38.924527 
29.050348 
132.313150 
65.983653 
-63.258881 
-84.000984 
-149.733210 
220.749456 
110.203505 
-36.185588 
-191.958954 
-177.856053 
175.934875 
219.408391 
25.347476 
132.312119 
-262.893203 
-55.618747 
78.667690 
9.296489 
170.964541 
205.760661 
-124.067448 
-53.334256 
220.137882 
110.203610 
236.704072 
-194.126058 
48.373425 
-337.945997 
50.213990 
-216.209899 
-38.600694 
-120.999335 
356.817305 
-62.480242 
177.028609 
132.311417 
-119.177639 
238.315126 
77.924733 
136.731507 
-334.237640 
-75.288765 
-13.749889 
-180.086566 
37.021201 
-96.112603 
-75.764647 
-39.457987 
-11.399916 
-264.517032 
71.171621 
-185.317728 
-165.172974 
179.701287 
-177.852649 
1.458245 
-11.822195 
34.019359 
-101.972421 
21.766209 
-171.699250 
-366.449314 
21.765075 
-268.703563 
-317.374927 
-33.507841 
-11.398819 
-95.673831 
-204.805456 
-263.174620 
-47.927654 
-5.107842 
-278.339544 
10.710348 
-119.103104 
10.710436 
-115.521789 
-137.952298 
-179.285552 
45.293068 
-360.878836 
56.725118 
-249.680576 
-101.555118 
-10.641226 
-82.218774 
-117.052834 
-126.895627 
-226.252833 
-15.618388 
32.819468 
30.718994 
118.168062 
-336.363646 
-187.325991 
-37.163925 
171.904435 
54.929401 
65.983493 
-149.577038 
21.763999 
9.214956 
-50.967456 
-140.696205 
-191.144836 
-130.438768 
90.381274 
-11.399168 
10.645250 
-111.264818 
-173.662203 
-183.596414 
-169.619184 
-70.307961 
-29.502488 
-65.058876 
-194.946698 
-158.374814 
-117.967598 
-152.129406 
-222.471193 
-21.005290 
-28.384764 
-17.114825 
-0.343715 
-144.130251 
2.608478 
-133.000398 
-6.680524 
-133.001523 
-231.311983 
-114.047683 
353.406923 
155.775016 
-246.104163 
356.291805 
-63.268616 
-171.653768 
55.667271 
85.465017 
209.695828 
-137.548795 
219.345082 
-12.888187 
270.462040 
37.102422 
372.836221 
70.010922 
17.732939 
-49.118481 
121.258023 
67.575788 
75.797482 
54.930062 
40.067659 
377.881739 
-167.264957 
-34.348629 
18.685094 
342.827910 
288.856028 
35.911427 
348.764634 
105.097499 
139.969877 
150.900882 
301.124316 
86.500773 
68.957286 
-143.934406 
253.913681 
340.534175 
11.528635 
87.720928 
154.905625 
56.961126 
503.726083 
389.055730 
218.998471 
-376.759401 
375.515528 
110.122663 
462.136761 
-181.142117 
91.260190 
-146.818579 
143.931037 
-30.614293 
242.859311 
93.737851 
-194.445346 
100.084562 
356.643270 
151.457322 
-55.394239 
12.103485 
222.971037 
-45.607464 
230.634749 
-4.647066 
-256.197571 
257.813236 
-85.100363 
112.714991 
210.208376 
-74.460187 
-44.112680 
359.962326 
756.442174 
285.973694 
-2.466442 
-43.484070 
93.459755 
303.287991 
-102.960883 
20.081030 
-6.111213 
-28.051837 
-64.450442 
375.515546 
196.787208 
481.589654 
191.197392 
161.791913 
248.057646 
9.032763 
-253.964705 
397.625428 
-90.036850 
36.862350 
104.985941 
-27.186221 
97.565895 
-65.728837 
35.299294 
-150.907839 
364.460641 
190.025954 
-302.738184 
-169.917437 
180.274904 
-147.060895 
10.710973 
271.278857 
-73.895156 
241.525624 
-220.639926 
-98.048511 
231.804610 
29.349059 
-224.606126 
53.028634 
330.601333 
63.692202 
-11.397729 
-34.388666 
441.843972 
23.083723 
23.556935 
-216.208519 
292.508558 
-265.988397 
114.007054 
22.842290 
170.590015 
42.216053 
-59.110101 
-228.648993 
-72.983579 
-375.300253 
-142.892750 
72.758913 
56.884423 
142.676336 
-72.386008 
-35.688810 
168.070252 
-81.883437 
-204.740000 
-191.570956 
-104.645753 
153.888679 
144.497660 
254.646044 
38.248428 
-144.164482 
0.451090 
41.140396 
353.405743 
46.019928 
-218.761252 
-220.206326 
276.023281 
-7.262438 
-88.114393 
284.901185 
-50.030908 
-20.326564 
-23.762710 
-131.138304 
93.875097 
-134.489361 
-382.704686 
42.274113 
-197.760701 
-512.348946 
-55.617901 
187.584236 
95.235098 
279.925585 
-89.413492 
-236.192908 
-4.889913 
20.890868 
-367.018200 
100.743862 
-267.565703 
-190.497990 
-186.271151 
91.116248 
-0.808887 
8.385922 
319.459558 
-82.431774 
-208.936015 
-105.201847 
309.187494 
91.112080 
287.077899 
-349.932848 
-115.593273 
-240.838337 
-119.118193 
-138.059608 
264.968775 
7.640703 
-737.912266 
-357.013258 
424.612131 
-6.127660 
257.001198 
-200.197348 
90.544069 
132.709397 
140.799035 
-150.241971 
298.133053 
-46.588945 
-262.707801 
-249.910383 
228.178064 
-185.035713 
-59.070019 
-69.721205 
97.984361 
93.347402 
-195.787228 
26.388958 
1.890753 
-53.462671 
-93.567010 
111.186562 
33.626611 
75.021143 
19.379780 
-64.420604 
-126.953517 
200.319959 
-255.872802 
32.133352 
-127.141211 
-152.969336 
121.258225 
662.937930 
-420.836263 
-45.706846 
-114.224822 
127.868357 
-46.448143 
205.682473 
-582.342056 
-8.821274 
-53.760850 
101.232389 
-223.236001 
214.203448 
-17.833332 
76.985501 
-24.362797 
309.187498 
-22.453176 
176.531459 
32.820328 
-188.596322 
-122.479020 
228.379279 
-101.602859 
59.230525 
-42.789834 
-274.355113 
-8.033053 
411.863575 
-28.827163 
-73.608704 
-100.816487 
82.799165 
-243.089548 
106.824242 
-219.798135 
156.630884 
-55.716935 
-28.020895 
242.859365 
-96.125566 
-183.470573 
73.386470 
132.312414 
9.305492 
19.071727 
32.820312 
-95.204052 
65.208184 
640.828251 
20.291757 
-32.278686 
-32.819595 
-190.345844 
129.382543 
-43.244436 
59.673262 
-84.878977 
156.371323 
-146.861239 
184.637728 
-192.796473 
-133.704589 
-254.734031 
47.840291 
154.382167 
-197.346753 
-181.463090 
-213.534617 
92.912439 
-131.393995 
-27.298336 
-94.167075 
-115.806708 
52.229483 
-60.216725 
6.494901 
-19.511328 
-245.129395 
-320.807385 
158.041475 
-119.988678 
-199.468604 
162.692601 
-13.735124 
19.315382 
574.499664 
8.815497 
-53.667757 
80.608351 
-36.683762 
173.379076 
117.247422 
-77.755662 
-108.778815 
353.406249 
132.312659 
76.901883 
-30.352745 
-194.064139 
-451.375372 
287.078130 
-341.483269 
-41.907686 
72.706797 
-33.485568 
-150.015331 
132.312557 
-83.712131 
96.931567 
53.272301 
-262.818270 
27.644745 
-39.045800 
56.914785 
74.121009 
330.156147 
62.052765 
77.039106 
30.747668 
-241.473815 
54.404593 
-77.836804 
-103.013828 
210.297762 
-51.197627 
116.399733 
-55.617050 
70.889813 
-312.003199 
-14.311811 
-43.750633 
-79.705591 
-217.149125 
36.323804 
153.252750 
-88.781069 
34.922396 
-98.661742 
10.710995 
43.875157 
-34.654808 
-113.654746 
-235.877195 
242.859695 
88.093668 
126.851276 
-180.166726 
-139.071941 
-1.357758 
199.686915 
-39.507729 
220.750050 
-39.726112 
-55.617359 
-26.961218 
66.728637 
44.483815 
122.644350 
-93.987610 
-290.091665 
181.077402 
298.133357 
-100.121425 
67.536066 
-20.183693 
-289.466838 
-180.165618 
82.858711 
-237.786371 
-147.816514 
-92.969736 
-68.197068 
132.510242 
198.640832 
-306.537890 
-53.736214 
-64.377384 
41.022015 
-192.736560 
58.004790 
-280.572427 
-384.132130 
-42.583253 
213.170334 
127.348158 
30.219239 
-33.507622 
-57.737957 
187.381231 
-28.103245 
-469.390611 
224.561608 
-238.820689 
-224.039044 
-32.939352 
86.466689 
-139.743709 
10.711546 
-304.429367 
-108.036836 
21.766113 
-464.178652 
-268.195427 
-44.561983 
-55.616654 
-136.759548 
-155.258541 
-103.025435 
59.462482 
-92.778037 
-217.427688 
43.875429 
-132.027389 
-0.343531 
-85.108674 
66.900277 
-151.214238 
-165.898407 
-234.414128 
-48.053909 
-116.722678 
-73.752644 
90.657900 
-99.960301 
79.296267 
-208.756949 
0.382203 
-6.616600 
10.711245 
-168.246229 
34.700399 
-193.835239 
-29.605723 
283.177007 
56.714528 
10.710948 
176.531248 
-127.588450 
32.820226 
-77.139192 
-229.290159 
-104.148001 
-74.553134 
-210.960029 
74.772255 
-0.343810 
-13.383414 
63.394450 
-117.273673 
-271.986248 
-102.599946 
-196.223052 
-41.285941 
-266.529637 
-14.713289 
-6.665430 
-41.866708 
-157.039954 
-275.457239 
102.245640 
-126.327752 
-108.935026 
-22.453281 
-167.009043 
-170.342823 
-133.000369 
34.962972 
-133.000060 
-249.351342 
-401.458280 
397.623545 
10.365515 
-179.243925 
182.367700 
-21.157957 
-376.733777 
-15.084664 
134.686863 
353.405277 
-120.231567 
164.345208 
-53.375680 
172.689741 
120.027753 
281.895090 
69.791511 
-263.737580 
125.098923 
110.202291 
-27.205403 
202.400806 
99.148197 
129.151698 
192.978886 
-323.129416 
40.266007 
225.348781 
329.035078 
130.768465 
-229.738838 
77.446191 
-52.978969 
90.251178 
242.252777 
-308.039075 
120.492911 
-119.020539 
-201.470651 
618.721194 
449.687362 
-128.957194 
-184.649824 
90.536974 
241.142578 
656.122063 
153.391994 
-292.349406 
-184.906846 
54.932849 
169.695556 
65.610559 
-89.048234 
54.864872 
-155.107275 
-154.012709 
187.682032 
253.917731 
201.984101 
-136.765167 
261.259852 
-204.233153 
4.507527 
-177.555254 
100.532645 
213.260153 
108.053373 
13.838923 
-63.411443 
211.556901 
394.273487 
43.852586 
131.225082 
60.266343 
-128.964597 
-86.726349 
273.398598 
469.887974 
-55.828720 
-86.417450 
176.074219 
266.564805 
70.917270 
-11.743521 
-61.990041 
-145.081827 
366.914925 
-6.981648 
99.148073 
190.509177 
-22.436614 
-130.282813 
432.999109 
-40.102762 
52.525768 
28.234655 
253.911467 
-87.549533 
98.942002 
114.608457 
141.960477 
-350.953899 
-82.304387 
39.796914 
-2.077787 
662.932081 
164.022121 
-380.322483 
55.569146 
-17.054490 
-187.554011 
77.038532 
-53.557773 
-114.868664 
17.608845 
-167.874309 
16.763240 
397.626344 
3.493988 
-399.334486 
-218.793795 
-85.740454 
-25.540233 
187.583528 
148.388937 
-55.619257 
-13.790305 
17.262421 
-129.704143 
269.703979 
-237.266787 
30.676989 
14.750581 
-139.472284 
126.449411 
-77.800767 
-170.827385 
-211.920058 
-49.203405 
50.886843 
-24.142375 
-34.436009 
-334.747566 
1.526846 
51.519193 
224.385665 
-312.623133 
-457.874515 
-60.313940 
-289.720131 
366.398620 
119.203036 
-199.842136 
-28.361246 
-132.690592 
128.026721 
160.798485 
-33.510272 
71.897673 
-132.843759 
1.245878 
397.624984 
-118.582609 
-378.581536 
31.791513 
300.947224 
161.344148 
301.714350 
-380.268197 
-118.933552 
65.117398 
-54.473912 
20.075256 
-112.111386 
-447.364338 
99.146289 
259.436206 
302.839155 
-265.799077 
-131.579287 
-165.980622 
-16.384972 
37.344166 
40.001210 
-31.759084 
67.444487 
148.452945 
-22.213957 
258.260472 
-135.489399 
-49.194876 
-96.411393 
-5.412264 
168.599808 
8.302218 
419.734404 
231.655753 
165.475644 
-330.664175 
-292.789132 
-63.713827 
-99.461336 
-90.509756 
231.804542 
19.888516 
-145.064473 
-132.469677 
-10.208693 
-54.539746 
68.863290 
-90.318725 
64.358013 
135.620979 
-348.622205 
153.843130 
198.642283 
181.153480 
98.413271 
-423.042473 
-151.150372 
149.516783 
44.393377 
178.100517 
-75.415253 
-5.670915 
-59.328921 
-16.110290 
11.522265 
56.647995 
37.459488 
85.952906 
210.073783 
30.048904 
-143.214600 
-57.008044 
53.618960 
-112.491854 
-50.907832 
66.006472 
-266.201279 
-52.540114 
574.501210 
143.366957 
-189.430913 
-97.529998 
-128.010488 
61.198068 
241.234282 
116.566175 
-339.511962 
-82.539580 
173.821414 
-8.634372 
-124.178422 
205.017180 
18.781415 
35.625293 
-85.253102 
32.818131 
32.818362 
165.476598 
309.185486 
111.530001 
-129.666574 
190.797289 
-124.822590 
8.885105 
75.871489 
-226.169417 
-23.370680 
249.924114 
-242.700126 
-76.322059 
129.493378 
-79.759523 
-189.452132 
-65.552929 
-125.965566 
-3.245037 
-95.116057 
29.469310 
21.765839 
-177.983096 
-50.799527 
-194.527427 
10.711206 
74.990338 
-819.635705 
77.038711 
231.168750 
100.771638 
231.806289 
161.795814 
-356.460888 
-58.674936 
-448.052999 
-27.143568 
-58.009473 
147.755298 
-27.536644 
-96.070556 
-90.140363 
196.563628 
-226.789350 
108.838741 
2.917655 
-131.089310 
69.474014 
-22.576450 
-142.374421 
168.375714 
299.112207 
-57.971017 
-139.967486 
-67.351245 
-39.519241 
197.372068 
232.283238 
-126.597985 
-63.118965 
35.963352 
-306.307123 
138.185954 
-27.906637 
1.503787 
30.003215 
88.668810 
200.453345 
220.752268 
-79.659045 
-21.390701 
30.256951 
-31.894343 
-63.770328 
310.698460 
-83.546496 
-66.339776 
132.313034 
110.204439 
15.815126 
-7.309163 
-44.083610 
114.626223 
88.095425 
100.164566 
-189.680757 
73.429441 
-143.189503 
-153.500410 
10.710155 
56.553806 
-201.927443 
-14.458881 
209.875612 
-32.458414 
100.153125 
-38.167506 
-242.071292 
194.674903 
-99.413910 
242.857968 
355.475551 
-495.041240 
130.095962 
0.922070 
-94.206352 
64.797922 
-241.404635 
41.044579 
110.202997 
-129.692449 
-3.892346 
-153.989491 
-74.938269 
-91.755167 
-300.354782 
-180.653741 
-33.977816 
-55.612204 
15.275738 
114.974318 
110.198933 
10.710368 
-96.137414 
31.725543 
-103.408611 
88.097299 
-11.400262 
83.458134 
-168.372827 
-9.475199 
37.943227 
-36.737328 
43.025461 
-33.509756 
-117.800029 
110.201148 
155.943279 
-38.702063 
-4.681836 
7.046970 
-64.938183 
-284.643285 
233.095318 
-155.109877 
92.065163 
-60.276224 
41.903096 
-1.048940 
34.152907 
53.795595 
-16.641662 
-1.740984 
575.708303 
-145.580295 
220.504522 
-11.401145 
-45.695460 
65.242534 
1.222531 
5.444450 
-80.953029 
-78.671185 
-86.794619 
2.473051 
-7.558433 
-65.917489 
30.330318 
19.999427 
-0.345344 
-127.835588 
-99.082952 
42.564322 
53.507740 
55.958897 
-86.297417 
-288.136314 
-180.743616 
56.568370 
3.702505 
10.710351 
-29.686042 
-218.825750 
21.764724 
-128.735239 
116.231070 
-0.342750 
-22.452501 
-32.630793 
-266.336851 
-197.341606 
-52.354945 
-36.807295 
-259.145740 
-33.506649 
-177.544195 
-33.507179 
-128.998442 
107.125150 
27.640396 
-23.318117 
-335.162131 
-120.599782 
-232.711617 
132.647324 
-6.700936 
-111.833889 
-4.645383 
-144.375330 
-137.773024 
-142.202314 
-11.396543 
-103.865459 
-8.408686 
-155.500729 
27.736302 
-135.024468 
-47.129588 
21.767135 
-121.943930 
-365.555436 
-77.725782 
-345.140804 
-41.040286 
-214.771809 
-19.488985 
-88.595516 
-98.568497 
-22.452658 
-10.703962 
-200.398074 
-115.008795 
-84.924033 
-159.254610 
-47.787160 
-27.058352 
-131.358705 
-97.981183 
-121.827435 
-219.731489 
-73.674638 
-171.019208 
232.124329 
-270.583089 
-2.912862 
-133.001701 
-186.322205 
-105.503727 
-133.002638 
-73.391057 
-133.001228 
-273.896086 
-89.033406 
408.681295 
-24.328076 
-115.657492 
321.176502 
-130.315954 
-241.272056 
-180.164631 
-143.937229 
375.516744 
-475.141076 
173.375258 
-50.099001 
-75.712615 
-57.317093 
725.525901 
175.582792 
-293.229097 
175.815170 
176.531292 
11.584109 
138.920063 
298.133959 
173.802742 
181.406645 
-304.914780 
-101.060819 
349.609329 
330.223605 
32.383667 
-209.170545 
-81.282185 
-48.239646 
141.219542 
120.618431 
-179.256375 
333.576486 
-27.581312 
-121.058314 
662.937351 
440.959227 
13.542150 
99.757315 
156.461223 
142.514421 
656.816737 
5.412074 
-239.953230 
-99.674320 
121.258438 
-81.816861 
68.056582 
62.483610 
59.646339 
-21.761890 
-106.802860 
227.050284 
298.133528 
30.519278 
-275.644082 
-16.162688 
-133.665255 
4.596934 
-150.647950 
78.562020 
83.857337 
-281.670683 
-44.592841 
-301.383827 
158.920564 
164.933229 
152.672718 
58.910709 
-93.829916 
-37.152329 
115.067641 
301.146216 
42.723726 
32.785116 
63.905504 
-32.477604 
135.804999 
65.006731 
-167.796350 
-332.272171 
-103.862549 
6.405949 
130.908257 
364.461292 
73.608307 
-51.095495 
-26.926567 
267.915926 
165.981573 
13.656248 
256.858695 
320.241604 
-90.872326 
-142.514620 
56.932701 
-211.595929 
-14.342399 
-119.081289 
154.141220 
109.215881 
441.840757 
139.758884 
-302.845646 
220.330629 
-70.704590 
-38.155718 
530.282220 
135.741032 
216.270972 
166.071927 
-94.298769 
5.210952 
276.023558 
408.034581 
-159.620724 
52.342936 
56.506803 
116.507166 
486.060001 
-251.903399 
143.363051 
-143.860458 
129.270189 
109.405310 
388.749651 
149.934572 
-47.745913 
-88.904187 
159.771340 
216.016632 
20.977571 
-334.008435 
36.639440 
-162.541106 
-143.580302 
-52.844265 
100.973942 
-388.641148 
-39.186120 
-205.287435 
-1.090122 
-284.590807 
-301.709706 
127.116347 
-116.580556 
490.607548 
-164.037965 
-106.856643 
-61.624706 
-124.837707 
187.145407 
27.877434 
165.476814 
101.160391 
-65.361705 
-88.443545 
99.147346 
-52.432928 
-203.022507 
50.752970 
16.055513 
21.286930 
131.752478 
179.581780 
-214.597490 
-62.740426 
-133.592350 
-39.230169 
164.625022 
-476.945667 
220.750600 
270.497767 
-70.043249 
-307.621814 
-169.802665 
-112.163398 
-101.443255 
-42.975503 
-229.675597 
-128.242115 
-17.596288 
-12.464288 
-18.217864 
-2.242854 
-41.259435 
-54.148546 
-15.472207 
182.962160 
362.724900 
8.261720 
386.570028 
345.267655 
375.515255 
-313.853953 
-143.859782 
-65.907724 
7.681644 
163.424556 
508.171553 
248.216431 
-483.818556 
-108.330674 
-51.849817 
124.818985 
68.688183 
-17.564465 
-122.771918 
201.721623 
-39.396588 
-14.252357 
187.586151 
342.764909 
194.218929 
-202.359333 
-170.004023 
32.154910 
178.958609 
193.570266 
32.854800 
-221.518226 
-296.373666 
65.130685 
130.103500 
92.829993 
-12.100036 
25.333482 
-26.093493 
-87.749990 
67.551889 
-139.549655 
77.040805 
-168.183817 
-104.243138 
-2.847972 
-220.109654 
-85.885005 
287.077638 
209.695212 
-135.585348 
-287.581173 
114.664187 
-299.449758 
-71.551810 
-107.771309 
-265.827892 
111.214883 
18.246895 
158.043655 
-63.487301 
165.440040 
515.775121 
122.882913 
-186.620707 
-11.398923 
287.077905 
287.078611 
88.094062 
253.659529 
-109.385348 
293.990853 
109.818803 
24.855294 
-119.326807 
-93.496641 
56.376369 
172.052763 
-146.678625 
-219.689567 
78.232549 
-215.985380 
-387.945149 
-110.689210 
-188.030897 
115.106979 
-42.323720 
-378.312669 
-11.398773 
90.335368 
62.908232 
-135.061326 
165.476014 
33.482894 
-473.885570 
574.500562 
69.096968 
50.296146 
121.258028 
-15.082730 
-37.033190 
-150.609118 
101.913769 
-358.876890 
-88.585893 
86.563874 
-157.444685 
-55.062536 
-305.874096 
-162.858572 
-76.014147 
-231.693917 
-95.951345 
-53.821384 
52.867893 
194.545783 
214.307674 
-75.417847 
-168.927302 
66.343980 
10.870688 
-65.326976 
-199.583760 
21.092620 
281.019816 
142.959726 
6.113928 
-158.054322 
-75.018345 
123.300787 
-94.085490 
-14.858740 
97.033858 
262.371370 
41.249045 
-22.453507 
-79.487635 
9.250482 
76.832731 
187.148083 
-53.306026 
100.071456 
-163.257507 
-120.095943 
154.421202 
10.710775 
-95.640811 
184.494234 
10.275229 
-168.377021 
-11.398904 
219.691110 
22.778229 
187.157663 
-55.405800 
46.574986 
353.406678 
-22.628258 
-139.465897 
-32.140024 
230.984813 
12.588702 
66.552010 
98.939593 
38.873401 
222.490154 
150.674118 
10.711403 
-611.118636 
-425.947945 
126.525610 
78.804246 
-202.755267 
49.478461 
-326.593710 
-125.400195 
-0.342627 
-294.435828 
-143.718805 
198.542894 
-67.985951 
-53.024551 
-416.022458 
-111.219763 
69.636518 
77.039094 
2.060703 
-54.750131 
-66.672294 
-77.727200 
56.246692 
-15.640973 
-108.454733 
32.821465 
32.819734 
-48.684068 
-133.000257 
-48.681981 
-107.626300 
51.218865 
-68.041964 
143.367424 
-113.654410 
176.531522 
115.173501 
-99.103658 
-59.482623 
30.420087 
-89.339816 
-200.894689 
-1.064852 
165.478307 
142.760542 
5.359665 
-200.411366 
-115.882232 
-23.462417 
-16.222192 
-227.188018 
43.335129 
659.394162 
-259.061545 
197.528723 
32.819417 
-238.626124 
244.333047 
-170.973898 
62.235904 
-274.223772 
-16.070290 
-152.121673 
-128.334811 
59.653202 
-140.050395 
-101.177672 
-0.949438 
21.765393 
-38.323281 
-81.457601 
129.939018 
188.665950 
15.592728 
-194.549574 
-102.470521 
-163.542120 
128.834419 
-70.296024 
21.765755 
106.821751 
-117.715697 
10.711757 
22.007036 
-101.598471 
10.711517 
32.820138 
-286.107911 
-203.865930 
90.354748 
69.499762 
-26.576546 
-114.521144 
54.930234 
36.844442 
77.039079 
-158.846422 
13.170781 
-30.765654 
-161.223745 
-82.073150 
73.109608 
-46.184462 
0.181310 
0.952759 
-55.708507 
-79.504913 
-113.955727 
-193.232702 
51.800070 
264.968725 
-104.154048 
-275.516801 
-136.648738 
-113.226123 
-136.139090 
-34.561530 
88.093975 
32.820713 
-327.114952 
43.875151 
239.126030 
-194.573518 
-245.769959 
-284.447869 
-66.403403 
57.181865 
-132.999923 
30.010601 
76.007909 
-193.418634 
-144.345967 
43.875593 
-130.589592 
81.060215 
-8.066580 
-275.045136 
-49.188314 
203.667599 
31.559167 
-131.745346 
-128.732901 
-252.337707 
-26.944152 
-132.998955 
38.257534 
135.266047 
-132.998860 
-55.223498 
-132.999580 
-233.386145 
-14.722154 
342.352256 
-265.005546 
-179.637766 
266.575344 
-72.478343 
-285.678501 
-74.041827 
33.937034 
88.094207 
-266.457304 
-28.516008 
180.155995 
-28.467353 
83.040281 
412.079115 
136.700867 
-51.279833 
127.463721 
88.094363 
105.551290 
161.177137 
353.406459 
230.233079 
126.062259 
-363.945243 
-87.771834 
191.189763 
235.400224 
115.259691 
73.789794 
65.989174 
49.661392 
235.740753 
3.707549 
-139.135801 
-23.494036 
30.385005 
154.798929 
298.131800 
277.634060 
218.075998 
152.999902 
70.331466 
292.829048 
569.021725 
202.946809 
189.530517 
-35.015755 
419.734485 
1.043597 
357.670837 
0.168100 
98.122314 
40.419470 
465.090585 
-70.537631 
486.062429 
-39.849474 
-70.616158 
69.457684 
0.230706 
-4.378448 
97.571146 
-50.464894 
220.943102 
-164.376514 
-67.571542 
-15.030767 
186.598295 
98.657651 
57.597833 
-42.168077 
-140.688605 
21.772758 
160.774195 
534.322575 
778.731296 
-59.193669 
27.392975 
120.317662 
66.955521 
-11.669517 
2.141792 
-186.785893 
-207.748806 
-103.723226 
12.015124 
253.912994 
5.208547 
-67.835580 
235.962524 
149.998065 
229.528596 
-131.343485 
-58.759293 
276.021342 
-167.146076 
-134.126272 
259.219616 
84.742209 
92.005449 
253.798198 
109.605924 
106.832032 
441.842137 
126.961279 
-115.806003 
139.099674 
-64.244080 
-84.507757 
441.839282 
207.038679 
-97.786514 
4.890728 
-23.481013 
59.917412 
77.037957 
213.378383 
-121.749615 
-236.900259 
-11.128965 
50.277064 
309.184529 
-193.016046 
32.818550 
100.685207 
135.591416 
119.516644 
121.146031 
93.034089 
132.537719 
-19.543085 
132.533262 
-79.990946 
-26.166070 
-195.344312 
-140.876679 
-153.501890 
-242.244166 
67.675470 
154.331095 
-174.457719 
-79.340457 
-176.173299 
147.648399 
-322.781018 
-399.224097 
-69.145084 
-116.859240 
120.319475 
-179.715523 
148.487877 
58.837633 
-25.001962 
118.404346 
237.555543 
231.804454 
-117.444513 
164.072274 
-143.468033 
32.819538 
-162.150145 
-258.710418 
198.070851 
-131.743872 
86.848012 
108.255227 
75.784284 
-213.791788 
-77.486378 
-137.838397 
-7.288690 
245.675704 
-150.763406 
220.749649 
176.531239 
-60.211342 
54.534962 
-27.141850 
301.580507 
-28.191681 
98.990679 
-218.880077 
-68.089708 
-300.971636 
-132.294151 
-40.218313 
-15.348085 
88.223433 
9.924584 
132.818716 
383.017347 
125.370500 
345.430200 
242.860718 
141.229662 
-0.342927 
-341.867031 
-254.638148 
-23.795771 
-188.122393 
325.556674 
309.188236 
30.723146 
-428.356717 
144.230610 
-232.335667 
108.592314 
153.862230 
-320.654012 
-328.118419 
106.214057 
-232.263375 
-58.710109 
253.915500 
172.643605 
-247.228980 
-48.027344 
111.085395 
-110.312409 
134.822372 
46.981917 
-4.391773 
-307.942778 
-157.005892 
-49.690707 
-45.693036 
50.559715 
-259.858998 
-143.253890 
-142.778413 
3.206713 
178.024742 
-32.535335 
17.360530 
-120.449510 
-239.006809 
31.010400 
155.738561 
-48.011032 
253.914178 
574.499635 
-202.876888 
-251.942794 
90.079249 
-184.101584 
-56.756110 
119.975032 
-626.210109 
8.834315 
-47.760897 
69.842905 
-58.691466 
122.158313 
272.180801 
192.649910 
-134.255311 
176.529731 
154.421243 
110.202113 
-33.509153 
301.372640 
57.641964 
272.348081 
206.358854 
83.096875 
-357.534607 
-117.954656 
140.924113 
342.903895 
-164.899792 
-30.942444 
-160.573530 
-102.749570 
-148.278499 
51.156424 
-80.203178 
58.278597 
-216.181866 
-285.249715 
287.077229 
101.134737 
213.242072 
-172.086027 
441.842331 
-142.463286 
-132.292591 
264.967465 
15.502202 
-130.953184 
165.476236 
197.165880 
-244.171297 
-216.030444 
79.800961 
-447.292705 
23.303129 
-76.490061 
-358.250395 
-28.973949 
-147.105519 
-124.580607 
-42.029877 
-201.092791 
-214.972991 
37.782795 
204.681361 
25.512515 
47.727977 
-120.149052 
-81.830316 
151.530760 
-12.282405 
-125.794346 
-141.476268 
-13.217987 
-47.255993 
87.129069 
-130.796919 
-29.596093 
-257.820929 
-6.249007 
-225.050263 
-199.288028 
357.458067 
-48.783061 
-6.773287 
-11.398824 
-197.056347 
36.422738 
68.149625 
267.398612 
-131.203457 
22.755976 
-11.590534 
-206.181571 
-121.945406 
-33.507268 
154.571986 
59.602683 
87.871220 
-191.951936 
220.749267 
19.230155 
113.110054 
-57.919355 
-360.012256 
-229.583256 
32.820279 
-1.049377 
-104.781084 
-294.654947 
95.292755 
-81.101649 
47.324073 
146.930671 
83.010043 
216.690427 
97.236979 
242.859159 
-483.983178 
236.642769 
77.416390 
-150.729064 
-200.871237 
105.811732 
-294.141849 
205.229400 
121.256602 
-81.445975 
-313.270822 
-18.570583 
-228.617411 
-200.642166 
-581.413494 
29.467246 
-207.505656 
198.639734 
-3.155468 
-65.992067 
10.709779 
331.296081 
112.327861 
-12.848328 
44.565111 
-77.725033 
-33.507055 
241.754183 
-180.166890 
-51.006760 
-167.378094 
115.048493 
40.811500 
21.762737 
-130.237352 
-55.616900 
-138.606362 
-50.297437 
43.891901 
-76.311208 
-18.158741 
-277.010904 
22.797735 
99.141540 
164.521012 
-171.643852 
-146.785766 
-90.840247 
-52.350158 
-74.978586 
60.395817 
-119.792988 
524.929293 
-234.942212 
105.353301 
-0.342853 
-122.005680 
339.890028 
-9.694685 
99.040667 
-200.886235 
-147.317197 
-28.290129 
-279.062697 
-87.299670 
-239.020938 
-25.220230 
14.130094 
43.875196 
-274.380255 
-51.202200 
-20.377474 
-633.998575 
-308.917425 
-205.224332 
-117.365884 
-201.602415 
64.571306 
-215.841836 
43.876294 
-82.515575 
-152.677619 
-33.508401 
-18.470738 
-124.031354 
-22.452773 
-44.562157 
-132.019170 
-262.644390 
-41.921627 
36.833049 
170.924153 
-193.049053 
-33.507011 
-52.109245 
198.640655 
-98.459843 
-96.573090 
-10.807427 
-271.140104 
-454.345278 
-41.739686 
-111.179573 
-190.370301 
-181.366095 
13.787506 
-143.184175 
-72.696501 
-139.458391 
34.688532 
32.819155 
-122.127336 
-20.591931 
-41.330641 
-203.484842 
-69.353300 
77.105749 
32.819605 
21.764324 
-116.646090 
-0.345141 
181.520859 
5.142893 
-62.289180 
10.062307 
-181.568304 
143.836683 
-133.001237 
-56.494717 
-151.400669 
-114.898307 
-412.093616 
-133.001305 
-239.054122 
162.188782 
-156.660689 
-267.936406 
-207.030052 
145.928781 
-122.013934 
-107.015583 
-137.017027 
-63.280148 
10.852764 
-133.001271 
158.912791 
-3.071340 
-133.002380 
149.318941 
-133.000880 
-309.074699 
-171.857686 
463.951717 
-171.345244 
201.685429 
33.119518 
-198.629041 
-353.492020 
138.206815 
324.707739 
121.257056 
-86.914278 
-291.915529 
-257.036595 
415.797730 
26.687365 
118.835508 
-50.113508 
-300.068879 
78.235604 
10.711179 
116.206439 
294.258835 
276.023404 
487.439477 
219.956499 
-565.480212 
359.951068 
515.388322 
216.180678 
151.364613 
-150.857967 
-117.082945 
56.389971 
321.642689 
-143.730079 
-69.842092 
214.232185 
116.921503 
354.240325 
331.298832 
83.551419 
-81.888169 
91.747988 
173.050231 
249.979251 
366.772104 
-265.822627 
-48.592015 
-24.395165 
397.626386 
-123.130851 
208.050909 
199.715461 
-12.734530 
-383.111120 
246.970325 
-162.858503 
77.040815 
200.619709 
40.536518 
1.882621 
41.289629 
16.009821 
106.700806 
-3.689799 
280.654832 
-333.280703 
34.446086 
6.021610 
-93.369642 
-7.266209 
187.271584 
-23.445765 
57.550817 
72.526250 
-112.740810 
329.648470 
762.428665 
-102.891703 
-122.623394 
222.199059 
278.948604 
60.936167 
-100.892240 
240.914920 
59.337789 
-101.287751 
-53.615787 
817.702299 
57.477122 
-9.976816 
-91.019176 
43.873856 
432.747684 
10.529569 
-101.542957 
353.404156 
-109.942039 
-29.564749 
196.380900 
-49.576659 
25.489737 
44.179851 
153.143068 
190.613633 
264.968754 
0.295936 
-112.343876 
-54.844684 
50.634506 
89.343568 
143.367470 
-24.357787 
71.901875 
28.031604 
278.652312 
-24.668849 
320.242814 
122.435447 
46.904603 
-129.405275 
114.325246 
118.437165 
-33.506516 
-129.170542 
342.351773 
226.023205 
51.716122 
-9.367979 
189.553555 
-2.924201 
159.426575 
-17.098620 
-229.081332 
-237.598420 
-221.155045 
4.965094 
53.241666 
-485.198680 
156.228474 
-0.397817 
267.114816 
48.713288 
-212.138247 
-222.832836 
99.348160 
-428.694232 
-393.274691 
-96.898518 
-58.949947 
-277.911262 
-181.165305 
51.302216 
-29.120078 
-134.481791 
4.861967 
213.756686 
375.515407 
-257.201152 
253.110541 
-320.286877 
220.749394 
27.453578 
-431.182886 
233.173476 
20.791706 
1.246153 
-9.926100 
-70.365493 
-281.961794 
156.361552 
21.667584 
-148.596298 
50.189128 
-221.386117 
231.803417 
276.023811 
75.587140 
251.568047 
18.131671 
30.780399 
249.148872 
27.068184 
-414.727813 
28.068844 
-232.828890 
128.898906 
-257.918658 
-98.843080 
-400.986805 
-65.225255 
22.669202 
358.465100 
155.103084 
-47.033124 
242.859857 
-8.570577 
154.422632 
167.388845 
-94.253358 
-13.150103 
-270.764235 
70.826279 
264.968794 
79.684121 
-326.443597 
93.437831 
61.503471 
153.325868 
32.850958 
-284.932266 
-81.400064 
-2.411688 
-108.413399 
-7.881791 
231.805444 
144.577221 
-257.548369 
-110.959155 
247.944391 
-80.311636 
-5.228443 
39.132813 
69.830895 
-296.185311 
-411.798655 
0.737581 
1.519870 
142.186220 
-146.428418 
-429.902143 
-255.008065 
2.265206 
104.220945 
-22.780647 
-86.263978 
-40.008027 
-361.703926 
19.987203 
125.184861 
-241.356973 
121.258451 
486.063275 
-408.548050 
-78.277446 
-30.761177 
-283.875901 
175.331411 
5.597689 
-484.503116 
105.353398 
-264.216770 
-96.320317 
-287.636908 
191.229892 
56.563520 
135.090158 
-310.628104 
176.530259 
32.819999 
121.257127 
143.367229 
81.768671 
-79.525439 
149.747349 
-11.856351 
2.282850 
-269.063170 
94.728192 
-7.752085 
344.326646 
-434.689050 
-112.888426 
-39.144008 
-18.320995 
-302.239888 
-40.828687 
81.336651 
68.993673 
0.131155 
-295.164845 
309.187401 
-48.163887 
92.739822 
12.844795 
441.843807 
-113.042574 
-241.131891 
309.187511 
50.831531 
35.618443 
209.695205 
185.375224 
-31.126824 
-201.490653 
223.513565 
-117.063414 
226.021926 
184.428879 
-22.216881 
-45.853471 
-159.043841 
-5.302328 
-34.367286 
-257.404854 
110.023119 
-5.552803 
47.394682 
21.568808 
-356.898993 
-69.032132 
18.653606 
47.264020 
-168.897514 
-134.639944 
-80.055256 
-185.654363 
-10.896990 
-121.885328 
-37.617246 
102.874163 
-346.133958 
-13.759856 
-172.057376 
1.995011 
339.727635 
-3.756539 
-29.991113 
-11.398167 
-57.763888 
-38.283488 
125.495746 
151.914868 
30.458569 
117.667595 
-156.677388 
-93.098786 
65.984497 
-11.398538 
-26.621489 
-110.925566 
-13.843770 
-262.708270 
264.968999 
-12.797112 
60.974151 
65.797086 
-4.581946 
69.440955 
-33.508446 
48.210466 
-93.638581 
-100.911005 
65.823468 
-11.808967 
-129.800984 
70.106283 
-148.889068 
133.065285 
14.144342 
132.312434 
5.874465 
-203.474507 
273.410238 
16.697166 
-289.670527 
121.506980 
-244.588126 
116.747938 
-0.343070 
-51.987457 
-152.999720 
42.660878 
-181.732916 
49.833006 
-57.662761 
-59.052047 
-157.592696 
132.312188 
-47.387384 
-55.501405 
10.711049 
264.968278 
-13.205147 
-18.507788 
-188.360604 
10.711403 
32.820430 
246.451251 
-156.581777 
27.845452 
-108.855989 
18.946042 
146.931153 
154.422043 
-46.634201 
-11.397233 
-116.154354 
95.922760 
-80.360509 
70.078834 
77.892193 
-145.010858 
-68.894628 
253.913907 
209.981413 
-86.047561 
-67.280904 
210.256741 
-84.790248 
95.813722 
38.886548 
64.223790 
183.052035 
-198.337715 
47.080264 
10.711517 
-20.535123 
154.281187 
-151.576406 
50.336474 
-182.758030 
204.368678 
73.204837 
23.620100 
-100.245013 
-133.544319 
167.484982 
12.213925 
-0.343534 
-194.553560 
19.564850 
254.822337 
-696.097706 
15.153472 
53.813456 
-130.484864 
-105.612770 
128.408486 
-16.047919 
-0.343484 
136.023454 
73.206987 
-11.398746 
-167.482547 
-270.641963 
43.874938 
43.875259 
-236.083893 
-213.559573 
-41.012314 
44.434096 
50.325311 
-140.766708 
32.820328 
-84.051854 
220.750449 
-19.996426 
-119.023212 
87.211686 
-214.258333 
-150.875013 
-66.435938 
-105.542294 
-107.680284 
69.717158 
-39.617355 
-190.278793 
-45.880612 
83.245632 
-73.008930 
10.711037 
98.261833 
-146.908222 
-155.891138 
44.110602 
-29.222768 
34.478570 
54.929677 
65.984722 
-245.758732 
65.984375 
-159.302690 
-95.172639 
136.236533 
-20.216632 
-266.101036 
-220.726054 
-132.999929 
-22.458491 
220.035831 
-183.646262 
-317.495513 
-132.999805 
-20.008829 
-334.825208 
-259.938757 
-52.972391 
34.570467 
-97.742281 
-202.525023 
-255.357539 
-90.373916 
-102.726928 
-58.014952 
-133.000217 
175.536961 
-278.535422 
-133.001027 
-83.411011 
-132.999986 
-255.070474 
-172.967612 
-121.945313 
-129.070622 
-144.935638 
-126.521390 
-136.245773 
-134.069636 
-133.000000 
-132.699278 
-121.945312 
-142.283352 
-130.757746 
-127.811694 
-132.644479 
-125.713799 
-128.616379 
-129.117535 
-133.038988 
-133.532148 
-133.000000 
-133.219912 
-134.381733 
-133.000000 
-120.722296 
-136.329799 
-134.819228 
-126.807677 
-128.036582 
-131.531208 
-132.825261 
-129.115626 
-130.667599 
-136.045558 
-131.559927 
-134.189077 
-138.827663 
-138.459485 
-124.507995 
-133.560711 
-133.000000 
-134.226009 
-126.748454 
-134.904980 
-130.780373 
-127.536566 
-121.960378 
-121.987480 
-131.850618 
-133.500123 
-121.945312 
-128.278029 
-128.804169 
-138.030741 
-135.138441 
-132.309082 
-130.778892 
-133.689613 
-133.000000 
-126.032481 
-126.365895 
-133.418348 
-131.704626 
-130.243004 
-143.182368 
-141.125611 
-129.340924 
-132.689314 
-133.109956 
-135.776929 
-133.774852 
-132.868540 
-130.156166 
-133.257154 
-131.153652 
-128.261858 
-130.454493 
-126.088089 
-122.636231 
-131.552978 
-130.144790 
-128.694283 
-136.642741 
-130.105435 
-118.179968 
-138.842422 
-143.995457 
-126.220374 
-125.039285 
-133.000000 
-142.459260 
-125.693987 
-119.740905 
-133.000001 
-132.179281 
-133.092500 
-125.101324 
-133.000001 
-132.501111 
-130.475067 
-132.384965 
-132.416829 
-133.123243 
-129.965354 
-133.163818 
-131.257887 
-132.999999 
-136.829014 
-127.245349 
-121.391789 
-133.092481 
-144.892817 
-133.000000 
-135.805665 
-130.236718 
-128.794699 
-135.879619 
-132.896917 
-132.999999 
-126.683160 
-129.733719 
-135.087168 
-132.377571 
-133.457486 
-132.999999 
-128.195504 
-133.000000 
-124.047427 
-132.758917 
-133.281926 
-129.400099 
-124.071708 
-131.882527 
-139.610443 
-141.178626 
-139.691307 
-133.583526 
-120.822971 
-140.586357 
-143.005748 
-131.617317 
-134.280528 
-134.728078 
-143.363769 
-134.931877 
-130.498433 
-130.436488 
-138.861171 
-140.882641 
-131.231122 
-136.945047 
-131.412623 
-137.109644 
-135.072401 
-137.377590 
-132.793833 
-135.239240 
-133.520067 
-121.945313 
-128.425229 
-130.789937 
-132.767884 
-133.000000 
-130.091962 
-138.122460 
-132.652906 
-128.019010 
-121.850484 
-137.626926 
-138.759360 
-127.976749 
-129.207361 
-133.443221 
-133.971977 
-134.782717 
-139.222778 
-133.000000 
-133.000000 
-128.982804 
-135.805666 
-134.942785 
-135.382317 
-129.766034 
-132.836348 
-129.202628 
-138.543465 
-134.301433 
-135.043896 
-118.608102 
-134.526211 
-128.678326 
-134.978852 
-134.707855 
-128.776127 
-132.158323 
-124.027601 
-133.000000 
-135.071934 
-133.000001 
-132.002824 
-129.416028 
-130.577693 
-130.799978 
-134.523003 
-133.000000 
-131.553550 
-139.908835 
-143.214781 
-132.922217 
-132.831308 
-131.277612 
-130.068382 
-128.428530 
-133.096641 
-133.999953 
-128.190570 
-121.945313 
-131.153251 
-121.208333 
-135.285925 
-134.731328 
-131.704626 
-132.713385 
-130.986059 
-128.225489 
-129.370054 
-124.851058 
-133.873119 
-130.405580 
-135.592002 
-126.313162 
-132.214789 
-134.356047 
-133.191311 
-133.333301 
-130.876761 
-131.473126 
-135.877290 
-130.913101 
-124.611407 
-136.821683 
-125.977642 
-133.000000 
-133.000000 
-133.226971 
-126.691944 
-125.617688 
-132.718285 
-131.483336 
-126.919578 
-132.610451 
-132.607798 
-138.790467 
-124.818798 
-127.230248 
-139.920917 
-135.766425 
-128.733706 
-130.695620 
-133.000000 
-133.000000 
-121.945312 
-133.000000 
-124.013999 
-135.894920 
-131.123124 
-133.685740 
-130.125727 
-134.954252 
-123.568079 
-130.622543 
-127.162969 
-137.409502 
-133.123347 
-132.278127 
-130.457263 
-135.540036 
-136.266134 
-129.199977 
-131.604553 
-129.794463 
-131.704183 
-133.000000 
-136.299662 
-130.076390 
-133.834016 
-121.945313 
-129.906567 
-130.780372 
-133.000000 
-134.614829 
-130.406553 
-133.000000 
-133.000000 
-132.427789 
-133.944172 
-121.945312 
-133.326202 
-135.102113 
-131.572185 
-134.759571 
-132.584481 
-138.007090 
-129.147208 
-131.755903 
-137.653204 
-135.918993 
-132.820646 
-137.363784 
-139.880365 
-134.935578 
-130.369689 
-134.563097 
-128.480616 
-128.603707 
-132.757770 
-137.427560 
-123.614805 
-124.026213 
-123.454030 
-136.919499 
-133.123243 
-137.543867 
-136.036229 
-125.449666 
-134.558990 
-134.189078 
-132.376102 
-132.022056 
-121.945313 
-133.072922 
-127.288861 
-133.455660 
-133.953499 
-130.369689 
-126.449529 
-131.480164 
-137.875455 
-133.000000 
-133.000000 
-135.590577 
-131.206328 
-133.216756 
-121.208333 
-133.000000 
-125.088482 
-131.107618 
-128.335739 
-132.294958 
-126.811939 
-133.000000 
-135.455836 
-125.578098 
-136.460669 
-129.891106 
-127.547106 
-130.300357 
-131.236259 
-128.662257 
-131.379927 
-125.711433 
-133.000000 
-133.000000 
-133.000000 
-127.617025 
-135.855864 
-133.002781 
-130.940323 
-126.360280 
-135.432269 
-133.000000 
-134.322864 
-135.353605 
-132.761379 
-139.218918 
-136.578471 
-137.900335 
-128.903345 
-134.653507 
-133.000000 
-125.430538 
-134.278201 
-133.000000 
-133.000000 
-133.912807 
-129.010798 
-135.432268 
-133.000001 
-133.000000 
-128.755422 
-133.000000 
-133.827020 
-128.907912 
-130.413790 
-129.160111 
-133.000000 
-133.000000 
-133.000000 
-133.714864 
-133.233008 
-134.646103 
-131.057124 
-136.933592 
-135.669663 
-126.421417 
-144.054688 
-133.330659 
-134.994358 
-133.092481 
-139.802921 
-127.591499 
-131.045468 
-132.308969 
-132.144244 
-123.283967 
-131.658331 
-127.522729 
-133.000000 
-133.273063 
-141.588771 
-129.292451 
-132.397252 
-126.802711 
-134.504926 
-139.499336 
-133.066241 
-130.417255 
-131.705429 
-131.976915 
-132.256526 
-133.000000 
-135.261245 
-130.995211 
-140.935920 
-142.716034 
-132.796363 
-135.318663 
-132.901897 
-130.921780 
-134.579214 
-135.533004 
-133.000000 
-135.562663 
-128.185966 
-133.000000 
-124.024546 
-134.771892 
-133.000000 
-133.000000 
-136.338295 
-131.284916 
-136.959882 
-135.575074 
-122.201175 
-134.929281 
-133.000000 
-131.801686 
-133.000000 
-135.421323 
-133.916823 
-131.688639 
-136.831821 
-131.069095 
-133.769424 
-142.133011 
-136.739877 
-127.867350 
-134.257814 
-131.565603 
-133.561300 
-132.295651 
-132.913299 
-133.000000 
-136.430383 
-128.172424 
-126.658403 
-134.759571 
-134.376994 
-128.137350 
-133.000000 
-133.000000 
-130.561055 
-133.000000 
-134.330498 
-128.137942 
-134.950845 
-131.923601 
-131.346617 
-129.584930 
-133.000000 
-127.555928 
-134.140812 
-133.088794 
-138.682896 
-133.000000 
-133.803069 
-122.523772 
-133.959142 
-131.209095 
-134.156790 
-131.752658 
-137.455023 
-129.312258 
-124.686197 
-132.029896 
-137.679905 
-133.000000 
-131.885240 
-126.108423 
-133.000000 
-133.994213 
-133.000000 
-128.917487 
-134.629938 
