-90.358360 
-89.652448 
-91.060402 
-85.541014 
-47.902114 
-6.179912 
13.000305 
11.885658 
15.110183 
22.351819 
16.605571 
28.832773 
32.394957 
33.283276 
19.885744 
-2.397138 
-18.631326 
-51.283506 
-48.171434 
-74.948156 
-45.401967 
-27.077886 
9.515953 
31.372938 
59.121505 
84.084061 
96.492739 
107.664629 
120.500802 
101.067517 
78.303241 
49.705432 
15.273147 
-21.552065 
-5.170894 
5.949014 
10.143279 
-7.398316 
-5.984815 
-10.735869 
-27.911023 
-25.435158 
-6.650438 
-10.043993 
-38.742966 
-22.415652 
-25.920831 
-7.917240 
15.108960 
25.722753 
47.567232 
44.574545 
53.069722 
48.726864 
42.499067 
19.169357 
15.108968 
34.516031 
53.670621 
54.894916 
80.408090 
86.633242 
108.695554 
76.943480 
66.888477 
53.111055 
29.025400 
20.382122 
41.489069 
42.167180 
17.624221 
25.503611 
20.151745 
9.475748 
2.101376 
28.419125 
33.962283 
37.179664 
22.885602 
14.679370 
21.177918 
22.979251 
21.856828 
5.000234 
3.632402 
-3.257430 
21.068275 
36.203569 
46.011795 
42.596664 
43.389276 
46.749928 
73.680065 
84.715181 
97.194549 
120.578653 
107.016418 
104.285222 
101.200347 
79.932541 
40.499983 
19.915392 
19.796061 
-3.040887 
-5.983528 
-2.431692 
18.775152 
27.896517 
30.889296 
25.673090 
15.109471 
26.767200 
23.768020 
29.551101 
27.235107 
21.179640 
36.203347 
26.879374 
22.070184 
-7.603330 
-2.337654 
-34.093315 
-27.077875 
-26.422585 
-5.984122 
1.182147 
24.481289 
37.248702 
53.161034 
44.514818 
26.652211 
-1.634034 
-11.071864 
-9.662468 
-12.697740 
-13.515242 
-29.005960 
-21.280316 
-28.815937 
-11.391748 
-18.769395 
-7.961351 
0.042816 
15.860838 
34.133222 
49.939807 
63.438976 
21.297393 
15.008482 
-13.764942 
8.655401 
0.576902 
8.537659 
-7.907187 
0.804095 
13.912054 
15.109819 
32.295299 
25.024137 
30.387228 
36.203670 
22.757395 
7.973849 
34.282368 
23.117977 
45.415781 
27.283397 
33.417171 
-3.694199 
6.309712 
0.694331 
-3.555062 
1.429092 
-9.863246 
-5.984295 
-5.984399 
0.397552 
0.516770 
14.159680 
4.103482 
-4.839308 
-27.095111 
-27.373791 
-32.038197 
-34.001295 
-44.918656 
-41.317951 
-20.932149 
-19.554358 
11.809500 
13.964670 
17.187825 
-0.247845 
8.546936 
-5.984581 
24.930884 
57.296595 
77.997621 
68.513244 
71.724836 
70.867903 
50.906413 
36.202797 
38.189996 
36.593478 
32.265385 
3.793973 
16.618419 
22.098923 
37.299135 
42.406693 
39.082095 
34.152841 
6.878746 
15.109210 
10.176493 
21.438070 
25.965228 
17.755995 
6.580104 
-14.539717 
-14.747232 
-38.070239 
-26.625792 
-38.641199 
-60.557136 
-52.051662 
-33.578693 
-37.904983 
-22.947196 
-8.506345 
-2.174705 
-3.072597 
-0.970990 
-27.943352 
-31.776144 
-51.996827 
-31.412996 
-33.468668 
-19.721488 
-16.531039 
-27.077695 
-47.602713 
-49.686019 
-38.546462 
-14.474700 
-3.041037 
31.574609 
18.674286 
39.114042 
25.359921 
17.935890 
7.812322 
21.247317 
34.405024 
34.408175 
31.366366 
4.562769 
-5.983985 
-16.530687 
-5.983807 
-18.232370 
-14.154220 
-17.543445 
-24.518472 
-25.967404 
-27.060923 
-17.542954 
-12.667792 
-17.449973 
-17.556446 
-11.312327 
14.931943 
28.731861 
60.338050 
48.795142 
45.637082 
52.863162 
20.057578 
6.343633 
15.109404 
-12.355770 
4.573178 
-7.499850 
-5.984217 
-3.306578 
2.535106 
-5.984275 
-4.843150 
-3.658279 
-5.984330 
-9.499964 
-20.841581 
-17.055604 
1.266685 
-12.209135 
-9.363901 
-9.881231 
-19.537011 
-15.541303 
-26.240466 
-53.238712 
-16.967834 
-45.586672 
-26.790797 
-12.851441 
18.354342 
21.596564 
31.275805 
44.390831 
56.118569 
71.423412 
54.563687 
34.764083 
23.580926 
37.766165 
33.530794 
44.222099 
37.633149 
51.046518 
22.674445 
2.834652 
-14.067467 
-3.538275 
0.948002 
-3.265615 
-3.104744 
15.109449 
19.248941 
28.752339 
18.375783 
18.297715 
23.296409 
20.427850 
34.783069 
50.531005 
46.750350 
36.203033 
5.015720 
-14.377868 
-38.578895 
-31.999469 
-27.077822 
-27.540142 
-5.846851 
-0.755977 
21.430633 
2.153928 
36.203327 
55.533174 
74.245202 
86.328731 
93.189478 
85.134249 
75.592153 
65.726600 
43.906795 
34.346814 
26.924289 
15.109512 
23.680060 
-19.827140 
-37.016475 
-39.323554 
-40.929914 
-51.981377 
-39.430924 
-29.373156 
-5.984176 
4.545360 
4.501919 
-15.445534 
-4.257729 
-21.021352 
-16.239135 
-28.258454 
-2.680492 
-5.983778 
-1.942455 
-31.899288 
-37.625317 
-27.078815 
-39.444872 
-13.183185 
3.673677 
57.297980 
78.390296 
92.148829 
80.500466 
80.610850 
43.161270 
16.564806 
-19.536799 
-37.625164 
-64.651789 
-27.079497 
-48.031344 
-52.327546 
-56.454046 
-57.617534 
-38.391922 
-21.083270 
-21.386129 
4.561664 
7.253008 
9.178357 
8.389859 
23.869304 
10.189596 
21.000626 
8.696888 
-20.098247 
-28.521514 
-49.901403 
-40.671138 
-27.078557 
-12.893660 
4.986891 
40.685381 
39.579139 
58.203565 
64.144409 
44.156862 
48.092338 
21.015481 
-1.963294 
-1.167879 
3.630773 
15.109633 
-4.451853 
-22.456591 
-41.044413 
-4.542167 
0.930538 
33.630130 
60.505177 
89.571365 
120.879801 
122.811628 
88.937822 
75.928098 
54.547576 
25.656787 
20.798528 
12.126231 
4.562736 
-16.530738 
-35.043232 
-61.449474 
-52.097205 
-47.870823 
-33.127427 
-45.610173 
-27.077812 
-37.718842 
-27.077628 
-13.498277 
-1.432722 
14.985666 
26.427813 
25.767046 
21.503799 
6.740617 
8.015993 
23.191708 
24.847273 
13.128691 
25.239425 
29.081420 
29.979118 
57.297394 
70.057912 
82.502904 
94.329875 
96.478940 
84.564799 
79.522139 
46.750256 
46.750566 
21.247622 
-27.077956 
-52.005023 
-40.723811 
-65.837588 
-59.078900 
-69.733675 
-55.838152 
-27.077780 
5.873148 
5.066182 
29.788355 
5.993385 
-0.051531 
9.180385 
9.247979 
-3.248475 
-3.598343 
-21.407690 
-41.439795 
-30.229385 
-28.457069 
-8.630778 
-7.472774 
-4.005611 
15.109640 
26.408139 
14.154028 
15.109394 
25.500392 
25.656435 
23.774499 
18.191754 
-5.984539 
-183.790875 
-54.627304 
60.548404 
42.745751 
-51.778282 
1.749636 
103.534925 
15.109276 
-300.696893 
90.005880 
-143.292895 
72.363796 
4.906800 
103.321281 
166.824265 
13.228456 
30.991897 
-5.984584 
43.384396 
4.136860 
-5.984881 
-42.845211 
52.968437 
-13.847177 
-118.180360 
-317.119805 
30.787048 
-134.791464 
-67.506180 
65.247433 
-76.146241 
37.859673 
34.390105 
-23.349002 
264.618166 
-10.871646 
137.164573 
15.109152 
32.458393 
-58.532256 
-49.730218 
-56.353309 
28.092285 
360.361419 
-60.803263 
-3.133362 
39.155787 
15.109234 
22.174439 
49.665934 
33.007113 
132.278271 
75.094465 
110.461000 
48.599322 
57.296504 
114.070619 
-57.033177 
-41.302897 
-8.222231 
-7.643379 
19.370960 
143.536997 
83.720367 
-49.112975 
206.316564 
-96.554234 
-22.261669 
80.094090 
129.486578 
47.345157 
58.683934 
242.749398 
23.074350 
119.302906 
491.694743 
-27.340503 
-6.785265 
-18.334577 
162.563834 
271.672633 
-23.243954 
-3.219734 
258.537725 
55.403460 
103.684882 
384.249484 
-31.075111 
249.357765 
34.377368 
260.499256 
150.455470 
-45.459817 
196.457181 
394.796322 
-43.945833 
-30.235970 
166.480370 
110.928004 
-68.886088 
-45.923750 
69.287135 
-34.092626 
183.858070 
141.310363 
-208.300423 
163.538023 
122.107438 
82.247741 
99.483387 
274.657269 
-30.867751 
46.648400 
-163.811175 
118.640249 
99.483942 
86.439080 
-257.724407 
-122.495504 
156.972796 
59.889337 
88.936398 
-306.969438 
162.763964 
-141.459054 
25.096203 
-133.050498 
121.163816 
-37.677099 
11.744817 
-224.000273 
-39.935780 
130.431770 
-14.394064 
-127.457061 
-117.516353 
1.496768 
-84.826079 
-186.073814 
63.183331 
34.224471 
123.948512 
-51.982398 
47.853600 
-302.360028 
-458.144874 
-144.847431 
-73.443624 
-36.087626 
-132.848630 
7.438789 
236.617141 
-76.657383 
73.382248 
-53.944661 
204.952378 
-126.737534 
101.195895 
-418.556700 
342.062745 
-46.706806 
-58.045690 
118.364565 
-50.561793 
24.016705 
194.948651 
-394.645814 
22.955057 
-69.444453 
-122.127993 
271.252123 
-105.818249 
188.646486 
25.656054 
25.655357 
228.444456 
-505.343965 
-138.942551 
-71.922724 
56.235254 
33.489827 
49.957869 
3.123551 
104.534444 
-36.408944 
-232.788556 
75.949733 
-36.366579 
23.740520 
95.029487 
22.695308 
-9.932271 
8.113688 
36.202228 
259.377235 
373.702526 
-373.585903 
-71.883209 
-77.721489 
24.268274 
-2.033978 
183.858760 
161.046539 
-282.617074 
-71.196008 
12.644918 
-82.374139 
50.864909 
-49.109297 
-174.425836 
-210.490986 
-45.468375 
-104.866016 
78.390349 
62.991523 
20.734015 
-129.472005 
84.257056 
-39.863484 
17.007987 
-98.674842 
109.780828 
0.486354 
10.249375 
-75.273047 
11.012793 
40.933164 
-232.071799 
98.939994 
-7.669726 
96.475974 
-29.997713 
-78.676767 
157.464196 
-161.191947 
-59.623408 
359.418040 
1.793882 
22.827533 
-5.984865 
99.483744 
-123.090012 
-232.825518 
147.015783 
-22.261296 
-139.376370 
256.880973 
-192.420470 
129.298694 
-45.406213 
50.172559 
71.004603 
321.890390 
-181.187445 
53.058269 
-99.003490 
57.296223 
320.968257 
57.296846 
215.499386 
578.407912 
-291.565451 
191.632879 
12.458970 
230.201448 
-104.261209 
-79.753592 
21.068407 
248.291346 
-182.300145 
-39.505998 
60.125414 
-80.749078 
-155.991543 
-69.341165 
30.588166 
173.083572 
-50.231601 
63.305693 
236.594067 
-67.121150 
21.601657 
122.416701 
78.390953 
100.769904 
-345.161928 
236.593745 
76.750853 
-96.161407 
226.047055 
237.999675 
-68.114009 
-44.694369 
-313.820796 
-144.332948 
-57.083745 
-76.265448 
-15.250114 
131.245238 
-111.923908 
-55.579185 
191.933000 
252.174919 
-28.437436 
52.865537 
196.355611 
-61.043564 
114.470307 
349.884720 
89.283716 
112.331869 
-45.266998 
-175.672760 
-67.845584 
99.631753 
101.222195 
-97.035278 
43.381785 
-132.166474 
-169.112253 
92.755452 
54.592792 
-34.262746 
158.140896 
-91.230542 
-19.081804 
226.047227 
37.153738 
166.571692 
67.464260 
147.913483 
-230.194377 
125.236279 
-123.056801 
-27.449786 
-5.983779 
173.312449 
66.782131 
-157.004193 
89.718751 
-178.248828 
-27.077582 
18.398259 
59.975606 
-26.193818 
-310.541643 
16.618433 
173.312717 
110.323213 
-66.530481 
29.202923 
-96.446347 
-174.337807 
40.946556 
-193.546831 
-18.357881 
52.436245 
-144.683211 
152.218776 
-34.328684 
-39.602505 
-83.581853 
-71.453355 
-122.253380 
79.800215 
-166.345739 
132.987049 
257.687122 
115.483049 
-163.445481 
78.933540 
-55.760568 
-98.881527 
-170.762671 
-164.774250 
18.902753 
110.030215 
14.759390 
-39.758333 
-5.984955 
194.403544 
-3.459425 
-8.475790 
-156.701186 
15.107172 
162.765176 
47.953260 
-133.250296 
-50.566602 
151.154281 
-2.413470 
69.875472 
36.200843 
43.454503 
152.217811 
72.218688 
42.176309 
113.768921 
189.071148 
-40.358607 
60.456119 
72.031399 
204.950679 
71.744238 
-54.000317 
32.108081 
-72.078641 
-5.580092 
-157.020659 
117.648902 
-1.103013 
195.601805 
-197.072225 
135.783895 
131.124530 
-198.585816 
460.796284 
126.884696 
92.404591 
-343.483184 
-51.624275 
-15.218029 
-89.074720 
-29.440041 
-102.414890 
-137.748609 
128.138768 
4.562044 
-174.650811 
-75.620554 
-33.714404 
-191.089408 
64.393898 
-89.940867 
136.613038 
50.943201 
84.070913 
83.929433 
-27.078635 
-95.162359 
-157.607041 
-5.984800 
-235.595874 
-285.387537 
15.109251 
46.749914 
-157.637706 
-170.399463 
79.846984 
-126.350182 
2.834099 
-237.030416 
25.655910 
-104.180811 
15.108563 
-18.931585 
-60.282466 
-34.995203 
1.469193 
-372.071280 
65.540287 
-185.350143 
-101.867239 
9.541424 
-160.632356 
-173.473892 
113.392408 
-284.715310 
-66.086399 
36.202446 
96.465089 
41.736561 
-355.881013 
-110.172288 
-54.300868 
153.310617 
57.296196 
57.296518 
-96.479044 
67.843221 
-160.750951 
-103.517986 
-87.412537 
-122.350350 
62.682389 
43.642668 
4.561948 
-4.528075 
-114.316422 
-225.114158 
-233.229272 
-114.090048 
-69.167016 
-4.775160 
8.779193 
48.126452 
-147.730421 
-88.898689 
-105.142510 
-153.508785 
-66.783382 
14.672570 
51.934226 
-5.984782 
-47.131537 
21.313867 
25.656159 
46.881535 
-122.000219 
-216.949235 
-22.142105 
141.669624 
14.796062 
188.449277 
298.072518 
467.000490 
-190.508503 
1.749885 
291.930279 
120.577503 
-254.081836 
308.306614 
46.996186 
139.380114 
112.252792 
263.777602 
498.585409 
52.222221 
228.101495 
278.777883 
89.801999 
-128.337800 
405.342917 
162.916160 
220.930608 
86.356422 
212.177487 
-336.847720 
-24.824341 
257.176439 
113.943462 
114.779022 
-27.008759 
200.607711 
216.032592 
188.958531 
208.297888 
195.929574 
218.627909 
120.574821 
283.404478 
68.226745 
-301.843870 
-175.406229 
61.081316 
573.986439 
218.429774 
-132.929474 
-69.460215 
352.609872 
17.080967 
558.692279 
248.618419 
357.856386 
84.324894 
169.735790 
0.224271 
869.404500 
15.717612 
137.462302 
-48.174453 
42.142831 
39.492956 
-167.907636 
115.679910 
214.177794 
-126.558637 
211.150819 
-48.851978 
184.188036 
150.256757 
463.302067 
139.318849 
29.769886 
-23.262965 
170.669313 
193.468062 
652.010574 
-171.733224 
94.800585 
-54.650661 
37.916295 
288.631596 
150.809708 
-49.585307 
55.308147 
154.525643 
-177.929100 
447.532769 
-31.145172 
325.472687 
222.593191 
305.499695 
288.420078 
-31.985134 
72.170254 
299.872069 
-197.097583 
23.836902 
217.313508 
55.531417 
-219.038837 
-101.140522 
197.518226 
-259.859035 
268.229160 
134.957064 
-351.085919 
302.819166 
34.944006 
187.489234 
131.121487 
169.632252 
-195.602478 
17.472298 
-253.443386 
135.198481 
162.765260 
188.224147 
-391.785346 
-304.136600 
168.911618 
45.039967 
25.656122 
-286.397113 
247.139134 
-261.745864 
54.886262 
38.373194 
163.297609 
-269.442571 
213.463039 
-296.904075 
-253.886242 
143.784490 
90.423469 
-17.411421 
-166.654225 
-324.645431 
-221.623728 
-235.604565 
44.772556 
104.100052 
-41.095919 
-413.745470 
120.167691 
-508.961941 
-388.400078 
-270.829969 
69.197273 
-39.445571 
-135.621559 
-7.614839 
209.781662 
-109.625681 
124.263140 
-10.692124 
141.671227 
-154.075852 
-59.976538 
-174.268082 
162.764739 
-81.300214 
-89.415038 
-7.526901 
-20.115248 
-11.370498 
195.825606 
-368.192302 
93.701222 
-55.031937 
-101.470897 
232.918131 
17.728472 
0.203688 
78.391593 
204.952285 
440.960200 
-145.367130 
-73.201332 
-93.755034 
-58.572342 
587.827023 
-26.958773 
-7.786618 
-109.408064 
8.217391 
-238.457058 
172.783382 
129.908369 
-30.515979 
39.915392 
101.354454 
39.000122 
68.559259 
436.984267 
178.448399 
447.531105 
-331.174479 
-124.407353 
37.447496 
106.272016 
65.160313 
278.780690 
-94.676510 
-444.625727 
-61.181336 
-573.834887 
21.985831 
337.646236 
-147.086934 
-161.488346 
-247.108621 
-122.246079 
98.593944 
426.435677 
-50.088008 
54.483148 
-231.778915 
126.985091 
94.874518 
154.145597 
-200.757480 
18.660212 
-234.198641 
11.956738 
-122.532201 
-16.024059 
-61.735285 
-253.534796 
48.242241 
158.241233 
-82.903139 
-103.376203 
-47.961140 
74.699001 
-7.157866 
-13.326436 
151.931349 
-132.785903 
28.897493 
141.670363 
468.621079 
-382.601243 
-45.867473 
-162.880378 
65.575939 
11.142462 
113.907780 
-493.367851 
72.457056 
91.818260 
191.387629 
-93.641260 
296.006024 
-231.756664 
4.492952 
-123.647200 
88.932187 
-48.173747 
110.027480 
36.199678 
203.379767 
-114.121546 
349.602188 
-11.696328 
267.380881 
-315.337384 
-126.196419 
29.456683 
320.092146 
-212.241835 
-25.590612 
49.325015 
-43.065887 
-366.485037 
-72.011288 
-234.802417 
100.215948 
-167.330576 
9.572264 
46.748931 
60.933386 
-99.403403 
-150.609509 
257.686890 
-177.485662 
-296.122437 
-5.985213 
137.410261 
-119.412402 
342.061899 
46.747887 
-97.574137 
-251.836589 
-414.015026 
-111.186626 
-40.259552 
-12.698510 
-194.990084 
154.069053 
-118.746433 
172.019283 
102.885462 
281.918780 
-118.308701 
73.373442 
165.665722 
-118.128114 
-51.883240 
237.404621 
68.166296 
45.099808 
-96.827066 
-97.509769 
-234.719165 
68.266768 
233.923091 
-123.966371 
-247.932715 
-187.397669 
-188.664802 
328.435541 
-110.249213 
11.524181 
103.532167 
-85.017519 
302.455019 
489.717256 
-517.028269 
199.434632 
-19.973562 
4.121995 
-173.924782 
105.947600 
-332.993476 
-175.096023 
183.857608 
194.405684 
221.216861 
-124.798079 
78.499664 
-223.251359 
278.779136 
-117.370201 
122.706511 
-60.414764 
-405.349022 
-183.277573 
67.842922 
167.898189 
25.160075 
-211.825093 
-195.746483 
128.976846 
124.973691 
-96.261644 
-8.634182 
-56.863791 
-154.072284 
36.204240 
-201.102909 
-212.306387 
100.939330 
-238.469485 
-41.909133 
146.391012 
-256.872134 
242.708486 
-27.076782 
-99.234891 
-247.555318 
10.386082 
118.950989 
-35.717512 
-446.172574 
65.050398 
170.275790 
36.204629 
35.763029 
35.744209 
183.861423 
173.312691 
-63.823761 
13.543267 
-187.601320 
194.405667 
173.312556 
91.669590 
-122.001850 
-215.705928 
234.063185 
191.326814 
39.577754 
131.123284 
-339.531994 
46.748553 
-57.916239 
103.718946 
269.249408 
245.376968 
-169.528788 
-49.795376 
294.566854 
183.861796 
232.225518 
-128.384998 
-10.055402 
-179.975408 
102.651599 
-177.109946 
-13.308859 
-49.981407 
151.185970 
-109.391073 
210.891722 
88.940121 
-156.223770 
165.508195 
32.694003 
169.544050 
-191.710345 
-11.940940 
45.616931 
-175.674237 
26.147043 
-2.752250 
-75.465644 
-52.657859 
-37.622795 
-249.837990 
8.214865 
-144.223036 
-330.836782 
139.039429 
-124.935826 
44.350935 
62.215865 
-56.081626 
-72.093719 
-58.717542 
-85.763771 
-205.250423 
-48.170186 
-218.021025 
-249.961402 
-27.076756 
-27.078323 
-176.658947 
-162.986888 
-215.380247 
-122.900309 
-17.860166 
-302.114620 
46.748798 
-90.586240 
46.748861 
-123.777485 
-108.601477 
-104.480210 
100.057144 
-307.588473 
-21.614030 
-223.425877 
-133.058085 
40.673507 
-40.838515 
-124.851764 
-123.429618 
-199.512809 
-47.653626 
25.654437 
-36.388233 
46.836945 
-293.941876 
-258.272750 
8.378168 
133.054459 
-5.986702 
67.841857 
-141.106593 
-16.533214 
176.356928 
-99.801792 
-55.288906 
-253.583042 
-40.259506 
97.217887 
-58.719629 
12.842373 
-99.276533 
-161.801873 
-306.040421 
-96.952942 
-82.783650 
-61.084178 
3.125517 
-258.802065 
-134.050940 
47.499360 
-145.121504 
-231.524495 
-27.169217 
-95.482182 
24.566287 
-79.811386 
-122.501486 
-17.650863 
-121.997734 
-52.226723 
-121.997101 
-282.592853 
-89.652917 
268.236511 
98.327003 
-208.029741 
161.193234 
-51.029925 
-201.444100 
125.501556 
-64.834983 
226.047533 
-295.412318 
172.871015 
-66.982717 
118.495325 
17.262328 
376.003963 
128.462941 
-154.713932 
80.686772 
120.579495 
262.700705 
168.929579 
120.578291 
154.782275 
304.219931 
-234.062664 
47.359926 
-61.635732 
200.399183 
160.002477 
102.284912 
375.924563 
-15.450013 
126.497537 
25.114946 
138.251093 
13.757440 
152.540995 
-194.524139 
247.141876 
329.476468 
157.907087 
-90.436008 
237.768829 
34.794909 
526.353486 
263.723923 
171.929299 
-242.905037 
257.685608 
-18.221584 
422.447454 
-179.758254 
263.406355 
-23.783466 
340.633632 
-35.141002 
405.342998 
101.927223 
60.553489 
129.617009 
153.690462 
211.098190 
82.101117 
-9.515619 
316.149422 
-157.384876 
186.595690 
-145.724569 
-158.180889 
307.585963 
-122.025005 
12.058426 
191.819689 
-13.994697 
56.181382 
245.488458 
892.081754 
118.950431 
52.331030 
54.972584 
182.597702 
128.509684 
-91.135959 
-123.245637 
-88.370872 
-80.222257 
-88.164177 
152.216470 
13.926956 
474.079378 
135.130307 
136.748971 
235.877694 
33.123067 
-133.358723 
363.153584 
-153.813081 
132.629811 
159.160739 
-52.193436 
213.541556 
-110.741571 
3.860782 
-156.829730 
331.513084 
418.323256 
-285.430720 
-168.683811 
131.009629 
-151.982692 
141.669814 
218.753142 
15.109245 
289.483537 
-327.787123 
-73.810457 
226.044964 
139.277550 
-254.155693 
-32.723684 
319.881558 
-35.989565 
-48.171295 
63.591666 
552.993519 
23.435598 
58.172120 
-38.475574 
416.315485 
-287.873157 
134.623844 
-100.471597 
102.264037 
56.658447 
-114.392896 
-51.384165 
102.841917 
-432.841630 
-58.618277 
17.828405 
-34.234757 
36.863585 
-61.997772 
-271.589902 
235.998309 
-147.239551 
-175.985089 
-70.126288 
-133.523713 
273.114200 
159.947053 
236.293397 
119.177300 
-81.872328 
76.061720 
37.553267 
405.342635 
166.289106 
-200.340257 
-347.988674 
342.061034 
-19.476696 
-125.260325 
63.936326 
23.836205 
43.216084 
71.930938 
-233.818779 
19.357314 
-74.024983 
-168.398454 
208.560305 
-38.501206 
-320.106767 
57.298298 
268.236527 
228.909750 
227.005367 
-57.570792 
-104.844018 
68.869704 
73.642128 
-244.923121 
40.223990 
-126.003664 
-150.830041 
-143.421033 
191.790800 
-42.656183 
98.663117 
450.879112 
-52.158295 
-86.706608 
-91.656210 
310.427210 
46.368768 
426.439809 
-295.277085 
-107.682110 
-211.879286 
-20.813846 
12.763791 
310.423158 
-17.823700 
-904.054964 
-477.618703 
343.112154 
85.469177 
313.062778 
-99.377335 
85.234720 
54.308312 
-51.532657 
-180.540271 
447.529564 
18.480403 
-252.780233 
-173.230489 
41.609783 
-257.634637 
-221.551466 
33.455524 
316.165041 
-35.770947 
-131.911524 
14.404445 
-28.346049 
-10.633432 
-143.373089 
177.568678 
202.211949 
22.700130 
53.318450 
-9.405678 
-41.021649 
217.220453 
-212.546995 
78.412734 
-219.561531 
-58.919352 
78.392350 
426.439290 
-397.363664 
-134.544595 
-12.326644 
32.294653 
3.339035 
267.758884 
-416.078811 
106.172268 
-161.941575 
106.707848 
-197.122565 
133.782060 
-34.018751 
72.482743 
41.237339 
299.877139 
25.661993 
236.598694 
162.769895 
-96.244813 
-95.157509 
222.574753 
-69.467408 
126.553078 
-183.876060 
-329.260410 
73.396220 
372.165988 
-82.800864 
-50.520590 
-136.051745 
-18.923481 
-209.828041 
6.536959 
-150.239357 
-72.140629 
-220.241185 
-131.206679 
4.564789 
-173.707551 
-241.363673 
-2.032817 
236.595577 
0.308011 
-163.543536 
36.204590 
114.916813 
28.585653 
363.154793 
91.754038 
-142.038304 
-208.677042 
-178.030753 
27.321701 
-60.939753 
36.423708 
-33.708688 
100.793120 
-208.948404 
-82.576906 
-147.314069 
-32.341387 
-262.614245 
16.562939 
117.023077 
-223.119757 
-121.379699 
-156.691252 
49.248747 
-25.094245 
136.323009 
53.356589 
-131.292580 
76.839374 
-69.048755 
159.150961 
-36.005384 
-303.257819 
-336.639223 
132.147644 
-219.702492 
-40.897515 
148.860454 
-50.239623 
75.928166 
552.998920 
96.440491 
145.402900 
82.579636 
105.513328 
128.076575 
73.150449 
-175.230779 
-215.991993 
173.313412 
120.577063 
23.680462 
-93.396040 
-308.116745 
-313.246645 
278.781697 
-159.592811 
-68.570435 
-56.347651 
-23.191723 
-207.302006 
131.124534 
21.766812 
5.249607 
77.086100 
-120.937071 
187.794634 
25.924026 
-21.395983 
96.971016 
207.050708 
86.913898 
57.296666 
-63.336313 
-162.208854 
113.022840 
-28.641157 
-50.533732 
162.457120 
-76.830981 
159.340855 
15.108591 
28.775810 
-332.026474 
34.159539 
-52.691856 
-143.903332 
-229.618508 
-69.706647 
36.809300 
-27.075927 
40.958336 
-30.856884 
120.578594 
131.125322 
-3.883202 
72.502097 
-221.055306 
215.502537 
194.407079 
122.577411 
-43.248618 
-192.708453 
50.772428 
159.019483 
-42.094584 
173.308149 
51.362242 
78.388702 
120.321000 
64.828466 
29.611229 
196.005875 
-231.641323 
-241.444637 
100.034174 
162.762004 
-127.557761 
67.990350 
-48.986262 
-270.724035 
-228.159138 
82.231231 
-128.794548 
-32.337900 
140.389605 
-36.650064 
279.947389 
88.937127 
-253.718791 
94.649049 
-122.750896 
32.361812 
-178.360152 
52.160833 
-323.488336 
-300.153192 
-60.313796 
30.739482 
103.649094 
70.575631 
46.748711 
-170.105082 
107.306519 
16.484307 
-471.531468 
25.388327 
-223.721484 
-116.948089 
-41.440223 
-15.801408 
-250.367981 
46.749050 
-168.158828 
-158.779514 
36.203025 
-287.132901 
-322.126614 
36.203232 
36.203035 
-139.541162 
-296.901124 
-60.912819 
101.474706 
-50.067228 
-176.153555 
67.841774 
-112.526736 
4.561695 
-63.817682 
124.861524 
-49.029256 
-131.476415 
-129.547621 
-35.638172 
-4.768377 
-82.863796 
118.202384 
-32.316468 
22.372047 
-127.145008 
23.493726 
62.675409 
-16.530171 
-89.799167 
87.212139 
-246.334425 
-139.175608 
187.472579 
-7.369529 
-48.171260 
88.937720 
-77.016507 
-16.531093 
42.263965 
-124.238145 
-53.899046 
-64.473613 
-213.903597 
119.781091 
36.204322 
21.120969 
54.382795 
42.815217 
-260.882975 
-154.298908 
-64.624751 
40.494677 
-143.701509 
-53.149889 
24.358938 
73.225854 
-147.241787 
-160.189564 
84.827227 
-56.965944 
103.793988 
46.751458 
-59.525756 
-156.695836 
-121.998386 
-4.982764 
-121.998965 
-290.594963 
-322.082910 
331.517374 
49.279839 
-58.442990 
259.975147 
-45.518141 
-314.996112 
-121.999498 
156.195510 
320.970065 
-187.733562 
40.135718 
-53.258283 
37.199457 
76.268143 
327.488231 
89.641851 
-109.892706 
174.784452 
131.125216 
67.521675 
301.370146 
342.061807 
193.546615 
248.104009 
-231.701672 
-22.491355 
183.378192 
244.336765 
144.059824 
-173.106852 
99.003304 
144.576903 
64.167396 
292.529556 
-205.217514 
129.006208 
-2.468416 
2.272632 
595.186438 
436.461402 
-62.448916 
-59.181675 
-12.157108 
240.778929 
653.377658 
159.754354 
-255.325830 
79.709489 
226.043960 
263.088193 
136.656297 
-118.301903 
50.503639 
-51.470921 
-102.123173 
186.617582 
162.763394 
237.934454 
-103.781156 
53.819186 
-170.865395 
66.808466 
-141.766842 
82.251681 
171.424289 
-119.481973 
156.882808 
-7.679706 
157.850104 
361.643491 
61.480904 
65.743462 
-15.373225 
-41.770207 
-56.600562 
307.336888 
328.040922 
-75.934572 
-66.058871 
114.171379 
137.600233 
160.574439 
-76.117866 
-50.118735 
-173.977806 
208.447752 
74.236841 
120.577749 
177.125850 
5.779709 
-116.146466 
226.749028 
42.775200 
36.262335 
-17.634592 
236.593550 
-62.733412 
226.530462 
-2.703914 
39.738061 
-332.837867 
-93.415998 
29.352940 
-42.580251 
531.907630 
99.954434 
-312.839595 
-27.104153 
-107.413545 
21.146603 
120.581671 
-51.542568 
-127.517642 
-20.306643 
-147.280866 
-24.859675 
257.690278 
19.049931 
-256.564688 
-222.939743 
-1.037329 
68.688345 
162.767055 
58.627180 
-48.169024 
21.313811 
28.944711 
-76.943515 
289.231311 
-230.816794 
0.622883 
-85.104019 
-59.357476 
57.713025 
-119.377353 
0.849826 
-234.249757 
-192.140913 
-97.435341 
-195.031623 
-16.014053 
-326.344006 
-28.652220 
-279.039204 
143.396227 
-246.237422 
-376.098380 
-5.205309 
-338.858532 
256.249215 
131.609342 
-123.734708 
-26.109981 
-162.566918 
78.796348 
16.051470 
36.203173 
108.309579 
-117.385926 
-128.287941 
257.690092 
-173.109249 
-328.004376 
58.424087 
68.338442 
-13.618782 
246.237025 
-273.667056 
-101.045877 
122.857202 
-85.330526 
85.049448 
-97.788592 
-317.127168 
162.764288 
257.687605 
286.891046 
-159.544463 
-54.903561 
-65.974800 
-16.697806 
-61.711127 
128.697511 
65.001173 
138.406162 
162.985619 
41.019271 
173.310371 
21.139597 
81.825434 
110.633072 
61.264176 
381.418297 
-24.622467 
552.999570 
263.908932 
299.874074 
-266.503018 
-147.513183 
-150.494653 
-81.215744 
77.158627 
331.515360 
175.249555 
-216.023465 
-234.235733 
19.014653 
67.702955 
195.900951 
-86.436297 
181.996469 
134.980585 
-298.675958 
167.221241 
278.780915 
271.489188 
204.248949 
-298.205147 
-185.038823 
29.527814 
50.260007 
244.080414 
-50.864803 
29.983555 
-211.840413 
-14.166673 
97.266531 
53.385431 
42.182965 
-21.209018 
211.046407 
38.747032 
-70.857808 
-59.969365 
-13.397108 
-109.206676 
72.740682 
106.765661 
-174.093425 
-78.833977 
574.094192 
257.688780 
-274.195119 
-202.468631 
-102.781932 
53.907238 
354.193643 
58.991134 
-373.075612 
-23.161103 
142.358901 
-22.269875 
-36.518389 
165.841313 
34.211224 
-40.091170 
-158.578282 
15.108860 
15.108038 
226.047069 
405.343688 
-51.544257 
-167.201770 
222.005351 
-82.991803 
163.238059 
54.051438 
-101.679242 
76.525176 
250.282123 
-236.016536 
-40.288986 
105.190732 
59.899780 
-245.069795 
-43.655426 
-228.345809 
-46.309874 
-30.782917 
-34.534400 
4.560690 
-171.219588 
-219.147888 
-41.904364 
-27.080894 
40.154565 
-784.366094 
78.388050 
436.899413 
112.915656 
236.591364 
24.250593 
-242.384522 
-11.235094 
-344.804629 
32.439882 
-52.519598 
123.708170 
82.836709 
-8.723667 
-193.227453 
202.742088 
-197.037314 
75.457113 
-38.112053 
-177.781619 
113.914479 
6.773956 
-90.416789 
149.446393 
108.491039 
-62.248595 
-153.466827 
-45.209577 
-26.277215 
96.449101 
365.644867 
-182.221550 
-137.714627 
120.675037 
-183.103655 
103.606944 
-79.871675 
-56.689391 
22.529915 
7.314484 
385.666860 
236.593235 
-61.515234 
-106.233161 
-69.776635 
64.045499 
33.432443 
236.009920 
-74.708519 
24.379121 
173.313436 
152.219455 
-0.808996 
124.853463 
-85.705022 
136.749164 
46.751007 
200.626466 
-176.714306 
70.881402 
37.019839 
-111.966210 
36.203668 
-3.843356 
-291.186477 
80.383501 
45.465955 
88.301431 
2.951571 
-21.970205 
-266.830345 
147.782265 
-83.458341 
152.219631 
262.299639 
-383.035058 
130.092344 
61.730601 
-36.210436 
93.765705 
-259.726097 
115.406655 
110.030679 
-238.654819 
-174.556027 
-105.893844 
-115.372868 
20.565005 
-405.834284 
-152.654230 
-163.042767 
36.205618 
-64.776954 
102.325752 
131.124269 
46.750897 
-108.720225 
155.977840 
-181.317122 
110.032773 
36.204760 
3.261357 
-268.247563 
-4.841846 
62.648277 
-82.695566 
43.829648 
-5.983084 
-137.817953 
120.581422 
228.434876 
-142.645167 
73.923795 
-4.355594 
-37.542310 
-246.994225 
222.641538 
-248.557822 
119.252102 
-120.204901 
106.335208 
-32.034517 
-17.408389 
142.577802 
72.680151 
23.762591 
723.485364 
-87.432915 
253.581135 
25.656228 
-95.870142 
-4.626541 
60.309099 
151.624006 
-92.065993 
-25.341415 
-87.081998 
-181.784976 
-33.190982 
-268.934087 
1.691656 
-6.101268 
-58.717267 
-193.408378 
1.042650 
21.431020 
46.710612 
32.883384 
-150.782994 
-280.441868 
-49.587734 
32.653344 
-8.626104 
-48.171306 
-84.955614 
-297.938403 
-16.531482 
-185.199842 
171.362713 
-27.077872 
-5.984765 
-174.742669 
-286.643279 
-72.326824 
56.205670 
-115.759961 
-243.839178 
4.561849 
-58.087492 
15.109327 
-110.336489 
98.155643 
-68.647260 
-74.955604 
-327.674854 
-181.555112 
-191.087220 
123.644513 
9.439472 
-156.347540 
-13.105071 
-164.391771 
-53.958922 
-40.750708 
36.202500 
-38.495702 
148.711980 
-178.242900 
-159.739546 
-117.395701 
-122.691552 
152.217731 
15.108827 
-484.269686 
46.750079 
-350.384472 
-61.113526 
-254.139743 
-85.726581 
-168.970950 
-80.610725 
25.656275 
53.770254 
-163.531807 
-36.241135 
-69.936145 
-91.678613 
-28.712809 
-89.785875 
-132.492228 
-46.110406 
63.852622 
-150.730953 
-32.534126 
-192.567737 
243.291628 
-223.881897 
188.325119 
-122.001203 
-99.294105 
-64.263026 
-121.999470 
28.562308 
-121.999566 
-281.103484 
-91.920495 
310.423676 
39.958854 
-116.060440 
392.063282 
-96.123180 
-291.947436 
-65.747870 
-185.049520 
447.532808 
-424.784482 
239.249050 
-129.712082 
-5.328653 
-4.858550 
504.105698 
171.822375 
-133.590953 
63.834306 
120.577298 
43.110053 
350.348619 
204.952814 
101.694335 
72.444683 
-198.683653 
-177.133026 
609.089683 
327.869396 
53.503268 
-233.246932 
20.605609 
5.797942 
112.315929 
26.125786 
-354.724217 
182.181777 
83.217782 
-77.137048 
510.808698 
407.698373 
-21.111108 
52.981732 
75.146824 
338.751656 
580.358733 
66.018302 
-270.552562 
-202.763197 
57.296383 
-25.241533 
110.961976 
12.598226 
-62.574524 
-0.054598 
-153.077768 
205.720744 
247.139078 
16.098837 
-264.530804 
-67.458035 
-301.156584 
130.733143 
-158.960879 
60.317592 
44.011797 
-153.404846 
-72.817946 
-273.100446 
422.799481 
188.127480 
229.358712 
-0.822897 
-185.314540 
-98.175278 
57.016947 
432.703993 
-152.891164 
-75.022245 
-41.419673 
-129.876376 
94.166050 
47.668189 
-45.751329 
-377.750612 
-174.248768 
-67.279300 
-3.505969 
268.234991 
-94.255844 
-13.313155 
-73.269385 
148.001119 
151.821828 
0.899147 
130.727373 
299.872398 
-0.907038 
-47.612223 
-7.302252 
-234.131852 
-85.790735 
-26.689037 
198.618071 
160.549658 
405.343142 
78.518932 
-298.180854 
187.448672 
86.118439 
-61.095863 
616.277686 
-25.985408 
87.073104 
134.697712 
-81.756747 
63.921743 
36.200562 
149.223402 
-148.424040 
-19.160968 
-44.321393 
8.987037 
658.467364 
-342.140210 
120.575419 
45.578614 
207.361374 
158.590621 
260.379584 
112.531219 
113.140850 
-29.012391 
94.385529 
173.077965 
-4.981494 
-252.072502 
23.215130 
-72.303195 
-64.423418 
69.566637 
64.574917 
-413.359385 
65.357150 
-162.208664 
118.447511 
-78.021086 
-273.085927 
154.618828 
-149.176901 
494.453912 
-33.975942 
51.918782 
4.411588 
-139.683173 
250.776206 
-25.627922 
183.858496 
75.153642 
-134.272659 
-181.700942 
183.855806 
-50.777637 
-155.502602 
71.207360 
218.723243 
74.022199 
171.868822 
124.816318 
-131.543868 
35.693585 
25.194022 
-103.054187 
64.087373 
-510.055418 
278.776540 
284.049395 
38.759335 
-130.985774 
-223.288872 
-143.242946 
-187.952688 
55.059591 
-225.533537 
-39.347553 
-42.138963 
-15.961343 
44.772304 
-140.808725 
-66.702586 
115.021109 
5.392837 
137.319142 
271.431892 
44.240975 
363.154720 
300.832794 
363.153612 
-436.657593 
-218.265564 
-237.582102 
74.706842 
165.722878 
405.342679 
49.552245 
-442.169501 
-248.218104 
-5.834311 
49.423685 
-22.661641 
-112.413634 
-90.305831 
188.851466 
-129.127040 
-126.643981 
78.391640 
372.995414 
162.766040 
-219.051558 
-174.731050 
67.984157 
232.316667 
149.864313 
-81.676770 
-229.640584 
-259.861879 
115.812258 
65.448239 
81.848712 
139.053743 
42.769125 
-8.610277 
-26.780730 
53.390053 
-117.926465 
92.337049 
-132.360041 
-171.450883 
12.664793 
-148.977946 
-151.100962 
384.252206 
289.327996 
-96.100042 
-332.030422 
45.786255 
-200.571233 
-92.167234 
-136.125427 
-331.129867 
196.006090 
161.566028 
108.427612 
-57.131417 
248.046762 
532.145413 
263.799335 
-58.598313 
78.391047 
299.875210 
405.342296 
183.858264 
-3.484092 
-100.409045 
328.577619 
177.107837 
105.958999 
-156.022411 
30.547539 
69.255128 
220.989598 
-74.401832 
-183.254559 
27.203975 
-170.953067 
-278.229643 
-39.040144 
-65.261146 
186.023777 
-5.348451 
-341.985994 
-5.985354 
105.720625 
-23.570648 
-243.757699 
78.389899 
-61.271442 
-211.595261 
426.437031 
95.739857 
59.577061 
299.875268 
35.497935 
-101.400511 
-90.668095 
164.082677 
-269.957598 
-80.982155 
-22.600944 
-111.994600 
-101.794355 
-318.549871 
-204.525286 
-108.147751 
-177.397419 
-24.242444 
-10.876622 
152.945935 
246.824698 
261.613783 
-1.078510 
-83.536661 
153.427608 
154.819697 
-90.350675 
-163.455800 
71.183242 
136.140345 
227.649861 
3.463541 
-212.353362 
-252.519860 
56.543591 
-97.112230 
-66.119631 
116.126699 
70.287565 
140.676816 
15.108094 
-91.285249 
-36.862917 
100.706715 
140.491506 
167.673071 
158.206567 
-119.778292 
-108.000149 
152.219402 
36.203035 
-75.428807 
96.938821 
-17.385529 
-77.002771 
36.203351 
180.437483 
-24.781317 
103.861498 
-21.089709 
32.878130 
257.687004 
-39.376960 
-40.601261 
-79.288310 
223.569866 
46.536659 
54.018479 
115.461171 
45.468454 
135.510279 
159.708280 
-48.171117 
-529.371314 
-388.308053 
108.866761 
-2.987956 
-199.170007 
24.619923 
-341.689691 
-76.246033 
-48.172217 
-238.607672 
-135.327849 
147.797014 
-64.974327 
-76.869932 
-465.182179 
-119.087416 
-49.309929 
67.842939 
16.996783 
-44.775574 
-27.079093 
-5.986276 
123.915748 
-62.353490 
-140.234004 
25.655737 
4.561386 
-47.886472 
-20.750408 
-49.732098 
-66.863896 
-24.018318 
-48.119191 
110.030936 
-96.293527 
46.748249 
135.721955 
-23.352957 
-50.492395 
-42.475233 
-97.828318 
-229.600437 
72.224727 
215.500395 
-12.040531 
58.464017 
-127.633958 
-192.653880 
2.978328 
-15.582633 
-160.685981 
-57.236102 
805.052814 
-131.560050 
212.688192 
-5.984071 
-166.908954 
82.991202 
-105.459374 
73.914684 
-231.920839 
67.164268 
-178.608665 
-215.650974 
-119.217822 
-73.564286 
16.397513 
-25.646020 
-5.983446 
-51.753067 
64.864590 
60.453875 
202.276027 
-29.763305 
-115.446752 
-166.519939 
-85.182801 
202.244553 
-59.670771 
25.656461 
14.137985 
-118.865322 
4.563034 
-61.128177 
-128.469815 
-27.077441 
36.202954 
-192.295015 
-264.405474 
130.588862 
24.170014 
57.615964 
-138.580404 
57.296054 
-4.553730 
46.750313 
1.953606 
95.801199 
-120.709328 
-80.284888 
-167.205854 
85.353741 
-150.361694 
96.297149 
-28.228240 
-206.067998 
-77.101541 
-110.324961 
-70.012699 
-21.798256 
25.655018 
-77.246854 
-148.455594 
-139.980121 
-80.355034 
-58.600473 
38.145948 
-5.985592 
-16.531927 
-303.235758 
-37.625943 
227.806754 
-110.245894 
-116.639213 
-148.640686 
-140.148505 
55.032449 
-122.001411 
54.307609 
-14.436649 
-94.295817 
-205.809254 
-37.625656 
-86.621381 
111.641293 
-135.733637 
-229.460086 
-146.847355 
119.032012 
10.112892 
-139.884093 
-98.264367 
-208.681745 
65.494373 
-122.000241 
44.988265 
107.477706 
-122.000013 
-31.977392 
-122.000208 
-212.311339 
36.835026 
331.513130 
-170.029968 
-277.179492 
362.218764 
4.699212 
-158.867998 
46.745726 
28.474858 
152.216626 
-212.955036 
76.136406 
134.508273 
-109.242303 
-3.260411 
370.124058 
295.438058 
-132.252130 
201.693457 
257.686571 
251.722316 
212.429591 
384.248769 
376.845974 
60.754093 
-316.227598 
-61.051289 
371.598321 
203.116540 
229.114769 
155.408965 
-123.606593 
69.057293 
170.870615 
86.231676 
-167.497082 
138.742928 
98.317885 
180.665757 
289.330289 
279.181808 
216.909868 
79.638053 
68.574587 
184.325678 
304.088955 
239.061403 
92.518806 
-139.263963 
468.625836 
31.954803 
314.920300 
-76.298015 
208.995498 
-19.825686 
451.948994 
-43.337061 
363.157448 
178.871261 
-52.746734 
126.300158 
-108.575191 
86.733741 
44.861635 
-30.570646 
168.873453 
26.391786 
-208.134753 
-104.572123 
281.370695 
151.150020 
-76.174372 
-6.590543 
-101.910435 
-59.620840 
110.305260 
427.941732 
637.019751 
-324.373321 
-90.180740 
87.099711 
112.281893 
-49.275414 
42.399479 
-221.677696 
-172.655075 
-1.547847 
85.424755 
331.517410 
21.096950 
174.972055 
-66.742825 
328.000479 
340.375166 
-98.650482 
-127.825237 
268.236614 
-140.699148 
-252.359665 
384.681700 
-291.169125 
-114.400422 
159.422798 
-82.023307 
-55.354683 
384.248620 
57.735654 
-256.474795 
146.151957 
36.802353 
-149.624076 
553.000722 
227.885084 
-158.404489 
84.749070 
-34.655547 
190.786219 
15.111691 
238.301886 
-277.270861 
-152.762891 
31.609905 
-36.224553 
637.381421 
-111.900351 
120.582625 
71.940316 
339.338973 
-83.774067 
190.767504 
45.699108 
15.109260 
12.665604 
36.117210 
54.040606 
-97.254200 
-252.224390 
-79.608130 
-187.283259 
-388.128132 
143.328742 
104.378386 
-115.400799 
-107.497874 
-245.999368 
109.890517 
-49.538447 
-154.034834 
-31.589225 
86.263890 
120.924794 
-182.587598 
168.364317 
88.162211 
181.540500 
-8.175670 
204.013021 
162.763498 
-110.224627 
-14.142954 
6.793433 
247.141407 
-220.903856 
-157.189592 
374.718903 
-217.369105 
114.834136 
164.766469 
44.329875 
-228.855202 
-81.315100 
-0.284137 
-86.556523 
365.984541 
-364.236789 
236.592100 
226.045867 
96.814051 
191.886419 
-22.199191 
280.219196 
-58.185860 
206.371496 
-173.446237 
-73.246573 
-175.025546 
-0.447662 
72.634099 
43.369987 
135.270380 
158.002747 
237.362313 
315.117340 
161.406426 
373.518183 
320.966011 
167.115204 
173.310372 
-303.162662 
-184.166376 
80.624597 
-50.595714 
315.270136 
131.124939 
71.735088 
-431.826384 
129.108319 
-123.225863 
169.760669 
183.457481 
-106.435928 
-227.804811 
27.732064 
-43.615793 
9.442823 
247.140797 
203.902578 
-223.951959 
-36.813618 
120.903272 
-171.856188 
185.767028 
-51.126553 
27.255400 
-67.923811 
-27.235067 
43.480295 
62.728359 
136.778029 
-101.733877 
62.593415 
-145.425268 
-1.749266 
108.614697 
-73.160678 
39.051756 
-366.803821 
-212.748630 
119.801382 
96.843023 
-139.033237 
268.233845 
257.686481 
-250.943193 
-157.700254 
-70.971491 
-248.870560 
24.880379 
0.352144 
-321.268836 
-6.735272 
17.834954 
82.985562 
-186.055169 
83.280922 
355.874317 
175.197435 
-90.669373 
299.872191 
78.388027 
78.388188 
141.666778 
-30.869364 
-57.993132 
318.629688 
27.467680 
19.187140 
-350.121316 
-250.401371 
74.410972 
127.598985 
-171.861948 
-168.986948 
-146.653527 
-105.259538 
2.285572 
-72.807578 
-57.943624 
128.858174 
-184.140623 
-388.955581 
215.498952 
53.320351 
60.669339 
-275.450680 
426.438542 
-170.344181 
-209.997674 
162.766118 
207.842930 
-181.185821 
141.672742 
125.504126 
-352.579374 
-132.201327 
78.391526 
-324.608127 
-107.361447 
-25.688737 
-197.589969 
-141.183618 
-249.891174 
-31.441718 
-106.146796 
-100.995733 
-331.265538 
-55.435534 
143.648599 
63.136942 
0.631969 
-112.514246 
-24.069452 
9.561300 
60.544540 
-133.043059 
-268.777103 
88.045920 
15.749400 
47.822635 
-58.910704 
-135.494807 
-146.502731 
40.601285 
-151.487651 
-215.547625 
176.232792 
44.954633 
-6.368293 
15.111757 
-157.018321 
82.214314 
11.507599 
206.133253 
56.234931 
26.743044 
-66.314488 
-20.157610 
36.205204 
99.484811 
133.617000 
47.024702 
-8.677281 
-178.256520 
342.062658 
29.631966 
-21.662303 
37.353167 
-173.409692 
-377.423615 
36.203270 
-5.431414 
-153.278750 
-123.109710 
273.451815 
-85.928655 
66.116196 
-12.587072 
-32.253047 
77.102905 
126.377004 
25.655703 
-448.953160 
188.474278 
33.203937 
-12.811496 
-133.929600 
78.137179 
-279.891957 
63.411988 
-48.172867 
-46.156919 
-375.533573 
-92.391657 
-226.652903 
-175.351481 
-466.499133 
-50.199634 
-129.646689 
4.566302 
-80.138666 
-143.568964 
-48.166761 
173.311869 
21.784210 
-42.123378 
-137.678086 
-5.985264 
15.115616 
93.260404 
-178.246752 
7.799064 
-163.097009 
133.786261 
5.606230 
110.037733 
-151.002194 
4.559617 
-48.446022 
4.590826 
43.525728 
-109.451193 
-99.185213 
-260.252953 
1.744495 
226.055408 
-39.087177 
-73.657926 
-154.448940 
-54.358306 
-85.469984 
64.281259 
-86.885184 
-24.758617 
462.442387 
-153.884949 
87.466295 
4.559394 
-141.677998 
98.481453 
-20.863068 
-7.751915 
-169.356113 
-30.284142 
-61.867810 
-182.951511 
-24.783560 
-129.492246 
-55.657190 
15.080350 
-37.627136 
-208.710959 
52.849711 
28.102765 
-496.081525 
-112.095792 
-177.089892 
-193.870492 
-80.717952 
2.968677 
-136.264580 
-37.626067 
-137.944085 
-156.663712 
-48.171925 
-51.305170 
-32.349857 
-5.984316 
15.109374 
81.429374 
-243.237920 
58.825536 
86.305909 
72.276727 
-196.411675 
36.203341 
-49.040907 
67.843821 
-118.221465 
-135.479875 
-68.538207 
-251.415813 
-228.817926 
56.244388 
-70.743745 
-101.959870 
-69.545094 
-66.233749 
-193.376849 
-116.639820 
-136.478221 
3.346085 
-48.171005 
-109.925114 
-28.450624 
-126.656562 
-229.233444 
37.266086 
-22.081717 
4.563627 
-48.170631 
-197.003311 
-58.718702 
96.594384 
17.981187 
-170.184072 
-115.242103 
-211.815147 
185.707230 
-122.000481 
-58.672607 
-46.828114 
-151.961214 
-405.565679 
-122.000126 
-43.070330 
179.920828 
-99.823967 
-213.876205 
-120.345350 
23.709452 
1.609089 
-95.150319 
-135.050936 
-16.989502 
-3.713117 
-121.999678 
167.936310 
-29.771084 
-122.001011 
-8.731888 
-122.002160 
-271.752287 
48.227517 
468.623833 
-87.797429 
83.426487 
37.662113 
-130.751256 
-262.361611 
35.499016 
369.612277 
120.577118 
-108.915856 
-215.329016 
-296.692821 
221.443606 
19.561106 
8.539692 
27.869393 
-228.880942 
43.154252 
36.202455 
210.690350 
253.399818 
247.140189 
314.996092 
277.172795 
-522.891500 
259.021019 
324.817748 
177.780023 
58.612498 
-68.345244 
-85.577974 
32.120266 
145.760707 
-123.484771 
-47.395761 
148.186967 
40.768226 
231.740450 
320.968930 
211.996213 
-85.681806 
47.804958 
163.284764 
103.372169 
316.027426 
-108.694317 
-76.526615 
-5.813271 
320.969001 
-99.707953 
177.725028 
193.003477 
-55.556440 
-148.366473 
268.617818 
-135.607218 
194.406897 
202.050135 
-42.675184 
170.844649 
-30.968608 
230.423700 
104.855467 
10.321092 
311.520211 
-171.190955 
98.346125 
160.339977 
-109.067347 
63.469890 
-69.820895 
-45.829986 
3.851503 
188.215002 
-111.854580 
124.613460 
561.876935 
33.322970 
-23.909750 
354.109070 
207.315301 
65.891918 
-162.077758 
213.295723 
69.212068 
20.713010 
-45.262463 
679.562553 
128.978641 
-30.649299 
-134.473869 
46.750259 
255.083044 
70.074988 
50.093582 
299.875021 
-23.707794 
-133.785712 
94.801911 
38.596385 
83.809744 
6.536754 
172.738388 
184.424759 
278.781149 
29.836138 
-125.943219 
-63.926160 
143.107783 
-18.600682 
247.140903 
-26.139008 
89.773523 
34.937044 
246.265723 
-43.807983 
352.609790 
184.022488 
-5.315545 
-194.226960 
1.658216 
-59.475030 
57.297410 
-2.362239 
331.516277 
218.620825 
80.810020 
71.019516 
272.742804 
-85.882376 
297.260771 
-36.782515 
-195.526078 
-219.755271 
-143.006961 
-127.540944 
-72.765365 
-438.691648 
-15.163464 
132.694249 
360.778635 
135.739551 
-121.370272 
-59.783632 
86.767513 
-345.454423 
-190.637038 
-96.290815 
-80.257983 
-235.532080 
-33.444355 
102.223120 
-89.930390 
-149.132117 
0.011925 
151.365730 
289.328021 
-100.075418 
117.615984 
-188.245082 
183.859621 
85.292777 
-311.202710 
174.713759 
23.628264 
23.641742 
71.605304 
-115.261311 
-264.122966 
184.110624 
-10.294130 
-68.279774 
18.997028 
-38.577335 
289.328060 
336.788685 
166.197433 
318.109919 
74.252131 
129.277559 
238.969190 
10.351856 
-338.768557 
-61.342925 
-268.795565 
69.426108 
-237.146671 
17.952078 
-315.094168 
-64.145768 
146.768990 
420.285529 
138.566134 
39.139524 
278.781015 
75.234474 
131.125124 
101.688655 
5.129748 
-16.169396 
-224.738646 
150.548116 
194.406368 
98.962223 
-274.248811 
229.651158 
18.776136 
212.698272 
83.692040 
-317.774795 
-11.697650 
68.367307 
-126.374969 
-35.653881 
247.140586 
76.662170 
-202.156182 
-116.665436 
176.910897 
-62.609264 
73.447920 
206.227037 
151.809586 
-180.070849 
-183.878458 
16.822942 
87.506460 
154.950851 
-129.040521 
-337.902210 
-128.761074 
12.315683 
51.723869 
27.889126 
106.638007 
-162.700254 
-364.561811 
134.941832 
114.100728 
-15.040313 
289.328659 
489.719424 
-328.150739 
-17.011407 
70.227126 
-236.729471 
121.137221 
123.987227 
-445.618103 
99.161807 
-216.750204 
-193.685939 
-250.216030 
119.662413 
38.043007 
108.581624 
-312.085716 
342.062533 
183.859366 
120.578137 
141.671895 
-14.889345 
-56.214805 
132.177445 
-28.001990 
-22.517721 
-268.065883 
-34.857988 
-42.450444 
342.416504 
-404.181843 
-207.214767 
-59.068677 
-100.200537 
-401.212614 
-187.243627 
54.288297 
86.906503 
-130.658351 
-292.639231 
236.593333 
-71.732674 
59.151393 
101.120842 
574.093362 
-53.110884 
-179.709216 
204.952594 
132.815526 
51.071900 
120.577770 
114.249387 
-202.112527 
-199.626477 
50.704906 
-38.588783 
208.072934 
128.735562 
61.583328 
79.134589 
-50.579077 
-25.020750 
-125.644382 
-57.141867 
172.477050 
57.938443 
79.593706 
100.591724 
-424.355615 
-95.853668 
9.645625 
116.230029 
-159.754741 
-164.915125 
-130.094464 
-134.038563 
-20.313072 
-64.676534 
-74.556696 
31.075280 
-363.354796 
-14.182773 
-116.351597 
194.148592 
405.265189 
242.503319 
-37.452567 
120.578399 
-89.099647 
106.774819 
185.503548 
254.995739 
104.537275 
29.512105 
-149.031346 
-69.012421 
-27.078060 
15.109551 
132.978451 
-70.012912 
-32.801724 
-268.249604 
278.781300 
1.945340 
42.569148 
182.520039 
-5.306432 
-32.593552 
36.203098 
29.499774 
-79.302848 
-118.214694 
153.015327 
-98.530499 
-107.249239 
53.959351 
-187.489827 
37.114241 
-1.951097 
88.937081 
-4.007180 
-125.955591 
253.278938 
-26.000665 
-169.432656 
-9.710631 
-266.690564 
114.009236 
-5.984774 
-48.657661 
-266.946007 
-73.525515 
-100.642508 
55.827294 
144.547621 
-14.084697 
-128.759753 
88.936779 
-45.216169 
50.600516 
57.296164 
236.593157 
-129.628405 
-57.522925 
-104.662333 
-37.625565 
-27.078309 
247.842989 
-155.750468 
20.363025 
-90.334663 
71.444384 
167.573244 
173.311895 
-38.284167 
25.655755 
-46.815501 
88.581475 
-205.989606 
216.228126 
124.351701 
-193.902045 
-178.305527 
415.890513 
276.937020 
-90.929109 
-138.142779 
199.865270 
-167.719023 
33.584204 
111.158000 
180.463811 
-99.958719 
-138.877347 
48.816555 
-27.077993 
4.291360 
-1.246810 
-85.226286 
39.193582 
-182.445029 
221.799513 
146.057254 
-35.500902 
-95.731939 
-117.037420 
157.049967 
169.069196 
-5.984386 
-241.441330 
68.834987 
249.504071 
-562.743927 
-112.381753 
-73.571683 
-115.269972 
-142.415244 
143.394534 
66.258857 
-5.984604 
107.710270 
118.122213 
4.562428 
-235.705161 
-199.684345 
15.109172 
15.109215 
-67.421236 
-268.735699 
-81.954601 
-50.816053 
39.392050 
-102.130004 
15.109072 
-104.516872 
67.843416 
-30.610944 
30.767895 
48.667789 
-323.141833 
-113.700602 
-43.093774 
-49.015037 
-98.072970 
118.447720 
-17.353525 
-107.596457 
23.458011 
6.851491 
-33.038390 
-48.172058 
104.387100 
-198.713456 
-69.791435 
8.848900 
-97.184436 
1.262464 
25.656156 
-5.984428 
-281.174395 
-16.531329 
-175.468280 
-104.079078 
184.268703 
-131.871557 
-182.617512 
-230.342240 
-122.000090 
49.425664 
176.031800 
-169.556156 
-307.584222 
-121.999751 
-19.507559 
-389.139915 
-267.593385 
-37.128950 
-8.477832 
-70.109413 
-157.151475 
-141.069714 
-49.251354 
-86.617263 
79.714319 
-121.999608 
100.877039 
-178.929960 
-121.999772 
-127.432105 
-121.999699 
-290.484500 
-159.355504 
-111.453125 
-120.446826 
-125.696134 
-123.088201 
-128.619430 
-126.801013 
-122.000000 
-126.013841 
-122.000000 
-127.703692 
-123.213424 
-123.456723 
-123.458049 
-121.686482 
-122.684619 
-118.012165 
-122.981099 
-126.874370 
-122.000001 
-126.471181 
-120.294702 
-122.000000 
-110.728553 
-118.191354 
-124.214976 
-122.906260 
-103.144570 
-123.931487 
-116.299515 
-124.777626 
-122.090528 
-127.629429 
-120.513601 
-122.580791 
-121.753765 
-127.255794 
-111.092761 
-119.403213 
-122.000000 
-123.472740 
-115.955793 
-115.718354 
-121.579783 
-122.230844 
-111.574262 
-126.237859 
-120.619307 
-127.869164 
-122.000000 
-114.206273 
-110.788519 
-119.794495 
-113.107869 
-131.887694 
-119.896026 
-120.251090 
-111.453125 
-115.344660 
-116.596893 
-120.467096 
-123.598716 
-122.936406 
-129.940101 
-127.467819 
-117.572599 
-121.353865 
-124.235590 
-119.632295 
-104.795883 
-124.314244 
-110.072163 
-122.863557 
-115.990660 
-119.845798 
-116.039337 
-113.161935 
-133.250000 
-127.112785 
-116.722410 
-122.692853 
-122.520695 
-127.174024 
-111.213424 
-123.873594 
-121.394470 
-115.579569 
-119.135741 
-122.000000 
-124.648155 
-121.643843 
-118.027007 
-122.000000 
-123.023843 
-118.741833 
-110.472951 
-122.000001 
-117.430280 
-119.141241 
-125.009494 
-124.449358 
-119.830396 
-121.497664 
-116.797329 
-122.157033 
-122.000000 
-122.404496 
-115.470165 
-114.650651 
-122.144987 
-123.298064 
-122.000001 
-121.624635 
-120.711172 
-122.333899 
-112.971879 
-119.904134 
-122.000000 
-120.316576 
-114.561186 
-124.446122 
-120.588738 
-120.421360 
-122.000000 
-119.217088 
-122.000000 
-120.862415 
-121.190416 
-118.237024 
-118.565469 
-118.912408 
-118.571986 
-117.989690 
-118.083753 
-119.815478 
-123.323058 
-110.202994 
-122.120576 
-116.639045 
-117.044317 
-120.038643 
-120.947961 
-122.000000 
-115.940438 
-119.538552 
-117.790966 
-130.951532 
-125.591382 
-123.499316 
-125.212439 
-122.538432 
-121.358170 
-115.061989 
-126.118902 
-117.808268 
-118.887191 
-119.529322 
-111.453125 
-119.738810 
-114.464544 
-123.429577 
-122.000000 
-117.751582 
-119.724634 
-120.794721 
-120.979811 
-120.783065 
-125.716023 
-122.678816 
-119.381130 
-122.771042 
-120.443532 
-125.172810 
-117.255759 
-130.412040 
-111.453125 
-122.000000 
-117.932860 
-121.624635 
-121.020402 
-118.879776 
-117.362102 
-118.020238 
-118.486732 
-125.146256 
-117.311461 
-123.885786 
-120.978246 
-128.720729 
-121.588811 
-125.928675 
-120.236033 
-122.293923 
-123.621606 
-123.972475 
-122.000000 
-129.064489 
-122.000000 
-118.621700 
-114.791355 
-125.034733 
-117.809219 
-119.326522 
-121.999999 
-122.636938 
-119.775514 
-126.190371 
-125.274511 
-125.421664 
-120.462151 
-123.558606 
-115.727316 
-113.418000 
-118.380656 
-114.409135 
-122.000000 
-120.714033 
-133.250000 
-122.781988 
-123.205594 
-123.598716 
-118.393229 
-120.966126 
-117.868635 
-121.322163 
-116.852972 
-123.395946 
-119.935550 
-123.021721 
-122.714105 
-130.283676 
-121.402870 
-123.317440 
-120.633079 
-122.186212 
-124.381605 
-121.243241 
-120.071791 
-122.635473 
-116.105686 
-114.677920 
-122.000000 
-122.000000 
-124.556753 
-120.232403 
-121.512807 
-121.310532 
-118.076827 
-125.937540 
-123.367989 
-123.437098 
-127.466694 
-117.598296 
-116.716071 
-122.456743 
-115.710010 
-125.361723 
-116.214420 
-122.000000 
-122.000000 
-122.000000 
-122.000001 
-110.374635 
-124.711645 
-122.982296 
-122.298194 
-124.877229 
-124.198684 
-116.734771 
-114.814923 
-116.345602 
-122.357248 
-118.354547 
-123.173865 
-118.849028 
-120.462594 
-119.299673 
-118.022276 
-126.408320 
-119.623980 
-125.216327 
-122.000000 
-122.342761 
-124.482645 
-127.662256 
-122.000000 
-121.678662 
-110.329783 
-122.000000 
-118.336805 
-121.040550 
-122.000000 
-122.000000 
-125.179193 
-121.664739 
-111.453125 
-117.861744 
-120.862415 
-124.506386 
-121.079097 
-123.459189 
-126.980780 
-122.601715 
-118.367575 
-128.426967 
-121.455436 
-120.764900 
-126.723961 
-123.672030 
-123.493247 
-122.351905 
-125.977879 
-120.725585 
-119.024268 
-125.907610 
-118.442130 
-122.207279 
-122.393953 
-114.556154 
-124.300428 
-119.830396 
-124.012471 
-122.958440 
-123.177052 
-120.929376 
-122.580790 
-125.972861 
-121.855157 
-122.000000 
-128.199860 
-117.220267 
-122.020105 
-119.499886 
-122.351905 
-114.062105 
-120.692319 
-123.039241 
-122.000000 
-122.000000 
-123.208276 
-121.199938 
-122.427983 
-110.749999 
-122.000000 
-112.724517 
-123.047967 
-118.315106 
-121.227254 
-123.589605 
-122.000000 
-116.248219 
-119.616493 
-123.968784 
-120.584189 
-116.540102 
-119.213864 
-119.814448 
-118.516229 
-122.986286 
-115.266068 
-122.000000 
-121.999999 
-122.000000 
-116.611999 
-123.050737 
-122.064571 
-125.813348 
-123.642562 
-123.935422 
-122.000000 
-123.394512 
-112.554553 
-119.245521 
-122.359810 
-123.785412 
-122.230845 
-124.234538 
-124.048954 
-122.000000 
-118.209740 
-122.938372 
-122.000000 
-122.000000 
-120.589165 
-122.937201 
-123.935423 
-122.000000 
-122.000000 
-120.743536 
-122.000000 
-126.205259 
-117.676492 
-120.951252 
-118.336500 
-122.000000 
-122.000000 
-122.000001 
-126.214394 
-123.750772 
-120.853693 
-117.957510 
-121.963888 
-125.195041 
-115.326279 
-132.546875 
-123.700755 
-121.956838 
-122.144987 
-120.087228 
-118.377570 
-118.851812 
-121.013167 
-123.322657 
-122.000000 
-122.599811 
-120.243505 
-122.000000 
-122.567892 
-111.783036 
-121.858593 
-118.631279 
-115.212792 
-120.831129 
-119.192292 
-123.429113 
-122.720193 
-120.239799 
-123.405036 
-122.340942 
-122.000000 
-122.900298 
-119.789498 
-122.414735 
-111.453125 
-120.163101 
-125.301782 
-121.117091 
-122.890010 
-124.227818 
-122.053143 
-111.453125 
-117.821939 
-120.012674 
-122.000000 
-121.616351 
-132.254331 
-122.000000 
-122.000000 
-123.793223 
-120.918286 
-121.724447 
-123.776101 
-116.244861 
-125.742422 
-122.000000 
-121.120276 
-122.000000 
-121.324819 
-122.135790 
-122.973633 
-120.859387 
-121.930258 
-121.040148 
-130.052352 
-121.121374 
-123.578211 
-121.437677 
-118.069472 
-123.893974 
-117.275168 
-121.864074 
-122.000000 
-126.150689 
-125.714118 
-118.455312 
-121.079097 
-120.189231 
-119.812539 
-122.000000 
-122.000000 
-125.555465 
-122.000000 
-123.650847 
-123.113467 
-111.822456 
-122.010141 
-118.925980 
-121.511848 
-122.000000 
-122.361389 
-125.849336 
-124.110999 
-126.812297 
-122.000000 
-122.163272 
-119.055775 
-120.682779 
-122.026828 
-120.049934 
-120.452332 
-119.534215 
-122.033855 
-119.672520 
-117.523627 
-123.336541 
-122.000000 
-121.455509 
-118.119413 
-122.000000 
-123.745002 
-122.000000 
-123.903117 
-123.368603 
