-306.516700 
-433.728368 
-552.071577 
-532.116657 
-581.455634 
-466.530264 
-207.167123 
-332.972026 
-187.297366 
-47.245826 
17.532188 
260.473204 
295.096758 
458.905555 
240.394164 
221.926399 
83.822444 
81.909276 
170.358241 
271.468615 
410.004374 
408.796086 
308.032284 
271.301036 
93.277218 
-107.318132 
-253.403793 
-376.238247 
-579.725147 
-621.191631 
-652.990436 
-601.876844 
-428.097816 
-299.880920 
-340.827178 
-159.366579 
-33.941525 
72.068699 
289.579194 
408.234860 
385.425589 
247.701150 
264.862702 
57.228733 
-111.791457 
173.925805 
189.513761 
368.630194 
289.577765 
258.737955 
220.360482 
-205.035061 
-329.524635 
-451.813955 
-702.564109 
-636.640298 
-783.391646 
-714.087103 
-667.792052 
-420.759784 
-348.630926 
-143.854553 
95.448092 
223.524304 
347.854944 
476.727008 
504.786923 
319.415299 
311.037854 
138.256601 
29.786330 
125.512863 
228.155137 
250.563051 
195.405286 
289.977486 
87.651317 
173.048209 
63.522293 
-121.084485 
-264.186551 
-379.353025 
-486.892049 
-714.152949 
-606.347096 
-490.490573 
-410.798335 
-306.518382 
-293.437552 
-96.408526 
-16.037091 
237.915016 
325.340757 
331.362721 
274.975977 
170.357336 
78.174676 
-126.927450 
165.289472 
286.530471 
263.787740 
380.638047 
400.411490 
249.175772 
170.357265 
-11.673237 
-269.585415 
-538.413261 
-616.343617 
-739.216888 
-783.392079 
-556.283182 
-427.145177 
-291.135153 
-161.119146 
-139.442498 
51.136450 
74.795996 
182.491830 
261.182977 
265.499190 
318.614073 
289.581519 
201.287526 
289.576825 
376.972242 
335.348028 
288.301576 
229.805171 
63.747217 
-86.640519 
-247.006458 
-447.058129 
-535.150706 
-630.429827 
-821.808469 
-718.692688 
-530.283942 
-331.832089 
-90.356059 
63.975144 
32.513096 
225.133816 
376.532494 
379.429380 
442.617268 
418.579422 
173.306340 
104.384388 
60.486119 
168.036368 
344.241780 
417.323810 
377.340852 
326.489573 
182.879551 
51.141143 
-57.277395 
-393.247165 
-627.213761 
-544.954342 
-733.581236 
-636.776580 
-326.855007 
-359.532948 
-165.376686 
-20.343854 
-92.332207 
11.781938 
221.216207 
388.912125 
350.296055 
416.349835 
382.234047 
289.576039 
289.575607 
413.460692 
363.558331 
254.231174 
142.294813 
117.024975 
-8.069412 
-122.733100 
-96.801118 
-304.392180 
-581.808953 
-626.230945 
-741.322848 
-699.888116 
-368.625201 
-231.454256 
-96.429476 
24.299672 
157.916650 
289.575949 
344.806583 
408.795613 
289.640823 
176.972937 
105.062837 
57.289469 
128.473365 
289.578018 
435.015251 
473.649235 
354.947260 
282.364745 
166.119238 
39.363576 
-109.479010 
-236.821355 
-548.835240 
-631.337469 
-658.892286 
-544.951769 
-443.694680 
-294.594064 
-198.009565 
-203.986705 
9.027788 
17.889778 
206.326420 
282.786575 
390.095338 
327.704955 
185.446563 
194.290634 
306.750344 
225.317625 
338.028938 
224.019036 
248.575024 
116.754879 
117.542074 
-15.644699 
-133.673188 
-305.198302 
-409.440930 
-710.511382 
-711.227261 
-544.952373 
-544.952955 
-396.982661 
-241.464232 
-137.417411 
4.875821 
125.076270 
300.204869 
179.219926 
251.382928 
285.423380 
41.482263 
176.050626 
224.189152 
319.659446 
383.978457 
404.354520 
349.186862 
170.357871 
-8.469546 
51.140369 
-174.780484 
-171.975808 
-313.085126 
-565.175436 
-692.385883 
-611.865023 
-577.357387 
-435.788753 
-225.917114 
-239.307687 
-144.354340 
35.066785 
167.297473 
206.294485 
419.592386 
251.494339 
165.184286 
159.036812 
61.329822 
289.577264 
283.973831 
447.140424 
292.330556 
229.968626 
127.180426 
-14.554873 
51.139759 
12.104306 
-150.398338 
-306.516158 
-588.668310 
-612.909287 
-586.824937 
-481.618680 
-309.884075 
-159.514793 
-84.693063 
31.219662 
207.627662 
184.656845 
243.819999 
228.951914 
257.419697 
181.211794 
160.370147 
367.215471 
373.802643 
442.005349 
378.435982 
395.523798 
260.877216 
14.934516 
-50.474062 
-141.845597 
-213.361763 
-391.387614 
-514.712472 
-619.640665 
-630.351591 
-624.422017 
-418.225317 
-313.476005 
-213.307773 
-45.548088 
44.107368 
172.756869 
289.576553 
314.735044 
265.656379 
164.233576 
237.993175 
259.212990 
323.915846 
447.620332 
359.153178 
349.186026 
170.357470 
138.148828 
41.655728 
-128.265091 
-79.998305 
-306.517487 
-467.096404 
-572.502935 
-523.001603 
-515.151123 
-406.798247 
-187.300220 
-76.842403 
-48.308782 
105.980286 
218.903360 
233.677756 
234.483464 
257.870862 
114.429503 
154.602339 
184.613068 
289.577571 
412.520858 
241.143699 
298.342244 
242.621388 
107.149198 
1.493842 
-33.255209 
-86.787320 
-187.297078 
-424.536982 
-567.199032 
-633.819362 
-588.065691 
-498.961999 
-374.691983 
-347.171902 
-86.786313 
-68.076975 
170.132467 
191.306308 
229.969733 
170.361077 
98.452386 
141.840584 
28.457414 
408.797271 
408.794574 
289.920315 
110.750117 
190.719987 
-26.454207 
-121.855659 
-302.714036 
-485.343347 
-600.841680 
-544.952181 
-417.243534 
-367.953388 
-150.003877 
11.073627 
127.209085 
173.998797 
307.121691 
468.402448 
352.724791 
328.683689 
273.823131 
218.775188 
152.953586 
286.110001 
260.765906 
301.107927 
422.533705 
296.527672 
168.782231 
170.361934 
-84.241273 
-212.036048 
-268.041377 
-440.130740 
-504.112874 
-445.649810 
-498.989305 
-273.845631 
-226.165321 
-190.112067 
36.337641 
136.273152 
349.186144 
300.773050 
404.286854 
315.417039 
370.840526 
256.536950 
90.414353 
159.643087 
258.581548 
354.013467 
459.277879 
229.968131 
204.434556 
153.336858 
-68.078763 
18.744610 
87.138530 
-68.078524 
-306.516840 
-545.170339 
-670.661375 
-648.771311 
-593.447978 
-436.008432 
-403.849459 
-187.296379 
-143.597653 
-8.468185 
68.952551 
112.227244 
130.605503 
151.684185 
37.138282 
148.005603 
203.469912 
260.431017 
382.895397 
507.298765 
317.048729 
249.219149 
70.912163 
-101.740568 
-127.687418 
-230.753843 
-421.602888 
-484.077993 
-684.093114 
-624.885984 
-539.766417 
-425.733498 
-306.515173 
-204.254560 
-68.076520 
2.773168 
129.296982 
273.347819 
220.892030 
161.997851 
104.596389 
110.751606 
252.170131 
329.607759 
330.844483 
322.887078 
289.579145 
255.431186 
139.399975 
1.683521 
-6.658347 
-131.044372 
-355.022316 
-505.238179 
-706.839356 
-621.880511 
-589.360093 
-392.998546 
-306.514304 
-219.595532 
-85.888194 
51.141684 
245.383283 
229.969617 
375.012570 
415.939787 
289.584768 
-852.494603 
-84.544726 
638.556816 
788.927288 
-407.544333 
174.343427 
801.259555 
-68.072539 
-1080.023828 
731.704656 
-1331.350242 
136.941183 
-397.831118 
651.467260 
559.475504 
339.093870 
337.433011 
-68.069354 
871.911776 
358.006473 
408.803557 
151.436498 
260.374589 
489.662735 
334.845689 
-1612.798208 
98.683205 
-253.083668 
456.210581 
726.685788 
523.573034 
191.860292 
199.602953 
-241.439147 
2329.768047 
-809.381327 
76.671681 
-544.943668 
-349.110341 
-680.322900 
-721.008320 
-316.008509 
83.283256 
1877.617580 
52.822461 
-54.207269 
826.721438 
408.804287 
964.624102 
887.216216 
375.802624 
781.465113 
419.979607 
741.357285 
134.662252 
408.802883 
1006.715325 
-584.902984 
52.263972 
-180.650474 
12.366146 
-297.178340 
543.868760 
1031.340266 
-243.453286 
1303.077091 
-668.761817 
-606.702786 
972.319019 
1574.460127 
663.980110 
1613.750979 
386.778812 
-117.482067 
558.209619 
3867.379595 
-50.535370 
-157.043266 
-783.535300 
1623.859185 
1741.548111 
1431.112765 
-186.969219 
1787.841938 
1015.328362 
786.912628 
2375.899023 
-342.290485 
1581.022934 
-347.578683 
810.163776 
1363.267286 
-948.842503 
895.227896 
2673.950079 
-578.635618 
-803.927361 
1579.262003 
718.198299 
-696.971737 
-141.251330 
571.070820 
-296.543684 
2077.858760 
1010.875858 
-1507.894038 
788.053284 
775.995682 
534.446771 
1302.936010 
1407.945044 
-818.417747 
-75.441152 
-1119.176129 
960.055862 
170.360738 
80.635463 
-1981.187418 
-1002.756449 
896.305286 
232.591669 
945.283202 
-1997.044691 
1481.768060 
-769.429559 
1082.336352 
-417.369776 
1144.741732 
55.158074 
284.431550 
-1831.203905 
-811.081573 
1264.361136 
208.834928 
-897.981896 
-577.887295 
-385.099138 
180.353445 
-630.140420 
690.614524 
-79.250616 
-450.930165 
-784.640736 
299.149331 
-1808.754829 
-2242.177469 
-786.306545 
-926.237808 
590.245185 
-1111.475648 
1416.671058 
1958.208022 
-543.219619 
382.588563 
-646.523122 
647.244070 
-308.752609 
742.920044 
-2235.785004 
2137.468225 
350.307899 
155.243170 
389.605775 
-145.621004 
965.327006 
947.043839 
-2305.810365 
-79.597991 
-476.937811 
-931.504370 
2000.108929 
-442.153164 
760.742491 
-246.917423 
229.964867 
1508.765437 
-2042.515846 
-1066.411037 
-406.079031 
407.138985 
312.701821 
173.764348 
-375.388632 
557.493856 
25.728553 
-1426.367822 
936.268935 
-639.333247 
280.680862 
1131.368678 
-127.761628 
-220.552663 
-242.008887 
-544.952034 
1246.755687 
1541.375106 
-3384.887526 
-680.329276 
-1169.679998 
-319.294194 
-45.611679 
1004.891860 
629.915239 
-1152.016799 
-863.480015 
95.803970 
-1061.980505 
807.625274 
-975.763681 
-1035.579485 
-2235.313494 
317.932596 
-352.778308 
1004.895215 
380.419451 
746.586957 
-595.983652 
1109.742329 
-180.649230 
315.101153 
-1331.703495 
329.211263 
-553.455459 
-871.510216 
-728.361952 
-91.357194 
-184.248578 
-1035.624215 
-113.307811 
398.960136 
738.710397 
-450.277908 
-557.483062 
440.568737 
-671.641286 
-350.052425 
1301.733598 
108.628524 
241.583523 
170.360638 
766.453156 
-566.731130 
-1005.131621 
1405.638564 
-1194.847755 
-994.128819 
1930.151096 
-1737.596530 
1000.115633 
-428.570113 
-354.811049 
-350.707576 
1936.871195 
-1056.521239 
347.293992 
-139.267424 
408.793530 
1660.594911 
170.360117 
1183.715927 
1980.193365 
-1734.594723 
1344.460942 
-312.181740 
1167.021572 
-831.392945 
-837.690540 
418.173221 
1448.975933 
-1289.656380 
-135.812179 
270.153243 
-1949.748949 
201.448283 
-663.834654 
-450.287493 
185.956998 
-384.956255 
-93.049545 
1124.108751 
-427.890932 
278.151366 
-74.751641 
289.578273 
794.554948 
-2156.466475 
2018.250379 
1133.230018 
-442.095113 
1600.985639 
1891.083405 
-1042.320114 
-370.307505 
-2567.946024 
-1446.902157 
-1067.480191 
-934.844348 
-509.366370 
551.377064 
-1826.637144 
-19.047502 
1011.857619 
1913.362243 
313.790574 
356.573301 
1106.781154 
-757.711146 
665.005501 
980.961367 
938.428420 
256.065512 
-397.902807 
-1312.873610 
-579.585906 
-107.626961 
272.410051 
-718.866471 
-269.775652 
-816.187659 
-1372.219879 
578.398016 
1.795918 
-621.801775 
263.179965 
-1374.528451 
-493.443045 
2316.298991 
-438.965006 
1159.135083 
311.052844 
542.684732 
-628.496278 
1133.065696 
-400.062127 
-293.107220 
289.577739 
2137.468165 
743.408110 
-1183.783106 
301.189730 
-906.583377 
-187.300806 
-115.506084 
-601.923868 
-1033.752718 
-1664.899024 
-995.374148 
1183.720337 
63.811980 
-171.066425 
-170.393965 
-228.319198 
-562.872312 
242.502226 
-473.362909 
-732.879944 
-432.869095 
-186.534556 
1422.161552 
-1126.142814 
427.425887 
6.064142 
-759.561775 
-395.522697 
396.714388 
-1536.312252 
657.890647 
1899.033309 
1229.127681 
-1915.047095 
324.924152 
28.126076 
-523.097550 
-1533.377433 
-1525.555868 
-176.172328 
-8.462917 
154.345666 
-579.924918 
-664.169315 
468.409406 
216.497875 
-718.385953 
-784.655775 
-68.075043 
1660.598544 
910.038315 
-525.077726 
-515.954137 
1139.284439 
590.583768 
192.362056 
289.582055 
218.795183 
587.628258 
326.925976 
-144.261942 
383.598433 
1092.010262 
-617.176319 
113.468142 
25.166470 
1243.329716 
146.229877 
-628.804322 
76.583335 
-1026.454784 
255.219197 
-1235.594140 
543.179182 
-763.304379 
2017.559400 
-1140.027293 
509.082079 
289.582377 
-837.183148 
2178.366810 
1407.231346 
1089.564840 
-2471.137420 
179.099682 
-54.609051 
154.886910 
289.929961 
-758.867541 
-583.642687 
1280.797583 
468.413075 
-869.609348 
-756.471031 
-275.294650 
-1086.323111 
146.858957 
-387.450077 
710.074357 
1122.903279 
580.106067 
-130.840503 
-127.682721 
344.234289 
-728.882272 
-68.075719 
-1709.757500 
-1189.044146 
-127.688315 
-127.684835 
-488.683556 
-1438.888377 
632.396814 
393.566280 
649.641136 
-1298.636642 
-187.295766 
-910.799601 
110.751601 
-355.273057 
-991.878749 
-626.189687 
4.831699 
-3152.861428 
426.746037 
-1413.699264 
-304.118172 
-337.889513 
-642.305150 
-475.316264 
-27.492415 
-1706.668683 
-393.699740 
-127.688513 
618.717437 
77.081348 
-2099.070725 
-1641.950302 
122.070665 
896.137764 
-127.692039 
-187.300593 
-1401.743118 
826.059227 
-702.509551 
-515.441393 
-2252.471134 
-971.108706 
143.140913 
63.220123 
110.747641 
-320.386340 
-314.846132 
-1287.336651 
-1699.354325 
-1081.441319 
67.142063 
851.228450 
-668.882229 
-369.624666 
-879.004457 
287.500685 
-490.752495 
-1705.290178 
-821.114302 
561.317324 
749.723681 
-127.690587 
-91.765239 
-311.966882 
-366.127449 
-6.515757 
-843.003304 
-1839.468277 
-1010.155050 
-425.741253 
-548.641040 
-192.297686 
1614.292008 
2193.364394 
-1872.146560 
-1288.094562 
803.077522 
1243.316473 
-544.019558 
906.633523 
-479.942755 
843.940025 
170.666924 
1582.033246 
2409.020465 
840.909585 
789.926682 
2256.659955 
44.786868 
-497.136577 
2614.291852 
-63.159686 
1087.894875 
515.824386 
-302.290474 
-1938.751219 
-329.512492 
202.299609 
165.933544 
198.148848 
554.720867 
379.198351 
1632.836163 
-255.246113 
1929.254226 
1331.124218 
964.279497 
1124.080384 
2168.461479 
-23.903651 
-967.795046 
62.225115 
692.299293 
4067.094231 
2139.662109 
-1103.099025 
-176.317288 
1898.990884 
705.402266 
3339.390713 
2087.623187 
846.306699 
1627.074846 
-282.136078 
1858.092713 
4641.066194 
125.748953 
679.267719 
-365.693317 
-392.329830 
687.328178 
-154.132534 
920.359488 
1673.213510 
-64.207576 
1673.757216 
-93.711789 
2321.251125 
1381.744298 
2148.333185 
767.605692 
656.024434 
669.423329 
436.582104 
1616.789518 
4199.546325 
-536.994319 
-66.994992 
-381.372936 
1289.391664 
1367.928705 
368.354375 
-702.897857 
103.496131 
1193.057465 
-904.265835 
3925.774040 
448.051043 
1727.442612 
1256.679748 
1255.300125 
1639.139330 
-165.227654 
-78.200932 
1243.341727 
-943.255478 
1522.387185 
318.411178 
1040.534101 
-1199.962082 
-943.475878 
1276.696275 
-669.155974 
1124.108842 
1209.506250 
-3167.127736 
3334.200563 
557.111883 
1473.132545 
1004.835841 
1611.204410 
274.761081 
-93.447739 
-1433.215306 
1208.682417 
1243.344432 
1390.846956 
-2169.729317 
-1361.575872 
1364.098248 
232.817077 
706.764143 
-2348.539153 
1481.755073 
-635.396331 
210.306543 
832.685603 
889.780257 
-581.464224 
800.350182 
-1636.657320 
-998.245115 
579.271579 
545.193635 
-338.077779 
-1107.943708 
-1870.543198 
-632.321582 
-1433.990976 
49.150680 
121.892835 
-47.682137 
-2995.160710 
859.129373 
-3214.943904 
-2508.479638 
-1995.558100 
71.284466 
-1449.424555 
-1626.209812 
508.423047 
865.467254 
-6.214649 
380.188733 
-1366.730042 
885.696151 
-1301.112598 
-6.595108 
-1486.376546 
2316.347876 
-786.678504 
-1208.436163 
1113.481515 
310.626741 
323.724966 
888.541031 
-3312.260736 
777.707148 
-422.431858 
-1728.663457 
2436.970780 
-542.554906 
-773.522177 
-68.073024 
647.234246 
2007.288841 
-2458.184264 
441.814999 
-2034.012045 
-956.662585 
2967.406974 
-723.945416 
424.969774 
-746.351383 
-230.170193 
-1671.652859 
354.840424 
585.348884 
-576.354593 
680.433416 
829.457220 
-584.600395 
240.624897 
1958.611228 
876.454865 
3687.287947 
-3098.532879 
-471.862354 
-542.799463 
253.210313 
-452.085534 
647.190507 
-745.133884 
-2673.559574 
-149.376417 
-2606.837482 
-67.644300 
1520.839229 
-1802.457632 
-838.127724 
-1514.680665 
-575.811392 
-89.071548 
2495.117575 
-900.920684 
-107.833545 
-926.368070 
1953.295538 
501.772845 
1472.075444 
-819.215251 
18.566238 
-344.162765 
-452.620648 
-673.679550 
-588.064601 
-271.875726 
-1827.608267 
637.107108 
1151.556948 
239.418133 
-457.420424 
-116.374693 
-251.661175 
153.503724 
-934.095205 
406.084014 
-934.688602 
507.412850 
1004.868351 
3925.740762 
-2430.163502 
231.533681 
-961.162821 
458.308208 
-1628.305719 
1075.218599 
-3820.013741 
1689.986731 
-328.462365 
827.973262 
-112.052441 
2009.774310 
-1914.618013 
399.980279 
-791.920179 
1183.699362 
-306.535218 
1541.374672 
766.429592 
1674.786911 
-628.331404 
2276.509776 
424.505041 
1851.992484 
-2241.424954 
-722.369307 
-800.974023 
1807.281805 
-2031.572382 
-308.276444 
197.632494 
364.811617 
-2148.644666 
103.946674 
-946.619375 
273.608752 
-679.653399 
85.722724 
229.991009 
123.103149 
-1106.986198 
-1306.108414 
1660.607657 
-1212.219356 
-419.839968 
408.805432 
1028.999478 
-674.769133 
3210.458073 
810.146971 
-903.502579 
-1218.908586 
-2389.093213 
-824.086395 
437.575181 
221.142696 
-1323.557227 
2490.930274 
-823.572984 
-553.822144 
1676.423655 
947.258623 
-1050.701713 
168.936008 
1401.607518 
-1110.800395 
866.215942 
671.169506 
-129.022516 
1210.270558 
-53.896171 
-1046.275282 
-872.895863 
-463.973169 
275.425576 
-26.343727 
-1341.202277 
-1199.994292 
-2158.197131 
1431.539193 
-1217.485985 
-282.473861 
106.871820 
-876.939651 
1490.121398 
3210.424300 
-3830.580392 
1246.314414 
154.535812 
-236.932474 
-1415.170987 
1343.334001 
-2370.501203 
-474.725504 
706.811838 
468.373849 
1447.243313 
-607.296301 
680.444221 
-1923.926166 
1779.827480 
-1629.501365 
-114.553892 
-202.475556 
-2525.379905 
-531.497932 
1183.735635 
424.866716 
-577.263983 
-157.510940 
-1669.488918 
-130.509784 
600.463514 
-838.247406 
-678.027857 
406.941612 
-1369.228869 
-783.395420 
-667.814008 
-1673.807011 
152.766635 
-759.781277 
-883.975129 
406.983552 
-1742.112286 
1421.563586 
170.368521 
-927.800343 
-1936.167421 
-731.666635 
158.058970 
107.270165 
-2590.931323 
-122.286872 
1417.680381 
51.145457 
845.407554 
293.995011 
1183.724506 
1183.747254 
-295.255499 
132.851599 
-1145.512326 
1660.582362 
468.423006 
437.401762 
-525.113252 
-1536.605056 
1610.547052 
1576.080356 
103.229126 
1302.932661 
-2497.187747 
229.925180 
-582.046661 
564.668391 
536.942101 
1168.582781 
-472.151210 
-53.295947 
1568.152985 
826.064753 
1108.189099 
-1564.427240 
-587.418084 
-1744.663494 
344.156144 
-1551.609437 
-60.087741 
-164.305237 
2425.061580 
-154.907193 
933.179250 
587.647209 
-1315.094926 
1794.846305 
511.980765 
810.538104 
-800.053948 
-1008.206871 
841.651537 
-780.842750 
-492.122463 
-613.432592 
-367.139980 
34.123293 
468.401085 
-1253.642342 
792.203514 
-1138.604130 
-2530.250583 
1211.333168 
-948.075555 
574.677656 
730.534910 
-672.552345 
-185.880537 
-8.451709 
-821.316287 
-1999.738301 
-127.683716 
-2108.626205 
-3036.026200 
-664.175384 
-425.739312 
-1437.642610 
-1505.793990 
-1636.011412 
-784.152982 
528.033669 
-2674.081564 
229.969013 
-1014.809853 
-366.140866 
-516.232680 
-943.995324 
-921.175262 
384.377458 
-1976.474901 
287.345097 
-2068.566764 
-506.039929 
-135.579229 
-1081.766394 
-1136.369500 
-805.431253 
-1338.684195 
-307.709508 
-604.591950 
-221.449157 
1011.414450 
-1712.100030 
-1442.807657 
-549.529501 
1735.604890 
-664.206889 
1064.480793 
-1095.869110 
349.181675 
1468.944048 
-546.907892 
-126.073737 
-1029.214441 
-956.618330 
615.245800 
-664.194644 
236.649074 
-1388.693097 
-1559.907685 
-1892.199315 
-414.558114 
-818.862355 
-1091.452594 
-156.530456 
-1799.857381 
-1707.476307 
-64.721579 
-1114.813296 
-1747.289083 
298.668285 
-1490.271066 
-163.473861 
-723.764177 
-302.888615 
358.108502 
-842.985387 
-143.907570 
-842.981075 
-1494.444816 
-116.100684 
1243.320983 
1064.529103 
-1301.918291 
2317.637628 
-855.211346 
-832.865463 
682.999127 
400.932940 
1720.193222 
-825.557390 
1722.821819 
-144.697462 
1342.716599 
866.713973 
2415.019152 
817.585110 
24.683744 
-523.808932 
528.012630 
492.594999 
1061.126628 
1362.545368 
1455.201382 
1705.066007 
-229.283684 
792.168447 
-1012.145371 
2851.926646 
2099.713277 
1190.672275 
1587.219837 
478.795256 
345.089504 
-19.515582 
1881.067330 
780.163203 
1241.362538 
-747.388783 
1958.649911 
1961.423257 
-263.165810 
2.713935 
1580.531795 
-177.892039 
2380.311664 
2030.118348 
104.431061 
-1443.986523 
2614.348289 
104.607132 
2779.769832 
-2236.670998 
2330.456366 
-116.510860 
1818.391703 
-615.329736 
1362.546059 
707.080602 
-106.463964 
320.402480 
1306.094374 
584.109059 
-45.273487 
-1.286599 
1587.296736 
-925.538225 
1475.844062 
-244.072777 
-1554.641828 
2235.495850 
-1.300267 
533.358283 
-375.585139 
-204.430908 
-578.871794 
128.711750 
5021.066168 
116.434195 
-174.692854 
-671.493127 
760.041517 
180.458331 
-388.131322 
15.849197 
-250.821137 
-172.863406 
-379.433579 
1302.928222 
-841.014074 
2017.707393 
1295.767329 
1128.067313 
1471.460932 
240.487128 
-1999.857286 
2256.672494 
-844.201579 
713.327541 
499.941544 
223.603380 
1158.869462 
-1605.195913 
-204.074262 
-1008.685406 
2077.851739 
1289.770147 
-2634.211063 
-1551.641296 
1071.694201 
-1456.339233 
1302.949322 
1690.436671 
-1041.237944 
1482.270581 
-1327.021567 
-692.149902 
1600.988548 
589.344675 
-1410.847768 
325.778639 
1878.841707 
635.886466 
408.772380 
-66.320338 
2852.775087 
924.180628 
-225.858847 
-995.812477 
2130.859463 
-2083.387264 
961.418085 
-198.986201 
-295.528303 
-478.896575 
181.823019 
-617.354661 
656.934848 
-2843.939400 
-1254.378403 
-645.198755 
-307.345761 
-146.306903 
651.685078 
-1536.277918 
891.445467 
-931.838742 
-364.622805 
-1126.202139 
-123.527410 
2431.980446 
1229.009579 
2212.081342 
-512.249171 
-1022.151934 
161.383435 
-265.568856 
1779.800163 
1405.301644 
-1250.020742 
-1484.066534 
1779.813057 
321.968803 
-759.147190 
932.019324 
187.711990 
506.907669 
261.176267 
-1422.604850 
1256.033378 
-293.997170 
-1454.187158 
1054.081547 
-639.269561 
-573.374949 
51.139409 
1541.363627 
492.530933 
2559.409185 
-907.126060 
11.072393 
1148.480380 
174.987127 
-1408.034310 
929.152802 
-1066.979964 
-894.086059 
-666.148532 
847.618596 
511.478775 
47.782838 
1469.091700 
-359.543297 
-264.249119 
-119.150084 
2673.943814 
-163.380637 
2733.557356 
-1579.327856 
358.836108 
-1372.890288 
-298.126562 
-123.313709 
1600.982997 
649.929796 
-6031.426649 
-3645.400941 
2534.901747 
-15.350194 
1990.600091 
-1165.070860 
-198.126116 
386.582316 
-1009.918422 
-1313.179536 
2495.124493 
174.000948 
-1510.633192 
-1081.166784 
945.589014 
-1972.417949 
-753.571757 
177.241676 
1736.159034 
-217.477820 
-1157.491684 
-229.306147 
277.317918 
443.201846 
-1459.149736 
355.665387 
678.232397 
617.457510 
326.788544 
-591.882908 
-1281.817563 
1319.535348 
-1334.489753 
96.566807 
-1265.018312 
-250.589403 
1004.891821 
2971.999818 
-1797.731110 
-1131.718719 
-224.784568 
396.335648 
592.854147 
1875.673802 
-2988.256188 
450.685476 
-952.087248 
1230.598689 
-1082.876676 
1677.111718 
-388.128825 
-242.961655 
434.446194 
1302.938339 
51.139084 
1541.377045 
1481.762243 
-1234.392177 
-676.050374 
1429.967010 
-272.424439 
1067.692078 
-444.203129 
-1119.691323 
295.778090 
1162.399252 
-381.107660 
-747.834841 
-389.752983 
427.009448 
-1474.438724 
227.784059 
-1340.519778 
667.078964 
-535.098771 
143.025069 
587.624956 
-1111.224803 
-972.267657 
-445.104345 
1422.160072 
421.821617 
-1323.445002 
51.144679 
99.205868 
33.153909 
2852.783535 
-16.407886 
116.954534 
-588.523278 
-2806.376813 
336.802352 
-506.437014 
330.183027 
-649.137078 
624.124548 
-1097.404563 
-115.009521 
-1349.752656 
396.495388 
-698.963380 
-185.458535 
-141.149805 
-1429.871902 
-909.970591 
-1489.428688 
90.097620 
-388.421854 
0.649822 
-480.540237 
-833.242511 
327.229334 
-432.623778 
570.963192 
-831.806472 
-2596.514927 
-1375.498486 
880.334002 
-469.205735 
-680.136255 
807.064576 
-264.852116 
687.639854 
2495.128039 
131.897280 
145.222580 
579.001878 
-90.799785 
1431.430102 
515.190058 
-1100.932137 
-898.312911 
1064.497872 
766.449872 
773.455457 
-965.406005 
-2162.476149 
-1288.075179 
1422.147290 
-1312.962702 
-326.071086 
-624.145995 
-586.337483 
-1422.488386 
945.272430 
-657.938543 
-421.238386 
-547.010579 
-1374.132685 
479.403828 
-452.797964 
109.601013 
625.414580 
741.133450 
706.567679 
170.352503 
-887.738583 
-1740.875606 
1022.802100 
-333.170700 
-509.250892 
1085.756436 
-545.678777 
550.676546 
-187.305656 
53.501809 
-1239.583986 
347.030901 
-176.320200 
-1134.422466 
-2191.423676 
-420.416584 
171.410997 
-783.396949 
-462.641735 
-515.729268 
-425.745542 
-127.694965 
-341.892464 
-181.299235 
-1511.810716 
1243.334704 
1183.725447 
285.154099 
-842.991157 
-1378.458293 
220.405023 
727.830452 
-150.670204 
110.728782 
-1591.852227 
51.129093 
200.436985 
207.731106 
173.608394 
703.962175 
-901.225941 
-1936.879638 
1030.908558 
289.570640 
-703.995505 
798.271301 
-199.970360 
-1503.233746 
-1634.524900 
687.771572 
-1075.431023 
-657.073595 
1067.030372 
179.135219 
438.148096 
587.616262 
-1094.584540 
130.620845 
-1251.530031 
441.422669 
-1250.223137 
373.570578 
-1433.174361 
-1872.949738 
-232.071421 
252.840381 
-103.977247 
115.041982 
-425.738451 
-616.406517 
354.541390 
-63.186674 
-2465.962248 
811.159888 
-1691.765874 
-740.820774 
158.994456 
-5.642112 
-1678.409133 
170.356680 
-1666.277731 
-1503.234292 
110.742002 
-1670.980557 
-1520.630927 
170.357248 
349.186901 
-1306.313664 
-1399.036558 
-640.544211 
-443.395975 
-666.680940 
-1330.905766 
-187.300166 
-1090.221618 
229.968510 
-342.779086 
404.449241 
-369.789693 
-539.317538 
-1112.170800 
-747.669217 
-40.280333 
-569.198468 
794.653594 
-542.243940 
-472.285271 
-958.905265 
-515.047625 
700.099287 
110.751405 
-260.156327 
190.515353 
-1255.571795 
-768.358818 
1415.517011 
-257.153927 
51.141383 
1064.500366 
-439.605911 
349.185665 
-493.859943 
-1097.415907 
-905.347535 
-434.462945 
-899.074458 
634.595274 
170.358833 
-35.355434 
41.266875 
-150.317275 
-1351.243242 
-839.275289 
-215.107886 
-62.057977 
-1476.227963 
-106.594220 
171.871679 
180.397638 
-383.839222 
-1735.197106 
410.764681 
-401.275803 
253.949117 
110.746635 
-363.224065 
-1068.862759 
-842.999233 
110.234571 
-843.003931 
-1019.011891 
-1916.876279 
2852.782253 
-916.614513 
-1106.385249 
1774.494868 
27.433148 
-1463.870467 
-1478.825743 
1151.000557 
2495.121563 
-1562.612121 
548.503555 
-867.530300 
964.020076 
512.978970 
2730.832713 
752.930447 
-772.485676 
1404.173424 
1243.320703 
572.107819 
1742.232301 
2495.125710 
987.958838 
1396.030317 
-1573.873891 
-469.241422 
1904.445587 
2444.298138 
941.350056 
-1455.028128 
215.798639 
1589.089892 
1092.938626 
1499.403259 
-2465.522789 
1015.977489 
-472.021047 
-1078.342756 
4044.957372 
1959.066512 
-767.180569 
-682.409060 
973.574324 
2049.116658 
3286.441434 
1483.650215 
-1741.277031 
346.567318 
1004.877288 
1144.663437 
661.309230 
-7.053093 
653.112742 
-1506.166870 
-745.752102 
1555.355248 
1243.316248 
1097.792181 
-919.659244 
1281.380546 
-1299.557464 
230.199568 
-827.087533 
645.889315 
977.542099 
400.596710 
409.254516 
69.616956 
983.477432 
1950.157789 
36.326568 
349.690888 
747.854548 
-697.078464 
-646.433393 
1944.277260 
5662.097858 
-757.519560 
-1215.589187 
1306.749856 
1317.106771 
1472.120086 
-1325.105041 
-1003.502435 
-1105.408248 
2108.363338 
231.493769 
766.460897 
526.072139 
-646.537733 
-735.235024 
2844.845017 
917.274218 
376.767572 
-903.254883 
1720.210416 
-326.919183 
1043.427235 
664.026582 
968.469472 
-1732.914670 
-299.674968 
703.072589 
-508.206330 
3687.314357 
930.754888 
-2956.176846 
-988.302865 
215.654974 
-45.499976 
885.675938 
-1052.763485 
-738.514974 
105.390378 
-1496.982110 
128.948361 
1899.033858 
144.688563 
-2778.198499 
-1186.704853 
92.257478 
904.908983 
1839.433500 
375.954368 
289.603981 
-538.099346 
244.398969 
-1222.144032 
2069.997703 
-1299.634416 
-533.070904 
-392.888661 
-677.857107 
854.980838 
-1183.295442 
-1356.538877 
-1414.948734 
-1184.314740 
-361.940995 
-537.771636 
571.822699 
-2780.297905 
-146.244640 
-1180.535114 
336.705753 
-376.935129 
-1413.717463 
-1057.931568 
-1924.237443 
1635.075676 
932.932880 
-800.349106 
-71.393048 
-917.867112 
184.142381 
74.898973 
408.798066 
537.757503 
-566.093993 
-81.246746 
1541.377024 
-734.634317 
-2622.943058 
1357.931943 
2187.162890 
-338.851823 
979.361566 
-1934.714905 
-536.628878 
66.504919 
-837.000291 
404.065153 
-296.484595 
-2153.766858 
-306.519188 
1332.746460 
2270.669942 
-260.090896 
-786.863163 
-1218.541226 
678.654599 
33.189456 
155.831879 
682.367793 
107.004421 
1570.012197 
844.177844 
1845.773685 
81.485398 
1112.918927 
542.686248 
210.520208 
1655.180220 
-40.042402 
2256.680318 
1937.478639 
2018.253035 
-2294.376492 
-1094.787012 
-690.597437 
-1116.398252 
-606.362178 
1720.200289 
1034.895078 
-1510.061719 
-1212.429121 
421.516731 
145.128625 
701.624035 
-272.823203 
851.042869 
-25.530124 
-1699.925884 
59.163997 
1422.152414 
1449.707526 
2359.998015 
-1870.933145 
-1025.302899 
786.780151 
632.631320 
670.405428 
-594.595851 
-624.935306 
-1431.887922 
659.164104 
166.592744 
-550.721163 
-32.674641 
-31.566313 
1211.472210 
-277.505840 
-1285.292679 
-219.177883 
-308.317245 
-1161.054902 
-61.647661 
478.563875 
-1365.829122 
-386.232487 
2733.558515 
1124.102039 
-2082.916607 
-476.353138 
-761.423141 
-29.528258 
1608.685289 
-53.822163 
-2275.194851 
-509.858505 
582.891735 
-1065.201756 
-437.267843 
1166.844879 
180.740467 
-624.162957 
-805.363601 
-127.694408 
-187.303402 
885.667188 
1422.145574 
-1752.170645 
-1572.579502 
1718.058508 
-608.840560 
144.801067 
685.085756 
-825.488694 
404.495634 
1737.594678 
-1182.007794 
-365.451102 
73.990336 
-320.894887 
-1837.627805 
361.773838 
-18.844555 
-126.218075 
-1184.472525 
-179.743863 
110.738230 
-917.094243 
-632.474897 
-1215.486101 
-68.084811 
120.591370 
-4886.022329 
528.002690 
2484.531344 
787.203373 
1541.368428 
174.318479 
-2142.999692 
133.308248 
-1692.434470 
-47.396112 
117.611985 
306.163853 
-382.752672 
-371.769579 
-878.598436 
1370.624935 
20.046323 
332.670723 
135.526856 
-479.020498 
989.171579 
-63.884831 
-798.891036 
963.090027 
1635.862746 
-1051.021311 
-541.439525 
-666.448897 
3.567308 
1041.554244 
1865.036201 
-2193.182253 
-443.101024 
353.404701 
-1758.770532 
1567.170524 
195.043064 
-61.996243 
-153.752025 
-437.893104 
2195.404810 
2018.246025 
-881.705496 
52.277618 
3.674103 
197.793032 
1141.914210 
2425.336812 
146.610189 
-228.245712 
1302.940715 
1183.722966 
-166.023475 
746.937438 
-354.583180 
-652.252787 
-8.465376 
1082.357559 
-1782.911680 
-65.568415 
412.043844 
-979.679849 
-425.729462 
98.505688 
-1333.606382 
-585.917607 
981.939711 
225.525073 
215.186758 
-15.344703 
-1061.222292 
751.473690 
-1198.858185 
1064.505173 
2424.348048 
-2743.041093 
537.444468 
86.583775 
-414.326162 
783.643403 
-1138.323273 
594.876253 
349.189166 
-941.096842 
-622.241446 
-1823.116708 
-794.905964 
120.538662 
-2721.601163 
-943.273576 
-724.777998 
-425.714896 
-401.608419 
3.577739 
706.850629 
51.138173 
-473.521556 
579.133168 
-1980.243945 
1422.145308 
468.415836 
-126.149164 
-1351.650395 
356.984122 
685.688473 
59.396349 
-211.563015 
51.133879 
-1189.482411 
945.290059 
2105.929023 
-953.621009 
542.967996 
-227.280203 
-524.630947 
-1382.664548 
652.781960 
-127.693431 
901.372222 
-1045.453915 
279.247640 
-492.881183 
315.800722 
312.566541 
-732.068835 
-295.251957 
4967.043885 
-607.479255 
1811.060623 
-8.470400 
-285.570106 
-2152.604840 
354.974284 
517.767401 
-418.104540 
-57.026254 
-183.749630 
-188.335118 
36.970736 
-1109.933491 
-143.791909 
93.409266 
-68.077887 
-1231.482133 
-755.386875 
891.836674 
-1338.253362 
1064.954178 
-772.632040 
-990.085891 
-712.037755 
64.934805 
-102.013212 
51.138629 
-635.147157 
-1230.564524 
110.752790 
-1052.481999 
1870.788240 
-8.469336 
-544.954173 
-544.638531 
-1740.893080 
-817.319295 
920.899404 
-877.319713 
-2256.842888 
408.794141 
-742.523767 
468.403683 
-1369.923888 
-234.165487 
41.884195 
-615.336988 
-1768.106456 
-1956.766352 
-916.861292 
684.993950 
-517.171509 
-1132.514015 
7.283617 
-521.375558 
-896.389279 
-1060.580572 
408.795232 
-880.708843 
247.269225 
-1451.469950 
-680.793240 
-348.295917 
-251.898605 
587.617673 
170.356108 
-2547.128451 
408.792733 
-2503.192300 
-480.538943 
-2014.897449 
216.842606 
-1915.196734 
-662.558942 
110.744255 
215.924437 
-1007.663972 
-657.535330 
-668.278867 
-544.955005 
-489.844028 
57.865099 
-1200.462774 
-73.443077 
-51.840545 
-1502.567142 
371.563106 
-1101.889496 
1463.216581 
-1537.453240 
731.078142 
-843.004441 
-1191.128505 
-381.487166 
-843.012350 
-524.417363 
-842.998648 
-1643.365884 
-1186.926051 
2435.536628 
322.871832 
-691.519270 
3889.419115 
-428.402391 
-1557.489393 
-1415.251152 
-868.676545 
2495.125487 
-2338.114435 
1132.443032 
-703.452807 
-698.284517 
-79.695571 
3763.915461 
483.940467 
-1328.945314 
400.303719 
170.364335 
889.083646 
1647.922576 
2077.873729 
663.920047 
867.326477 
-630.421018 
-363.951214 
3591.625923 
1013.478830 
0.023506 
-1889.209357 
354.963478 
-101.627860 
565.242752 
993.102309 
-2299.802793 
114.228323 
-186.481782 
-1192.525994 
3210.443913 
2342.396313 
-424.556891 
73.710042 
146.459302 
1655.353601 
4395.515064 
-342.854712 
-1087.245631 
-1786.617780 
51.156935 
378.754479 
300.027565 
-230.443183 
-921.388662 
-161.212046 
-1042.178037 
809.648960 
1779.839767 
207.249602 
-1919.727843 
173.631808 
-1091.888307 
404.483778 
-1613.674286 
23.871824 
644.516003 
-1455.927716 
-1076.921327 
-2315.164166 
1709.946494 
1103.521888 
541.455393 
171.844072 
-975.034523 
668.725095 
1144.209620 
2370.490328 
118.462796 
1246.010370 
727.139792 
771.493000 
1173.592200 
671.533948 
683.114941 
-2126.242416 
357.531330 
541.998328 
795.998652 
1958.637448 
775.645700 
742.783910 
-612.445567 
1446.002368 
779.690626 
922.158931 
1976.489098 
1779.826095 
-399.125684 
-932.954295 
435.097644 
-1502.173006 
-1177.612353 
-218.147151 
1585.584220 
851.220644 
2495.131702 
812.597029 
-1399.220112 
1852.932106 
41.170223 
-477.978804 
3925.747358 
871.562236 
766.989824 
889.255281 
-879.652960 
926.161652 
1004.871241 
1097.441737 
-1074.820685 
50.363182 
-207.247192 
545.604113 
3329.653465 
-1746.840921 
408.795804 
-608.610607 
1305.281978 
1207.729990 
1820.272853 
675.317286 
-204.985146 
-50.416701 
-71.353102 
1673.117937 
349.223309 
-1515.405645 
328.063957 
-939.417106 
27.725508 
-986.341974 
610.868330 
-2363.020430 
635.693894 
-1018.676257 
14.957665 
-1943.740465 
-2353.074220 
861.746561 
-1023.075463 
3410.951695 
-989.327776 
-658.530394 
264.416406 
-1334.259255 
653.121804 
-476.811631 
1004.888518 
-398.272581 
-894.965317 
-1448.302752 
289.577681 
-97.897606 
-1522.180119 
817.541368 
-153.227410 
960.747926 
677.916331 
1452.215528 
-729.368427 
351.313488 
-260.602090 
-1443.360296 
348.914419 
-4226.293980 
1124.108850 
1690.405799 
-299.192334 
-1909.103493 
-2128.271108 
-2263.938660 
-1825.167025 
-295.244148 
-1462.971615 
-184.683663 
-318.243259 
-745.426709 
-632.969903 
-602.614265 
237.084623 
-621.328751 
-480.523389 
408.521924 
1242.137114 
476.311029 
1779.827332 
1947.772975 
1422.162409 
-2176.829104 
-1870.100928 
-1150.119690 
-5.688617 
656.749394 
2256.703162 
775.012112 
-3747.630236 
-1995.728572 
-56.317013 
123.219103 
242.116681 
-1730.322917 
-486.435936 
1194.196121 
-243.492936 
-560.934241 
-187.289809 
2074.791728 
1918.909467 
-1363.859958 
-1015.208559 
398.343006 
1066.000086 
1899.604855 
247.418887 
-670.868273 
-1356.354626 
655.654153 
1133.415088 
743.465584 
182.056010 
105.522268 
-94.717477 
-607.677675 
153.912104 
-652.441920 
906.027953 
-1613.964559 
-552.556083 
-114.196211 
-1050.416825 
-741.371992 
2137.468215 
1600.987396 
-1324.918835 
-2222.339334 
638.197836 
-1438.938554 
-369.753549 
-1185.109243 
-1917.437743 
1065.170383 
1141.573043 
1506.040861 
31.120893 
868.057766 
2773.711883 
1293.115085 
-310.881782 
408.793277 
1422.161061 
2256.689783 
1124.100317 
108.568980 
-491.413459 
1564.340741 
1064.879477 
-159.263966 
-1785.246271 
-887.133079 
-332.929830 
1399.780862 
-97.617424 
-1309.348328 
337.409925 
-1452.236776 
-1364.496170 
-504.995208 
-1427.825884 
804.317524 
89.167851 
-2416.330983 
-187.295863 
-186.519753 
-44.831267 
-494.044863 
1243.333601 
329.826155 
-2377.751305 
4521.848864 
880.668767 
-93.045049 
1779.806920 
682.988530 
-236.401769 
-1468.379896 
915.484126 
-1786.507736 
-429.820510 
75.745695 
-1490.427386 
-494.855269 
-1709.312880 
-1023.762673 
-1596.046283 
-1058.298383 
-604.995539 
-50.240265 
534.700391 
1335.615754 
2605.268073 
-542.938628 
-302.309139 
836.541043 
709.623318 
-39.036041 
-990.376847 
52.136360 
1567.520081 
1977.772722 
-618.487305 
-1773.700962 
-1229.050060 
578.431401 
-1081.190178 
-538.326283 
548.006124 
853.617008 
852.304755 
-8.465192 
-428.367204 
-159.449798 
545.915694 
1350.121386 
530.074493 
302.372947 
-490.250962 
-1861.950629 
229.978106 
-664.168094 
-981.339920 
1178.534843 
-392.848219 
-1860.347356 
51.141373 
1062.063254 
-247.309882 
1001.257312 
-270.026972 
-365.019523 
1899.030972 
-343.152625 
-634.118052 
-272.463369 
1246.829571 
53.314703 
17.937056 
-139.548576 
-242.144701 
1668.596870 
673.904503 
-425.736293 
-3704.292308 
-2318.329595 
419.300918 
229.955732 
-1308.099011 
-284.804831 
-1892.902168 
-609.558797 
51.124677 
-2137.872716 
-819.507124 
481.536528 
-255.760467 
-984.855281 
-3540.575082 
-800.640705 
166.565408 
1541.392714 
-38.507968 
-510.694760 
110.729982 
170.339511 
401.993811 
38.031571 
-597.657711 
170.364983 
170.359946 
-496.382419 
-970.213605 
-370.462107 
-211.146778 
-588.511303 
-422.349089 
1183.713702 
-123.955584 
468.404734 
740.256746 
-818.050535 
-120.524097 
235.810193 
-305.105425 
-408.388704 
1115.187382 
2375.904826 
-349.755325 
-252.120582 
-1166.971894 
-274.290796 
-14.392822 
103.201202 
-1785.600497 
135.706716 
4993.102692 
-2255.210596 
1134.995391 
51.151700 
-945.088352 
1200.502352 
-766.328052 
741.226159 
-1208.819864 
901.823410 
-1256.397585 
-718.871865 
-236.558635 
-602.945713 
334.753376 
-448.278948 
229.981995 
-1020.975065 
601.528905 
-180.601955 
1474.551991 
-373.672433 
-1241.583148 
-570.743061 
-781.684020 
1529.599193 
-1156.348563 
289.591305 
503.231876 
-1182.301027 
349.206337 
-342.018540 
-1063.184535 
-544.945421 
229.982681 
-1894.938449 
-1207.296834 
546.918764 
24.360111 
89.333340 
-984.372801 
170.371083 
514.520830 
170.371055 
-159.707600 
548.130256 
-1046.617726 
-781.941465 
-489.180453 
-277.927372 
-1155.415207 
238.531399 
-575.862087 
-601.357537 
-556.263061 
-1070.854619 
-485.696442 
295.229553 
229.969664 
-508.859775 
-1219.532325 
-513.736770 
238.244162 
-377.890597 
-517.924258 
170.357719 
587.631911 
-2719.653928 
349.181821 
1799.728374 
-1124.791508 
-1224.581060 
-1903.656777 
-744.609184 
1200.673749 
-843.004718 
-99.743541 
-272.859678 
-969.567332 
-1278.916014 
110.729773 
-858.444424 
788.905321 
-754.960692 
-1779.611821 
-786.570615 
982.521025 
139.065250 
-1343.806186 
-458.718157 
-2216.053679 
-287.264518 
-843.014472 
-179.965308 
859.833191 
-843.012882 
-259.969614 
-843.018090 
-1312.993098 
-307.749281 
2077.864503 
-954.877226 
-1332.243463 
2553.833227 
-55.647058 
-1710.725268 
-715.832128 
-168.483998 
945.287803 
-1235.402322 
-203.831892 
940.208796 
-2068.884116 
113.502687 
1678.766572 
726.966389 
-970.843744 
627.135461 
587.625770 
772.714578 
1361.736605 
1660.593947 
1726.642969 
921.064543 
-2543.693596 
-730.496866 
2713.434499 
2160.098667 
1536.539781 
-125.780322 
186.848326 
1311.257145 
1694.268786 
487.724335 
-542.940907 
-390.910448 
583.604011 
525.901587 
647.236096 
930.867108 
1351.713236 
-283.355599 
-325.733635 
1021.622495 
2607.548728 
604.574794 
832.122364 
-1126.211473 
2554.728832 
453.051088 
2620.282545 
-910.132035 
852.291767 
472.130790 
3561.730650 
-447.757938 
1541.375803 
197.993224 
163.753637 
1000.979502 
-287.126018 
-407.556369 
494.922778 
-494.833174 
1414.316809 
-719.741398 
-1573.860233 
-627.184873 
1865.257265 
1623.913419 
-798.190492 
139.250616 
-1115.698231 
-519.035149 
373.087569 
2585.268310 
3304.076682 
-2473.282523 
-1.367978 
-124.128103 
334.210360 
264.707052 
-72.432973 
-1693.100440 
-843.280202 
53.351525 
-189.966320 
2673.960530 
696.605706 
669.151152 
88.902593 
1954.669613 
1228.320700 
-414.809317 
-106.951037 
1004.895403 
-850.228183 
-1516.456596 
2616.038240 
-1465.973780 
-652.130250 
1443.427423 
323.915353 
-529.743369 
2495.131632 
534.736793 
-1176.476177 
-625.575088 
-494.868088 
-1066.615279 
4402.625936 
1496.859089 
-460.592469 
600.612509 
303.305685 
1749.676790 
885.667152 
1812.490337 
-1285.023205 
-994.366814 
-368.420294 
279.712124 
3448.879777 
-688.469235 
408.796232 
942.161281 
1097.390940 
372.527472 
1597.684657 
336.960335 
517.671577 
188.867203 
328.016178 
-76.415489 
23.501522 
-1606.289965 
-150.831896 
-541.096411 
-2178.219672 
1315.691075 
1415.831791 
-1267.717598 
-25.846527 
-1390.138674 
1216.003232 
-896.696023 
-1080.478597 
-776.116419 
226.318042 
1668.982920 
-703.559370 
1324.936817 
1266.177434 
1099.611531 
282.759740 
2476.465768 
2137.464463 
-1195.749356 
334.917236 
-1302.638676 
51.138030 
-986.518449 
-764.512186 
1349.078508 
-1166.274360 
499.223430 
1412.900632 
1013.973329 
-948.171288 
-945.434422 
-256.733109 
-101.497973 
2116.252409 
-2414.366959 
2077.857098 
1839.419350 
380.252922 
1123.824981 
-323.160199 
2724.265662 
601.421079 
935.290411 
-2015.367471 
-512.125707 
-1213.574939 
-83.482069 
975.024672 
-939.839454 
853.003757 
203.709701 
1178.872285 
1538.799663 
90.766484 
1823.037989 
945.278275 
-39.797777 
-127.685270 
-1617.927809 
-1115.610371 
-897.622199 
-1364.117512 
2033.696267 
1541.377076 
629.578599 
-2619.238937 
394.989437 
-670.949260 
1162.442939 
1324.890825 
-1637.584545 
-1319.594856 
-54.725897 
-620.467133 
56.513242 
1243.331260 
1543.218216 
-707.879889 
-466.080263 
496.492874 
-2015.799283 
1193.417444 
-239.511482 
-6.266300 
-1590.866089 
-763.909672 
-96.822584 
338.926834 
1671.120329 
-1144.808561 
-1122.255588 
-1329.400925 
248.813327 
842.753195 
-833.196778 
83.244710 
-1290.447335 
-2321.902630 
1320.542827 
1135.574841 
-1240.392612 
1600.984604 
3687.311575 
-1779.024157 
-798.187073 
-50.252110 
-1352.048937 
144.841416 
639.062920 
-4115.209844 
51.079217 
-498.088713 
199.679188 
-1332.780296 
917.388602 
1979.372034 
861.942759 
-1034.054478 
1302.930461 
-306.515893 
229.964634 
51.136854 
670.269888 
-691.265010 
2655.693306 
877.652318 
773.220798 
-2800.825415 
-1124.900299 
1067.068580 
838.926792 
-1645.699422 
-1354.343374 
-1601.941181 
-775.466845 
129.672363 
288.694009 
-348.919138 
1131.430349 
-1329.452225 
-2489.323382 
1422.157375 
202.107100 
858.686765 
-2293.535264 
2137.466673 
-1405.522001 
-146.658851 
1243.325516 
1228.912810 
-892.124288 
766.456048 
873.749280 
-2060.843536 
-1232.865757 
1273.132054 
-2957.502521 
-548.073671 
-797.865615 
-1738.652307 
-140.822536 
-1203.320033 
-655.809473 
-645.009492 
-1506.660500 
-1494.113160 
219.749641 
760.409999 
268.035986 
550.252990 
-652.240072 
147.660507 
1129.731105 
558.402001 
-747.618461 
-1098.131859 
388.344172 
-76.146374 
509.611926 
-750.655774 
-1307.839719 
-1233.845500 
392.703346 
-1028.891951 
-1379.278032 
1377.882280 
-342.708063 
-341.491214 
170.355846 
-477.129745 
406.879436 
264.911455 
1282.016019 
-56.151984 
144.706968 
-18.646130 
-360.479520 
51.136532 
51.138979 
646.377971 
-117.304683 
55.556755 
-2051.078183 
1422.156614 
-48.630289 
206.509661 
36.435079 
-1276.251331 
-2495.546046 
408.797067 
-367.559030 
-825.960933 
-1688.740950 
1417.397577 
-792.439861 
752.840969 
161.264037 
-454.310545 
973.567774 
931.062148 
826.065400 
-3793.654446 
978.811409 
12.208593 
-722.039163 
-1231.425771 
603.202858 
-2356.294032 
612.149731 
289.579185 
-365.510301 
-2787.991986 
-624.484875 
-1373.072050 
-1172.596378 
-2757.104989 
-512.263834 
-890.353568 
587.628597 
-312.269822 
-733.213164 
-68.078317 
1899.030038 
418.083756 
-678.183542 
-361.470034 
-723.786803 
-664.173648 
809.898163 
-843.002549 
-360.743100 
-1321.540236 
783.027907 
-198.794514 
468.401201 
-753.593392 
-68.082677 
-730.409224 
-174.980340 
57.103737 
-1146.772293 
380.867003 
-2190.390345 
101.227707 
1958.631322 
255.636281 
-988.081210 
-431.286245 
-38.958960 
7.701609 
637.528933 
-606.355344 
-475.442310 
2774.075699 
-1032.901550 
967.328647 
170.355498 
-683.092877 
878.223374 
-379.333789 
-291.718963 
-334.814705 
-211.941265 
-748.813600 
-735.959245 
-195.652600 
-1366.808953 
193.461959 
669.214372 
-127.688002 
-1623.940756 
428.915040 
358.401230 
-2942.598108 
-1292.506464 
-676.813863 
-1372.861061 
-297.085918 
-21.384995 
-1353.594095 
-68.077744 
-628.783475 
-628.278296 
229.969251 
208.003995 
-1152.520137 
51.143290 
110.751105 
-155.458338 
-2380.506344 
-95.468094 
789.185815 
464.363580 
-1330.804115 
170.359157 
-111.382799 
349.187761 
-317.311340 
-419.028048 
-659.346838 
-1607.761397 
-1944.589551 
136.005999 
-385.415431 
-878.301303 
363.263183 
-14.861501 
-1025.330850 
-496.877095 
-658.693291 
-275.231824 
-306.516879 
-515.250076 
-95.076882 
-415.133386 
-1261.781550 
-81.848249 
24.513136 
110.748831 
51.139962 
-1246.566273 
110.748677 
1389.103594 
-2.806213 
427.316221 
-147.504832 
-1601.368462 
1272.277874 
-842.999116 
-209.540321 
784.286988 
-918.621789 
-2612.520274 
-842.998496 
-780.167686 
655.911736 
-741.714171 
-1642.404203 
-1132.469499 
790.332610 
20.220052 
-120.833519 
-1186.534314 
-272.890694 
-445.832471 
-842.999428 
1486.010402 
-263.088077 
-842.996853 
757.151349 
-842.996087 
-1966.743913 
643.331380 
3210.430932 
-316.886981 
1284.505701 
71.300743 
-1561.841306 
-1775.612977 
-906.586304 
1352.166345 
289.576313 
-1787.468328 
-2994.574315 
-2625.855588 
821.703829 
543.955784 
-538.085545 
-151.264825 
-2294.066419 
707.119662 
170.355213 
777.789409 
1355.307734 
1958.640258 
2293.450386 
2144.629614 
-4210.774870 
1099.364518 
1866.602003 
1025.702101 
370.312727 
-193.001146 
-936.320956 
-435.409058 
1212.338481 
-944.061206 
140.190896 
1141.669908 
-7.434258 
1645.122199 
2375.903478 
283.976223 
-270.214439 
-895.068903 
1144.404456 
1215.736201 
1601.796277 
-1536.353138 
-588.141525 
-225.665915 
2495.124937 
-469.445444 
1700.026769 
852.683280 
1161.865811 
-2497.164943 
1208.975108 
308.064813 
1243.325138 
1270.584934 
161.409471 
563.147839 
195.764098 
289.324465 
999.134767 
-259.745370 
1744.404824 
-995.542555 
-166.140235 
-79.239857 
-153.880886 
466.150476 
815.524641 
-742.019491 
128.152220 
331.279572 
382.819789 
1130.813063 
4360.897413 
121.218624 
-211.767886 
1258.154086 
903.552223 
680.001778 
-480.929599 
1360.554715 
68.789407 
-817.207136 
-252.668650 
4283.396416 
843.497662 
278.241696 
315.679148 
-16.417060 
970.203015 
563.087867 
286.786974 
2733.558336 
-507.965939 
424.640874 
215.239209 
553.700068 
552.474650 
918.262200 
1357.641791 
527.760116 
170.363217 
785.008983 
-268.791986 
-1155.494783 
-276.232305 
50.393111 
528.014325 
-149.536239 
1035.449146 
72.923988 
1229.914650 
429.926224 
3031.615174 
1917.609282 
-329.449887 
-771.031204 
1155.495236 
1035.809632 
170.353125 
-51.235891 
3091.236349 
2247.076797 
492.952328 
437.187753 
1666.236813 
-161.579028 
1601.553743 
-1206.420145 
-1962.948459 
-1634.368843 
-1703.213581 
-215.492586 
80.087441 
-3655.452924 
389.104091 
802.914777 
1516.213151 
479.573676 
229.474105 
132.402907 
47.630755 
-2073.099676 
-609.777921 
-1504.401818 
-432.061324 
-932.286861 
122.917301 
71.928953 
-155.212945 
-395.385146 
641.645683 
1464.813395 
2971.998479 
-785.963299 
867.923312 
-1788.412318 
170.360263 
372.681087 
-1788.128382 
489.000570 
-686.808354 
-1144.074297 
-667.378450 
-1017.702913 
-1411.247623 
850.339206 
-833.365029 
-902.896368 
-74.861385 
-670.042019 
289.577354 
2167.275020 
187.817798 
1151.799434 
-277.160576 
506.572679 
1604.921735 
-69.747774 
-2942.291864 
-265.087353 
-1922.883837 
-239.541065 
-1278.971403 
-908.637232 
-2080.057557 
-605.405286 
981.917465 
2744.692468 
416.237834 
213.733558 
2256.683709 
1010.345068 
945.279923 
-773.696009 
-618.015362 
367.740261 
-1682.213800 
33.578126 
706.836788 
278.426036 
-2684.550885 
875.136428 
192.815972 
956.336217 
-4.280675 
-1212.315105 
-798.945354 
407.610896 
-819.882710 
-653.445083 
2137.460406 
594.499010 
-592.643321 
-115.515451 
372.541449 
16.932104 
1230.699478 
548.441073 
1340.083578 
-1859.217448 
-1414.086156 
-735.014008 
-22.903126 
459.714067 
-867.536317 
-2153.829707 
-1596.301060 
-218.571872 
1470.940390 
73.861936 
-517.844655 
-385.467910 
-1379.022346 
46.108517 
616.816702 
-140.901083 
1600.979492 
2375.902865 
-2429.142770 
-422.393913 
153.957220 
-1743.638957 
949.662217 
324.551167 
-3332.709164 
521.148459 
-1666.128143 
-1242.712831 
-394.808496 
845.163148 
-107.842425 
1331.386491 
-1922.667332 
1004.891072 
1124.112383 
885.673560 
1124.117998 
867.796061 
208.375086 
-188.466528 
434.476388 
-398.176926 
-1205.154429 
147.617491 
-184.138437 
2242.713024 
-2480.523604 
-1365.057415 
118.577525 
-305.118385 
-3065.006526 
-303.870298 
962.640068 
-294.855877 
-506.034389 
-1536.632849 
1541.376786 
-452.516480 
141.999228 
297.419269 
3925.754000 
-136.116279 
512.294043 
1124.104139 
698.584231 
1090.300867 
1362.540996 
1191.668815 
247.461901 
-964.130673 
1187.436030 
29.461812 
2187.456624 
123.473525 
-502.881608 
220.930054 
-332.013371 
-731.229690 
-832.502712 
-1984.433937 
287.495307 
300.254414 
-137.602065 
-249.615588 
-1796.252950 
-360.558298 
-424.236624 
828.815396 
-616.541999 
-929.898344 
-505.489812 
-779.841054 
-858.313370 
-916.849637 
-445.266998 
373.642233 
-2364.239726 
451.618679 
-1187.932457 
262.221102 
2425.842813 
941.137910 
-210.807539 
170.353462 
-309.647788 
79.509656 
627.658145 
1560.911054 
-479.774832 
381.826974 
-757.391535 
-1124.809802 
-246.909570 
-664.181247 
436.023063 
-716.956434 
-1182.306487 
-2051.095010 
1064.496167 
350.740024 
506.148458 
-105.056491 
203.126846 
-68.647453 
170.358065 
153.764499 
-295.421084 
-765.879809 
289.321577 
97.071750 
-370.202720 
-536.601174 
-769.215471 
998.664283 
515.369000 
229.965293 
375.263931 
-1059.087827 
1644.984977 
-23.676695 
-1329.384234 
-180.048173 
-1226.534600 
474.480643 
-425.735911 
-969.281850 
-1340.247825 
-158.273172 
-1320.829421 
56.247832 
193.660757 
-104.783680 
-951.417743 
826.057708 
290.267698 
18.475195 
408.797482 
2375.907433 
-309.320484 
277.532358 
-467.310806 
51.131175 
51.146686 
1589.011239 
-1923.931791 
311.645880 
-630.416574 
42.352251 
1110.249165 
1183.718872 
-123.973338 
51.138640 
-449.286382 
36.849937 
-539.981307 
802.839915 
230.259122 
-1222.350648 
-1160.986982 
1720.209748 
1058.678507 
-565.555729 
-657.750079 
437.159618 
-1306.317268 
413.916785 
382.766579 
206.535700 
3.414844 
-1282.026676 
429.288509 
-127.687761 
580.106323 
149.508594 
-967.406037 
358.274585 
-1320.982235 
1013.910788 
1146.204340 
-812.046761 
-1253.166541 
-966.062926 
-79.780063 
-205.085080 
51.138400 
-1868.459527 
-99.750951 
798.337744 
-4708.304050 
-792.241018 
-797.584596 
-163.851790 
-95.407189 
516.757270 
-188.323453 
289.571320 
228.589222 
665.951507 
229.963864 
-1723.677691 
-2321.412213 
-485.349213 
-544.959408 
-582.027985 
-1327.377516 
-510.683010 
-270.465777 
627.063911 
-80.185218 
-544.961589 
-518.065365 
1422.147364 
18.397811 
-362.724613 
326.257100 
-1627.107305 
-770.622962 
-694.998133 
-1089.531965 
-939.767771 
383.914137 
-884.997549 
-1583.988433 
-542.688714 
157.287909 
-62.930952 
170.352192 
188.640904 
-1239.503940 
-1202.365105 
331.650412 
87.507381 
633.513549 
349.180959 
110.741773 
-1083.837756 
-8.472039 
-1611.226981 
-531.746270 
2309.393725 
-537.635425 
-1961.707781 
-1943.921892 
-843.005169 
550.680669 
1124.713454 
-591.573328 
-2532.057398 
-843.001979 
-115.762145 
-2019.181591 
-1260.477000 
103.215365 
-295.610095 
-895.498439 
-1260.200915 
-965.973437 
-753.080595 
-2.890799 
479.137178 
-843.003990 
861.200313 
-850.170069 
-843.002255 
-427.052885 
-843.000792 
-1516.016131 
-1145.332444 
-783.390625 
-851.514014 
-852.302678 
-832.395394 
-826.540077 
-843.168545 
-843.000003 
-828.954560 
-783.390629 
-860.598427 
-857.941514 
-815.179169 
-869.525072 
-809.984798 
-811.875797 
-836.896402 
-840.901072 
-827.631431 
-843.000002 
-836.822526 
-836.064578 
-842.999999 
-786.642362 
-833.489853 
-839.574582 
-846.418420 
-826.822103 
-840.150816 
-827.709880 
-827.110500 
-863.341141 
-850.485551 
-848.837429 
-849.195506 
-853.257988 
-841.247915 
-868.958606 
-828.043742 
-842.999999 
-850.893127 
-836.064500 
-886.863103 
-851.023793 
-833.383137 
-797.167034 
-860.553122 
-835.600194 
-852.599324 
-783.390626 
-795.054904 
-854.667294 
-839.001163 
-871.512145 
-839.274413 
-822.468114 
-841.462454 
-843.000001 
-844.113118 
-802.082948 
-837.760331 
-849.501956 
-853.017667 
-896.793437 
-864.040397 
-781.268972 
-838.227563 
-873.822375 
-825.846839 
-828.467514 
-840.092993 
-818.225706 
-830.980163 
-793.918383 
-838.538609 
-848.244552 
-806.603698 
-787.116214 
-846.148719 
-835.982296 
-794.774825 
-838.293957 
-864.313119 
-790.119293 
-848.124478 
-836.282326 
-811.768454 
-811.533331 
-843.000001 
-801.359656 
-848.049982 
-826.543953 
-843.000001 
-845.328827 
-825.569192 
-818.788857 
-843.000000 
-857.408034 
-839.241890 
-831.418100 
-847.277991 
-845.725317 
-833.387653 
-797.725114 
-817.148064 
-842.999997 
-844.143798 
-845.096663 
-817.810194 
-844.852026 
-846.070267 
-843.000001 
-844.273750 
-760.005608 
-838.265646 
-858.263980 
-814.104026 
-843.000001 
-796.916588 
-846.992552 
-846.882232 
-827.924582 
-838.054628 
-843.000003 
-845.798233 
-843.000000 
-828.992327 
-854.268597 
-856.167608 
-823.588550 
-788.088265 
-840.248449 
-832.728321 
-863.199118 
-854.108812 
-857.133203 
-786.728771 
-858.056982 
-865.461676 
-824.576645 
-803.341291 
-847.751319 
-898.883790 
-868.658180 
-874.532805 
-806.856577 
-858.097462 
-886.653386 
-836.722886 
-852.930298 
-837.197724 
-872.178946 
-851.369786 
-863.429875 
-848.791385 
-848.852880 
-840.604264 
-783.390624 
-817.512158 
-830.833219 
-847.141362 
-842.999999 
-837.403635 
-845.843234 
-845.894800 
-852.941823 
-840.121628 
-843.048807 
-815.969212 
-818.765016 
-848.995787 
-842.945208 
-836.136143 
-874.078828 
-854.304091 
-843.000001 
-843.000000 
-839.918767 
-844.273748 
-850.527007 
-844.086946 
-834.290824 
-830.654986 
-825.250894 
-857.115535 
-868.242601 
-852.561017 
-842.384894 
-831.502979 
-839.172312 
-860.191364 
-846.312383 
-814.342380 
-835.536936 
-862.248642 
-843.000000 
-854.406360 
-843.000000 
-848.756854 
-848.144575 
-833.137021 
-836.035707 
-844.976743 
-842.999999 
-834.838175 
-880.393903 
-877.396219 
-848.870624 
-852.447073 
-843.877613 
-850.453349 
-840.922743 
-810.480602 
-820.075392 
-819.503626 
-783.390624 
-855.755023 
-843.000000 
-814.725844 
-831.042165 
-849.501954 
-835.528360 
-820.736013 
-819.205867 
-813.986817 
-832.750817 
-831.117247 
-845.795472 
-844.841723 
-839.909233 
-843.155559 
-850.651712 
-839.928981 
-818.132748 
-829.370284 
-846.201828 
-848.296412 
-847.531541 
-806.616527 
-810.384072 
-865.844112 
-843.000001 
-843.000001 
-856.790902 
-813.498132 
-817.175355 
-821.144311 
-810.517623 
-821.504686 
-843.048157 
-847.912190 
-875.322805 
-815.853199 
-811.969785 
-867.210609 
-804.722380 
-832.413635 
-848.399325 
-843.000000 
-843.000001 
-843.000002 
-843.000001 
-844.273751 
-820.274254 
-832.877460 
-843.975669 
-818.711273 
-863.452205 
-826.528767 
-833.891461 
-816.734559 
-842.087234 
-853.200378 
-845.651275 
-836.406453 
-857.544183 
-822.669683 
-830.613210 
-851.546664 
-816.453093 
-869.646185 
-843.000000 
-805.375272 
-867.545512 
-895.279552 
-843.000000 
-818.663810 
-851.023795 
-843.000000 
-856.236281 
-825.000187 
-842.999999 
-842.999999 
-832.164007 
-840.145182 
-783.390627 
-830.201534 
-828.992328 
-841.146802 
-852.489880 
-843.051368 
-842.900606 
-815.644735 
-837.310771 
-858.166781 
-851.402535 
-845.879081 
-859.004166 
-831.740433 
-836.441413 
-841.805858 
-851.510277 
-833.254756 
-820.916557 
-859.686158 
-863.400092 
-837.225116 
-775.868318 
-792.568652 
-861.771742 
-845.725317 
-867.635687 
-849.025635 
-795.397146 
-808.391363 
-849.195506 
-842.031864 
-824.806808 
-843.000001 
-837.496289 
-821.064451 
-836.225912 
-847.659676 
-841.805859 
-840.376658 
-836.864129 
-854.746604 
-843.000000 
-843.000002 
-801.588494 
-852.676294 
-848.346397 
-842.999995 
-842.999999 
-829.535204 
-835.420481 
-830.746252 
-826.359030 
-812.586195 
-843.000000 
-817.592906 
-848.475761 
-851.301444 
-830.414451 
-823.164304 
-828.690021 
-856.477259 
-842.954247 
-838.545638 
-845.888654 
-843.000000 
-843.000000 
-843.000002 
-832.027366 
-836.066747 
-868.301946 
-819.983067 
-804.690905 
-840.379245 
-843.000001 
-841.845022 
-852.000490 
-837.714584 
-839.585690 
-858.807438 
-889.266925 
-837.866474 
-830.365071 
-842.999999 
-831.091318 
-829.114882 
-843.000000 
-843.000002 
-847.115643 
-830.174640 
-840.379245 
-842.999998 
-843.000001 
-796.779109 
-842.999999 
-851.271801 
-804.522034 
-820.351919 
-822.294427 
-843.000001 
-842.999998 
-842.999997 
-843.399104 
-842.027242 
-842.003024 
-835.153328 
-832.061910 
-833.107383 
-805.697627 
-843.000005 
-843.292092 
-856.216924 
-844.852027 
-836.674820 
-834.153278 
-854.853686 
-834.229850 
-839.141585 
-790.608950 
-839.977849 
-838.195802 
-842.999999 
-847.194524 
-841.880495 
-831.650768 
-829.865840 
-793.020320 
-870.885201 
-868.996694 
-819.919880 
-845.679675 
-852.945323 
-856.474545 
-845.913626 
-843.000001 
-838.909024 
-816.269865 
-870.293913 
-895.391051 
-832.301185 
-832.126709 
-832.822123 
-839.987374 
-844.559045 
-853.676013 
-843.000001 
-835.676651 
-835.235081 
-842.999999 
-837.437097 
-814.294235 
-843.000000 
-842.999998 
-848.929857 
-862.588684 
-869.866519 
-845.769071 
-846.078297 
-855.030953 
-842.999999 
-856.017300 
-843.000000 
-840.487805 
-860.056119 
-807.675853 
-848.996547 
-852.781606 
-840.816726 
-863.937141 
-855.023772 
-826.593830 
-845.833267 
-803.963708 
-812.136823 
-840.502375 
-841.263724 
-843.000000 
-841.263462 
-837.084610 
-845.474586 
-852.489879 
-845.671111 
-833.192679 
-843.000000 
-843.000000 
-849.973923 
-843.000000 
-845.433413 
-820.856951 
-835.947838 
-856.918925 
-842.374543 
-847.411917 
-843.000001 
-837.296392 
-828.349326 
-841.396334 
-870.732050 
-843.000000 
-829.741049 
-845.350800 
-830.367614 
-838.762212 
-854.134726 
-840.718676 
-843.678507 
-853.254460 
-819.988584 
-839.793059 
-836.247772 
-843.000000 
-837.191712 
-818.262859 
-843.000003 
-849.348814 
-843.000001 
-855.072837 
-828.068849 
