321.115723 
589.089007 
654.085385 
677.352874 
839.863852 
656.807484 
464.456236 
516.003626 
321.115391 
-59.559039 
-240.051742 
-286.519529 
-558.804620 
-441.479120 
-444.438094 
-407.210646 
-233.936273 
-180.566928 
-131.540420 
-343.691720 
-810.216684 
-810.524463 
-922.664125 
-458.643755 
-358.440921 
-170.184257 
-343.745153 
354.536819 
462.389401 
675.293850 
928.841895 
710.003237 
611.073154 
364.077651 
407.613561 
307.486454 
251.846373 
148.817444 
321.116168 
313.607594 
381.570889 
351.571444 
330.868466 
487.570321 
231.610411 
432.838762 
123.046585 
446.715181 
321.115864 
439.045531 
579.858980 
586.345519 
724.310155 
568.661944 
42.642458 
-271.357609 
-584.196645 
-672.013059 
-1149.593754 
-1319.659849 
-973.488185 
-947.998525 
-522.976008 
-259.031833 
132.708515 
128.818547 
390.317297 
343.621633 
234.867328 
386.094220 
303.641352 
400.899970 
329.502171 
242.499366 
43.255125 
-7.394286 
-333.821371 
-191.785358 
-248.577891 
-287.647189 
-86.223323 
-23.052360 
-135.444790 
-938.495050 
-888.396427 
-522.881543 
-390.039285 
-131.542516 
12.843874 
274.966926 
275.312876 
705.873414 
516.069492 
382.762315 
437.881100 
547.441892 
473.168430 
352.796501 
615.378809 
482.237504 
168.251088 
25.814219 
-16.438511 
-34.930354 
94.788854 
77.536810 
32.868488 
-3.950459 
202.463745 
190.129713 
94.790219 
-127.769455 
-302.122793 
-293.387105 
-868.813275 
-1080.510121 
-1263.180991 
-1394.921779 
-1179.971284 
-747.713681 
-573.619916 
-690.282846 
-131.541084 
-192.167041 
94.789028 
302.611530 
267.538037 
385.954726 
517.197279 
486.337834 
394.556224 
399.309809 
185.942522 
443.165364 
502.183953 
253.459402 
435.992210 
351.505844 
385.147744 
416.758133 
476.470756 
455.503092 
580.651205 
459.104652 
425.058305 
600.368744 
377.947746 
142.147760 
298.571407 
99.014598 
-71.598396 
34.066534 
-221.338066 
-505.539632 
-493.405475 
-557.485383 
-584.195832 
-481.329142 
-790.748044 
-918.122422 
-810.523853 
-577.706536 
-204.826875 
79.266694 
234.689799 
465.133822 
426.906866 
565.372610 
421.960021 
321.338983 
342.632179 
171.022246 
175.012461 
187.872631 
-18.379847 
-131.543182 
-66.226095 
-135.821863 
-478.990002 
-886.108262 
-1347.750216 
-1515.367722 
-1318.094044 
-754.651026 
-468.385571 
-450.963324 
-91.373180 
113.009967 
267.286374 
541.533189 
741.754244 
604.606094 
531.310877 
603.400512 
547.441406 
479.393485 
773.769812 
576.612182 
361.836687 
325.312125 
459.494928 
264.994039 
321.114789 
340.476804 
17.185535 
155.949607 
215.275517 
345.174285 
310.999260 
368.168473 
189.823253 
-41.100373 
166.822541 
-149.855836 
-131.538971 
-258.718260 
124.968956 
-458.373548 
-472.037554 
-520.829510 
-638.990443 
-300.732155 
-407.229487 
-187.237778 
-188.181827 
134.394332 
143.843961 
374.180644 
392.264524 
536.113410 
550.512117 
539.297982 
601.440664 
301.308164 
301.794011 
168.061445 
-94.258136 
132.390167 
158.751040 
174.585997 
321.118069 
321.117455 
76.855572 
122.251933 
273.850840 
382.758650 
460.712742 
675.840909 
357.458383 
296.265011 
609.658408 
500.097058 
408.457103 
839.300215 
803.374092 
618.081826 
516.672689 
207.952701 
321.116012 
94.788868 
94.788255 
-7.061948 
34.451707 
-274.102475 
-637.998232 
-988.652029 
-1145.831318 
-1222.367414 
-870.238716 
-523.441303 
-485.732099 
-83.357341 
-129.312952 
-310.736401 
20.038263 
-85.886563 
-238.107816 
-347.176078 
-420.082918 
-267.324629 
-357.866529 
-351.693823 
-124.897846 
-240.145374 
-131.537680 
180.950025 
100.300758 
321.119271 
-4.739447 
-240.620180 
-357.864962 
-380.497982 
-138.208797 
-67.898457 
-237.627936 
-48.005180 
-36.880093 
-170.869603 
-570.778038 
-583.149600 
-577.197824 
-820.982954 
-554.364529 
-203.717819 
59.503414 
137.792981 
371.021120 
528.237273 
278.540307 
84.182541 
-183.048068 
-530.033670 
-493.681187 
48.911756 
243.208549 
502.515355 
333.189698 
85.016174 
-179.753141 
-397.568208 
-631.535895 
-419.474157 
-275.149924 
-34.980232 
364.075547 
314.157817 
340.083691 
321.113888 
365.967395 
288.467243 
150.407565 
286.449339 
423.670372 
257.716980 
496.889674 
580.539887 
660.607102 
547.442032 
360.801859 
22.785678 
-60.426818 
-380.497641 
-131.542838 
-105.492346 
-12.098378 
116.445480 
-26.412429 
46.184222 
94.786700 
-3.212096 
-190.303118 
-389.256521 
-926.951114 
-1344.658064 
-1642.802228 
-1290.435305 
-888.486251 
-482.292795 
-426.175873 
-131.537241 
101.861955 
-223.482704 
232.410451 
385.844330 
210.481456 
347.931840 
379.687311 
508.533071 
773.776206 
678.204114 
775.385018 
772.848674 
749.892339 
732.031162 
652.143777 
828.425914 
834.693297 
547.448727 
685.990329 
646.566828 
434.282957 
547.451904 
376.857322 
408.406724 
666.968396 
434.293476 
321.117916 
143.983678 
-259.783414 
-1005.905195 
-1255.609880 
-1709.109998 
-1740.545891 
-1715.835764 
-1383.412768 
-810.516017 
-311.136564 
9.974422 
360.445843 
611.451450 
778.753655 
862.280768 
798.833153 
1113.265944 
825.978606 
592.165637 
323.173403 
357.017979 
63.216287 
166.355592 
-8.085285 
-49.407961 
216.350247 
158.576089 
165.253371 
321.117851 
92.728241 
-282.938929 
-192.873795 
-384.496656 
-348.507230 
-586.251106 
-1015.734723 
-954.295615 
-902.833557 
-741.547193 
-283.034030 
453.004095 
660.607134 
901.543430 
869.650146 
848.730333 
956.335406 
851.159781 
629.173899 
515.974707 
411.563634 
366.186687 
219.021900 
-18.379187 
168.332881 
235.800865 
94.786893 
190.513828 
363.819244 
321.114316 
207.949597 
315.305128 
-93.847948 
-149.771056 
-234.464893 
-88.730194 
-244.493561 
94.787439 
150.387383 
207.950246 
471.308210 
437.712853 
250.202566 
210.652377 
-167.722483 
-519.421166 
-776.696072 
-1210.631920 
-991.146953 
-575.475645 
-679.488348 
-500.211583 
-422.481874 
-451.738400 
-131.540447 
-160.019527 
-277.831834 
11.993743 
108.205697 
84.675817 
165.893307 
321.116861 
434.281469 
683.209240 
547.447050 
332.396925 
639.813698 
381.948070 
485.585501 
432.655294 
497.888443 
434.282505 
640.557212 
428.622589 
185.262883 
-156.900617 
-329.572802 
-464.460682 
-489.292006 
-788.732852 
-852.211852 
-845.625766 
-799.461196 
-660.270397 
-731.637453 
-710.652947 
-809.235832 
-888.267320 
-1036.849124 
-829.578140 
-338.477581 
94.793648 
528.955773 
660.613040 
982.494232 
1064.210082 
1000.098666 
-2305.736063 
1448.057964 
1359.997999 
823.935352 
-768.633376 
464.470551 
388.547137 
94.798300 
-2968.371408 
139.617291 
-1879.906382 
1971.494833 
-1029.834982 
755.591283 
1760.567215 
153.409182 
143.359295 
-1489.522989 
-574.018614 
-471.626465 
-584.203418 
-580.360499 
1653.654616 
-766.637431 
701.806459 
-3241.772708 
928.211990 
112.888343 
952.297908 
1262.094562 
-388.156860 
1110.209407 
1735.995805 
-1682.460688 
4327.462524 
-1191.524658 
764.024344 
94.789000 
1193.006124 
509.886048 
-206.682789 
-2882.901159 
1994.330992 
4300.195641 
-1189.707719 
-927.753563 
1642.848679 
321.103928 
858.125287 
2265.400943 
824.241851 
888.075885 
384.773100 
1420.989674 
-1599.899434 
-810.529802 
614.305034 
-1422.592154 
-943.130843 
-1290.919134 
534.352046 
87.241855 
1745.440399 
1492.235898 
-513.229194 
4017.135841 
-981.465831 
-518.815487 
2269.221204 
3817.299846 
2286.985721 
27.701707 
1219.426652 
730.145240 
660.721550 
5188.564842 
793.558786 
554.634900 
481.441812 
2988.195255 
2967.737088 
1258.241829 
460.042838 
1980.057559 
1440.451181 
1961.156870 
6545.159008 
-1697.489804 
4091.018523 
830.770342 
2757.942189 
1442.192051 
-283.023772 
1563.240918 
6092.482841 
-509.475195 
183.775946 
3050.401049 
4051.498318 
-1483.984599 
-364.112306 
763.894231 
584.054301 
3716.038862 
2957.085090 
-3925.898811 
3624.383087 
1704.623044 
759.149300 
1905.415877 
4287.053494 
-673.070720 
-475.967163 
-2173.153979 
1290.708934 
2131.727859 
3062.071290 
-2849.265794 
-2653.459514 
2207.300925 
1138.683350 
2018.584441 
-4433.541337 
1679.081605 
-1071.811686 
875.792334 
-1757.799117 
1647.264439 
-8.722927 
245.088376 
-3785.806641 
-2027.150914 
1275.567346 
610.974400 
-3128.077140 
-947.536417 
391.997315 
207.288623 
-3203.255541 
-590.909929 
101.883242 
2676.891013 
-951.149108 
2051.013895 
-4951.586609 
-5936.834457 
-2503.143557 
-1025.827777 
718.373953 
-291.309072 
276.936189 
1649.332030 
-1534.385400 
145.091618 
-1565.297955 
1000.101115 
-1107.623880 
1804.298956 
-5570.143918 
3489.747598 
-804.693927 
-876.958759 
1679.482067 
-631.576482 
1629.157725 
2499.860279 
-4686.588065 
712.308603 
-1682.545311 
-433.325717 
3561.495181 
-1048.357580 
1937.639762 
321.160163 
1000.138274 
4800.956406 
-4226.898193 
-2792.727648 
647.264202 
1430.971690 
1383.610206 
104.160625 
-940.596697 
944.023126 
-1019.599962 
-4162.396664 
789.912967 
-197.389375 
-286.067822 
1002.608063 
477.207154 
-1941.015602 
-1594.109622 
-131.535546 
2233.629827 
6092.481383 
-6440.158083 
-548.860018 
-731.986912 
686.950820 
-1012.922686 
3037.031094 
2611.389878 
-2668.258790 
-2064.926876 
22.429115 
-1362.762999 
314.167515 
-2172.268305 
-281.784808 
-2603.683845 
-931.593214 
-1881.456729 
94.756767 
614.752565 
-2409.949275 
-2259.377889 
2217.113355 
-1177.788578 
901.170554 
-1237.296489 
803.147581 
-1622.639914 
-738.646350 
-428.664273 
393.940766 
285.719405 
-3909.297443 
870.459736 
797.934557 
2040.425849 
-1091.754140 
-1124.850523 
2921.973713 
-1719.567716 
-1053.984230 
3288.674668 
-1426.473405 
965.588799 
94.771873 
2358.048202 
-718.422740 
-3055.879315 
1187.383715 
-599.830017 
-1820.680122 
3659.216221 
-4830.914836 
2432.871303 
-1195.319121 
679.835440 
1019.447572 
4622.573896 
-3483.245546 
1241.440376 
-2335.836599 
94.786326 
2697.561703 
-810.534088 
2244.901872 
3200.677089 
-3017.645777 
1558.240125 
815.029267 
2910.287995 
-2731.176983 
-1303.661950 
490.307824 
3583.126819 
-4048.529768 
-611.011015 
1726.617641 
-1394.561832 
-2263.556450 
-282.210438 
-1021.790422 
1400.199426 
-1374.043463 
351.543581 
2018.595448 
-1312.207396 
-664.621114 
962.867486 
321.131567 
1534.113378 
-4127.240603 
3376.552284 
1211.573021 
-1712.218639 
2358.083474 
2999.317341 
-3221.609778 
-250.652376 
-5103.688648 
-2617.342101 
-619.143192 
-217.642611 
540.495812 
2973.438928 
-2420.187664 
592.092616 
2382.205152 
4565.191430 
-38.739744 
427.939556 
2634.262986 
-308.436619 
1052.178873 
1263.982105 
2000.564616 
1352.220260 
-81.731794 
-2049.654013 
-1038.012437 
399.726901 
3119.773287 
720.039963 
1659.867994 
-1483.989605 
-4386.423274 
1349.022563 
719.550614 
432.099012 
2098.157361 
-1455.336928 
431.242308 
2131.755460 
972.010378 
2326.957550 
734.821428 
224.440531 
-2923.068591 
2310.214074 
-1225.405352 
-960.954073 
-131.539361 
3829.209276 
2519.229436 
-2140.735894 
-1069.569007 
-3277.546718 
94.795313 
-30.285610 
529.571610 
-1634.677508 
-3840.717217 
246.130259 
2697.564462 
1332.493731 
-1789.647743 
-389.795377 
-699.356913 
-1713.162387 
545.673883 
-1628.382914 
-115.934054 
-160.572604 
-1707.374964 
2018.582878 
-1142.955175 
214.999482 
-341.700148 
-1303.736747 
-1698.545267 
1358.582285 
-3475.524252 
1632.005969 
2923.880749 
1867.968320 
-2808.110037 
988.080809 
-1500.051391 
-810.577587 
-2208.296226 
-2843.717117 
-319.653984 
2471.215114 
467.217955 
58.510840 
547.469863 
1000.052765 
411.565443 
-866.072433 
-2705.968165 
547.402639 
4055.495936 
1818.558734 
-259.784592 
-1116.243673 
1363.826357 
143.610399 
1124.590073 
547.465511 
342.341777 
1113.199861 
1137.458905 
162.341018 
2513.418564 
2647.048192 
-1027.776092 
165.031985 
1474.757325 
2697.581054 
507.055092 
198.764567 
14.669001 
-1170.066104 
1169.780637 
-2306.181909 
887.247749 
144.384451 
2471.676595 
-1915.400228 
1004.233146 
2244.914602 
-2568.146918 
7386.680900 
1126.754609 
838.257692 
-4580.289160 
291.710158 
-709.163832 
-296.536014 
-193.706078 
-1205.114565 
-1033.091025 
2098.914401 
-1263.159934 
-3376.863573 
-415.515179 
350.652646 
-373.273922 
-83.269458 
-2239.289998 
846.203156 
1048.141062 
2634.295838 
-1402.663834 
-357.853068 
-351.248455 
-1363.084608 
547.471439 
-2269.740447 
-2317.039252 
660.632969 
660.625371 
-1983.935355 
-2316.118333 
309.168171 
-1660.943163 
752.991515 
-2639.006536 
321.121513 
-1448.462632 
207.939796 
32.839074 
-2024.192436 
-215.332012 
-305.858115 
-6310.417341 
988.783626 
-2604.521868 
-355.264004 
-303.503201 
-3603.767500 
-1441.912574 
-697.067276 
-3793.817404 
-1407.352346 
-697.365960 
1055.033003 
771.798373 
-5086.934617 
-3080.780088 
-226.838243 
1883.331908 
-1150.036750 
-1263.190561 
-2894.439375 
2244.883455 
-697.267862 
-623.589395 
-1793.899742 
-1820.387292 
-123.179133 
331.576369 
-244.717683 
281.122347 
-1379.344592 
-3340.705214 
-2256.417616 
-1277.327576 
25.521385 
918.943704 
-990.849088 
468.538405 
-1508.669106 
-2021.838721 
-1136.600713 
-4583.397087 
-996.819088 
78.205185 
2273.146173 
-810.514197 
-1436.790534 
-579.556310 
-697.341647 
-1340.291986 
-1828.998839 
-3728.927865 
405.315042 
1905.427249 
-334.825834 
2900.409492 
3027.863017 
5867.451927 
-4315.087837 
-1949.702637 
3033.998806 
3037.061813 
-4212.330242 
4231.136729 
-1269.660606 
1739.467238 
1591.404026 
3201.277311 
6529.392781 
1460.184939 
2447.683085 
3602.880241 
2319.999485 
-991.593023 
8808.423422 
1093.981743 
2707.505039 
842.360947 
-631.279924 
-5729.147133 
-909.855472 
1634.617718 
1062.720351 
1029.861343 
947.624824 
1819.555096 
3340.409420 
1433.703000 
4525.125224 
2897.827999 
3236.573036 
2584.370753 
5307.449885 
-1515.538435 
-3444.873894 
-762.277642 
1109.859150 
8213.886093 
1971.924360 
-2521.777272 
-649.794910 
4621.316441 
1053.282693 
6615.698910 
3268.982544 
4315.451442 
1912.447730 
2416.615606 
1875.836555 
9487.401422 
-1435.523850 
1261.386614 
-207.320341 
-237.648941 
806.410533 
-2414.274206 
2090.270912 
3393.133985 
-319.110291 
4550.731682 
-894.381807 
4016.760607 
2234.579123 
5512.399434 
475.344761 
-510.497403 
953.990874 
1760.888969 
4016.984477 
8020.499681 
-2147.038697 
773.439956 
221.654892 
3252.362909 
4842.694021 
46.571316 
-547.629347 
482.409705 
2965.471204 
-3101.547856 
6092.443982 
-1115.116747 
4781.147837 
2332.904854 
4930.623522 
3151.529993 
-2078.933220 
2153.838296 
5526.646703 
-1538.131295 
3815.372751 
1865.542617 
1665.007174 
-3035.893415 
-1648.547207 
2392.640154 
-2542.290214 
2131.744831 
2379.670512 
-5450.654794 
6917.938834 
236.034401 
5449.699656 
2244.890658 
4494.783330 
-735.792801 
-670.317037 
-3225.678955 
2374.770850 
2810.754979 
2974.798874 
-5042.272193 
-3729.784274 
3219.996539 
143.582652 
1113.330136 
-4487.336432 
2358.088241 
-3096.963291 
763.494825 
2212.486333 
1888.111710 
-916.364264 
811.508696 
-4895.739766 
-2316.453588 
-698.210396 
906.490850 
-67.555596 
-2728.018957 
-3814.608806 
-1397.215084 
-4068.415705 
659.944211 
-166.842058 
885.720195 
-8007.540284 
2490.751693 
-9232.779315 
-6687.878944 
-4507.215945 
405.185895 
-710.867191 
-1678.802437 
-1254.349778 
3656.149807 
-1192.081018 
1400.731388 
-2846.020434 
1905.484438 
-3122.520763 
-409.867720 
-4361.641906 
3942.389727 
-1887.568374 
-3092.611345 
1406.114895 
-610.776877 
-731.229222 
1653.794174 
-8190.408497 
1764.241604 
-2295.924832 
-2695.287267 
4555.509522 
-697.430325 
-1177.388512 
-923.720284 
1113.271691 
4523.271887 
-4276.678183 
-523.890153 
-3084.218616 
-1679.508623 
5774.314773 
-1717.502602 
38.591329 
-1221.112789 
-272.243845 
-4964.829576 
1773.189463 
80.943490 
-1412.110430 
726.695682 
1075.279559 
-2005.291657 
1206.926625 
4395.084008 
4083.153382 
6318.803228 
-6292.223057 
-1806.868126 
-398.187782 
536.827189 
-78.266318 
2810.753112 
-155.217931 
-5849.645232 
-454.097260 
-6404.415317 
828.771754 
3600.525801 
-2500.839045 
-1742.139109 
-3167.261417 
-1490.491810 
1487.920919 
5413.482566 
-1329.803708 
-870.870595 
-3647.375883 
3587.595238 
554.510139 
3121.428018 
-3187.925366 
636.240277 
-1730.095314 
-876.798657 
-2505.233794 
-2531.813621 
-211.427128 
-3951.383965 
320.111276 
2599.528597 
-23.344969 
-1440.030774 
-686.509319 
852.949387 
607.500981 
-1840.514017 
1699.520376 
-1842.210094 
-148.365870 
2584.379780 
6997.790196 
-4632.716676 
-191.755559 
-2457.807831 
865.958344 
-2872.660892 
2844.476986 
-8776.956878 
2082.529205 
-770.508188 
1783.883618 
-1756.909243 
5097.647607 
-3348.996863 
-331.030160 
-1720.122277 
2244.899720 
-357.895794 
3829.185783 
1000.077770 
3529.141323 
-2168.748107 
5208.081331 
-1428.828747 
6146.024542 
-5562.404146 
-1714.764693 
-567.121792 
4085.701164 
-3394.190289 
651.699499 
1.165009 
434.463756 
-4001.478371 
-165.942622 
-3686.331211 
1720.205219 
-1632.140837 
409.628578 
2244.903002 
966.580857 
-2389.411572 
-2012.513779 
3150.218088 
-2752.339733 
-2913.780547 
94.821966 
1959.176423 
-1622.357597 
7224.119529 
343.783568 
-1017.443497 
-2489.441819 
-4976.372437 
-2084.447141 
637.430463 
-641.218378 
-2881.217138 
4641.433512 
-2100.789021 
685.859037 
2714.290753 
2672.329230 
-2071.785956 
778.461062 
1334.033197 
-2076.810296 
2013.754471 
1069.278732 
788.196219 
1482.891041 
-71.901446 
-3152.529033 
-2679.687835 
-556.054299 
2037.001256 
47.476830 
-2284.174847 
-2243.720267 
-2355.609613 
4790.721180 
-429.612574 
2056.023143 
926.247867 
-2035.833359 
1551.969414 
6771.467501 
-6693.462108 
2963.784484 
70.421844 
-658.369421 
-4023.147052 
3039.643878 
-4641.998174 
-812.439273 
2923.887468 
1452.767113 
3030.621047 
-1048.174598 
1662.426435 
-2673.941480 
3150.213937 
-2508.019928 
-100.985813 
-1140.184565 
-5472.848234 
-2851.553909 
2697.571804 
275.568554 
61.010195 
-960.137486 
-2784.614446 
-543.018098 
2980.979539 
-330.316387 
-341.173104 
703.728204 
-1673.431693 
-1489.489129 
-2140.195682 
-3590.115679 
-207.265456 
-2648.738088 
-1903.367459 
-258.944897 
-2553.981497 
2337.985455 
773.803824 
-965.352872 
-2868.427330 
-465.551779 
1751.279139 
42.634306 
-6484.806315 
23.486457 
2197.896380 
660.601410 
332.603519 
1032.148717 
2584.400505 
2697.568029 
-207.111600 
-310.146599 
-1652.980956 
4281.878706 
434.302425 
783.854503 
-1104.747566 
-3135.932885 
3192.233714 
3044.952311 
785.403068 
1339.597942 
-4318.638055 
773.752257 
309.597035 
1668.816695 
2133.826848 
2498.406795 
-919.136329 
431.132800 
4460.249438 
1113.229582 
3160.648939 
-2756.207172 
356.681572 
-3935.635210 
834.929468 
-2682.942225 
28.038660 
-1312.587023 
3628.960975 
-687.880461 
2175.217714 
1792.234409 
-942.401946 
5987.623017 
407.254280 
2821.376278 
-3495.051914 
-1542.628200 
673.277727 
-1415.365632 
-609.935141 
-906.363527 
-1492.539675 
-82.720804 
-131.556942 
-3290.958692 
445.207801 
-2168.613427 
-3820.424650 
2084.189662 
-2192.890582 
1399.401549 
1085.361184 
571.525379 
-1007.228882 
-18.389515 
-774.465571 
-3400.153069 
94.775911 
-3451.464806 
-5132.699378 
321.113020 
547.434668 
-3129.655376 
-3166.213082 
-2967.467246 
-1007.031071 
198.422711 
-3126.463934 
660.582367 
-1908.594464 
-1489.520104 
-934.954255 
-2395.898941 
-1573.330321 
1789.874376 
-4653.839814 
291.521208 
-2884.245172 
-1102.826125 
344.094783 
-560.383545 
-2586.533252 
-1045.312593 
-2869.897924 
-30.568783 
-1263.190889 
-613.963781 
978.911102 
-4112.668193 
-3333.917518 
-1445.931573 
2284.878906 
-584.206614 
2471.219382 
-2180.945360 
660.586241 
2470.755059 
-538.004602 
-524.500207 
-2200.912757 
-1545.032181 
649.681185 
-1602.672538 
-346.948862 
-2457.071814 
-2402.161287 
-3043.560576 
-230.553021 
-2291.557111 
-1267.464761 
-673.323642 
-2914.366438 
-2337.693758 
1429.665097 
-2025.423585 
-2747.390905 
393.855742 
-1829.934513 
-722.300816 
-1602.670623 
-564.445804 
594.957289 
-1828.980887 
-1237.225882 
-1828.968559 
-3889.575006 
63.835874 
5074.035720 
1175.954387 
-3154.535090 
4564.594541 
-359.801950 
-3869.643893 
4447.860048 
1136.632760 
4395.036290 
-2840.056446 
3087.516400 
-994.124760 
3307.667107 
1880.271365 
4780.359538 
2623.587210 
-1191.008050 
-840.331901 
2471.261800 
2268.831774 
2181.931427 
1905.441793 
2542.914208 
4018.424243 
-4770.148601 
1374.094715 
-1940.799927 
2701.076216 
2944.907472 
1700.764764 
3234.969111 
1250.482909 
1394.648515 
2013.575479 
1708.200069 
1123.286896 
400.277260 
-2680.119722 
1226.433936 
3974.660566 
-22.879737 
1465.132555 
1991.321810 
-1523.851798 
9648.850620 
3656.309801 
1330.569617 
-1649.648183 
3376.557620 
973.110058 
5600.473417 
-548.350233 
659.316127 
-831.754787 
1986.235181 
-1900.418229 
4055.524234 
1113.916538 
-3462.051470 
963.036428 
2105.899508 
2332.887304 
313.170511 
-486.027046 
2751.381898 
-1288.839561 
3567.524759 
-968.292839 
-3299.225400 
4701.059297 
-432.677126 
1730.704849 
2425.997798 
210.175154 
-644.362775 
4332.011333 
10972.669223 
234.115825 
942.188010 
-341.724541 
2428.222090 
3571.176688 
-751.065398 
-165.789394 
-697.158950 
-880.797738 
-485.093113 
4508.174195 
190.918150 
4993.868256 
2081.665647 
1430.112360 
2318.662812 
665.948615 
-2446.554624 
5187.162922 
-605.714151 
1086.915824 
2361.263092 
-80.280375 
649.529388 
-2784.661257 
485.349381 
-3145.082904 
4168.729772 
3448.914924 
-6483.340686 
-3488.888413 
2139.261114 
-2002.118096 
1452.826914 
3774.627108 
-1358.919965 
3996.271212 
-3350.998396 
-1230.023340 
2810.763401 
2026.722365 
-2956.454976 
1410.372115 
5086.859873 
171.336737 
321.167751 
936.615104 
9261.110994 
125.336281 
944.600661 
-2006.503677 
2976.350348 
-3396.543269 
1645.264517 
-1037.275755 
1680.637500 
701.477316 
-1070.058986 
-2512.381317 
11.806361 
-6969.282764 
-1811.920285 
395.221313 
-427.267279 
1615.428542 
167.555218 
-2443.313904 
3536.740159 
-2323.709236 
-3038.692563 
-3261.475102 
-1337.145974 
2064.410136 
2612.161865 
3846.125834 
858.201127 
-1823.113970 
496.469867 
-176.435713 
5639.804905 
1787.636285 
-2382.957754 
-4311.281824 
3489.686600 
578.704501 
-633.787181 
2793.692678 
-467.304576 
-648.192373 
654.951406 
-2513.530782 
1935.503944 
-138.068566 
-3665.083818 
1828.537565 
-991.796909 
-4869.187367 
-584.199332 
2075.174690 
1255.412499 
3396.355546 
-1654.774793 
-3039.148758 
1438.569729 
642.581369 
-2419.385248 
668.666141 
-2860.597546 
-1379.871710 
-1577.606610 
2025.266416 
154.189518 
781.826189 
4607.586672 
-666.675475 
-2309.797111 
-879.221523 
4621.361008 
387.790493 
6318.814494 
-3483.008047 
-928.998166 
-2269.590521 
-1083.293346 
343.843799 
3602.869227 
-11.581031 
-12545.069619 
-4540.836159 
4800.036339 
-165.084149 
4276.013735 
-2355.164284 
1074.913311 
891.228853 
-121.879633 
-1875.741362 
5413.512401 
-356.976361 
-5057.925010 
-2864.504268 
2901.846427 
-3439.102053 
-1788.338027 
755.689088 
4858.571614 
492.794826 
-2835.611057 
460.473792 
-785.751768 
405.741573 
-1245.673183 
1634.492550 
1333.236017 
1344.620233 
371.574485 
-1054.187879 
-205.050119 
2284.394387 
-4203.385891 
822.681746 
-2757.407362 
-1780.571763 
1679.088941 
5639.834181 
-5445.067913 
-1063.136728 
-376.107698 
-286.725126 
1059.605331 
2707.680189 
-6085.632310 
1211.649477 
-1448.217815 
1704.801678 
-962.323385 
1222.324957 
-379.184196 
-44.384440 
237.240067 
4734.523856 
434.288626 
3376.559658 
2358.072743 
-2502.253916 
-268.454722 
1736.942964 
-1222.382481 
2609.069776 
-1600.481233 
-5384.893690 
1413.122221 
4441.992781 
-337.830156 
-1840.388757 
-2020.174853 
374.521872 
-2103.480694 
517.956411 
-2423.207722 
1110.761095 
-746.929287 
68.043762 
1339.579602 
-3100.276866 
-2243.883221 
234.478955 
3602.861137 
154.932700 
-1908.604013 
547.420145 
579.906323 
265.317412 
6997.780186 
-742.627437 
-1885.020034 
-1745.222092 
-3264.800952 
1933.049048 
-666.866203 
321.012478 
-532.353194 
1250.247435 
-1180.654481 
284.225515 
-1841.045667 
-396.378535 
-3951.830230 
853.930890 
1428.199760 
-2413.551558 
-2283.341289 
-3347.961437 
132.107582 
-701.241897 
-16.940602 
-589.248945 
-2670.095587 
-1237.740190 
-91.840226 
3405.179856 
-1143.123427 
-4216.525654 
-4313.999738 
2017.236573 
-1357.596654 
-863.649199 
1892.852474 
-282.427765 
347.918096 
7224.134157 
-88.621826 
1686.776566 
635.866176 
-369.820431 
3328.741375 
1575.990840 
-1379.077749 
-1023.154736 
2244.918834 
2018.586452 
1577.909892 
-1237.405056 
-3426.158339 
-5088.120215 
4281.863605 
-2499.793702 
-597.217098 
416.819964 
-141.444865 
-1834.435595 
1339.597610 
-797.945320 
842.999875 
1154.987848 
-2783.448958 
988.289482 
-281.390283 
702.494177 
821.493432 
4325.728412 
-307.222707 
-131.544027 
-1623.950858 
-1524.872094 
1358.933835 
-990.538668 
-1775.960592 
1645.092386 
-2004.434927 
2737.997688 
-131.536227 
-556.587836 
-4165.702790 
447.654053 
-210.818318 
-1080.659104 
-614.245576 
-318.872079 
1455.935477 
-131.532654 
17.524971 
289.544781 
1792.257180 
660.613959 
-664.627634 
-161.555583 
-2686.305880 
3602.877849 
1113.285285 
834.498270 
-2553.251018 
-3254.671190 
-658.681698 
2863.626598 
-799.717885 
2697.568075 
-202.256108 
94.811905 
-319.235193 
1759.798560 
-289.745759 
3488.040218 
-1551.632856 
-2819.043719 
275.555886 
3037.067353 
-1512.653486 
1715.790260 
-878.528434 
-4177.566222 
-2575.289838 
-154.400641 
-2719.887290 
-1109.979564 
-192.102293 
-225.443995 
2722.581443 
1339.589324 
-3661.723501 
-565.376205 
-1108.424259 
1801.138585 
-2287.416246 
64.781494 
-2660.907397 
-3972.392590 
-963.921653 
1833.872580 
1560.398181 
792.881295 
321.113230 
-2906.646988 
1496.391418 
242.010156 
-4324.821366 
1395.984319 
-2357.138513 
-2413.212437 
-1135.779578 
860.808354 
-3613.928879 
321.098900 
-3016.962872 
-2283.353744 
434.275187 
-4989.049320 
-4335.125129 
207.934688 
94.783142 
-1825.948247 
-2027.944024 
-1560.709306 
-330.639950 
-691.304380 
-2349.041839 
660.616008 
-2117.668383 
207.960283 
-489.907633 
1448.860707 
-2435.163069 
-1212.988389 
-1600.373678 
-1417.181977 
-2177.584237 
-1694.760544 
1346.097370 
-1429.308330 
-671.549955 
-1863.210972 
57.312229 
109.033665 
207.965564 
-917.581617 
750.612247 
-3942.990489 
-1211.317915 
2750.893110 
-762.139747 
94.790499 
-18.369615 
-1893.817332 
-584.179159 
149.390062 
-2849.327067 
-193.334604 
-1708.846785 
-3299.326535 
1648.656429 
547.448516 
-1727.554851 
484.195752 
-1599.887510 
-3625.079515 
-1793.648136 
-1142.858281 
-1458.373613 
-2969.608322 
-1109.608707 
-226.940378 
888.920393 
-1584.591982 
-3656.500287 
257.393015 
-1897.218120 
-639.922547 
434.276881 
-1696.996649 
-2753.437671 
-1829.020692 
-277.773921 
-1829.011143 
-3086.688822 
-4660.430107 
5866.166107 
-8.049341 
-1440.271644 
2910.935241 
-636.470513 
-5328.712219 
-1346.165898 
1769.301215 
6545.144180 
-719.542673 
2270.374245 
-1256.608078 
1701.734407 
1852.398827 
3029.044340 
750.944410 
-2906.740821 
106.796579 
547.457946 
-435.271585 
3295.002714 
3263.396245 
3218.000918 
3517.130170 
-3094.151155 
-1303.910617 
5101.451363 
4836.273168 
2335.100219 
-4313.830642 
498.368270 
1810.499273 
1520.451075 
3542.500282 
-3484.791942 
2209.317677 
-717.967931 
-1616.123429 
8355.780733 
6552.155167 
-3152.821776 
-2337.775191 
1887.445035 
3231.422816 
7412.501443 
3550.513364 
-4141.274976 
-1760.992292 
1226.447808 
3083.046270 
869.985230 
-1100.732743 
-23.060469 
-2140.181726 
-1184.207122 
3325.154873 
2810.738094 
3606.115623 
-834.046645 
2229.734494 
-2445.658527 
255.377287 
-647.442119 
2507.448450 
3414.410292 
248.034036 
1229.764353 
-462.573965 
3555.433286 
6020.805080 
999.312182 
405.391038 
467.436058 
-714.381250 
-668.023965 
4149.508461 
4551.087202 
-1282.153635 
-1506.594648 
3037.659628 
2341.976422 
3246.146501 
-2912.060083 
-1620.912371 
-2543.224693 
4186.669849 
585.860607 
1679.099978 
1433.679014 
607.969334 
-2285.371522 
5413.485927 
1643.247162 
666.678754 
-2360.140628 
3602.867059 
203.791207 
2095.400719 
1386.443703 
749.661195 
-5227.425100 
-1170.842295 
1283.343966 
-118.086928 
7676.774156 
2147.003207 
-5441.013411 
-1542.577081 
490.677198 
-980.720977 
2358.064429 
-780.196781 
-1748.231456 
-605.546053 
-3022.301373 
961.656156 
3602.902763 
-639.919597 
-4565.390153 
-2799.711195 
-1402.882325 
929.429688 
3716.031232 
1052.926267 
547.493487 
-692.893230 
1168.659508 
-1015.338228 
5207.159968 
-3364.604050 
136.502753 
-979.169582 
-15.205695 
2795.499474 
-1888.895013 
-1454.797083 
-2123.287617 
-507.018701 
297.433852 
-1017.353482 
1382.259815 
-6397.914633 
-287.247893 
-1596.950867 
3294.171953 
-1487.315199 
-3084.526630 
-1219.720406 
-3614.499033 
4835.575221 
3122.373418 
-1423.068203 
247.475322 
-1664.465095 
1596.116928 
959.765568 
94.801546 
1053.469117 
-969.141595 
-842.589996 
4508.182036 
-2859.702815 
-4113.181351 
676.088444 
3912.055787 
1562.808116 
3423.345746 
-3022.549593 
-2145.584688 
617.390255 
-873.454553 
-518.931550 
-6.952859 
-5199.471394 
2131.720952 
3206.780683 
3808.835756 
-1922.911722 
-1764.680534 
-1469.223051 
1144.680580 
-654.291751 
-491.899483 
457.381421 
346.705864 
1816.323447 
544.994351 
2537.128420 
-1371.318545 
286.053943 
851.871382 
38.391591 
3709.793641 
-736.022680 
4960.832920 
2909.915419 
4281.858479 
-4954.342565 
-2817.658386 
-1811.336581 
-1325.775549 
50.385573 
3489.715901 
693.118990 
-3525.451450 
-2336.559176 
622.594402 
231.996984 
1657.982854 
-1248.039482 
1245.847568 
986.632696 
-5055.575266 
520.360942 
2923.914666 
4416.423049 
3874.493987 
-4152.772138 
-3949.630109 
383.453262 
1334.363835 
2785.336095 
-1387.366653 
-159.473448 
-3009.163737 
-540.530749 
1757.058652 
2139.365909 
1642.056853 
86.747768 
2143.726833 
-92.991843 
-2083.603987 
-770.122481 
-1138.068772 
-3205.167017 
254.430599 
951.358705 
-2410.133732 
-996.924055 
8808.418913 
3263.381334 
-3843.379832 
-1332.404274 
-1729.545416 
41.880247 
4369.624304 
-1481.743214 
-5066.503233 
-541.681096 
2106.724206 
144.969107 
-1140.772437 
3622.788319 
245.057877 
-448.870064 
-3318.246161 
-1036.864518 
-1036.867442 
1226.423353 
4734.503647 
-2590.829892 
-2916.826374 
3829.177587 
-1745.124169 
978.079493 
1133.930571 
-629.234997 
247.798275 
2616.839951 
-3141.628275 
-1471.470508 
938.982741 
206.374836 
-2840.113997 
347.304130 
-1455.635878 
-237.001966 
-800.013146 
-407.264647 
94.798974 
-2045.765190 
-1335.277303 
-1917.739876 
94.802461 
524.350811 
-9726.980095 
1905.429591 
4986.333677 
2356.614805 
3376.570082 
826.581385 
-4637.962142 
-5.282666 
-3158.664005 
-568.737897 
-692.930235 
2519.960717 
-570.018543 
-348.363757 
-1652.547976 
4513.562046 
-1471.894411 
244.026542 
424.808104 
-1419.537000 
1397.361166 
1030.253164 
-1409.342589 
1035.331850 
2994.226124 
-1941.033950 
-1027.994968 
-29.932495 
493.224004 
1664.484839 
3513.665234 
-3298.812788 
-445.606624 
996.590619 
-1865.984628 
2636.081366 
-1812.495474 
-363.120028 
404.059744 
991.797735 
4799.620626 
2244.903494 
-962.747122 
-1995.151126 
-336.539208 
-12.006794 
1035.321868 
3390.661792 
-938.392939 
-1071.077260 
2018.563629 
2018.569797 
19.071437 
1574.782257 
-746.439131 
705.895622 
434.265331 
1728.048768 
-3111.845777 
942.081912 
-81.820856 
-1154.343265 
94.786682 
-156.235132 
-3785.428399 
344.414756 
2698.300830 
756.322238 
-348.087240 
-600.682108 
-3923.975797 
1837.142463 
-98.276843 
2923.895535 
3072.417785 
-5605.846302 
1488.933601 
1048.300184 
-1980.679410 
2064.996601 
-2774.312307 
919.983876 
1792.273031 
-1722.806343 
-762.564745 
-1696.012640 
-450.164789 
-317.653685 
-5811.259885 
-2821.276946 
-1056.725250 
-357.820456 
-1019.816186 
1173.147164 
1113.309729 
-244.689513 
-337.070972 
1090.199181 
-1086.775220 
1113.301971 
321.149232 
-99.028735 
-3639.586435 
286.696165 
414.630503 
-889.806341 
757.254925 
321.127397 
-1680.436624 
2697.623469 
3078.177534 
-1629.017145 
1159.755875 
-512.025582 
-1077.482064 
-4496.316579 
4094.191190 
-2281.682627 
1677.724968 
-1984.696284 
2542.746877 
-382.567604 
138.685528 
519.615555 
-128.274262 
-1530.182076 
10828.550140 
-1571.308607 
3860.444480 
434.297483 
-945.614787 
-2453.729206 
925.872610 
992.373927 
-609.919985 
-1156.449719 
-417.806685 
-1170.444404 
490.588214 
-2144.983329 
384.406483 
1006.427015 
-1036.846896 
-1306.293604 
-240.284901 
462.474090 
1695.472204 
1271.338580 
-1860.916520 
-3564.127712 
-1828.036796 
137.838424 
854.611217 
-810.507245 
-784.503789 
-2577.177220 
660.590802 
-2283.732237 
2907.823343 
434.287807 
-357.857271 
-2475.518948 
-4274.190911 
-1429.561014 
1317.372024 
-1316.352285 
-2867.473368 
-244.692331 
-1022.225710 
-244.697880 
-2645.624454 
2141.432968 
284.070907 
-2255.608682 
-3682.040544 
-3160.457499 
-2248.322396 
639.803764 
-114.609476 
-2005.612755 
-373.652974 
-2613.583797 
-1414.917357 
-1627.244632 
-357.870256 
-1765.475184 
940.950619 
-2522.055127 
-1814.839663 
-948.366942 
-792.174751 
2018.570180 
-357.870191 
-6861.439209 
94.798181 
-3438.392263 
-2345.731383 
-4515.437060 
-1470.102558 
-2989.245368 
-420.590365 
207.956896 
1625.869247 
-2013.703753 
-2513.843019 
-1006.049378 
-1588.529298 
-1465.935083 
-563.129811 
-2998.741726 
-2440.162568 
-352.618156 
-3156.928801 
76.344912 
-2273.150690 
2913.690812 
-4519.301899 
1157.076218 
-1828.996103 
-1546.056682 
-1137.737413 
-1828.994076 
-707.735875 
-1828.997223 
-4272.441478 
-1354.316304 
6318.831023 
-1317.544488 
5.922074 
6030.600972 
-864.907603 
-3879.567662 
-983.993428 
-708.643340 
7450.497040 
-5320.969878 
3480.415923 
-467.574982 
-197.207892 
-298.042886 
8498.902890 
2478.232585 
-2137.065957 
1360.298939 
2018.606040 
-562.480246 
4447.434238 
2358.091766 
1509.989649 
2053.105583 
-1754.927755 
-1477.331084 
4839.410282 
3204.432687 
786.610223 
-2922.250825 
-680.954475 
-750.648030 
1702.636261 
2190.773720 
-3980.434099 
1369.348811 
-616.247852 
-1904.672910 
7676.750106 
4594.541235 
490.948212 
-579.190036 
1247.240426 
2338.016778 
7492.880409 
137.785017 
-2532.391510 
-1239.123565 
1452.736856 
-482.891690 
994.395805 
206.657981 
1120.523119 
-1319.801167 
-1802.918941 
798.806541 
2810.701517 
935.506658 
-3581.539992 
-825.492403 
-4657.727737 
-539.553032 
-2911.928547 
-558.887357 
1334.131338 
-2089.221722 
-314.579459 
-2901.909712 
5736.308162 
4319.759272 
1296.298806 
523.632615 
-1623.502098 
-1840.007708 
107.043916 
4517.703861 
968.519192 
566.998109 
-237.178515 
-562.756005 
2445.941063 
944.498173 
-108.658572 
-4172.860146 
-1417.862937 
454.621457 
399.314291 
4847.679622 
-47.212225 
-74.404784 
-896.585569 
4206.431001 
3030.425788 
173.658392 
2093.407144 
3489.733552 
-66.023942 
-1086.794350 
330.508944 
-3304.815362 
-1256.273219 
-985.147167 
2735.039209 
1632.456402 
5639.826271 
2285.292282 
-3352.709738 
2546.781729 
746.250521 
-1247.991807 
7224.117992 
1144.118304 
1354.606377 
1957.918819 
-625.139785 
1051.437749 
2131.762010 
3105.288457 
-1932.770940 
294.705135 
-426.924719 
1154.033532 
9713.721276 
-2952.206702 
2131.743276 
-16.761632 
2755.219709 
1534.107388 
3826.291731 
765.971089 
523.314584 
90.745239 
755.252909 
3362.541556 
-653.922312 
-4244.832282 
594.294774 
-2517.859076 
17.849630 
144.526739 
2296.064996 
-5775.648197 
1542.859610 
-1490.330452 
523.800337 
-2267.893130 
-3268.631779 
2332.907749 
-1679.533378 
5126.483925 
-2458.263259 
336.823426 
652.999471 
-1092.578815 
2148.821643 
426.911245 
1679.084844 
595.114906 
352.715424 
-1519.106531 
1452.762508 
-531.234502 
-2217.583362 
1726.298159 
1892.766529 
681.714740 
2827.608715 
1974.355685 
-3897.243062 
-883.472330 
-921.333806 
-2649.262696 
2243.033970 
-7642.433035 
3829.223046 
4225.291244 
5.900208 
-2847.277634 
-2562.245511 
-1888.184416 
-1202.077215 
-495.500227 
-2486.587369 
-643.073993 
356.717603 
335.753415 
75.780281 
-1882.597000 
-880.569996 
1984.338680 
-1784.391835 
2280.806464 
4223.140261 
-156.017257 
3037.060537 
2689.166612 
3150.233755 
-5355.829688 
-4733.608499 
-4605.838581 
-60.451605 
609.749236 
4734.507686 
1980.829396 
-9405.353418 
-2578.290284 
-589.583732 
-178.104823 
-392.158939 
-1183.784092 
-1430.030427 
1355.111470 
-1603.434559 
-1643.124897 
1905.393868 
3440.399416 
2448.598241 
-3403.001830 
-1450.372448 
2018.971845 
1792.614933 
1740.025476 
1208.698809 
-3177.972427 
-4019.802503 
1382.466802 
1277.921845 
266.888565 
1514.978985 
-992.307872 
257.475371 
-922.068306 
828.306869 
-758.564372 
-248.300728 
-3500.673068 
-1450.469558 
1125.578372 
-1976.463508 
-1669.969112 
2131.742175 
3489.723728 
-1358.905564 
-4280.895432 
2758.179797 
-3534.755603 
-1915.147073 
-2764.368225 
-4104.952525 
1417.289286 
1683.318470 
2492.352277 
-1927.549141 
3602.626620 
5988.672781 
2445.826762 
-2758.522722 
94.811764 
2923.895587 
4960.869818 
2244.941448 
540.579880 
-1159.305853 
5209.830476 
1878.072300 
127.703836 
-892.361319 
373.907221 
1562.557643 
3470.218673 
-1901.776358 
-3121.350975 
1238.786198 
-2309.496522 
-3122.670789 
-1418.966753 
-899.200951 
820.238690 
-1573.968643 
-5081.366844 
-1036.838398 
-374.827563 
-407.522806 
-1636.281545 
1000.116400 
881.637032 
-3760.699571 
6771.470908 
3400.446738 
489.974426 
3376.554494 
-1225.461098 
-2392.615808 
-2695.514592 
3390.692579 
-2950.775091 
-1148.331543 
524.397453 
-2543.350324 
-756.108531 
-4550.208396 
-2808.267832 
-90.956287 
-3976.534754 
-1443.696268 
-981.778772 
3069.585374 
2274.313409 
4202.231655 
-995.021092 
-1106.002867 
1615.549846 
1039.146007 
423.217099 
-2342.866163 
866.930513 
2982.193061 
1359.008079 
279.821866 
-3180.042167 
-1681.548557 
1091.900518 
-1718.912050 
-932.862786 
1104.430860 
1296.310428 
1831.907823 
-810.501159 
-1184.249749 
-74.010333 
1038.416252 
2341.359284 
815.612839 
1600.469863 
-1454.569740 
-1295.319645 
1792.261474 
207.970000 
-1984.493256 
653.229029 
476.776144 
-2311.698455 
94.824080 
3079.943187 
948.192861 
1517.184849 
69.147246 
-572.230501 
2923.907682 
-1590.647573 
-1325.235602 
-1551.959693 
3099.150168 
-164.432621 
1025.743195 
1259.000510 
-988.999368 
4488.537009 
1656.332436 
94.798787 
-6808.182758 
-4742.958120 
1282.408378 
-839.361589 
-2585.181289 
599.452744 
-3505.134472 
-554.652673 
547.430896 
-3987.418970 
-4.269261 
701.548036 
-2240.788127 
-923.693296 
-7379.969383 
-1694.804792 
-1329.099802 
1226.421924 
637.348010 
-844.797303 
660.594913 
547.448133 
1958.974737 
-1270.856899 
-1724.016113 
-131.536388 
-131.528066 
-384.756237 
343.741022 
-10.981101 
-3.687651 
-919.831632 
-1537.653838 
1792.189738 
-2154.391390 
1792.230195 
1610.754963 
-2429.531301 
-32.619145 
-1030.330670 
-967.850823 
-1466.381775 
1660.306613 
3829.124594 
634.328323 
796.680198 
-1305.791232 
-1876.546907 
-216.435691 
-220.610536 
-3189.525280 
504.310833 
10924.098474 
-2174.255629 
2518.496847 
660.617187 
-2321.708908 
2298.207721 
-1541.954780 
442.418703 
-2871.582718 
769.318962 
-3191.444626 
-1268.615909 
-553.315873 
-1898.112921 
542.376926 
-143.838184 
660.616017 
-2212.950574 
-633.457435 
79.623718 
753.880666 
-1389.483843 
-1254.062503 
-811.843627 
-2226.011691 
2930.986247 
-1442.830901 
207.967714 
605.127184 
-4073.461176 
-18.373906 
-763.932849 
-1332.835180 
94.788117 
207.949271 
-4922.964329 
-3637.694658 
1447.374077 
299.674777 
-433.279568 
-1901.800975 
-18.374119 
416.882574 
-131.532694 
-648.497654 
-960.844441 
-1265.174008 
-1702.483140 
-1290.716028 
-47.505960 
-1842.074431 
1495.266894 
-230.872054 
-1814.330386 
-1837.183456 
-1864.624982 
-1855.292313 
-395.733350 
1565.917110 
-1060.045738 
-2801.027555 
-1684.431811 
-280.092073 
-776.484402 
-149.319577 
-244.711788 
-244.698144 
-5042.828414 
-357.859200 
3333.258672 
-2347.314630 
-2707.971879 
-2385.448815 
-1230.123584 
1632.063013 
-1829.004161 
9.873061 
174.867820 
-1861.600610 
-2022.695543 
-18.381083 
-2189.878811 
1549.235626 
-1562.555049 
-3468.594435 
-2083.519288 
1781.521100 
670.702844 
-2204.456962 
-1464.164387 
-3803.146343 
1288.515911 
-1829.014159 
286.996113 
2687.972435 
-1828.999266 
-1266.084281 
-1828.999550 
-3469.551282 
472.665782 
5753.026917 
-3276.637633 
-1583.948635 
5327.017093 
329.845108 
-3359.116116 
343.778828 
786.370861 
2131.778467 
-3795.230176 
278.095419 
2916.074550 
424.007162 
1754.697940 
7297.002703 
3552.213736 
-28.759590 
3274.166059 
2697.565241 
3529.849363 
3100.152853 
6092.501238 
5217.070997 
1099.970244 
-5288.742567 
-287.429696 
5254.694354 
3243.620988 
2205.066024 
1303.815199 
-14.345929 
837.307619 
2789.368561 
549.513136 
-898.137227 
1206.649434 
901.341543 
1982.151707 
2584.386597 
3752.854731 
3358.965231 
308.523217 
252.705192 
2616.828558 
7289.573047 
2750.060332 
633.022096 
-1605.216201 
5413.441855 
349.256658 
4987.951521 
-1056.933400 
2745.391863 
-789.377854 
6423.384744 
-2573.727501 
5866.118844 
1280.532726 
-722.422681 
631.582237 
-1810.345155 
-32.851527 
1445.243708 
-2024.043455 
2328.508783 
-3007.953902 
-3660.085014 
-1481.873641 
2936.024192 
1277.022058 
-598.299837 
115.121698 
-1950.460940 
873.909470 
1190.904440 
7150.484957 
11086.733189 
-2934.591650 
424.195179 
2578.029369 
1093.909408 
48.429683 
141.251802 
-3917.245301 
-2506.445095 
-603.396539 
27.122234 
5300.340245 
-319.815789 
84.732710 
517.058749 
2275.059307 
3690.265287 
-1716.408140 
-646.328498 
4168.611613 
-2426.162961 
-1283.924980 
5083.996285 
-171.303509 
917.238358 
4210.634474 
386.685090 
819.415443 
6997.702994 
2024.982286 
-3932.808154 
3663.938254 
-340.030901 
-943.460246 
8355.627842 
2145.186490 
-1472.464656 
1808.687713 
-250.581703 
3169.294809 
1452.734513 
4262.242630 
-3375.015543 
-2318.863644 
1038.444989 
587.838420 
7223.973597 
-2583.015792 
2357.880767 
948.418779 
3817.018677 
1943.044358 
2821.547329 
727.544352 
1929.133465 
-39.396896 
790.629889 
-163.983697 
-1348.892187 
-2375.344846 
-1170.462222 
-815.346898 
-4383.468625 
2096.811141 
1835.298299 
-1128.813097 
-604.429710 
-2425.540140 
2337.545785 
-3184.132116 
-6043.328448 
-1227.741977 
708.016798 
1611.650355 
-3821.083557 
1944.896103 
690.125816 
1747.587488 
1342.843459 
4472.431583 
3263.403457 
-741.540653 
294.711735 
-837.214412 
1679.126389 
-3698.087088 
-3141.978634 
3777.472963 
-3105.765920 
848.795626 
2258.840000 
1000.850490 
-2529.009266 
-1052.688071 
-1604.981018 
60.526040 
5306.155175 
-4605.017541 
2697.540040 
3037.057564 
432.665549 
2209.576728 
150.292584 
4098.876171 
-1238.599230 
2035.448786 
-3592.297843 
-839.825206 
-2984.755074 
-1682.681164 
-504.502459 
523.941628 
989.308978 
577.884171 
3353.212383 
5222.371384 
1727.696394 
5598.335130 
3150.216616 
2177.747276 
2697.527063 
-4635.404554 
-3782.296993 
-66.146474 
-2729.679771 
4531.367203 
3829.153449 
1323.500366 
-7873.102692 
2644.966130 
-2848.318737 
2548.585922 
2866.651421 
-3828.637763 
-3990.587547 
1406.428002 
-2161.430477 
585.939539 
3037.019963 
3131.591525 
-4228.049717 
522.917418 
2120.883381 
-2036.691184 
3271.863741 
-652.203679 
-85.702744 
-2328.461381 
-368.719391 
-403.786989 
-730.158423 
832.415105 
-1940.319215 
-389.093940 
-2181.692104 
68.230746 
1377.525045 
-1113.581570 
760.273827 
-2526.212516 
-3481.251924 
1656.990758 
3178.059489 
-850.274937 
5074.044233 
7224.134292 
-2985.031335 
-1892.296418 
247.882220 
-2888.074417 
-11.971912 
835.879366 
-7684.059325 
617.067730 
-719.675995 
232.070169 
-1653.260228 
1429.537977 
4262.205600 
1584.872135 
-2010.791859 
2471.229172 
1226.436600 
2131.769879 
2584.444570 
3352.412987 
-1105.654888 
5207.904173 
2274.286418 
-24.251896 
-5081.401781 
-2019.310586 
1195.659227 
2562.249581 
-3295.506841 
-1659.343581 
-2811.319355 
-1531.829536 
-2361.842841 
126.714407 
-675.257365 
812.768343 
-2844.952082 
-4625.849893 
2697.520047 
659.962111 
2588.447612 
-3908.589164 
5187.130063 
-2465.024058 
-2794.655880 
3715.995909 
1710.419605 
-2347.731905 
1679.050309 
2033.655557 
-4253.584074 
-3085.890045 
985.923944 
-5007.594525 
-296.325971 
-1002.099711 
-4578.584879 
-567.884781 
-3408.758820 
-444.287387 
-917.436353 
-1831.017927 
-4459.077064 
-99.597015 
2821.472327 
470.604396 
190.548005 
-1028.256067 
-330.381598 
1417.823822 
495.483884 
-2117.087811 
-3025.321336 
242.059348 
-272.645697 
1016.062959 
-1353.326775 
-1232.830144 
-2908.340100 
1083.986769 
-2439.668806 
-2958.155650 
3446.566016 
-63.540768 
-633.421567 
-357.884625 
-2997.063034 
651.753360 
52.605512 
2788.923483 
-349.390713 
801.592418 
-1234.772624 
20.144563 
-357.897022 
-131.578836 
2476.405555 
1116.412290 
-196.064921 
-2674.015052 
3829.170526 
-517.169928 
38.368801 
-329.859314 
-5738.034428 
-4500.628537 
94.731887 
722.942691 
-2550.372087 
-3717.405972 
2337.342243 
-1752.797831 
674.412978 
992.970892 
-455.813067 
2091.317837 
1595.700238 
1792.203188 
-7416.501110 
3312.823552 
197.860966 
-644.757595 
-1828.385978 
1390.658245 
-3986.363321 
2119.975328 
-1036.971068 
-2004.302611 
-5474.129179 
-404.208209 
-2701.135099 
-2854.630505 
-6467.847241 
-165.714750 
-2777.292017 
1339.470592 
-976.775678 
-2021.242179 
94.763495 
4055.457430 
1023.935555 
351.203883 
-1048.636185 
434.223183 
547.357851 
2922.684627 
-2432.553370 
208.591877 
-3796.189838 
1591.293884 
234.650345 
886.928519 
-1659.342086 
-357.874633 
-1944.105397 
-378.671855 
1248.952813 
-1632.493675 
380.568622 
-3879.311770 
271.022551 
1905.401062 
649.951503 
-1718.829173 
-2754.185372 
-478.273695 
-933.021428 
-233.106797 
342.345503 
-203.431890 
5436.092124 
-2684.130621 
1599.886878 
-244.687059 
-1457.675406 
3660.424912 
-816.355168 
1695.817889 
-2667.381154 
-220.805874 
339.272110 
-2572.015396 
-15.303340 
-2427.097505 
-361.684065 
528.213947 
321.116487 
-3469.243514 
-6.686595 
230.189049 
-8279.295413 
-2042.204847 
-2321.501943 
-2891.458528 
-291.554840 
-187.603614 
-2183.815214 
434.268918 
-1930.882265 
-2456.341149 
207.967891 
-509.268081 
-545.774676 
207.940438 
94.791989 
-691.913082 
-3575.970673 
-1197.233478 
1858.551263 
1119.273687 
-3087.499811 
94.773088 
48.648833 
434.270152 
-1831.851933 
-1478.741030 
-969.777874 
-3468.720441 
-3981.583770 
-213.491340 
-1351.688179 
-1609.726909 
-749.837108 
-1209.426749 
-1897.701411 
-1293.490030 
-2083.494244 
848.905753 
-1036.892957 
-1992.280909 
-370.083673 
-1498.342117 
-3446.922945 
-813.296587 
863.840994 
-18.405716 
-584.215039 
-2775.804262 
-697.392673 
2635.458937 
540.482232 
-836.725300 
-1067.720827 
-2041.208203 
2220.611283 
-1829.022308 
-391.860059 
-1180.303382 
-2157.802413 
-5742.644767 
-1828.980938 
-1977.020624 
1904.590865 
-1507.132027 
-3583.135203 
-3075.420190 
27.991194 
-1264.609119 
-1915.180870 
-2914.954455 
-537.651885 
355.653573 
-1828.982134 
2730.916954 
-331.916012 
-1828.961342 
247.023316 
-1829.001951 
-5283.671189 
-562.517775 
6092.496562 
-1835.810099 
1950.792337 
-372.149095 
-2376.538255 
-4395.165519 
1309.421574 
4990.218562 
2131.749340 
-424.386397 
-2558.167753 
-3357.071763 
5253.010864 
982.067010 
1568.611805 
508.113033 
-3156.151481 
1539.912733 
321.119923 
2465.376897 
3910.604734 
4621.349766 
4029.057806 
3487.883991 
-8039.391993 
2374.816018 
4320.562821 
1473.637401 
914.221710 
-813.623300 
-2368.812373 
694.631497 
2384.279313 
-1416.732860 
-1192.525207 
3163.403440 
1280.200265 
2861.862628 
3376.538072 
2430.119991 
-468.736624 
1575.978517 
2982.478550 
2327.184862 
4266.140603 
-2126.517314 
-616.392752 
61.488238 
5187.157375 
-1338.733653 
3429.185579 
2884.987257 
671.151782 
-3370.881792 
3573.539210 
-2095.791661 
2244.890981 
2345.624614 
515.160546 
2191.241436 
-193.728580 
2917.160589 
1566.945571 
89.672653 
5140.422225 
-2556.918259 
640.058070 
2189.995402 
-610.264197 
580.856116 
170.850533 
12.480114 
969.563007 
2181.989197 
-1609.270816 
3389.056722 
9727.873302 
-1505.306980 
-686.833366 
3763.846521 
2766.787829 
1206.151547 
-2421.356863 
3647.544328 
260.419964 
-1011.399742 
-1740.836650 
9034.742378 
1283.748205 
-666.808282 
-1067.255990 
-259.786090 
5094.698607 
-393.250223 
-758.162384 
4960.826641 
-1479.277883 
-930.192259 
1698.534273 
35.508566 
551.467990 
-177.844897 
804.763593 
2411.664367 
3829.193740 
-292.868339 
-2169.359955 
-1028.909453 
1492.906838 
164.671823 
2584.383180 
-747.095559 
1520.175320 
589.532540 
3594.525651 
-183.020413 
4281.833998 
2130.515423 
780.361001 
-1271.794589 
333.246909 
-20.787761 
94.755452 
-29.810482 
3263.384105 
2928.502238 
292.189935 
152.121527 
3386.678083 
-1301.825681 
2686.974342 
-491.282103 
-2503.727323 
-3519.772890 
-2158.701862 
-278.592343 
-1804.762230 
-5504.051187 
1477.384396 
2656.190461 
3521.042778 
794.976030 
-2501.739309 
-2557.202502 
1070.003693 
-5336.536830 
-4328.018483 
-2488.699865 
394.145619 
-4250.982489 
-1506.181241 
1550.430147 
-1490.346102 
-1894.239748 
441.425101 
2546.514421 
4395.009584 
-1741.731749 
1929.493671 
-3247.171998 
4281.855098 
1048.422587 
-5195.209576 
3743.930632 
539.621492 
36.342719 
803.714879 
-1791.046230 
-3632.502272 
2733.702541 
914.316272 
-1341.969274 
-58.378105 
-2366.200513 
3942.366516 
4395.018680 
2920.154011 
3783.508168 
401.011167 
1596.270187 
2760.854358 
109.945047 
-4921.559878 
-521.111628 
-3166.884411 
1277.711821 
-3059.642534 
61.141905 
-5541.228240 
-1756.238308 
687.849324 
5041.411538 
2336.450198 
-556.713899 
3150.213029 
1210.920943 
1339.590754 
1731.606980 
-863.784067 
-275.457785 
-3152.239205 
1335.942360 
2697.566261 
834.078874 
-3411.756687 
4024.988284 
1257.959933 
2603.520575 
-35.920130 
-5409.060251 
60.344100 
-90.346252 
-2422.012424 
-55.772941 
3263.386795 
1032.860299 
-3564.182580 
-179.353089 
3635.814210 
-759.525397 
509.796189 
1536.066491 
799.039964 
-2653.715668 
-4025.477952 
478.734920 
694.352976 
1605.651330 
-2887.190179 
-5631.254534 
-2628.170776 
686.368729 
1490.064494 
495.395587 
461.590409 
-549.797133 
-3450.483893 
1841.178212 
1724.305926 
-1089.955141 
3037.062400 
5413.511124 
-4652.349739 
-580.539176 
-302.439267 
-3362.371520 
2637.786544 
1025.010214 
-5145.432007 
399.717780 
-2923.298880 
-3490.952134 
-3850.640803 
1945.413124 
599.685023 
2502.579368 
-4279.992803 
2018.585803 
773.777711 
886.943555 
1000.109406 
339.304745 
-1180.948569 
1983.129297 
-1335.944102 
-116.053422 
-4369.898637 
1157.337091 
812.137322 
3682.387825 
-5091.598730 
-2585.668158 
-1325.715245 
-666.572830 
-4421.306640 
-1674.745360 
1642.577291 
1182.192665 
-679.890600 
-3825.088195 
2923.891402 
-771.847838 
1330.622897 
1407.390434 
6318.805132 
-896.297691 
-4074.231418 
3376.543211 
621.848231 
77.958502 
1452.753050 
585.163185 
-2055.755028 
-2450.301812 
1693.227683 
-1038.343271 
2589.004733 
2672.689451 
255.328625 
-213.800036 
-2556.206684 
-683.147880 
-1470.819645 
-2886.606333 
1300.040443 
226.237324 
1446.176558 
-852.503090 
-6368.092438 
-693.196174 
262.973063 
-162.190193 
-1667.185625 
-2836.673973 
-2223.985582 
-2919.758324 
-115.757656 
-1753.595033 
-1034.126551 
1796.273213 
-4608.156134 
-663.019945 
-2528.636365 
1667.903195 
3773.721367 
999.343874 
-487.100353 
773.768228 
-1740.087273 
-424.291447 
1053.213235 
2531.459513 
1230.607649 
-7.659308 
-1615.391072 
176.525148 
434.279200 
321.119178 
1028.834375 
-2082.917612 
-542.644966 
-3398.249296 
3376.545976 
-132.943300 
621.274597 
1182.905506 
604.609984 
1038.763065 
-810.519081 
480.577937 
-400.171027 
-1794.058717 
908.739958 
-1006.071115 
-1843.778477 
720.883350 
-1807.568311 
1076.802973 
169.015890 
1565.925250 
-82.007972 
-1616.815018 
3864.399184 
-769.814717 
-3880.694055 
1042.343313 
-3278.109430 
897.751959 
94.796003 
-328.616191 
-2970.478089 
-268.514832 
-1793.377357 
902.782535 
1526.045443 
-675.819985 
-2295.720133 
1565.934644 
-794.718850 
-811.462825 
-357.854293 
3150.219816 
-1121.778291 
-201.165774 
-2746.153150 
94.786370 
321.115582 
2728.273103 
-1346.167566 
-62.912567 
-1913.126248 
28.931207 
1440.919585 
1565.928407 
-223.507602 
-244.698149 
-1008.457711 
1049.595490 
-2902.746110 
1566.300868 
1841.905051 
-2062.862057 
-1689.998223 
3263.422350 
2234.356152 
-989.616573 
-1524.802227 
2639.801450 
-1698.490177 
858.090076 
-169.969184 
676.573088 
350.763386 
-1932.678834 
1637.206108 
-18.366944 
677.964780 
749.395151 
-1952.468631 
1359.193433 
-3732.053210 
3351.154396 
1492.583777 
-407.413075 
-1074.810097 
-1565.632912 
2470.186997 
550.802077 
-131.532000 
-2760.532156 
1032.643707 
2346.588074 
-9155.482574 
-633.697372 
-718.068663 
-1957.678134 
-1409.834019 
1516.915115 
299.534092 
-131.539037 
1240.551217 
801.067742 
207.956322 
-2326.913349 
-2734.138491 
-18.372428 
94.782617 
-1842.043245 
-3319.452735 
-1480.168997 
-77.092308 
-718.812336 
-1503.834352 
94.787978 
-1424.959088 
434.278748 
-612.257666 
-710.593003 
711.470594 
-3130.060371 
-1330.134079 
-1190.651117 
174.351577 
-1657.638001 
569.823559 
-868.054847 
-1570.777261 
-5.758324 
19.857385 
-869.377474 
-131.542871 
916.603117 
-2601.388439 
-2041.638128 
142.174251 
-1869.799879 
208.344393 
-131.540625 
321.119467 
-3518.153599 
207.956821 
-2099.273433 
-937.061251 
1998.020263 
-1126.787971 
-2505.038616 
-3082.122567 
-1828.997157 
-208.054837 
2016.863028 
-1947.432911 
-4375.943577 
-1828.993812 
-1057.681412 
-5531.850362 
-4048.859891 
80.145757 
843.060859 
-1187.258857 
-1887.495404 
-3086.299793 
-830.405543 
-1561.233038 
-755.374981 
-1828.991890 
1066.259124 
-2797.579883 
-1828.996868 
-2115.859241 
-1828.993350 
-4336.524524 
-1431.460875 
-1715.835938 
-1859.152836 
-1839.124776 
-1824.343464 
-1895.625153 
-1780.276643 
-1829.000003 
-1847.430415 
-1829.000002 
-1872.578313 
-1857.872387 
-1796.258734 
-1843.777114 
-1824.724987 
-1819.192891 
-1783.026132 
-1853.355544 
-1834.583559 
-1829.000002 
-1818.973803 
-1840.748830 
-1715.835940 
-1777.967013 
-1785.949525 
-1823.798721 
-1809.048515 
-2034.625847 
-1820.005638 
-1777.592909 
-1826.265902 
-1785.374848 
-1748.221200 
-1835.832670 
-1825.798963 
-1863.162146 
-1895.895298 
-1733.851687 
-1825.750408 
-1828.999999 
-1844.122197 
-1807.637275 
-1881.934243 
-1880.007258 
-1796.972989 
-1742.958244 
-1712.342458 
-1814.822937 
-1776.904338 
-1715.835939 
-1779.355638 
-1896.559897 
-1842.720016 
-1744.588404 
-1935.091308 
-1771.975926 
-1829.350513 
-1829.000000 
-1839.676669 
-1796.066906 
-1853.458038 
-1817.985472 
-1801.235159 
-1868.483234 
-1856.316626 
-1716.318642 
-1815.512013 
-1888.364682 
-1870.431015 
-1885.113322 
-1818.201114 
-1740.289707 
-1739.344212 
-1786.071842 
-1799.696234 
-1847.817410 
-1775.736461 
-1722.908695 
-1835.843883 
-1791.566059 
-1786.014099 
-1823.411357 
-1875.287210 
-1729.116835 
-1891.367071 
-1845.815742 
-1776.266640 
-1774.987167 
-1828.999998 
-1860.627475 
-1843.977271 
-1817.658122 
-1708.291668 
-1827.363568 
-1843.342613 
-1751.361085 
-1828.999998 
-1823.765411 
-1779.916820 
-1765.656607 
-1812.273204 
-1839.123955 
-1761.566194 
-1764.030084 
-1856.593898 
-1715.835940 
-1832.432873 
-1832.379905 
-1753.638565 
-1812.756126 
-1881.864667 
-1828.999998 
-1848.849811 
-1818.598550 
-1814.958807 
-1825.305570 
-1773.345609 
-1829.000001 
-1787.921325 
-1811.839257 
-1843.501435 
-1814.133068 
-1831.160712 
-1829.000003 
-1762.901855 
-1828.999999 
-1801.932136 
-1799.888233 
-1811.721480 
-1792.148740 
-1735.781694 
-1852.217438 
-1770.577446 
-1757.681849 
-1787.296258 
-1842.937744 
-1738.205157 
-1893.041059 
-1900.082480 
-1785.016375 
-1834.338833 
-1831.667618 
-1828.999999 
-1814.402143 
-1827.942433 
-1799.326707 
-1888.494259 
-1919.161655 
-1846.634176 
-1845.995524 
-1819.503339 
-1838.194166 
-1828.681078 
-1878.631271 
-1838.399553 
-1795.418069 
-1843.049357 
-1715.835939 
-1765.770509 
-1765.586876 
-1819.188566 
-1828.999996 
-1830.233126 
-1840.593156 
-1798.384538 
-1833.365500 
-1779.439376 
-1840.156148 
-1946.980045 
-1811.922984 
-1831.989487 
-1829.396303 
-1818.759031 
-1769.682972 
-1797.815749 
-1715.835938 
-1772.417968 
-1738.580251 
-1848.849814 
-1825.024504 
-1816.818165 
-1792.741130 
-1810.800435 
-1821.018176 
-1844.135176 
-1796.004439 
-1863.383406 
-1775.634721 
-1861.628438 
-1818.018722 
-1872.572580 
-1787.188753 
-1833.007823 
-1846.364638 
-1769.296007 
-1829.000002 
-1775.285742 
-1829.000000 
-1846.203575 
-1800.120178 
-1840.259792 
-1809.568127 
-1848.769687 
-1828.999999 
-1842.451712 
-1827.086667 
-1851.575008 
-1812.075733 
-1839.313454 
-1750.523237 
-1837.345329 
-1810.527097 
-1768.011930 
-1830.053142 
-1724.774106 
-1715.835939 
-1732.684146 
-1829.000000 
-1852.742994 
-1806.132052 
-1817.985474 
-1831.833778 
-1817.965285 
-1835.984672 
-1860.998039 
-1792.733944 
-1848.499374 
-1818.188773 
-1854.977230 
-1880.718326 
-1856.721932 
-1816.389020 
-1820.247706 
-1815.146454 
-1822.166492 
-1876.136903 
-1868.605837 
-1814.133774 
-1799.001837 
-1856.423844 
-1787.766886 
-1829.000001 
-1829.000001 
-1843.763591 
-1826.826308 
-1854.740688 
-1774.046727 
-1799.207809 
-1669.075356 
-1828.651686 
-1806.070591 
-1883.776304 
-1816.182600 
-1813.631046 
-1804.868107 
-1824.853551 
-1826.061580 
-1821.525313 
-1829.000000 
-1828.999999 
-1829.000000 
-1829.000001 
-1728.141484 
-1809.550039 
-1783.336407 
-1839.720739 
-1803.180526 
-1882.397316 
-1753.565761 
-1785.485407 
-1751.001619 
-1852.479146 
-1813.751514 
-1832.160348 
-1802.510081 
-1897.787714 
-1784.683883 
-1768.818198 
-1819.210624 
-1748.486706 
-1810.075115 
-1828.999999 
-1854.560019 
-1858.650759 
-1856.872798 
-1715.835938 
-1805.037482 
-1759.298923 
-1828.999997 
-1821.217611 
-1843.735462 
-1828.999999 
-1828.999999 
-1805.743471 
-1732.351806 
-1935.091306 
-1776.084872 
-1801.932136 
-1810.465914 
-1871.809618 
-1828.628468 
-1847.756617 
-1820.380472 
-1776.335075 
-1756.934104 
-1845.429950 
-1837.205278 
-1840.309411 
-1897.336926 
-1840.231418 
-1810.390800 
-1852.197866 
-1833.799255 
-1793.626232 
-1836.436198 
-1827.824555 
-1810.381688 
-1781.180698 
-1671.276138 
-1826.247324 
-1839.123954 
-1864.997900 
-1828.373343 
-1791.216064 
-1795.340792 
-1825.798966 
-1857.322619 
-1799.575776 
-1829.000000 
-1844.866499 
-1804.293592 
-1763.679364 
-1843.103940 
-1810.390800 
-1777.802950 
-1843.306197 
-1886.526970 
-1828.999998 
-1829.000001 
-1838.751361 
-1812.380711 
-1860.862212 
-1829.000004 
-1829.000000 
-1798.642312 
-1855.553050 
-1808.347168 
-1796.500083 
-1792.294473 
-1829.000002 
-1815.923293 
-1817.753364 
-1844.513129 
-1797.991471 
-1787.296975 
-1832.463526 
-1842.565274 
-1818.541108 
-1826.499108 
-1800.604451 
-1829.000001 
-1828.999997 
-1828.999999 
-1792.913321 
-1825.049354 
-1843.584043 
-1845.168888 
-1836.936339 
-1839.135521 
-1829.000001 
-1815.071575 
-1778.975774 
-1820.998506 
-1802.717693 
-1869.127338 
-1796.972987 
-1839.543720 
-1816.282556 
-1715.835938 
-1815.343448 
-1848.236030 
-1829.000000 
-1828.999998 
-1854.297508 
-1824.135521 
-1839.135519 
-1829.000001 
-1829.000000 
-1770.564027 
-1708.291665 
-1817.535771 
-1764.879962 
-1809.515361 
-1789.691992 
-1828.999996 
-1715.835937 
-1828.999999 
-1832.276249 
-1826.671809 
-1790.950641 
-1829.298985 
-1765.662598 
-1840.330912 
-1822.451870 
-1828.999994 
-1799.742390 
-1801.829808 
-1812.756125 
-1844.374336 
-1775.171313 
-1821.670685 
-1809.399629 
-1805.283586 
-1829.000002 
-1766.805515 
-1770.530876 
-1828.999999 
-1840.854681 
-1811.553875 
-1799.481817 
-1793.809205 
-1770.607082 
-1877.229034 
-1839.482367 
-1873.908307 
-1828.660057 
-1848.341278 
-1854.000303 
-1823.893615 
-1829.000001 
-1826.772046 
-1794.971807 
-1825.668088 
-1928.460602 
-1824.613324 
-1864.685750 
-1882.015522 
-1829.661859 
-1847.893787 
-1836.656028 
-1829.000000 
-1841.163263 
-1843.481499 
-1828.999999 
-1840.468443 
-1885.438829 
-1829.000001 
-1829.000000 
-1814.586560 
-1867.586701 
-1825.242667 
-1861.918673 
-1808.020681 
-1865.370722 
-1828.999999 
-1810.966222 
-1715.835938 
-1829.318695 
-1856.585209 
-1813.575422 
-1835.906832 
-1809.230969 
-1830.534159 
-1803.789941 
-1833.560450 
-1754.347193 
-1873.603867 
-1810.824495 
-1804.054244 
-1853.145860 
-1844.228631 
-1715.835938 
-1821.474710 
-1802.663956 
-1805.876577 
-1871.809618 
-1837.432220 
-1784.820217 
-1829.000000 
-1829.000000 
-1757.704644 
-1829.000000 
-1834.060720 
-1800.839226 
-1784.169404 
-1839.285972 
-1812.223500 
-1834.239348 
-1828.999999 
-1725.678978 
-1760.126251 
-1865.082374 
-1889.183682 
-1829.000001 
-1850.901797 
-1804.125759 
-1805.562217 
-1802.603945 
-1847.561800 
-1824.255577 
-1856.864907 
-1775.214751 
-1801.202413 
-1839.154905 
-1816.712171 
-1829.000000 
-1832.000971 
-1807.230741 
-1829.000000 
-1914.789634 
-1828.999999 
-1828.637767 
-1838.066109 
