-557.574490 
-482.158132 
-485.643758 
-374.312065 
-102.529579 
202.436081 
358.500413 
191.944641 
3.286354 
-93.876023 
-320.099742 
-203.456724 
-288.820099 
-358.599468 
-398.189094 
-279.676843 
147.761790 
389.706805 
751.098863 
707.599154 
524.384576 
190.242314 
-364.656961 
-425.859934 
-437.319939 
-547.983756 
-610.634619 
-253.457095 
-197.042172 
22.799072 
60.499063 
91.601595 
-104.335979 
-365.521397 
-486.228761 
-285.870660 
-496.090791 
-319.006138 
-183.662761 
-343.961030 
-176.703568 
161.448157 
637.258520 
795.223396 
511.987460 
307.207545 
-85.964548 
-222.116100 
-370.614081 
-421.844136 
-247.544693 
-484.395770 
-287.449675 
-259.609467 
75.408079 
104.568989 
-183.659908 
-20.568190 
-235.999681 
-307.305843 
-245.700958 
-151.581950 
31.937249 
191.468679 
548.191867 
750.138597 
749.094528 
590.987729 
402.340647 
197.393191 
-242.873847 
-368.368715 
-365.594727 
-293.697829 
-268.182047 
-327.943057 
-343.736968 
-314.346439 
-307.346858 
-383.807736 
-281.288269 
-223.206336 
-140.603156 
-270.584591 
-256.706190 
-318.748331 
-237.484691 
3.291094 
246.720661 
653.682793 
680.791857 
657.629212 
379.333262 
1.455668 
-185.962619 
-183.659976 
-399.872972 
-420.853587 
-92.912281 
3.957140 
154.335765 
135.614470 
150.201738 
174.696068 
3.289466 
-238.503880 
-329.179546 
-332.557616 
-309.918709 
-249.175015 
-183.668857 
-32.019840 
373.621749 
848.273912 
1050.314565 
945.786783 
751.099771 
390.840654 
-21.505692 
-178.099770 
-90.807875 
-180.517861 
-183.674746 
-302.395146 
-183.669768 
-201.828154 
-63.076896 
-27.536281 
-48.590884 
31.362164 
-43.703987 
-206.667952 
-185.857574 
-262.753991 
-136.360355 
-220.161920 
-73.129596 
318.892670 
680.347894 
1010.377862 
1025.019528 
710.205632 
434.988055 
50.854322 
-97.802292 
-116.540446 
-210.215301 
-161.348281 
49.014539 
171.204655 
338.777484 
210.872008 
208.383678 
-43.563662 
-154.021308 
-140.226611 
-183.663424 
-194.452912 
-299.677303 
-405.454938 
3.292731 
165.356139 
483.685619 
806.773759 
877.254347 
759.943263 
318.178794 
42.418956 
-148.808774 
-211.932490 
-47.320104 
46.272185 
116.668958 
-8.230034 
-90.178910 
-183.655921 
-93.905118 
-38.669247 
-85.964273 
-138.231202 
-191.558682 
-287.149315 
-221.407048 
-142.509621 
-75.570826 
135.017531 
498.435228 
848.993720 
910.603551 
903.064926 
610.858326 
301.666052 
-110.825568 
-105.211333 
-277.136591 
-127.474339 
-183.660565 
-130.315500 
-290.416749 
-219.969730 
39.225819 
221.452149 
564.148281 
529.199543 
355.208569 
310.582660 
168.238475 
176.626715 
133.780479 
37.361591 
115.957586 
293.994131 
601.776606 
792.447914 
751.097210 
427.329373 
134.154902 
-153.096479 
-248.198232 
-339.185548 
-524.114823 
-456.543608 
-452.474245 
-316.001884 
-386.789675 
-343.937684 
-419.331601 
-343.470880 
-442.064803 
-341.630315 
-250.219732 
-117.512644 
-137.663515 
-234.379011 
-405.324822 
-270.309034 
-123.423907 
567.078872 
837.678076 
1086.051669 
844.576350 
470.671481 
154.439379 
-23.480423 
-268.602945 
-183.143108 
-390.494040 
-136.182628 
-142.464512 
66.625516 
97.024007 
2.502666 
39.978404 
30.338037 
31.534200 
-104.671782 
-167.080466 
-183.664455 
-183.663746 
-277.143036 
-183.666858 
-231.437738 
342.893126 
667.538060 
751.127840 
648.830819 
475.216817 
96.375873 
-178.945903 
-306.538248 
-358.291795 
-364.243622 
-370.739821 
-464.168868 
-339.284948 
-461.068298 
-452.699540 
-455.440842 
-482.325365 
-346.379070 
-183.665675 
-296.676903 
-369.478462 
-456.178886 
-370.621473 
-130.301941 
47.957970 
564.145547 
904.890933 
995.338115 
751.099685 
358.495498 
103.730781 
-208.741556 
-318.038052 
-341.585246 
-295.293599 
-335.612279 
-286.435296 
-364.058910 
-371.867471 
-345.899402 
-277.861959 
-353.195782 
-303.027706 
-298.262267 
-166.862211 
-365.007289 
-319.394517 
-191.447584 
228.279959 
508.424966 
684.059429 
657.676572 
534.477794 
268.180992 
115.867235 
-157.935521 
-274.093543 
-406.523325 
-429.443932 
-278.782263 
-294.988694 
-164.087441 
-166.097217 
-322.414854 
-224.213514 
-183.656254 
-113.003672 
-13.282296 
-253.509976 
-197.290367 
-191.449294 
-31.455047 
301.124055 
632.851324 
938.062981 
938.059431 
736.924645 
446.747958 
258.379356 
-40.330084 
-183.660623 
-363.654822 
-302.355917 
-129.233272 
46.350162 
288.833715 
190.242950 
8.425600 
-366.734131 
-312.465845 
-314.471849 
-130.240083 
83.828573 
413.167674 
321.523952 
406.661314 
240.468246 
377.192552 
418.096291 
231.135690 
461.759659 
407.483858 
24.050129 
-42.147986 
-88.325785 
-202.271643 
-183.673860 
-324.170683 
-293.785522 
-321.714465 
-324.332053 
-353.006718 
-417.249848 
-359.291323 
-141.447309 
-370.627068 
-138.979968 
-177.984012 
-277.145738 
-183.672432 
-344.327994 
-232.463865 
-133.721561 
3.292557 
377.185313 
607.226598 
956.745533 
757.842451 
552.831382 
334.603553 
-133.063212 
-277.142147 
-458.249418 
-370.625209 
-271.818590 
-366.045205 
-256.379535 
-419.158287 
-363.309675 
-388.985712 
-358.146923 
-183.656032 
-469.667449 
-474.806785 
-409.617371 
-297.437655 
-361.830497 
-468.908805 
-418.888437 
-272.572923 
-139.479506 
42.845300 
406.113771 
751.109504 
564.640139 
352.370746 
276.158822 
198.001676 
-135.444169 
-102.290990 
-250.097493 
-303.898731 
-367.151641 
-429.859116 
-161.731059 
-129.402904 
-277.134933 
-259.863343 
-325.890516 
-361.722164 
-273.116880 
-139.760877 
-145.904964 
-275.300822 
-106.780303 
-125.311080 
41.124581 
-183.663766 
-169.957677 
-195.668481 
-183.661281 
-150.750944 
-74.800599 
-90.185056 
3.290083 
-155.133439 
-211.873207 
-130.377980 
-63.487945 
233.979284 
318.627030 
657.624460 
599.710953 
657.625322 
496.642446 
269.162094 
18.720534 
-38.356223 
-217.267235 
-203.194523 
-278.585099 
-283.975931 
-213.986190 
-205.042011 
-148.002330 
55.787700 
312.432248 
256.017998 
283.716342 
199.361709 
359.858850 
468.376209 
554.849111 
483.517151 
359.062418 
96.761817 
-90.191106 
-218.365558 
-183.665421 
-152.781447 
-84.971439 
-247.555064 
-201.904817 
-320.049956 
-144.718706 
-183.666345 
-196.755391 
-83.531662 
-208.244510 
-196.013020 
-142.770369 
177.275170 
517.123041 
771.438926 
901.749242 
961.012010 
967.717069 
767.121587 
453.226257 
405.332531 
148.752209 
155.070592 
3.286440 
-65.753704 
-55.069834 
96.763388 
127.120165 
96.763804 
-80.117982 
-83.688368 
-370.609077 
-871.736182 
-70.473596 
-23.601046 
847.589669 
-767.653832 
358.487330 
851.300313 
564.146697 
-1081.150532 
368.877958 
-2031.456426 
732.551009 
213.652909 
1238.181980 
-456.094120 
-158.337181 
862.910801 
-183.663076 
371.731972 
558.712424 
-183.674334 
-140.256220 
-227.443957 
-12.347763 
-80.816036 
-607.548382 
114.197842 
-793.722701 
301.224296 
615.531550 
-73.086368 
91.487321 
13.316546 
-1292.192969 
2117.855379 
-467.659413 
473.548564 
190.227674 
1179.471208 
364.495953 
986.860933 
-105.170846 
1550.797868 
1962.603346 
1144.802257 
-579.447735 
1141.860222 
-183.675583 
306.501394 
-519.698771 
-402.161151 
-248.215812 
-60.984824 
375.438126 
-211.350547 
-183.674733 
267.141631 
-736.892082 
792.614969 
-464.853705 
799.213815 
486.913858 
1165.590491 
877.832644 
290.372774 
1302.362690 
568.639037 
-777.982536 
194.670766 
1817.212498 
312.361174 
802.535416 
553.343634 
-842.190020 
844.111819 
1308.455432 
728.896023 
-339.927612 
-174.902041 
1740.831564 
1073.500681 
-262.641014 
1148.614755 
1035.220358 
1147.544744 
1426.796003 
4583.636358 
1329.816049 
3193.544172 
992.311046 
1754.403075 
619.503053 
-41.271070 
1770.777395 
2901.046840 
-1217.415514 
-729.622767 
472.494824 
412.001300 
-777.906885 
-137.965621 
709.563735 
96.043154 
1685.845753 
1327.634929 
-2167.817444 
2069.478824 
1230.701111 
1354.382802 
2153.222890 
2996.965956 
1137.304525 
149.687529 
-1343.945352 
53.149057 
377.188539 
518.040467 
-1762.831768 
-1458.035437 
625.054595 
885.726109 
470.650496 
-2154.076595 
1311.950999 
-567.317472 
420.445494 
-271.753688 
836.222776 
759.887570 
-111.503157 
-2393.605216 
-229.550063 
715.144482 
407.695005 
-2402.970132 
-113.700423 
-1252.605916 
345.727766 
-1505.815931 
162.197658 
-376.467763 
341.584104 
-139.615492 
1409.686723 
-2761.384841 
-3435.764115 
-1214.465769 
-1137.522513 
547.280029 
-1382.258712 
-55.050353 
1415.614504 
-756.905521 
-432.785260 
-710.982965 
377.201605 
-265.011765 
-280.260319 
-3170.636334 
1125.017731 
180.252246 
-1052.597774 
515.097113 
-386.292712 
658.727584 
1217.130202 
-2082.911608 
1098.136362 
-417.011978 
-1075.748131 
2598.461030 
-385.437481 
582.862021 
-651.042559 
143.515039 
1360.747769 
-3517.281594 
-1609.872054 
-906.701605 
567.973158 
-445.060675 
-563.524507 
-223.965012 
-32.117096 
274.490284 
-1859.775985 
1078.960947 
-84.761082 
-584.965452 
509.083415 
-234.802658 
-880.776586 
-573.462874 
-183.655634 
1069.542987 
3088.027742 
-2116.883697 
710.503253 
-847.189731 
-59.470376 
-1158.753122 
564.165609 
574.426227 
-1589.893388 
-1304.404265 
513.969981 
-1525.764920 
266.234585 
-1642.577741 
-699.316767 
-832.184376 
-441.176834 
3.782714 
938.064312 
326.158555 
-663.489320 
-383.619241 
2183.585298 
-277.887240 
707.579727 
-1228.968115 
677.940123 
-1519.679800 
-2057.065698 
-828.952167 
-720.281124 
64.791931 
-1390.263404 
-37.917659 
361.728086 
310.945519 
-908.227539 
59.266528 
748.891207 
-553.189733 
80.063215 
598.749165 
-33.986143 
18.297130 
-183.659841 
1685.862392 
-514.998580 
-2052.883057 
458.383247 
2.355831 
-1274.416636 
1304.620784 
-2808.230776 
1372.349895 
-839.067122 
251.261412 
34.670384 
2620.451096 
-2050.362414 
968.155323 
-930.052882 
3.288470 
1779.336127 
-557.576110 
844.576526 
2099.612440 
-2626.635153 
584.162393 
249.554313 
1541.638100 
-1373.856888 
-731.679332 
-959.074546 
2442.088834 
-2416.801734 
401.520982 
122.657033 
-1185.604737 
-416.398889 
-604.616122 
503.876942 
494.100881 
-401.239258 
812.242543 
1031.519874 
-766.785270 
-301.289190 
384.294360 
3.282606 
403.898445 
-1147.813198 
1592.387316 
652.424162 
-1340.083769 
751.093131 
1156.166116 
-1082.711367 
176.982458 
-2549.782599 
-311.662434 
-380.340983 
117.046801 
-769.142227 
2002.226176 
-846.885485 
270.502213 
1217.305101 
2435.719962 
348.356079 
234.817965 
1534.888761 
-814.938679 
1343.006127 
1175.283532 
247.417636 
1167.627434 
-265.872621 
-803.088570 
-828.054189 
0.029435 
811.859970 
1110.530015 
-494.719267 
-777.911528 
-1735.388529 
1215.879438 
1089.351720 
-963.304071 
910.689372 
-717.849635 
518.633618 
2433.664864 
123.733402 
1352.925305 
751.281925 
401.563223 
-2096.408637 
1050.141064 
-564.740446 
-759.945543 
-557.573986 
1031.516157 
862.230147 
-1135.748393 
260.020087 
-1037.446175 
-183.680243 
-477.938783 
-39.704327 
-1380.356675 
-1687.535865 
-476.410741 
1779.338355 
669.045633 
-729.009813 
567.155736 
56.619296 
-358.948505 
-164.302033 
-118.058329 
320.039805 
-747.450081 
-1310.209767 
1405.435471 
-651.044584 
628.404953 
-473.811933 
-748.249242 
-1017.183256 
1149.203301 
-751.938866 
827.706323 
844.588119 
1063.785139 
-1905.848999 
60.585559 
561.025094 
106.846692 
-2642.815607 
-1016.876793 
450.064403 
564.149334 
432.331812 
498.503515 
1125.001473 
1592.398317 
649.714570 
-434.135630 
-150.680413 
-183.665741 
657.640106 
1087.966207 
-738.284543 
-1075.300584 
936.403304 
77.267234 
13.052381 
-183.659892 
-142.775542 
1779.351586 
522.359011 
1.321503 
902.212732 
1699.679696 
78.793232 
449.265548 
-296.159726 
283.721027 
649.742676 
-120.662255 
-763.448864 
-749.532088 
1408.749932 
-1139.961593 
608.929596 
10.708393 
3029.243211 
-467.384216 
1412.515702 
190.251938 
-1274.708413 
4344.505430 
848.714156 
1415.392470 
-2011.581459 
285.797808 
-644.379032 
82.108554 
-378.164619 
-1368.843143 
-870.712245 
608.144511 
3.296654 
-574.586005 
198.176199 
349.451726 
47.476213 
-313.349069 
-292.807824 
587.216872 
963.441846 
1514.226315 
-612.398222 
564.147805 
327.559570 
-653.474260 
844.589543 
-733.136661 
-786.231610 
657.622263 
-277.140536 
-793.501225 
-1460.878608 
92.116164 
-236.133039 
520.334882 
-1136.827907 
-183.669075 
-688.821833 
657.622337 
39.586320 
-1268.586525 
-36.219369 
8.477890 
-3583.488940 
1347.669881 
-838.399127 
-468.817723 
227.584782 
-1763.476011 
-584.913654 
609.770517 
-1418.272643 
-440.521916 
-370.631937 
170.735859 
315.811594 
-3104.372597 
-1143.053105 
-328.550354 
894.548018 
-370.629155 
-183.677615 
-1490.565354 
1405.424621 
-836.342753 
-655.956453 
-710.933070 
-830.806221 
-171.622659 
763.821480 
-370.626232 
14.585843 
-478.787621 
-892.443592 
-1156.849868 
-715.323425 
-316.878976 
1052.315439 
-526.896880 
-327.496247 
-859.460013 
-349.547393 
-1086.584591 
-2264.178324 
-499.877564 
-729.661665 
1631.506388 
-183.655694 
-420.924119 
-748.174039 
-90.180077 
-234.620587 
-837.998858 
-1964.546783 
-963.981746 
1218.498472 
350.866409 
-179.282633 
62.415012 
2843.027436 
-2237.383146 
-339.447709 
530.681628 
751.109698 
-2583.703031 
696.705106 
-504.687983 
1409.373517 
1383.307204 
2115.618023 
2113.080036 
644.550469 
363.197053 
470.662830 
832.539107 
-1325.652883 
1779.346282 
1084.578236 
2587.761897 
746.595538 
229.978735 
-1941.727642 
-191.167783 
2800.340216 
694.417931 
1371.700241 
-130.748242 
1411.046492 
985.469425 
212.402642 
1961.773036 
1533.980931 
107.260191 
377.177668 
1826.621962 
-544.730965 
-981.879310 
114.223107 
888.037677 
2303.645108 
2052.383987 
-1186.149535 
-363.681710 
1311.942620 
-143.185463 
4019.540420 
1773.112845 
3273.361758 
-616.012892 
1045.433226 
318.979757 
5518.390921 
-183.654482 
37.802697 
-470.335492 
86.545934 
520.324919 
-1078.026252 
1420.142569 
2083.641295 
-125.477131 
2636.212360 
979.437658 
121.761640 
1236.382455 
2063.955136 
-298.615451 
-293.347150 
-1251.375407 
256.933643 
1105.850563 
3221.603940 
-844.440134 
555.418628 
411.582841 
1596.416592 
2905.883702 
703.361211 
-88.864551 
262.200791 
423.035100 
-1834.451077 
4396.697194 
-54.812061 
1661.785820 
440.589956 
1355.583449 
796.454680 
260.604260 
-798.508942 
2901.065801 
-468.481493 
-164.798749 
1089.015330 
833.427713 
-819.722296 
-458.213152 
1920.518303 
-2034.310743 
1592.404880 
543.694046 
-2025.819998 
2086.526658 
481.003964 
-787.660603 
283.725201 
1441.934371 
-489.794370 
-470.709078 
-463.786938 
1700.480198 
2153.267997 
898.412284 
-1966.219013 
-1526.334524 
714.220900 
-761.305389 
96.758609 
-2778.483921 
1125.015169 
-874.627236 
806.286981 
496.205664 
1043.214504 
-2157.888672 
401.755683 
-1971.254279 
-1746.806814 
-72.622935 
-517.144613 
-1623.834995 
-539.624067 
-2797.008381 
-841.142792 
-477.081471 
-95.895155 
383.034707 
-30.189332 
-2054.967850 
551.487760 
-2214.983750 
-2408.934291 
-1733.488515 
-376.348995 
-834.081184 
38.564165 
953.981783 
2713.395042 
-160.697483 
1195.946021 
-665.452899 
938.054479 
-1258.223330 
-148.061140 
-1769.898626 
1592.393911 
-816.590497 
-152.251214 
2084.500272 
280.872888 
984.342004 
1406.661824 
-1708.836711 
771.851910 
-1071.046216 
-1736.034230 
1120.016862 
-310.433188 
-1471.156327 
-277.143259 
377.195074 
710.987508 
32.686780 
13.977706 
-932.892737 
197.270418 
2962.577900 
-1771.429018 
1547.385446 
-201.703494 
239.515944 
-700.288201 
2685.321965 
502.466090 
-2.839238 
1933.825810 
1192.484464 
-763.073908 
200.549058 
1311.948780 
571.640299 
1498.912123 
-3464.252580 
-825.957632 
-698.610685 
-1008.591738 
-300.944934 
938.048751 
-438.313878 
-2755.309016 
453.818437 
-3014.453316 
128.634114 
1668.068115 
-453.406662 
-1160.934253 
-1441.769615 
-421.949815 
-449.069740 
2901.057478 
-375.611285 
-408.014023 
-1112.809652 
1719.742753 
366.976181 
1388.276967 
-850.036220 
-200.969565 
-568.338026 
-1041.704764 
-0.451730 
-411.319513 
-168.530129 
-1615.408192 
864.753468 
1404.632683 
-518.534536 
-421.040913 
-595.438139 
678.824570 
714.875534 
-1022.366562 
-193.423620 
-209.410208 
-222.388790 
1872.822741 
5144.502308 
-3598.358875 
-596.869093 
-1443.892252 
-227.478910 
-2012.156022 
723.964744 
-5189.920397 
1060.736944 
-276.956147 
938.705412 
-133.759871 
2347.377049 
-1040.618948 
533.270443 
-605.659424 
657.630007 
-277.135049 
470.673129 
190.244579 
1342.217163 
-979.511170 
2490.017284 
-429.441644 
2091.233274 
-1885.074087 
-568.882915 
-1030.776661 
3363.664883 
-2493.519829 
-85.814847 
39.541959 
-444.598219 
-3254.123787 
279.680825 
-1259.759118 
1003.110212 
-1428.837076 
905.572451 
470.670597 
437.197973 
-1138.252152 
-820.844103 
1218.486968 
-1192.219782 
-1765.438194 
1125.001308 
1240.282082 
-220.169585 
4583.637899 
1156.160525 
-886.496135 
70.491888 
-2462.165271 
-1257.584161 
807.943778 
-126.319575 
-1995.006006 
2621.240802 
-382.680617 
-164.163833 
681.512753 
994.394226 
-938.649951 
732.033307 
353.816894 
255.101683 
610.681626 
1137.529562 
427.621636 
1481.788467 
577.845228 
-775.490851 
-1333.659370 
465.666915 
232.278077 
-712.703461 
-641.824476 
-819.739465 
-2482.919792 
926.060800 
-744.134989 
-168.816116 
187.821651 
-424.380451 
1424.232748 
2714.108032 
-3916.890657 
1092.571250 
724.733313 
165.141095 
-1573.284051 
1448.589398 
-1233.068389 
-336.109462 
1405.441710 
938.055389 
1826.824607 
-377.523330 
1227.219397 
-1336.540819 
657.625790 
-2229.664318 
-95.160905 
-550.410078 
-2007.256607 
-759.217250 
96.768335 
407.635417 
1368.377557 
422.558627 
-714.276324 
-6.293362 
1303.891522 
-579.531581 
-325.023668 
55.382969 
-140.224446 
938.054251 
-861.373453 
-1135.954729 
-258.693606 
-1311.087960 
-892.773660 
610.620567 
-1563.517539 
724.994197 
-370.620037 
-531.725373 
-1965.931846 
-694.721221 
-357.724254 
213.049695 
-2197.067738 
489.711175 
789.213186 
-277.150238 
-433.197106 
246.415190 
190.233683 
1405.430173 
504.424576 
-313.133369 
-41.516332 
844.570398 
283.713885 
1134.730652 
-638.588753 
-1404.513194 
1449.673768 
810.829850 
570.361674 
96.760454 
-1597.497132 
-183.674507 
-26.764768 
-382.207498 
177.552705 
566.737094 
-811.606252 
283.830915 
808.223154 
564.140727 
1370.713018 
-699.713122 
-17.557157 
-1769.889642 
-93.785930 
-2070.320635 
447.952482 
-1535.669219 
915.051099 
-881.121292 
516.176364 
1218.484414 
-605.433724 
-230.325884 
-440.690952 
454.867249 
-2220.561418 
-563.228525 
581.216215 
-472.369625 
789.519799 
231.096061 
-312.169705 
20.920465 
-277.140073 
-2163.794344 
355.321031 
-1221.221269 
-1278.724166 
1135.017899 
-380.392303 
-614.774423 
-324.226740 
176.152929 
-1298.084414 
-277.133759 
-1735.886859 
-1890.990732 
-370.621308 
-2758.318604 
-1203.340890 
-277.135748 
-370.616756 
-460.220951 
-1185.223886 
-1059.021079 
-277.573818 
-2.954225 
-2025.919908 
-370.619977 
-1200.300921 
-183.664836 
-681.220006 
125.884291 
-958.384873 
412.110524 
-2044.949513 
620.963246 
-1192.087427 
-675.734082 
-502.870475 
-355.753077 
-1260.495807 
-886.565902 
-867.453196 
-18.067956 
-183.664185 
348.962274 
649.756758 
-1259.591216 
341.908878 
144.688093 
1073.907131 
-183.669315 
844.572339 
-718.463562 
190.240724 
600.131740 
-408.354401 
-1003.073540 
-705.192938 
-869.383636 
618.790591 
96.759051 
-70.367749 
-503.445244 
-1052.416076 
-1770.962385 
342.133908 
-951.510741 
-87.836492 
-676.633444 
-588.164231 
-1581.014057 
264.666710 
-1249.210846 
-1194.296338 
284.756022 
-333.254045 
-503.642617 
-277.143009 
-1051.901382 
-374.884695 
-838.010060 
-877.180184 
-838.010584 
-1561.995066 
-1072.903140 
1872.821011 
1083.156891 
-1643.308847 
1741.254768 
-1015.045755 
-793.496011 
159.083637 
-279.845611 
2246.723391 
-1804.844425 
301.160488 
-1496.708237 
1152.686788 
968.422544 
4129.304917 
1292.144541 
-1258.774938 
847.990439 
938.044789 
1514.426241 
935.947204 
938.050353 
1505.668699 
3092.720070 
-219.653873 
159.068360 
-1926.595943 
983.050350 
1830.731473 
1998.214577 
668.012430 
420.324712 
218.103768 
276.847489 
1679.908762 
57.552076 
1121.012046 
-204.730739 
1685.856745 
1966.049153 
1355.515192 
-411.936251 
479.193279 
-20.365560 
2013.151424 
1392.777154 
646.140889 
-1046.300620 
1592.375810 
-307.148223 
2478.909161 
-1544.477885 
1375.451388 
-481.641673 
839.577310 
-285.634185 
1685.855045 
430.333705 
-198.022766 
416.480530 
677.106829 
499.335533 
-1431.129282 
187.880413 
-286.896696 
-1211.364178 
115.532504 
-1042.062367 
-1234.082723 
2186.353576 
-804.586431 
791.762071 
1376.334180 
-1086.224328 
163.458487 
697.070687 
4120.116077 
899.516047 
-709.034346 
-395.247943 
607.168105 
458.777300 
-1054.890657 
-274.010839 
-624.269873 
101.338949 
-907.164131 
3088.011281 
1982.757409 
1862.707694 
1756.934123 
657.619488 
513.224784 
-483.873097 
-202.925026 
1125.016070 
-829.531059 
500.334670 
1075.213908 
-296.789868 
-495.133762 
-1318.465651 
118.701041 
-992.396832 
2059.773718 
2484.588499 
-1833.514826 
-656.790841 
888.726547 
-48.607773 
1311.969855 
2666.920086 
-23.105078 
556.103989 
-1114.881291 
-516.760971 
751.070692 
705.349506 
-305.270995 
316.490877 
2749.183089 
96.074968 
3.300380 
659.361817 
4022.796389 
337.473601 
-215.946825 
-520.023561 
1532.329474 
-1115.860530 
484.957639 
168.823473 
1057.184151 
3096.728838 
98.935441 
-285.142067 
-611.324734 
-2932.505409 
-411.808861 
-81.673149 
331.694905 
756.922628 
-7.383174 
-1441.432110 
1782.147088 
-539.848682 
-1065.003136 
-861.471249 
-1022.610979 
1837.647397 
1609.349438 
1515.533981 
437.056418 
-613.026145 
440.395495 
350.679617 
2153.231905 
714.099581 
-1024.738702 
-1334.398838 
2059.761385 
-81.859317 
-377.109407 
-23.898232 
-171.340915 
-549.805331 
760.015629 
-1895.807887 
-279.536037 
-1566.153770 
-1501.528240 
657.084067 
418.399624 
-1880.387731 
-183.672930 
938.045678 
864.753332 
838.927402 
-1305.221480 
-1822.786248 
-9.777762 
1197.505115 
-1836.771695 
-765.938509 
-773.981729 
-1118.530962 
-472.200526 
135.862838 
-418.700288 
-189.585382 
2140.812997 
-568.511647 
-147.363716 
-541.209066 
1125.010577 
1113.124532 
2714.119660 
-2018.761064 
-199.098558 
-1372.588455 
-472.594764 
-739.879246 
1125.019002 
-117.140374 
-4378.558677 
-2604.674667 
1958.142330 
-359.018579 
1748.129401 
-705.633248 
422.739778 
356.455899 
387.174790 
-950.535158 
2527.166411 
-216.148044 
-1274.219381 
-375.902834 
-112.295556 
-1285.879515 
-819.925261 
-170.452051 
1875.683315 
-292.730549 
-1380.261274 
-660.256636 
-185.267648 
406.952498 
-1038.021484 
427.797319 
636.163365 
967.983735 
473.928928 
-175.561459 
-886.508065 
861.620229 
-764.653842 
345.864170 
-1317.593736 
-1216.664696 
3.294826 
2340.212550 
-1868.992009 
-1125.401850 
-516.340893 
-83.588942 
-430.851550 
1343.092885 
-2673.526404 
603.272725 
-618.321980 
616.575089 
-1064.074905 
636.511129 
93.518093 
757.370267 
154.572362 
844.586054 
-90.182050 
1405.441567 
751.109857 
-1620.539781 
-497.082572 
1505.477810 
-466.282466 
1424.759939 
-1119.411365 
-1370.368277 
447.913568 
1547.645967 
-732.362087 
-811.290231 
-524.225834 
1664.455194 
-236.471220 
-20.241725 
-791.278865 
535.622415 
-9.064893 
177.950559 
1218.481490 
-1172.264621 
-1315.666365 
-463.421213 
1966.292690 
-150.721568 
-741.836919 
-183.671307 
-102.878443 
391.750135 
2153.240891 
557.907805 
-1048.164339 
-689.505595 
-1591.661550 
1069.954307 
-36.432869 
98.256773 
-698.100782 
344.896474 
-1151.068505 
-639.702605 
-600.670170 
381.968023 
-1566.959946 
-848.534869 
782.962925 
-909.817549 
50.397762 
-1413.044453 
560.178641 
-583.101017 
-302.887929 
-1155.772222 
-474.073707 
127.705157 
-296.835296 
316.284880 
-1156.543774 
-1523.387953 
-1028.390427 
545.329246 
-1301.598267 
-1219.552421 
-221.688484 
-676.454035 
203.292843 
3274.965624 
678.783233 
301.821420 
-417.854718 
421.807251 
1484.732842 
-91.822681 
-1356.075535 
-1275.559143 
1592.387803 
377.196046 
267.565741 
-1277.001408 
-2257.150571 
-1336.516453 
844.573097 
-1244.760717 
-522.017565 
-385.797357 
134.619146 
-687.676093 
470.670894 
-136.752140 
261.780259 
-218.687358 
-1370.476700 
795.512595 
-478.717634 
216.111593 
-747.043962 
776.233664 
-190.904673 
-557.573809 
-516.691961 
-1428.071963 
381.739301 
-433.233510 
-732.211122 
-54.798108 
-820.567612 
700.034980 
3.287720 
-529.813822 
-2043.307196 
-178.097996 
671.820434 
-1098.048857 
-1204.775459 
-461.428338 
1725.870946 
96.757051 
354.852172 
-545.205327 
751.079420 
844.569764 
-494.420969 
-414.160843 
-1948.457512 
1779.331888 
1218.474254 
70.803650 
-1735.385658 
-1143.571435 
1128.931095 
752.009227 
107.369145 
283.701567 
1049.047694 
3.281966 
1491.949543 
408.506270 
548.183728 
1255.463578 
-1143.309552 
-1318.246084 
543.936978 
377.125463 
-757.062150 
785.096204 
-806.312476 
-1616.850784 
-930.526038 
638.926699 
-979.044081 
-225.348987 
1031.890865 
-705.086012 
783.203542 
657.614533 
-1134.992604 
-313.805120 
-550.090334 
357.617839 
-142.043642 
745.248718 
-2261.557303 
-1722.295238 
-430.134428 
-341.924876 
460.217783 
519.817159 
657.615401 
-476.503543 
638.975214 
-255.566867 
-2588.491714 
700.687476 
-589.487829 
-619.319635 
-177.703552 
424.156646 
-1464.500347 
283.716176 
-798.854100 
-878.403003 
-90.196113 
-2117.827140 
-1049.712116 
-370.613110 
-183.666832 
-1238.318082 
-799.124473 
-342.824054 
493.722397 
-775.560316 
-1429.615389 
3.296254 
-271.209011 
564.149792 
-566.044133 
148.798090 
-346.028945 
-884.438111 
19.840079 
-48.289134 
111.195034 
-207.091240 
519.391584 
-475.483420 
-192.581885 
-415.415107 
-218.732725 
534.451808 
938.062201 
-232.935862 
180.902579 
-1335.551384 
-698.086430 
1193.826313 
831.644558 
844.582771 
283.728957 
249.528344 
-370.610553 
-147.287421 
-994.148171 
43.260874 
176.190537 
-541.405672 
144.068679 
-183.657346 
912.884658 
241.065357 
-1001.139048 
-1711.247041 
-703.620973 
-773.091590 
-220.697823 
-1026.845535 
-365.980983 
1028.380282 
475.494468 
-564.147879 
-1611.423962 
77.186021 
33.666544 
401.919181 
-277.140635 
-294.070921 
-1058.636661 
-838.004252 
-131.684564 
-837.999823 
-1144.366635 
-954.935084 
2527.121403 
-776.497852 
-325.605237 
999.084999 
3.169658 
-1922.867753 
-40.378308 
825.239832 
3274.943908 
-533.216153 
1574.635504 
74.864061 
287.565658 
-121.837166 
2157.695739 
-29.908784 
-1824.274322 
246.965847 
377.178647 
-163.271487 
1921.997514 
1124.983235 
1015.621159 
2287.638071 
-316.667505 
20.656066 
-173.628574 
1769.444049 
1212.751123 
-879.140584 
310.048353 
52.563000 
1044.998756 
2380.154384 
-1995.344532 
156.869743 
-417.318020 
-582.690350 
3835.835094 
2459.678224 
-779.719961 
-531.039305 
497.645040 
1649.166281 
3685.760630 
239.238829 
-1405.681630 
101.318961 
377.208175 
1049.445913 
204.324639 
100.575007 
196.227767 
-1188.534443 
-369.093509 
660.553199 
2246.736948 
1521.911180 
-2.383518 
601.641469 
-1369.035816 
339.384119 
-1604.481684 
1760.086356 
1942.780107 
517.366020 
712.463096 
-708.035172 
49.449256 
2411.169477 
341.293043 
803.448105 
-583.274020 
-706.687808 
47.182081 
2529.902899 
2139.566916 
942.790206 
-83.843455 
1553.630167 
1415.084929 
777.022848 
-1390.019499 
-887.967708 
-645.498185 
2359.669471 
-269.579272 
1498.861418 
341.168008 
648.152953 
-850.823326 
3150.290368 
208.755351 
706.639913 
949.616141 
2153.181027 
-453.068450 
1237.138960 
838.731810 
1770.541417 
-2668.938510 
-678.355009 
230.621248 
-143.403478 
5518.380077 
1362.650790 
-1398.801942 
606.834623 
-59.802744 
258.285367 
938.052822 
1197.321847 
-48.687471 
-1016.156116 
-796.937437 
138.814256 
1405.433258 
-43.831598 
-1703.948929 
-1177.440761 
-207.303979 
758.558905 
1872.803318 
723.364620 
-183.640255 
-389.030323 
-226.866249 
-247.329995 
1037.084870 
-2126.054249 
-177.970641 
-1093.411472 
-126.051111 
848.379296 
-961.842922 
-206.021842 
-1324.906562 
-228.334372 
49.566511 
-1710.023272 
-42.135383 
-2450.478612 
122.534225 
302.703224 
637.402113 
-1534.003387 
-2484.724577 
-957.169048 
-1928.731612 
822.283030 
1027.339298 
-988.307209 
-147.445996 
-816.258340 
44.618651 
-293.665875 
-557.581807 
491.391797 
-1140.011314 
-279.510638 
1966.274507 
-1134.316363 
-1843.208720 
-703.501915 
1926.554692 
-89.733756 
1113.767083 
-2477.161386 
-795.538090 
38.705949 
-456.963523 
336.350919 
-914.228378 
-2413.646141 
751.062040 
1031.486037 
2001.566223 
-1395.137884 
-1276.999386 
-735.406653 
-200.440419 
1279.951274 
372.383811 
29.412347 
964.944009 
669.258135 
-325.049003 
1128.510760 
-734.724803 
-216.097224 
-670.321742 
-107.300193 
1138.333245 
-436.319742 
2153.218483 
1221.166510 
1218.459379 
-2010.631020 
-1436.826632 
-1174.137030 
306.804041 
-1099.845690 
1685.842634 
102.116397 
-1344.772999 
-270.843203 
-959.700206 
80.953007 
955.649608 
-889.868910 
871.360290 
209.274115 
-2746.148460 
1041.481699 
1031.531929 
2009.034335 
607.783622 
-2224.448418 
-1731.022489 
-434.241122 
-197.850071 
196.364425 
-844.873073 
-150.583491 
-921.426215 
-1.414615 
1048.357823 
429.502504 
20.766099 
29.922699 
1084.931309 
-240.412917 
-864.994948 
-427.176253 
-112.699143 
-1239.479595 
482.144873 
112.880492 
-1318.296392 
117.322943 
2901.041323 
1311.952235 
-1343.357557 
-289.042866 
-86.921148 
-297.352508 
357.477395 
946.898260 
-2347.245180 
-598.582831 
1283.438889 
255.736733 
-1664.749532 
1636.039790 
-527.877654 
-169.202870 
-635.624493 
751.076060 
751.085533 
2527.134298 
1966.278496 
599.046332 
-1914.945161 
722.647787 
-851.492654 
456.783313 
-851.327451 
-1336.502367 
267.260323 
1635.018222 
-1901.444248 
214.218376 
102.477470 
273.160706 
-1360.631839 
-395.953492 
-1825.989225 
-239.209228 
-584.302130 
183.927661 
-277.140496 
-1115.290253 
-885.345926 
-21.193701 
-183.649955 
76.304457 
-4025.823047 
190.251970 
1673.653650 
202.940665 
1125.010860 
657.657831 
-1977.426672 
-219.467847 
-4273.223840 
30.486075 
78.332158 
996.587866 
-151.145438 
-260.489417 
-1304.061026 
205.135825 
-877.056357 
2028.963382 
-860.961028 
-743.898956 
54.360753 
-214.586813 
-420.138479 
1179.908634 
662.702612 
473.386079 
-287.562174 
98.943964 
-666.633702 
963.028071 
1461.938717 
-617.966336 
-78.817965 
789.707095 
-1246.344276 
1354.762109 
-1117.060594 
103.301774 
86.818612 
241.577796 
1973.891210 
2340.191983 
-724.309673 
560.541328 
321.978673 
699.124731 
-596.167135 
2745.925542 
483.579153 
-343.829911 
1218.457462 
283.698357 
-549.769334 
921.744530 
31.900349 
1654.680039 
657.606652 
854.470182 
-889.920390 
-154.493914 
-966.057844 
-362.382283 
3.282363 
832.758823 
-1155.623725 
161.945933 
1496.829294 
-567.867563 
120.545388 
-62.555844 
-1078.692668 
565.875131 
-508.873029 
1031.538088 
3105.481653 
-1574.115949 
1153.389186 
-282.996683 
-841.776953 
289.011478 
-1430.351778 
945.658932 
96.772343 
-1225.180987 
36.819030 
-786.840683 
-639.486939 
-379.277272 
-2960.827649 
-387.584076 
-910.651405 
-370.603351 
-542.487589 
1001.872564 
470.664481 
3.289777 
-626.909523 
327.748820 
-1908.454587 
1779.366447 
3.279889 
462.476199 
-1336.547483 
437.395847 
-76.277913 
-769.928635 
713.507229 
-183.656809 
266.196530 
657.589047 
884.587767 
-775.866707 
726.251474 
237.680458 
-599.986066 
-1920.905800 
1692.272548 
-2520.599177 
1519.040147 
-357.981803 
239.244684 
-1101.621200 
489.742988 
-167.561605 
536.086165 
-7.670911 
4973.619036 
-1332.928935 
1078.307440 
-183.687394 
-469.370314 
259.192558 
-122.974223 
-390.522436 
-516.729482 
-480.346417 
-89.721546 
-493.891152 
381.594208 
-1284.977915 
344.383454 
712.710280 
844.563261 
-1061.409774 
-592.391909 
379.186517 
296.494684 
-375.175313 
-577.646268 
-2182.723508 
-517.358643 
216.718740 
155.371956 
470.667226 
-339.986449 
-900.479725 
-183.672652 
-558.442933 
618.986814 
3.284186 
3.282776 
3.575491 
-2103.792261 
-868.724923 
-1212.701769 
-902.669139 
-1666.285725 
657.626567 
-1347.677609 
470.676612 
-1140.094413 
1012.718789 
-70.616647 
547.618967 
-897.288398 
-1165.027841 
-587.948735 
686.454768 
-367.346860 
-504.425791 
-276.673065 
-1347.289336 
-654.957134 
-539.285136 
3.285866 
-266.781151 
784.039644 
-1028.907328 
-525.053165 
-571.661739 
-355.647068 
470.671864 
-183.662988 
-2036.423258 
-90.176539 
-2483.936258 
-656.766696 
-1100.506441 
-437.691954 
-443.543115 
-239.471635 
-277.141995 
1123.383556 
-1504.294168 
-521.525225 
-495.708666 
-709.481998 
185.330767 
127.442206 
-357.412664 
-627.020770 
-938.246254 
-2106.549394 
-626.780282 
-959.280552 
1636.768786 
-1617.838324 
-65.159839 
-838.014523 
-863.766140 
-217.182865 
-838.019077 
-621.867039 
-838.002142 
-2284.212870 
-86.198816 
2901.076532 
949.056210 
-88.592041 
2958.442852 
-765.832030 
-734.436923 
-937.682039 
-298.959786 
2153.282435 
-2627.405812 
247.897345 
-450.420353 
778.639257 
-505.156096 
4084.812541 
796.341725 
-877.926682 
1012.944258 
1592.414581 
236.243824 
1682.137788 
1125.033792 
247.092367 
-63.418591 
-244.939152 
-1020.284746 
4196.667036 
1828.176831 
688.744436 
-996.539279 
609.549655 
52.697707 
1816.356005 
1724.350307 
-1154.281170 
1036.763101 
207.496439 
-1047.283474 
3088.011937 
2244.582951 
-456.357030 
-518.943854 
936.569291 
1608.450675 
4036.095098 
-12.292880 
-1110.613210 
-1963.013477 
1311.941218 
-933.644313 
216.699290 
-542.241321 
-296.357126 
-1258.649825 
-1056.649741 
1286.573042 
1311.931800 
46.319416 
-1561.061799 
348.217951 
-1798.484973 
-447.566212 
-786.321184 
187.699859 
12.210918 
-894.692700 
-108.166931 
-1682.751564 
3107.635771 
2201.159245 
49.418120 
418.619769 
-928.524038 
-689.360995 
-123.001084 
2876.409340 
622.941086 
-161.185803 
289.961806 
-1309.221136 
576.447506 
782.797650 
281.066305 
-1568.239938 
-198.807964 
-99.816588 
-341.256923 
2059.749101 
-1243.901045 
-265.430005 
-315.915617 
1355.572479 
905.211661 
-40.582513 
1172.110137 
1125.008276 
791.910043 
-826.725124 
-1222.048972 
-1980.307331 
425.745312 
727.113463 
441.521338 
976.724931 
3461.939323 
586.726991 
-612.978914 
809.619024 
1127.031874 
-336.366668 
3835.838517 
-450.001519 
1039.082407 
868.664376 
-565.206684 
-120.085993 
377.213188 
1433.531435 
-750.921135 
-471.547655 
66.197944 
541.019162 
3461.958989 
-1974.108651 
564.168443 
-266.868876 
1722.990818 
-315.061068 
1337.538565 
521.950240 
-362.346953 
842.027797 
339.062611 
638.973380 
-750.917037 
-2057.772640 
979.554207 
-1934.800836 
162.601229 
23.540574 
2628.878432 
-2520.567161 
239.706926 
-874.270947 
275.184801 
-414.256709 
-1504.934665 
817.641062 
-798.543765 
2667.555762 
-966.237374 
359.370391 
1124.107750 
-1003.781820 
1294.778244 
-432.333964 
1872.824612 
-207.335927 
125.327937 
-423.208734 
377.179013 
-762.965237 
-1515.192210 
1463.828212 
463.631410 
467.775376 
849.695183 
1326.642340 
-917.495911 
-1032.908941 
-462.445921 
-140.795398 
892.677964 
-3377.026100 
1592.378182 
2573.906010 
271.782023 
-396.846167 
3.749939 
-225.510417 
-420.548726 
299.420749 
-1505.140573 
-590.067322 
-300.050862 
38.989321 
-404.275917 
-96.887309 
-637.260527 
582.136895 
-509.606927 
1747.755139 
1246.211430 
21.302220 
1125.009665 
1343.601028 
1779.342792 
-2768.744486 
-1738.182956 
-803.858911 
199.887835 
560.529329 
1498.915509 
1182.643523 
-4430.892104 
-1493.876107 
-118.350326 
1045.687306 
-404.487566 
-488.819892 
-764.252091 
919.375901 
-242.785600 
-816.602800 
1685.880411 
1528.380247 
451.976108 
-1963.996349 
-345.647829 
351.513735 
287.078615 
869.489067 
-410.320526 
-1034.023357 
-1751.405139 
978.268955 
1321.879352 
394.177575 
878.432316 
-493.913938 
71.960980 
-1195.610954 
-390.560634 
-919.846632 
-486.187540 
-893.769444 
-1013.026029 
1040.839724 
-920.565033 
-995.454307 
1498.921825 
1872.829024 
-326.682678 
-1697.481111 
668.758422 
-1681.281519 
-631.624056 
-1287.500095 
-2120.363793 
-174.040563 
379.557691 
995.767521 
-1346.952394 
1862.398959 
2597.610965 
1196.542637 
-1708.104313 
-183.659970 
657.629230 
1405.436855 
1031.531312 
-549.716723 
-401.800707 
1029.610110 
-385.785801 
-725.302710 
-331.417951 
30.255563 
624.009636 
1963.070478 
-751.251801 
-984.639741 
581.317643 
-444.139126 
-1285.419051 
-181.703557 
117.854193 
417.335513 
-592.921235 
-2752.736070 
564.140947 
1005.154260 
289.560950 
-924.552299 
1125.004819 
-135.576476 
-1498.884269 
1966.289607 
897.641227 
574.439359 
2340.196176 
-937.713354 
-909.670887 
87.043427 
1487.215071 
-1612.288368 
107.001159 
187.798041 
-158.504542 
-161.855053 
-1784.929155 
-717.804599 
-1262.059309 
-1968.494326 
-267.602426 
338.554323 
262.663399 
1185.948661 
2177.560524 
-453.927854 
-1258.780795 
230.824712 
249.422802 
-1216.777882 
-996.012747 
170.968226 
1050.438260 
-88.816797 
-23.730940 
-1537.276920 
-1314.281890 
544.701722 
-487.927904 
-226.907847 
627.539810 
499.326708 
121.222256 
-370.621640 
-411.041857 
-188.438360 
481.647769 
730.460380 
667.801042 
881.437801 
-1532.717058 
-327.780897 
657.622606 
-183.674240 
-1382.546686 
501.805008 
-268.925831 
-1037.396795 
-183.672710 
310.602314 
-756.547301 
453.365209 
575.027834 
-596.643029 
751.103000 
-1729.773069 
-1465.364328 
18.372981 
1102.166067 
-144.934369 
-196.342807 
1512.704046 
-176.806327 
1520.411427 
1112.804130 
377.189877 
-3817.583523 
-1620.874299 
281.159945 
-342.752198 
-1300.850237 
304.164328 
-2018.423975 
-432.489303 
283.715056 
-978.722806 
-942.383722 
1055.166193 
-666.591472 
-742.286523 
-3221.143877 
-864.760798 
-611.401656 
751.097664 
-190.388014 
-346.534999 
3.279853 
3.276280 
1125.884998 
-336.279865 
-370.182951 
-183.676379 
3.263618 
-206.280974 
557.909642 
-66.670599 
-1107.323434 
84.000491 
-455.615207 
844.558395 
-1901.313804 
283.699352 
1329.979748 
-238.679155 
477.610162 
-184.510819 
-611.628817 
-1523.705884 
911.000671 
1966.276015 
-342.891282 
1047.886964 
-368.622888 
-1202.397746 
-36.769106 
-228.770682 
-1364.503440 
125.108277 
4665.416358 
-741.040034 
874.808672 
1031.511024 
-548.683396 
88.755692 
-561.433608 
947.486933 
-2362.279538 
89.333709 
-934.574333 
-689.248352 
-136.670360 
-441.935836 
21.478613 
-118.811677 
-183.680655 
-1185.902285 
-130.627277 
724.320326 
-712.040961 
136.202578 
-921.577149 
-374.833251 
-1430.295433 
601.948356 
-356.872450 
844.567685 
395.075060 
-1235.204349 
470.664373 
42.153260 
-408.484246 
470.663147 
-90.188403 
-1439.929698 
-2097.696699 
850.806528 
314.669468 
-267.104933 
-1361.265734 
-183.669295 
383.814445 
-183.662865 
-747.698316 
132.247723 
-767.694248 
-1097.533437 
-929.494545 
-135.350255 
-961.686508 
187.260720 
-69.752484 
-1297.348299 
-450.147816 
-1064.553349 
-756.750272 
-623.701698 
283.730382 
-606.860921 
-599.428893 
-727.886138 
28.475733 
-159.311280 
-628.546421 
-277.135583 
-277.133220 
-2718.446139 
-183.652710 
2012.384440 
-573.848733 
-1795.923026 
-1017.649815 
-193.659358 
-107.573332 
-837.990072 
88.732721 
251.722738 
-719.378302 
-1325.666313 
-90.181474 
-1533.578973 
1552.699447 
-989.438370 
-1790.333058 
-963.318216 
1912.849146 
809.454868 
-574.432533 
-119.043461 
-976.973304 
1097.589199 
-837.992086 
1059.734225 
1382.704796 
-837.989441 
-420.670050 
-837.986739 
-774.521797 
98.506206 
2246.731115 
-595.746652 
-1290.483880 
2117.066840 
-60.838328 
-814.018239 
-1236.828287 
301.597013 
377.196672 
-986.202714 
178.528067 
1159.708090 
-15.784651 
1236.709702 
2632.558673 
573.237451 
288.890728 
1032.083213 
470.674188 
869.550681 
1726.498434 
3088.013859 
2188.411922 
270.988019 
-3377.223721 
-1196.731091 
3687.528911 
2003.971572 
1226.838431 
77.605960 
763.379851 
945.308870 
1985.046528 
1085.303006 
635.780398 
585.378868 
847.681282 
202.642960 
1498.906336 
712.682540 
572.408655 
1573.365529 
50.090491 
1519.382071 
2027.651979 
387.104235 
325.568096 
-1320.253186 
1592.384209 
279.911858 
1965.468188 
-1157.594129 
862.162864 
943.892166 
1458.344124 
-829.745314 
2901.059538 
481.115997 
-1014.682470 
462.141238 
-531.399438 
-799.951475 
-433.566268 
-525.063463 
49.268667 
-247.690860 
-1562.935068 
-510.707632 
1915.755170 
1662.639267 
1374.224244 
-238.997842 
-1077.918913 
693.699241 
1460.539384 
2979.530583 
2699.307457 
-1463.604256 
294.445222 
470.425875 
-357.134579 
334.825539 
-366.542946 
-311.434986 
-938.169189 
-560.613061 
633.379928 
2433.685126 
1100.939419 
-372.980596 
306.755364 
1156.170616 
1270.785121 
-197.723174 
-561.343516 
938.061298 
-1189.051112 
-1559.436776 
700.562328 
-403.587373 
556.719053 
1682.058077 
778.320388 
-217.109436 
3648.874115 
411.556612 
-82.066885 
-247.582539 
374.367842 
-912.843086 
4022.781711 
-12.124694 
-1694.144353 
408.618521 
-1073.573314 
1243.767552 
190.240470 
1848.964526 
-725.414379 
-1178.577180 
-196.658863 
238.965950 
3648.875811 
-1589.486749 
190.230498 
732.861914 
1965.586017 
430.533589 
1363.852634 
581.490289 
453.521301 
409.326534 
645.117624 
-575.224255 
-317.553083 
-1826.019394 
-412.056865 
-605.954803 
-1793.971819 
706.151298 
2006.664888 
-575.099698 
-381.402403 
-1854.690067 
379.268885 
-571.437595 
-1737.958480 
-258.994130 
-251.658880 
815.491550 
-539.543228 
1055.936270 
1094.927323 
926.327899 
-286.066295 
480.646933 
1966.297496 
-490.914329 
582.324664 
-1121.135394 
938.055341 
-1544.453186 
-792.171870 
2656.145848 
-991.026143 
540.839320 
597.432248 
990.674258 
-1067.715526 
-419.270706 
-772.773660 
-651.163211 
2328.676603 
-3077.884990 
1311.960752 
1779.342986 
-149.952372 
918.488715 
-631.007032 
973.761013 
-1219.175164 
1397.694480 
-2565.026375 
-1437.956957 
-2408.437075 
-329.315175 
329.947623 
966.776422 
244.322028 
-545.216587 
1204.756444 
1236.457220 
-57.089929 
1869.954999 
2340.202684 
354.314824 
470.674546 
-2123.567071 
-1952.920918 
-189.983672 
-935.555918 
1671.698446 
1405.439530 
509.941550 
-2768.379888 
975.978669 
-1003.656847 
618.925269 
387.775944 
-1124.342303 
-1840.501936 
201.582563 
-616.979949 
-409.278745 
1498.914982 
938.414169 
-464.086437 
-1203.822406 
861.773624 
-1279.216375 
407.915664 
-402.878020 
-777.984007 
-1776.559533 
-1396.415478 
301.656009 
-143.216463 
1023.058952 
-1000.138571 
-964.165282 
-1634.311390 
-418.320634 
1101.997326 
-34.084146 
386.357980 
-1306.512383 
-1751.078266 
640.151613 
1176.733998 
-858.637279 
1125.010493 
4022.783147 
-1473.765236 
-1131.723682 
-243.889339 
-1376.118895 
-349.567953 
635.923531 
-3676.257251 
-467.784645 
-51.874498 
121.102849 
-1289.008300 
1409.316762 
2102.853425 
1333.987902 
-410.414612 
1031.532846 
564.147990 
844.575047 
377.196832 
-111.835933 
131.923227 
2180.547860 
498.652469 
384.233611 
-1102.693096 
-1164.619434 
1185.054672 
2516.005827 
-1036.141651 
-384.486269 
-640.007306 
200.799049 
-65.914812 
503.980857 
-561.435675 
1017.368888 
-962.934643 
-2342.460062 
2901.064341 
1445.940246 
1839.738774 
-1351.863390 
2153.248274 
-1577.042964 
-817.290261 
1311.962629 
341.841173 
696.460205 
1125.010334 
1554.994430 
-1287.008348 
-492.163060 
564.146785 
-2452.449782 
1013.304667 
-199.590453 
-1985.310006 
-57.858942 
-1097.240718 
-320.138679 
-418.630517 
-1391.470012 
-1875.908873 
918.512990 
1659.586628 
633.534769 
883.571099 
-490.545650 
-600.464421 
399.612511 
524.842644 
-728.700247 
-1464.200083 
347.460314 
-268.441401 
79.049003 
-800.699555 
-845.435972 
-903.291790 
-314.089673 
-1079.912823 
-1011.943184 
885.891065 
-1347.972529 
-198.805119 
377.195161 
-1632.064775 
463.169738 
-29.678103 
1933.104263 
257.269732 
333.903501 
-104.661371 
-410.216809 
96.764299 
3.287618 
992.871433 
-145.743303 
156.638668 
-1137.129376 
1405.437579 
51.429560 
642.013033 
294.953593 
-1748.502191 
-1674.985983 
-183.664690 
131.558454 
-789.751014 
-1020.777967 
271.969134 
-369.693875 
-118.616439 
-299.262681 
-314.189319 
1542.849156 
1695.152526 
96.763142 
-3431.981206 
523.251965 
481.547078 
-357.779192 
-1063.721815 
-282.191784 
-1810.403178 
286.695839 
-183.667188 
-761.269893 
-2987.380953 
-492.855961 
-519.037623 
-772.615391 
-2953.860423 
-268.697357 
-688.737107 
96.760183 
-833.499596 
-1466.299272 
-183.670081 
1218.474847 
624.267906 
-154.316238 
-93.445753 
-277.146273 
-370.623276 
1491.927000 
-339.462275 
29.546564 
-605.540249 
1096.928666 
326.556094 
283.711250 
178.545394 
3.282272 
-143.494453 
-171.288790 
90.263411 
-463.619388 
85.840845 
-1431.499478 
320.923079 
751.094722 
627.273976 
-1608.782868 
-24.463106 
-96.465777 
-657.106832 
119.142510 
458.727985 
-1087.162353 
2374.154260 
-797.935272 
70.493956 
-90.190384 
-655.749820 
258.918741 
35.984380 
718.574219 
-1792.309953 
-195.340604 
34.845838 
-1707.700248 
-809.555140 
-1200.441238 
66.707353 
-978.320916 
-370.615489 
-2053.318454 
278.915876 
-193.640031 
-2658.595715 
-1536.171530 
-1076.592009 
-1684.540368 
-821.610031 
307.365085 
-835.183288 
-370.614796 
-899.267657 
206.117383 
470.675988 
-244.080493 
-534.562592 
-277.139407 
-370.614300 
-20.770959 
-1411.086348 
395.397468 
554.226061 
152.311905 
-755.359433 
-183.661017 
311.887883 
470.671415 
-210.330763 
-782.910644 
-858.053985 
-2488.895238 
-2005.074626 
-104.168400 
-153.471278 
-918.106238 
101.589548 
-575.418179 
-307.365255 
-811.321068 
-397.149008 
-105.071092 
-183.670059 
-641.574239 
236.738481 
-809.314739 
-1798.360684 
-1165.441043 
263.746330 
190.239213 
751.100096 
-1525.398242 
844.576539 
1593.000363 
146.422266 
-444.254699 
-215.974079 
-1730.463575 
674.198392 
-838.001146 
-393.386605 
-360.337955 
-1098.443856 
-2580.315901 
-838.003411 
-827.502532 
1578.910031 
-938.353096 
-1660.902169 
-1384.717156 
-276.342731 
602.727050 
-58.410180 
-637.556918 
-493.835749 
285.371644 
-837.998655 
1284.915440 
501.758181 
-837.998771 
763.912797 
-837.998205 
-1708.900129 
356.468407 
2153.279483 
-1229.102519 
1435.348198 
525.907657 
-1451.956300 
-3031.254356 
159.112562 
1694.948485 
564.180514 
-170.424370 
-2643.228213 
-1648.004927 
1452.759746 
422.463992 
-795.242844 
-236.355923 
-1903.356122 
701.735868 
-183.651652 
833.994274 
1160.268832 
2433.697647 
2650.421558 
2024.276444 
-3960.800884 
925.929136 
441.703512 
579.673102 
-212.118935 
-1446.909890 
-1983.769663 
295.803514 
730.550407 
-1183.257693 
-702.369712 
414.292255 
379.245227 
2158.231865 
2807.573415 
2151.370311 
-24.922671 
1203.437360 
1748.387813 
904.367924 
1804.742500 
-1427.582806 
98.514603 
159.928552 
1966.281225 
-1828.579686 
1189.526194 
994.500141 
1028.786845 
-1585.828148 
2030.294835 
-341.246761 
938.025358 
1315.339788 
1206.582136 
1117.598344 
186.391742 
544.383261 
1125.884588 
239.543120 
920.971036 
-2955.044241 
-783.073517 
-62.158633 
-899.441155 
258.051114 
386.619555 
-9.611426 
29.463016 
-303.476825 
-683.408143 
1493.272546 
4645.186022 
877.073430 
529.430258 
1828.143091 
2356.822424 
952.950447 
-403.150576 
3633.487865 
806.278668 
-571.656308 
-443.756505 
4022.787279 
-507.855769 
-173.979832 
-1382.060809 
-140.043004 
1792.350892 
362.595921 
-735.138565 
3461.920882 
-1066.285638 
-337.164537 
1337.107049 
575.784309 
564.838630 
-58.737541 
1005.641524 
1289.132354 
1966.293388 
-548.647932 
-1796.131240 
-1212.623176 
106.455035 
979.418607 
377.186663 
-405.551623 
-447.468734 
-245.331843 
1823.503746 
512.652909 
2620.625257 
1424.184245 
-791.415336 
-1253.199600 
1100.538931 
1108.585872 
-370.673661 
-498.582394 
1779.313730 
2350.032108 
-399.449010 
-408.307785 
2104.508741 
-711.694504 
1968.925737 
-1770.505444 
-1736.540743 
-766.707487 
-879.339809 
277.853003 
-6.678363 
-2153.619879 
148.324992 
2291.650737 
1690.561160 
1212.625907 
-169.559515 
-1209.504169 
-162.602367 
-1885.781439 
-1956.981156 
-1667.775811 
-394.407359 
-1434.747318 
243.646871 
1094.630253 
-1062.995438 
-535.956486 
547.482257 
697.547518 
1311.942504 
-32.333244 
855.972028 
-2519.254545 
1125.013732 
379.391409 
-2312.373006 
1133.572814 
126.801581 
-1139.678371 
522.389947 
-1325.153195 
-2627.624851 
724.461179 
-858.632308 
-1187.522224 
6.667167 
-1046.848622 
1872.808914 
1639.174283 
689.779951 
1449.022405 
-800.466239 
648.057647 
414.286625 
462.664059 
-2715.638146 
-1075.705796 
-1969.742853 
-697.383901 
-1171.726087 
-1173.765589 
-2476.521393 
-855.082931 
865.183556 
1345.496164 
132.360471 
-161.908366 
1031.517589 
-182.669853 
470.662514 
1098.089909 
-573.565830 
-721.121540 
-1767.246824 
1161.616813 
2714.090360 
708.808605 
-1659.167774 
1132.411166 
-69.028046 
1757.713111 
186.358173 
-2248.187405 
-1175.321946 
45.711922 
-2179.092728 
-159.645650 
1124.992203 
472.299555 
-1074.819678 
266.210423 
1859.564231 
-748.368406 
315.082355 
-222.540009 
831.059841 
-1561.009823 
-1675.578995 
-386.796766 
127.210764 
707.217367 
-1633.538168 
-2501.888034 
-512.098828 
796.691209 
753.496379 
521.876866 
88.860546 
-227.093708 
-2408.293843 
537.770793 
2112.529315 
-643.294862 
1311.965871 
3648.888936 
-1620.814185 
-169.614937 
221.271174 
-1265.160367 
1421.677728 
1261.812897 
-3063.276929 
-521.408162 
-897.647055 
-1693.397582 
-2014.354774 
786.315795 
470.363105 
195.459602 
-1326.809492 
1031.553063 
751.119723 
564.163621 
751.123094 
-106.426121 
-91.475613 
423.553517 
712.856565 
-264.266190 
-1507.228150 
385.948217 
26.818374 
1478.793188 
-2262.760805 
-620.347942 
-1113.821989 
-55.086064 
-2555.993615 
-1143.323334 
551.258613 
534.275288 
-623.072393 
-907.405961 
2527.153975 
179.821841 
773.927358 
587.693900 
2340.193329 
-203.122534 
207.169161 
1498.904844 
965.453061 
-196.468059 
564.139997 
-40.346749 
-685.287210 
-166.137625 
-662.743010 
417.203885 
2443.510976 
1587.249625 
-151.180956 
583.466194 
64.149598 
-1154.112636 
-873.771263 
-43.560899 
374.484710 
-33.629638 
1075.793359 
-362.718944 
-1903.497457 
-589.096436 
-337.555347 
-25.746789 
-72.669405 
-1531.962119 
-808.438822 
-1060.726917 
-178.024068 
-1083.826548 
-410.142659 
284.423772 
-2552.493860 
-137.605516 
-676.296290 
876.412594 
2107.124723 
-258.590820 
-48.704479 
-183.655251 
-315.605843 
352.104627 
939.368882 
1050.640015 
439.194482 
-314.924476 
-784.601882 
-543.063287 
-183.649890 
-183.650744 
758.900643 
-909.846661 
-458.642881 
-1336.508507 
1966.314966 
-345.672586 
1326.207827 
580.272255 
610.443786 
742.268302 
3.302867 
-111.666873 
-466.717609 
-251.688403 
-612.355651 
-550.017069 
-42.773486 
-170.359045 
-991.653588 
156.611200 
-120.304740 
470.674674 
640.107280 
-1357.955192 
635.941610 
-69.435144 
-1197.230005 
389.856989 
-965.179103 
407.058823 
-183.665428 
-459.044566 
-1037.169808 
162.309612 
-772.563130 
194.711435 
287.817150 
-526.271008 
-809.597551 
96.763467 
-136.512080 
-313.800622 
-183.663513 
1218.488199 
-381.436045 
-318.962500 
-745.779314 
-370.614270 
-370.615209 
1261.815933 
-638.578509 
-58.511504 
-542.803061 
267.272406 
213.103689 
470.662542 
44.183468 
-183.656624 
-1004.733058 
-520.153895 
-381.326277 
-32.492000 
813.278110 
-476.318463 
-626.697110 
751.093911 
1275.691957 
-281.765435 
206.168054 
323.190286 
-1161.976009 
-329.060221 
603.030263 
416.549271 
230.776956 
-195.682415 
578.578047 
657.636388 
-250.923852 
365.166468 
-1306.943413 
811.169723 
-1780.010211 
552.027324 
710.209777 
231.210171 
-897.513912 
-657.400341 
703.596359 
353.701626 
-90.187479 
-1459.839770 
403.119550 
798.916938 
-3641.584369 
-507.280865 
116.238368 
-868.141971 
-703.241723 
1503.253946 
103.280655 
-90.198583 
916.814406 
3.375192 
-183.673070 
-452.482268 
-1999.433390 
564.135078 
844.574759 
-728.589485 
-2053.725665 
293.162385 
-555.090576 
-852.888575 
287.929019 
844.573959 
-768.584413 
470.660707 
152.551526 
-923.627493 
1340.244637 
-1495.439886 
-381.891614 
-312.696463 
24.638283 
-857.230246 
780.250244 
-1140.040299 
-1121.701377 
210.136725 
339.002987 
-414.746823 
-277.141254 
597.683281 
-643.868842 
-871.130869 
-431.589061 
-577.951682 
770.264038 
-183.662061 
3.294722 
-640.601431 
283.725952 
-1073.585108 
112.869154 
1883.955770 
-166.031817 
-1134.357421 
-1496.223462 
-837.990864 
409.669133 
508.619569 
-1094.939852 
-1877.630551 
-837.989252 
-497.530211 
-1585.427775 
-1535.430974 
470.341131 
257.966502 
-1355.378308 
-1327.542067 
-1114.271352 
-199.222717 
-839.125505 
447.081261 
-837.992432 
1074.785952 
-1199.269238 
-837.982655 
-888.813513 
-837.991662 
-1779.664382 
-946.954536 
-744.523443 
-850.615685 
-846.614435 
-827.977891 
-945.245068 
-857.449590 
-837.999998 
-816.328853 
-838.000013 
-854.120642 
-814.533421 
-822.360905 
-877.864094 
-747.875557 
-788.981630 
-802.777364 
-882.163809 
-818.258625 
-838.000003 
-850.789376 
-827.096347 
-744.523442 
-811.444334 
-804.023184 
-810.900296 
-808.178622 
-843.702690 
-825.761162 
-747.742484 
-789.420583 
-833.180933 
-832.947203 
-859.754608 
-840.992958 
-847.835216 
-821.492681 
-751.799102 
-860.079661 
-837.999988 
-872.099046 
-819.036940 
-868.764447 
-797.214576 
-828.779490 
-736.372758 
-880.633621 
-806.032126 
-849.227493 
-744.523441 
-883.902808 
-780.195384 
-873.681981 
-833.743672 
-925.634279 
-787.785561 
-810.597792 
-838.000004 
-788.685365 
-786.120581 
-670.960654 
-848.222179 
-855.000998 
-896.593072 
-855.686448 
-735.128886 
-823.997967 
-897.572473 
-835.936021 
-818.548780 
-773.675340 
-766.058238 
-796.497319 
-812.863602 
-757.495293 
-873.436737 
-787.504268 
-850.074027 
-829.980706 
-842.736981 
-791.768864 
-814.421887 
-897.103897 
-814.533422 
-867.456090 
-844.245139 
-824.900120 
-748.600887 
-838.000007 
-843.307046 
-817.490006 
-897.739298 
-837.999995 
-807.913937 
-804.823229 
-809.394909 
-837.999999 
-856.507539 
-799.209509 
-824.746805 
-900.196812 
-898.304371 
-836.321545 
-829.139859 
-856.916842 
-837.999990 
-769.237522 
-897.882223 
-785.217881 
-852.094212 
-872.561469 
-837.999997 
-838.488399 
-897.703707 
-763.751561 
-873.784661 
-782.150809 
-837.999992 
-830.993634 
-813.704565 
-814.128304 
-837.380541 
-843.790951 
-838.000001 
-827.155937 
-837.999994 
-859.999909 
-876.908766 
-858.316708 
-807.559835 
-798.738630 
-832.615129 
-802.957270 
-796.946144 
-847.884793 
-838.580718 
-813.930601 
-873.769529 
-809.158344 
-779.543179 
-863.314293 
-802.832264 
-837.999997 
-866.528370 
-856.143126 
-790.237723 
-867.572586 
-916.330808 
-833.645295 
-844.785219 
-861.044241 
-883.954734 
-856.921783 
-848.952466 
-826.009954 
-873.932262 
-827.112719 
-744.523444 
-791.863187 
-833.879311 
-803.945461 
-838.000001 
-810.023581 
-894.702923 
-821.472346 
-847.395725 
-805.598614 
-820.518485 
-849.747105 
-828.719502 
-845.141228 
-853.325745 
-787.337944 
-783.086339 
-826.501518 
-744.523426 
-791.261727 
-840.754964 
-838.488403 
-846.577698 
-789.027448 
-795.022931 
-840.412421 
-879.056576 
-858.758962 
-767.186679 
-866.267575 
-829.780474 
-798.305433 
-860.264940 
-906.354645 
-832.357997 
-829.015101 
-802.711878 
-791.599486 
-837.999999 
-841.863154 
-838.000005 
-863.857358 
-805.821197 
-854.779439 
-808.328777 
-836.504543 
-838.000005 
-834.330642 
-794.905629 
-836.076224 
-787.418674 
-879.786667 
-780.557308 
-838.200808 
-845.234217 
-796.882052 
-883.175094 
-829.031961 
-837.999997 
-829.623578 
-837.999998 
-790.872491 
-845.852898 
-848.222179 
-824.783125 
-791.222641 
-847.907518 
-865.766558 
-804.428703 
-843.882768 
-853.849193 
-830.283715 
-879.213592 
-864.533487 
-841.440019 
-833.932145 
-800.627417 
-838.085696 
-883.643364 
-817.380435 
-829.292397 
-811.968854 
-814.455444 
-877.174236 
-837.999999 
-838.000004 
-782.087215 
-752.594631 
-818.012949 
-854.506328 
-857.002597 
-844.082872 
-824.530106 
-807.646263 
-868.190717 
-819.549807 
-770.411615 
-856.737861 
-776.505497 
-883.164726 
-823.380058 
-838.000001 
-837.999999 
-744.523437 
-837.999991 
-838.488399 
-809.762728 
-819.342500 
-850.608332 
-795.612053 
-914.771865 
-766.615994 
-836.692963 
-820.663023 
-846.014457 
-815.854141 
-823.397906 
-796.860690 
-866.217381 
-791.529844 
-798.007438 
-816.336916 
-782.153896 
-825.092616 
-838.000001 
-851.507442 
-842.975348 
-822.098645 
-838.000000 
-825.336765 
-896.922918 
-838.000003 
-745.764212 
-798.783333 
-837.999998 
-838.000005 
-814.313715 
-865.989175 
-838.000003 
-789.452232 
-859.999917 
-839.401982 
-855.491401 
-823.632121 
-857.660766 
-794.917428 
-803.880274 
-832.653721 
-815.904898 
-841.813619 
-813.216968 
-863.129950 
-833.264557 
-837.542127 
-846.482040 
-856.852674 
-789.171146 
-844.084776 
-834.020060 
-798.540718 
-782.759768 
-783.068988 
-860.866153 
-804.827810 
-802.347280 
-845.732709 
-794.929851 
-797.472134 
-840.992973 
-836.909216 
-816.214071 
-838.000001 
-791.943427 
-843.121007 
-769.419374 
-830.461399 
-837.542126 
-848.166318 
-819.231517 
-849.369826 
-837.999998 
-838.000003 
-782.027771 
-863.730820 
-883.299684 
-837.999994 
-744.523445 
-778.070462 
-830.162459 
-856.954959 
-839.798966 
-829.473264 
-837.999999 
-782.021550 
-834.231745 
-892.720262 
-865.966900 
-818.691536 
-804.451884 
-810.683110 
-854.388928 
-777.493206 
-835.417221 
-837.999996 
-838.000016 
-838.000000 
-813.809555 
-820.994458 
-854.438065 
-795.711176 
-840.314404 
-823.141386 
-837.999998 
-891.600943 
-762.788712 
-800.990455 
-793.519551 
-861.220619 
-828.779465 
-841.532743 
-863.609592 
-837.999998 
-819.623094 
-843.056946 
-838.000003 
-837.999993 
-823.799569 
-814.864383 
-823.141390 
-838.000002 
-837.999996 
-751.644125 
-838.000002 
-846.108677 
-805.080825 
-847.469007 
-805.530532 
-837.999994 
-837.999993 
-837.999994 
-888.288224 
-852.571996 
-862.511625 
-820.260840 
-798.715263 
-830.387282 
-828.711704 
-837.999993 
-797.641701 
-834.640076 
-852.094207 
-865.174145 
-791.073808 
-836.681154 
-841.259448 
-851.312904 
-838.000003 
-811.633074 
-810.384917 
-838.000001 
-850.306483 
-837.570747 
-819.992802 
-807.695651 
-777.375996 
-851.189232 
-877.609139 
-871.379255 
-830.648200 
-854.603088 
-802.558968 
-822.689029 
-837.999993 
-851.988690 
-748.513727 
-860.029479 
-826.680586 
-856.419855 
-854.626329 
-841.638745 
-794.374833 
-854.714980 
-852.987217 
-838.000003 
-822.349097 
-827.416271 
-837.999994 
-834.813439 
-842.846211 
-838.000005 
-744.523426 
-894.681383 
-839.897453 
-846.423349 
-811.151613 
-838.040813 
-815.298232 
-838.000004 
-833.259107 
-837.999997 
-844.892310 
-858.424309 
-813.078962 
-842.312284 
-790.186379 
-866.205692 
-828.351275 
-859.689630 
-844.568466 
-862.718996 
-844.604975 
-830.600012 
-850.606494 
-824.786681 
-837.999996 
-840.965108 
-836.533225 
-829.528742 
-855.491408 
-849.473932 
-822.018299 
-837.999999 
-837.999998 
-853.556828 
-838.000002 
-844.200003 
-823.760185 
-873.846573 
-871.863498 
-845.769432 
-860.104490 
-837.999997 
-767.158363 
-783.503673 
-840.017365 
-853.651027 
-837.999999 
-856.027476 
-828.935868 
-871.225970 
-821.571197 
-846.301006 
-832.187501 
-852.942762 
-874.829444 
-833.335605 
-842.735442 
-848.314628 
-838.000002 
-835.194095 
-818.306048 
-837.999998 
-859.485909 
-837.999998 
-883.058893 
-889.892433 
