-12.468729 
18.082533 
40.348417 
49.601970 
48.519244 
27.007270 
12.000215 
32.820250 
88.781419 
76.637456 
37.747423 
29.531029 
-5.626747 
-15.012044 
-4.524720 
8.543389 
14.649538 
-20.026964 
-12.468789 
-12.827043 
33.098751 
88.781125 
106.267335 
108.084018 
66.162887 
35.429458 
22.386508 
26.708135 
68.861661 
75.190002 
77.242086 
58.809445 
34.506007 
20.393311 
19.069702 
41.566718 
45.225061 
38.438720 
38.155902 
36.744216 
15.371298 
-9.642849 
-6.756883 
-19.097505 
-26.074229 
6.098884 
40.270491 
54.298711 
38.155736 
70.937892 
115.025296 
93.090817 
95.022185 
86.407765 
55.671852 
20.992505 
12.843243 
51.866109 
36.459175 
23.183755 
31.031865 
52.336833 
47.501433 
49.920162 
50.151094 
17.567059 
-5.813946 
-35.578600 
-31.102443 
-31.378976 
-11.083781 
-3.790124 
-17.691352 
-51.298306 
-54.580542 
-47.053965 
-82.448208 
-38.794504 
-31.040492 
-42.004916 
-37.055905 
-20.326334 
11.646087 
-24.419620 
-2.460618 
14.999769 
33.324124 
12.843693 
1.661872 
6.928708 
-11.155787 
-1.500085 
30.580832 
8.006865 
-10.061702 
-37.780990 
-58.380845 
-60.657992 
-45.785382 
-12.557372 
-9.769840 
10.610929 
35.473030 
33.989733 
38.156778 
20.716533 
20.141896 
-5.167144 
-50.492238 
-72.507869 
-88.405611 
-89.537333 
-82.296407 
-58.339294 
-51.859156 
-97.018530 
-88.405613 
-92.037564 
-84.284161 
-91.177838 
-76.800445 
-63.397278 
-37.780730 
-54.917782 
-12.467389 
14.018054 
52.958879 
69.263242 
50.779005 
31.119828 
-28.087497 
-45.354061 
-69.295781 
-50.004905 
-55.779764 
-81.318833 
-61.153799 
-50.397458 
-58.022176 
-44.833123 
-44.742312 
-59.138442 
-64.058338 
-74.660186 
-65.875152 
-35.143929 
-24.213452 
-26.847397 
-29.509993 
-42.840771 
-22.289693 
-20.293303 
-11.082302 
-14.506144 
7.741484 
22.744565 
12.843362 
30.237594 
1.682446 
-34.597879 
-37.781216 
-54.482443 
-50.189684 
-32.550431 
-22.408289 
16.132052 
-19.737546 
-20.085107 
-44.992956 
-48.376839 
-26.967910 
-21.731799 
-7.100268 
-54.411796 
-50.437691 
-44.109609 
-33.778126 
-4.037898 
-26.649449 
-43.750872 
-81.788683 
-98.016306 
-101.311715 
-107.881306 
-102.022431 
-101.726873 
-104.438031 
-101.200845 
-94.695429 
-35.801572 
-8.008900 
12.855017 
30.415044 
22.525916 
-12.468748 
-28.108705 
-12.468746 
-11.361095 
-27.562174 
-29.072202 
-26.341775 
-27.932059 
-37.781179 
-18.715276 
-22.821971 
-30.499657 
-42.840784 
-47.377239 
-26.901793 
-26.680744 
-36.525925 
-49.482283 
-61.749369 
-82.857813 
-88.406217 
-110.830720 
-70.687957 
-69.048760 
-74.502397 
-57.561292 
-67.750738 
-62.023584 
-86.094789 
-67.783651 
-19.575799 
-4.875378 
4.783509 
6.396384 
-35.209677 
-46.075067 
-84.923262 
-66.950060 
-71.881193 
-90.533443 
-99.603433 
-123.106708 
-130.420053 
-117.390229 
-100.798411 
-60.791201 
-50.437395 
-37.781076 
-56.959594 
-73.849567 
-111.159652 
-137.279440 
-163.162011 
-161.244636 
-186.256527 
-149.516318 
-140.307695 
-115.851326 
-109.482751 
-74.193631 
-42.913687 
-11.677426 
13.732944 
-12.468474 
-12.468357 
-37.780906 
-37.780980 
-35.537912 
-30.602522 
-10.226604 
-4.550548 
2.375284 
16.869089 
9.672235 
-2.232472 
-35.493340 
-59.545064 
-58.259684 
-36.646685 
-30.082608 
17.682717 
36.860563 
55.502256 
72.647637 
85.035178 
82.378523 
88.781477 
85.725531 
88.370801 
78.825571 
76.125000 
82.945002 
65.225627 
12.843735 
2.451037 
-10.097150 
12.843651 
38.999153 
62.817308 
59.974846 
76.915897 
54.719162 
64.642854 
62.935972 
46.337514 
87.344397 
40.423759 
1.959152 
7.875294 
14.074662 
25.021995 
36.233953 
74.212692 
93.127229 
117.610284 
133.347212 
135.845147 
122.222708 
64.723099 
25.487493 
28.553165 
12.965937 
5.114897 
17.528504 
24.499901 
15.541727 
-5.028291 
-10.170084 
-10.297621 
-0.661570 
20.393052 
19.900276 
24.486974 
38.155692 
36.620349 
9.227307 
-24.907396 
-63.489848 
-94.464735 
-88.952069 
-52.615280 
-7.318535 
0.187227 
-12.468928 
-0.003456 
-12.351033 
-5.162787 
-1.501757 
0.187353 
15.707587 
26.696070 
11.428618 
-2.087003 
-37.931457 
-37.781246 
-1.261455 
-0.421606 
-20.145554 
-26.173516 
-44.780457 
-51.319013 
-28.693041 
-8.027525 
28.071117 
30.447979 
12.843820 
18.380391 
-49.646168 
-56.865198 
-38.138795 
-1.451032 
22.325942 
18.638296 
-5.703125 
-12.468899 
-36.042745 
-42.482685 
-56.041199 
-55.851617 
-75.780153 
-80.954092 
-85.215137 
-62.913193 
-37.781185 
2.979206 
16.483340 
12.843545 
12.843577 
7.584798 
-7.230845 
-9.923866 
-37.780832 
-37.782315 
-23.375688 
-1.499004 
30.847284 
12.203818 
21.325332 
-11.661981 
-12.468029 
-27.498679 
-12.468362 
-23.569179 
-45.476509 
-59.112231 
-83.444985 
-83.743805 
-74.631560 
-72.380290 
-25.123979 
-5.408704 
9.675291 
30.506814 
22.441788 
23.982671 
-18.461789 
-63.663823 
-84.268044 
-97.651538 
-127.272699 
-130.201452 
-113.718725 
-86.180998 
-61.654373 
-8.669638 
7.075749 
32.847054 
42.837946 
19.386919 
-5.570304 
-47.399209 
-80.894675 
-68.989437 
-40.412083 
0.187183 
8.661205 
10.947302 
-10.093603 
0.137946 
-15.325811 
-34.595230 
-21.072646 
-16.568991 
-14.256198 
-5.840718 
-37.781618 
-2.361174 
12.054764 
0.187061 
-4.425594 
-23.702905 
-25.125272 
-25.125213 
-30.712532 
-25.520280 
-38.583252 
-45.115746 
-46.074339 
-52.169755 
-37.781561 
-29.328245 
-37.781717 
-58.032550 
-87.457527 
-97.405831 
-75.203520 
-52.088958 
-29.888541 
-16.580652 
-32.409470 
-28.840113 
-16.918709 
6.576523 
34.758153 
31.036126 
8.148348 
-25.125288 
-22.923574 
-38.700244 
-36.651348 
-16.943804 
-51.570766 
-52.650232 
-63.093863 
-63.093946 
-40.483769 
-37.781256 
-41.623277 
-4.115069 
-25.251463 
-29.457033 
-58.845098 
-42.416395 
-37.781070 
-19.393990 
1.185549 
-19.275966 
-3.091636 
-3.767333 
16.349096 
31.328027 
25.490202 
-11.221493 
-17.967782 
-45.323386 
-15.117223 
-7.098958 
4.528272 
10.447713 
2.519980 
-25.124393 
-45.649603 
-50.906975 
-37.780520 
-12.022679 
0.188451 
-45.458625 
-66.070893 
-88.405589 
-231.571412 
66.584762 
162.471014 
21.649029 
-118.341490 
-14.998448 
276.840306 
38.157300 
-98.796182 
168.796232 
-255.326277 
161.103775 
73.611696 
198.595316 
55.331995 
25.898036 
79.955010 
-88.406846 
35.084564 
29.025513 
-37.781710 
-97.947973 
51.156011 
175.415116 
-32.743671 
-347.480714 
-121.782658 
-121.540643 
263.878771 
60.512368 
-23.874414 
97.101011 
49.304854 
-43.667147 
326.694798 
-80.184759 
8.545992 
12.842560 
85.331401 
-126.006377 
-57.000689 
-110.079481 
-36.220471 
290.480642 
-98.188107 
-106.531606 
120.449960 
-37.781620 
125.780206 
167.046727 
-71.680904 
148.919447 
-19.588712 
182.336953 
-113.624348 
-12.469542 
64.164996 
-119.769782 
20.388259 
-91.711311 
-33.628826 
-25.586476 
110.731395 
124.176362 
-23.872329 
239.093486 
71.876800 
0.516999 
106.134619 
447.564674 
89.677212 
71.578986 
208.413959 
57.411667 
78.513552 
422.642530 
37.744531 
-29.460755 
-148.710526 
223.446885 
24.691571 
61.697781 
-16.766701 
161.144017 
92.554044 
44.838463 
481.126404 
-80.200351 
364.299190 
113.613165 
282.000106 
67.741175 
-237.393203 
187.683463 
455.813536 
-101.487821 
-231.669204 
118.393450 
217.976701 
-151.344025 
18.970366 
-115.088024 
-28.620910 
215.343105 
153.540151 
-342.971002 
177.648001 
119.027046 
48.593505 
12.842514 
128.576823 
-188.027682 
-114.936244 
-285.040003 
116.350814 
38.153334 
256.011860 
-510.615855 
-230.092962 
211.026883 
-18.321185 
227.999835 
-396.702975 
367.218826 
-172.121741 
104.551583 
-235.443709 
220.307423 
-91.367420 
-40.100503 
-233.507013 
-289.255384 
114.051493 
-9.215989 
-362.266927 
21.612331 
-113.999845 
-75.645442 
-343.863082 
58.257222 
-11.677177 
118.432672 
-201.720253 
274.112985 
-475.645181 
-590.345804 
-108.350997 
-136.165507 
4.772169 
-187.400917 
-5.086939 
218.128004 
-84.736048 
-4.958217 
-203.015774 
164.719099 
-24.197925 
-12.694961 
-491.596983 
341.906815 
-23.541659 
-89.275316 
171.177888 
-178.846261 
16.508100 
166.880870 
-442.584091 
7.413879 
-56.167524 
-168.593707 
282.371562 
-82.136518 
131.049878 
12.843157 
76.123700 
233.282128 
-530.224218 
-215.562617 
-85.241328 
125.736141 
104.658445 
-38.972867 
-220.978200 
-1.190485 
-77.082549 
-360.422833 
46.624063 
53.341047 
-79.545109 
168.357336 
5.708763 
4.065288 
-96.223322 
-88.406447 
251.153267 
455.813527 
-644.757024 
49.016135 
-186.236438 
81.812096 
-149.703010 
164.717976 
68.467789 
-308.647135 
-143.728104 
-1.069954 
-182.395667 
-31.847381 
-265.572585 
15.693232 
-287.484922 
-25.236064 
-208.405694 
265.968944 
108.706250 
8.625116 
-146.853050 
263.900366 
-79.055442 
66.105741 
-202.108812 
35.106531 
-121.236850 
-193.097972 
-209.764918 
98.985040 
-1.122029 
-249.233375 
77.960496 
-14.782859 
146.875295 
-202.878959 
2.025575 
237.849234 
-26.752569 
-119.475997 
148.721535 
-26.557766 
61.399546 
12.843077 
265.968534 
-86.851119 
-236.052688 
103.579128 
-68.369053 
-368.214759 
346.278728 
-409.827583 
156.854756 
-204.780507 
188.923343 
-88.832196 
420.581345 
-328.990121 
76.581749 
-145.404347 
-12.468891 
329.249862 
12.843920 
329.250520 
574.077313 
-266.465574 
104.154156 
7.783619 
163.341179 
-290.084536 
-157.380983 
63.575426 
261.634828 
-390.694082 
101.280219 
53.387898 
-191.504516 
-330.262080 
-212.825188 
-34.883599 
48.748783 
-236.409714 
178.034988 
177.375186 
-12.683409 
-95.533756 
32.469746 
-12.468765 
23.329107 
-367.053733 
303.937900 
65.979052 
-43.877197 
38.156770 
295.500051 
-298.536505 
-78.216926 
-506.853529 
-199.429158 
-184.776595 
-38.059639 
-60.894801 
245.433781 
-231.035765 
129.752022 
140.828107 
279.824187 
-69.751743 
12.960505 
305.997935 
-152.949321 
113.725254 
194.646027 
189.337593 
55.360966 
-33.732720 
-119.961592 
-192.583670 
24.072953 
101.978622 
86.049152 
-20.481775 
-138.689404 
-217.075276 
62.424810 
-4.132529 
-76.598336 
278.803348 
-208.798208 
3.177479 
367.217098 
19.706618 
169.936755 
90.606005 
44.376052 
-223.011483 
244.124708 
-171.723233 
-119.884320 
-12.469981 
278.624456 
187.711752 
-304.175284 
81.295088 
-285.002141 
-63.094946 
-157.164815 
-29.001365 
-101.846145 
-400.108811 
-64.188273 
303.937417 
127.076256 
-168.336879 
-131.073634 
-124.914678 
-154.763417 
18.786930 
-196.273732 
19.518616 
-106.458851 
-93.357133 
202.687621 
-76.539968 
-25.915593 
-149.341815 
-191.520760 
-146.069621 
135.391384 
-200.651720 
32.544389 
177.375927 
170.862192 
-378.949010 
-28.696384 
65.172230 
-54.197172 
-271.679730 
-263.037171 
-45.025014 
76.124447 
16.559444 
-157.834229 
-37.782033 
76.125082 
3.518779 
-106.862710 
-192.739801 
-12.468911 
278.624142 
148.190635 
-15.001641 
-83.517785 
131.366939 
-24.689976 
54.418707 
38.155925 
69.004919 
126.748711 
-28.462457 
17.195515 
163.484827 
256.673451 
-233.764300 
-137.201178 
-135.382519 
329.250995 
0.896251 
-48.586731 
11.027205 
-36.838727 
167.222629 
-453.244964 
36.864463 
-118.424361 
224.885557 
-99.687011 
204.345031 
114.094232 
-176.319617 
541.615328 
75.822066 
163.641795 
-490.362869 
-27.033531 
-48.360868 
14.054792 
108.575210 
-223.432822 
42.958374 
194.460097 
-113.717790 
-340.643969 
-90.206151 
54.201947 
-43.069630 
39.765764 
-120.069081 
218.765400 
112.309705 
204.152019 
-178.205045 
-88.405059 
-51.316069 
-247.616627 
-37.780580 
-180.567452 
-185.974340 
-37.780964 
-25.123863 
-285.412896 
-197.761437 
132.649210 
-159.281853 
-19.726602 
-125.185010 
-63.093578 
-68.405126 
-25.124362 
-39.726473 
-181.386661 
19.700835 
-48.557046 
-659.847255 
74.493147 
-187.366463 
-90.877928 
-190.605401 
-307.423255 
-241.473772 
167.645746 
-323.604064 
-214.056680 
-50.438115 
122.835155 
37.599507 
-521.251170 
-149.489351 
-0.954554 
263.682246 
-63.094554 
-37.782188 
-172.695659 
101.436847 
-135.300300 
-150.848992 
-156.717081 
-100.956770 
-16.934886 
-109.449966 
-37.781076 
-89.533274 
-141.255942 
-237.249835 
-220.950643 
-155.642262 
33.312690 
74.516762 
-130.085204 
3.061364 
-176.126306 
-114.544880 
-139.363500 
-245.797111 
-101.498895 
85.702989 
204.517724 
0.187762 
-98.066793 
-112.679806 
-25.124318 
-46.038541 
-176.998606 
-320.896196 
1.400408 
88.793979 
-187.008997 
57.635835 
417.389416 
456.240613 
-404.602503 
-163.486897 
208.236465 
88.794451 
-391.745733 
359.301091 
20.025620 
68.858976 
94.449446 
367.539780 
447.942711 
38.629611 
225.005286 
354.572422 
157.361981 
-133.597098 
607.695321 
160.812909 
285.613532 
3.424069 
202.109932 
-401.074975 
-45.687178 
300.864313 
114.261136 
125.723157 
-9.064481 
393.925731 
339.027012 
138.203173 
284.491504 
384.946460 
67.392036 
164.722203 
464.620076 
40.750952 
-254.843735 
-48.705879 
97.030826 
658.944250 
220.424134 
-234.302485 
-28.399925 
341.904507 
-65.459595 
596.499394 
232.140199 
298.297648 
118.047764 
179.520340 
89.585164 
1037.998220 
148.312705 
-22.339660 
-1.228318 
22.788363 
126.391241 
-167.864318 
212.181551 
178.409248 
-64.768994 
142.277620 
-82.409338 
137.900912 
226.020558 
408.779645 
74.773707 
-37.737686 
19.785072 
223.931606 
282.195983 
760.040209 
-14.021041 
159.158075 
-73.077137 
376.079355 
458.199614 
78.490573 
-63.811915 
127.643002 
229.460884 
-6.727732 
557.061641 
-84.355525 
337.871271 
152.412838 
336.000041 
177.945109 
-70.926208 
86.823711 
367.217629 
-199.499360 
141.483000 
184.606060 
258.835591 
-314.367748 
-107.646495 
387.501935 
-277.956708 
341.904526 
163.902789 
-451.477186 
421.941612 
21.907921 
338.826184 
139.406226 
340.924776 
-108.819819 
-90.164386 
-385.761542 
156.488124 
265.970372 
202.486889 
-543.175257 
-321.067467 
302.132314 
181.099583 
202.684500 
-425.668186 
367.217944 
-262.113963 
93.212192 
94.663124 
114.802848 
-204.733928 
132.949564 
-346.319392 
-214.969635 
91.566490 
57.248650 
-205.501257 
-233.194363 
-279.522615 
-413.438285 
-205.523669 
50.411950 
67.422895 
-31.333787 
-479.599352 
45.691918 
-603.209967 
-510.817818 
-396.404171 
8.672797 
-69.972443 
-244.528149 
57.968980 
260.463561 
-34.837842 
185.554747 
-261.681074 
139.401833 
-189.844781 
22.977924 
-323.834197 
265.963143 
-96.865788 
-220.583037 
161.874831 
-76.100384 
-78.405936 
199.806161 
-493.208765 
156.390838 
-73.933679 
-333.041219 
432.840948 
-98.818290 
-129.001644 
-37.781836 
171.042893 
307.508458 
-368.276950 
-17.955803 
-506.652325 
-130.633606 
602.219011 
-222.232321 
-42.329097 
-111.194215 
-89.351491 
-361.979456 
80.021203 
234.535123 
-119.116369 
146.329055 
226.645354 
-30.477117 
146.882453 
367.214359 
192.386068 
506.431193 
-576.104255 
-67.313728 
29.223147 
-54.213903 
-47.776918 
190.026338 
-82.563016 
-644.489924 
-10.497488 
-593.049864 
-149.031210 
230.466901 
-175.217582 
-328.726075 
-249.178627 
-105.427296 
126.857049 
379.874333 
-92.213934 
12.844477 
-235.284536 
199.134291 
187.315469 
282.167352 
-135.924777 
109.492043 
-269.820853 
-105.535582 
-158.394211 
-147.039707 
-59.210309 
-274.553358 
-2.184253 
354.615539 
-105.057557 
-167.012738 
0.824219 
129.932871 
-101.620057 
-144.575279 
58.515222 
-184.215527 
-17.372313 
114.091373 
734.248636 
-556.595312 
-153.966083 
-232.538978 
-137.602254 
-189.202439 
57.825379 
-716.968925 
75.868726 
40.052619 
53.769255 
-32.159612 
318.034988 
-234.678222 
-73.640355 
-106.621848 
405.183762 
-12.474270 
329.247876 
215.342298 
232.926196 
-96.021321 
432.522838 
-74.605029 
294.490061 
-359.026360 
-351.609341 
5.286371 
375.707629 
-421.180543 
-131.837325 
190.733560 
-143.307604 
-418.418285 
-107.494142 
-285.932150 
241.405221 
-220.942485 
77.003003 
25.499412 
-33.558606 
-128.956598 
-229.927042 
253.310996 
-197.572770 
-369.487384 
38.158000 
237.178899 
-186.398203 
557.064514 
65.999901 
-176.212734 
-210.913282 
-473.630840 
-115.838090 
28.978729 
-32.371843 
-242.178302 
323.658034 
-55.629206 
21.305998 
347.849256 
249.077444 
-235.758077 
211.177622 
282.672227 
-182.178982 
91.357607 
299.317937 
105.859860 
134.624969 
33.029157 
-143.829969 
-257.004247 
-36.119118 
208.975505 
-145.067182 
-179.190708 
-327.022307 
-310.937530 
319.217664 
-69.025673 
-53.287808 
42.023060 
-297.711141 
353.917572 
784.873653 
-715.605849 
307.977596 
-0.101212 
-24.945602 
-194.275658 
245.967661 
-379.370582 
-236.940179 
152.064309 
126.751009 
290.643714 
-121.209396 
135.690216 
-433.493370 
430.501569 
-236.031157 
-88.884035 
-32.791437 
-492.412285 
-197.485343 
101.440071 
62.242865 
1.338375 
-73.952819 
-336.137996 
93.080231 
207.713785 
-149.435419 
-137.910710 
-73.789476 
-112.322393 
-12.463914 
-55.972556 
-282.200087 
-51.147873 
-275.631875 
-149.899705 
198.459283 
-284.131949 
161.947275 
-63.090430 
-130.694884 
-410.245024 
40.255930 
37.282610 
-149.322504 
-457.572399 
-30.895372 
278.099842 
-113.715138 
26.861315 
24.904151 
152.065624 
152.064074 
-50.400735 
-29.920723 
-178.090356 
164.718949 
202.688655 
45.141284 
-231.000796 
-288.921670 
328.490564 
211.564312 
40.594486 
253.307964 
-434.872958 
38.154088 
0.413383 
77.040783 
281.450564 
172.242618 
-218.722664 
-80.061350 
339.099646 
227.993529 
292.841560 
-221.148956 
35.409604 
-428.456246 
89.206003 
-281.602041 
-151.383888 
-156.469728 
201.348560 
-97.971231 
159.851984 
152.059100 
-189.416067 
218.128051 
73.894727 
87.489281 
-281.425761 
-166.179766 
29.910738 
-159.564837 
-10.833898 
-93.945906 
-126.877344 
-28.145220 
38.158207 
-256.461505 
73.501887 
-189.098272 
-334.066409 
271.903801 
-164.782866 
106.902881 
101.579842 
10.111456 
-103.026649 
38.157540 
-138.329224 
-420.649121 
25.502553 
-313.174465 
-527.346944 
0.188642 
-12.464916 
-196.363738 
-209.754225 
-378.232394 
-92.986938 
-45.410360 
-386.078270 
76.125014 
-252.378612 
38.157093 
-168.244559 
-155.827649 
-105.488986 
-0.235759 
-466.313522 
97.739489 
-453.365973 
-175.664679 
-39.175203 
-78.898397 
-183.141001 
-105.925830 
-200.231573 
-47.072550 
25.501258 
21.366014 
148.421636 
-430.221416 
-254.837404 
41.613547 
218.185947 
12.842750 
152.062147 
-209.727396 
0.187218 
153.111299 
-171.577611 
-80.927281 
-235.339077 
-192.820412 
165.111155 
-37.782132 
11.827876 
-246.847030 
-220.469765 
-385.377237 
-130.329858 
-125.293031 
-121.747776 
-34.145439 
-262.836772 
-240.103131 
-61.283722 
-198.499614 
-345.034153 
-82.820110 
-179.601805 
7.909765 
-25.124521 
-129.208386 
54.344922 
-176.998425 
-28.989921 
-176.998698 
-230.454100 
-102.240360 
354.564005 
151.804747 
-171.147711 
410.540765 
-141.036023 
-304.693671 
93.002245 
-134.900448 
215.345195 
-264.093302 
133.790043 
-252.492043 
254.494833 
17.304394 
270.695153 
131.016784 
-111.764566 
-96.906517 
215.344815 
181.235436 
186.301645 
265.969195 
143.259008 
424.375421 
-257.576085 
-75.765405 
-154.744288 
179.837086 
282.836232 
68.458554 
223.853063 
22.417098 
127.967788 
117.944746 
192.154779 
114.286066 
159.952093 
-179.720522 
265.968582 
393.136356 
-11.187438 
-58.514257 
123.396562 
8.477893 
446.769593 
353.289418 
73.183191 
-293.004379 
303.936123 
30.028274 
471.663859 
-99.537408 
316.619526 
-131.121425 
163.533527 
-121.779951 
341.904883 
109.784595 
-8.092504 
-3.958178 
13.967036 
133.092497 
-93.718489 
-57.651035 
233.135419 
-73.280635 
237.016329 
-3.573159 
-114.858647 
405.612989 
-45.965529 
-1.879566 
53.546765 
16.353676 
-8.367399 
283.747909 
915.126695 
-45.670121 
41.045849 
-96.970502 
102.300682 
278.491852 
-101.110200 
-42.253423 
9.150946 
-56.386145 
-116.425633 
405.187450 
64.653925 
551.679104 
203.352371 
187.500076 
98.583231 
-134.151026 
-221.136692 
430.499686 
-36.931095 
125.960956 
174.948414 
-128.303123 
-39.763541 
-210.065940 
-51.223001 
-103.965327 
417.843388 
339.526312 
-474.180548 
-18.468194 
154.431083 
-58.191962 
177.374121 
366.800019 
-166.538707 
329.549859 
-369.454079 
-109.516142 
190.030922 
69.659772 
-248.384316 
75.793004 
347.054797 
37.159179 
-63.091777 
-89.395120 
632.999710 
37.885852 
13.199759 
-77.248946 
345.321003 
-378.615067 
111.212635 
-194.013132 
143.318938 
179.848132 
-35.488290 
-198.776386 
-98.444195 
-504.080802 
-180.047737 
-72.435328 
-41.157813 
189.240546 
-78.761376 
-234.157522 
214.924236 
-341.878296 
-283.909198 
-198.531523 
-118.943490 
179.763523 
225.944206 
196.073079 
41.191815 
-133.157119 
-65.836426 
-72.432942 
329.250483 
36.516651 
-180.249336 
-357.993325 
316.593556 
48.417403 
-235.255045 
112.333888 
-132.974818 
-149.163030 
25.291320 
-354.500936 
130.161211 
-70.223679 
-265.280418 
208.158648 
-107.579045 
-413.285976 
25.499306 
240.655794 
143.972317 
173.299076 
-105.158263 
-276.073646 
13.648196 
108.929014 
-401.959595 
-31.490824 
-189.631513 
-202.005238 
-173.147069 
53.214472 
-3.456668 
19.748751 
430.277925 
-68.066440 
-207.909871 
-91.252697 
468.467009 
15.889496 
506.436293 
-343.962560 
-3.985164 
-304.441445 
-106.204013 
-94.109658 
240.655120 
42.317499 
-963.794675 
-489.001282 
355.489277 
-98.438364 
434.099688 
-310.281255 
120.744054 
25.514926 
-153.677631 
-171.445176 
455.811742 
-41.739595 
-457.126413 
-238.196199 
151.817345 
-277.125918 
-178.420617 
-101.999335 
294.200796 
-12.664058 
-352.144569 
10.746635 
-39.923285 
-18.115908 
-245.045875 
22.017532 
250.201962 
74.432133 
-24.649750 
-80.250363 
-171.892432 
217.587809 
-312.120380 
-34.064037 
-195.631547 
-113.154971 
139.406749 
455.812717 
-492.867464 
-112.690481 
-157.904156 
5.175032 
-55.507846 
225.883216 
-490.171398 
40.460160 
-160.441947 
143.658763 
-238.238696 
286.035616 
-115.002465 
-51.041439 
-32.608549 
303.937963 
-88.406015 
253.313033 
190.031147 
-146.199449 
-192.957128 
267.809259 
-132.083045 
256.613707 
-227.436255 
-374.883266 
131.295832 
301.785958 
-33.221995 
-92.904783 
-95.235394 
55.970551 
-227.139989 
31.398077 
-226.066528 
112.867570 
-163.173986 
-106.748480 
101.437905 
-177.546798 
-284.573924 
37.092889 
303.937466 
-87.893209 
-82.846673 
-113.718688 
-6.523285 
3.758157 
506.437631 
-55.499847 
-123.472772 
-166.791076 
-190.447736 
64.204160 
-126.645037 
-14.241836 
-125.726825 
95.606106 
-217.411053 
-14.759925 
-230.407490 
-62.863985 
-324.538350 
68.219768 
124.007564 
-293.905006 
-117.261328 
-370.407113 
15.173296 
-123.435265 
15.688093 
-145.336382 
-233.037746 
65.383529 
-91.591569 
203.922282 
-124.389643 
-381.481601 
-381.475806 
121.594137 
-171.990961 
-169.075780 
50.444862 
-136.327196 
52.423447 
658.311968 
-145.092485 
29.091183 
3.694475 
-39.063239 
-3.375703 
183.839764 
-285.844567 
-126.688873 
278.624654 
177.374406 
66.317336 
-141.167002 
-395.952817 
-406.499842 
177.374723 
-169.755247 
-109.931331 
6.052496 
-141.628756 
-220.708436 
126.749651 
1.909481 
-13.965892 
82.926955 
-253.508047 
102.487019 
-172.073452 
69.375911 
114.289721 
252.525353 
78.962190 
-88.406305 
-268.755461 
-275.877217 
93.796196 
-140.195747 
-178.111508 
211.561092 
-181.185194 
150.115586 
-37.781164 
32.075255 
-408.691499 
82.004501 
37.549705 
-101.392228 
-183.845261 
-70.242997 
22.333720 
-50.438586 
56.435732 
-66.711351 
114.093451 
126.750275 
-93.511961 
-78.441401 
-305.511129 
303.937217 
253.312449 
42.383096 
-258.000749 
-293.393947 
-22.427997 
222.101668 
-86.451759 
177.374707 
-63.885574 
25.499752 
-7.641110 
106.446105 
-1.161777 
207.307395 
-329.497256 
-332.426077 
165.936959 
190.031132 
-174.687884 
200.497462 
-264.067882 
-443.744912 
-210.680543 
2.236989 
-277.035245 
-90.737773 
-128.004598 
12.073598 
164.955968 
101.437056 
-393.931346 
119.455824 
-151.811601 
176.687913 
-252.017465 
7.809007 
-395.750006 
-401.730629 
-183.644414 
-39.454950 
38.144387 
-0.228790 
-88.406186 
-296.873671 
94.293484 
-58.859185 
-492.119651 
130.592726 
-287.512510 
-207.114806 
37.320628 
-51.584082 
-272.870639 
88.781185 
-330.682174 
-236.597754 
76.124968 
-518.197993 
-321.500905 
-25.125480 
-63.094260 
-216.537552 
-227.251606 
-139.907697 
144.139335 
-68.882085 
-325.571909 
-12.469505 
-166.489973 
25.499831 
6.415772 
50.882903 
-160.778134 
-200.192036 
-205.095548 
-80.984737 
-7.161665 
-79.554579 
123.317528 
-212.366148 
-8.066432 
-277.167735 
-53.217349 
94.469275 
12.843611 
-105.878202 
97.000138 
-332.081323 
-201.665171 
171.901457 
-30.831463 
12.843057 
126.749186 
-195.968849 
-12.469053 
135.620694 
-197.293369 
-89.810317 
-29.257753 
-334.098367 
168.654784 
25.499553 
10.380460 
62.749880 
-235.683748 
-335.746301 
-139.030829 
-184.551779 
-79.226484 
-252.135376 
-135.931977 
-16.235782 
40.874816 
-213.753107 
-310.986704 
88.381886 
-179.617758 
-39.176130 
0.187480 
-187.729995 
-158.973685 
-176.999437 
-11.711169 
-176.999756 
-304.477652 
-371.761830 
430.501980 
-107.813479 
-159.837892 
437.084252 
36.391404 
-415.994644 
-203.999504 
150.647445 
632.999536 
-152.063918 
183.350577 
-15.714346 
112.266789 
89.249518 
230.448022 
96.609576 
-302.032062 
142.925404 
88.781396 
-33.205832 
333.838674 
329.250052 
60.213496 
316.798609 
-228.938240 
-118.049010 
255.747481 
412.211112 
243.577276 
-303.043446 
167.008312 
203.970077 
63.851710 
378.435811 
-388.515977 
87.435411 
6.822573 
-106.765281 
506.436183 
457.578804 
-230.454388 
-278.197638 
100.893420 
363.019378 
694.922992 
162.784795 
-379.569555 
57.629937 
88.780538 
276.883088 
34.990614 
-69.867727 
-146.794568 
-202.312281 
-115.199168 
175.169253 
341.905530 
372.840560 
-165.895856 
237.363316 
-339.503448 
95.657950 
-172.825181 
156.027629 
342.429887 
11.531322 
-16.906377 
-136.179451 
161.475457 
478.059734 
4.674247 
108.364305 
35.428368 
-151.098843 
-164.649800 
373.840078 
413.042463 
10.182924 
-141.814464 
182.597878 
231.921697 
195.825993 
-70.451728 
-124.291757 
-199.587953 
235.684491 
43.427711 
139.407585 
44.864840 
103.263164 
-171.549061 
390.002305 
47.735833 
25.567423 
-22.894326 
139.408277 
-21.300625 
47.405637 
61.023921 
104.545489 
-550.647735 
-152.464288 
162.770159 
-127.466813 
708.938138 
45.725457 
-373.793406 
-147.379741 
-4.222131 
-98.096694 
38.160008 
-24.636510 
-171.386539 
-47.395188 
-231.280842 
-35.992085 
481.133136 
56.968844 
-538.645003 
-339.453034 
-67.047275 
117.817932 
341.922015 
65.385134 
12.843549 
42.046287 
-1.554634 
-193.080134 
261.801324 
-376.128980 
-52.942066 
-8.441423 
-156.330498 
128.401226 
-140.844459 
-134.369052 
-256.903222 
-257.623527 
-73.127544 
-260.686003 
-14.851529 
-607.309358 
122.980716 
-177.473239 
263.740657 
-313.318450 
-417.549784 
-72.045224 
-335.447843 
290.990326 
301.645721 
-108.261246 
41.695448 
-172.582234 
49.560561 
21.196393 
12.844695 
103.933209 
-137.825312 
-151.039565 
354.564999 
-199.911255 
-412.416303 
-36.586369 
386.359341 
116.061696 
349.528960 
-567.780031 
-246.033818 
93.097008 
-135.069342 
-69.799496 
-52.684568 
-534.586670 
215.345973 
228.000672 
399.444598 
-222.636485 
-101.137901 
-341.762619 
-90.572170 
47.317444 
-1.293668 
24.305709 
164.725630 
144.855315 
-44.144420 
217.637631 
-126.335738 
-46.052660 
-88.882547 
-34.265535 
268.924107 
-146.342086 
379.876002 
330.494867 
215.346834 
-487.577239 
-270.967429 
-287.750710 
-179.345038 
5.035882 
291.283624 
126.699007 
-271.580124 
-221.228460 
-128.961691 
-44.891163 
214.273856 
-260.214468 
80.106745 
184.402690 
-514.608361 
124.533700 
405.187269 
235.810826 
266.812725 
-423.289240 
-222.290906 
52.839485 
-57.049129 
197.128238 
-192.504909 
-68.224345 
-171.245345 
-124.858251 
76.415012 
15.957884 
36.686794 
-15.480969 
120.472135 
-58.709888 
-106.467979 
-151.138740 
-26.870065 
-233.930820 
113.155711 
45.024146 
-234.590441 
-29.226889 
582.375052 
215.344053 
-270.741551 
-156.912455 
-69.963375 
113.338362 
362.218502 
81.718718 
-366.514203 
-122.495528 
117.987483 
-27.948316 
-15.916311 
216.248793 
-48.346891 
-40.203610 
-270.596125 
0.188971 
-37.778389 
139.408705 
379.877288 
-78.636895 
-166.237611 
314.546958 
-181.464464 
220.731021 
-15.365099 
-150.127585 
29.512660 
325.517235 
-356.085107 
24.255376 
121.599324 
66.271144 
-261.296802 
-22.412575 
-349.903976 
-22.112939 
-20.969828 
-44.890080 
50.811029 
-60.677426 
-141.132303 
-175.469215 
12.844194 
-45.584822 
-923.948579 
139.404365 
581.888401 
191.818211 
265.968756 
241.501106 
-403.764294 
-59.953894 
-564.598894 
-74.369896 
-33.891198 
133.278379 
-30.325259 
-1.152212 
-185.248202 
238.268789 
-189.180764 
186.797687 
-120.219694 
-148.680711 
158.947881 
-37.268756 
-159.486338 
135.784319 
211.167512 
-139.020054 
-104.350516 
57.018301 
-4.040272 
118.058545 
347.160684 
-248.414403 
-41.037098 
145.441302 
-444.945961 
149.802914 
-165.450663 
-163.937513 
-26.565407 
145.676639 
335.746508 
354.562731 
-235.137689 
-139.044907 
-82.979035 
52.505774 
47.194482 
380.455275 
37.090045 
-145.764956 
177.377297 
152.063670 
7.585637 
26.065577 
36.436536 
241.499982 
177.378379 
123.545820 
-141.079070 
-65.987124 
-108.487381 
-174.974390 
12.847695 
67.608948 
-341.754897 
-18.032773 
207.335781 
38.494249 
62.895253 
-75.727845 
-316.241713 
88.645180 
-185.848542 
253.316814 
735.045202 
-298.811682 
92.828017 
62.851080 
-125.034690 
142.735798 
-294.302250 
91.674461 
152.063354 
-193.743747 
-105.515295 
-127.858373 
-97.051937 
-111.076490 
-557.514168 
-208.230584 
-132.720708 
-37.779826 
-126.567515 
128.524893 
101.439120 
-25.126211 
-129.062806 
-44.376595 
-212.074621 
101.433749 
0.185946 
89.665495 
-352.496654 
-1.470504 
33.232790 
-86.542225 
15.977534 
-63.089787 
-46.480861 
76.125892 
218.087250 
-132.907505 
52.631507 
-0.970318 
-84.647205 
-405.355812 
305.819917 
-404.808147 
174.335990 
-63.651020 
63.282175 
-41.054836 
1.667188 
-98.413808 
54.709372 
-57.405071 
922.513283 
-211.282793 
229.212148 
-37.780385 
-148.899370 
-84.675250 
134.168294 
-18.327279 
-56.234730 
-118.575225 
-18.923100 
-50.617257 
52.616250 
-295.747335 
-57.789069 
-29.471704 
-101.060660 
-209.321189 
9.842231 
-19.236718 
155.773913 
-44.328303 
-98.209325 
-293.544340 
-109.885659 
0.394959 
72.475209 
-88.406181 
-3.083905 
-306.781749 
-12.468723 
-163.551253 
69.980530 
-25.125373 
-12.467731 
-152.226435 
-366.479243 
-146.280089 
8.058851 
-135.067185 
-351.518997 
-12.469458 
-159.677773 
0.185580 
-215.077961 
177.610228 
-47.144204 
-48.939671 
-483.575974 
-223.159146 
-240.432761 
78.353590 
-4.005790 
-90.027935 
-14.378231 
-185.755512 
-154.628056 
-174.451054 
12.841960 
-157.716819 
62.168530 
-207.037398 
-194.857509 
-109.229691 
-30.763791 
126.747700 
12.841681 
-551.821069 
50.809974 
-598.770781 
2.566100 
-337.394175 
-78.138741 
-194.083042 
-92.083855 
50.814541 
99.013318 
-194.671142 
-166.441806 
-165.833906 
-162.761895 
38.850355 
-53.822104 
-162.192841 
-130.220369 
-99.282161 
-393.345560 
-90.329593 
-242.124792 
396.876048 
-303.876857 
149.590677 
-176.996878 
-229.435157 
-64.281177 
-176.996604 
24.345807 
-176.997168 
-333.622856 
-71.904262 
455.815935 
-52.780797 
-120.805197 
398.921187 
-273.000978 
-392.737837 
-325.497075 
-131.129719 
455.815758 
-351.368303 
209.796112 
-12.101048 
28.979733 
11.464555 
702.287507 
150.157383 
-228.023773 
103.871015 
190.034622 
51.758291 
359.101747 
316.594270 
38.827390 
37.899544 
-30.903315 
-195.014494 
391.588964 
349.859822 
180.045537 
-317.054637 
4.476434 
-11.584765 
158.699142 
124.615734 
-209.125142 
39.680057 
-34.097083 
-151.053205 
582.373358 
525.001273 
57.393670 
96.378826 
265.752650 
245.460978 
691.069089 
130.685075 
-189.659465 
-212.233268 
114.093032 
-258.462051 
-6.879592 
35.093403 
-32.781957 
-200.730038 
-132.746447 
111.754584 
265.968100 
115.223152 
-282.577422 
55.321200 
-337.874407 
-79.173759 
-176.193465 
57.075060 
96.838538 
-230.947856 
-144.070084 
-277.252602 
473.068439 
308.181846 
-28.061071 
94.634901 
-47.126334 
-27.782217 
26.530837 
481.045162 
-147.940244 
145.707682 
72.925902 
-0.463878 
161.652505 
-26.870846 
-173.605420 
-467.109251 
-173.557640 
-132.555778 
-29.754818 
316.597285 
-138.483135 
-26.528538 
-154.953118 
444.002040 
363.535539 
-12.122412 
106.072845 
190.036259 
-60.625105 
-199.963973 
91.125704 
-264.869603 
-150.917323 
-16.879581 
70.462228 
181.396755 
607.689908 
88.547907 
-263.834769 
99.546998 
83.319974 
-131.873426 
734.252511 
89.723042 
160.082747 
162.873994 
-49.539964 
121.193132 
139.408474 
250.528093 
-38.008899 
51.349201 
1.358939 
44.539418 
658.314868 
-200.889184 
240.657884 
-147.273271 
277.095135 
-30.157528 
221.397629 
100.997711 
-52.840268 
193.804976 
107.040818 
333.019702 
-65.768057 
-300.425935 
200.296889 
-325.298132 
8.222112 
-21.438422 
261.563531 
-453.856972 
152.638123 
-107.134411 
0.103181 
-109.805985 
-164.322889 
161.913024 
-262.843786 
433.042495 
-115.396954 
-76.613862 
-24.281680 
-125.680714 
271.346635 
-124.447554 
240.654010 
41.397295 
-75.123813 
-85.418746 
190.032881 
85.270281 
-212.383972 
201.438172 
219.641822 
109.765463 
156.586797 
131.595330 
-343.201584 
-127.626089 
-214.345986 
-167.408978 
207.581060 
-506.610370 
215.338805 
348.233979 
-145.059665 
-363.876622 
-205.948456 
-282.557965 
-162.672017 
-137.593240 
-283.905363 
-202.419207 
-65.689389 
49.640888 
34.712761 
-158.617029 
-204.916502 
-22.697803 
-74.729049 
190.534907 
274.412435 
-28.645470 
139.408011 
271.709495 
303.939151 
-353.956412 
-337.431194 
-272.867188 
50.851250 
36.999341 
405.186849 
109.298499 
-741.425816 
-273.616562 
47.404035 
28.015830 
-34.920908 
-207.528055 
-235.613489 
176.257450 
-35.570961 
-100.073479 
240.655986 
398.444923 
407.717135 
-331.136142 
-146.948818 
256.967326 
215.875770 
371.774614 
10.553873 
-252.164174 
-314.148465 
162.621237 
149.018166 
93.913773 
44.850465 
-48.542050 
60.842449 
-207.870836 
-3.073101 
-184.799677 
-192.832474 
-219.391319 
-312.220262 
-25.534118 
-258.923050 
-106.771161 
114.094149 
392.531802 
-186.418494 
-456.645995 
138.094302 
-358.431783 
-206.062315 
-354.219853 
-513.577859 
187.388820 
69.399147 
60.845523 
-258.805920 
337.598965 
406.812248 
254.044511 
-338.254775 
-139.030532 
152.063072 
126.751446 
12.845283 
49.222998 
-135.428914 
380.685389 
89.959726 
9.613735 
-297.150990 
40.293393 
113.484088 
231.098171 
-259.276790 
-302.815278 
-10.048342 
-69.514640 
-202.578946 
-71.142574 
-256.409211 
301.497902 
-120.231628 
-452.853715 
12.844421 
127.904811 
23.638780 
-49.217134 
265.970395 
43.403028 
-375.336830 
708.938885 
306.116572 
71.723390 
278.624634 
160.501724 
-136.153723 
-47.866271 
49.233132 
-443.315164 
-58.682206 
65.342028 
-193.577169 
-129.331198 
-457.909673 
-315.755248 
-33.473552 
-170.050999 
-106.603717 
-8.840370 
124.322453 
216.951590 
320.560244 
-123.300651 
-263.732927 
87.203218 
180.334953 
-167.545471 
-313.383339 
94.751527 
141.978818 
92.240776 
-8.849675 
-264.824978 
-293.862976 
105.389021 
-130.032586 
-201.893763 
43.620091 
108.937455 
65.815396 
25.501500 
-118.583090 
-105.226304 
139.568437 
112.752500 
-72.674168 
136.490124 
-214.341415 
-170.067995 
50.815764 
-88.404662 
-176.603152 
145.712854 
8.300842 
-136.499050 
-37.779270 
152.895500 
-24.768881 
167.025513 
-79.564691 
-67.278933 
303.939981 
-144.769739 
-165.732540 
-65.309679 
322.385126 
-8.885862 
-66.990881 
45.815716 
-84.739974 
234.502438 
223.372166 
12.845101 
-740.202401 
-344.693280 
-6.711102 
-49.176193 
-245.083840 
-43.902461 
-398.734706 
-115.611323 
0.187208 
-286.930650 
-94.547799 
95.114086 
-183.091257 
-77.296546 
-693.740804 
-63.321755 
44.424120 
63.469639 
-53.777204 
-80.705973 
12.843057 
38.156498 
131.955708 
-97.238805 
-118.139258 
-12.469818 
-12.470046 
-104.963191 
79.500845 
-87.573834 
-114.306946 
-2.935081 
-9.380711 
63.468509 
-204.687114 
126.752588 
233.330676 
-199.158009 
115.578040 
-30.646186 
-171.956564 
-103.467940 
128.104107 
190.032571 
7.627269 
37.015373 
-132.684344 
-59.181170 
51.198526 
7.416068 
-243.159169 
64.917645 
1095.054339 
-247.294408 
234.199742 
-50.435513 
-219.757195 
-4.047511 
-179.650596 
-20.920947 
-366.277346 
35.920599 
-235.292085 
-173.246022 
-65.587760 
-218.184555 
12.586231 
-28.092250 
-12.466962 
-201.510012 
-97.047206 
40.313806 
200.761015 
-105.272098 
-173.254820 
-15.125440 
-164.068845 
156.459537 
-168.308061 
-12.468731 
61.366012 
-164.302072 
-25.124109 
-31.252966 
-85.745252 
-12.467304 
25.501556 
-339.263995 
-417.219960 
-2.656093 
142.246122 
-118.884145 
-301.546930 
25.500621 
87.099874 
38.156724 
-142.227912 
50.986664 
-49.918161 
-278.519724 
-101.881115 
50.313008 
-78.603466 
178.535183 
29.693428 
-132.603555 
-104.853351 
-101.972250 
-256.158160 
-104.640012 
50.812479 
-167.943669 
-344.068156 
-224.076275 
-67.016676 
-152.023678 
-51.340268 
-63.092767 
25.499047 
-500.294244 
-25.124845 
267.818021 
-260.886712 
-256.853071 
-316.560218 
-176.176067 
264.891929 
-176.999895 
-53.035376 
-92.163970 
-169.174888 
-339.535226 
-75.750030 
-180.537518 
139.912788 
-190.205508 
-356.918989 
-165.091136 
230.050143 
37.226941 
-161.803484 
-149.942768 
-259.518341 
-33.325141 
-177.002017 
84.450436 
279.206820 
-176.999002 
-114.972914 
-176.999807 
-233.597976 
-37.263638 
443.152000 
-365.800276 
-346.823332 
416.724776 
-94.084114 
-356.276800 
-150.003615 
43.578633 
101.433155 
-377.006656 
30.938229 
178.657952 
-100.121277 
23.300878 
456.566940 
339.278251 
-27.635500 
195.236053 
126.746511 
147.742823 
120.401865 
253.308487 
332.178438 
125.857633 
-598.574475 
-172.217092 
320.380863 
231.925425 
-11.075720 
75.578186 
-85.237819 
30.089096 
197.176086 
-18.959636 
-138.860014 
151.846871 
80.942432 
211.324502 
265.966579 
269.829949 
207.551087 
215.306067 
50.515858 
293.493186 
535.634277 
73.312570 
62.221311 
-164.584341 
683.623653 
-106.975461 
417.655827 
-94.658016 
170.986036 
-100.273039 
568.230288 
-272.264542 
405.187636 
99.537182 
-292.959470 
60.601179 
-12.845249 
-121.877050 
114.291732 
-22.460713 
132.441947 
-189.843754 
-236.926260 
-128.807978 
341.631942 
191.029754 
106.784554 
-128.627370 
-113.226009 
-73.096641 
106.669974 
500.933214 
844.146313 
-358.303681 
8.539688 
104.278984 
106.338239 
56.970800 
-14.064245 
-296.049533 
-115.025330 
-115.260044 
70.688646 
417.846238 
16.147972 
-0.771523 
60.834894 
282.001471 
277.449411 
-112.614496 
-93.362341 
341.908716 
-234.881037 
-249.891376 
471.652324 
-84.033178 
-41.087465 
256.911385 
72.443315 
-15.011984 
455.815425 
82.016757 
-299.107126 
219.783978 
-84.435351 
-63.957196 
734.252384 
51.101316 
-241.112849 
138.728673 
-42.516052 
233.559439 
139.401811 
428.305268 
-233.789703 
-239.077435 
36.861383 
91.971256 
708.932462 
-286.564734 
164.715174 
33.049597 
385.150718 
8.551509 
368.676672 
57.204788 
186.900379 
-67.311308 
85.955046 
14.895940 
-73.736455 
-259.719404 
-64.627127 
-99.291449 
-436.806480 
38.521817 
117.341236 
-197.567950 
-55.824021 
-287.029683 
107.564829 
-197.085063 
-471.182008 
-84.753251 
109.798521 
244.240619 
-264.725945 
193.572474 
115.432937 
100.738847 
173.651697 
362.813363 
341.909120 
-103.808325 
19.090789 
-167.656030 
88.781664 
-292.714035 
-353.267855 
339.979975 
-429.873031 
-42.504359 
47.771955 
6.003129 
-275.746354 
-175.490642 
-76.113909 
-63.766043 
358.147705 
-468.721203 
303.940825 
278.628216 
135.128266 
130.299299 
-114.550847 
344.946342 
-68.316797 
274.929522 
-279.143433 
-146.789439 
-250.035386 
-24.785076 
18.741390 
-71.967151 
99.108766 
162.154352 
248.518619 
255.373254 
34.998150 
415.286943 
329.250479 
271.979124 
101.439440 
-500.827277 
-291.752538 
135.234425 
-258.824398 
455.216191 
253.309803 
-3.077196 
-643.299321 
167.057122 
-244.759948 
222.424354 
206.628177 
-312.917398 
-230.745336 
70.911766 
-101.903689 
23.409817 
215.341340 
384.002205 
-148.313902 
-17.090242 
233.622244 
-215.347744 
260.035995 
-61.921098 
-14.481232 
-334.215922 
-185.181235 
24.724768 
83.139740 
74.640016 
-257.682296 
5.988180 
-226.149121 
5.419352 
193.890590 
-115.645906 
114.474779 
-332.776711 
-336.698912 
37.884721 
204.685654 
-154.099978 
341.905535 
455.811298 
-267.042059 
-291.902648 
26.770424 
-241.827244 
105.800525 
30.920541 
-593.148948 
81.188674 
-114.867175 
16.153410 
-197.669016 
112.904308 
304.939703 
205.940876 
-170.783797 
152.063654 
88.784720 
88.781595 
139.406285 
159.101286 
-184.775944 
409.693364 
33.354908 
104.169456 
-382.440152 
-275.763732 
93.559928 
242.932016 
-274.901387 
-159.756061 
-216.288204 
-186.049401 
-258.680660 
33.438322 
-69.748469 
16.839592 
-185.615678 
-491.241725 
253.313544 
107.943262 
222.606950 
-384.021642 
557.063117 
-254.289240 
-225.654457 
303.938053 
63.792450 
-174.491710 
164.718398 
39.003176 
-295.867213 
-239.604967 
292.860881 
-494.843838 
7.741542 
-162.204973 
-347.337633 
-132.359357 
-336.189096 
-81.258286 
-98.215261 
-319.300020 
-401.637276 
-6.302653 
268.574597 
-82.278589 
27.851496 
-87.094409 
-24.568103 
71.648666 
-13.776724 
-115.807798 
-281.712646 
-35.335802 
2.045882 
-45.087512 
-186.669619 
-281.557689 
-177.743071 
71.418250 
-331.228569 
-287.268011 
251.041372 
-170.662971 
-81.516417 
12.844038 
-308.760016 
-16.032581 
29.078666 
139.682585 
39.468862 
64.930220 
-136.248907 
-67.464267 
0.187548 
-12.471445 
148.886589 
12.634673 
-55.052804 
-379.498140 
329.250568 
-83.082175 
-63.154748 
-153.051058 
-351.501308 
-392.775813 
-12.468605 
83.554221 
-180.951196 
-302.214014 
219.434772 
-81.087475 
7.419482 
-77.043377 
42.588180 
192.522749 
137.879882 
-25.125352 
-714.892548 
293.654501 
81.066576 
-15.568855 
-251.722538 
68.566873 
-401.868992 
60.053823 
-88.405635 
-120.342705 
-577.206775 
-81.868138 
-330.596691 
-231.286863 
-651.822012 
-59.043547 
-182.117292 
50.812133 
-103.273770 
-186.723339 
12.841813 
253.312883 
145.465815 
37.753014 
-245.381031 
0.187993 
-12.468842 
169.896700 
-150.001866 
-8.813903 
-233.464758 
61.580930 
-53.096431 
126.751700 
-170.672002 
-50.433767 
-130.343096 
17.837116 
62.993202 
-182.690011 
-25.743129 
-397.610955 
12.357135 
190.030878 
48.102068 
-212.459877 
-205.938426 
5.296472 
-173.971676 
72.527986 
-55.327157 
-99.618124 
576.341187 
-213.347708 
-2.109750 
50.811410 
-12.254772 
184.143197 
14.045524 
10.498748 
-318.251022 
-96.015484 
-26.466979 
-339.814449 
-72.123064 
-347.343296 
-57.195149 
-119.367229 
-50.441080 
-364.103031 
40.979676 
229.441784 
-704.013936 
-213.951283 
-211.750769 
-148.046857 
-52.828454 
-25.540986 
-214.720000 
-139.034368 
-126.300019 
-219.229638 
50.809817 
29.440103 
-47.580731 
-12.471048 
12.841401 
25.997748 
-293.324001 
101.090058 
172.376001 
93.679316 
-250.069237 
38.154899 
-3.355283 
177.375005 
-72.824393 
-64.015535 
-61.951342 
-297.579073 
-280.736259 
-8.199955 
-32.238409 
-175.830573 
-124.317548 
-102.677018 
-179.244424 
-137.706967 
-255.776480 
-10.652085 
-25.125021 
-176.006724 
-56.068834 
-210.083882 
-296.710631 
-130.055939 
96.625912 
-37.779450 
-12.468884 
-253.992788 
25.500527 
265.728899 
23.510653 
-62.932120 
-30.100562 
-279.388779 
215.497291 
-176.999225 
-50.142339 
-32.398212 
-238.583394 
-545.314937 
-177.002215 
-184.992781 
170.160282 
-137.445938 
-335.052463 
-312.334709 
-30.710660 
-124.398417 
-58.413801 
-184.602047 
-49.724322 
10.531261 
-177.003562 
231.708368 
-32.050527 
-177.002147 
0.130175 
-177.001747 
-394.100188 
31.746416 
506.437498 
-131.121963 
123.355944 
-63.005636 
-295.665180 
-410.609223 
92.999958 
357.688211 
190.031232 
-88.068976 
-408.784376 
-388.128251 
405.931976 
-143.651712 
98.625261 
-27.918101 
-420.361877 
22.867347 
-12.468766 
226.058267 
246.993091 
240.656185 
390.226528 
205.353135 
-783.764091 
314.591762 
366.269456 
152.097428 
-11.119810 
-138.661135 
-200.561939 
-79.296485 
212.153187 
-282.535947 
-108.554984 
93.286556 
6.082810 
322.501421 
379.874924 
218.739222 
-167.298034 
122.294843 
98.230480 
265.082947 
482.844317 
-256.742104 
-16.442964 
-98.064890 
354.562557 
-182.010982 
426.122011 
210.468564 
78.110069 
-336.785180 
239.138257 
-17.721442 
139.406208 
202.571258 
-27.957532 
70.528109 
33.006542 
5.908407 
84.408843 
-33.883091 
382.936777 
-487.713355 
-44.321013 
-8.692839 
-152.164113 
78.418143 
60.247983 
-124.036159 
-38.167015 
63.585780 
-109.585504 
321.342852 
805.652181 
-110.070653 
-28.128241 
97.847195 
224.476546 
114.669433 
-65.884521 
205.830022 
-3.968066 
-186.226881 
-141.457425 
759.562469 
107.842768 
-37.741775 
-169.741866 
-55.500086 
243.159830 
-94.499296 
-135.706268 
354.562440 
-35.313066 
-8.707783 
174.845773 
103.871674 
77.139221 
-20.071509 
123.112355 
267.963492 
354.562589 
28.443250 
-240.646164 
-121.809575 
-50.057544 
-117.680634 
38.156330 
-62.232968 
191.309453 
34.164338 
242.758105 
-98.886769 
405.187571 
166.144760 
4.815873 
-115.596415 
123.654663 
38.854427 
-12.468674 
-102.894080 
392.531345 
356.704134 
127.721386 
5.167654 
344.224585 
-70.689710 
246.946467 
-95.069028 
-286.994561 
-260.803409 
-269.019994 
-58.471536 
-35.294787 
-592.588795 
30.203355 
69.795677 
363.177086 
-52.810395 
-96.916743 
-281.841944 
180.155223 
-495.910837 
-403.888297 
-129.933715 
-62.903997 
-245.784767 
-169.617528 
133.030624 
-101.905051 
-263.773287 
76.340590 
162.306965 
506.437564 
-213.883979 
236.659532 
-374.777773 
379.875059 
98.459488 
-335.846881 
206.518667 
19.880348 
-42.768087 
16.515249 
-64.735939 
-321.100226 
223.616724 
33.883180 
-215.254290 
52.353839 
-95.090559 
329.250021 
246.984668 
181.828995 
280.666900 
69.825702 
129.835434 
184.912625 
49.723976 
-493.184125 
-29.727393 
-306.518346 
45.083681 
-361.024010 
-72.156373 
-489.439326 
-84.776258 
166.278425 
500.486147 
165.916116 
65.682979 
303.937633 
93.319295 
253.312523 
74.138633 
-77.245783 
-117.954660 
-335.583004 
165.436203 
329.249965 
200.733619 
-469.368390 
140.219930 
8.182139 
277.407661 
112.318382 
-373.663750 
-19.564064 
91.487552 
-220.576532 
-131.473151 
240.656233 
144.948883 
-281.624996 
-151.612833 
229.923031 
-156.837184 
72.688208 
127.164139 
98.931989 
-320.451971 
-416.268147 
-50.510150 
92.150608 
107.811590 
-143.553546 
-471.942808 
-240.031396 
4.523436 
187.751246 
72.644555 
51.816635 
-50.954891 
-379.212471 
119.486229 
196.132115 
-139.653024 
367.218797 
531.750011 
-507.355170 
-116.096460 
-17.744673 
-203.045959 
175.879705 
12.330092 
-533.205907 
8.598668 
-287.337470 
-198.781906 
-245.462973 
154.635881 
69.116650 
207.607007 
-340.460115 
329.250077 
114.093797 
114.093875 
190.031373 
140.267012 
32.276773 
119.640150 
27.415063 
-36.773825 
-227.802553 
-14.255491 
-81.997030 
506.789096 
-480.381091 
-235.931520 
-167.196470 
-63.337927 
-554.680583 
-184.386812 
117.568896 
11.494738 
-136.385603 
-384.259306 
278.625139 
-74.917105 
23.384007 
-1.404907 
582.375172 
-108.171125 
-329.339888 
354.562614 
64.508817 
82.833863 
114.093857 
66.000129 
-50.376377 
-202.600705 
159.972763 
-40.993059 
407.329226 
134.778763 
76.462567 
-32.984087 
-86.377143 
-62.421133 
-282.761719 
-254.314966 
132.380809 
45.165566 
-54.302891 
36.724935 
-415.390740 
-120.062712 
109.601827 
86.011353 
-220.139187 
-205.807199 
-103.439264 
-208.109561 
-42.684674 
-179.070806 
-16.240395 
-24.110789 
-512.593691 
-3.786831 
-197.044036 
48.567233 
432.964094 
113.571895 
-64.656643 
-12.468727 
-71.824595 
-54.723026 
151.850176 
272.483791 
19.156001 
-6.005556 
-112.976750 
-194.559361 
-12.468732 
63.468820 
-28.696378 
-114.931859 
-94.252259 
-325.499892 
278.625040 
-55.039931 
80.632901 
78.651032 
-36.229051 
-27.665105 
-63.093716 
-23.963234 
-119.897311 
-58.598386 
-84.137530 
-78.898794 
-98.023208 
14.767753 
-143.264149 
50.646487 
-19.808104 
152.062572 
26.291061 
-306.726465 
253.603264 
-83.219883 
-369.007782 
9.353637 
-309.802459 
-36.984957 
63.468806 
-69.453060 
-278.322807 
-119.657027 
-202.659557 
53.035060 
-89.977260 
-46.869636 
-192.250746 
228.000101 
-94.781219 
-63.616526 
-12.468670 
253.312519 
-32.950733 
-130.764035 
-132.328431 
-88.406078 
-37.781174 
262.439252 
-244.499883 
24.900928 
-186.067907 
89.292081 
129.223221 
126.750126 
-27.497974 
-113.718583 
-147.758482 
-17.091529 
-85.195383 
114.534082 
118.198144 
-227.114984 
-119.279939 
316.593664 
162.422913 
-114.534511 
-77.057477 
81.598543 
-270.375942 
48.677901 
106.842728 
-33.608483 
149.540854 
-210.753818 
147.534307 
0.187577 
26.478560 
151.652211 
-219.187958 
37.038722 
-227.410139 
244.681030 
130.380631 
-176.942502 
-211.948120 
-86.726139 
128.527577 
-0.926614 
25.499992 
-240.595410 
14.146684 
63.852888 
-807.142838 
9.192818 
-99.280206 
-130.217658 
-166.629289 
204.967276 
-4.806269 
0.187413 
125.606580 
28.230244 
-12.468770 
-252.159006 
-294.690998 
12.843671 
25.499942 
-244.967852 
-248.838963 
124.419130 
-85.344482 
155.189751 
-186.316381 
12.843760 
-131.422023 
253.312516 
-55.642421 
-130.446863 
75.400748 
-345.423273 
-117.512226 
-165.899849 
-178.937553 
-119.096100 
32.864391 
-210.218941 
-279.146723 
-31.655815 
31.425633 
-93.508532 
25.500010 
108.059294 
-182.981994 
-247.498252 
63.806222 
-67.872606 
133.927226 
0.187483 
-37.781200 
-351.514485 
-25.125010 
-252.808322 
-88.834942 
178.315066 
-75.156401 
-301.200304 
-338.228058 
-176.999998 
-32.655723 
186.564579 
-109.259687 
-441.956577 
-177.000038 
-160.737870 
-367.562518 
-349.525922 
-64.115983 
19.404528 
-69.447185 
-242.138659 
-322.983523 
-124.391198 
-62.926738 
-25.231379 
-177.000081 
187.721106 
-227.872535 
-177.000132 
-148.664140 
-177.000006 
-264.399207 
-232.845269 
-164.343750 
-179.606736 
-181.624124 
-171.288524 
-177.247855 
-178.821352 
-177.000000 
-181.042092 
-177.000000 
-185.058319 
-176.380974 
-178.386126 
-176.912606 
-169.092285 
-181.058830 
-173.950965 
-172.787850 
-176.007701 
-164.343750 
-179.748655 
-176.894804 
-177.000000 
-168.668108 
-173.498263 
-175.484313 
-168.921281 
-179.681930 
-178.682321 
-169.972289 
-181.643245 
-176.323269 
-181.307436 
-177.060803 
-177.036631 
-182.117490 
-180.641388 
-179.689629 
-182.506955 
-177.000000 
-181.772095 
-170.993960 
-185.963914 
-177.263460 
-172.202352 
-171.895252 
-163.275627 
-172.526161 
-168.134579 
-164.343750 
-165.819157 
-182.978308 
-172.958978 
-172.403172 
-176.208984 
-173.310705 
-178.159519 
-177.000000 
-179.896685 
-175.881416 
-179.768794 
-177.098622 
-171.467828 
-183.253340 
-184.794452 
-174.770897 
-175.394548 
-178.374328 
-180.687406 
-172.043165 
-173.546987 
-186.643359 
-175.085547 
-179.881393 
-174.081380 
-179.650912 
-170.512258 
-138.134765 
-175.492040 
-172.961779 
-166.352491 
-172.486547 
-181.438011 
-176.380975 
-177.661589 
-182.710896 
-175.320533 
-173.820168 
-177.000000 
-180.139643 
-174.086295 
-176.366600 
-163.500000 
-178.877309 
-172.947981 
-179.490601 
-164.343749 
-177.930281 
-170.365083 
-173.911803 
-173.297723 
-180.237200 
-178.057416 
-170.932229 
-173.425318 
-164.343750 
-173.160341 
-178.498343 
-168.920762 
-175.100140 
-180.174460 
-164.343749 
-176.620062 
-173.146899 
-167.075349 
-166.988679 
-175.711568 
-177.000000 
-178.859013 
-173.648520 
-179.784975 
-178.638264 
-183.375008 
-177.000000 
-172.332448 
-177.000000 
-177.580336 
-178.794798 
-173.210539 
-172.878564 
-177.550886 
-177.482679 
-176.876170 
-176.447600 
-177.289155 
-175.464127 
-162.300658 
-183.719304 
-182.096331 
-173.843353 
-177.827037 
-177.608021 
-177.000000 
-178.254929 
-172.164403 
-170.697967 
-175.239270 
-177.331855 
-173.685383 
-178.864071 
-181.324450 
-173.194847 
-178.739989 
-176.084073 
-174.423136 
-180.964223 
-175.658261 
-164.343751 
-170.426008 
-174.304111 
-179.635331 
-177.000000 
-173.303963 
-180.408999 
-174.933287 
-169.698260 
-174.023944 
-178.932558 
-177.695593 
-174.832769 
-175.257462 
-183.252604 
-172.935802 
-169.453228 
-181.748534 
-177.000000 
-177.000000 
-163.153659 
-176.620062 
-174.211452 
-180.759527 
-173.856096 
-184.406176 
-179.296988 
-179.769949 
-177.710648 
-180.849272 
-174.741873 
-179.170829 
-181.285598 
-174.941551 
-179.775100 
-171.757233 
-182.991512 
-167.802464 
-177.000000 
-166.871146 
-177.000000 
-175.679352 
-180.357605 
-176.040783 
-179.078013 
-178.343108 
-177.000000 
-177.548428 
-174.905227 
-180.697343 
-175.698348 
-176.014458 
-175.866356 
-176.420340 
-177.099187 
-178.207905 
-177.880054 
-167.334969 
-164.343750 
-174.900450 
-177.000000 
-177.816625 
-166.312078 
-177.098621 
-174.335348 
-174.877275 
-177.750424 
-172.243359 
-170.696797 
-177.150114 
-175.690663 
-176.636425 
-184.822289 
-178.470419 
-176.485848 
-168.197997 
-177.081931 
-174.971447 
-176.488572 
-180.607541 
-176.820195 
-167.959351 
-177.163675 
-169.508381 
-177.000000 
-164.343750 
-170.893953 
-169.407582 
-173.302438 
-174.254110 
-177.721289 
-180.704474 
-183.369781 
-174.404255 
-177.907451 
-169.732955 
-173.084646 
-180.466465 
-172.574471 
-177.808651 
-173.523230 
-177.000000 
-177.000000 
-177.000000 
-177.000000 
-176.620062 
-173.733517 
-177.858837 
-178.839297 
-177.383998 
-175.932329 
-174.467526 
-176.134834 
-168.174373 
-173.165857 
-174.515368 
-177.708572 
-173.290920 
-179.201191 
-172.957744 
-175.421727 
-178.771641 
-171.313703 
-176.713334 
-177.000000 
-179.689629 
-179.943416 
-181.380566 
-177.000000 
-174.478472 
-163.763460 
-177.000000 
-172.543225 
-173.078401 
-177.000000 
-177.000000 
-178.759329 
-172.643645 
-176.208985 
-176.829067 
-177.580336 
-175.740836 
-176.194841 
-171.138183 
-175.257033 
-180.567331 
-177.816188 
-174.485691 
-176.518733 
-172.595627 
-181.179001 
-174.574917 
-183.120141 
-177.356192 
-182.354571 
-172.775964 
-176.514905 
-178.415344 
-175.074516 
-172.559818 
-176.753007 
-171.137494 
-177.031690 
-167.580950 
-178.027936 
-178.790710 
-167.241885 
-173.001005 
-177.036631 
-180.079827 
-173.868035 
-177.000000 
-178.220299 
-170.374088 
-172.154899 
-174.873143 
-177.356192 
-181.375830 
-175.950965 
-178.146868 
-177.000000 
-177.000000 
-180.612282 
-175.000124 
-171.710965 
-177.000000 
-177.000000 
-174.090909 
-172.893232 
-171.942350 
-169.129451 
-173.968714 
-177.000000 
-181.288258 
-174.758597 
-178.495296 
-172.657957 
-172.968922 
-172.885614 
-175.166023 
-175.188227 
-176.429981 
-177.324695 
-177.000000 
-188.865235 
-177.000000 
-175.554932 
-178.936823 
-179.566758 
-174.292452 
-178.904793 
-178.227503 
-177.000000 
-178.807503 
-176.033665 
-177.464710 
-177.081746 
-175.077115 
-172.202353 
-179.101316 
-178.719354 
-177.000000 
-178.732547 
-177.303583 
-177.000000 
-177.000000 
-177.176372 
-177.376214 
-178.227503 
-177.000000 
-177.000000 
-177.722152 
-177.000000 
-179.771146 
-172.431435 
-178.912461 
-172.603800 
-177.000000 
-188.865234 
-177.000000 
-176.297746 
-178.435361 
-177.424406 
-175.368760 
-171.395336 
-171.346111 
-176.296478 
-177.000000 
-179.366463 
-174.379148 
-175.100141 
-178.995577 
-178.399283 
-174.730425 
-174.335646 
-176.834651 
-177.000000 
-171.327048 
-176.379760 
-177.000000 
-178.411042 
-177.333930 
-175.466885 
-179.501943 
-175.583498 
-181.508821 
-182.625502 
-172.438992 
-180.617166 
-177.016216 
-178.106870 
-173.811542 
-177.000000 
-176.057078 
-168.653277 
-182.120670 
-188.123657 
-175.419639 
-180.092894 
-173.203982 
-177.174774 
-176.716407 
-178.049225 
-177.000000 
-176.607640 
-179.066637 
-177.000000 
-173.503441 
-187.179662 
-177.000000 
-177.000000 
-175.129146 
-179.982275 
-181.915093 
-178.305817 
-172.055517 
-179.663818 
-177.000000 
-176.715391 
-177.000000 
-173.608907 
-179.936217 
-172.019171 
-179.187491 
-173.874265 
-175.240023 
-181.954424 
-176.647299 
-175.257175 
-182.318393 
-170.256777 
-173.504142 
-174.869107 
-178.781118 
-177.000000 
-179.089784 
-176.741041 
-173.401680 
-176.194841 
-175.422825 
-180.187330 
-177.000000 
-177.000000 
-173.160576 
-177.000000 
-174.347292 
-170.604269 
-164.112194 
-177.186886 
-175.928573 
-181.231362 
-177.000000 
-175.573286 
-178.621771 
-172.040600 
-178.927839 
-177.000000 
-181.292241 
-171.477453 
-175.962309 
-175.491222 
-179.985064 
-169.058485 
-176.902065 
-169.598122 
-174.240548 
-176.424203 
-179.420864 
-177.000000 
-176.965659 
-169.492493 
-177.000000 
-182.571692 
-177.000000 
-175.759583 
-175.349770 
