-35.054691 
-13.881086 
16.788020 
26.957042 
27.553403 
-2.095278 
-39.666676 
-46.605254 
-74.585943 
-46.576727 
-50.085391 
-26.381666 
-44.153856 
-20.100287 
-27.196712 
-23.774786 
-9.942694 
-5.174956 
4.476558 
-13.223409 
-16.547980 
-15.289069 
2.507923 
20.070808 
26.531778 
13.291135 
-2.733608 
-1.908923 
-7.251903 
14.830962 
47.258486 
57.319134 
74.882467 
45.171325 
42.861282 
20.527372 
-0.391878 
-23.025614 
-15.289065 
-18.230167 
-6.244750 
10.527452 
-2.581578 
6.169107 
-13.082647 
21.745985 
23.911095 
65.101114 
63.773438 
82.968959 
89.178816 
73.624597 
50.736761 
39.684079 
30.324686 
28.878468 
44.007814 
53.138906 
42.893886 
38.882609 
12.451231 
15.173916 
36.336928 
45.528108 
63.243159 
65.839499 
80.025800 
65.756095 
85.898256 
74.051361 
71.711773 
56.255908 
52.925888 
39.447291 
30.848758 
22.172786 
11.847490 
38.765790 
32.146124 
13.940883 
-0.599449 
-12.875050 
-4.404811 
-7.284033 
-5.763423 
-0.376565 
-5.414046 
-15.289057 
-29.455645 
3.291145 
2.904808 
13.041668 
-13.064994 
-16.295982 
-26.621413 
-15.289058 
1.789022 
10.134129 
36.054723 
30.020709 
26.342480 
21.531321 
33.384603 
30.469124 
24.242193 
-7.938663 
-17.875490 
-35.108592 
-5.994353 
-17.372501 
-15.289058 
-13.905274 
-12.036409 
3.734880 
16.360451 
10.858626 
4.476568 
11.024481 
5.867264 
16.088380 
21.865697 
23.798719 
24.242169 
28.943425 
44.007808 
43.892553 
33.142902 
30.747092 
24.041044 
34.157375 
17.043324 
21.001057 
0.628424 
6.055780 
6.086861 
0.906065 
3.138757 
13.422186 
11.598819 
26.286622 
18.679615 
17.447744 
11.047562 
7.974699 
7.897195 
16.196491 
28.958527 
9.000056 
17.276915 
2.697953 
12.551598 
-2.807965 
9.080411 
9.334440 
23.336906 
35.742094 
24.242191 
15.681768 
-1.798198 
-15.602463 
4.476562 
-9.334655 
4.162834 
5.106739 
1.313707 
3.341417 
-10.302980 
-10.609604 
-23.525627 
-21.329736 
-18.351513 
-9.660435 
1.078982 
2.677156 
4.476565 
4.476565 
-6.220045 
2.258617 
1.945673 
0.497354 
11.494273 
24.858985 
15.957521 
18.985211 
21.351593 
11.764820 
11.014680 
10.637579 
-1.997273 
16.039473 
11.278532 
5.898709 
-23.670083 
-41.374698 
-54.820304 
-50.790748 
-15.289060 
-3.085269 
-4.472396 
3.915743 
6.527953 
1.415863 
4.476572 
-10.100594 
-46.370720 
-27.078068 
-35.090535 
-11.138998 
3.081539 
9.181403 
-1.177801 
6.523171 
-0.979411 
-19.593232 
-35.054681 
-54.003936 
-44.937493 
-39.825485 
-21.613491 
-17.197209 
-52.603876 
-44.409919 
-62.434810 
-51.274344 
-38.245050 
-43.048794 
-39.286596 
-52.103091 
-65.736192 
-73.476658 
-62.772876 
-39.383060 
-11.082332 
-0.998737 
4.887241 
27.231368 
3.375495 
18.653026 
2.912474 
30.488364 
24.242183 
44.007809 
16.732418 
7.508401 
-16.475908 
-20.188209 
-32.844223 
0.293738 
1.184438 
9.899117 
5.523124 
-9.969932 
-22.530918 
-17.264781 
-20.759310 
-31.312959 
-25.006977 
-35.054693 
-35.054691 
-44.937501 
-35.054690 
-77.155280 
-68.712716 
-91.227132 
-73.188853 
-47.185756 
-17.941334 
2.776564 
1.748346 
-3.064593 
-0.250789 
-8.320541 
-3.831229 
-17.193487 
-4.755662 
-22.316901 
-34.740421 
-47.621530 
-38.436576 
-47.476666 
-35.054691 
-21.475217 
-24.822998 
-26.560727 
-44.937503 
-52.109182 
-38.695021 
-35.054691 
-18.649288 
-25.036850 
-35.054691 
-39.666666 
-55.757875 
-45.109370 
-25.789558 
-29.055792 
-25.287147 
-63.686742 
-85.544884 
-74.803271 
-59.928529 
-62.267126 
-39.687157 
-58.478913 
-58.989675 
-55.086199 
-22.717980 
-24.580445 
-0.766546 
0.090880 
-7.779454 
-19.173017 
-31.822968 
-31.013559 
-29.112874 
-1.951015 
-10.525090 
-21.315877 
-51.448272 
-62.602844 
-76.754523 
-44.701629 
-34.756448 
-31.773491 
-18.078680 
-37.300292 
-12.327296 
4.476559 
20.531136 
5.814491 
-15.296496 
-30.674129 
-39.440365 
-69.728202 
-56.899135 
-65.568603 
-54.820314 
-35.054690 
-21.426810 
-5.184277 
27.478358 
34.125010 
34.125001 
35.062842 
24.002477 
-8.149865 
-40.211580 
-46.053246 
-54.820311 
-40.649715 
-38.284566 
-17.612099 
8.253528 
18.839329 
18.495422 
34.365670 
-3.286260 
-10.691819 
-46.645260 
-74.585930 
-57.908686 
-87.557126 
-61.056029 
-32.581299 
-29.652948 
-10.147479 
-16.504319 
-15.645374 
4.476563 
-21.721268 
-19.331776 
-41.822920 
-26.551502 
-20.553318 
-1.943054 
-5.814061 
4.250938 
-35.054683 
-41.955154 
-40.270517 
-15.289055 
4.476562 
12.088566 
0.541233 
7.414492 
-25.171860 
-15.289068 
-34.558062 
-39.666666 
-32.548854 
-46.564511 
-38.381894 
-35.269233 
-35.054686 
-27.024896 
-15.289065 
-7.969550 
-3.532455 
-3.008222 
-30.078473 
-37.253588 
-42.992065 
-33.475179 
4.476552 
-5.345114 
4.336058 
-16.536009 
3.361445 
7.384703 
28.876167 
24.477494 
25.135731 
29.994315 
44.871652 
53.180353 
44.007809 
13.663033 
-42.254645 
-54.422033 
-72.973207 
-39.235219 
-10.416176 
-19.770506 
-5.106865 
-5.999985 
-18.763794 
-0.422566 
8.597374 
14.359380 
-3.014626 
-1.214148 
-16.752505 
15.478922 
-1.694238 
-15.321205 
-7.688771 
-15.309436 
9.070874 
26.920249 
24.242192 
43.825833 
34.334256 
34.124999 
26.499880 
41.913956 
34.125005 
14.359377 
3.360127 
-24.116265 
-18.475343 
-55.606896 
-49.487128 
-69.395061 
-35.054685 
-44.371393 
-35.054682 
-46.851576 
-70.568163 
-71.216901 
-57.632891 
-30.198964 
-0.696874 
14.625715 
-3.569907 
-23.280746 
-44.241760 
-46.142205 
-46.787222 
-36.654904 
-27.091227 
-35.054686 
-32.704522 
-46.574293 
-38.322999 
-36.130819 
-11.155702 
5.434239 
34.124997 
34.124999 
15.998792 
4.476557 
-13.302217 
-15.418072 
-37.382894 
-31.106952 
-45.458411 
-32.148958 
-15.289064 
-22.671175 
-21.241192 
-29.169128 
-36.535311 
-28.260260 
5.346727 
26.649885 
36.864905 
19.624759 
-4.443020 
-28.914118 
-23.339952 
-24.152685 
0.443431 
19.173690 
28.935511 
14.359372 
4.003441 
-4.261074 
-5.406248 
8.831139 
-5.406252 
-5.304523 
-11.355521 
-15.288320 
-195.146645 
100.390723 
73.460949 
96.517428 
-1.027276 
-39.666045 
97.876312 
-15.288222 
-116.470399 
195.899446 
-159.209556 
165.537411 
-127.534120 
167.998942 
144.504000 
22.275824 
3.295586 
24.243080 
113.367722 
65.615256 
44.008594 
-71.609105 
136.385162 
84.087734 
0.021836 
-162.747066 
48.514205 
-59.946525 
102.207391 
14.608333 
-9.869571 
13.975507 
-32.645391 
22.658374 
167.227134 
-56.626815 
14.010637 
-54.820111 
67.447474 
-49.086133 
-29.056538 
-146.188004 
-34.186393 
292.477656 
-10.480666 
-95.941865 
108.961334 
4.476709 
-2.657697 
102.717450 
1.324931 
6.462980 
-38.143005 
51.442838 
-17.572659 
24.241605 
39.338073 
-46.190595 
-26.688539 
-44.810881 
-21.313348 
-80.014852 
89.310143 
51.530898 
0.433705 
177.405271 
-65.301527 
-57.092739 
75.112976 
124.614530 
2.996381 
40.302012 
112.347799 
33.870029 
24.969415 
402.958516 
20.357217 
-43.223839 
-116.556526 
251.560690 
102.661170 
-22.663974 
-110.789614 
182.415628 
47.504302 
83.974782 
429.436873 
-131.044683 
181.518166 
-40.674858 
150.082183 
145.192732 
-121.402780 
141.615512 
291.077328 
23.495949 
-113.590456 
132.895385 
106.193639 
-103.130749 
-65.614040 
82.785209 
-64.768546 
123.069085 
136.566950 
-82.571135 
169.032700 
82.752696 
5.551637 
34.124622 
215.766207 
-8.582443 
-44.760081 
-158.535875 
107.337305 
44.006862 
66.044775 
-211.246029 
-152.757229 
132.431050 
-1.293021 
34.124758 
-341.400107 
202.132411 
-176.834271 
92.955258 
-124.470135 
157.919811 
-79.105759 
-159.882268 
-199.382569 
-173.513086 
91.368346 
60.556406 
-127.212105 
-58.623608 
-54.884786 
7.479724 
-127.298257 
64.768724 
21.154061 
17.903315 
-84.052116 
148.842117 
-382.850298 
-426.492098 
-85.081857 
-116.349383 
-3.277451 
-91.381917 
43.866203 
186.048402 
-69.813068 
27.713811 
-127.420679 
103.303923 
-75.885547 
-10.417352 
-313.959975 
123.070169 
-43.138842 
-19.247144 
42.126667 
-22.517559 
90.561457 
244.085079 
-306.743375 
151.891535 
-88.201392 
-38.995358 
207.605903 
-48.182875 
132.258295 
-15.289934 
34.124711 
185.224216 
-430.788295 
-114.366266 
-42.824043 
82.879125 
68.674170 
-27.500647 
-82.311764 
189.214868 
-34.227351 
-232.178853 
79.245263 
-81.224571 
-76.879990 
39.430716 
67.088204 
-70.409953 
-61.171893 
-15.288572 
105.531403 
142.836145 
-292.247444 
-32.846111 
-127.172583 
109.359002 
-96.034292 
83.539269 
107.701879 
-268.499267 
-71.564750 
24.447522 
-212.326883 
-38.260939 
-193.200263 
-94.653150 
-271.698886 
-54.439715 
-166.661057 
123.070858 
8.596846 
28.854051 
-238.349828 
166.770136 
-74.457822 
-5.062251 
-142.447930 
34.508334 
-129.790035 
-21.001672 
-109.011906 
-56.466389 
-72.520612 
-183.173411 
-0.672885 
-24.969459 
24.664956 
-158.252910 
-83.452319 
110.764840 
-87.676928 
-12.011386 
176.595909 
-35.086100 
-15.906775 
-35.055045 
4.476999 
-117.990216 
-152.158583 
135.937332 
-32.302192 
-197.408565 
186.171838 
-200.564067 
130.669039 
-66.244644 
56.754455 
-21.558233 
245.042870 
-155.180068 
110.353701 
-157.008873 
-15.289060 
231.780688 
4.475782 
192.249357 
500.391231 
-179.614382 
144.309564 
-14.773399 
143.995077 
-150.307590 
-4.658950 
65.001801 
141.768312 
-255.722897 
10.603365 
34.905264 
-126.047219 
-55.211888 
-111.710978 
1.599161 
68.377185 
-30.354712 
142.028310 
113.187140 
-67.169167 
-106.225812 
33.422296 
24.241786 
0.611698 
-114.276386 
271.312335 
120.658551 
-76.374664 
162.601372 
129.000477 
-131.112618 
2.894957 
-246.917343 
-59.749152 
-176.834906 
-21.740906 
-69.173591 
211.385953 
-180.569383 
3.544749 
79.320067 
291.825277 
-132.863585 
-36.068745 
157.366156 
-108.143013 
105.203699 
110.905510 
-21.554630 
92.035088 
-2.677409 
-155.970293 
-77.948359 
-8.730309 
84.573779 
3.429248 
-9.219010 
-113.014036 
-140.737120 
46.879297 
-10.065994 
0.013695 
93.852514 
-39.507562 
-35.419556 
182.365428 
-77.211718 
108.112112 
73.952785 
29.888076 
-195.462506 
208.287490 
-121.632974 
-68.655424 
44.006202 
271.310812 
123.575174 
-121.405590 
-27.318760 
-113.459314 
-54.821800 
-4.653605 
-90.063265 
-106.841186 
-267.379013 
30.801768 
271.310961 
4.537616 
-163.763011 
-37.636770 
-22.865520 
-76.302861 
-38.916018 
-47.343724 
-14.472285 
-14.370558 
-87.766428 
113.186949 
-143.767823 
-10.965856 
-73.388539 
-75.562497 
-142.671319 
80.633385 
-102.735666 
59.757550 
172.484699 
149.036751 
-146.145869 
45.185407 
26.455354 
-110.710048 
-200.669550 
-216.434361 
-106.920240 
113.188284 
29.550337 
-46.175692 
-15.288903 
103.304919 
15.450289 
-74.074999 
-124.063368 
24.243554 
172.485383 
117.634505 
-8.040669 
-69.116841 
79.883908 
35.339010 
50.218474 
24.242818 
33.509005 
152.718086 
11.154015 
43.695651 
36.347028 
163.353022 
-129.007456 
54.584555 
33.766650 
202.132787 
64.221261 
5.547254 
-22.663434 
-36.515776 
53.860344 
-243.085274 
38.646964 
-37.311951 
154.996790 
-127.157870 
71.153184 
113.187382 
-151.215187 
516.243719 
10.074426 
110.692285 
-329.199000 
64.426190 
-85.433134 
-20.771720 
34.253130 
-72.321937 
-71.003492 
195.560621 
14.358909 
-173.836220 
-98.067485 
-43.297524 
-143.649403 
57.489023 
-50.960557 
141.357509 
38.210902 
68.896966 
-72.416075 
-5.406899 
16.346883 
-163.842968 
-15.289358 
-217.815703 
-241.915895 
-15.289447 
24.241790 
-210.224766 
-144.694210 
111.932421 
-169.546828 
-1.087722 
-135.983602 
14.359294 
-108.014520 
-5.406443 
-74.706608 
-39.037912 
17.370019 
-13.038723 
-337.494661 
137.537086 
-139.430528 
-32.444209 
-55.097385 
-201.028449 
-60.600225 
80.940176 
-250.849605 
-90.526427 
-84.468805 
86.985544 
3.328119 
-243.683448 
-108.705057 
-28.778095 
92.587535 
-74.586451 
-54.820935 
-160.997873 
53.890510 
-73.140535 
-52.110711 
-99.557872 
-99.978846 
59.232400 
-41.245842 
-64.704133 
50.223975 
-70.065600 
-216.041359 
-209.828489 
-80.763749 
4.088894 
65.597057 
-84.740129 
-7.506759 
-119.454606 
-25.832235 
-114.006197 
-211.880715 
-51.719571 
-44.739232 
164.514556 
-54.821675 
-81.169562 
22.561484 
-44.938886 
-82.972421 
-124.001999 
-242.511507 
-9.398185 
4.479662 
-76.508852 
-22.359248 
179.276163 
342.554358 
-307.823644 
-134.537830 
131.875977 
142.837830 
-235.873554 
229.506681 
-96.310906 
179.883324 
59.391897 
207.134581 
299.620645 
24.194226 
74.163822 
192.252913 
110.269550 
-87.787105 
548.034741 
-22.993057 
157.819603 
112.782207 
17.251919 
-363.747989 
-19.030584 
120.318647 
-52.944177 
109.703968 
60.842803 
185.675383 
219.648575 
72.329067 
327.459240 
298.050819 
51.454759 
83.539781 
323.765175 
-83.193851 
-161.669750 
35.688862 
77.373210 
374.256902 
191.080828 
-158.349855 
-34.177151 
182.366331 
0.909345 
499.157652 
201.979356 
246.957681 
210.161962 
71.216339 
140.036480 
745.686473 
-21.449845 
-24.885542 
-51.882133 
10.060470 
66.657210 
-111.314710 
124.644877 
177.829681 
-29.341995 
271.429033 
-36.374451 
106.211911 
140.911184 
298.295058 
72.269618 
-51.484199 
24.304394 
184.878956 
162.572554 
505.819071 
-67.763550 
117.789477 
36.986396 
143.655566 
369.816626 
70.669127 
-118.028226 
107.175149 
211.939616 
-49.941276 
429.438431 
-189.620907 
230.809452 
118.239052 
234.417531 
152.700538 
-46.876781 
-27.583236 
370.143119 
-92.351070 
5.519301 
173.379679 
101.035446 
-145.047907 
-41.297043 
200.394588 
-143.662543 
221.902179 
186.300298 
-356.216553 
366.615036 
53.355624 
112.251196 
44.011308 
241.353860 
-171.303212 
-11.899973 
-355.407865 
118.016790 
103.308989 
121.007593 
-375.320983 
-252.537308 
143.870956 
81.354071 
93.425300 
-366.361855 
221.901547 
-188.571796 
-1.637394 
51.197096 
144.192779 
-164.115572 
132.941875 
-284.185818 
-137.551637 
-7.245034 
-9.459188 
-116.575283 
-161.629808 
-331.144565 
-185.706678 
-168.281417 
75.702296 
-67.793629 
-2.867142 
-475.176888 
75.405197 
-491.484250 
-365.318051 
-242.294599 
-54.099481 
-172.042605 
-49.007643 
-14.314887 
308.678903 
-126.201231 
95.003773 
-165.295772 
83.538691 
-185.122859 
-30.907767 
-327.537876 
271.311094 
-164.529631 
-197.877457 
126.817050 
6.762170 
-29.233111 
138.528409 
-428.531644 
78.005130 
-140.797616 
-117.835986 
230.667794 
22.020529 
-133.866753 
24.241801 
147.775426 
280.945664 
-219.671569 
-39.821423 
-281.243957 
-151.592220 
462.115647 
-125.575064 
-71.366981 
-78.644728 
-11.826752 
-273.933053 
185.313237 
36.951584 
-90.092128 
187.366472 
40.090145 
-31.743800 
68.535916 
360.261607 
263.106689 
429.437387 
-450.764673 
-97.333684 
60.515162 
-5.521846 
10.687414 
162.602531 
-94.850596 
-463.307126 
36.421333 
-408.498967 
-23.303512 
228.697627 
-156.891257 
-57.149246 
-242.181602 
-103.484279 
24.525935 
330.610637 
-91.929304 
44.006943 
-177.674978 
162.180294 
59.474320 
124.906759 
-117.762167 
42.760481 
-117.745149 
-107.201183 
-69.958028 
-73.345363 
-9.999522 
-249.782118 
163.641108 
155.038433 
-42.201483 
-181.582941 
-37.189894 
117.788029 
-9.448902 
-97.767199 
112.596596 
-125.268600 
35.514653 
123.070531 
548.031373 
-335.264400 
-88.182084 
-221.189970 
72.459885 
-222.496020 
196.351313 
-611.202389 
174.054242 
1.923688 
143.375504 
-172.034603 
313.014892 
-208.380432 
65.349942 
-52.145299 
212.018960 
14.359142 
212.017817 
142.837615 
241.350629 
-144.805264 
427.956667 
-101.928357 
307.340344 
-272.164808 
-176.616734 
19.443141 
324.244288 
-290.519672 
-22.544767 
15.577152 
-30.005928 
-248.197139 
24.783342 
-236.462383 
182.545061 
-170.172148 
60.500193 
172.482685 
97.755501 
-45.843849 
-168.550446 
212.013057 
-163.891528 
-292.749937 
24.240331 
204.472466 
-94.313236 
389.902678 
23.582470 
-114.520659 
-166.295002 
-300.039241 
-116.519398 
-0.802524 
-3.197415 
-236.264873 
285.299192 
-222.326652 
-57.265391 
107.611498 
174.553847 
-264.220002 
135.325013 
227.720703 
-70.061060 
112.804545 
165.982938 
54.034460 
130.624830 
-35.302553 
-184.609138 
-211.581526 
-2.757370 
32.657624 
-209.687771 
-156.973002 
-184.583032 
-224.408478 
278.141271 
-129.942367 
-42.513451 
50.979720 
-160.888702 
248.254303 
548.030723 
-572.239387 
186.710882 
107.443144 
31.926799 
-258.975586 
172.397392 
-232.734198 
-118.567838 
271.313489 
123.070280 
197.071385 
-113.002685 
161.256946 
-197.790354 
192.251844 
-251.170979 
-61.638144 
5.520887 
-363.809576 
-217.431744 
93.424368 
72.959519 
88.898712 
-35.585404 
-190.695363 
44.541010 
229.991784 
-64.790838 
-14.337336 
-4.853181 
-118.205177 
-35.055308 
-113.498866 
-150.559345 
-33.892787 
-211.345529 
-147.227222 
83.971632 
-173.680697 
253.470477 
-15.288238 
-9.791243 
-286.439479 
14.942798 
121.893895 
2.683069 
-515.390435 
-44.208342 
176.273589 
14.360393 
-87.841579 
-17.731533 
113.188657 
113.188457 
39.668011 
-48.405576 
-266.363168 
310.846226 
172.485472 
54.199421 
-81.831178 
-158.303913 
204.409825 
266.458298 
46.771597 
73.657997 
-331.537245 
4.476886 
48.550747 
88.472519 
178.662060 
198.128200 
-115.241141 
-8.550134 
253.334608 
53.891440 
211.513397 
-238.366725 
53.355257 
-300.043186 
10.274491 
-177.804933 
-8.831026 
-148.960374 
317.447555 
-69.172137 
137.236970 
132.953008 
-139.868523 
217.660516 
21.462709 
157.765813 
-279.650828 
-11.793032 
27.798688 
-140.125424 
26.193546 
-104.910056 
-15.140640 
-20.524591 
-25.171894 
-234.505079 
81.662790 
-175.524935 
-161.020867 
216.511131 
-206.972361 
-32.181356 
66.728066 
56.222031 
-74.480947 
-54.819918 
-195.772886 
-180.443116 
-54.821459 
-213.007468 
-309.921633 
-5.405688 
-25.172601 
-106.041746 
-189.753665 
-169.120330 
-77.072103 
93.427329 
-256.431841 
-35.054436 
-95.148368 
4.477915 
-106.679138 
-127.088744 
-71.915725 
75.346948 
-276.112398 
-7.855056 
-200.560291 
-46.624457 
31.738705 
-59.814944 
-127.198060 
-48.839084 
-205.179609 
-62.962610 
-5.404560 
-11.652597 
97.713659 
-270.861215 
-256.025514 
-14.867704 
178.819850 
-15.287271 
53.893473 
-118.289411 
-44.935289 
122.882857 
-76.850988 
-150.079601 
-140.825462 
-137.888278 
138.979993 
-25.169448 
62.174976 
-110.802893 
-102.180666 
-187.799182 
-127.705915 
-103.241508 
15.219381 
-87.695057 
-225.131980 
-161.286210 
-8.899405 
-100.739594 
-254.432604 
-29.264682 
-46.609197 
11.054051 
-25.172512 
-110.154650 
45.670636 
-124.000692 
-32.810178 
-124.000420 
-213.328158 
-49.960686 
330.610260 
28.522412 
-191.496841 
201.302114 
-92.742520 
-185.134133 
65.751313 
-9.491482 
221.899739 
-79.328232 
98.305411 
-54.190647 
174.068134 
55.754138 
188.425152 
56.555936 
-122.614479 
13.804988 
113.189096 
143.155828 
166.127376 
162.602614 
155.263385 
251.857663 
-204.724938 
-1.380844 
-182.260897 
185.939789 
164.983181 
28.210260 
86.060594 
-16.175116 
23.451939 
42.220843 
136.644438 
29.281009 
-13.386469 
-201.775799 
182.369402 
190.145599 
5.225920 
48.317896 
115.644903 
-52.099663 
245.319517 
345.437752 
134.929068 
-165.699662 
271.314597 
-10.543037 
297.712356 
-138.273115 
204.560725 
-145.000748 
133.858708 
-74.028656 
310.844930 
27.081539 
-78.767625 
-0.224662 
137.679206 
86.975752 
-87.864018 
-55.568590 
160.954131 
-117.168172 
164.538372 
-14.016640 
-223.962246 
272.041240 
-61.797030 
58.107746 
169.572415 
-89.120492 
-18.273612 
153.753181 
842.207439 
143.295865 
-57.078717 
-128.692799 
141.261029 
203.316291 
-160.322145 
-135.371622 
-98.545873 
-0.185202 
-74.444924 
152.717259 
-13.461968 
305.739137 
163.275753 
76.288899 
80.775018 
-113.416895 
-223.939120 
241.663214 
-124.716089 
34.083434 
188.994198 
-42.914673 
77.913632 
-123.024394 
0.390062 
-195.248355 
320.724547 
214.187547 
-302.187469 
-111.466867 
206.739382 
-193.913678 
152.718554 
267.395354 
-81.157598 
164.915141 
-201.363340 
-88.140943 
241.662734 
179.557723 
-131.105128 
46.316803 
264.144269 
-46.455864 
24.239945 
-1.564671 
468.966805 
62.899606 
31.404598 
-122.638119 
311.755920 
-208.613197 
89.045011 
-1.038691 
69.372618 
115.678626 
-33.278688 
-109.137311 
-25.095617 
-454.213218 
-134.323311 
49.786474 
-48.702625 
45.858503 
44.399488 
-186.047816 
218.886791 
14.858372 
-29.753407 
-52.498947 
-51.098337 
213.600632 
156.304058 
211.150405 
-23.580539 
-137.271429 
17.088799 
71.804791 
330.609439 
119.627060 
-157.095914 
-123.404449 
350.373961 
17.675351 
-100.174601 
139.524455 
-43.539901 
70.018805 
94.939525 
-167.654612 
27.638628 
-147.623799 
-221.045829 
162.561111 
-43.067055 
-370.313629 
4.478656 
182.366825 
65.583885 
251.232862 
-124.804155 
-154.546216 
48.583948 
1.485770 
-318.674425 
33.349039 
-157.969581 
-169.219769 
-64.974722 
12.957885 
-58.825877 
13.577056 
242.830170 
-45.447940 
-79.720544 
-89.022176 
360.260117 
15.738780 
370.142839 
-184.737126 
-38.431859 
-198.778989 
-26.041417 
-77.614395 
221.899688 
28.316481 
-728.793781 
-375.634307 
323.148299 
0.903315 
297.274877 
-147.699424 
36.701027 
89.452581 
-55.869304 
-158.358424 
310.844423 
-8.118289 
-133.223269 
-135.967192 
83.611813 
-267.517127 
-113.838851 
-62.222546 
236.489920 
-10.491601 
-92.248850 
36.573680 
-3.498142 
-19.745191 
-137.864225 
82.844496 
98.868798 
59.539717 
-8.125422 
-5.245600 
-90.372984 
116.603671 
-157.374204 
64.752369 
-179.066357 
-119.740593 
103.304255 
409.670922 
-278.005543 
-192.925120 
-41.583938 
84.563080 
-26.730733 
172.792229 
-410.545055 
56.444932 
-144.584899 
22.725523 
-266.449232 
213.812549 
-20.383604 
41.259135 
-22.197116 
152.718724 
-44.937296 
192.250551 
123.069791 
-280.768436 
-152.006249 
174.535844 
-100.968273 
127.736638 
-48.346936 
-186.837933 
66.730896 
316.145734 
-103.058903 
-65.132750 
-70.591639 
80.745747 
-116.856209 
61.674121 
-144.639296 
-2.530305 
-89.580722 
-36.058681 
132.953928 
-150.429750 
-154.775193 
-17.256724 
251.547612 
9.490953 
-107.707798 
-15.288424 
29.269468 
34.529295 
389.906223 
76.292156 
-141.132135 
-55.726878 
-155.500044 
37.702812 
-16.161896 
40.054503 
-57.978812 
75.691700 
-118.618698 
-70.539892 
-176.620231 
-58.836595 
-237.536830 
0.415047 
94.039772 
-199.092812 
-196.510620 
-243.864438 
15.327469 
-55.814281 
-74.415583 
-93.823061 
-76.110673 
43.169461 
-141.126652 
-52.461282 
-100.691295 
-287.750544 
-339.791490 
69.518890 
-131.218224 
-118.643084 
52.759016 
-36.011331 
63.329799 
409.670803 
-16.168786 
44.986107 
9.504141 
18.444026 
220.627442 
67.581950 
-154.146110 
-129.796119 
212.014434 
113.186762 
53.255397 
-119.914636 
-277.941025 
-239.961410 
172.483957 
-219.076209 
-83.974857 
46.899718 
-5.744162 
-120.743573 
93.420236 
-61.673582 
-41.232339 
-15.608534 
-175.694892 
28.406820 
-9.306734 
37.461257 
46.290173 
180.953788 
44.164653 
4.475807 
-136.355568 
-243.211145 
42.501935 
-69.252250 
-112.078018 
128.834492 
-41.708161 
89.162085 
24.242156 
-34.834327 
-266.312400 
15.718792 
8.608641 
-116.173407 
-240.655312 
-82.732066 
139.706534 
-25.172404 
6.309435 
-30.297861 
24.240578 
113.186566 
-1.192909 
-7.267039 
-194.803439 
231.780984 
93.421777 
50.226016 
-208.330975 
-172.845395 
60.567539 
69.746535 
-56.487476 
93.422724 
-69.646131 
14.360389 
25.413833 
83.922782 
20.594486 
154.763560 
-143.809385 
-255.143482 
71.709378 
123.072810 
-95.830650 
121.644053 
-120.052638 
-307.154301 
-252.511177 
70.557683 
-215.614987 
-81.007801 
62.652951 
1.471973 
133.730224 
14.358829 
-246.745259 
-148.662143 
-85.686268 
34.772649 
-185.118494 
41.430820 
-289.083502 
-316.969910 
-88.945540 
62.437787 
24.731653 
59.517005 
-54.821071 
-155.868095 
81.880822 
-20.978861 
-486.266495 
199.047459 
-189.671038 
-118.987837 
3.226614 
-8.155416 
-264.320957 
-35.055535 
-216.908009 
-158.344421 
-35.054409 
-395.202966 
-212.757621 
-5.405560 
-35.053838 
-141.302127 
-145.309686 
-88.929206 
-20.264153 
-53.590740 
-205.589949 
14.360628 
-103.135032 
-15.288379 
-58.034603 
46.276426 
-117.231032 
-144.741833 
-84.273516 
-59.023511 
-68.844479 
-85.193455 
65.790605 
-130.832429 
-35.649030 
-162.730172 
-38.147678 
0.774777 
24.243339 
-94.658808 
54.041323 
-226.267403 
-137.040364 
99.341076 
-10.354796 
44.008195 
73.657176 
-102.002219 
-5.406177 
-7.572968 
-158.926628 
-82.610106 
-73.118530 
-184.627603 
81.927235 
-5.405290 
-12.392928 
32.816037 
-103.701178 
-220.122269 
-116.587463 
-113.182280 
9.667892 
-184.373115 
-34.489573 
5.895645 
93.958047 
-90.579769 
-217.461879 
72.859016 
-47.782065 
23.022521 
-25.172053 
-111.822288 
-149.674758 
-123.999660 
-34.839376 
-124.000409 
-155.270168 
-243.161197 
340.491181 
-90.925516 
-7.034878 
168.698869 
-102.339929 
-259.577172 
-134.542790 
31.428615 
291.077209 
-159.701289 
2.741921 
-270.758966 
84.879866 
42.936682 
254.873167 
-37.019985 
-171.950829 
150.324359 
172.483299 
90.055372 
232.610463 
182.366650 
20.287739 
148.313189 
-255.399653 
-4.510915 
35.456429 
223.279474 
76.909535 
-161.163552 
32.714006 
-6.140549 
82.839312 
299.282356 
-295.815388 
121.087379 
-34.351818 
-82.897612 
429.438308 
351.194284 
-156.258986 
-96.250971 
-7.298946 
244.614792 
540.816308 
62.141754 
-223.598188 
-99.331609 
83.537021 
250.023935 
37.500117 
-66.230099 
-17.075933 
-45.554636 
-112.490954 
126.599906 
162.601682 
180.509735 
-155.192796 
140.518652 
-151.955149 
117.149708 
-53.162883 
160.729437 
136.835063 
36.797276 
57.875002 
-26.277630 
186.894368 
330.459044 
68.460144 
155.977460 
105.140673 
-25.564552 
-121.407697 
313.358489 
201.680672 
-68.272969 
-26.953506 
145.645774 
269.914179 
66.783415 
-217.925112 
-80.704596 
32.821582 
246.863330 
82.838300 
142.836962 
158.000460 
67.102881 
-140.382666 
276.584245 
91.390163 
-23.893393 
0.891674 
212.017972 
-45.164419 
114.687298 
0.392936 
135.437687 
-302.982447 
-131.405292 
82.961364 
87.909116 
627.095672 
140.859587 
-341.149313 
126.976813 
-12.868880 
-5.507182 
103.300909 
51.515811 
-173.563224 
-56.083216 
-230.906254 
-17.788113 
409.672522 
-38.368967 
-376.038170 
-258.991276 
-24.491109 
33.375091 
182.365495 
104.245954 
-15.282338 
-35.276211 
-20.811136 
-81.938610 
249.329231 
-312.950478 
-25.838116 
-62.877806 
-37.527368 
26.414959 
-108.578110 
-45.139934 
-166.591505 
-202.724821 
-5.739956 
-148.649713 
-17.753160 
-384.658042 
16.898849 
-89.249650 
140.541434 
-280.181587 
-390.440393 
-45.819701 
-250.916047 
202.548370 
133.538969 
-95.188142 
70.448080 
-156.670861 
65.286593 
66.423184 
-35.057571 
49.063313 
-91.763871 
7.876236 
251.546120 
-232.935627 
-340.377966 
32.422312 
135.267472 
100.924612 
240.076704 
-422.094373 
-110.676875 
111.085528 
-109.274864 
102.210983 
-108.994290 
-293.650379 
142.833860 
182.364948 
260.515856 
-278.789980 
-57.791603 
-75.928642 
-79.060317 
-52.060884 
64.286385 
-41.867069 
116.601151 
111.695090 
-49.125267 
205.989570 
-40.396645 
-52.296051 
90.067527 
45.627879 
142.687393 
-45.844401 
389.905906 
152.147893 
192.249026 
-286.225428 
-105.691605 
-159.382825 
-139.503698 
-72.018546 
241.664949 
0.364998 
-43.307327 
-140.253586 
73.873296 
-96.832723 
118.778308 
-156.836472 
51.703500 
43.266568 
-307.034591 
177.407374 
192.252681 
6.631127 
149.431409 
-231.252217 
-78.451956 
35.819443 
-73.416254 
194.225542 
-67.072136 
-68.578523 
-142.435286 
-99.076685 
25.552125 
-0.445498 
20.099213 
-24.479491 
194.255498 
62.926363 
-112.284046 
-95.742948 
-59.634052 
-143.970434 
9.744284 
-17.826288 
-181.402253 
-30.759488 
488.734895 
310.844182 
-145.460820 
-234.230025 
-68.233501 
86.075114 
266.159253 
69.991382 
-455.662375 
-6.320715 
139.532785 
-30.104564 
-71.662311 
130.087567 
-137.759897 
-39.073484 
-117.567663 
-25.173000 
-35.056389 
162.600644 
310.843452 
72.601040 
-147.131263 
142.262704 
-30.892419 
193.484906 
5.345661 
-170.969616 
4.732259 
254.637689 
-205.594417 
-51.005353 
83.617363 
-11.243174 
-190.501167 
-50.773607 
-144.409895 
-53.677066 
-17.659264 
-5.065346 
-74.585709 
-213.559098 
-123.165122 
20.077754 
4.478158 
68.673756 
-570.203904 
103.306496 
353.034660 
98.561859 
241.665185 
181.712203 
-211.192245 
-26.866895 
-502.014432 
-82.064884 
-25.396457 
133.638121 
21.692734 
-58.741152 
-181.538799 
130.013623 
-139.335985 
158.721604 
-35.664718 
-230.059126 
118.511190 
-90.442515 
-49.974400 
126.532797 
143.805217 
-25.923386 
-63.885120 
-100.000385 
29.433926 
14.783612 
240.965942 
-127.160274 
-114.477608 
23.149055 
-250.816767 
169.052898 
11.679834 
-72.084728 
25.197716 
98.747314 
364.260693 
370.139910 
-47.496314 
-114.634124 
-31.969283 
-9.361295 
-21.713540 
235.220815 
-215.247621 
15.558000 
63.771009 
132.951148 
11.410973 
-78.962198 
-26.835904 
160.622468 
172.481512 
59.069981 
-208.865216 
27.405485 
-114.769781 
-74.943209 
63.771912 
35.970525 
-217.173157 
77.701354 
102.632260 
58.125953 
7.844165 
-65.217734 
-238.021132 
211.238578 
-89.172008 
231.781764 
275.641754 
-296.949939 
110.899973 
48.984134 
-80.853859 
98.598999 
-306.803854 
150.874788 
192.250467 
-151.665662 
-221.514181 
-179.883400 
21.084422 
-5.276326 
-255.207931 
-171.766090 
-50.633867 
44.009258 
-36.437192 
140.776772 
93.423538 
-35.052275 
-76.259980 
11.054463 
-169.329424 
93.422044 
44.010860 
-50.031293 
-155.626873 
-61.623987 
14.369741 
-35.011726 
56.787573 
4.478664 
-135.119132 
192.248855 
193.828761 
-80.982250 
107.342662 
-81.826796 
-87.632990 
-197.859634 
69.701485 
-242.594122 
127.943655 
-96.678322 
145.256076 
-36.155630 
-26.091173 
13.553586 
67.830022 
-60.045791 
604.624435 
-137.640007 
230.720207 
4.473186 
-113.996810 
62.069683 
174.581544 
15.201158 
-61.551823 
-141.411159 
-26.754837 
-102.518714 
55.100015 
-244.428740 
47.684980 
56.245447 
4.473865 
-126.223403 
-16.704503 
-13.282417 
242.703115 
24.063836 
-42.328308 
-203.817523 
-40.696146 
53.924030 
46.943072 
24.238503 
-6.092689 
-353.462036 
53.890334 
-174.126488 
45.089332 
34.125064 
-5.405529 
-122.237115 
-264.284929 
-154.551092 
-21.234993 
-88.401876 
-116.395492 
-35.054893 
-75.741342 
-15.287454 
-133.781750 
228.647516 
4.287486 
-107.602455 
-316.902769 
-197.448561 
-116.379741 
85.408208 
3.266192 
-100.745172 
27.502559 
-199.325534 
-156.670091 
-60.172085 
24.245711 
-91.809193 
216.356868 
-200.511310 
-87.016524 
-123.436880 
-59.693241 
93.424989 
-25.168746 
-378.223227 
-44.934301 
-284.939369 
1.607962 
-220.390864 
-105.219560 
-83.013887 
-88.093088 
-5.404008 
18.658791 
-199.953309 
-151.725469 
-73.100060 
-146.233964 
-10.588856 
-175.109403 
-156.481860 
-46.361902 
-71.054140 
-195.887820 
-40.144374 
-137.750236 
250.764780 
-282.012030 
62.298146 
-124.000052 
-135.397762 
-57.911537 
-124.000900 
-83.071069 
-123.998346 
-279.953299 
-88.637667 
281.196047 
-106.905169 
-189.916331 
219.738923 
-147.090079 
-292.478138 
-155.625275 
-40.599861 
370.140497 
-308.666101 
152.883720 
-62.666535 
-113.302286 
-108.780787 
450.020385 
214.747971 
-312.112114 
31.135197 
113.188826 
28.914653 
192.373755 
162.601746 
99.518529 
190.213350 
-201.077730 
-114.682622 
358.702292 
272.234730 
47.886609 
-178.050337 
-50.621296 
24.195024 
35.982609 
58.388774 
-201.421651 
165.090550 
-14.156546 
-85.735875 
528.265820 
305.473472 
-95.891827 
-44.648203 
55.272098 
195.650825 
514.255770 
85.474856 
-220.263695 
-174.745928 
83.540070 
-13.545725 
104.354216 
70.640312 
-7.279334 
-98.673966 
-123.548326 
92.971797 
182.367016 
92.152564 
-150.820589 
-14.664294 
-193.294641 
-133.123129 
-87.426145 
29.381541 
53.661454 
-166.667537 
-118.522602 
-207.032185 
311.697452 
166.336700 
11.618422 
-35.473169 
-110.754514 
-66.567806 
54.731508 
307.204169 
84.402999 
22.293758 
-55.392993 
-82.673750 
87.812354 
47.478173 
-39.677499 
-307.510874 
-73.749704 
-94.731942 
-50.105263 
123.071011 
-65.194000 
-45.159479 
-204.425183 
171.167512 
124.566063 
-108.490263 
174.964003 
142.836997 
-12.484531 
21.865734 
67.804901 
-171.139979 
-109.588930 
-90.336674 
40.988702 
69.080901 
330.609703 
49.211722 
-300.209436 
112.922456 
45.939007 
-42.726559 
508.500344 
47.771339 
56.321693 
118.336958 
-113.926841 
98.169267 
83.539316 
199.413186 
-139.838521 
-25.731230 
53.509191 
56.746789 
449.204638 
-127.024142 
103.304011 
-96.977155 
129.021382 
64.648212 
173.797794 
23.264200 
88.135852 
67.920190 
60.932932 
229.884063 
-13.693430 
-164.898265 
46.709229 
-103.519025 
-106.482383 
-38.667726 
137.387891 
-280.889793 
14.297769 
-128.951570 
48.219504 
-223.911479 
-173.632793 
127.163909 
-133.652077 
318.392043 
-69.175355 
-1.145447 
-14.208628 
-138.880378 
107.017227 
31.982777 
261.428626 
104.247721 
9.548772 
-125.956535 
103.304260 
-75.543372 
-153.130895 
-27.448067 
146.713340 
106.172920 
108.540794 
202.836558 
-198.317820 
-36.883133 
-36.108441 
-90.264011 
74.704542 
-463.569984 
221.898259 
256.487835 
-49.289009 
-216.473834 
-206.930400 
-126.059573 
-91.892136 
70.836509 
-131.889025 
-91.428652 
-26.036314 
86.002193 
60.694362 
-92.935141 
-53.288495 
7.598821 
-57.083326 
89.036789 
258.173689 
4.053770 
221.898333 
225.171856 
231.781824 
-302.431686 
-281.909983 
-178.474710 
-54.081426 
83.728904 
310.844177 
123.475267 
-384.176681 
-314.574822 
-28.477557 
-30.583938 
-27.264336 
-129.056138 
-143.915568 
122.323036 
33.909524 
-57.928582 
162.602026 
295.543948 
274.605660 
-180.972441 
-131.891456 
132.837836 
106.102229 
184.061050 
20.790988 
-169.699294 
-222.031491 
-45.008314 
32.039931 
59.033721 
58.693891 
58.178994 
-39.758348 
-109.826852 
53.744345 
-65.195687 
-7.536892 
-220.271447 
-65.811021 
45.342756 
-167.892091 
-23.064465 
231.781234 
162.600921 
-183.334498 
-210.811303 
22.707611 
-216.257312 
-30.132569 
-180.846035 
-203.101041 
109.513216 
120.429277 
100.685453 
-75.593880 
153.539678 
361.844032 
106.779946 
-133.108588 
-15.289102 
212.015503 
231.781173 
162.601361 
-26.020486 
-47.813359 
230.172012 
73.051810 
-37.446800 
-199.521893 
-30.017658 
17.893734 
192.319140 
-97.960411 
-202.557174 
26.886602 
-179.655755 
-214.390309 
-176.753015 
-11.979478 
155.437113 
-102.282891 
-342.939482 
24.242598 
91.260724 
-43.174058 
-147.417492 
44.007814 
49.739936 
-284.325421 
449.202580 
60.871326 
-35.340742 
291.077875 
-8.041167 
-100.180955 
-288.504015 
102.070253 
-169.834593 
-87.094713 
27.152483 
-208.966629 
-77.921647 
-254.615755 
-164.857600 
-117.608160 
-197.034535 
-41.597922 
-28.577505 
172.696719 
158.182160 
152.860476 
-47.849186 
-107.883265 
46.861040 
130.124398 
-18.258522 
-187.059757 
80.944933 
123.008647 
157.962006 
15.288299 
-129.355302 
-114.418232 
96.125413 
-135.674292 
-20.308854 
58.388826 
129.425025 
173.157348 
34.123782 
-107.273418 
-89.633321 
12.350114 
154.677919 
70.745502 
7.310916 
-96.274055 
-109.931756 
34.124880 
-35.054446 
-125.044358 
77.187604 
-29.014275 
-18.581595 
24.242636 
201.965168 
49.985294 
101.681190 
-30.567458 
-39.152658 
231.782039 
-79.536243 
-60.531693 
-58.518277 
191.482307 
3.930159 
3.600298 
32.049542 
-65.287143 
223.918488 
112.326704 
24.243121 
-430.364403 
-310.539510 
119.036681 
-17.867458 
-202.195213 
84.969616 
-254.484790 
-102.278631 
-5.404852 
-234.627674 
-44.180423 
39.632456 
-71.077105 
-55.457016 
-419.136820 
-79.615483 
-33.110146 
44.007656 
46.739281 
-90.299107 
-35.055421 
-15.288787 
75.234824 
14.436404 
-38.368421 
-25.172645 
-44.937566 
-146.900945 
-208.333575 
-58.644113 
-44.596920 
-5.825467 
-56.051567 
53.888640 
-158.593075 
34.124987 
63.838691 
-125.205364 
-66.178814 
7.893328 
-110.777039 
-119.655398 
36.740863 
63.770563 
71.029319 
23.890420 
-154.351338 
-38.946935 
-19.874621 
4.979775 
-188.729200 
44.996488 
576.517806 
-233.940160 
136.987246 
-5.406964 
-217.446776 
28.309621 
-139.050954 
138.871850 
-182.667374 
27.573987 
-183.235157 
-171.171035 
-28.359877 
-87.791618 
-60.513899 
-45.279155 
-25.171201 
-66.566035 
33.410661 
11.125391 
-13.011001 
-59.309065 
-127.494653 
-54.848963 
-116.975330 
81.598910 
-125.934602 
-35.054505 
-5.939526 
-120.435680 
-25.172037 
-116.700558 
-145.344918 
-35.054226 
34.125480 
-269.366656 
-190.284810 
81.473508 
89.072058 
15.201133 
-189.474011 
24.241814 
42.061593 
24.241315 
-114.835780 
32.257303 
-24.146725 
-184.983450 
-86.861236 
38.281561 
-196.208743 
42.701287 
47.175552 
-40.120942 
-96.599284 
-78.271244 
-91.915460 
23.047642 
192.249219 
-102.784828 
-192.648130 
-125.927115 
-21.192852 
-80.392597 
-57.708643 
73.655389 
34.124017 
-250.320393 
-44.938516 
180.058184 
-185.403997 
-157.411622 
-225.579744 
-102.136834 
72.737841 
-124.000735 
74.836874 
-79.851442 
-92.380962 
-82.705753 
-64.702644 
-94.197457 
49.395131 
-84.689541 
-238.578112 
-81.196030 
97.398456 
65.787336 
-136.705570 
-130.593498 
-209.547591 
-18.236589 
-123.999427 
31.143407 
139.318314 
-123.999293 
-45.223197 
-123.999374 
-191.538602 
-99.554709 
409.668664 
-197.886001 
-269.118186 
246.185257 
6.838843 
-227.304062 
-134.542545 
0.948062 
4.471585 
-187.741381 
-49.654837 
9.266491 
-74.353752 
174.432984 
243.333016 
201.084841 
4.600197 
88.824363 
73.654173 
205.573683 
88.060987 
251.545595 
359.194896 
-22.313582 
-507.582252 
-231.847571 
259.573795 
298.643539 
97.502023 
-12.072418 
-30.241238 
-52.707705 
203.344399 
115.483479 
30.830508 
31.355905 
72.780385 
26.412667 
300.957898 
209.466742 
83.184659 
0.560305 
-31.312156 
66.858661 
277.341611 
4.868979 
37.748947 
-175.296481 
330.609731 
-108.652190 
324.246834 
-209.457854 
175.748560 
-130.176228 
423.147511 
-66.866200 
310.845580 
81.630564 
-61.374672 
53.079212 
23.089670 
36.291516 
124.021437 
-118.978611 
128.848760 
-119.062903 
-220.993837 
-71.964520 
178.504500 
154.778747 
9.377249 
-106.899110 
-193.564771 
39.019320 
117.040152 
361.630522 
466.255438 
-245.941628 
85.881355 
24.942216 
58.300771 
53.466561 
111.285579 
-103.040532 
-67.321513 
-67.136416 
-13.226356 
380.023374 
34.630469 
113.899794 
-76.146429 
255.499398 
235.394557 
0.989724 
-52.473309 
261.427577 
-125.872358 
-313.819876 
337.247731 
-90.539532 
-78.986955 
158.592695 
-5.532955 
-97.916166 
389.907596 
99.879332 
-78.198206 
-13.289546 
-34.154455 
-149.036248 
587.556813 
115.491959 
-114.309274 
8.747193 
33.175576 
194.234673 
63.772122 
266.356298 
-176.913735 
-175.349317 
-64.580758 
30.965406 
409.668764 
-243.527242 
63.773708 
162.079956 
275.044964 
25.685810 
273.136702 
61.395416 
103.831656 
-22.422844 
15.266324 
-29.783491 
-80.880437 
-180.476028 
-24.021723 
-61.567203 
-273.903077 
118.752664 
140.729314 
-36.905661 
-34.337769 
-165.293509 
109.912557 
-73.316481 
-159.382134 
-36.110387 
102.155256 
232.723228 
-92.830799 
231.428068 
137.124446 
179.757607 
43.247814 
282.824721 
251.547499 
-6.072193 
48.737414 
-97.731990 
142.836980 
-221.307359 
-235.797855 
314.646798 
-194.331749 
27.947061 
183.879417 
62.861717 
-219.961132 
-176.919100 
-68.240827 
-9.124258 
390.495815 
-390.078022 
231.781275 
236.725765 
58.055853 
288.382820 
-33.415691 
329.953454 
-80.892475 
113.706414 
-265.135253 
-21.844655 
-229.351176 
-1.876184 
51.908596 
-145.284888 
27.388519 
27.940833 
322.337349 
208.951183 
24.502458 
272.268004 
251.545256 
40.193313 
132.953069 
-357.836871 
-198.390461 
-33.522298 
-197.817117 
173.899345 
291.077211 
33.490268 
-380.471386 
140.535064 
-64.644547 
155.923112 
78.629629 
-178.949316 
-202.291710 
111.321064 
-127.537033 
-43.401500 
202.132993 
163.448456 
-135.203325 
40.291521 
120.424417 
-154.802205 
236.438983 
-97.062560 
3.804552 
-266.116330 
-158.751501 
54.782398 
57.670760 
59.790598 
-4.245435 
-5.913710 
-143.171940 
74.670606 
135.822857 
-43.967792 
120.606051 
-189.957375 
-237.135309 
146.273884 
182.457287 
-149.795179 
320.726390 
508.497574 
-210.634393 
-86.539285 
-14.493601 
-76.892309 
34.961483 
166.270886 
-518.906895 
-3.412633 
-55.180971 
-53.031014 
-162.137729 
109.348006 
354.523477 
176.423372 
-52.937666 
251.543208 
83.535239 
162.598350 
182.364319 
189.282953 
-46.518004 
367.819096 
197.684233 
-20.478748 
-253.440076 
-167.864456 
129.678538 
292.373845 
-177.740502 
-77.002804 
-221.951894 
-88.935884 
-227.127301 
135.905359 
17.592286 
78.275421 
-199.756600 
-330.436910 
192.248771 
93.863954 
140.671114 
-236.203695 
370.139626 
-160.243245 
-17.928681 
251.545459 
33.433780 
-108.695883 
162.600262 
213.333487 
-271.913137 
-106.464671 
46.477538 
-408.817662 
13.837726 
-77.148047 
-229.300286 
-28.031083 
-237.997824 
-121.594815 
-64.553952 
-104.101901 
-337.137445 
15.877619 
6.849738 
28.654639 
25.754996 
-131.109143 
-39.937095 
81.861806 
-1.645597 
-127.538535 
-150.050401 
23.320503 
-82.417889 
107.315598 
-170.193250 
-158.047709 
-198.389089 
15.585249 
-169.583791 
-164.784222 
52.236401 
-152.871081 
-46.859672 
-54.818266 
-176.402331 
52.752097 
-23.559932 
110.227560 
-52.041175 
77.000228 
-90.533800 
-75.702998 
-25.170746 
-15.287650 
113.983813 
46.965956 
-82.199412 
-261.037537 
73.657092 
-39.456062 
24.847016 
9.134340 
-233.421139 
-248.075890 
-15.287358 
-31.543587 
-76.969241 
-222.677203 
185.580941 
-143.336543 
44.897114 
-62.503064 
22.209613 
72.542218 
90.755625 
34.126073 
-563.784956 
189.163414 
9.469462 
-21.677338 
-222.424405 
49.898424 
-234.843234 
61.466690 
-15.290067 
-128.248639 
-390.704711 
-62.939712 
-179.133851 
-164.518574 
-382.354346 
-42.046944 
-112.468964 
53.892216 
-57.606033 
-133.065439 
-35.054372 
103.304873 
123.093963 
-38.393476 
-136.186548 
-44.936933 
-54.813127 
120.480191 
-166.172848 
29.579035 
-294.964156 
109.609551 
-8.742268 
73.657123 
-101.763356 
-35.054758 
-170.001773 
9.717986 
17.207319 
-190.380274 
9.204179 
-271.092032 
-16.510190 
182.365772 
30.690326 
-113.497942 
-97.400350 
-30.964238 
-140.840920 
21.197284 
-57.199712 
-78.933218 
268.721495 
-147.810004 
4.594399 
-44.938104 
-132.042856 
37.963122 
-98.241648 
31.915882 
-251.610783 
-1.467490 
-80.628501 
-264.797749 
-87.896513 
-124.909662 
42.688112 
24.724826 
-44.935829 
-339.494212 
69.361771 
118.413961 
-321.577629 
-158.068950 
-149.006073 
-175.015645 
-68.926099 
75.895429 
-213.727965 
-54.818616 
-134.346496 
-57.671027 
-15.285125 
-52.622588 
-89.620319 
34.125621 
34.125893 
31.025995 
-241.367509 
117.296294 
93.683810 
150.248132 
-120.010421 
4.477897 
-46.319545 
93.421884 
-68.901751 
-146.905115 
-38.378704 
-216.871811 
-275.742028 
23.323931 
-51.906480 
-125.191785 
-124.303334 
-40.605593 
-88.486677 
-47.290111 
-130.400653 
-50.109034 
-35.055826 
-94.208916 
50.979662 
-96.448268 
-170.007336 
-45.856747 
-0.574057 
24.241282 
34.122518 
-180.611916 
34.123921 
191.861125 
7.862190 
-80.078459 
-41.349785 
-157.880943 
100.405530 
-124.001421 
-12.109529 
9.320621 
-117.038935 
-389.028014 
-124.001712 
-88.104189 
144.130606 
-181.440764 
-236.774243 
-197.324027 
65.235664 
18.620873 
-92.260139 
-144.827353 
30.836971 
6.388996 
-124.002215 
125.854930 
-88.699622 
-124.000689 
80.650603 
-124.002289 
-298.080936 
16.803207 
370.139315 
-62.793537 
12.678004 
-53.054055 
-135.213584 
-316.399108 
128.999002 
241.838877 
83.538243 
-134.929380 
-245.893038 
-184.845840 
286.616104 
28.324724 
171.550727 
48.586793 
-230.487749 
60.864115 
24.241689 
121.213295 
186.013967 
44.007561 
383.771452 
108.426540 
-572.568810 
189.997561 
193.817696 
179.678072 
81.667125 
-21.307677 
-129.139217 
22.185481 
184.033459 
-114.943850 
41.621939 
138.560759 
14.081520 
183.339945 
231.781464 
60.850919 
-86.111457 
-38.559500 
167.786829 
116.042645 
244.261761 
-159.453220 
-60.109017 
-9.810929 
271.313009 
-188.203709 
113.706307 
160.694555 
29.765878 
-290.772236 
94.253452 
-78.945375 
142.836276 
172.390509 
105.037607 
97.878470 
59.737126 
55.227015 
-2.912753 
-84.511789 
218.349460 
-222.150808 
-171.817046 
31.906016 
-110.012092 
-32.912452 
74.005656 
-9.379338 
-51.191318 
72.813771 
-88.967550 
357.482770 
543.089424 
-53.244572 
-73.275039 
209.436659 
169.476155 
91.364496 
-80.740252 
138.121497 
36.041897 
-61.235864 
-98.776528 
666.625088 
-14.621975 
46.290998 
-80.220559 
13.041426 
265.397934 
6.358956 
-12.295710 
310.844044 
-20.591511 
78.908488 
186.854278 
-18.840583 
96.973168 
6.539125 
137.796877 
287.580843 
192.250537 
5.169475 
-123.818241 
-29.291272 
26.131336 
45.175242 
103.304826 
-27.537314 
170.833083 
42.484105 
215.251255 
39.422897 
429.438429 
191.443671 
4.227872 
-87.003835 
98.830406 
77.144215 
-35.054713 
-17.594701 
271.313111 
247.227333 
15.614810 
7.400769 
195.040027 
-114.706433 
124.728513 
-49.551032 
-265.242043 
-193.943328 
-224.192203 
43.953275 
65.634238 
-393.850164 
236.511406 
107.196038 
245.573123 
155.807198 
-124.787090 
-160.477589 
78.735407 
-370.014678 
-333.231252 
-147.002162 
-0.739297 
-228.891113 
-134.243820 
170.197878 
51.602592 
-126.583312 
-12.933676 
136.738973 
449.203367 
-219.609180 
171.765261 
-313.645010 
152.718599 
46.775679 
-311.543884 
164.363985 
26.909479 
-15.765955 
-77.562448 
-147.577408 
-267.270256 
39.212550 
-32.968583 
-181.492706 
82.753234 
-166.379094 
202.133058 
261.429557 
88.498533 
96.855535 
41.022992 
53.512240 
222.784456 
-83.621422 
-416.848734 
-143.336217 
-356.584373 
54.154998 
-223.952456 
-45.722091 
-309.659510 
-149.803281 
7.790960 
326.163788 
140.668862 
-32.127195 
152.718935 
33.563651 
-5.406017 
83.373152 
-78.062682 
-23.900559 
-232.180385 
31.768412 
113.187620 
3.886810 
-338.558931 
102.409729 
51.215400 
86.954042 
-100.537694 
-336.094023 
-67.607499 
48.925032 
-200.844739 
-24.036605 
221.898438 
93.102330 
-234.687794 
-116.911726 
265.434884 
-29.208655 
1.405891 
15.003672 
25.969877 
-240.135922 
-305.811055 
3.104422 
-14.067997 
46.302196 
-191.118586 
-404.222798 
-135.182980 
-69.739249 
74.132225 
112.047120 
14.048168 
-58.681823 
-282.337051 
16.502061 
127.365948 
-66.513272 
123.070178 
370.140460 
-318.639011 
-62.134812 
-64.077882 
-157.647021 
19.886527 
-5.479424 
-380.663490 
-25.643852 
-267.748530 
-115.593562 
-289.338674 
155.838263 
-9.220738 
152.665029 
-227.070896 
231.781160 
63.773238 
113.187305 
63.773542 
214.920868 
-31.046698 
124.343917 
-39.976189 
-50.454664 
-306.500431 
-27.395856 
-0.844297 
325.559766 
-294.033381 
-118.239365 
-151.442609 
-100.784660 
-197.764485 
-57.961623 
147.130474 
115.076630 
-43.430295 
-223.432021 
192.250105 
-28.085214 
76.052217 
67.392320 
350.375369 
-85.443391 
-291.929523 
103.304830 
2.798182 
86.281998 
123.070565 
202.792276 
-78.041248 
-218.186327 
212.015816 
-135.631793 
257.110353 
85.748970 
18.724770 
-21.567915 
-133.682472 
1.562191 
-136.524325 
-147.870395 
115.542243 
91.966468 
68.468128 
2.549920 
-278.895923 
-46.426740 
32.800324 
59.820532 
-102.630033 
-146.189962 
-112.478916 
-164.074262 
-51.651038 
-142.643480 
-18.572172 
77.207120 
-365.407947 
0.006555 
-118.845084 
72.568854 
169.681148 
21.899961 
-35.154004 
-15.288962 
-68.178522 
20.791409 
111.526136 
92.627972 
-36.542734 
3.550407 
-120.526572 
-13.217543 
-5.406036 
-35.054793 
44.320480 
-125.091270 
-7.503040 
-218.875187 
93.421848 
-21.327866 
55.742153 
29.110303 
-34.401278 
-33.394372 
-15.289329 
19.916408 
-11.985389 
-36.523626 
109.452183 
-81.927496 
-125.797436 
54.639496 
-98.355476 
-15.865095 
-36.615777 
34.124842 
-40.613820 
-170.943244 
137.772230 
-49.694889 
-218.851723 
70.018642 
-214.883022 
128.720097 
-54.820460 
-39.673539 
-147.392203 
-30.588291 
-84.435406 
53.884665 
21.619499 
-48.150942 
-143.232493 
132.952974 
-59.350194 
-18.482239 
-15.288914 
172.484461 
-92.637725 
-33.228256 
-174.352286 
14.358913 
24.242650 
234.459314 
-123.999786 
15.909156 
-104.373883 
41.989136 
106.939608 
53.890850 
-25.789386 
-25.171365 
-60.205693 
11.048898 
-151.250225 
193.158910 
48.463476 
-121.626208 
-76.823197 
241.663846 
68.371427 
-48.972318 
-89.827397 
40.374595 
-98.076342 
-37.582770 
5.428035 
44.254022 
-10.772190 
-170.864511 
84.870435 
-54.820634 
-22.910632 
121.673974 
-148.721911 
88.295384 
-230.084633 
198.306961 
82.683268 
-100.936134 
-161.589834 
-102.177347 
121.950511 
11.314685 
-5.406756 
-237.135678 
28.329163 
140.508821 
-522.092283 
12.778157 
10.018864 
-81.157266 
-116.733474 
95.456853 
53.814939 
4.476351 
59.126171 
66.706047 
34.125016 
-182.457351 
-117.747769 
-5.406458 
-25.172102 
-111.019715 
-158.976189 
-111.184735 
33.236511 
0.063991 
-117.200090 
-15.289207 
-104.329572 
132.953152 
-19.580279 
-118.347489 
59.919846 
-273.192196 
-105.413998 
-73.981863 
-35.778743 
-60.856235 
34.881500 
-118.129759 
-103.169376 
-58.414829 
67.938374 
-57.208405 
14.359608 
49.188473 
-39.796485 
-151.327195 
-10.923893 
-43.034147 
38.392746 
-15.288907 
4.476682 
-215.136895 
14.359561 
-150.636598 
-47.692264 
40.184417 
-26.411509 
-136.707631 
-171.829242 
-124.000008 
-68.770964 
126.230512 
-166.013545 
-264.137636 
-123.999883 
-15.263398 
-300.393692 
-265.633581 
-81.892165 
37.048947 
-122.902678 
-194.613040 
-159.023174 
-84.244371 
-132.584614 
-42.678502 
-124.000229 
94.814547 
-203.725561 
-124.000190 
-148.065652 
-124.000075 
-248.382968 
-186.323110 
-114.117187 
-120.990186 
-124.692498 
-129.077664 
-130.300396 
-129.115282 
-124.000000 
-121.417620 
-124.000000 
-125.856225 
-121.492518 
-124.393883 
-127.091888 
-119.682566 
-121.293926 
-117.531693 
-126.476714 
-125.640507 
-124.000000 
-125.292832 
-117.808468 
-124.000000 
-115.443300 
-123.358716 
-120.868966 
-127.961087 
-121.997077 
-121.820043 
-114.201333 
-120.915545 
-120.528860 
-116.932060 
-133.110956 
-123.698118 
-128.983208 
-120.533069 
-115.987196 
-121.194392 
-124.000000 
-126.659491 
-125.118920 
-133.504682 
-121.618707 
-119.328242 
-114.011259 
-122.358775 
-121.506728 
-127.289225 
-114.117188 
-116.060472 
-124.878718 
-126.110208 
-121.403778 
-133.265137 
-122.507008 
-126.526169 
-124.000000 
-117.729182 
-116.895273 
-108.163419 
-119.921749 
-121.992779 
-139.588289 
-123.734013 
-113.124335 
-126.636766 
-130.268638 
-121.834991 
-124.932440 
-124.831924 
-129.048248 
-123.242983 
-122.170990 
-115.818600 
-128.054020 
-118.246037 
-125.276530 
-127.950562 
-130.626194 
-118.259961 
-124.111494 
-129.645564 
-121.492518 
-130.867777 
-127.097388 
-115.966309 
-116.780425 
-124.000000 
-124.753354 
-121.655403 
-125.538648 
-124.000001 
-121.911906 
-124.710862 
-118.311945 
-124.000000 
-122.462025 
-123.488983 
-124.487073 
-131.358374 
-123.220071 
-125.825663 
-123.303438 
-123.147476 
-124.000000 
-125.569671 
-125.945321 
-118.251597 
-125.058459 
-125.831216 
-124.000000 
-128.462563 
-125.986429 
-116.315247 
-126.110904 
-118.123152 
-124.000000 
-123.317147 
-122.297592 
-113.382612 
-125.992809 
-126.031222 
-124.000000 
-124.108614 
-124.000000 
-126.350764 
-124.709703 
-126.420981 
-120.781715 
-120.104305 
-121.879632 
-121.643380 
-124.772045 
-120.049433 
-122.131742 
-112.327350 
-128.396424 
-125.631027 
-122.549746 
-126.085970 
-125.407385 
-124.000000 
-123.326743 
-122.016087 
-122.431574 
-127.391358 
-128.654912 
-126.396413 
-123.574830 
-123.183068 
-126.536944 
-128.690400 
-131.131672 
-122.787971 
-127.129928 
-125.543766 
-124.000000 
-119.511528 
-118.798079 
-124.889081 
-123.999999 
-121.453569 
-128.466327 
-116.714985 
-119.239691 
-122.283235 
-128.227276 
-125.404719 
-119.567313 
-123.909368 
-122.613819 
-117.840341 
-118.836460 
-122.158781 
-124.000000 
-124.000000 
-118.191847 
-117.218119 
-123.959782 
-118.771829 
-124.038307 
-125.470487 
-120.520699 
-126.290295 
-119.599603 
-123.561174 
-116.732259 
-126.511017 
-124.037971 
-130.043686 
-128.843738 
-128.047595 
-122.335531 
-125.399680 
-124.000000 
-118.993988 
-124.000000 
-124.523557 
-122.774844 
-123.423039 
-124.462526 
-124.040066 
-124.000000 
-124.767840 
-125.264184 
-127.762494 
-124.135662 
-122.602540 
-122.550296 
-115.532916 
-120.857714 
-119.626733 
-119.732710 
-112.222574 
-114.117188 
-126.016124 
-124.000000 
-126.599919 
-122.109884 
-129.804562 
-123.941225 
-123.792763 
-124.578699 
-117.803803 
-124.193681 
-117.211672 
-124.044642 
-123.345108 
-127.176698 
-126.242279 
-123.280150 
-119.644423 
-121.101355 
-123.265937 
-126.523301 
-128.081166 
-120.144398 
-119.267268 
-123.787768 
-119.815836 
-124.000000 
-124.000000 
-119.390805 
-120.727675 
-121.944679 
-128.868273 
-122.978888 
-121.863548 
-115.335510 
-119.081170 
-125.961481 
-121.190668 
-119.382385 
-125.926864 
-119.835204 
-128.831275 
-124.090638 
-124.000000 
-124.000000 
-124.000000 
-124.000000 
-117.920897 
-126.110475 
-122.994630 
-126.435237 
-120.736657 
-128.008431 
-115.724716 
-122.456086 
-123.132366 
-124.253400 
-122.761276 
-125.402436 
-120.037916 
-124.138833 
-126.761203 
-116.830386 
-125.801059 
-119.914978 
-128.210528 
-124.000000 
-126.528862 
-124.706270 
-126.573503 
-114.117187 
-121.629191 
-121.618707 
-124.000000 
-122.791172 
-117.830940 
-124.000000 
-124.000000 
-122.294545 
-123.027799 
-124.000000 
-121.341102 
-126.350764 
-123.962438 
-124.942534 
-125.299545 
-128.781132 
-121.621615 
-121.861953 
-125.877741 
-123.476666 
-118.200541 
-128.514118 
-123.299305 
-124.316879 
-119.816347 
-125.626359 
-128.432590 
-120.369122 
-125.400354 
-124.228239 
-119.847879 
-116.349649 
-119.927645 
-125.456878 
-123.220072 
-115.459497 
-122.432400 
-116.079525 
-121.373520 
-123.698118 
-127.470240 
-124.840566 
-124.000000 
-123.872817 
-121.784946 
-122.139094 
-123.330944 
-119.816347 
-123.898175 
-123.230832 
-126.074184 
-114.117188 
-124.000000 
-122.137723 
-128.281989 
-122.580397 
-113.458333 
-124.000000 
-116.986632 
-121.930964 
-119.443037 
-123.481632 
-124.285835 
-124.000000 
-125.637805 
-122.374881 
-124.438620 
-121.631619 
-121.797857 
-122.021028 
-122.807609 
-120.036929 
-122.680577 
-119.562331 
-124.000000 
-124.000000 
-124.000000 
-122.386454 
-123.508157 
-122.544785 
-123.187151 
-118.013104 
-123.958147 
-124.000000 
-124.920321 
-119.040912 
-120.772574 
-121.343677 
-121.699172 
-129.869908 
-125.523549 
-125.117867 
-124.000000 
-121.178470 
-123.657433 
-124.000000 
-124.000000 
-126.661561 
-120.893875 
-123.958148 
-124.000000 
-124.000000 
-125.165629 
-124.000000 
-124.241495 
-116.083393 
-122.127443 
-120.567165 
-124.000000 
-114.117187 
-124.000000 
-125.858942 
-125.353776 
-125.696782 
-119.602750 
-123.176201 
-121.358861 
-123.457470 
-133.882813 
-122.793691 
-121.122391 
-125.058459 
-122.702475 
-123.895529 
-117.928533 
-125.946125 
-121.504786 
-114.117188 
-123.151611 
-117.561459 
-124.000000 
-121.682530 
-129.960638 
-124.391953 
-123.541642 
-116.326517 
-124.922086 
-127.305734 
-125.074724 
-126.721550 
-123.953259 
-124.617409 
-119.317909 
-124.000000 
-122.278198 
-116.551146 
-125.868548 
-122.803253 
-123.578883 
-127.105908 
-124.507152 
-123.725236 
-125.886384 
-125.251002 
-124.000000 
-127.266599 
-124.100652 
-124.000000 
-121.840916 
-124.145923 
-124.000000 
-124.000000 
-125.216429 
-116.969123 
-120.205380 
-117.099061 
-122.434768 
-123.496060 
-124.000000 
-124.321157 
-124.000000 
-121.448547 
-123.211970 
-122.947111 
-117.814476 
-120.425023 
-125.957589 
-127.958945 
-126.911993 
-124.640175 
-124.795364 
-123.382452 
-121.600153 
-123.795218 
-123.007695 
-124.000000 
-124.313123 
-126.264429 
-125.456374 
-124.942534 
-126.043709 
-128.528328 
-124.000000 
-124.000000 
-127.094005 
-124.000000 
-124.578751 
-125.843921 
-126.092933 
-125.651767 
-120.763867 
-123.895475 
-124.000000 
-116.072756 
-125.378397 
-123.666976 
-128.810326 
-124.000000 
-124.444735 
-121.905873 
-123.421179 
-122.400428 
-123.535771 
-123.457421 
-124.737135 
-124.772312 
-123.337872 
-124.130162 
-126.099138 
-124.000000 
-124.283014 
-119.198221 
-124.000000 
-125.807936 
-124.000000 
-124.994299 
-128.176277 
