-86.257870 
-81.787717 
-54.306497 
-22.640917 
17.382322 
10.759973 
-0.416844 
-42.848397 
-64.617289 
-55.251228 
-66.393223 
-51.024421 
-62.278340 
-51.561052 
-32.011065 
-10.831592 
10.162566 
20.140817 
21.945249 
-11.128891 
-13.907450 
-21.335977 
-45.353843 
-43.401523 
-64.752026 
-82.435586 
-127.499945 
-105.584241 
-123.048471 
-125.239506 
-103.772586 
-111.367685 
-97.771219 
-93.224477 
-58.764247 
-30.697089 
-0.999006 
46.483358 
65.226607 
62.402510 
32.254065 
12.656270 
-29.942069 
-31.556894 
-61.198464 
-53.538650 
-58.588317 
-29.574048 
-64.617170 
-81.976230 
-66.062179 
-61.148670 
-63.845844 
-5.781833 
-8.081517 
45.207523 
65.226544 
56.781494 
34.914315 
17.751615 
2.131884 
18.710919 
46.510476 
49.993822 
54.977216 
62.424963 
45.779665 
8.467461 
-10.271683 
-10.161070 
-14.880009 
-1.167150 
29.018366 
51.670587 
40.968542 
48.508243 
54.090126 
35.772991 
17.758645 
17.241941 
35.136305 
53.264273 
34.403667 
-4.502712 
-13.603002 
-2.519347 
11.038556 
-21.336106 
-14.888042 
12.594324 
24.858956 
57.291510 
42.279195 
38.191430 
20.609715 
21.945241 
-8.147820 
-1.695864 
41.576781 
34.960650 
9.439828 
6.767436 
7.068864 
-5.896213 
0.304670 
-11.044220 
-5.977680 
-6.772758 
-2.310274 
-13.429241 
0.304403 
23.937628 
10.365984 
9.747327 
17.273296 
0.276784 
21.945202 
-6.884727 
-34.789206 
-30.042541 
-27.543215 
-9.520335 
0.304766 
23.574218 
21.945494 
8.056254 
1.008089 
18.444130 
25.689379 
14.446432 
19.548593 
-2.630646 
1.440510 
11.395991 
25.735376 
6.611348 
-4.946211 
8.968165 
-1.452697 
11.444625 
12.294533 
17.211382 
3.022362 
-17.669939 
-36.437510 
-49.426338 
-37.967333 
-48.415490 
-49.180642 
-45.654162 
-34.997773 
-38.393485 
-21.337244 
-32.934059 
-32.019803 
-14.800841 
-42.976801 
-45.562730 
-60.237460 
-68.208414 
-42.976574 
-44.399924 
-43.758235 
-19.661275 
-22.141803 
-9.136794 
-23.446694 
-14.138925 
-24.509477 
-17.923385 
-15.244069 
-4.670402 
5.216792 
-8.186168 
-10.515844 
-5.105586 
-7.551890 
-30.693012 
-27.149175 
-47.538259 
-43.785537 
-37.277444 
-30.217103 
-23.356338 
-26.192900 
-23.707338 
-31.311669 
-39.627672 
-37.965131 
-27.637985 
-30.541613 
-16.669371 
-42.911933 
-35.790819 
-42.976586 
-30.175854 
-21.335882 
-5.870993 
-15.175515 
15.229608 
18.296047 
-0.694341 
0.304767 
-10.631654 
-27.002571 
-10.438064 
-23.283156 
-6.035077 
-3.345584 
-4.473464 
-26.809698 
-32.805977 
-26.667701 
-11.096752 
0.304783 
-5.501803 
-1.859282 
-29.998910 
-38.209104 
-30.328940 
-58.275254 
-52.562392 
-61.666098 
-54.121393 
-51.698025 
-58.100457 
-66.355530 
-74.517411 
-77.699447 
-55.211322 
-55.040525 
-49.149068 
-49.903194 
-44.561250 
-50.428506 
-33.811486 
-27.296743 
13.863933 
9.751671 
10.990057 
0.304622 
0.304655 
-28.673196 
-11.088953 
0.834760 
-14.168252 
-10.417744 
-1.162468 
-10.332976 
4.912447 
3.289753 
4.825400 
-5.668944 
-0.868636 
8.486146 
2.136212 
7.345636 
21.945246 
43.585950 
43.585868 
65.226545 
35.479313 
17.902619 
-15.154753 
-21.518976 
-42.306425 
-44.151485 
-47.883117 
-13.202741 
1.704040 
-11.250344 
-20.478257 
-9.246230 
-37.599211 
-27.814880 
-67.125595 
-79.601645 
-81.376548 
-66.840287 
-79.681369 
-64.617234 
-70.249094 
-55.822127 
-74.528877 
-86.257876 
-64.071304 
-72.276796 
-86.257863 
-59.012556 
-51.141708 
-42.976607 
-23.500048 
-25.935612 
-38.467322 
-32.832659 
-49.630920 
-46.045617 
-53.536651 
-94.081630 
-72.357555 
-57.111434 
-73.314859 
-50.979650 
-67.385528 
-59.925045 
-62.211973 
-29.493917 
-57.218770 
-58.476014 
-65.808798 
-51.263293 
-62.113231 
-73.950267 
-57.561252 
-54.292786 
-49.434609 
-36.937315 
-34.312281 
-37.624602 
-12.200891 
-32.790404 
-39.871691 
-22.010086 
-22.070131 
-0.891378 
-14.502693 
-37.103429 
-42.976770 
-37.304939 
-55.346975 
-44.129476 
-37.794105 
-33.347997 
-33.007379 
0.586297 
0.805581 
21.945162 
21.945186 
33.477075 
22.259605 
20.325718 
-11.958305 
-42.976690 
-46.253949 
-51.039282 
-48.830464 
-50.915544 
-21.020658 
0.304623 
-3.378948 
-1.286516 
-2.260758 
-16.583294 
-24.027108 
-18.443820 
-16.467933 
-21.386151 
-11.611798 
-14.646947 
0.304713 
-0.371347 
-28.774816 
-32.077692 
-46.395339 
-55.183810 
-42.305424 
7.954324 
18.841209 
43.585996 
31.522176 
37.743339 
11.878144 
32.524608 
2.221018 
1.219114 
6.995156 
47.813628 
21.945360 
35.275877 
16.008264 
21.945494 
43.585528 
43.008074 
14.659717 
25.333441 
11.125129 
0.304640 
-39.092510 
-58.125111 
-66.549698 
-68.294790 
-63.788444 
-93.084801 
-107.898440 
-118.042379 
-64.616840 
-36.328433 
-40.541912 
-13.301733 
-7.373662 
-3.074542 
-21.220057 
-28.836543 
-42.976692 
-72.273845 
-71.285908 
-83.102027 
-72.283925 
-71.829830 
-60.679530 
-17.551613 
-7.944966 
5.419164 
0.885337 
4.135183 
-21.336003 
-56.956234 
-48.827750 
-53.627235 
-54.696257 
-40.267137 
-11.090928 
-37.589496 
-20.713770 
-16.136765 
-28.303130 
2.198117 
-2.814472 
-10.515691 
-29.697901 
-26.792957 
-30.107853 
-29.155057 
-22.865844 
-18.269933 
-32.316916 
-30.600373 
-47.530354 
-58.601887 
-86.257801 
-51.841150 
-48.703785 
-42.976584 
-36.251846 
-45.818707 
-32.156360 
-53.796869 
-37.268297 
-50.795059 
-6.099028 
-38.864225 
-36.251002 
-60.055566 
-64.617259 
-69.195169 
-64.617199 
-49.879669 
-62.684419 
-53.111759 
-45.972928 
-66.667873 
-61.363478 
-30.012882 
-24.649721 
6.368569 
-0.282118 
-6.538099 
-26.557383 
-25.650778 
-41.201442 
-21.336035 
-29.986651 
-27.768345 
-16.456239 
-18.339334 
1.516448 
4.975105 
21.945318 
32.765607 
37.491929 
21.945263 
-10.326729 
12.114689 
-17.702820 
-4.790236 
-14.796732 
-11.385739 
-21.335974 
-54.973309 
-77.932487 
-84.599556 
-108.332600 
-99.107032 
-73.057467 
-28.381397 
-12.967119 
-25.198225 
-32.543762 
-35.078285 
-41.670006 
-42.471015 
-23.494970 
-38.042086 
-0.026629 
11.124949 
22.390100 
17.526954 
11.124892 
12.410309 
-10.515695 
10.976100 
10.913510 
-21.334996 
-149.507433 
-46.244415 
-9.757644 
-18.833012 
-74.362219 
-92.750901 
106.212647 
-42.976027 
-242.801944 
96.477231 
-201.751337 
70.217354 
-19.062136 
126.391946 
46.232311 
-143.243113 
48.152787 
21.944522 
99.533022 
-48.643559 
21.944222 
-17.251423 
116.501081 
-54.023367 
90.785037 
-479.556344 
-23.522114 
-145.036956 
-5.101528 
5.988618 
-89.753495 
54.179442 
133.936302 
-100.731210 
294.679574 
-155.709066 
40.433167 
21.943146 
107.437389 
-24.649587 
12.500929 
-198.935230 
115.989237 
348.077728 
78.479450 
7.393974 
168.202426 
86.866435 
74.648156 
116.737214 
100.312571 
21.572982 
19.917381 
94.334457 
-121.837385 
21.946732 
32.227565 
-23.805622 
-21.946345 
77.979808 
2.477265 
-43.402583 
122.600608 
194.075573 
9.424911 
269.235822 
-112.280491 
-125.361261 
77.007903 
223.266588 
-2.954720 
54.198720 
105.941841 
156.650926 
35.319805 
749.393078 
38.037456 
19.138451 
12.239318 
121.836326 
58.766684 
54.158630 
-26.026586 
186.754675 
129.877750 
13.254442 
508.862431 
13.938194 
293.810971 
74.220452 
230.416691 
154.411479 
-157.112384 
137.303614 
303.275361 
-45.228070 
37.597230 
266.984776 
142.430155 
-93.917807 
2.650816 
92.604952 
-73.328380 
314.092164 
172.142675 
-167.016840 
224.236320 
118.695271 
-1.143864 
162.610198 
229.499092 
-0.310615 
-37.482058 
-127.380626 
104.576755 
108.509113 
194.115953 
-159.886885 
-171.016030 
135.666726 
18.520891 
97.685214 
-255.118018 
173.429351 
-101.354201 
121.710155 
-99.660767 
299.352290 
3.461710 
-17.677479 
-225.179319 
-94.007557 
43.346969 
56.676061 
-228.211185 
-22.095733 
-60.138782 
-5.736943 
-255.505060 
65.388500 
-3.080406 
189.904215 
-2.206042 
118.302350 
-340.555690 
-381.080175 
-138.870444 
-176.544548 
-8.083141 
-118.578287 
9.018125 
185.751144 
-115.034957 
71.618004 
-84.952547 
86.868501 
-141.397575 
-18.926059 
-378.133690 
195.071959 
-72.273920 
22.687304 
107.903146 
-77.498484 
184.935545 
45.500493 
-398.116577 
-26.395610 
-115.092729 
-138.917863 
310.099149 
-155.191046 
96.689870 
-21.335639 
43.587387 
236.741886 
-455.305798 
-173.727345 
-115.550463 
-3.204958 
33.696078 
39.487094 
-124.786683 
3.812607 
-39.647296 
-235.521544 
66.958099 
-126.781982 
-45.615041 
54.803941 
-3.856050 
-132.252657 
-110.165473 
-86.257977 
115.040658 
389.836265 
-480.931756 
-152.483403 
-155.856831 
-8.557578 
-102.163892 
108.506284 
156.061233 
-190.985712 
-134.621460 
-44.284724 
-76.733159 
-73.060926 
-150.951485 
-231.531861 
-292.896352 
-83.102341 
-88.986804 
151.786348 
112.230894 
3.909019 
-157.424293 
165.201457 
23.874327 
9.639738 
-173.902907 
33.273899 
-102.980865 
-102.644768 
-73.272905 
3.555916 
6.161392 
-237.134581 
40.600871 
-49.013934 
-49.368556 
-76.739039 
-62.617990 
155.757720 
-83.700249 
71.633079 
255.874801 
-47.660107 
-9.162483 
-21.337147 
216.709631 
-173.343320 
-380.627381 
165.853055 
-108.571683 
-225.133823 
319.309504 
-396.663714 
182.792879 
-29.534464 
-41.620096 
48.475322 
331.338721 
-267.984384 
190.893020 
-282.208882 
-42.977713 
184.249047 
-64.617632 
184.249189 
448.789909 
-265.284769 
27.520056 
12.043817 
127.279577 
-182.111397 
-19.967715 
-95.260027 
232.647915 
-451.801566 
-36.523676 
100.226464 
-180.972645 
-218.192617 
29.331166 
-19.554195 
77.850217 
-181.501642 
104.514905 
43.585172 
-167.249536 
-85.069069 
55.815219 
-42.977878 
102.607117 
-175.897654 
270.810115 
106.777512 
-161.160111 
216.708270 
380.454802 
-238.384202 
33.138203 
-446.033952 
-345.560627 
-133.817698 
-77.434050 
-25.888557 
270.814146 
-126.044545 
-87.291835 
190.342317 
308.831978 
-34.748897 
-40.368854 
173.938061 
-135.463882 
-10.900907 
228.390316 
79.859883 
114.149779 
-43.018765 
-48.447593 
-152.546945 
8.548318 
208.055526 
49.980844 
16.406136 
-83.097757 
-327.814128 
19.614427 
67.008558 
-82.081928 
168.561561 
-204.345698 
-20.651464 
216.712158 
-22.858059 
151.421113 
-5.552932 
62.550000 
-258.520511 
65.961674 
-235.218521 
-102.373436 
0.306747 
335.735535 
75.948078 
-222.564046 
31.739236 
-196.624658 
-42.974884 
-88.674835 
-107.160267 
-163.413336 
-304.768596 
-46.561417 
249.172255 
30.767159 
-164.170422 
6.896746 
-95.232627 
-124.078391 
-79.032544 
-97.659871 
-21.099268 
-39.747557 
-157.108943 
335.733265 
-141.711976 
11.802362 
-36.060127 
-183.881686 
-191.062410 
37.090068 
-164.189129 
93.957861 
314.091758 
209.626171 
-59.265492 
-21.983493 
-32.456148 
-77.952583 
-129.769376 
-237.060919 
-81.656450 
32.763723 
90.353675 
32.967468 
43.582795 
227.530200 
49.144475 
37.280339 
-155.629852 
65.224318 
270.809631 
101.005625 
-127.375873 
-109.292465 
96.861615 
-25.404513 
76.187700 
-21.334517 
-9.839473 
119.326864 
3.566687 
67.023980 
103.175590 
142.943782 
-174.449259 
13.454685 
-9.643488 
151.787054 
107.411985 
19.049583 
37.906246 
-96.969394 
107.473625 
-293.940424 
67.619120 
-13.695791 
208.388406 
-171.360836 
89.241759 
0.306546 
-198.373475 
448.804052 
5.584822 
-28.791111 
-392.675186 
-118.726215 
-102.180343 
-45.600175 
36.159547 
-106.954512 
-183.396058 
157.852909 
-42.973291 
-371.217712 
-106.870289 
-96.197060 
-259.002175 
42.813514 
-200.052463 
71.857245 
114.587190 
165.529832 
-43.166873 
-32.153428 
-24.234057 
-243.317784 
-32.154774 
-215.770881 
-306.360931 
-53.794968 
-129.536431 
-221.992173 
-163.812964 
-7.288499 
-108.140345 
86.990685 
-246.776608 
-107.898610 
-160.838453 
-21.335977 
-23.163135 
-175.490015 
-55.213275 
-81.196546 
-630.528840 
82.381139 
-177.769068 
-110.783275 
-30.585112 
-162.104151 
-198.697187 
41.498473 
-272.128051 
-111.365664 
0.303467 
34.374188 
23.454542 
-433.272459 
-90.809714 
-32.137636 
135.664065 
0.303731 
21.943497 
-174.157448 
249.170935 
-85.701793 
-87.005738 
-76.792522 
-94.579953 
-4.791840 
4.717417 
0.303298 
-54.573584 
-117.303640 
-220.579527 
-207.621030 
-54.474070 
-130.209126 
92.464257 
-87.837367 
134.224164 
-119.661757 
-67.418339 
-210.870701 
-184.474401 
-125.922416 
-8.748445 
60.126362 
0.303910 
-147.291004 
-13.343251 
-10.516646 
-30.575345 
-161.998596 
-198.725201 
-61.261688 
108.504639 
-31.140206 
101.540493 
310.292860 
460.925024 
-362.880781 
-46.586772 
271.325988 
195.066695 
-244.236529 
314.474134 
50.097180 
197.624427 
170.471224 
304.566795 
572.890789 
94.443835 
141.945531 
357.372155 
108.581684 
-83.927953 
530.500695 
68.423196 
211.749115 
6.647513 
147.449349 
-461.005232 
-129.632581 
189.190382 
53.511131 
75.069041 
-11.165064 
230.306756 
192.331220 
33.233954 
330.080386 
277.190550 
97.975661 
43.589383 
340.719452 
-80.451600 
-288.592783 
-37.953535 
98.608927 
447.590642 
159.282860 
-297.862063 
18.290845 
195.074531 
20.046682 
460.256064 
242.271290 
280.810872 
168.702908 
171.648045 
83.933832 
1049.879614 
43.708194 
50.885081 
10.655257 
-29.604184 
-4.043831 
-219.201817 
107.489987 
193.511946 
-182.198999 
161.037362 
-69.830895 
183.008908 
190.212142 
426.130457 
169.152722 
-0.073674 
19.299734 
129.926907 
178.914832 
607.015214 
-145.084964 
86.126572 
-86.607835 
186.171548 
274.185049 
100.568750 
11.848206 
41.685752 
223.765657 
-155.896670 
552.141516 
-103.780197 
324.130064 
148.508220 
276.581521 
248.203908 
-128.342460 
16.498542 
422.294621 
-165.623795 
61.262546 
137.897993 
126.477112 
-243.331144 
-206.738661 
309.459085 
-286.192145 
238.350655 
101.090513 
-484.918466 
346.351363 
-16.490610 
193.343047 
86.868951 
142.715409 
-177.853046 
-22.632660 
-337.452138 
141.089579 
151.787827 
167.849178 
-454.179099 
-337.625553 
227.618982 
92.647823 
184.250864 
-415.106852 
259.995383 
-229.988705 
-39.642467 
124.261208 
85.587166 
-238.356506 
175.433571 
-393.045231 
-215.941353 
-26.729888 
24.568224 
-77.314576 
-274.303737 
-354.942176 
-386.900908 
-235.360714 
-14.836613 
33.446636 
-63.347225 
-532.193048 
121.171205 
-501.160354 
-509.949959 
-258.316480 
-22.866329 
-212.833191 
-177.413837 
32.394068 
130.029102 
-69.420827 
186.193667 
-171.527915 
151.792783 
-211.094607 
-84.974932 
-256.456333 
259.997335 
-110.754925 
-186.129784 
121.345578 
-52.935813 
-40.671973 
262.688873 
-402.241824 
134.660087 
-62.665571 
-149.616874 
248.051893 
-43.648804 
-108.232369 
43.589399 
173.432381 
330.281501 
-200.449676 
4.893665 
-279.190992 
-53.998791 
701.737622 
-202.194008 
-61.493725 
-55.920567 
42.567781 
-288.349428 
174.605937 
105.074935 
-52.553130 
171.530024 
153.885727 
-1.149239 
109.508764 
389.834814 
220.252486 
465.580816 
-444.641304 
-72.837046 
13.121681 
7.622316 
-9.004481 
281.634889 
-21.460213 
-564.709414 
-10.102601 
-638.674870 
-49.817791 
295.943856 
-175.279233 
-268.937614 
-283.839591 
-213.663557 
42.461622 
357.377088 
-34.016332 
-4.747371 
-96.840931 
172.473000 
67.776216 
294.059534 
-149.050844 
94.131556 
-154.033784 
-89.432261 
-220.893853 
-121.134404 
-38.080002 
-279.740344 
99.379378 
193.161839 
-86.426236 
-77.156160 
-10.217446 
120.437957 
-109.350091 
-26.914354 
130.615884 
-139.270572 
-77.117925 
108.510237 
530.502775 
-443.552890 
-138.970106 
-183.450328 
-97.575083 
-195.769138 
-23.590940 
-605.689576 
44.029883 
37.544750 
86.529198 
-122.371858 
247.645886 
-231.769335 
-50.169920 
-63.530937 
140.971941 
-64.614822 
205.893281 
130.150544 
223.506271 
-114.166477 
342.391557 
-36.630410 
309.905403 
-374.591651 
-123.073897 
-106.376130 
351.589079 
-275.491125 
-119.604536 
36.316231 
-111.078801 
-496.442323 
-33.147797 
-228.169444 
142.570938 
-196.841416 
107.018507 
130.149487 
34.813577 
-173.059660 
-229.207317 
249.171966 
-216.667489 
-295.077242 
-21.336013 
205.172269 
-83.849540 
508.859284 
-0.413677 
-135.095558 
-228.290872 
-439.950116 
-137.960666 
18.880209 
8.357823 
-212.871932 
302.488155 
-130.123535 
-43.673664 
255.296024 
279.903286 
-173.369405 
135.041016 
232.168402 
-188.733158 
119.276567 
266.468821 
85.049797 
86.939416 
-36.256494 
-184.081843 
-254.341142 
-43.323555 
100.425094 
-189.162539 
-274.841636 
-286.609445 
-289.780801 
319.630373 
-100.841737 
41.686134 
76.912513 
-165.780763 
385.192182 
638.703558 
-682.857763 
240.471839 
65.610042 
-52.723594 
-177.160220 
237.591507 
-374.075132 
-129.733061 
249.172171 
76.046906 
220.751013 
-123.103778 
174.957980 
-288.955524 
227.528451 
-212.638658 
65.423941 
-18.425229 
-376.418443 
-142.430212 
76.045058 
111.238316 
-5.060898 
-88.524677 
-263.288517 
96.560009 
210.235525 
-105.021831 
-51.591970 
-7.826165 
-93.318312 
0.303300 
-113.991821 
-257.353485 
1.014467 
-271.602539 
-195.842536 
247.261837 
-258.395579 
156.760779 
-21.341529 
-114.808678 
-370.606637 
28.045379 
93.933195 
-52.166776 
-530.452402 
-111.452012 
217.390919 
-53.798195 
-22.038889 
-11.674130 
76.046796 
76.048297 
-81.188068 
-63.376164 
-131.064308 
162.610855 
97.688877 
19.080888 
-300.504909 
-292.097430 
248.133213 
205.222672 
-18.370118 
97.686627 
-421.686215 
-21.332136 
-78.191070 
60.100760 
72.557245 
250.871171 
-182.705076 
-84.645883 
247.098278 
97.683333 
232.331765 
-303.064204 
41.216600 
-367.345257 
-39.573706 
-290.801170 
-28.359425 
-172.842597 
239.067592 
-38.924640 
86.189456 
76.047924 
-213.897619 
124.726813 
75.857662 
209.117089 
-296.625940 
-182.662309 
-8.214635 
-190.647808 
-18.475683 
-32.579380 
-74.659315 
-106.305427 
-10.513419 
-282.863965 
50.448625 
-187.433996 
-179.627797 
153.210162 
-213.616647 
53.275380 
43.961644 
-4.296889 
-90.784125 
-42.974781 
-143.198957 
-433.593585 
-53.797571 
-274.787343 
-418.854761 
-42.974820 
-10.516300 
-195.444760 
-214.241928 
-263.375204 
-76.830415 
-39.107491 
-338.586938 
0.304804 
-205.550870 
11.124008 
-155.888883 
-166.437513 
-97.231584 
-14.461595 
-428.177877 
-5.551937 
-414.828430 
-200.356473 
15.676757 
-134.434429 
-225.082543 
-80.330824 
-212.568753 
-27.905678 
11.124605 
24.087863 
99.458251 
-338.291585 
-202.053242 
13.246282 
225.531664 
21.946551 
97.689290 
-169.078284 
-10.514969 
168.177544 
-66.419515 
-93.835487 
-181.271834 
-135.313932 
30.965417 
21.947879 
23.328976 
-262.865677 
-237.630144 
-229.800083 
-193.781360 
-60.078499 
-111.666245 
-70.754002 
-261.796997 
-221.088546 
-59.282274 
-145.851708 
-305.904210 
-10.964478 
-119.334974 
-6.866316 
11.127661 
-83.006957 
27.474998 
-161.996637 
38.844965 
-161.997787 
-225.965573 
-45.064549 
346.554895 
-49.261944 
-120.562008 
339.736337 
-110.698820 
-172.430687 
-0.416122 
21.530996 
281.633872 
-76.337056 
102.580175 
-116.015584 
212.570388 
84.178787 
329.541548 
38.870381 
-112.642206 
69.481821 
162.609498 
165.774365 
60.249966 
108.507671 
154.609717 
439.833596 
-77.073218 
114.754633 
-270.661504 
230.393872 
276.378658 
177.961111 
137.226040 
99.888413 
121.269869 
153.234502 
269.475288 
102.521361 
104.285650 
-137.432746 
346.555873 
225.619072 
11.443059 
37.039641 
201.531273 
39.431533 
453.695821 
278.003423 
232.031022 
-214.041915 
422.298091 
81.149700 
446.421275 
-226.689976 
247.545996 
-54.471825 
215.057333 
-116.206377 
314.096254 
142.524555 
-162.748878 
27.568644 
257.221273 
128.682184 
-135.460038 
-76.590069 
161.701568 
-123.672440 
160.396318 
-49.313596 
-325.330711 
300.889621 
-25.613584 
56.943339 
228.329636 
-67.115166 
-82.198541 
221.492211 
970.074495 
144.538025 
-17.986749 
24.676534 
66.759339 
240.900487 
-35.148258 
-7.642960 
-84.849845 
-42.298868 
-199.699819 
227.532081 
-44.580953 
348.822372 
210.332326 
126.542288 
281.266898 
-50.551371 
-319.528637 
443.937275 
-238.349097 
-8.725684 
139.379750 
112.178434 
53.261029 
-87.385521 
-10.321675 
-285.224912 
389.835853 
279.939997 
-458.056474 
-289.295605 
275.700452 
-122.316714 
151.788974 
204.504228 
-132.287416 
181.445881 
-240.192497 
-161.276400 
86.867138 
156.258671 
-203.857326 
74.828649 
286.792682 
67.346441 
65.225818 
72.291669 
681.983524 
66.048775 
-53.470180 
-171.759007 
365.835430 
-342.369205 
145.750524 
-28.046754 
82.494194 
38.781799 
-106.647656 
-126.237792 
-30.272643 
-464.014561 
-147.113346 
14.167469 
-107.364295 
28.031276 
-30.916637 
-113.776327 
170.432601 
19.862361 
-50.981135 
-206.141225 
-111.772763 
227.120240 
91.320890 
166.672361 
-15.009333 
-209.601253 
36.309212 
60.296468 
335.733677 
235.900632 
-212.608630 
-235.949360 
368.196913 
37.163568 
-170.294473 
160.157957 
-58.903609 
-15.256209 
4.586289 
-209.073040 
-31.249858 
-255.187860 
-248.930994 
92.802081 
-99.395523 
-404.066479 
-21.334993 
216.708152 
110.739832 
216.046711 
-344.267771 
-193.297271 
24.129695 
36.489281 
-360.171417 
59.794257 
-160.334954 
-209.000059 
-94.662830 
93.059369 
69.590063 
64.845243 
343.044141 
-79.004079 
-37.682514 
-125.959631 
324.913691 
4.470134 
530.499916 
-319.305131 
-21.734390 
-182.531393 
-69.879138 
-88.920187 
173.428814 
112.815967 
-982.689307 
-509.689828 
406.533146 
-74.661786 
336.526652 
-203.226037 
-40.111822 
97.007233 
82.950916 
-183.118073 
443.936386 
-38.486493 
-71.109666 
-68.255477 
176.659129 
-208.054348 
-136.447744 
-69.246177 
343.989385 
-189.507742 
-146.566352 
-2.796487 
8.656502 
-38.537192 
-119.236720 
48.146403 
2.352475 
-25.244758 
27.856582 
38.303401 
-184.215178 
145.693971 
-249.700661 
2.287262 
-210.898584 
-169.870131 
-21.335882 
487.218771 
-468.573945 
-206.897825 
-125.625271 
49.737222 
-82.449294 
285.370706 
-553.572119 
82.273438 
-114.329686 
114.107497 
-253.631896 
96.048470 
-37.851497 
-5.134551 
-28.914660 
292.453733 
43.586772 
205.891917 
151.790324 
-407.201493 
-164.233596 
185.894278 
-115.389822 
89.825196 
-41.711445 
-346.812822 
35.111065 
329.694118 
-168.371968 
-150.979745 
-70.095276 
82.507049 
-215.172176 
-16.779234 
-211.272958 
-26.003691 
-68.156572 
-51.706686 
140.971739 
-230.421658 
-188.253832 
-30.728181 
249.174742 
64.454424 
-168.567760 
43.587746 
25.090924 
37.887468 
595.424633 
-23.497140 
-63.994981 
-138.438370 
-322.272437 
137.411371 
-96.253213 
83.276915 
-131.077642 
60.164853 
-168.123467 
-76.320210 
-142.880684 
-37.045917 
-228.519292 
-117.083261 
140.254773 
-310.646784 
-257.993354 
-170.167753 
-74.914192 
-79.356356 
-17.043481 
-60.165112 
-169.830955 
-54.595974 
-37.537040 
-2.215341 
-148.163288 
-498.575811 
-314.116407 
115.944560 
-182.007206 
-180.875523 
72.440245 
-74.220768 
-0.929742 
703.623317 
11.867558 
-31.555689 
-4.370720 
32.832214 
403.306306 
105.263147 
-215.470943 
-198.679944 
292.451763 
184.247854 
113.111547 
-184.589098 
-306.798504 
-265.875898 
227.529162 
-266.686110 
-67.910723 
-62.394508 
50.668115 
-159.826742 
32.763883 
-94.529412 
7.687138 
-21.806466 
-288.806485 
70.623915 
-77.153234 
15.100648 
71.355360 
133.028280 
25.939436 
-42.976658 
-99.106360 
-281.699576 
54.124973 
-115.905752 
-115.961706 
208.137656 
-235.668130 
56.722136 
-64.615449 
-99.999034 
-340.993214 
75.495134 
-31.604942 
-239.007981 
-330.305826 
9.066515 
234.626711 
-10.514878 
-7.523624 
-42.358282 
119.330269 
76.047940 
-60.107644 
-45.838552 
-252.737446 
227.533771 
119.332467 
87.868013 
-300.496534 
-185.542032 
147.040145 
94.993575 
-68.577765 
97.690021 
-120.068022 
21.947883 
87.133059 
3.366707 
102.322512 
49.246551 
-104.812338 
-278.874241 
99.417016 
108.508011 
-99.828303 
110.002008 
-1.296076 
-318.495478 
-282.889374 
108.183689 
-265.100814 
-127.678027 
16.915850 
-93.301415 
136.925658 
184.250701 
-261.283096 
-244.045351 
-167.568548 
-7.667847 
-225.026803 
74.138216 
-293.990827 
-407.421396 
-91.122431 
145.115837 
87.510508 
92.519811 
-42.975594 
-221.796041 
146.552899 
-27.491444 
-606.560414 
180.571733 
-167.618242 
-131.726387 
-23.474610 
67.332470 
-312.188690 
-32.156341 
-285.295527 
-205.902743 
-32.156992 
-431.129862 
-309.879855 
-21.336139 
-10.515848 
-133.039261 
-181.260030 
-120.782068 
-110.628932 
-234.302713 
-214.628965 
-42.976869 
-111.856991 
21.945518 
-109.423717 
22.424284 
-148.901697 
-136.495599 
-138.827551 
-101.468312 
-174.896362 
-130.234531 
59.005797 
-78.215719 
-10.162550 
-204.505439 
-29.754894 
33.593018 
43.586249 
-86.757247 
13.005580 
-306.862216 
-98.618151 
249.192758 
-20.853014 
65.226614 
184.250421 
-116.067649 
32.765328 
-102.229423 
-241.931435 
-178.540394 
-168.665632 
-249.159505 
142.915087 
11.125528 
-57.818821 
11.152442 
-141.891900 
-360.770986 
-140.359624 
-35.888921 
7.388977 
-287.711914 
-67.853704 
-1.658062 
94.579051 
-54.100141 
-365.489394 
68.201385 
-54.085342 
-40.065273 
11.125169 
-122.101143 
-246.228504 
-161.999410 
-10.437381 
-161.999527 
-230.020782 
-364.464281 
379.018699 
-3.286649 
-129.098954 
253.577836 
-58.263976 
-516.257562 
-219.706584 
140.948386 
508.861244 
-154.567570 
215.561069 
-206.834425 
69.500991 
113.632308 
442.196526 
57.507673 
-224.577201 
194.671776 
65.227976 
-76.064369 
248.044294 
195.070781 
169.364342 
211.798398 
-123.170129 
26.280134 
194.672715 
348.931693 
257.046802 
-243.839420 
30.811755 
12.131879 
71.716910 
400.948964 
-193.833267 
110.327133 
-95.197090 
-52.798499 
681.983211 
474.816437 
-150.184523 
-180.491697 
-6.546922 
224.911733 
675.881442 
39.416300 
-272.104065 
-168.798248 
65.225272 
227.665423 
30.795468 
-163.391541 
-70.180125 
-160.649949 
-193.921863 
142.860601 
259.990334 
289.335619 
-167.899472 
269.630245 
-254.267671 
-77.495425 
-55.244968 
141.265406 
190.192494 
86.429087 
33.697540 
-87.407517 
200.975595 
467.225153 
246.926875 
104.515071 
-56.034180 
-130.518583 
-51.746761 
323.342692 
154.173379 
-53.272830 
-33.102315 
244.655426 
255.868795 
99.847814 
-129.151056 
-36.937847 
36.305027 
346.793668 
39.060637 
173.427506 
233.211381 
90.037418 
-246.953378 
507.417401 
50.866571 
12.688448 
6.762011 
270.809761 
-85.206337 
171.939669 
98.308526 
40.431082 
-524.675142 
-90.141195 
51.077122 
56.934633 
584.602112 
121.914380 
-491.353754 
-19.893984 
-42.886249 
-17.014971 
86.864961 
-53.855368 
-146.456921 
-62.856121 
-157.058354 
0.781467 
249.168847 
-88.702249 
-422.715759 
-287.172604 
-97.984994 
70.597795 
216.714013 
155.983988 
-64.618657 
-115.608879 
31.772857 
-175.504995 
260.820401 
-334.305291 
-48.558113 
-33.067032 
-81.567723 
49.731409 
-146.276505 
-90.534067 
-172.187039 
-133.124032 
-18.050165 
-179.395059 
-2.083149 
-563.702969 
11.527117 
-156.981296 
159.508886 
-317.558033 
-397.160473 
-173.952818 
-277.085243 
240.442394 
72.270600 
-166.346016 
-63.572806 
-101.899520 
109.137975 
8.727638 
-42.976581 
-21.896653 
-96.632708 
-136.258415 
379.013975 
-204.836824 
-391.309922 
-64.339597 
140.897693 
-16.596031 
273.470332 
-265.426871 
-144.769142 
39.769848 
-174.832590 
-4.686760 
-63.056606 
-419.559245 
108.506598 
195.069169 
231.437937 
-366.250207 
-158.302530 
-120.569470 
-46.355047 
-107.071095 
91.514652 
-34.398170 
84.893967 
167.991846 
-4.308738 
195.985089 
-20.420173 
45.958889 
-112.735568 
23.227089 
290.678516 
8.588847 
335.733243 
198.707216 
227.530871 
-351.398073 
-187.860119 
-176.911551 
-166.878496 
-110.370183 
216.709914 
106.314976 
-155.654754 
-86.510292 
-128.207796 
-118.538141 
128.533486 
-159.394478 
100.239841 
85.744921 
-386.419340 
135.034624 
205.890405 
159.446691 
353.769251 
-328.401019 
-257.770961 
-5.397780 
-50.001199 
210.629034 
-129.200236 
-236.284227 
-298.070655 
-78.810917 
102.651544 
102.980471 
-16.771785 
1.901421 
149.110682 
-22.335105 
-86.880843 
-121.268624 
-97.949369 
-256.554472 
80.556989 
-69.273024 
-236.542881 
-125.060178 
595.423980 
173.431336 
-343.613898 
-156.432198 
-125.447331 
-162.618804 
239.830477 
-91.910063 
-324.519841 
-47.278181 
218.139529 
30.276842 
-170.351553 
182.447747 
-29.415726 
-68.633308 
-107.630701 
21.946929 
43.587895 
173.432935 
465.580801 
15.396443 
-73.694223 
172.199706 
-164.005140 
190.563604 
-43.217558 
-178.715803 
-19.356899 
265.042789 
-288.620388 
-85.064065 
101.180256 
-134.750432 
-268.502451 
-127.142452 
-225.891431 
-18.263384 
-34.151410 
-93.696581 
-21.333915 
-199.069992 
-230.791299 
-79.991451 
43.587306 
78.341836 
-848.455411 
195.069987 
387.355635 
46.239987 
357.375550 
-23.498103 
-383.629254 
-95.668903 
-375.022790 
43.519521 
3.413175 
222.409886 
-31.676267 
-20.127104 
-97.205707 
195.453709 
-177.301231 
138.414296 
14.672957 
-163.090026 
201.109607 
101.162934 
-17.618866 
191.067427 
221.529594 
-82.169028 
-142.198064 
-19.880549 
-47.423328 
120.837252 
319.840747 
-100.500223 
-153.844377 
70.442240 
-182.228368 
190.971045 
-44.366721 
-33.763036 
-83.800109 
90.348514 
352.629379 
184.248506 
-45.198860 
-92.369041 
-50.662050 
22.877870 
7.121887 
318.948206 
-132.994574 
-21.574425 
108.507284 
119.327677 
-35.908320 
-55.092316 
-79.656028 
172.711430 
-21.335770 
50.050135 
-185.195947 
-29.886768 
-190.094624 
-167.857797 
0.305015 
103.039926 
-349.100294 
7.380547 
172.614541 
32.952181 
18.033551 
-34.475110 
-299.746822 
88.422131 
-119.678575 
227.529782 
405.393996 
-444.680732 
105.734580 
70.482204 
-112.221218 
157.571486 
-300.905054 
22.702717 
11.124632 
-198.288421 
-16.264587 
-132.512802 
-134.331150 
-48.252009 
-406.903842 
-127.005536 
-205.814254 
-151.181958 
-100.213559 
67.467003 
76.048966 
-151.183160 
-190.497177 
-27.655242 
-156.196233 
54.408730 
-21.334930 
35.617834 
-358.209423 
-13.737644 
36.918640 
-100.643872 
94.250560 
21.942605 
-136.980334 
195.068563 
253.094974 
-138.020875 
135.152481 
-60.541917 
-28.958823 
-290.356824 
283.345124 
-356.764562 
83.874768 
-91.624987 
199.490139 
-57.548273 
77.816134 
72.411784 
107.008799 
-102.824515 
788.074484 
-221.296183 
326.692122 
54.405397 
-86.170624 
-44.023836 
25.963341 
100.917730 
-14.059011 
-3.752294 
-42.885738 
-72.885088 
57.670012 
-196.597402 
38.390065 
35.761187 
11.125778 
-158.475228 
-64.136495 
36.285351 
299.007245 
20.230276 
-46.929151 
-357.229651 
-138.985743 
-19.702080 
62.318533 
11.125951 
6.610521 
-351.019427 
0.305455 
-151.147324 
229.607548 
21.946469 
76.047512 
-240.944678 
-338.369493 
-194.986151 
54.187829 
-141.709792 
-177.646193 
11.125601 
-193.178759 
0.305936 
-162.354917 
221.160447 
-65.460937 
-31.688496 
-406.082670 
-155.975477 
-205.031038 
36.662785 
-3.488194 
-105.099330 
24.647608 
-236.555940 
-147.406400 
-111.363833 
21.945897 
-124.290329 
104.086285 
-279.580356 
-53.316754 
-67.521479 
-107.667168 
184.250943 
11.126173 
-574.913519 
-21.334744 
-418.509801 
-89.791146 
-335.146207 
-106.274128 
-144.358720 
-66.838865 
-10.514054 
19.793303 
-192.327548 
-123.059550 
-102.278341 
-163.352978 
24.978207 
-142.708075 
-133.457104 
-118.132802 
7.782676 
-409.386605 
-54.149909 
-269.694089 
227.104907 
-352.295569 
51.021360 
-161.998727 
-73.006218 
-169.329365 
-161.998990 
-9.203313 
-161.999272 
-340.201958 
-74.819680 
368.193460 
-140.825475 
-145.995347 
312.299654 
-78.167028 
-343.562410 
-81.210487 
-13.603361 
465.572945 
-498.015292 
148.832898 
-84.844446 
-39.725309 
-96.710678 
507.594473 
194.790571 
-272.630427 
106.810813 
140.968532 
8.224945 
319.867378 
216.709342 
68.614604 
116.153954 
-429.896565 
-132.402356 
478.209833 
228.780354 
11.400237 
-194.965649 
-53.245904 
-113.066582 
109.868721 
56.209414 
-268.239427 
152.628866 
-47.103967 
-166.559508 
595.422162 
325.396452 
-112.138222 
12.163139 
57.233490 
143.184427 
566.860747 
72.189618 
-240.223540 
-52.492787 
86.868033 
39.114299 
101.342506 
-3.279619 
77.741057 
-85.582223 
-172.563481 
122.009766 
281.633461 
41.215683 
-366.288945 
-144.947772 
-364.884771 
3.365598 
-54.399439 
-79.046383 
63.219663 
-198.241174 
-110.357883 
-228.687554 
353.950200 
175.729196 
88.530601 
80.083631 
-218.604703 
-127.489974 
18.447015 
360.027205 
86.459925 
-80.735534 
-23.928864 
-56.257169 
176.063574 
66.792831 
13.415814 
-315.127403 
-166.475962 
-103.138290 
50.156534 
411.477773 
-57.320654 
-36.447418 
-219.971336 
253.497450 
218.735093 
-60.228840 
244.256170 
173.430676 
-46.120291 
-134.993563 
69.964451 
-268.748117 
-56.628921 
-82.358531 
151.530570 
13.059778 
465.580184 
102.511910 
-231.542749 
243.619710 
29.032311 
-104.766654 
617.065431 
54.935638 
158.111579 
153.105193 
-52.030171 
5.991407 
108.506406 
316.454582 
-167.628176 
-65.009377 
-91.589460 
-25.338153 
595.423289 
-300.661709 
21.946759 
22.682444 
108.780450 
55.939614 
400.845468 
98.919856 
-12.202186 
25.624238 
49.866541 
98.823541 
-54.881259 
-328.684669 
-14.919877 
-186.780202 
-134.047452 
-93.306694 
120.526951 
-523.126683 
-37.394308 
-245.068021 
69.190793 
-333.509871 
-336.570530 
112.095802 
-149.362703 
402.043435 
-183.808521 
45.581145 
26.786520 
-180.921061 
197.367435 
41.820477 
216.710548 
149.301502 
20.901282 
-98.810701 
86.868419 
-150.539375 
-237.376512 
79.415501 
172.403636 
54.850220 
216.289715 
171.900556 
-242.396370 
-7.168779 
-135.045800 
-173.031565 
90.895441 
-566.671870 
216.712936 
314.094543 
-64.098304 
-303.622224 
-189.249630 
-177.356173 
-139.795485 
60.451548 
-224.853820 
-131.272490 
-11.984231 
59.820381 
-109.319148 
-69.737440 
-25.510255 
76.117235 
-40.807762 
177.141202 
413.795961 
-54.712099 
335.735574 
250.829321 
314.094209 
-577.750892 
-311.904601 
-250.644837 
-22.708375 
86.910026 
379.015818 
210.314272 
-545.306702 
-179.637276 
-110.829490 
31.453416 
-65.347612 
-85.634372 
-173.687546 
221.520792 
-208.787031 
-78.332623 
151.788413 
247.555868 
120.048936 
-276.619943 
-80.687712 
35.466798 
145.048460 
93.983531 
8.296521 
-291.576287 
-358.710782 
22.255783 
128.643458 
-4.454892 
57.760867 
26.364122 
-34.953089 
-45.842992 
58.794846 
-34.727956 
77.514444 
-221.651131 
-131.993696 
144.143090 
-124.058925 
-98.881071 
249.172093 
259.991834 
-185.330192 
-273.355966 
183.930089 
-210.602441 
-102.885328 
-192.721815 
-310.799762 
114.163148 
145.340321 
159.494205 
-88.923727 
206.192768 
588.781729 
124.082283 
-237.088695 
43.585343 
270.812832 
465.578635 
216.710667 
239.604011 
-85.730689 
334.404420 
142.873922 
24.232601 
-118.565358 
-56.121904 
94.872912 
322.033926 
-161.751029 
-264.711378 
117.029718 
-214.746216 
-446.163888 
-75.133114 
-90.617346 
103.576183 
-113.872695 
-428.223599 
-21.337084 
91.393466 
-61.699240 
-274.857656 
65.224895 
-31.667921 
-453.080412 
443.936201 
109.157690 
-84.529059 
270.810773 
-115.834658 
-223.920273 
-263.928487 
136.909625 
-298.615987 
-107.159892 
91.558882 
-194.568337 
-68.247096 
-345.010966 
-130.013401 
-71.517226 
-231.284259 
-70.641039 
-86.952986 
126.857559 
216.648273 
215.716422 
-40.769986 
-135.774060 
90.978277 
81.365633 
-92.854319 
-246.037869 
-4.021513 
260.045864 
244.958606 
26.127895 
-251.393940 
-136.969385 
91.335125 
-117.399293 
-57.800292 
102.377822 
71.791277 
62.865536 
-64.616164 
-177.892157 
-16.652009 
0.508825 
181.564871 
2.512362 
65.377710 
-195.983895 
-143.748049 
11.125874 
-42.976303 
-83.390866 
139.893560 
70.610573 
-173.538551 
-21.334053 
282.545073 
69.840004 
151.788853 
-131.164005 
-35.466326 
184.251192 
-108.576980 
-115.300164 
-99.196867 
174.203818 
-60.780717 
46.527473 
148.236847 
-18.910522 
222.349447 
92.468949 
0.305227 
-665.146323 
-450.090108 
112.522341 
8.611707 
-262.744156 
106.385644 
-338.177070 
-142.332982 
32.766013 
-325.663605 
-54.063600 
61.231956 
-194.918671 
-34.067470 
-446.609160 
-138.279110 
1.605708 
151.787582 
49.108757 
15.190911 
-32.154264 
-42.979010 
62.471158 
-131.683279 
-157.482985 
-53.799327 
-64.615728 
-143.614732 
-69.670061 
-56.531041 
-140.763180 
6.446169 
-112.041267 
108.504989 
-175.524616 
140.968248 
99.709534 
-79.498293 
-100.331180 
0.464390 
-116.730326 
-169.387516 
67.877181 
216.710626 
41.736495 
59.722473 
-132.549561 
-254.222313 
-52.835845 
-46.550928 
-243.006147 
-69.473798 
717.572339 
-211.503631 
187.142171 
-21.335141 
-280.275883 
239.071490 
-174.939263 
57.527066 
-297.279075 
-52.954832 
-250.047557 
-236.376031 
-47.424753 
-121.606731 
-48.996993 
-50.603730 
-10.512961 
-193.072681 
-72.967147 
24.596483 
37.881447 
-95.300299 
-177.551462 
-169.001356 
-213.145296 
207.924720 
-105.949340 
-21.335943 
-16.727804 
-298.594452 
-10.513499 
7.484919 
-181.508811 
-21.335943 
-21.335657 
-313.333793 
-248.664413 
201.735871 
39.279926 
30.071081 
-143.131190 
-32.156164 
39.774860 
-42.976029 
-128.749554 
-48.200423 
-103.505720 
-183.283163 
-209.846102 
22.076668 
-211.963797 
47.623960 
-58.717031 
-185.795208 
-169.996997 
-135.999436 
-164.587024 
-16.483809 
184.251444 
-145.915568 
-185.904148 
-150.095499 
-64.723088 
-63.084383 
-38.251621 
11.126140 
-53.796041 
-433.614628 
-42.975140 
269.880122 
-142.021338 
-195.762180 
-245.776707 
-102.471229 
-2.840052 
-161.999782 
1.317572 
46.539450 
-199.110935 
-187.726987 
-32.154816 
-236.779534 
129.377865 
-127.276247 
-331.808318 
-198.661546 
199.940719 
25.942571 
-192.653289 
-115.367359 
-227.770281 
77.745100 
-161.999015 
-9.501813 
171.727125 
-161.997754 
-160.454655 
-161.999479 
-308.588038 
2.643963 
389.834623 
-302.813104 
-234.690657 
272.052673 
40.602124 
-230.180701 
57.290219 
53.413740 
151.787832 
-179.112805 
-75.593010 
120.519057 
-84.425075 
104.788288 
351.818457 
226.031476 
49.270185 
146.861253 
162.609385 
76.011804 
117.390647 
314.094520 
245.642986 
155.442700 
-530.134377 
-122.626362 
461.060830 
300.000478 
116.746613 
71.592744 
99.793535 
271.609574 
302.957577 
16.142273 
-141.255895 
4.862559 
64.719839 
86.503877 
357.376420 
152.278366 
149.093902 
21.099776 
109.925821 
251.369989 
405.140982 
83.577737 
-2.176508 
-157.411966 
379.017791 
85.190852 
357.235409 
-108.658806 
168.178829 
13.155714 
531.938202 
-201.731601 
400.658423 
112.307228 
-148.661316 
73.898683 
-66.856426 
-60.904177 
157.415808 
-106.364656 
155.690203 
-242.493961 
-159.945627 
-93.131774 
112.666798 
112.286780 
-3.849896 
-182.350145 
-314.858689 
-12.560576 
149.564965 
446.418703 
841.493905 
-188.014822 
15.789305 
113.966120 
103.770547 
173.220270 
158.325471 
-230.323192 
-235.866614 
-138.140953 
69.980190 
303.273505 
80.424896 
-20.313667 
104.062607 
184.250937 
218.865104 
-21.433392 
-207.263634 
216.711481 
-202.689602 
-159.515309 
310.834147 
-53.724705 
-51.252194 
218.464252 
-66.253798 
-2.445988 
465.578506 
124.712409 
-216.618989 
36.147152 
-42.580875 
-102.406167 
552.142976 
136.326504 
-112.157930 
73.060889 
-125.066350 
117.405520 
130.150134 
377.881613 
-125.137285 
-252.927829 
18.157568 
81.193136 
573.783327 
-181.280620 
108.510887 
146.522395 
268.249720 
122.965490 
223.714412 
91.856658 
100.219378 
-24.475358 
93.972719 
-156.400441 
-92.853354 
-251.470323 
-65.451337 
-183.609966 
-324.044845 
-40.175959 
240.621565 
-142.386391 
-130.318937 
-214.999751 
184.157660 
-167.431835 
-232.981703 
-29.996241 
104.472792 
107.623269 
-102.690200 
181.515310 
48.608717 
69.315968 
9.148310 
324.245020 
259.995182 
-148.095958 
112.597847 
-149.124279 
140.968871 
-208.924648 
-287.971720 
267.260873 
-114.472971 
95.925072 
125.400496 
106.849198 
-182.796203 
-218.453875 
-37.904706 
-124.950986 
314.280074 
-335.016665 
184.251327 
195.071503 
-12.482197 
134.785794 
-55.768845 
353.219295 
-39.672864 
154.069869 
-223.441321 
-85.842412 
-229.586477 
-136.025015 
61.122658 
-48.750781 
10.724060 
81.574002 
135.340263 
366.949695 
-6.231469 
420.954011 
314.096729 
186.505344 
76.049354 
-462.031480 
-341.869390 
21.001323 
-263.464552 
349.826779 
227.533405 
61.069746 
-628.215312 
83.578472 
-130.116397 
142.203925 
196.120945 
-228.311917 
-294.063532 
30.511616 
-156.668356 
36.771605 
281.634399 
228.743805 
-252.169757 
-31.545824 
164.179183 
-196.699376 
218.377393 
48.702654 
-138.779056 
-347.793623 
-165.677005 
20.036375 
-58.588489 
149.465591 
-216.370583 
-60.598639 
-230.460944 
-32.876367 
208.902870 
-130.507605 
-23.318758 
-327.984911 
-354.937295 
46.805655 
151.638286 
-137.237025 
216.709478 
422.295543 
-347.269668 
-218.416825 
31.240273 
-287.380403 
156.502298 
37.046705 
-569.979252 
-4.443737 
-103.989402 
20.016143 
-157.913156 
154.570113 
302.707083 
211.480578 
-155.120683 
270.812157 
130.148159 
140.967613 
86.866498 
55.530642 
-25.773734 
319.935264 
128.694560 
0.718901 
-388.853210 
-227.826078 
162.303537 
394.728464 
-186.850010 
-106.593363 
-214.204723 
-170.163964 
-88.364807 
53.725338 
-0.200503 
-26.778107 
-301.722042 
-408.619315 
292.453193 
18.552146 
205.937823 
-363.398328 
443.938409 
-212.242852 
-81.776367 
184.251547 
44.696367 
-151.314302 
130.147988 
57.293822 
-324.274081 
-255.335331 
266.756224 
-421.691577 
103.241444 
-122.459195 
-354.127935 
-137.672581 
-232.269780 
-217.602956 
-102.173237 
-284.450480 
-382.030691 
-34.185922 
251.587439 
90.344660 
-14.208521 
-117.070383 
-142.814316 
30.273312 
31.991369 
-171.316427 
-269.358916 
8.713451 
-211.342155 
138.714011 
-221.746515 
-126.995619 
-360.028275 
87.638215 
-257.410608 
-215.597578 
270.055583 
-198.590346 
-150.847979 
-86.258324 
-242.781065 
-27.569379 
-35.611148 
153.145367 
-8.867291 
-3.259888 
-46.529702 
-148.525166 
-32.156793 
-64.618720 
83.422300 
-41.958865 
-58.512217 
-288.959068 
249.171257 
-35.464513 
34.892672 
-42.936855 
-293.340399 
-334.459410 
-21.336842 
32.221923 
-89.860980 
-312.369812 
154.670763 
-58.811464 
103.453975 
37.183295 
1.375155 
228.782905 
76.539367 
119.326229 
-539.359602 
86.866713 
19.478110 
-73.409308 
-249.149421 
125.040958 
-338.489816 
98.123666 
43.585260 
-83.798574 
-359.946735 
-94.546645 
-280.790692 
-262.357602 
-681.205560 
-80.470975 
-143.148996 
162.609688 
-145.685692 
-133.421113 
65.225029 
357.373658 
185.294559 
10.492721 
-39.656919 
-53.793840 
-64.622416 
196.240202 
-115.832327 
-32.537145 
-107.396700 
108.915917 
-18.192328 
76.043865 
-195.811373 
-64.619944 
-66.106747 
-47.778104 
29.573332 
-235.180113 
-86.127832 
-440.758576 
86.738472 
281.630286 
70.477051 
-212.597308 
-215.706311 
83.470664 
-97.882811 
4.511134 
12.330273 
-119.695786 
598.671169 
-178.577557 
107.638468 
0.304530 
-77.725325 
170.244791 
-97.096843 
69.429688 
-190.964607 
-40.255764 
-13.194754 
-309.157918 
-115.221062 
-269.015666 
41.691773 
-131.776504 
-64.617540 
-301.791012 
-6.267511 
86.155440 
-691.603925 
-266.785643 
-207.678294 
-130.516676 
-241.793810 
28.776380 
-186.533850 
-64.617299 
-178.230788 
-88.973986 
-42.975322 
12.862677 
-211.651062 
-21.335871 
0.305377 
-74.115309 
-215.142061 
56.251044 
97.648285 
173.680853 
-198.199550 
43.585455 
38.431900 
162.609876 
-54.370998 
-96.714052 
-129.076666 
-339.210097 
-410.578549 
-32.147141 
-216.510987 
-193.866371 
-94.657064 
1.053381 
-207.000268 
-123.500186 
-191.321612 
39.835655 
-10.515802 
-124.401829 
-26.177095 
-77.083471 
-310.846750 
-162.312352 
58.972542 
-21.335635 
-32.155811 
-177.829998 
-32.155969 
172.998007 
58.346071 
-91.938380 
3.074456 
-302.122959 
151.495408 
-162.000683 
-24.283599 
-121.703005 
-104.776158 
-528.466023 
-162.000843 
-206.319879 
229.285757 
-223.117378 
-341.736357 
-204.703254 
39.547624 
-66.361134 
-15.747435 
-214.793963 
-190.587947 
-27.288328 
-162.001322 
147.086737 
48.683591 
-162.000811 
70.599302 
-162.000760 
-400.331003 
-12.443346 
379.019060 
-124.875525 
16.958592 
36.772248 
-149.688944 
-465.265718 
195.795000 
270.629458 
108.510606 
-87.576783 
-228.893052 
-181.423620 
397.208326 
-42.895182 
96.910770 
-64.850790 
-255.731778 
201.302006 
21.948097 
168.520092 
352.664740 
303.276079 
302.061499 
162.586765 
-579.198476 
309.125904 
295.990040 
322.734835 
86.238838 
32.510576 
-155.178049 
74.123449 
245.322333 
-60.002534 
-40.271262 
131.207324 
26.972623 
325.022027 
508.861242 
181.810927 
19.888193 
-142.929886 
164.582916 
329.819419 
509.582899 
-82.808790 
-116.429298 
61.768178 
357.374833 
-126.142905 
371.122411 
51.187466 
106.596872 
-258.029920 
281.800328 
-153.037875 
151.789266 
296.136040 
95.788227 
162.586578 
48.002452 
133.967789 
86.146923 
-2.114000 
289.398082 
-366.892565 
85.588217 
52.877799 
-220.119426 
144.234413 
13.538724 
27.521828 
-90.878754 
52.628867 
-156.935579 
259.701274 
464.857242 
21.939991 
-91.215788 
110.585639 
147.432666 
-17.086042 
-315.842793 
236.411561 
53.304354 
-84.946732 
-96.987009 
638.702385 
-136.046033 
-170.130435 
-178.533534 
-81.207657 
314.807652 
-88.287470 
-80.272545 
357.375167 
-113.060944 
-60.689372 
-15.419295 
66.037723 
59.459207 
37.014077 
81.371427 
180.310034 
205.889809 
-119.028062 
-186.362958 
-97.250273 
-92.244100 
-60.904944 
43.587645 
-16.297430 
-33.550237 
-35.353109 
170.211627 
-15.403051 
443.939813 
136.463697 
-174.199603 
-220.791177 
120.560393 
147.429171 
21.947762 
-121.522199 
270.809045 
214.506500 
60.674574 
-4.931825 
197.173419 
-70.102863 
249.138211 
-99.583360 
-201.347354 
-236.532119 
-242.957008 
1.396089 
-3.388825 
-595.377164 
157.231981 
85.142138 
306.403401 
-26.068870 
-196.654360 
-255.951864 
58.000054 
-666.139268 
-450.218222 
-131.790825 
-103.600922 
-223.950985 
-134.218053 
160.306820 
-8.716025 
-201.352435 
4.931498 
133.436666 
324.914186 
-102.893842 
196.858122 
-444.089362 
216.712425 
-24.314727 
-429.594772 
196.742320 
-34.555989 
-7.911374 
-14.230033 
-73.291165 
-304.391042 
102.020370 
-27.644734 
-254.168803 
10.819285 
-176.057184 
195.068781 
216.709264 
16.084057 
224.538750 
-39.214870 
-2.381233 
206.363473 
-88.521382 
-433.281363 
-62.472310 
-373.826144 
13.675320 
-308.116547 
-31.133689 
-349.730382 
-181.758731 
64.934705 
527.042176 
118.259669 
6.233421 
357.376253 
64.227253 
11.125031 
-21.282629 
-118.854432 
-98.519232 
-374.479788 
74.678928 
357.373903 
35.728436 
-491.337633 
-13.504809 
83.488434 
185.801037 
17.006881 
-317.867373 
-67.102706 
14.356103 
-178.544651 
50.854523 
519.679014 
68.057699 
-462.805863 
-82.569765 
358.100899 
-135.941278 
27.728593 
108.856385 
132.146429 
-169.587667 
-297.308363 
-33.080285 
47.444897 
166.899835 
-125.460269 
-384.147829 
-249.988181 
12.447971 
60.347665 
-6.482853 
-6.437239 
39.811879 
-377.806253 
214.447528 
84.610470 
-145.334234 
216.712314 
508.859963 
-288.390539 
-14.678263 
24.001302 
-196.391352 
83.909968 
184.629817 
-454.563062 
85.536910 
-324.164462 
-62.817874 
-341.536882 
139.719783 
-11.123834 
125.223829 
-290.419367 
335.734928 
130.149577 
184.250936 
151.788959 
156.825024 
-142.506545 
89.284091 
-15.809733 
-6.408504 
-255.762599 
-106.838518 
-12.826490 
274.117326 
-400.217901 
-88.345536 
-26.239307 
-48.153727 
-321.255623 
-141.611140 
87.919574 
14.690934 
-113.625266 
-255.440909 
357.375129 
-88.446096 
94.609583 
-34.924399 
400.655424 
-25.371238 
-178.919247 
303.272728 
102.213160 
23.756712 
65.226540 
103.458344 
-59.507460 
-302.544699 
34.116560 
-129.265405 
236.143897 
38.104509 
-51.328372 
4.190476 
-139.841682 
-95.711101 
-119.350241 
-152.780150 
109.802295 
-76.677259 
56.107327 
149.138673 
-406.951179 
-201.214015 
-45.839874 
49.405402 
-122.874928 
-198.080452 
-206.453002 
-100.412782 
-24.536762 
-140.720131 
-78.786057 
16.177655 
-433.530182 
10.124385 
-194.618722 
115.649599 
251.620073 
13.433995 
-93.344493 
-42.976636 
-83.639468 
-3.912312 
95.444680 
158.256566 
-103.827188 
92.201948 
-190.738048 
-145.457535 
-86.257628 
43.585066 
31.367775 
-198.169847 
-99.657219 
-196.624912 
184.250067 
19.866813 
33.328661 
19.312047 
-77.469169 
30.804889 
43.584947 
-78.750476 
-148.124938 
-75.173223 
10.839518 
-96.036744 
-92.572254 
-14.352072 
-149.049620 
26.445483 
-123.369943 
227.530345 
78.074079 
-347.299201 
190.786067 
2.227098 
-225.806532 
70.886713 
-230.940405 
225.940161 
0.304337 
-164.774593 
-245.758275 
7.718914 
-168.317713 
17.336820 
-151.729979 
-93.729724 
-116.473528 
54.405910 
-8.866559 
51.409990 
0.305514 
162.610889 
-78.671077 
-71.017216 
-208.312589 
-53.796774 
-42.977302 
296.501489 
-161.998867 
-43.615432 
-123.867042 
34.164352 
161.961872 
32.765814 
33.443146 
11.125860 
-133.613948 
126.224275 
-105.186464 
141.776800 
30.699882 
-170.957897 
-15.771084 
173.429396 
106.149540 
-51.303880 
-115.329289 
19.685813 
-232.586566 
56.755450 
-32.063326 
62.850545 
186.659715 
-204.024128 
156.985867 
0.304573 
7.261116 
364.569258 
-163.908341 
114.375242 
-233.363716 
145.669049 
90.265881 
-83.707905 
-120.093939 
-182.258107 
134.430216 
81.436390 
65.225991 
-286.922188 
-89.200688 
225.235177 
-522.452928 
-16.527302 
-75.357326 
-165.465919 
-137.907862 
126.795827 
24.363533 
76.045819 
49.060397 
-52.612775 
-42.977213 
-220.800734 
-180.002487 
-10.516643 
-10.516321 
-160.556968 
-239.626526 
14.364986 
20.721032 
-70.921461 
-149.042293 
-10.515833 
-210.588012 
-53.796932 
-17.342413 
-107.341493 
24.874819 
-310.840783 
-162.339750 
-46.351972 
-53.596644 
-139.092646 
99.207271 
-53.115600 
-190.873087 
-78.309064 
-31.245512 
-43.448585 
-86.256613 
42.390996 
-115.849128 
-191.633126 
-51.327349 
-32.140198 
53.109845 
-42.976092 
-10.515295 
-250.203295 
-10.514209 
-229.219839 
-90.684223 
148.113033 
-42.048240 
-186.193643 
-246.506388 
-161.998837 
58.077493 
181.004511 
-212.012357 
-323.364395 
-161.999324 
-38.912350 
-264.431345 
-255.958155 
-85.022697 
93.102476 
-147.678769 
-178.185513 
-230.859586 
-110.422769 
-116.719603 
33.654338 
-161.999498 
77.809403 
-289.691053 
-161.998684 
-74.720315 
-161.999417 
-316.540632 
-228.631602 
-162.000000 
-166.389379 
-167.959744 
-163.311143 
-166.420025 
-163.344138 
-162.000000 
-165.864884 
-162.000000 
-160.857716 
-146.593030 
-167.235245 
-160.087588 
-151.666177 
-165.266857 
-158.376407 
-163.029667 
-164.303499 
-162.000000 
-161.302015 
-158.819333 
-162.000000 
-152.916625 
-160.077456 
-167.889134 
-154.135475 
-151.065758 
-163.772707 
-158.784415 
-163.678808 
-163.102330 
-161.640974 
-166.310266 
-164.193367 
-164.015056 
-157.994302 
-148.260424 
-161.896331 
-162.000000 
-163.921544 
-161.062778 
-158.046114 
-160.283599 
-160.110885 
-157.930797 
-152.603102 
-160.198553 
-160.951727 
-151.179688 
-153.683016 
-169.514271 
-165.284998 
-161.063083 
-162.000000 
-160.217446 
-165.962452 
-162.000000 
-161.438189 
-152.625824 
-163.837124 
-164.981876 
-157.541655 
-165.954606 
-168.002165 
-150.276105 
-157.447671 
-161.651007 
-157.466639 
-149.305513 
-158.597050 
-165.687853 
-157.275364 
-159.817822 
-162.026529 
-161.690650 
-155.229998 
-163.397624 
-160.871455 
-162.336587 
-157.903412 
-152.628104 
-162.143446 
-169.676363 
-161.355055 
-164.330304 
-161.207989 
-164.760541 
-162.000000 
-163.315142 
-166.696984 
-159.267925 
-162.000000 
-162.436381 
-162.690002 
-165.469722 
-162.000000 
-159.840470 
-163.080257 
-165.200515 
-162.880335 
-165.190266 
-162.412189 
-165.014611 
-159.441372 
-162.000000 
-157.863439 
-162.531272 
-158.902690 
-162.474949 
-163.863203 
-162.000000 
-161.124294 
-158.503184 
-157.596578 
-155.342448 
-162.327181 
-162.000000 
-161.238819 
-156.507711 
-159.341888 
-163.711181 
-167.285280 
-162.000000 
-162.050471 
-162.000000 
-165.623723 
-155.609034 
-158.376672 
-158.476426 
-158.620167 
-165.988044 
-164.077805 
-160.927721 
-161.720091 
-160.395767 
-147.869507 
-158.981381 
-165.706769 
-161.501039 
-161.897965 
-163.153698 
-162.000000 
-167.248441 
-159.010572 
-156.661686 
-159.177801 
-163.995665 
-167.241872 
-160.209249 
-163.245890 
-158.937322 
-158.202858 
-166.965738 
-162.654361 
-167.651014 
-160.946188 
-151.179688 
-157.526564 
-161.409735 
-161.600828 
-162.000000 
-159.135282 
-160.463865 
-161.432895 
-160.770803 
-160.253247 
-159.728522 
-161.613585 
-158.778109 
-162.092696 
-160.428907 
-159.621812 
-155.889947 
-167.616072 
-162.000000 
-162.000000 
-167.233331 
-161.124293 
-160.711111 
-160.522116 
-163.583834 
-161.355530 
-166.239730 
-162.937989 
-163.452250 
-162.573149 
-160.427966 
-165.579839 
-166.339151 
-165.575243 
-160.354830 
-160.867646 
-168.651608 
-163.671144 
-162.000000 
-162.553373 
-162.000000 
-159.516257 
-158.808736 
-163.108199 
-157.413480 
-163.203368 
-162.000000 
-163.146978 
-160.437230 
-162.447125 
-156.288934 
-152.880437 
-164.263418 
-166.043679 
-159.368938 
-161.693269 
-161.864925 
-160.887441 
-162.000000 
-157.701072 
-162.000000 
-155.842347 
-155.209933 
-164.981876 
-160.798221 
-158.403719 
-163.241175 
-153.376742 
-156.128713 
-161.219979 
-159.046642 
-156.879237 
-163.996284 
-164.458144 
-160.924707 
-163.931577 
-163.792886 
-157.196701 
-163.063502 
-164.847297 
-160.391677 
-158.542638 
-158.582321 
-160.682494 
-162.000000 
-162.000000 
-164.366717 
-155.529317 
-160.024145 
-159.501916 
-156.419188 
-162.699216 
-152.560531 
-160.277696 
-160.807170 
-160.485799 
-159.902613 
-163.852364 
-162.513201 
-160.124059 
-163.205459 
-162.000000 
-162.000000 
-162.000000 
-151.179687 
-161.124294 
-170.147013 
-164.851016 
-156.375841 
-162.045196 
-166.067952 
-153.097618 
-159.931453 
-154.599133 
-163.839094 
-163.787285 
-163.105224 
-158.589630 
-163.828972 
-167.710803 
-157.356339 
-159.210314 
-159.446842 
-157.433375 
-162.000000 
-159.802090 
-163.232945 
-168.251474 
-162.000000 
-164.060541 
-148.741932 
-162.000000 
-154.841689 
-159.266783 
-162.000000 
-162.000000 
-168.518342 
-159.882948 
-151.179687 
-159.806202 
-154.803410 
-160.871842 
-159.327173 
-163.472899 
-164.083083 
-164.871261 
-162.084962 
-160.709185 
-161.778784 
-160.189147 
-165.948328 
-159.739856 
-166.906416 
-162.820975 
-165.633602 
-166.401079 
-165.540226 
-163.921177 
-162.625589 
-159.387717 
-163.609126 
-158.292557 
-164.995844 
-154.369953 
-156.680133 
-165.884808 
-153.693448 
-156.922781 
-164.193368 
-162.197257 
-156.729257 
-162.000000 
-167.354125 
-157.508343 
-159.695352 
-164.811673 
-162.820975 
-161.952684 
-163.213558 
-160.458745 
-162.000000 
-162.000000 
-165.278265 
-159.720959 
-167.920554 
-162.000001 
-151.179688 
-158.326991 
-159.274538 
-154.894866 
-154.994566 
-161.905587 
-162.000000 
-162.000628 
-165.480390 
-162.233144 
-154.793325 
-157.586197 
-156.699789 
-158.702915 
-164.129511 
-160.918408 
-157.093752 
-162.000000 
-162.000000 
-162.000000 
-159.940289 
-162.047264 
-156.894071 
-157.285058 
-164.831740 
-164.768773 
-162.000000 
-160.934277 
-154.383881 
-157.398269 
-164.906906 
-162.676838 
-160.110885 
-168.247175 
-165.091017 
-162.000000 
-156.132472 
-155.011153 
-162.000000 
-162.000000 
-164.409473 
-164.227951 
-164.768773 
-162.000000 
-162.000000 
-151.067996 
-162.000000 
-167.492558 
-157.492824 
-161.726237 
-158.241519 
-161.999999 
-162.000000 
-161.999999 
-162.515458 
-161.807371 
-167.868069 
-154.739507 
-154.955371 
-163.334019 
-160.836398 
-161.999999 
-164.344452 
-162.176825 
-162.474949 
-160.785081 
-161.015272 
-146.433550 
-160.703661 
-159.741120 
-162.000000 
-159.835638 
-162.604636 
-162.000000 
-166.001071 
-162.769664 
-159.765750 
-162.059587 
-160.052057 
-163.423664 
-163.371443 
-163.906542 
-165.956841 
-164.185581 
-162.878478 
-164.677003 
-162.000000 
-162.161880 
-152.058048 
-168.065755 
-160.689728 
-159.950892 
-162.157823 
-165.419136 
-160.527918 
-165.504881 
-165.299136 
-162.000000 
-162.803550 
-162.085728 
-162.000000 
-163.938490 
-169.061280 
-162.000000 
-162.000000 
-163.138986 
-161.785751 
-163.061582 
-165.526130 
-159.317174 
-164.266536 
-162.000000 
-157.731732 
-162.000000 
-158.290461 
-166.941322 
-162.822385 
-162.260529 
-157.279856 
-161.590893 
-166.552217 
-159.911295 
-162.713608 
-164.029090 
-159.235595 
-155.872689 
-156.468338 
-161.554736 
-162.000000 
-162.170839 
-166.036815 
-160.019319 
-159.327172 
-160.338088 
-157.401659 
-162.000000 
-162.000000 
-160.561142 
-162.000000 
-164.338549 
-156.760001 
-152.688243 
-161.518786 
-167.216389 
-159.965840 
-162.000000 
-159.789542 
-158.025515 
-160.231491 
-158.478363 
-162.000000 
-164.836875 
-161.632330 
-161.176427 
-157.374651 
-161.685469 
-159.807610 
-154.534164 
-157.784027 
-160.844114 
-164.146867 
-163.237805 
-162.000000 
-159.943718 
-156.139984 
-162.000000 
-160.860900 
-162.000000 
-165.969142 
-164.673510 
