-9.624695 
8.155783 
8.642065 
13.240078 
32.920240 
46.965267 
74.333658 
84.868986 
87.875220 
77.708619 
72.928237 
72.479723 
79.316749 
74.841176 
60.007259 
40.230144 
13.326255 
-22.718229 
-25.874832 
-37.751843 
-47.256786 
-58.374882 
-57.399489 
-54.458915 
-63.915710 
-80.575067 
-92.411651 
-72.563787 
-60.034859 
-57.098886 
-55.018378 
-50.350073 
-53.824967 
-42.670016 
-41.420157 
-23.887326 
-28.766721 
-36.004382 
-50.250166 
-50.532143 
-60.511285 
-71.555895 
-69.566584 
-79.856261 
-98.320863 
-94.510984 
-87.563940 
-66.898355 
-58.375155 
-41.783118 
-39.230947 
-21.833318 
-13.263341 
4.085698 
0.533765 
-2.929301 
-9.625171 
-4.657588 
-21.062585 
-35.592380 
-17.509293 
-12.062294 
4.117939 
16.317510 
29.526511 
13.336021 
25.512902 
15.200740 
15.762716 
6.731684 
2.228593 
6.120839 
9.473994 
20.312320 
26.703117 
41.011458 
45.794184 
51.244036 
42.265738 
39.902529 
27.944331 
28.678493 
23.816880 
18.198985 
23.490447 
41.690737 
42.797373 
39.125194 
22.561797 
24.623655 
18.124887 
31.000197 
49.472899 
50.302888 
52.215596 
39.125185 
24.486172 
37.613600 
67.948431 
62.378448 
45.626646 
37.649695 
51.345488 
43.987030 
39.125228 
33.549436 
31.152268 
35.528052 
46.632119 
40.818586 
39.124989 
44.426357 
36.141340 
20.728032 
20.378457 
36.144229 
39.125143 
41.153518 
22.756146 
28.973571 
44.306517 
49.465775 
71.624842 
98.524014 
104.125149 
97.317132 
94.948956 
110.498286 
108.259044 
93.166150 
85.406713 
74.941789 
60.301152 
63.481115 
67.275086 
58.726802 
38.750679 
22.604272 
17.767660 
21.495157 
20.688906 
10.179613 
8.311757 
-9.278260 
-22.484910 
-30.852331 
-9.907402 
-11.336000 
-9.045719 
-18.147680 
3.805835 
9.917363 
20.163575 
6.079828 
0.190381 
1.091052 
-9.624847 
-10.885731 
-33.475671 
-35.336953 
-25.874903 
-23.018035 
-31.069402 
-9.214429 
-1.100013 
5.545074 
-6.175811 
-8.764305 
-26.463957 
-25.891915 
-17.949478 
4.442200 
13.225175 
13.260647 
22.874915 
31.000199 
31.165922 
13.804342 
19.368668 
2.505682 
3.633201 
6.056220 
16.792235 
19.003032 
17.923537 
5.743515 
8.762094 
5.134740 
7.915249 
9.797092 
0.037751 
-10.100650 
-25.545056 
-37.938011 
-42.124865 
-38.553841 
-25.874876 
-41.075060 
-63.600158 
-66.121324 
-67.740600 
-67.135017 
-58.374953 
-46.304599 
-39.357793 
-17.189495 
-19.166484 
-8.153707 
-4.787730 
-9.932354 
-32.851251 
-46.947722 
-42.854808 
-37.154939 
-25.874947 
-32.707657 
-18.833358 
-8.577267 
9.476023 
14.990903 
8.733925 
11.142787 
26.852037 
28.228701 
22.760115 
15.303804 
19.367968 
26.563893 
2.067943 
-0.728900 
5.973210 
13.061877 
26.328261 
35.311693 
40.394625 
38.515108 
33.621579 
41.723224 
46.517254 
43.818015 
39.125034 
55.375086 
46.612854 
47.572567 
51.246605 
64.778476 
66.833672 
73.038465 
58.787579 
77.180398 
81.681133 
61.991197 
72.873621 
77.019122 
73.538131 
51.745513 
44.554233 
31.000068 
39.125188 
14.750119 
22.875202 
18.426268 
3.000852 
-8.561510 
-3.760142 
10.670211 
18.131830 
25.036628 
29.232218 
46.638611 
24.171023 
30.929901 
33.992927 
10.771917 
-1.898611 
-6.714412 
-3.155151 
9.243325 
3.653553 
8.410890 
22.874990 
14.566680 
19.839146 
21.776230 
14.749954 
22.031222 
17.878822 
6.624957 
14.640056 
3.471291 
6.625004 
4.999814 
-24.387528 
-40.929818 
-49.742100 
-49.781213 
-40.807563 
-47.623329 
-45.661048 
-36.859650 
-31.508087 
-39.380523 
-35.356979 
-44.510002 
-37.463678 
-33.433084 
-4.574927 
-4.413185 
-1.120651 
-14.087381 
-1.438389 
-2.963215 
-5.672925 
0.553692 
7.523336 
18.878893 
11.530987 
3.660151 
-12.394921 
-11.248562 
-15.942088 
9.904739 
17.279019 
24.929398 
9.329954 
2.733504 
-4.984448 
6.624954 
23.853773 
32.761153 
32.624579 
37.896658 
26.537883 
24.571332 
17.659541 
-9.107678 
-17.750089 
-25.875078 
-22.569960 
-16.089263 
1.946617 
4.999725 
6.624945 
1.587302 
6.092399 
10.860303 
5.988162 
15.123597 
22.874970 
38.057609 
17.951211 
15.940173 
9.525093 
-8.971959 
-11.583929 
-9.450316 
-15.397409 
-8.083164 
-17.905516 
-9.624921 
7.133047 
-14.702959 
-2.047346 
8.338307 
-2.205977 
6.800223 
15.490029 
9.404971 
6.625129 
-3.306155 
8.955818 
13.055390 
34.466668 
36.222395 
34.198887 
25.491637 
28.297478 
6.625012 
5.252791 
-7.280396 
-17.749852 
-9.624820 
-26.818951 
-12.328009 
6.696719 
39.125373 
39.125486 
46.686504 
48.333841 
46.342132 
27.912514 
15.156955 
2.910239 
-1.499476 
-5.054476 
-9.624729 
-0.915136 
8.120381 
20.787438 
18.265414 
15.591910 
-2.409060 
-30.110746 
-25.874397 
-28.885840 
-39.670980 
-22.701329 
4.662173 
25.476172 
8.877375 
1.320692 
-4.169261 
18.019081 
-3.791057 
10.501158 
39.125249 
40.431438 
43.574651 
29.621962 
16.630226 
6.530635 
4.097780 
11.782461 
39.951790 
26.774798 
23.522941 
28.156872 
33.346681 
31.000073 
37.322631 
39.996807 
49.175615 
49.630441 
28.693591 
13.218767 
-2.069464 
-8.407212 
-17.079647 
-29.064335 
-50.250021 
-41.780285 
-54.153289 
-58.374894 
-57.377509 
-55.056818 
-42.124981 
-42.124961 
-36.158663 
-32.485177 
-27.968041 
-18.266863 
-0.185425 
-9.358334 
-1.499969 
-6.237072 
-9.624961 
-13.788651 
-24.639585 
-17.777080 
-12.162970 
-15.540280 
-18.818106 
-17.223091 
-17.754742 
-11.019128 
-4.842548 
2.188734 
25.265780 
23.335684 
24.470102 
22.875061 
32.381302 
17.611429 
23.307493 
27.463974 
30.591027 
37.363592 
22.875029 
22.874955 
3.770143 
-9.624995 
-28.599871 
2.251570 
-6.548968 
-5.403429 
-21.608568 
-31.135274 
-25.875013 
-22.287819 
-21.552171 
-14.389385 
-15.538250 
-37.554708 
-19.493851 
-24.726866 
-6.959581 
-11.604552 
-21.522893 
-30.781199 
-11.831279 
-19.079070 
-15.411807 
-13.653345 
-10.250744 
-9.625168 
2.565462 
-2.329002 
-1.500200 
-8.381178 
-17.750219 
-18.632530 
-21.532834 
-25.876409 
-140.677743 
40.426747 
94.627822 
42.425110 
-39.240513 
-21.001486 
116.116138 
6.623692 
-127.192842 
86.093976 
-69.125011 
28.628085 
10.196188 
142.057184 
106.725804 
-28.781187 
47.340016 
22.873880 
84.092858 
52.714833 
6.623993 
-40.329490 
87.446560 
79.116497 
-23.696433 
-169.309861 
11.821283 
3.678989 
129.708639 
114.546426 
-13.082979 
-20.283987 
46.278742 
-8.158013 
208.930034 
4.986538 
112.771754 
55.375980 
116.960700 
-74.454632 
-49.942204 
-33.451011 
67.713085 
286.496448 
22.060701 
-33.335544 
96.248953 
22.878302 
77.274694 
76.661920 
10.896730 
64.649289 
-29.427427 
21.278261 
-42.391701 
-25.872372 
65.079432 
-39.762579 
-52.780862 
-78.731753 
38.188244 
-72.789379 
98.606615 
89.739435 
128.989895 
152.011558 
-100.546286 
-21.476953 
66.382480 
190.777333 
-1.563687 
15.663272 
140.338397 
14.223227 
43.508301 
199.966913 
16.518358 
-8.921916 
-32.049104 
101.018423 
99.952855 
52.003251 
-14.569399 
164.880638 
104.886601 
56.130209 
388.498377 
-49.820479 
232.560200 
64.838553 
230.331368 
133.787768 
-67.480615 
206.837984 
339.748803 
23.803644 
-44.718852 
180.011252 
89.530176 
-67.172222 
-8.902957 
72.863878 
18.491423 
169.124205 
152.842662 
-125.572817 
201.625182 
60.542615 
63.455631 
112.248738 
217.807159 
-21.791078 
20.783641 
-152.808432 
104.425712 
87.870087 
163.914388 
-244.040900 
-45.856493 
107.759806 
35.707356 
96.000478 
-242.231740 
234.122392 
-77.528206 
77.779732 
-97.547349 
108.795805 
20.704317 
12.175442 
-201.030590 
-143.550957 
131.109903 
7.796297 
-69.907131 
-76.169254 
-49.657212 
14.641241 
-196.381554 
7.988051 
5.102371 
122.808059 
-46.520363 
128.187127 
-342.422192 
-381.375742 
-82.248576 
-63.006519 
45.263435 
-48.741376 
76.759594 
219.192840 
-26.897667 
44.752440 
-100.105974 
104.127025 
-45.724636 
73.957089 
-386.208493 
217.875734 
-21.859503 
-71.431053 
101.554461 
-93.653045 
89.943098 
194.769838 
-335.100209 
97.218598 
-88.916613 
-20.803120 
273.726642 
-81.202368 
205.483061 
22.874076 
87.873875 
221.073902 
-421.217060 
-108.384662 
-56.458810 
66.368384 
112.824814 
9.138765 
-101.256987 
55.801152 
36.967875 
-140.400734 
58.643997 
3.004288 
-31.327761 
31.585554 
-14.500229 
-36.474045 
-57.384890 
-9.626292 
161.353523 
217.873698 
-264.565066 
19.418025 
-109.279957 
144.003459 
-63.513763 
55.374003 
142.536701 
-236.721309 
-77.871839 
16.795378 
-172.270818 
56.066143 
-101.878535 
-51.180101 
-184.084609 
-74.940921 
-28.708097 
152.876505 
-1.213704 
-16.125909 
-83.778738 
134.327770 
-13.732193 
42.473559 
-105.951063 
51.544794 
-108.510791 
-10.049993 
-129.566681 
-54.174306 
47.160182 
-197.305051 
44.837931 
-73.564837 
47.835209 
-64.275799 
-37.700117 
109.328497 
-118.347861 
-32.328641 
230.585374 
-127.308752 
99.774017 
-9.625592 
120.374948 
-44.875312 
-132.181738 
134.951713 
-0.958138 
-135.397716 
257.332168 
-243.393236 
109.544724 
-96.576279 
160.648955 
-10.381109 
299.167760 
-248.903060 
97.752558 
-107.969786 
39.123336 
258.498457 
39.123060 
242.248431 
451.806899 
-226.147836 
190.464870 
-49.221267 
251.328491 
-143.416963 
-44.896450 
-60.295235 
218.883135 
-199.086470 
25.149835 
50.584936 
-151.977918 
-52.340415 
-57.610053 
-47.444067 
124.300060 
-53.909516 
84.684495 
112.249354 
-90.348801 
-50.728650 
45.217164 
6.624334 
55.389152 
-243.858702 
177.251214 
63.859071 
-69.429672 
71.624575 
109.003199 
-135.751307 
-86.546297 
-195.993964 
-139.326950 
-101.901932 
-26.642712 
3.374668 
136.437974 
-161.555780 
44.550938 
169.971398 
166.249069 
-82.955080 
23.342619 
196.505614 
-34.289675 
25.211518 
237.742825 
79.453853 
66.033018 
-50.375268 
-146.005438 
-118.248315 
39.401708 
107.674204 
32.428486 
-11.947478 
-26.546364 
-159.019998 
140.750838 
24.118520 
10.400657 
141.610667 
-70.260416 
14.229090 
136.624114 
-11.828912 
174.253549 
49.119211 
91.036381 
-192.884261 
157.152976 
-121.415304 
-47.999585 
-9.625916 
160.998004 
137.363543 
-158.765766 
126.265689 
-81.666075 
6.624098 
73.951507 
-35.312295 
-31.029836 
-241.027780 
69.327435 
209.749277 
102.630881 
-113.861271 
32.183866 
15.377666 
-140.723611 
55.442351 
-146.448397 
-49.409958 
3.822577 
-82.196966 
144.749453 
-85.799364 
0.024215 
-10.933744 
-67.957228 
-144.645843 
101.817344 
-133.844770 
94.601464 
160.998849 
68.931972 
-127.454785 
31.495219 
-52.106228 
-60.044548 
-288.070567 
-181.869164 
67.358690 
63.501202 
16.931885 
-32.498476 
6.622697 
120.376784 
48.830187 
-73.864655 
-123.685904 
6.626117 
161.000569 
62.879503 
-168.332402 
-31.587907 
58.289645 
54.004919 
14.850672 
-42.124603 
-34.507175 
128.499813 
22.696623 
54.032729 
100.900894 
231.849781 
-28.055399 
30.772548 
27.988266 
14.745463 
100.277348 
6.488151 
-43.458216 
-55.643834 
95.497371 
-162.925550 
123.241383 
-26.340046 
274.658417 
-76.848020 
81.846626 
112.249002 
-119.108040 
415.253061 
89.149095 
194.123002 
-267.089972 
11.438624 
-55.308428 
-43.940982 
12.519887 
-150.968194 
-8.181483 
111.454408 
-9.625585 
-132.885701 
-49.294789 
-24.665964 
-46.156174 
17.014291 
-61.817616 
127.548666 
31.538386 
152.429141 
-39.741298 
31.001612 
-45.283141 
-94.956365 
14.750800 
-99.189960 
-189.832349 
-1.500307 
-42.123969 
-122.920247 
-119.302186 
33.029062 
-21.267213 
67.441838 
-210.055670 
-9.625180 
-55.720812 
-9.625628 
-8.551430 
-99.529176 
-4.593223 
18.805513 
-374.613811 
154.010515 
-138.094144 
-8.814432 
44.516008 
-156.965943 
-77.991630 
40.366381 
-204.731991 
-45.448051 
22.874710 
49.058070 
97.055298 
-240.172054 
-134.751256 
0.229359 
85.876370 
30.998192 
39.124745 
-110.076581 
47.249400 
-90.319131 
-69.902035 
-83.485480 
-82.032299 
81.456887 
38.481788 
-25.876208 
-11.757925 
-83.293169 
-207.844299 
-163.428872 
-86.304424 
-27.373223 
84.354226 
-54.142938 
4.764092 
-93.352966 
-78.118307 
-76.373271 
-199.029496 
-30.505100 
-43.432954 
95.222755 
6.624610 
-48.322403 
-31.448438 
14.749983 
21.400253 
-98.999710 
-163.729649 
-31.040941 
87.878382 
-98.558022 
43.180591 
253.321918 
340.610118 
-214.863493 
-38.330067 
161.151136 
120.379643 
-267.127757 
172.754359 
1.415018 
83.491174 
88.233165 
135.180426 
269.390988 
29.953438 
58.358066 
209.753120 
98.043980 
-66.307812 
404.753695 
156.168800 
139.251076 
94.588475 
129.530425 
-245.197090 
-20.117927 
167.042162 
36.702130 
145.362623 
34.955915 
195.099556 
170.415259 
28.548892 
207.786347 
192.298208 
121.544032 
136.625622 
267.163843 
-0.331769 
-184.782200 
-37.331138 
122.675237 
399.716508 
130.394313 
-174.153867 
42.092587 
282.876130 
29.409364 
461.950309 
159.714826 
215.357505 
132.055275 
143.911533 
124.379342 
746.000846 
-51.404140 
114.526338 
-24.887085 
24.729460 
78.188943 
-72.086419 
120.412715 
198.195727 
-44.389216 
223.986610 
-13.116443 
132.248073 
117.826942 
340.299538 
116.509788 
-6.501097 
51.860822 
112.353048 
159.094777 
546.094450 
9.615559 
43.543846 
-21.035196 
151.343080 
282.578439 
191.820113 
-80.369520 
105.019477 
163.540005 
-11.623473 
274.752289 
-160.122672 
228.594678 
145.280317 
161.000569 
70.077845 
-179.687641 
-0.714964 
356.002133 
-35.269798 
64.350538 
96.160736 
173.415907 
-164.149663 
-99.812160 
204.087149 
-199.392171 
250.375958 
131.869812 
-302.161381 
270.212385 
69.078785 
164.954387 
128.499801 
84.217264 
-162.016268 
-56.745964 
-291.327035 
118.199786 
144.751370 
114.007853 
-262.312797 
-246.288025 
167.468292 
-38.888217 
144.750465 
-280.321417 
201.624530 
-118.143598 
88.958691 
30.858138 
104.199292 
-169.108231 
157.777371 
-318.406035 
-252.291186 
5.579851 
57.435571 
-28.813850 
-119.204716 
-79.251553 
-170.350001 
-120.435741 
26.594062 
28.455922 
22.662615 
-269.774045 
42.569965 
-283.777439 
-282.857513 
-159.647365 
31.032295 
-76.924984 
-82.916487 
-15.835786 
211.682545 
-80.605166 
53.915123 
-57.889858 
87.873731 
-40.339805 
8.173615 
-266.401537 
282.872645 
-64.818141 
-93.299651 
164.155756 
-47.426502 
141.040960 
137.427984 
-295.555405 
113.001071 
-95.813839 
-242.368168 
170.445862 
-109.026446 
-40.064068 
6.626180 
116.314456 
201.693744 
-122.624828 
-40.172343 
-182.833519 
-92.636779 
458.917282 
-50.887454 
4.388008 
-17.772852 
-48.456111 
-172.778927 
74.016023 
52.502628 
-2.723781 
123.957421 
50.470702 
16.267165 
95.770238 
169.129493 
174.272284 
307.250717 
-427.121165 
-100.129369 
-77.337144 
47.443329 
11.547998 
152.877017 
-55.006478 
-281.944831 
9.307324 
-345.674525 
-65.990780 
195.610638 
-64.612866 
-79.667020 
-213.246749 
-102.074552 
19.852356 
226.001516 
-53.022962 
-25.873130 
-165.149514 
101.644848 
114.102395 
87.305280 
-100.076428 
124.632384 
-220.147046 
37.821661 
-84.967626 
-113.182099 
-68.713669 
-214.214179 
60.691852 
160.379319 
-60.678453 
-99.455521 
31.078669 
80.707577 
35.443351 
-125.085571 
57.906711 
-137.326201 
-25.765219 
39.125806 
534.748680 
-230.777309 
-50.584473 
-116.948196 
-33.083429 
-104.047783 
101.399153 
-477.758906 
99.642763 
9.014238 
88.805428 
-47.604551 
259.076482 
-174.198046 
-36.488168 
-82.208974 
209.749761 
-25.874084 
209.748111 
87.874904 
84.216493 
-77.796550 
321.975921 
-31.795055 
136.815802 
-235.076714 
-169.126614 
18.964342 
270.651642 
-212.533309 
-46.230564 
67.296616 
26.069461 
-304.360500 
-76.491773 
-197.077523 
142.467761 
-84.894736 
116.855771 
128.500055 
44.964901 
-32.261421 
-110.364224 
242.249294 
-87.717188 
-274.005286 
71.624516 
136.867295 
-43.783388 
339.750246 
-3.669463 
-114.240454 
-202.063563 
-337.164887 
-59.712746 
-85.642890 
-32.015545 
-103.666291 
181.657243 
-30.100637 
41.921649 
96.695171 
159.394274 
-114.323409 
76.322202 
116.837033 
-38.970243 
47.973273 
200.480104 
56.820308 
125.905911 
-84.603175 
-74.779132 
-98.149634 
-8.931091 
168.185686 
-54.897904 
-80.663051 
-74.776440 
-238.526168 
187.443336 
7.613942 
10.658913 
83.745931 
-55.704144 
241.595697 
372.249606 
-488.545121 
163.867234 
11.156865 
72.669837 
-51.392496 
192.859766 
-205.417144 
-73.174506 
136.623177 
144.748984 
146.952240 
-80.976089 
31.903459 
-246.331207 
258.499465 
-84.658992 
12.384727 
15.199534 
-282.170594 
-140.256090 
112.249213 
90.809265 
78.930233 
-110.688797 
-195.532701 
51.625170 
167.974657 
-15.981203 
20.597215 
-13.621768 
-177.776603 
22.874837 
-109.157138 
-230.523741 
-53.474619 
-218.331767 
-49.445232 
201.022594 
-189.354129 
206.797462 
22.875260 
-115.104895 
-207.610432 
-0.389018 
22.540377 
-52.243505 
-273.120742 
41.192438 
131.918740 
-17.750374 
-21.310859 
-9.238275 
120.372505 
144.749697 
-24.265524 
-42.550286 
-146.368520 
209.749950 
112.250810 
87.494261 
-99.000911 
-141.033368 
205.763474 
232.892492 
41.373779 
160.998710 
-266.582611 
-25.875234 
-4.446864 
49.045388 
110.979336 
188.651052 
-137.392470 
54.170172 
146.343787 
185.368683 
204.325566 
-93.398314 
25.745097 
-229.416236 
11.929501 
-147.434445 
-32.526452 
-55.318354 
220.257368 
-18.159039 
102.907402 
95.999245 
-106.883562 
40.086586 
9.988002 
106.999843 
-252.588661 
-39.924992 
19.799899 
-62.932929 
53.083494 
48.371093 
-53.291016 
33.256066 
-42.125591 
-173.595154 
110.037983 
-161.966531 
-256.899208 
165.483031 
-179.681435 
-12.317956 
57.715672 
-4.092558 
-109.229010 
-9.624517 
-141.467628 
-194.160441 
-1.498822 
-144.029575 
-238.847381 
-9.624818 
6.625867 
-174.972392 
-111.985763 
-141.626435 
-36.965242 
18.092132 
-166.390209 
47.252434 
-110.024176 
31.002462 
-127.826893 
-68.933239 
-110.991882 
34.351668 
-308.301227 
83.744452 
-245.487653 
-46.294375 
-63.068833 
-83.701065 
-120.057225 
-41.461679 
-145.027284 
-20.948053 
14.751850 
28.631620 
72.176582 
-224.239747 
-128.037691 
13.926580 
143.902192 
-9.622879 
47.252547 
-93.586386 
-17.746497 
117.950268 
-101.102350 
-81.088826 
-179.719461 
-77.446247 
64.431867 
-1.497202 
23.281247 
-76.676572 
-68.035536 
-187.577901 
-133.529099 
-55.603541 
37.820794 
-60.602613 
-122.555938 
-134.113092 
47.790872 
-77.413968 
-175.551996 
-23.440505 
1.662971 
-32.429883 
-1.497958 
-26.574290 
76.352745 
-98.998660 
-68.373549 
-98.998712 
-233.027609 
-7.866406 
307.249159 
33.977173 
-214.110763 
228.807192 
-161.447374 
-116.779679 
-47.001456 
32.719980 
201.623943 
-176.987128 
157.224380 
46.131142 
159.804001 
29.451604 
243.297226 
46.885245 
-40.208931 
-30.221055 
39.124337 
128.294230 
101.398456 
71.624909 
157.834824 
157.839497 
-244.301497 
-60.405188 
-104.062365 
279.141037 
248.496323 
60.222195 
258.024815 
82.721249 
148.892593 
63.583094 
123.491201 
21.513153 
108.487458 
-244.612397 
201.625330 
241.309981 
56.948488 
21.235465 
125.413382 
-47.584867 
264.189950 
201.653628 
215.710074 
-141.876785 
177.251485 
12.775523 
251.328422 
-133.096867 
95.197277 
-106.108659 
131.897610 
-6.180964 
274.749998 
74.093694 
-75.585253 
49.907543 
103.126840 
132.828847 
61.544664 
-31.205812 
227.376759 
3.123577 
216.002685 
-94.719690 
-193.932566 
258.194930 
-21.831960 
135.716655 
89.348969 
-60.530734 
35.174355 
173.762672 
579.235079 
205.886215 
23.135861 
-56.936633 
46.696236 
180.017239 
-15.531544 
-92.381015 
5.136031 
-45.356297 
-43.811095 
128.499488 
-77.064971 
260.941611 
139.137126 
152.332866 
138.550870 
63.098046 
-140.542340 
323.498961 
-57.856920 
134.096292 
112.215962 
67.031570 
199.880058 
-116.564023 
-2.278944 
-90.241786 
315.373903 
261.418933 
-340.325209 
-156.382126 
111.744866 
-173.737842 
55.373078 
192.730374 
-6.630759 
164.802696 
-212.487076 
-142.440823 
234.124706 
86.120962 
-202.152169 
-10.776976 
239.940331 
26.260182 
6.622518 
38.275628 
274.749845 
115.787603 
5.952050 
-116.864413 
220.972564 
-124.461728 
60.464018 
-25.430211 
108.824177 
58.658621 
-10.505986 
-113.815201 
15.131224 
-359.053715 
-88.476229 
-15.488183 
-30.615507 
57.914210 
-54.488299 
-126.835512 
207.889026 
-48.602800 
-139.614777 
-139.786320 
-125.211247 
183.599934 
116.344956 
201.167722 
8.189488 
-117.088124 
48.056584 
1.200423 
372.250080 
67.784798 
-124.149781 
-170.046220 
339.749207 
38.231776 
-109.121862 
131.836983 
-40.696293 
76.691146 
37.079195 
-139.344657 
44.906270 
-62.844151 
-171.967969 
69.654908 
-4.650801 
-210.009792 
55.374511 
161.000992 
126.841301 
123.974377 
-2.399582 
-134.520458 
79.624067 
-79.942091 
-192.409427 
0.515867 
-85.446821 
-161.967001 
-84.395956 
134.460609 
79.009855 
-6.323838 
288.699544 
-65.049426 
-58.819173 
-6.716882 
331.623880 
46.452403 
437.249532 
-230.576290 
96.684456 
-104.581073 
-80.553872 
-5.517268 
136.624467 
-26.974911 
-670.526849 
-431.301362 
401.478837 
-9.112898 
181.850941 
-148.362134 
142.781826 
128.600179 
-73.203312 
-81.815741 
323.499511 
-11.937279 
-43.749726 
-143.594182 
144.377646 
-181.249349 
-73.964585 
46.362539 
289.218290 
-62.855118 
-155.404212 
95.842322 
101.114539 
-27.607245 
-136.852105 
147.902248 
150.350703 
66.250258 
48.370085 
-23.371579 
-55.683812 
89.425384 
-215.309865 
31.779448 
-97.116407 
-74.644457 
169.124432 
502.248968 
-215.295523 
-113.011720 
-55.571982 
54.269875 
62.486584 
217.260272 
-444.165839 
45.773769 
-44.282007 
69.777862 
-102.067747 
169.035083 
24.968689 
27.258248 
1.706525 
193.499154 
-9.625787 
177.249577 
55.374529 
-101.937053 
-93.174212 
140.020880 
-135.609820 
84.004874 
-111.699379 
-278.760777 
22.687545 
359.746804 
42.410414 
-126.129380 
-89.765088 
36.421331 
-122.187839 
74.415219 
-195.000669 
5.848892 
-152.833799 
-72.143329 
47.249808 
-212.178865 
-150.477756 
-42.806068 
193.499649 
80.229834 
-199.248010 
6.624616 
-37.049633 
10.229865 
274.749826 
-38.334300 
-116.886072 
-119.982721 
-170.601288 
33.951053 
-38.586261 
57.109203 
1.916936 
123.780905 
-144.457172 
-23.552283 
-199.314699 
-33.587848 
-226.962921 
38.577174 
91.244729 
-144.822029 
-161.069194 
-169.372446 
2.926173 
19.648917 
19.117358 
-9.419709 
-80.961886 
29.758802 
15.611987 
149.155951 
-8.098991 
-246.995330 
-322.274251 
102.448065 
-59.245486 
-66.755023 
106.915668 
-52.505058 
24.325847 
485.999355 
78.308667 
42.211713 
33.965265 
8.716352 
163.752117 
56.679229 
-128.520076 
-106.048226 
95.999040 
95.998689 
41.903829 
-43.256219 
-259.949706 
-263.667581 
242.248791 
-123.221756 
-18.437227 
81.193923 
-90.116004 
-103.022700 
112.249547 
-11.956679 
4.111395 
68.687502 
-94.134479 
72.651918 
24.725745 
25.535373 
130.925791 
194.388366 
22.398338 
22.875104 
-24.351682 
-242.710878 
24.083314 
-73.907240 
-83.733608 
98.184684 
-28.957362 
54.641274 
6.625145 
7.437041 
-261.021499 
32.171514 
-67.167529 
-98.503713 
-90.004685 
42.401396 
76.748252 
14.750343 
41.579724 
-11.035627 
144.750966 
112.250932 
-9.170443 
-20.779648 
-199.940938 
136.624543 
144.750329 
100.060380 
-194.333821 
-164.355140 
72.342663 
98.956457 
-21.486522 
112.250638 
31.507934 
22.875157 
116.130165 
50.768651 
46.903830 
155.843463 
-167.430871 
-248.533528 
187.045356 
136.624899 
-79.364626 
41.663709 
-78.921801 
-301.663459 
-162.432541 
129.749716 
-74.584523 
-85.715180 
-10.483399 
26.094365 
244.168892 
30.999865 
-190.281280 
-62.396586 
-35.982977 
-10.165554 
-141.185817 
15.652518 
-207.056501 
-289.751522 
-74.918591 
58.984455 
66.022593 
10.079456 
-42.125190 
-120.584381 
92.689874 
-67.365226 
-352.971369 
114.507506 
-233.137880 
-136.528213 
-33.458328 
3.647316 
-199.926458 
-25.875458 
-189.586317 
-135.440693 
-9.625557 
-254.990703 
-206.151434 
71.624151 
63.499314 
-62.427349 
-129.409486 
-25.203951 
-10.346276 
-8.439980 
-200.951508 
22.874354 
-59.592535 
47.249169 
-64.702345 
37.255744 
-64.311582 
-128.825277 
-161.706770 
-94.205760 
-73.536734 
-82.956242 
117.447622 
-40.002399 
16.863222 
-99.273300 
16.300128 
77.176452 
47.249373 
-63.728794 
70.916471 
-187.329964 
-87.458563 
147.742192 
2.581880 
55.374159 
128.499244 
-50.622740 
14.748979 
-55.872137 
-108.789383 
-105.301464 
-17.494508 
-184.842873 
154.408793 
-9.625557 
30.598773 
16.967839 
-68.429709 
-201.172836 
-69.039246 
-58.115834 
92.484676 
-188.709715 
-18.991791 
32.774938 
103.707440 
-69.744391 
-167.829426 
54.884373 
-103.142951 
-47.165104 
-17.750353 
-97.046806 
-112.648755 
-99.000614 
65.172622 
-99.000337 
-130.164188 
-297.287282 
388.499129 
-53.716551 
-53.932297 
265.047406 
60.782821 
-245.373009 
39.665604 
178.949996 
502.249271 
-5.720954 
148.053019 
-80.981873 
172.917361 
154.631677 
288.803009 
109.422075 
-133.108014 
116.254388 
87.874244 
73.656887 
303.618045 
201.623970 
78.717188 
206.800465 
-237.310531 
-7.192519 
249.774093 
275.061487 
181.545183 
-137.158853 
69.516040 
39.208484 
101.710818 
220.625794 
-159.886128 
129.490942 
-57.004762 
-125.785985 
388.498803 
349.349513 
-58.028462 
-74.181668 
-32.740343 
193.704260 
540.148435 
149.349600 
-251.205669 
15.543327 
104.123452 
143.653902 
111.012009 
-28.315654 
27.079940 
-149.783211 
-54.606920 
138.940594 
201.623394 
139.962859 
-124.453872 
121.652572 
-208.331512 
84.159760 
-110.664081 
104.801419 
154.518139 
-72.286871 
28.636841 
-14.777618 
187.194670 
267.207528 
20.444653 
73.767624 
52.195027 
-4.101231 
19.192988 
258.553491 
259.343847 
-18.327788 
-25.447850 
169.950467 
177.549426 
265.904105 
-68.038989 
-24.651484 
-152.333452 
226.569480 
47.902973 
136.623236 
41.575279 
34.974916 
-71.830607 
403.665874 
21.384669 
44.770205 
-55.666533 
274.749148 
-24.552522 
158.567869 
65.903981 
152.659677 
-206.697397 
33.325681 
125.486904 
-20.792384 
453.498873 
163.236604 
-215.899084 
23.987217 
24.592594 
-10.895151 
136.624173 
62.573422 
-82.653477 
-70.226959 
-118.100721 
41.337542 
226.001786 
89.585083 
-258.371926 
-132.601769 
-27.597386 
47.910030 
217.875000 
107.846508 
55.374328 
75.638458 
23.404584 
-75.205179 
256.248351 
-147.245670 
-55.683004 
-65.407584 
-22.595604 
61.394695 
-60.316935 
-91.008849 
-161.752798 
-61.603370 
-32.626028 
-129.276613 
14.723158 
-362.045963 
32.731040 
-160.888723 
109.087285 
-147.036623 
-217.863855 
-92.717750 
-268.742190 
193.153269 
122.432084 
-124.037287 
24.170170 
-138.992230 
94.394820 
11.149598 
6.624206 
77.665711 
-52.143002 
-92.196643 
209.749163 
-132.933852 
-234.547235 
-43.987201 
144.702825 
21.522879 
186.767811 
-250.776590 
-139.262285 
59.552591 
-110.016208 
39.191483 
-110.652693 
-301.099945 
-9.626284 
67.562062 
191.373139 
-118.849647 
-65.594052 
-131.008357 
51.465609 
83.299024 
-19.069941 
-1.045959 
91.679678 
84.967252 
-4.867459 
34.297069 
-55.557542 
-10.064506 
43.377279 
-3.656693 
159.814264 
-18.746320 
339.749044 
214.569827 
160.999695 
-275.442676 
-102.604158 
-111.924696 
-11.134525 
-17.186939 
234.124514 
39.488084 
-140.464409 
-96.593743 
-17.677495 
42.342597 
133.047508 
-81.088895 
118.067942 
94.433885 
-295.332297 
42.479677 
160.999605 
192.710055 
57.000275 
-345.569218 
-169.353768 
43.544551 
54.537708 
114.743089 
-90.391196 
-9.020761 
-93.284666 
-9.530328 
126.648651 
33.963472 
52.674254 
-51.412124 
193.667151 
8.437024 
-85.798072 
-9.202355 
-26.069057 
-130.240307 
59.743895 
24.643449 
-140.984568 
-62.328190 
502.249770 
217.874937 
-244.863349 
-78.567645 
-64.802194 
1.915910 
246.210437 
-5.126257 
-345.763767 
11.011186 
78.288446 
-24.906771 
-32.339784 
185.814292 
11.774058 
62.482897 
-139.864115 
-1.500633 
6.625118 
152.874713 
307.249595 
-6.758370 
-128.192919 
182.762442 
-96.252753 
134.833041 
74.373655 
-120.170352 
108.956752 
192.228958 
-216.033622 
-40.956493 
83.970956 
7.125491 
-121.612030 
-4.348108 
-114.681449 
-20.899555 
-17.287878 
22.169285 
47.249852 
-83.004094 
-93.960055 
-66.736100 
22.874459 
7.877446 
-504.193283 
71.623887 
380.647637 
61.025822 
225.998994 
22.332702 
-256.535534 
-8.914522 
-251.344502 
-57.624968 
10.636226 
108.673514 
43.096213 
-56.174552 
-83.311826 
118.072685 
-96.687027 
50.689374 
-35.160974 
-118.473610 
134.530340 
34.533754 
-78.874800 
58.272452 
138.558115 
-59.507958 
-80.874026 
16.926446 
-47.766387 
117.358475 
196.379358 
-200.735038 
18.489648 
-3.572732 
-164.914780 
59.894149 
-45.884937 
-64.417312 
47.291362 
30.986035 
234.309382 
177.248531 
-65.712657 
-156.363205 
-13.736822 
89.336919 
33.896834 
243.331264 
-12.501886 
-39.664375 
144.748901 
95.998797 
7.549879 
173.340439 
-91.716181 
117.666467 
95.999191 
177.168267 
-142.977585 
66.532035 
-80.703132 
-52.039216 
-42.125916 
13.390860 
-209.592829 
74.167072 
116.325367 
61.080833 
22.904915 
-56.361137 
-196.284777 
95.008089 
-78.727289 
112.249659 
200.101840 
-304.157179 
107.480515 
42.263467 
-89.872958 
60.376859 
-114.904574 
46.953590 
47.248845 
-152.771168 
-107.726351 
-60.940520 
-72.816013 
-31.957852 
-322.298396 
-165.500694 
-33.350742 
-25.875266 
-63.590516 
85.684495 
63.499491 
-17.751159 
-71.316775 
36.094540 
-76.547520 
30.998856 
-25.875267 
14.433314 
-142.333609 
23.771975 
30.969089 
-104.955752 
35.103161 
-42.125963 
-79.197291 
71.625027 
153.352106 
-128.570192 
91.796293 
-2.403797 
-60.263294 
-227.425374 
185.428167 
-212.752767 
128.771306 
-68.122006 
85.256755 
-37.025908 
-40.023526 
55.755927 
7.967381 
-68.076734 
553.854823 
-83.233514 
188.795623 
-1.500352 
-109.784941 
56.568870 
44.043533 
-10.610397 
-93.359232 
-48.266418 
-51.989264 
-88.387691 
34.646174 
-113.791892 
19.679071 
9.191560 
-42.125660 
-113.302902 
-30.326739 
15.069684 
166.299929 
63.177210 
-82.303249 
-216.994951 
-92.247084 
59.734679 
8.561995 
-25.875264 
-18.833254 
-136.321288 
-25.875217 
-57.604618 
44.166563 
-17.750348 
-42.125763 
-37.226069 
-206.280373 
-82.759915 
-45.060520 
-95.914592 
-188.544564 
-9.626055 
-77.143535 
-17.750097 
-134.918990 
76.020976 
60.038570 
-41.137197 
-246.882077 
-73.737366 
-177.044807 
66.848682 
24.826181 
-121.177733 
-7.648489 
-105.530171 
-129.659122 
-60.491886 
-9.625511 
-60.425984 
16.672371 
-169.946107 
-127.528494 
-35.308675 
-62.279468 
30.999419 
-42.125205 
-335.378947 
14.749563 
-218.584835 
-67.951167 
-104.424508 
-94.575087 
-123.822739 
-25.141985 
-34.000628 
9.188300 
-109.167428 
-105.227887 
-55.157209 
-78.687951 
7.153158 
-44.668604 
-129.012087 
-119.031348 
-45.087164 
-144.147535 
-62.785403 
-126.461650 
172.523710 
-154.642033 
74.692739 
-98.999690 
-114.274504 
-3.312171 
-98.999796 
-65.264369 
-99.000509 
-215.680812 
7.107167 
266.626036 
-95.053861 
-41.519927 
214.446178 
-71.241983 
-243.333626 
-98.998177 
2.990510 
356.000146 
-361.346651 
155.953078 
-60.955937 
34.261043 
21.511658 
400.027345 
129.852299 
-64.043737 
85.495323 
169.123864 
49.633839 
289.997941 
217.873570 
131.951191 
88.502346 
-183.894029 
-128.495073 
142.308828 
167.337843 
92.153936 
-190.691600 
-1.672226 
-51.517888 
72.173883 
116.456235 
-175.933590 
85.033615 
-5.710830 
-14.604490 
518.497027 
370.681869 
26.094997 
53.330291 
40.443792 
208.747825 
487.637019 
160.077583 
-157.455400 
48.446782 
104.123621 
-90.970341 
91.166967 
9.577556 
26.493535 
-27.400728 
-131.369341 
139.015099 
169.122810 
95.293432 
-230.465707 
-73.132716 
-276.810821 
71.913847 
-7.025711 
30.713631 
105.410517 
-109.207920 
-40.572834 
-149.480773 
206.227963 
169.857547 
109.849446 
76.458465 
-157.231665 
-22.572877 
43.217974 
320.927214 
6.388932 
-17.395358 
-5.390143 
3.991070 
162.456050 
3.225774 
-79.203773 
-253.060417 
-176.354420 
-68.491840 
68.795079 
234.126281 
-54.215647 
-39.849277 
-81.885405 
247.667735 
222.119851 
-36.458468 
102.399012 
217.877129 
20.534351 
-37.279114 
126.824278 
-153.750607 
-50.428585 
-13.135981 
111.793239 
91.520040 
388.500765 
110.238855 
-199.382035 
76.190645 
45.099341 
-1.360449 
518.500795 
49.512018 
119.024286 
154.296678 
-13.059360 
41.224863 
169.124396 
176.246734 
-95.482580 
-36.846786 
-64.535261 
-2.153215 
404.746010 
-169.498290 
71.619656 
-4.892304 
110.257275 
73.508433 
224.145763 
76.097885 
23.241362 
-4.709103 
98.718378 
190.096957 
-17.557980 
-95.285023 
62.002339 
-103.148585 
-11.991579 
-50.476364 
96.012595 
-363.062598 
10.474592 
-158.818991 
92.885236 
-139.244279 
-243.817254 
109.776444 
-125.559988 
331.947460 
-79.338053 
77.325245 
55.822337 
-100.219608 
167.987233 
37.319118 
217.873202 
124.818485 
-12.549185 
-126.694006 
104.125955 
-2.101070 
-148.496907 
113.987566 
159.644851 
-36.159578 
150.247251 
109.500661 
-133.254969 
-20.144803 
45.860162 
-81.690070 
133.941958 
-285.962924 
201.626213 
295.064019 
7.697848 
-259.020264 
-154.299041 
-49.436290 
-114.560601 
19.527398 
-190.169274 
-88.049957 
-77.581244 
71.399984 
-14.933072 
-93.074304 
-2.554316 
53.834137 
-71.611474 
137.395198 
221.757068 
36.969257 
217.874895 
226.202525 
323.499353 
-304.905697 
-220.586043 
-252.865457 
2.701789 
-2.789494 
258.499018 
126.855394 
-386.336214 
-189.138413 
-8.597504 
24.177959 
-41.752636 
-56.883148 
-132.902987 
143.291004 
-106.410822 
-23.565283 
120.375012 
287.864757 
221.665803 
-137.755675 
-79.812935 
105.065137 
206.261033 
154.459570 
15.645489 
-145.528762 
-257.445135 
39.279577 
95.282119 
40.820990 
30.041918 
4.457817 
14.260017 
-23.189006 
44.193268 
-62.430706 
25.625931 
-145.141382 
-92.147365 
13.953659 
-101.006534 
-29.730199 
152.875181 
152.874756 
-125.418551 
-219.534294 
101.412319 
-127.728186 
-24.803918 
-42.735765 
-226.824278 
112.374796 
143.354602 
126.742260 
-143.941201 
233.115458 
375.447638 
145.742441 
-136.951241 
55.375021 
177.250417 
226.000143 
112.250467 
6.177647 
-39.723461 
265.728048 
67.955182 
129.567809 
-127.626765 
10.577974 
74.759444 
224.012876 
-115.981244 
-178.122470 
26.456107 
-109.937429 
-198.900730 
-105.406156 
-111.094548 
168.152110 
-38.137049 
-252.279798 
22.874827 
98.291049 
-36.974267 
-110.196298 
104.123936 
24.789164 
-236.651101 
290.999607 
121.533938 
27.189030 
209.749610 
48.335627 
-108.078731 
-110.585562 
12.718650 
-208.693209 
-4.892512 
78.926547 
-91.557815 
-96.681490 
-243.825677 
-100.099624 
-26.282720 
-82.563771 
-11.578789 
-31.947991 
132.506888 
205.443656 
207.981282 
-26.980358 
-53.627358 
55.156555 
90.147239 
-56.172500 
-190.747165 
29.789380 
241.519068 
144.108415 
57.818687 
-180.429159 
-178.833412 
64.354639 
-61.724828 
-64.701159 
81.791589 
105.831909 
44.159204 
-66.499290 
-78.159157 
10.111845 
33.858160 
97.868765 
5.521248 
56.465905 
-93.048001 
-141.789995 
31.000602 
-33.998621 
-116.522832 
110.812388 
37.074589 
-55.664170 
22.877149 
201.275108 
23.920503 
129.703063 
1.026280 
30.939363 
209.750028 
-53.598575 
-82.439416 
-71.579737 
165.856289 
-21.667186 
89.097293 
67.871507 
8.582018 
165.050602 
109.723589 
-9.623921 
-539.784796 
-296.029959 
60.241302 
12.857416 
-128.225734 
66.496404 
-220.729226 
-61.765667 
-17.751375 
-236.138916 
33.363125 
83.377750 
-147.241312 
12.824655 
-394.935614 
-113.320617 
4.557202 
95.998806 
71.900390 
-17.538852 
-1.500811 
6.622824 
76.725932 
-138.345595 
-99.142625 
-25.874283 
-9.626347 
-10.938476 
-116.332843 
4.236592 
-15.346616 
-28.153870 
-14.852259 
55.377407 
-114.743514 
47.251739 
181.870343 
-57.872727 
36.264199 
-28.681877 
-74.157435 
-86.088526 
69.770418 
104.126638 
86.186776 
29.944537 
-102.235223 
-118.255994 
-105.682919 
13.260576 
-72.094000 
-36.241763 
684.808166 
-164.106971 
102.308394 
-1.499376 
-83.932023 
106.644613 
-109.035470 
66.032410 
-214.027087 
-25.940055 
-178.085139 
-134.326561 
-39.144076 
-92.628846 
-60.020166 
-72.054639 
-25.874469 
-24.217966 
35.223206 
-23.147945 
62.199755 
-61.662755 
-113.225694 
-34.031640 
-102.834984 
173.180347 
-60.476979 
22.875553 
6.955006 
-124.062299 
14.750415 
-23.013998 
6.630768 
-9.625292 
22.874849 
-179.715530 
-136.755081 
77.503761 
0.025777 
2.276437 
-132.773197 
39.124688 
-45.369057 
55.374305 
-73.865170 
-21.961428 
-2.189450 
-64.660547 
-110.323349 
71.200814 
-113.113510 
149.138828 
41.081907 
-119.970588 
-113.053087 
-45.734614 
-48.564886 
-22.842909 
160.999656 
-55.010165 
-121.987093 
-135.681892 
-107.808333 
-64.318501 
59.008723 
47.249532 
-9.625412 
-299.262786 
-1.500348 
197.836567 
-84.920231 
-63.122830 
-117.412659 
-75.112374 
78.386909 
-98.999886 
18.436553 
27.721388 
-108.731353 
-123.428411 
-33.999851 
-147.667226 
143.288598 
-62.418088 
-230.023098 
-107.483521 
205.124061 
52.908483 
-95.214771 
-67.773446 
-117.425892 
95.710771 
-98.999543 
-16.616164 
186.112054 
-98.999726 
-25.591249 
-98.998942 
-247.462956 
1.334293 
299.119059 
-174.337100 
-73.463900 
215.530378 
88.553223 
-140.868691 
4.994765 
2.775333 
71.622045 
-162.244243 
-1.128753 
114.048137 
-41.254833 
45.117031 
341.184942 
196.501270 
-7.105114 
161.205391 
128.496352 
76.092061 
136.041249 
339.747868 
223.927852 
71.103106 
-300.924916 
-15.469810 
332.330277 
298.798122 
150.168632 
96.285854 
75.048982 
109.876810 
199.046284 
42.013878 
-80.609815 
40.416946 
25.424703 
119.608674 
250.374478 
157.147622 
226.740142 
167.494664 
146.355710 
241.256306 
339.614912 
139.692920 
132.108806 
-32.878969 
355.999534 
-17.796694 
318.474166 
-128.750342 
269.085632 
-49.738520 
383.907838 
-126.680459 
290.999512 
103.245626 
-102.115843 
136.572902 
62.519900 
44.531869 
-7.744474 
-32.198108 
51.874557 
-17.825992 
-83.970117 
-83.082990 
130.209342 
117.891100 
-5.506603 
-52.505921 
-91.123725 
62.290750 
45.459305 
398.231503 
469.482110 
-10.974971 
30.174093 
145.891487 
6.296937 
66.871798 
20.833260 
-142.007692 
-166.466782 
7.462779 
35.596607 
282.873538 
59.546169 
4.013133 
145.223146 
178.336401 
125.135452 
-61.748643 
-119.536399 
234.124277 
-131.693865 
-90.247285 
116.288325 
-10.692945 
6.414072 
190.054211 
16.782834 
7.227445 
372.246830 
137.677940 
-229.091562 
74.599576 
-43.745742 
-121.911590 
226.000316 
59.633440 
-184.806461 
31.928204 
-114.272509 
73.789917 
22.878968 
229.685543 
-103.957042 
-211.067024 
54.979849 
-20.595768 
437.260468 
-178.791990 
120.384101 
52.994366 
263.670652 
73.714963 
118.844176 
-77.898706 
136.788604 
-26.261690 
62.110111 
-72.790389 
-97.091954 
-217.540592 
-53.993954 
-45.498088 
-169.240725 
85.387846 
116.521593 
-72.083076 
-80.409791 
-168.105273 
146.186620 
-73.238953 
-201.296429 
-49.144830 
61.934133 
70.690177 
-137.922931 
110.135082 
80.787694 
94.352170 
61.928099 
244.880488 
201.623513 
19.845879 
145.033172 
-62.669782 
169.126656 
-134.809405 
-236.210834 
220.622194 
-36.375800 
101.230174 
53.368402 
75.440440 
-221.076001 
-144.930523 
-13.922425 
-34.380886 
304.684629 
-286.321617 
185.374366 
197.559574 
47.345677 
189.052559 
4.143615 
218.791229 
43.521097 
108.696753 
-183.965977 
2.381523 
-89.443472 
4.473018 
72.619893 
3.408469 
14.068234 
31.346983 
138.307813 
277.762489 
60.541517 
179.521908 
177.250930 
78.469387 
79.748987 
-329.854773 
-270.469455 
22.942484 
-117.922543 
243.666222 
160.999785 
90.178174 
-344.412166 
157.075046 
-91.547047 
124.521732 
137.390083 
-149.507885 
-131.681301 
15.273440 
-119.772632 
-9.636983 
169.127766 
221.880666 
-179.164029 
-7.595249 
87.676207 
-67.478457 
33.940488 
-46.206908 
-28.747032 
-127.415770 
-97.219558 
-26.330333 
-65.160305 
11.730397 
-141.711031 
-67.270373 
-154.478825 
-73.952500 
98.737408 
-57.923890 
-19.799522 
-238.287744 
-186.964750 
48.973360 
152.514416 
-25.104775 
152.873031 
339.748735 
-74.779003 
-176.324304 
-61.904117 
-304.114107 
26.269610 
-8.999318 
-333.235992 
-19.228193 
-94.823970 
-49.460931 
-122.753313 
174.967798 
186.334506 
192.598365 
-122.626165 
193.496610 
87.871086 
47.245333 
22.870270 
-18.376410 
-59.679813 
283.313676 
-10.333579 
49.779570 
-265.612971 
-112.018873 
137.872967 
280.009009 
-191.279563 
-83.048317 
-55.575953 
-68.935099 
-109.043894 
-16.929899 
-3.236815 
-8.407825 
-137.734756 
-259.523507 
209.747656 
-26.577114 
128.718271 
-130.269382 
339.747821 
-77.524363 
-105.011502 
217.873467 
51.582815 
-59.638402 
120.373398 
134.994329 
-183.217245 
-220.850571 
125.463651 
-299.958797 
-12.009266 
-30.250307 
-197.421799 
-40.634943 
-175.977106 
-88.504939 
46.076346 
-96.038828 
-283.959759 
-33.105021 
195.372953 
34.378626 
21.208836 
-117.714063 
-41.720513 
53.300396 
-11.317280 
-12.304095 
-158.211466 
28.702065 
-28.391808 
49.450069 
-86.177359 
-82.959939 
-147.146814 
59.540107 
-125.896759 
-183.244357 
163.346745 
12.247797 
-44.093507 
22.875935 
-131.881315 
-19.137169 
53.255872 
160.384967 
61.036876 
65.188958 
-67.573071 
-88.177870 
-9.623703 
6.625645 
135.824330 
-39.948571 
20.219538 
-142.337238 
193.500156 
-34.112227 
14.621956 
-15.839101 
-144.576681 
-171.514529 
22.874763 
-33.446032 
-42.366116 
-218.380439 
163.136140 
47.027825 
-32.672151 
24.221775 
-14.348705 
170.206024 
15.674439 
112.253848 
-216.810123 
223.458686 
17.523047 
-17.274459 
-130.849441 
36.331248 
-128.310667 
226.775895 
6.626836 
-2.060450 
-283.589137 
-22.967738 
-159.507907 
-122.701754 
-323.316351 
17.047012 
-92.646103 
112.251641 
-99.958291 
-102.667954 
71.627942 
242.253329 
98.978861 
72.574580 
-104.723044 
31.002276 
22.876577 
125.954397 
-90.332012 
-17.913577 
-124.206038 
80.567704 
14.207335 
79.752179 
-92.901564 
39.128738 
-57.503179 
-22.827634 
34.132372 
-124.431806 
-2.878239 
-307.819521 
5.766895 
185.377309 
65.407577 
-127.713470 
-104.417739 
38.910430 
12.052055 
63.559618 
-4.008014 
-8.345111 
330.767337 
-128.743678 
79.446550 
39.126114 
-178.469086 
39.854020 
-45.141173 
64.939310 
-191.844204 
-22.109793 
-26.199181 
-201.548400 
-29.046968 
-144.919127 
45.476515 
17.660931 
14.747204 
-215.343695 
-5.333342 
93.983427 
-412.577166 
-97.074606 
-149.104459 
-116.873126 
-92.854666 
-32.806238 
-81.199077 
6.621240 
-78.742213 
-107.946097 
22.874313 
-1.062135 
-84.595892 
14.747935 
-1.501602 
16.918536 
-197.777503 
-29.715434 
68.625564 
2.765097 
-90.090169 
-9.624341 
42.566378 
63.499584 
-2.081065 
-28.601023 
-42.386732 
-169.678023 
-257.378922 
40.246192 
-5.554079 
-113.595689 
-98.391865 
-45.529648 
-125.138717 
-54.676166 
-85.143648 
44.205572 
-9.624724 
-69.820856 
-11.588208 
-37.591766 
-164.921639 
-98.183903 
23.092430 
-1.501642 
6.624849 
-98.869127 
-1.500096 
56.682049 
-16.533668 
16.956017 
14.721384 
-161.741939 
159.780728 
-99.000729 
50.181522 
-9.908106 
-70.143015 
-315.696561 
-98.998780 
-61.581345 
144.398543 
-88.197989 
-204.698045 
-108.893998 
-27.655759 
25.640243 
-68.723028 
-125.615536 
12.953801 
-21.912844 
-99.000998 
142.547151 
-20.201801 
-99.002660 
17.265625 
-99.001667 
-196.145404 
45.496819 
291.000427 
-72.458757 
91.156698 
-29.392995 
-188.797786 
-219.876704 
39.667109 
234.527582 
39.125583 
-70.183273 
-177.544107 
-155.568423 
185.719244 
-77.978493 
46.967166 
32.331753 
-309.265023 
4.757175 
-58.374999 
90.820826 
127.399623 
152.875217 
286.535860 
104.808145 
-572.445214 
146.237720 
191.154917 
102.787064 
95.513502 
-88.000710 
-128.783265 
-5.438635 
142.022941 
-14.304117 
104.862656 
152.964338 
57.606543 
122.875288 
339.749015 
122.797580 
1.330235 
38.492868 
91.405265 
67.378525 
264.338380 
-170.131826 
-30.685145 
-27.663490 
307.248987 
-131.794455 
176.796676 
242.402704 
111.606831 
-155.875233 
295.022735 
-45.826603 
201.623972 
17.937866 
82.613716 
74.201872 
29.999947 
58.804998 
50.603406 
15.341018 
220.282750 
-212.931474 
16.709892 
45.806633 
-47.011203 
0.959629 
51.466970 
-57.850493 
9.243566 
66.108349 
-26.832221 
254.822108 
642.609309 
-66.968056 
0.161633 
182.683487 
148.225437 
17.176760 
-59.095992 
233.873646 
-5.420380 
36.423187 
-45.116247 
486.000277 
139.091097 
65.639238 
19.686155 
65.667299 
209.406800 
14.276177 
84.429211 
372.249523 
-58.146668 
80.797360 
125.420036 
55.270155 
10.413116 
44.074707 
173.643354 
124.867182 
209.749833 
63.387932 
-103.701012 
12.878406 
36.389781 
64.927362 
120.375750 
79.508649 
116.397996 
-1.474648 
266.903745 
-36.853668 
299.123137 
115.516438 
44.867669 
-111.129406 
49.677116 
57.803218 
39.125618 
-29.653266 
323.499103 
177.761793 
41.171997 
108.318628 
142.829918 
-71.523834 
208.596767 
-78.227562 
-168.185197 
-116.334187 
-116.508423 
-36.517938 
52.949219 
-418.565036 
115.216180 
125.397408 
251.485488 
226.507322 
-80.824513 
-201.266480 
65.784559 
-332.867595 
-317.159853 
-101.042364 
-44.264417 
-183.097381 
-24.594228 
9.340793 
-82.680926 
-171.331958 
-16.636799 
77.213139 
323.499839 
-121.958210 
74.794666 
-305.694276 
201.624807 
-3.908518 
-282.155617 
154.955918 
6.369511 
-33.306105 
-0.619155 
-129.474023 
-256.202709 
142.062052 
2.758770 
-212.422661 
15.498510 
-187.918980 
152.874363 
266.625182 
99.023463 
98.574557 
17.923261 
40.625907 
203.327136 
22.070303 
-278.446143 
-59.031974 
-175.556464 
23.328685 
-204.329949 
3.859684 
-282.432438 
-67.414977 
87.960755 
303.792230 
121.435770 
2.852912 
274.748809 
46.816601 
79.748973 
84.804962 
-1.105013 
57.604481 
-214.543874 
39.014602 
177.249306 
55.415052 
-308.051587 
137.418864 
28.460523 
136.534060 
-5.388583 
-170.555919 
6.072028 
45.860036 
-154.015323 
28.705922 
266.623637 
100.988864 
-55.668182 
-28.224191 
119.757888 
-59.376331 
62.511650 
20.949066 
166.873467 
-87.779820 
-197.256204 
-4.681379 
59.574050 
90.445800 
-95.959225 
-282.876446 
-138.140940 
-76.232356 
170.325598 
22.497399 
18.185297 
-17.882880 
-196.880834 
11.811712 
141.972376 
-47.358701 
152.874197 
339.749260 
-321.365221 
21.955216 
-35.210221 
-232.882590 
94.188962 
103.249528 
-323.514241 
-25.752611 
-180.688255 
-141.106153 
-154.375960 
101.196808 
-24.390689 
104.722378 
-234.501452 
209.749696 
55.374993 
63.499895 
39.124929 
105.507871 
-39.115894 
59.775862 
-79.518995 
-36.600956 
-174.764770 
12.036412 
-19.409036 
269.560257 
-307.008074 
-105.331355 
-47.231151 
1.690616 
-248.451465 
-54.665950 
111.595806 
109.106108 
-74.875078 
-144.113617 
258.500108 
-11.726381 
18.585204 
75.899548 
355.999917 
-75.194489 
-112.429315 
87.874246 
3.658815 
0.052477 
136.624497 
160.999703 
-45.763421 
-105.014396 
1.545791 
-51.553861 
210.259089 
112.859826 
60.897111 
8.725691 
-62.318664 
-47.424056 
-74.439998 
-111.022066 
109.866792 
115.278409 
103.457355 
36.953175 
-264.772263 
-128.228474 
-23.658088 
4.424809 
-19.730925 
-125.448802 
-93.972793 
-99.597928 
-9.382253 
-48.588930 
28.091079 
34.786368 
-262.555758 
111.371819 
-108.308404 
21.488331 
202.362495 
-27.758898 
-30.610253 
-25.875584 
-60.217582 
44.536126 
75.809619 
148.802855 
-38.851716 
55.361816 
-68.027893 
-73.685643 
6.624721 
6.624592 
15.939350 
-20.970507 
-32.405013 
-211.666541 
160.999883 
120.573343 
42.497528 
107.683445 
15.369790 
11.944906 
39.124922 
8.056694 
-28.240160 
-14.826503 
47.511678 
-26.521222 
-78.033996 
42.378901 
-69.356715 
108.667487 
7.852455 
96.000434 
-44.666206 
-242.202098 
178.986847 
39.678613 
-197.295714 
25.572706 
-75.090725 
4.210803 
-9.624950 
-56.023948 
-60.844361 
37.724527 
-139.850519 
61.914784 
87.385376 
-26.736219 
-109.666926 
96.000686 
33.412386 
11.577045 
39.124065 
209.750553 
-84.992006 
-10.833576 
-160.998637 
6.625320 
22.872095 
140.026842 
-116.333561 
22.051731 
-30.672154 
20.616397 
84.201433 
112.249759 
25.415342 
-34.001043 
-111.725700 
28.238359 
-60.647872 
59.432548 
32.438393 
-93.612511 
-63.881196 
185.373917 
160.117234 
-53.864059 
-110.943419 
66.556656 
-169.893520 
13.207608 
25.532190 
1.618090 
-119.788329 
-62.318561 
60.181871 
-50.250423 
67.150366 
141.725448 
-144.715040 
36.706463 
-215.783694 
125.602618 
24.451524 
-102.315090 
-126.310929 
-51.999456 
0.750766 
-3.319276 
6.625039 
-201.337096 
28.555782 
171.523213 
-574.883641 
34.133529 
-4.866665 
-123.869529 
-153.960886 
144.777742 
18.767328 
14.750053 
111.363420 
23.422410 
-34.000043 
-134.598971 
-243.615600 
-74.625593 
-58.374979 
-23.282363 
-166.099961 
59.631562 
-4.392015 
36.841852 
1.824558 
-42.124976 
-56.415845 
112.249931 
-49.020860 
-89.991469 
56.316383 
-227.222781 
-172.632135 
-14.381485 
50.433477 
-92.281301 
106.140323 
-93.524910 
-171.633729 
26.606141 
78.503585 
-22.802570 
14.750170 
56.671688 
-134.719116 
-161.409726 
-12.227868 
-20.051376 
96.447904 
6.624979 
39.124499 
-173.682264 
30.999897 
-113.552195 
-71.911748 
179.001958 
20.850202 
-139.965994 
-160.148981 
-99.000318 
37.071792 
162.913601 
-130.090690 
-248.508600 
-98.999913 
-78.776690 
-245.224085 
-168.140932 
6.339801 
15.517983 
-43.736233 
-179.769838 
-150.585815 
-54.860350 
-100.930581 
-6.843623 
-98.999956 
73.471961 
-171.480260 
-98.999766 
-133.991763 
-98.999633 
-194.371938 
-125.815163 
-90.875000 
-95.584709 
-95.717656 
-100.470891 
-102.164172 
-97.968506 
-99.000000 
-100.194418 
-99.000000 
-103.376797 
-98.959733 
-97.238903 
-98.827708 
-93.234138 
-98.423624 
-94.161888 
-100.212253 
-99.964625 
-99.000000 
-99.081484 
-97.553735 
-99.000000 
-93.454815 
-92.301315 
-99.814528 
-98.968665 
-94.440259 
-99.648969 
-93.194432 
-96.952889 
-96.202155 
-96.879360 
-100.402488 
-96.907566 
-101.117035 
-100.035789 
-91.049597 
-102.499370 
-99.000000 
-98.458154 
-97.816585 
-99.771437 
-97.470213 
-97.015280 
-94.065134 
-96.087445 
-99.507981 
-100.880957 
-99.000000 
-96.482066 
-105.309849 
-98.777388 
-94.864142 
-106.617187 
-93.899134 
-101.558442 
-90.875000 
-97.065006 
-100.859050 
-98.900735 
-100.355873 
-97.841652 
-102.005948 
-102.689600 
-97.549077 
-102.517504 
-103.662964 
-98.213786 
-96.075684 
-97.113136 
-94.845685 
-91.860825 
-92.843501 
-91.530892 
-97.709327 
-93.523486 
-90.333334 
-95.475346 
-100.988100 
-92.271147 
-97.861019 
-101.737122 
-98.959732 
-101.509772 
-101.293746 
-99.674010 
-97.142928 
-99.000000 
-93.413495 
-99.087949 
-93.063854 
-90.333334 
-95.893885 
-96.379474 
-96.792334 
-99.000000 
-98.095664 
-98.031885 
-100.873691 
-98.805631 
-100.768935 
-99.980551 
-96.317720 
-100.119382 
-99.000000 
-93.560094 
-98.212643 
-94.518266 
-98.370305 
-99.558211 
-99.000000 
-103.037477 
-84.800692 
-98.917548 
-94.412114 
-94.628471 
-99.000000 
-95.913667 
-97.055303 
-97.859663 
-96.663845 
-101.244114 
-99.000000 
-100.388580 
-99.000000 
-99.037751 
-97.567977 
-97.880234 
-96.354140 
-90.412271 
-95.663495 
-96.440489 
-99.592297 
-96.508316 
-101.190145 
-100.730760 
-99.515995 
-98.276778 
-100.649040 
-99.796666 
-98.241350 
-99.000000 
-100.671182 
-96.367401 
-94.235032 
-98.970743 
-101.189905 
-101.993630 
-102.388000 
-99.989080 
-99.540353 
-99.643320 
-101.464697 
-98.923608 
-99.107075 
-96.689492 
-99.000000 
-96.009231 
-94.413325 
-96.254527 
-98.999999 
-96.032189 
-105.104058 
-99.762369 
-97.621040 
-98.476677 
-98.163192 
-106.929519 
-100.853930 
-98.543263 
-98.256863 
-95.066306 
-95.024455 
-102.151504 
-90.875000 
-94.937500 
-95.228559 
-93.793033 
-95.577354 
-95.460786 
-94.431696 
-95.397883 
-97.275043 
-96.467637 
-98.352599 
-98.244172 
-93.096116 
-97.273021 
-98.086073 
-100.956410 
-88.278957 
-96.280496 
-100.539626 
-95.657062 
-99.000000 
-95.175008 
-99.000000 
-99.988767 
-96.262473 
-102.157812 
-100.518446 
-97.203037 
-99.000000 
-99.652023 
-98.672223 
-99.551927 
-101.722083 
-96.660811 
-97.977654 
-100.751074 
-91.228110 
-94.973309 
-96.977451 
-97.223331 
-99.000000 
-93.870073 
-99.000000 
-99.402640 
-95.684306 
-100.355873 
-100.218867 
-96.101342 
-100.226952 
-94.267907 
-94.773904 
-94.799145 
-96.183660 
-98.232725 
-98.979176 
-101.664010 
-98.388729 
-96.165656 
-99.161524 
-96.581110 
-100.585517 
-102.104288 
-87.836897 
-94.769670 
-100.382920 
-94.601347 
-99.000000 
-99.000000 
-100.069959 
-96.628259 
-91.903693 
-103.284356 
-100.705870 
-94.136276 
-99.653148 
-99.093060 
-101.046400 
-97.613260 
-97.203816 
-97.527788 
-102.549150 
-102.148407 
-101.975996 
-99.000000 
-99.000000 
-99.000000 
-99.000000 
-103.037477 
-101.667857 
-99.759210 
-94.699587 
-96.564180 
-106.661171 
-96.285986 
-97.396420 
-96.915680 
-99.508792 
-99.794097 
-99.980461 
-94.082571 
-101.967146 
-98.260589 
-94.706420 
-100.888953 
-93.766082 
-95.566422 
-99.000000 
-91.049597 
-102.429318 
-96.340520 
-90.875000 
-98.328503 
-97.470213 
-99.000000 
-100.181041 
-95.726170 
-99.000000 
-99.000000 
-101.774422 
-96.478030 
-99.000000 
-98.166810 
-99.037751 
-100.684653 
-98.288241 
-99.696691 
-100.891130 
-98.493419 
-101.318568 
-103.274757 
-98.161941 
-101.657197 
-100.789909 
-103.441580 
-102.184181 
-95.214865 
-100.503975 
-99.688936 
-95.505741 
-99.506941 
-101.219070 
-98.178702 
-92.309176 
-96.181924 
-100.476150 
-92.643936 
-98.477901 
-101.667075 
-94.041256 
-96.739378 
-96.907566 
-98.212606 
-97.668819 
-99.000000 
-103.589161 
-97.148100 
-96.073611 
-100.569433 
-95.214865 
-97.698206 
-99.365111 
-101.018692 
-99.000000 
-99.000000 
-96.061851 
-99.963554 
-99.613971 
-99.000000 
-99.000000 
-98.993259 
-95.015304 
-98.952648 
-95.501437 
-95.844348 
-99.000000 
-94.764508 
-98.928909 
-101.025238 
-100.254436 
-96.970608 
-94.634476 
-99.121690 
-99.784507 
-99.711234 
-94.410726 
-99.000000 
-99.000000 
-90.875000 
-95.145093 
-97.821683 
-97.787161 
-97.225311 
-96.862756 
-101.640318 
-99.000000 
-98.318336 
-98.012490 
-102.189232 
-99.113688 
-99.538676 
-97.015280 
-99.066648 
-98.885916 
-99.000000 
-97.173917 
-96.073136 
-99.000000 
-99.000000 
-98.514776 
-98.254685 
-101.640319 
-99.000000 
-99.000000 
-94.356998 
-99.000000 
-99.128314 
-99.219404 
-101.096611 
-96.177748 
-99.000000 
-90.875000 
-99.000000 
-100.341977 
-99.194959 
-97.203557 
-98.396888 
-93.084517 
-101.730880 
-97.849733 
-99.000000 
-97.269293 
-98.132050 
-98.370306 
-97.555778 
-98.256180 
-93.221296 
-98.836411 
-99.454897 
-99.000000 
-98.406660 
-96.647090 
-99.000000 
-95.908444 
-103.576435 
-101.223582 
-100.741318 
-93.274542 
-104.505698 
-100.942089 
-98.966713 
-101.406953 
-100.538266 
-98.588193 
-101.679666 
-99.000000 
-99.251495 
-94.752367 
-100.688304 
-99.000000 
-101.428070 
-100.316356 
-101.881152 
-98.259676 
-99.636241 
-101.710706 
-99.000000 
-99.419660 
-97.257844 
-99.000000 
-97.525796 
-98.072405 
-99.000000 
-99.000000 
-100.353958 
-100.184450 
-101.549535 
-97.747290 
-96.201758 
-100.730407 
-99.000000 
-93.618935 
-99.000000 
-96.743481 
-100.247982 
-99.862684 
-98.482472 
-98.506868 
-101.911982 
-99.141051 
-99.698733 
-101.893437 
-99.556256 
-97.319939 
-96.245090 
-100.644197 
-99.590338 
-99.000000 
-100.360240 
-100.247004 
-99.773804 
-98.288240 
-98.391591 
-96.663415 
-99.000000 
-99.000000 
-99.645070 
-99.000000 
-99.857970 
-95.119871 
-100.344540 
-99.047266 
-99.693395 
-100.067795 
-99.000000 
-96.536418 
-95.348868 
-97.302575 
-100.442462 
-99.000000 
-100.729313 
-97.726587 
-99.386069 
-98.700187 
-99.060680 
-98.195653 
-99.248132 
-96.420766 
-95.785014 
-97.207774 
-99.741012 
-99.000000 
-100.961657 
-98.109261 
-99.000000 
-102.618294 
-99.000000 
-101.024294 
-101.465141 
