19.914283 
27.137717 
-5.762199 
-19.748848 
-1.864564 
18.287806 
19.083513 
36.403277 
19.914292 
2.447603 
-26.642961 
-31.602935 
-37.831040 
-35.230319 
-40.089443 
-47.081885 
-53.779885 
-61.021697 
-54.851491 
-69.848817 
-52.604941 
-29.929661 
-7.949527 
24.434375 
20.699282 
5.041560 
-6.328237 
9.728373 
25.745181 
19.452644 
27.801293 
31.943427 
14.407838 
8.834391 
15.080488 
48.990781 
43.231078 
38.342605 
44.835807 
25.141022 
-8.044801 
-13.088136 
-4.828904 
-1.255467 
-1.948228 
7.863711 
14.234709 
43.897115 
19.913856 
47.626515 
57.954743 
24.429615 
20.141698 
44.056923 
39.131592 
63.233833 
69.757624 
66.190408 
38.960479 
12.305193 
-0.104860 
20.425633 
36.441702 
57.116336 
69.725948 
91.735853 
53.037864 
34.398506 
26.996990 
17.684206 
20.175171 
58.367706 
56.389423 
65.621087 
69.573486 
63.822732 
40.630500 
58.569260 
57.701399 
47.912943 
47.068901 
41.354667 
36.270997 
10.391592 
20.233080 
32.461648 
46.301176 
19.914060 
20.297753 
12.391551 
-11.934867 
5.791655 
20.604612 
9.925229 
18.209523 
44.836011 
32.707928 
35.120161 
95.877957 
88.356946 
58.608515 
41.433985 
38.590366 
6.161277 
-5.007858 
1.191502 
1.273332 
3.607917 
26.853758 
27.879971 
19.914040 
-4.567419 
6.170130 
26.187660 
24.960710 
37.925290 
44.835863 
52.742820 
57.911413 
61.942493 
76.277549 
81.656914 
69.757931 
86.658648 
94.679900 
75.243816 
70.311537 
53.520351 
49.147105 
38.844426 
19.769154 
23.528095 
27.546191 
52.296504 
65.982147 
57.778432 
53.002286 
47.582743 
31.188804 
1.801142 
-28.033446 
-55.630167 
-29.763877 
-29.863169 
-1.873203 
28.639255 
30.703566 
34.240825 
49.172825 
18.790218 
25.545120 
7.659185 
5.367713 
-8.860416 
12.752417 
35.280773 
44.836095 
65.197499 
63.450170 
33.177138 
44.836095 
35.403457 
51.328164 
91.381257 
81.241376 
86.432981 
80.709391 
55.795087 
52.212304 
61.171210 
72.421330 
87.163361 
94.743620 
93.801276 
69.757848 
69.757874 
78.331952 
47.713149 
22.017383 
15.807466 
3.734549 
14.984655 
40.184445 
51.189776 
60.651359 
58.181857 
69.198092 
52.276374 
34.420955 
45.774665 
42.141405 
45.911247 
43.378828 
50.962284 
44.835841 
53.085773 
69.757633 
122.443647 
103.338550 
96.152912 
102.410202 
50.680973 
44.835767 
32.953752 
-15.084486 
-22.770608 
-28.092263 
-2.091254 
42.719964 
82.639469 
92.051965 
64.554533 
64.343901 
44.681808 
19.913982 
-9.319713 
30.713532 
-4.969498 
-28.223849 
-37.487495 
-53.719769 
-33.868125 
-36.678244 
-1.977655 
14.583563 
-17.983062 
-23.402778 
-20.588633 
-60.601412 
-42.900271 
-42.933261 
-34.760005 
-26.415983 
-30.839363 
-35.388984 
-38.479785 
-68.926817 
-55.874995 
-55.081820 
-72.074141 
-54.851379 
-29.929434 
-33.891446 
0.573403 
-0.605604 
1.726689 
-27.840356 
-23.016020 
-32.416448 
-23.575118 
-12.625227 
-29.374175 
-25.759489 
-11.470946 
-3.418077 
29.310869 
66.967571 
82.219002 
94.679909 
57.297105 
44.836202 
35.307812 
64.661175 
61.231376 
67.800654 
51.315429 
34.347543 
1.144196 
-5.143883 
6.115011 
10.413912 
30.961109 
47.882649 
40.171154 
55.879244 
53.671735 
57.609587 
69.469673 
45.621279 
30.232310 
19.914062 
3.356343 
4.438039 
-15.986443 
-5.007840 
-2.724662 
-4.049863 
44.835888 
57.763630 
40.401599 
19.913971 
-7.500204 
-40.102410 
-52.324391 
-44.726945 
-29.534087 
-11.983105 
-22.169941 
-19.599710 
-5.168492 
-1.545205 
24.655621 
32.991240 
27.953340 
20.781667 
8.087415 
20.499304 
26.278521 
14.452515 
17.164580 
12.464903 
7.781153 
0.793488 
13.160694 
12.450129 
10.202717 
-7.512297 
1.148155 
-21.070836 
-28.618205 
-30.170724 
-28.089189 
-42.841995 
-17.153349 
8.834493 
9.291545 
30.345905 
44.835877 
42.967153 
48.199634 
45.257335 
44.229725 
29.625683 
-6.055021 
-29.191702 
-43.683938 
-29.929649 
-29.929622 
-5.362497 
-7.645309 
3.881115 
-20.791520 
-5.007805 
6.296692 
-1.710953 
2.093257 
-10.212677 
-8.093697 
-5.007765 
-8.297516 
-47.487339 
-69.051660 
-115.659572 
-105.833417 
-121.004868 
-109.914924 
-112.625760 
-85.444957 
-85.475135 
-29.929608 
19.135362 
-16.689844 
18.505876 
20.143008 
18.300808 
24.920646 
16.497761 
9.901146 
-5.007690 
-44.189431 
-38.129756 
-72.366079 
-71.899476 
-79.804257 
-80.122452 
-66.476949 
-21.142066 
-29.929563 
-31.954658 
-50.068928 
-54.851488 
-54.851557 
-41.774409 
-46.153200 
-62.371883 
-42.390431 
-29.929416 
-24.761347 
-47.375070 
-33.664398 
-34.019972 
-50.574765 
-62.713699 
-79.773563 
-72.764128 
-54.851577 
-31.516915 
18.433761 
36.406889 
30.624372 
33.315716 
10.690954 
-27.496775 
-29.929713 
-53.771212 
-56.385017 
-39.604403 
-17.186111 
-13.050642 
-1.620230 
7.207297 
14.663962 
40.114461 
-23.648486 
-46.702779 
-54.851422 
-57.180432 
-80.014427 
-35.498662 
-25.478924 
-8.444559 
10.284997 
-16.668690 
-13.779106 
-9.790002 
-11.573346 
34.343340 
34.697809 
7.453141 
-10.730306 
-55.843900 
-88.161964 
-75.051951 
-69.311619 
-83.045227 
-70.515428 
-56.575082 
-32.469812 
-43.389815 
-67.312587 
-56.416106 
-73.607296 
-92.234429 
-96.840492 
-88.137538 
-104.695405 
-104.695481 
-105.836651 
-83.671581 
-80.002978 
-83.264914 
-77.596411 
-109.759866 
-92.234580 
-102.169962 
-79.773619 
-77.626680 
-77.871415 
-88.430585 
-89.346869 
-120.707951 
-131.043509 
-130.743845 
-105.841207 
-86.407424 
-48.036087 
-33.695503 
-9.103606 
-1.495650 
-12.292751 
-42.390793 
-52.485442 
-83.482576 
-86.475171 
-94.365287 
-95.925246 
-86.980037 
-54.851636 
-29.929714 
-14.357183 
-5.007834 
-16.934624 
-8.828987 
-14.364855 
-15.489259 
-40.432432 
-56.166060 
-54.851468 
-46.220032 
-45.282232 
-37.389269 
-22.663197 
2.001664 
23.966145 
21.625560 
18.069105 
-28.815864 
-51.952099 
-72.531401 
-61.649036 
-76.518477 
-28.660286 
-33.712168 
-21.435420 
-54.851165 
-70.164815 
-71.869734 
-54.851148 
-17.459544 
7.453596 
18.203335 
18.569779 
-5.007371 
-215.735668 
-38.925594 
64.156845 
93.678028 
-6.226929 
-60.668188 
176.260219 
19.913778 
-269.427095 
140.003638 
-271.657194 
0.012517 
61.682369 
213.082243 
144.518299 
-19.715477 
105.231247 
44.837212 
120.050327 
110.078514 
44.836162 
8.472814 
58.965851 
-60.421813 
19.465780 
-496.299545 
51.254795 
-147.570264 
94.562473 
111.479292 
39.713791 
0.561105 
40.654966 
-158.725910 
370.077550 
-145.123879 
172.829335 
19.916629 
20.734747 
-1.329963 
-74.545020 
-144.632603 
86.929568 
388.281298 
-15.947273 
-56.394024 
128.896648 
19.915535 
25.675674 
74.098285 
77.475361 
-45.903394 
-32.264603 
142.242091 
-93.349423 
19.915848 
32.486297 
-30.384112 
42.708975 
21.834619 
-26.751595 
-51.706195 
137.148465 
217.189082 
21.580012 
255.206972 
-108.269299 
-118.120155 
187.238499 
177.620718 
-22.791817 
191.268374 
239.659340 
-71.898050 
153.243774 
717.675444 
24.985369 
50.417635 
-41.572866 
227.057092 
158.041661 
121.388638 
-17.790726 
199.763893 
215.921611 
198.946216 
505.888544 
9.002110 
375.377342 
63.554632 
417.829649 
92.378207 
-135.333248 
230.874054 
605.575788 
-98.235919 
-80.728715 
374.058784 
297.628868 
-187.576008 
-17.571086 
151.227987 
8.704549 
343.894824 
246.427063 
-292.043085 
341.797573 
153.030579 
159.898201 
306.512682 
379.180995 
-25.518759 
-15.050620 
-161.056752 
134.989690 
169.439111 
345.690350 
-286.947341 
-217.389904 
262.933543 
147.512877 
206.828600 
-401.536737 
343.891753 
-118.372094 
183.778878 
-102.520147 
254.469999 
21.932732 
85.149584 
-362.625259 
-170.939504 
128.230321 
152.661935 
-37.143340 
-13.674512 
-134.055807 
-34.534903 
-241.223968 
105.073184 
44.053873 
140.005504 
94.186916 
206.568902 
-432.016642 
-583.789888 
-143.714067 
-22.670261 
56.412939 
-161.959262 
120.272096 
220.393478 
-74.742628 
117.507860 
-119.353939 
269.131903 
-56.017367 
58.782064 
-510.760026 
393.742172 
92.682925 
-51.387428 
222.245266 
-72.186612 
224.345246 
275.029155 
-508.547975 
125.776664 
-130.690745 
-69.086505 
454.696519 
-79.336056 
283.047246 
44.835313 
107.138725 
412.284093 
-521.106816 
-165.433222 
-58.588578 
84.179188 
148.941168 
47.847159 
-32.552446 
82.926284 
-100.752510 
-213.281855 
162.905841 
-11.757888 
12.364342 
148.032157 
4.897227 
38.330058 
-70.624312 
94.679388 
319.139446 
568.193564 
-447.004996 
-56.691411 
-49.728760 
74.759519 
26.982646 
294.052404 
151.283607 
-307.061705 
-138.510941 
58.818268 
-148.693101 
131.149214 
-120.335854 
-57.128534 
-238.281876 
-96.873752 
-106.623443 
269.130585 
165.334631 
118.767435 
-119.949990 
269.089694 
9.370671 
68.023046 
-123.335683 
193.698778 
-24.414926 
8.763636 
-128.506359 
111.552150 
24.258299 
-294.017279 
135.536794 
20.583750 
81.688698 
-61.896433 
-86.848416 
148.892072 
-199.132400 
-73.686478 
456.948825 
28.170824 
61.780955 
-54.852291 
144.522786 
-98.418619 
-298.253803 
203.026068 
-105.682628 
-149.171166 
434.223400 
-333.271517 
234.523375 
-63.918598 
83.445379 
59.161862 
408.208373 
-244.443085 
79.040475 
-200.252735 
19.914406 
356.358327 
-5.008806 
356.360339 
472.223024 
-329.068642 
213.397561 
11.082415 
323.816067 
-349.063956 
-96.374423 
-25.450930 
367.824140 
-284.084108 
8.484668 
89.046727 
-196.537184 
-162.803887 
-83.343808 
13.122338 
239.538593 
19.527951 
138.391391 
269.131679 
1.083026 
-81.749093 
117.878549 
-5.010707 
148.934994 
-431.084738 
480.966584 
160.593305 
-103.962817 
144.520897 
404.539771 
-295.877757 
-14.905733 
-483.976618 
-337.446595 
-118.373360 
-87.181658 
-62.571212 
239.642778 
-186.454494 
-52.104374 
310.196122 
474.009704 
-117.013564 
35.986009 
283.553597 
-208.040657 
151.044927 
417.517138 
226.404185 
141.872422 
-17.487185 
-143.124258 
-143.516452 
100.237582 
198.323954 
70.498460 
-21.577577 
-187.573703 
-410.028406 
169.312085 
81.475398 
-50.531676 
160.279950 
-173.005937 
-39.988430 
343.899775 
-44.545307 
309.621835 
4.943206 
130.808140 
-217.988907 
264.713417 
-189.552591 
-79.310321 
-29.927826 
356.360116 
111.569563 
-257.938370 
66.346155 
-127.123364 
-5.007131 
23.594454 
55.881196 
-109.417692 
-326.206615 
18.181957 
206.828635 
56.341914 
-176.701000 
-23.207357 
-94.924389 
-181.747790 
106.549295 
-179.255358 
41.644280 
-35.784152 
-149.336808 
381.281726 
-162.327408 
106.361751 
-68.572986 
-152.671243 
-185.935144 
123.820068 
-211.708704 
145.059586 
331.436500 
158.424973 
-200.789261 
92.697673 
-75.698530 
-170.865764 
-202.951234 
-331.289200 
31.403532 
132.062657 
150.501203 
-15.197823 
-5.008055 
156.983493 
24.417921 
-130.896079 
-82.560680 
-29.927983 
256.672446 
175.782006 
-233.455875 
-93.170587 
101.144349 
26.493429 
21.722356 
-29.927225 
-41.610666 
181.910242 
50.383687 
0.802656 
78.612034 
249.033825 
-131.348759 
12.346722 
30.669284 
69.761411 
97.054066 
46.213614 
-59.632349 
-113.210718 
120.648747 
-306.386192 
256.332754 
-47.389843 
357.872734 
-166.140431 
141.710794 
94.682517 
-241.618351 
524.289029 
185.922656 
150.456167 
-525.556709 
-21.892159 
-122.635119 
-120.079131 
-25.564720 
-139.116691 
-74.600885 
203.656684 
-17.467386 
-278.194996 
6.076825 
-83.312509 
-124.115343 
38.864214 
-46.426819 
199.259409 
213.201765 
137.229747 
-89.537443 
-29.928678 
32.465269 
-236.491202 
19.915628 
-179.239630 
-224.644594 
32.375695 
-54.851610 
-210.269883 
-193.277215 
95.516639 
-104.208344 
106.366005 
-273.592307 
-29.930140 
-147.327044 
-5.009388 
-0.531211 
-99.158376 
46.513837 
15.485180 
-706.517917 
237.798511 
-324.396469 
-63.779740 
-61.985242 
-168.970349 
-117.656791 
141.255458 
-356.650316 
-80.742668 
19.912871 
120.792561 
92.409488 
-507.930410 
-162.256762 
-22.707456 
256.563978 
44.835599 
94.680177 
-158.764683 
206.827614 
-150.378356 
-56.149598 
-241.173084 
-109.460802 
106.225885 
74.154922 
57.297502 
-60.131633 
-145.077334 
-268.473579 
-293.797801 
-190.365370 
-21.977189 
223.887529 
-116.552617 
-28.374892 
-131.564089 
0.223336 
-157.078317 
-248.808572 
-72.471471 
45.557602 
197.356275 
19.916398 
-25.229351 
33.966567 
32.375849 
-1.400513 
-166.999157 
-342.367165 
-55.488778 
19.911338 
-62.095135 
122.146755 
360.815647 
499.688367 
-466.949400 
-127.126321 
186.799355 
144.523735 
-342.971422 
277.268170 
-154.397059 
136.403827 
150.755984 
356.116931 
516.615783 
123.399714 
226.305762 
331.438415 
36.441211 
-121.249488 
431.124262 
52.874485 
285.888356 
76.484292 
13.012490 
-615.811351 
-141.084001 
221.689785 
89.869660 
34.497730 
-19.575242 
105.177201 
265.849850 
150.549246 
496.738876 
253.408884 
141.061764 
144.525777 
411.975772 
-49.404215 
-397.208609 
-108.984983 
46.200271 
677.163291 
256.410778 
-323.500244 
29.939354 
269.134884 
38.382011 
629.610215 
242.490622 
331.267238 
218.510673 
208.265795 
93.638462 
1128.939449 
104.010663 
39.635945 
136.227355 
-72.820625 
41.125513 
-28.721114 
182.763010 
252.171595 
-78.412246 
319.733349 
-41.525932 
269.427215 
259.933280 
369.417552 
13.922850 
-44.407697 
-2.148548 
184.598797 
194.090413 
628.990275 
-172.745727 
56.155853 
-123.416184 
251.644756 
524.657071 
23.836919 
-188.684495 
53.517526 
255.506656 
-34.918977 
555.729727 
-71.416640 
318.947445 
260.131688 
165.285271 
331.215517 
-67.598743 
94.156774 
530.808452 
-186.821590 
161.175469 
165.499632 
234.143935 
-255.733369 
-98.585600 
79.185397 
-234.583166 
318.972055 
262.689410 
-508.357923 
577.396087 
180.364589 
367.312675 
281.590043 
349.757147 
-245.199884 
-36.920041 
-519.598406 
199.103589 
244.208839 
190.385460 
-496.342623 
-290.804506 
330.866999 
164.441232 
206.823127 
-364.885697 
343.894908 
-222.137660 
124.436035 
174.200338 
196.580373 
-140.794412 
340.434686 
-444.818476 
-301.776973 
129.525818 
14.218011 
17.138272 
-293.254381 
-230.304718 
-211.829135 
-312.843819 
183.385752 
-22.924119 
-73.327101 
-537.857710 
113.470564 
-656.500472 
-586.808124 
-305.272106 
-21.235311 
-175.789801 
-221.292751 
70.316406 
343.768469 
-71.126819 
175.523177 
-192.712675 
119.600356 
-194.002045 
-36.009699 
-308.452168 
343.892694 
-119.546903 
-195.168181 
39.642225 
-113.545850 
104.651689 
269.291976 
-561.872199 
19.710478 
-109.057136 
-215.089768 
529.472475 
20.033193 
-92.554784 
57.297095 
219.283755 
514.265597 
-188.993159 
25.167343 
-299.404662 
31.477071 
601.687037 
-148.027562 
-67.300453 
-278.196067 
-55.266697 
-329.594641 
208.534067 
87.483054 
-78.678290 
189.426633 
133.227358 
28.010263 
104.237026 
468.510171 
333.240461 
555.737173 
-626.338600 
-114.975840 
-19.483182 
-16.053682 
62.208396 
219.292531 
-146.146901 
-607.589830 
-53.474358 
-696.822716 
-4.922224 
314.033695 
-184.098050 
-239.190714 
-348.234415 
-159.891839 
95.945460 
456.048583 
-152.998102 
-44.880399 
-161.325164 
218.627406 
163.938441 
242.059261 
-225.274704 
112.393239 
-183.512554 
-86.550968 
-199.200044 
-147.009312 
-88.760975 
-435.305318 
87.783663 
324.350380 
66.956855 
-90.073961 
-49.974514 
102.788638 
52.313076 
17.331857 
127.604815 
-132.886420 
69.473122 
169.444684 
730.185519 
-421.831208 
-98.141600 
-179.203058 
-35.014610 
-142.541493 
168.519083 
-754.015554 
196.688804 
-48.597304 
232.729449 
-94.100538 
367.795329 
-300.202128 
-18.787719 
-20.495439 
356.355756 
7.451521 
381.278995 
194.364668 
256.713948 
-157.233893 
452.564007 
-127.918025 
368.970785 
-517.611011 
-217.123076 
81.385518 
379.573944 
-393.941283 
6.006810 
14.984073 
-144.420400 
-380.022546 
-21.965339 
-182.117214 
76.061694 
-229.163203 
89.648570 
82.216001 
80.612866 
-154.645407 
-317.214728 
306.513690 
-224.686456 
-415.161930 
-54.853074 
205.822924 
-136.358766 
406.202678 
-34.082500 
-100.658916 
-330.891273 
-485.531863 
-109.402285 
39.545267 
-70.359797 
-299.252134 
376.524388 
-200.766317 
149.734837 
350.345779 
360.093288 
-287.348945 
211.791978 
284.251296 
-153.045827 
160.159239 
146.037093 
70.801510 
144.273276 
-15.616359 
-257.126607 
-332.525373 
-79.240443 
202.286946 
-83.966132 
-268.782077 
-255.726310 
-222.869014 
426.149235 
-26.599247 
82.203559 
0.019549 
-227.226721 
401.024869 
730.190691 
-697.145770 
177.368780 
13.161474 
-114.744576 
-265.171245 
230.355638 
-365.214528 
-142.054619 
194.368701 
194.370374 
354.900705 
-198.910251 
202.389176 
-233.456481 
231.751274 
-213.954593 
-84.971862 
-95.686216 
-447.500645 
-219.085249 
156.986180 
136.891709 
0.656042 
-120.478890 
-368.129197 
67.043554 
243.304767 
-183.746058 
-40.204080 
-159.041820 
-195.104871 
-29.928453 
-163.884991 
-321.982089 
-80.176198 
-315.796806 
-184.833235 
87.353152 
-229.862817 
287.774614 
-29.930364 
-8.429020 
-425.296858 
91.811572 
143.114592 
-87.971654 
-679.501001 
-18.736793 
197.604918 
-29.931243 
-12.008963 
-20.345403 
119.600797 
206.826801 
-38.474746 
22.354537 
-172.451158 
256.670124 
231.747828 
94.066760 
-167.003684 
-246.345720 
297.065023 
295.211420 
23.934567 
107.138801 
-422.452184 
44.835327 
48.352612 
122.794930 
212.267689 
320.785495 
-216.008979 
-34.225004 
393.490704 
119.600614 
328.182945 
-258.624427 
-58.886178 
-421.167992 
137.188982 
-325.650536 
-28.477172 
-113.045049 
370.814398 
-88.064848 
314.379760 
181.903859 
-83.650465 
286.121407 
148.174498 
298.298877 
-332.947174 
-118.797291 
102.135912 
-103.891157 
23.783530 
-187.703344 
-56.462281 
-64.374192 
19.912100 
-346.232156 
38.763842 
-190.819390 
-252.815760 
250.412028 
-129.465762 
134.410701 
161.771164 
84.539327 
-16.468957 
19.910981 
-171.315754 
-297.054705 
7.451146 
-284.687016 
-339.522761 
-5.011321 
-17.471395 
-223.694303 
-240.931528 
-286.473308 
-62.961246 
-0.203934 
-329.607616 
-54.852871 
-142.500356 
7.451183 
-146.489657 
-163.701963 
-83.582673 
204.039050 
-400.711610 
13.882741 
-418.070197 
-182.533452 
58.687538 
-87.335643 
-147.611112 
-32.650623 
-296.212395 
18.238257 
7.450184 
13.226340 
247.989656 
-433.037540 
-249.409251 
20.535249 
317.688290 
-5.011186 
156.981091 
-215.013292 
-104.697643 
197.261916 
-100.266149 
-145.564346 
-235.727598 
-133.171213 
63.561489 
-17.472786 
17.481711 
-184.929697 
-164.002929 
-339.088695 
-195.040150 
-105.211811 
-89.865049 
-83.720507 
-388.482054 
-246.419374 
12.119636 
-130.633272 
-297.065758 
-66.439561 
-77.318167 
55.650727 
-67.315043 
-49.440790 
45.332107 
-167.004148 
22.836238 
-167.002218 
-392.001068 
-84.542258 
269.130728 
112.006294 
-357.427206 
207.705677 
-121.366179 
-420.697637 
444.415655 
-62.934576 
244.209104 
-275.607822 
274.039327 
-129.302433 
480.303433 
-42.634802 
398.004520 
148.094068 
-188.921632 
-69.916842 
181.903481 
75.708778 
218.844011 
156.983190 
129.177795 
320.453462 
-404.148972 
17.183942 
-271.115683 
411.723178 
191.713267 
125.751151 
352.133024 
60.269060 
188.942216 
14.591784 
312.429753 
125.464571 
107.721667 
-328.258952 
219.287502 
283.427066 
97.029333 
119.235307 
168.545822 
81.346515 
631.672473 
355.554200 
58.692498 
-313.313074 
480.968102 
73.338424 
431.937641 
-78.052585 
348.104618 
-64.976564 
348.114150 
-68.420298 
406.203110 
-41.660099 
-180.769504 
-77.181860 
293.690819 
191.236820 
1.629020 
-97.324843 
472.322577 
-221.504864 
386.333366 
-54.471647 
-383.077996 
418.721419 
-69.036778 
166.659791 
124.201029 
64.502628 
-69.626815 
244.862593 
1322.703946 
-79.733687 
-31.159596 
-91.377914 
202.066335 
89.726056 
-127.365392 
-113.127004 
-146.276340 
-105.438272 
-59.237495 
331.440467 
6.359703 
357.185259 
167.188178 
165.292698 
381.008818 
-90.811599 
-184.236732 
456.047142 
-120.944520 
55.764221 
304.425783 
41.856031 
205.991816 
-207.247890 
119.753626 
-228.105777 
418.664054 
431.496645 
-527.105326 
-80.289161 
223.746027 
-233.708872 
156.989254 
453.570965 
-136.198311 
313.526037 
-386.763502 
-224.695998 
219.289376 
173.135380 
-381.163611 
76.573023 
620.071340 
110.135003 
-29.929140 
70.297164 
904.642659 
-7.272561 
43.553272 
-77.645053 
413.010194 
-296.315391 
103.126530 
80.217861 
304.819471 
131.680071 
-256.921045 
103.902872 
80.670383 
-621.427617 
-140.783405 
24.382940 
79.657731 
244.993710 
-117.121702 
-303.071469 
361.912375 
-220.493676 
-214.318393 
-82.425505 
-145.371854 
314.778793 
250.336588 
352.646016 
198.061994 
-145.322839 
-19.168989 
112.057598 
505.893303 
157.155431 
-232.629862 
-407.753094 
418.664984 
26.369822 
-89.236141 
218.354603 
92.297181 
57.533439 
93.710184 
-366.207743 
163.425518 
42.005056 
-320.058508 
176.332243 
-82.775446 
-447.234312 
-5.008628 
281.593311 
254.821287 
576.740188 
-163.959996 
-33.379263 
201.384834 
251.070549 
-503.071869 
-5.009595 
-377.072898 
26.971758 
-283.631265 
192.039601 
-92.704658 
122.406664 
479.277276 
3.009521 
-48.347535 
-126.560766 
568.199440 
6.678978 
755.110269 
-311.649446 
-69.343381 
-244.383322 
-78.797015 
30.934547 
294.054792 
-15.152162 
-1363.679125 
-611.148498 
479.733784 
79.330968 
493.712326 
-204.166057 
175.297886 
74.005239 
-95.601675 
-230.902952 
456.048870 
-134.781201 
-673.744243 
-264.452050 
251.391076 
-416.580580 
-214.757931 
-7.087720 
367.564210 
-36.248306 
-233.514158 
-27.382246 
34.465649 
-23.395684 
-198.762677 
201.725546 
201.542516 
146.416291 
48.575205 
-65.626869 
-95.095892 
237.335421 
-239.049189 
2.840396 
-157.677487 
-232.525813 
219.289327 
730.189206 
-396.283708 
-129.849420 
-31.261171 
70.905467 
37.409786 
433.967784 
-699.132807 
234.773823 
-221.666019 
162.397672 
-103.597387 
266.490872 
99.612703 
72.558293 
-20.596048 
381.281598 
32.376388 
406.204639 
219.290141 
-224.302908 
-61.791770 
353.081086 
-98.757468 
288.625791 
-58.038139 
-388.670405 
168.532399 
582.752800 
5.149797 
-103.167283 
-71.518576 
101.815096 
-223.294360 
239.563613 
-315.755199 
112.397553 
-181.651617 
-25.995116 
206.829433 
-78.360001 
-335.106559 
-108.837721 
406.204057 
-25.799746 
-154.557807 
19.914505 
116.026608 
13.367008 
480.969091 
284.917882 
-105.487339 
-175.729059 
-255.005372 
165.863931 
-44.654521 
83.569990 
-168.597974 
150.945438 
-321.582254 
79.749611 
-248.373051 
10.357050 
-419.344970 
62.532891 
260.377758 
-279.211108 
-245.038729 
-412.337776 
168.867966 
-55.421284 
81.440068 
-117.314850 
-138.993214 
104.170980 
-70.363247 
179.992383 
19.306514 
-504.280159 
-433.210880 
103.083520 
-95.083065 
-241.268320 
213.968713 
7.543978 
114.853436 
680.342268 
-31.011260 
75.312513 
128.532179 
21.706284 
148.399973 
121.432037 
-262.731746 
-213.587087 
356.357521 
169.444594 
28.422844 
-183.550125 
-318.333013 
-339.793302 
331.436287 
-249.276571 
49.112728 
-129.466222 
31.273335 
-197.446962 
206.825383 
-44.635849 
-6.639444 
101.133826 
-226.062608 
219.154630 
-133.756151 
76.941172 
161.784172 
424.177890 
73.050858 
119.598129 
-209.058823 
-367.156028 
127.231338 
-109.203155 
-234.841383 
222.098539 
-110.845373 
217.327113 
44.833985 
112.266777 
-337.353749 
70.944635 
-9.923372 
-147.521623 
-337.388779 
-83.650717 
102.741489 
94.676805 
104.269896 
64.816990 
181.906839 
156.981830 
-58.915840 
-51.388197 
-289.421038 
206.827708 
107.139653 
143.572529 
-233.460025 
-301.167204 
40.217843 
220.903130 
-52.593764 
231.749368 
-132.731281 
44.834689 
-0.579130 
147.113990 
155.798660 
267.944933 
-230.069079 
-272.934418 
129.348440 
156.985810 
-205.493915 
102.371623 
-42.086952 
-447.572353 
-236.290322 
99.488743 
-234.669406 
-118.794240 
32.419070 
64.365332 
318.314310 
57.298169 
-364.419846 
240.059777 
-114.252982 
30.850352 
-248.553572 
16.520091 
-433.204725 
-478.816500 
-112.184658 
146.174097 
87.951271 
-9.146482 
19.915433 
-159.047860 
247.277717 
-25.296015 
-753.635236 
249.720172 
-291.889342 
-104.133994 
-96.231878 
86.431307 
-287.459581 
82.220128 
-327.251658 
-178.948485 
57.298414 
-514.584904 
-410.536954 
7.454256 
7.454323 
-195.918582 
-293.974207 
-77.164588 
115.030149 
-121.126927 
-374.391354 
32.375641 
-122.647081 
-29.930029 
-19.013867 
179.347175 
-93.854528 
-108.336601 
-209.580556 
-132.475845 
-61.349472 
-138.317216 
211.933464 
-190.224053 
13.835372 
-146.666836 
-40.722252 
39.876951 
-5.008997 
-193.163139 
68.548254 
-402.695257 
-268.285392 
262.399647 
84.158224 
82.216647 
57.295935 
-175.987088 
-42.392764 
100.297385 
-171.687715 
-154.286977 
-174.461632 
-270.459991 
159.887730 
-79.774541 
-70.553287 
98.480519 
-125.232902 
-413.653220 
-149.090434 
-189.741738 
-71.125621 
-244.023886 
-67.863804 
30.238106 
117.808155 
-178.013574 
-161.905068 
227.354524 
-113.205210 
104.726741 
-67.312334 
-100.487560 
-216.500580 
-167.000012 
89.547978 
-167.001360 
-362.064392 
-494.307946 
393.744332 
20.640790 
-0.917692 
324.657469 
-96.556579 
-286.459250 
-246.748697 
122.102833 
605.580956 
-48.223863 
228.993730 
22.962464 
99.615066 
157.058593 
313.251133 
-3.101933 
-178.391710 
158.551707 
119.601072 
100.112897 
236.207454 
343.900993 
26.869128 
371.010645 
-162.587854 
-175.155110 
198.997307 
269.921498 
125.802309 
-155.777991 
-7.460132 
82.037032 
168.851489 
380.719026 
-225.955414 
170.957561 
47.677234 
-225.911861 
555.730761 
328.651036 
-125.346087 
-172.851257 
124.217886 
249.632988 
582.004814 
172.500611 
-245.384165 
-1.933439 
169.445555 
152.822963 
37.633172 
-165.400333 
22.419723 
-82.110575 
-77.042852 
247.150622 
244.213542 
110.305732 
-139.916383 
235.022357 
-183.637448 
194.235479 
-198.366173 
148.481145 
233.381400 
138.715210 
169.039957 
23.721664 
114.734743 
353.846947 
144.571982 
165.774988 
63.767369 
-101.733274 
-114.108035 
371.897796 
363.580700 
-31.279876 
-14.181993 
-3.187765 
263.655664 
174.841765 
-105.937959 
31.808324 
-108.987913 
318.626562 
-9.424402 
194.370407 
197.802627 
128.011325 
-126.410868 
444.421271 
158.676943 
-50.466897 
-72.350344 
381.278610 
-198.066523 
170.575848 
52.538592 
138.188116 
-293.929001 
-109.861204 
181.541363 
-82.399149 
854.793172 
164.432839 
-408.046505 
-69.454367 
-44.010407 
-41.048476 
244.208195 
-51.370613 
-189.204528 
-19.896574 
-137.382140 
-33.443943 
431.129181 
-74.563469 
-401.966788 
-219.648609 
-61.232981 
89.163060 
269.126142 
-10.886444 
-79.779398 
-77.191278 
-67.771310 
-300.966548 
306.420742 
-379.005980 
-72.071535 
-137.900067 
-145.371671 
141.596498 
-54.341251 
-252.529422 
-249.455705 
-227.967812 
-89.742062 
-99.825894 
14.299766 
-554.855557 
-81.382195 
-220.593965 
42.753546 
-117.797000 
-416.523240 
21.453739 
-306.548853 
219.411040 
180.264032 
-240.754863 
-26.202888 
-255.425584 
22.844815 
-1.693902 
-129.614257 
87.906720 
-264.249390 
-51.724159 
356.361525 
-201.767332 
-371.433028 
8.239716 
219.416352 
163.511005 
311.981639 
-441.161355 
-74.198147 
12.519888 
-90.031264 
-14.855510 
-166.121184 
-372.194534 
169.446194 
312.748185 
300.254317 
-200.228900 
-83.715414 
-173.254621 
-79.323543 
77.659716 
-25.249569 
-38.266422 
201.992110 
129.407834 
108.058932 
264.052201 
-142.927845 
26.724139 
74.528514 
-9.751235 
282.540530 
-89.346745 
505.887842 
285.537172 
231.746717 
-342.306570 
-144.979674 
-223.003715 
-183.629433 
-43.492251 
244.206882 
3.302557 
-277.157913 
-169.967220 
190.754940 
-87.824953 
197.955965 
-203.261199 
92.987725 
168.832271 
-449.907987 
291.630228 
281.590777 
207.846708 
306.512682 
-338.018914 
-132.138292 
78.036095 
76.468764 
92.871682 
-94.271244 
-55.695721 
-157.430769 
-29.024661 
-0.464919 
-30.770554 
50.918851 
-40.811907 
246.536135 
-42.497787 
-130.351814 
-138.009666 
-52.110906 
-89.615519 
102.986550 
114.106104 
-184.185436 
-13.506240 
705.265887 
306.512508 
-159.631375 
-288.016072 
-31.408270 
189.063291 
362.004376 
178.853753 
-516.575405 
-182.528382 
332.602803 
-67.711752 
-35.517224 
142.016795 
-69.118256 
-7.802488 
-167.493843 
-42.390128 
-54.849811 
119.603232 
356.360509 
-131.122666 
-227.334460 
406.619891 
-138.324727 
96.712354 
107.333977 
-200.045848 
13.578249 
295.019729 
-209.727852 
31.035203 
1.813956 
108.702021 
-311.148353 
15.778313 
-219.822983 
-124.205439 
-32.880608 
34.661326 
7.455167 
-258.032970 
-139.846597 
-97.723720 
-79.773537 
55.412327 
-858.222344 
44.835447 
447.384590 
78.185554 
294.054554 
165.301362 
-319.122876 
101.666792 
-688.801494 
-102.702227 
-64.727217 
103.497589 
-6.955669 
-89.624701 
-323.155485 
211.900678 
-210.437604 
167.746019 
-160.601110 
-146.654543 
80.717216 
-104.007180 
-78.719854 
223.030040 
179.333235 
-63.685604 
-77.221164 
-88.909554 
-7.257591 
100.080226 
282.714472 
-217.344910 
-167.525735 
42.515028 
-377.008447 
197.448816 
-91.278687 
-10.356933 
-18.027288 
77.780655 
218.542636 
431.122025 
-166.006050 
-150.088611 
12.611273 
19.090337 
61.041587 
284.759613 
-113.921896 
-59.225368 
244.208524 
231.747155 
-34.031546 
33.545956 
-119.306032 
218.439208 
306.515598 
182.030677 
-373.491968 
-113.661280 
-121.540758 
-143.855894 
69.754398 
14.185802 
-392.763299 
42.248412 
87.218133 
102.314754 
17.893735 
-19.321573 
-404.205939 
99.169503 
92.763665 
306.512815 
70.539029 
-383.503167 
123.700433 
120.026257 
-162.669849 
34.013725 
-414.447529 
75.619770 
156.981321 
-185.570566 
-217.213408 
-178.926763 
-103.347603 
-107.068203 
-499.596210 
-203.498794 
-93.608803 
44.833268 
-85.404450 
97.490391 
156.984211 
-4.995174 
-68.573778 
101.684153 
-203.496190 
107.131748 
107.142552 
-13.133428 
-339.785473 
9.152313 
-20.645811 
-126.772737 
47.225311 
-29.913008 
-198.925886 
156.981591 
139.759280 
-31.945691 
28.973686 
-35.541135 
-97.161504 
-302.643712 
238.332963 
-366.349926 
144.264960 
-120.109973 
102.202131 
0.455764 
-30.053042 
114.930377 
-26.550231 
-72.344413 
894.431673 
-66.651183 
369.357477 
-17.473116 
-73.548536 
-195.426441 
141.316446 
22.100763 
-190.200761 
-84.450891 
-98.694626 
-36.202233 
56.241773 
-331.640518 
124.332261 
12.611262 
-54.851636 
-148.329872 
-82.906260 
-1.241365 
158.001705 
114.250033 
-161.650589 
-184.670857 
-151.156253 
-5.366184 
-45.184960 
-67.312168 
-66.246073 
-276.561203 
-79.773996 
-252.728998 
257.444126 
-29.928194 
32.373097 
47.163996 
-473.724588 
-152.431072 
-45.819885 
-170.228987 
-228.421962 
-79.772447 
-128.366375 
-54.852052 
-239.223968 
169.363866 
-7.819882 
-141.180876 
-457.186706 
-310.331174 
-265.007605 
204.162432 
-16.898715 
-222.959498 
1.215049 
-223.742618 
-112.806252 
-95.399856 
-29.930285 
-93.765698 
94.483719 
-161.786493 
-144.027423 
-115.564985 
-18.706524 
206.825798 
44.834347 
-565.173299 
44.834760 
-290.013701 
-132.374702 
-460.338360 
-138.957197 
-262.739572 
-9.999311 
57.291758 
82.767302 
-188.822351 
-63.475594 
-68.609012 
-140.528257 
-143.560015 
-11.094876 
-290.599025 
-58.329265 
-105.509836 
26.144465 
49.901009 
-224.197955 
505.351106 
-367.453320 
186.587726 
-167.005776 
-144.677099 
-101.413934 
-167.005390 
100.080691 
-167.008532 
-288.875237 
-155.428502 
580.665001 
-17.508527 
-123.223313 
437.068920 
-85.200217 
-339.919322 
-127.119812 
9.180177 
580.661408 
-438.201402 
250.293668 
-134.575051 
105.260199 
20.175933 
925.066521 
154.568097 
-296.260731 
251.174258 
69.760546 
26.443103 
366.087856 
318.982756 
118.040160 
182.056574 
-53.287478 
-125.833437 
473.518663 
290.827522 
76.469608 
-96.854573 
61.037040 
-152.188808 
313.572884 
236.916986 
-334.853625 
54.245310 
-33.831565 
-105.046682 
755.109749 
404.591487 
-61.270360 
69.604340 
248.154217 
276.960966 
829.830838 
231.628132 
-191.969469 
-86.031034 
269.131479 
-70.889257 
199.247699 
78.595621 
81.822437 
-307.184674 
-152.058344 
102.876572 
343.901298 
80.498086 
-341.071938 
52.813036 
-330.316518 
12.172252 
-156.178523 
118.245252 
159.240729 
-156.813425 
-19.770598 
-234.211167 
450.772636 
288.995915 
259.906555 
37.997378 
-174.957642 
-124.071985 
29.307206 
513.693151 
280.922167 
127.550331 
105.721378 
12.976511 
169.709255 
126.440600 
-66.933257 
-352.882497 
-68.886317 
102.456520 
127.781717 
493.434579 
111.032966 
-62.994589 
-115.376925 
391.252599 
283.421061 
-64.422152 
231.290873 
269.134496 
39.092307 
-39.804707 
38.399528 
-257.416114 
-71.136378 
138.141982 
277.638253 
235.076648 
605.579089 
123.480487 
-136.233157 
187.236197 
64.865192 
-127.628211 
780.035190 
169.179503 
329.380769 
159.168717 
-21.477685 
81.259701 
219.280846 
259.749002 
-108.441199 
-125.279818 
-26.311821 
122.030322 
730.187596 
-216.287876 
244.197045 
-47.310592 
189.094501 
-20.642476 
338.874410 
-7.341753 
-67.567240 
193.570673 
94.690994 
151.807140 
-74.599401 
-501.551818 
121.964785 
-309.072047 
-13.050513 
-161.827006 
237.505500 
-543.948239 
49.974935 
-159.664672 
-14.040344 
-261.349719 
-248.441049 
115.233705 
-181.031207 
418.440920 
-119.170026 
23.125806 
111.065641 
-136.515631 
170.685539 
160.609280 
318.973399 
67.118094 
27.155113 
-233.573150 
144.524292 
21.738545 
-311.984511 
116.467721 
114.039291 
120.073513 
160.686070 
204.212293 
-200.374537 
-112.658628 
-53.155898 
-249.436507 
93.325249 
-672.053229 
256.672122 
325.210373 
31.504911 
-277.413723 
-319.256347 
-173.419328 
-27.168289 
51.889298 
-294.994462 
-113.373774 
62.657052 
91.472745 
-81.869627 
-164.336084 
-70.992416 
54.242576 
-163.142762 
168.426116 
193.197268 
80.675285 
256.672775 
323.869244 
156.987695 
-595.509983 
-534.263138 
-225.878800 
36.888796 
12.337605 
456.047537 
102.014759 
-784.949108 
-154.877724 
-123.888716 
24.097896 
9.368400 
-216.717027 
-206.215975 
223.305814 
-181.718784 
-104.129691 
119.606348 
413.172330 
154.493983 
-291.674728 
-249.855469 
130.736324 
141.561295 
170.903572 
17.102396 
-341.760659 
-526.676252 
64.334013 
87.029332 
91.511875 
28.909718 
-45.328044 
-45.368417 
-188.539150 
-60.870573 
-190.894314 
-42.820857 
-114.423569 
-275.073417 
-56.325069 
-289.147921 
-12.828514 
231.755176 
194.371465 
-173.495519 
-481.255909 
83.857951 
-270.273398 
-166.952334 
-235.549769 
-294.315916 
75.520151 
63.656450 
204.279575 
-211.839278 
345.480835 
495.874476 
284.643032 
-254.341439 
19.914395 
281.594370 
456.047748 
107.141494 
169.181641 
-25.025134 
463.815781 
62.335732 
19.205866 
-103.036084 
-23.710818 
203.203493 
358.020800 
-284.701485 
-284.786305 
122.620266 
-170.677634 
-237.116170 
-23.047856 
-158.224654 
88.344628 
-185.628806 
-504.902649 
-29.929299 
125.665490 
27.197165 
-71.472193 
119.602036 
-42.622399 
-283.147821 
580.655692 
138.894939 
-17.906252 
181.907304 
-34.082284 
-155.589809 
-37.309644 
255.115923 
-373.517025 
-34.845152 
-48.522511 
-210.103466 
-86.809366 
-314.270337 
-291.593655 
-86.951724 
-315.564706 
-72.718186 
15.195014 
245.098799 
197.604141 
290.506998 
-183.103151 
-165.045169 
56.510767 
86.567122 
-88.332553 
-242.809551 
71.324476 
191.452451 
62.114691 
78.463124 
-233.125088 
-286.001960 
18.257160 
-187.453624 
-169.966027 
117.297596 
221.153627 
57.145348 
-42.385206 
-158.001653 
-65.846138 
51.761774 
116.371725 
-8.648806 
91.048305 
-237.515376 
-201.838673 
156.988827 
-42.386328 
-171.296262 
123.319815 
-38.422919 
-220.178649 
-54.850064 
83.364140 
10.070353 
227.185131 
-4.964049 
-131.206711 
281.595585 
-169.957215 
-74.408060 
18.377804 
209.924481 
-9.061934 
15.570410 
84.680138 
-25.607114 
301.125150 
145.341220 
19.912857 
-768.246150 
-520.580168 
119.732656 
-24.430296 
-164.446697 
-7.899197 
-372.872081 
-143.471198 
19.911476 
-198.266267 
-137.924557 
214.229396 
-177.198310 
-76.595202 
-678.987304 
-208.145924 
195.174566 
206.825824 
21.945570 
-132.630046 
44.835936 
44.834758 
275.763182 
-113.101004 
-112.720189 
32.376908 
32.382858 
45.576058 
72.251754 
52.003070 
11.182220 
-7.688940 
-105.067780 
206.834559 
-64.973034 
132.061193 
323.514590 
-45.794599 
198.192037 
-83.556598 
-124.070192 
-196.840894 
109.004221 
356.372352 
85.353131 
73.203214 
-41.470684 
-245.183712 
44.969864 
-57.163264 
-267.115234 
16.037305 
983.881642 
-327.579731 
194.187810 
19.917809 
-249.157125 
201.851903 
-160.259668 
-30.738385 
-340.070407 
-12.877239 
-242.613361 
-39.980752 
62.251992 
-234.498133 
-31.491081 
-88.740556 
44.839970 
-271.921358 
-88.744011 
111.573266 
-188.172212 
-82.561603 
-145.790783 
-18.743486 
-249.670174 
112.345003 
-90.283897 
44.839271 
-44.536419 
-290.231074 
44.840978 
54.296559 
-176.811225 
32.377857 
44.839971 
-304.851823 
-267.056447 
29.440133 
-79.293795 
40.572431 
-272.243195 
69.763331 
149.691055 
69.760594 
-157.619017 
46.544527 
-52.031198 
-166.485101 
-143.418382 
-28.520550 
-194.519819 
156.300424 
80.886795 
-158.091299 
-97.941073 
-124.829559 
-259.050785 
-122.687230 
181.910918 
-61.635278 
-202.753342 
-155.541447 
-85.493653 
64.220406 
48.863802 
7.453994 
-17.468434 
-390.105657 
-54.850917 
339.093071 
-245.402666 
-312.257548 
-201.520219 
-99.753061 
240.072562 
-166.999781 
-49.998066 
40.345619 
-171.216186 
-275.983183 
-17.468310 
-267.565657 
152.672659 
-69.739629 
-338.065375 
-169.844933 
285.731828 
55.281051 
-170.639226 
-236.912412 
-228.456309 
-19.956789 
-167.002189 
52.454323 
177.726122 
-167.000201 
-180.327227 
-167.000870 
-281.939734 
-71.516397 
418.670573 
-392.006868 
-383.865397 
381.446969 
-73.997825 
-252.910601 
112.128874 
-179.363533 
231.755385 
-344.854901 
141.901272 
303.306753 
-19.354132 
306.020662 
350.410204 
382.132674 
59.965414 
305.950928 
231.752289 
146.202724 
221.175499 
480.971032 
638.462178 
54.991113 
-664.611561 
-155.440016 
529.255459 
366.438474 
228.714342 
-64.098202 
26.157866 
92.870539 
340.898094 
74.466351 
-127.161795 
47.272327 
179.979492 
72.929753 
393.739214 
378.405980 
184.009140 
189.831692 
97.225413 
368.848949 
524.466843 
234.166947 
-42.810463 
-111.199609 
518.353309 
-67.965668 
591.818247 
-192.129045 
251.747274 
81.441886 
626.711942 
-107.655424 
456.048626 
30.491797 
-89.918705 
3.570488 
-44.931344 
-88.254415 
84.486171 
-159.692921 
172.012575 
-253.732845 
-352.877063 
-75.457397 
267.647767 
206.127698 
58.036255 
-39.899991 
-213.561089 
28.669484 
137.059708 
584.105551 
895.871799 
-266.221728 
13.048825 
-45.438884 
149.205314 
271.320253 
98.475878 
-223.285458 
-255.931909 
-48.881138 
-58.465831 
568.196535 
250.363520 
-15.005356 
214.533718 
391.249062 
329.198917 
-1.251650 
-162.429886 
443.583572 
-224.098008 
-61.796265 
364.395525 
-66.877503 
-130.513850 
234.774135 
47.680746 
2.781871 
505.889036 
190.895460 
-184.417030 
181.574070 
-9.725335 
-179.614882 
680.342940 
241.876408 
-139.716510 
51.874982 
-109.809730 
169.251246 
318.970531 
499.738198 
-211.868860 
-238.235472 
170.986521 
154.148237 
680.338178 
-200.680150 
169.443864 
116.608752 
436.584964 
181.032716 
415.174288 
25.570748 
84.080066 
-20.490628 
28.942389 
54.079751 
-110.057173 
-259.229231 
-143.886758 
-62.904541 
-255.259667 
102.328360 
339.051515 
-304.072260 
-42.287949 
-198.477954 
255.997469 
-89.132880 
-225.568166 
43.482868 
163.204543 
385.609930 
-4.100014 
389.494092 
148.390055 
237.184188 
149.483595 
459.846894 
244.209213 
-123.499001 
143.535311 
-43.913096 
219.289833 
-132.641926 
-347.871623 
530.103895 
-132.885178 
193.720407 
306.000010 
119.424181 
-212.484192 
-284.931739 
51.706851 
-60.444635 
478.027539 
-401.263369 
244.206228 
375.047306 
166.303091 
367.701051 
-109.432730 
371.396462 
-158.411405 
276.528470 
-361.479729 
-40.371245 
-282.505509 
-37.195259 
10.472429 
-144.405481 
271.932922 
111.075223 
336.823282 
486.108516 
86.901993 
459.599522 
431.121461 
202.300230 
181.907644 
-505.212199 
-280.862573 
-92.343580 
-266.293506 
390.150335 
256.671455 
204.759853 
-766.656179 
164.054102 
-209.706257 
271.604762 
229.580260 
-197.493845 
-307.799863 
140.809551 
-206.683985 
-57.510422 
294.058242 
294.668804 
-428.677872 
-21.562518 
147.849974 
-194.463116 
234.311563 
56.556575 
-113.441185 
-400.967148 
-102.320769 
53.064582 
-18.629426 
95.647398 
-154.556293 
-2.268202 
-278.766104 
108.157131 
155.639555 
28.551922 
64.284055 
-359.995122 
-411.111952 
145.395035 
221.588412 
-136.972794 
169.450297 
505.893838 
-347.085599 
-201.943550 
8.965083 
-168.579635 
136.993967 
204.261613 
-628.691283 
-40.304676 
71.411277 
233.193052 
-74.172138 
166.474096 
425.744073 
238.846287 
-23.826475 
331.437619 
169.446251 
132.064108 
44.835159 
122.255357 
-31.067400 
369.269047 
308.147157 
10.139129 
-439.366040 
-281.831179 
174.587045 
399.774199 
-256.091251 
-104.248727 
-207.838471 
-144.109824 
-155.991002 
64.130753 
-73.527981 
83.349991 
-305.093954 
-494.462737 
306.519290 
153.400031 
215.141457 
-456.535667 
406.206476 
-305.374384 
54.080598 
194.370676 
6.003338 
-187.233322 
-29.924159 
5.797336 
-354.434735 
-380.150290 
174.121904 
-539.632931 
-70.294628 
-91.199572 
-420.530543 
-110.360344 
-284.189961 
-173.502042 
19.978090 
-314.656544 
-395.257013 
-38.663821 
252.276901 
142.981942 
73.318552 
-176.484754 
-117.593095 
72.633809 
142.037814 
-219.158875 
-171.112819 
-24.039583 
-103.188945 
49.154018 
-247.938878 
-142.975800 
-199.056506 
15.079600 
-212.904847 
-341.331501 
366.885869 
-64.088036 
-22.527022 
-54.852174 
-163.664520 
5.765190 
74.754295 
287.371732 
-26.963008 
76.410232 
39.564118 
-123.315110 
-54.853211 
-29.930996 
218.632066 
155.759319 
31.497053 
-446.135454 
381.281343 
4.583111 
154.931477 
42.530313 
-428.962231 
-337.073730 
69.757590 
125.097492 
-65.659945 
-455.963365 
149.677279 
-90.816448 
191.425405 
28.434752 
-12.312271 
180.999541 
131.113626 
156.985902 
-600.025208 
254.341502 
142.444135 
-109.008922 
-166.895989 
123.582900 
-263.318540 
142.502749 
44.837477 
-207.216801 
-452.387448 
-29.282498 
-238.398181 
-250.645032 
-806.624834 
25.334453 
-163.300393 
181.908593 
-120.158144 
-223.941318 
-5.003187 
306.516168 
218.865006 
-64.973855 
-146.589511 
-5.010419 
19.912924 
326.987795 
-87.246991 
-2.676519 
-116.625379 
200.060849 
-28.674645 
206.834965 
-67.310183 
-5.006358 
-132.249284 
-0.734064 
141.193118 
-227.662283 
18.796559 
-569.410398 
231.384647 
418.678159 
16.935370 
-183.206697 
-195.805962 
-4.149693 
-49.923827 
32.275812 
-35.712612 
-279.530923 
734.076717 
-248.063645 
147.452753 
-5.011823 
-176.435384 
306.180155 
-105.503906 
131.548622 
-168.114966 
-34.586700 
17.025519 
-391.791078 
-84.705887 
-284.212535 
66.040634 
-67.084946 
-17.469668 
-405.503998 
13.624629 
5.841493 
-515.469959 
-278.007866 
-214.557192 
-334.129470 
-104.970848 
37.716209 
-237.726009 
-29.927485 
-115.813520 
-146.742343 
7.453222 
30.682359 
-262.774298 
-29.927331 
-29.927859 
-59.161101 
-334.257534 
43.134314 
62.388901 
52.164194 
-220.774829 
-5.006481 
35.920811 
181.904114 
-82.160060 
-215.217247 
-197.894663 
-274.186724 
-423.003910 
3.325750 
-180.986961 
-125.573077 
-131.641391 
-61.211935 
-255.539602 
-67.500986 
-148.804002 
34.458037 
32.377398 
-148.371594 
31.918334 
-120.896404 
-295.923679 
-93.892305 
171.728843 
-79.774236 
-29.928800 
-179.274001 
57.298522 
191.307976 
15.722213 
33.009363 
-10.819595 
-311.280598 
184.537089 
-167.000174 
63.892294 
81.127830 
-148.757938 
-597.299650 
-166.999736 
-199.727701 
235.945853 
-211.021533 
-439.251736 
-320.979314 
77.056271 
63.162460 
-256.239733 
-238.651572 
-67.762776 
-94.089547 
-166.998459 
204.750339 
-45.657209 
-166.993092 
155.831959 
-166.995608 
-376.955637 
81.155006 
705.262836 
-115.393064 
45.303055 
-238.568133 
-196.064141 
-547.113071 
165.289720 
440.280184 
194.366132 
-29.764880 
-197.264612 
-147.469554 
326.233024 
-51.293517 
-121.060739 
-0.846276 
-408.066104 
118.031075 
-54.853290 
235.818262 
202.258470 
368.819155 
451.648915 
264.617866 
-752.943800 
287.651874 
240.007582 
258.798199 
88.659988 
-128.981401 
-72.796595 
-50.085860 
109.817566 
-51.558043 
-46.729975 
117.794558 
69.041976 
224.847131 
294.053243 
203.459233 
-173.903507 
4.997374 
128.882502 
343.293150 
283.163372 
-198.500296 
-15.867736 
-151.485775 
331.437996 
-303.769998 
104.729073 
83.117400 
-36.225804 
-536.155165 
189.094531 
-107.068883 
44.836666 
131.466046 
-94.660622 
20.413072 
22.640357 
62.610232 
212.426073 
160.762896 
258.075389 
-398.136383 
-188.888842 
-44.272580 
-121.662595 
77.414590 
-38.649938 
-74.999933 
-52.305682 
85.103753 
-36.100492 
374.779042 
592.702803 
8.438062 
-14.928150 
212.694921 
119.741520 
175.796286 
-95.359177 
228.740461 
6.452814 
-63.696558 
-159.302166 
630.498646 
143.499680 
-29.854549 
-110.884445 
-47.375229 
223.269354 
72.264540 
20.361791 
480.968590 
-35.468488 
-75.025064 
126.102480 
137.202203 
-9.850179 
-105.908595 
166.520586 
264.253245 
331.436724 
39.945626 
-170.474928 
-15.580841 
89.174513 
-127.307736 
194.366794 
23.190493 
211.412214 
-58.816677 
231.105075 
15.513723 
642.959618 
401.785720 
-72.445387 
-71.998287 
104.390310 
-13.123457 
44.835397 
-29.458472 
381.279705 
384.729206 
70.735079 
-38.514749 
528.240789 
-159.629598 
404.019702 
-147.903585 
-472.638488 
-295.982750 
-184.671161 
-40.355854 
-49.267308 
-766.874480 
-61.355171 
174.113402 
395.101993 
17.578018 
43.555029 
-352.068630 
179.651990 
-485.629794 
-212.246375 
-127.633816 
-139.859064 
-152.990101 
64.071355 
133.708648 
-144.448206 
-282.964354 
-1.037717 
162.332615 
294.054066 
-101.713774 
283.759366 
-379.669439 
356.359098 
67.737344 
-339.066662 
300.759646 
62.085107 
107.310221 
-25.361177 
-194.430591 
-399.076248 
317.067328 
-28.557997 
-153.723030 
45.047921 
-192.937196 
343.897677 
325.205707 
183.803181 
335.988843 
-33.037439 
29.098476 
337.434276 
18.527656 
-482.283621 
-15.578938 
-465.132110 
72.239463 
-215.416433 
-81.866095 
-364.858113 
-112.318376 
95.357711 
472.179708 
82.585390 
-77.164237 
580.655863 
182.991632 
181.906343 
119.863602 
-119.114528 
55.955198 
-239.395413 
88.336710 
206.829358 
23.014826 
-532.190722 
30.341016 
0.519224 
324.231263 
59.148925 
-257.735632 
124.197714 
122.949232 
-212.621303 
-43.907732 
456.049310 
122.040424 
-239.271048 
-112.629652 
197.536444 
-126.889489 
61.124705 
118.403653 
146.528031 
-121.058486 
-229.170468 
50.363743 
169.905545 
274.811907 
-157.016955 
-470.558893 
-158.221590 
-22.650509 
143.171629 
129.915714 
21.464517 
-184.234708 
-261.754438 
148.807628 
277.036252 
-48.391614 
244.212724 
431.125727 
-527.882181 
-57.478668 
7.296855 
-180.013663 
240.383644 
55.629591 
-463.128204 
-56.097810 
-263.782917 
-177.404515 
-133.034126 
68.347929 
1.773740 
257.710056 
-296.989117 
306.515961 
144.523106 
94.679059 
119.602253 
-16.685299 
57.596707 
135.682214 
-85.352000 
-27.085468 
-224.627859 
23.471174 
-13.843043 
434.523938 
-480.248769 
-339.418197 
-107.061208 
73.571702 
-422.736177 
-191.434553 
145.718000 
111.320175 
-85.358535 
-297.307603 
231.751222 
-90.456749 
11.945218 
98.329363 
406.204220 
-126.609194 
-242.140396 
306.517002 
-87.226562 
75.567247 
169.446356 
205.167636 
-44.469382 
-122.501773 
-11.237607 
-111.026624 
297.505345 
166.827463 
147.361682 
-10.184747 
-60.270884 
-38.046109 
-263.514751 
-109.945336 
180.514626 
158.728198 
111.390354 
37.030214 
-415.873938 
-133.467778 
37.609084 
79.969892 
-91.379613 
-195.586879 
-171.106463 
-254.505266 
-107.944287 
-203.710046 
-60.929479 
-59.693130 
-564.147509 
-0.141857 
-183.064731 
124.467876 
254.151027 
152.514471 
-27.394618 
44.834486 
13.125991 
7.662320 
175.123816 
268.810208 
103.289057 
-9.346482 
-66.038340 
-68.259965 
-29.930671 
-29.931211 
51.439607 
-17.263923 
-38.515049 
-206.876745 
231.749186 
-69.667037 
222.675299 
98.226838 
108.783343 
165.138924 
-29.930633 
11.757443 
-92.047076 
85.887214 
27.134932 
-157.316781 
-168.059740 
-81.539016 
-100.413469 
-46.001546 
-9.903510 
57.296842 
-32.266179 
-125.723566 
293.472622 
22.106010 
-351.594955 
-2.664254 
-255.075952 
3.129312 
-79.773681 
-148.422717 
-158.221812 
-61.165835 
-126.173808 
-18.258890 
-148.342734 
-102.875913 
-85.128052 
-17.469116 
-66.420654 
-9.340368 
-29.929701 
231.749868 
-120.851041 
-163.117449 
-137.263093 
-79.773609 
-54.851207 
222.308855 
-206.875430 
-38.565365 
-194.558091 
28.665597 
92.768254 
7.453660 
-147.529969 
-42.390448 
-47.657745 
-57.530395 
-3.378932 
124.288218 
151.458051 
-148.820261 
-99.563428 
169.445242 
56.282150 
-11.974836 
-136.783019 
51.141433 
-237.054727 
-12.081667 
123.684401 
-10.889626 
145.934567 
-175.125428 
184.728671 
-17.468662 
84.434468 
56.800692 
-193.981463 
7.606847 
-343.196323 
237.893438 
123.801169 
-114.406501 
-275.066543 
-134.786968 
75.705889 
12.823142 
-79.772581 
-202.605217 
134.072219 
43.127725 
-642.461679 
-50.508286 
-152.137116 
-49.454162 
-118.858701 
199.874210 
31.471653 
-29.928718 
64.468861 
97.277589 
-17.467304 
-417.816271 
-260.150564 
-79.772263 
-79.772673 
-103.060976 
-265.170436 
6.350270 
-179.577785 
142.928956 
-69.243064 
-29.929181 
-227.578632 
32.375484 
58.923317 
-98.505739 
32.483234 
-372.404085 
-197.090556 
-146.587626 
-122.637108 
-83.412153 
147.105995 
-91.430848 
-191.428112 
42.657262 
89.065654 
-58.259264 
-79.773736 
82.461029 
-172.479950 
-271.640936 
-89.396979 
-80.209892 
29.209445 
-17.468417 
-42.390537 
-311.384950 
-117.156443 
-164.146839 
-47.838500 
329.170657 
-150.599380 
-195.194893 
-248.904557 
-167.000292 
-74.467620 
199.052964 
-190.279579 
-411.696960 
-166.999860 
-148.120001 
-282.764525 
-294.849373 
-114.503811 
1.472943 
-188.406360 
-186.882211 
-314.904049 
-98.002326 
-109.591288 
47.311258 
-166.999648 
111.061119 
-246.068270 
-166.999939 
-156.893295 
-166.999981 
-368.964963 
-198.877712 
-154.539062 
-161.647535 
-167.295044 
-159.221739 
-161.187640 
-166.788170 
-167.000000 
-165.691409 
-167.000000 
-166.553579 
-168.526353 
-161.358425 
-176.291977 
-154.716380 
-169.411292 
-165.876798 
-167.257030 
-167.951726 
-154.539062 
-166.877020 
-175.636063 
-167.000000 
-157.535138 
-167.506515 
-172.697283 
-158.189061 
-176.702725 
-168.338451 
-162.391458 
-165.167971 
-167.793023 
-166.546481 
-166.090551 
-167.402486 
-167.758368 
-175.249384 
-175.790839 
-171.677850 
-167.000000 
-167.086281 
-160.222373 
-168.895693 
-165.065089 
-166.289031 
-168.229902 
-170.654279 
-166.919111 
-159.417133 
-167.000000 
-158.078786 
-165.573242 
-161.650365 
-162.673791 
-178.682129 
-168.201206 
-170.052781 
-154.539062 
-172.154340 
-163.605509 
-162.973626 
-158.903690 
-167.343657 
-177.146287 
-176.313336 
-164.191676 
-168.003221 
-181.116288 
-165.954124 
-168.793981 
-161.463477 
-162.714873 
-166.802338 
-161.654918 
-166.681947 
-163.317291 
-163.388164 
-153.708333 
-168.590488 
-167.425174 
-161.339504 
-166.961093 
-174.636468 
-154.348575 
-168.945903 
-173.322997 
-165.421661 
-160.425320 
-167.000000 
-164.014676 
-168.954674 
-163.574114 
-167.000000 
-161.928252 
-163.515671 
-167.717470 
-167.000000 
-166.107757 
-164.715878 
-166.676106 
-166.846507 
-159.729553 
-163.707501 
-171.320507 
-166.275701 
-167.000000 
-162.990851 
-163.969983 
-160.188685 
-170.385728 
-169.228989 
-167.000000 
-173.177928 
-166.000349 
-165.167493 
-161.235423 
-153.765981 
-167.000000 
-168.165418 
-159.746443 
-166.523814 
-166.769460 
-166.615931 
-167.000000 
-167.814688 
-167.000000 
-165.569045 
-167.185308 
-168.226803 
-162.942162 
-158.855295 
-159.172011 
-164.373590 
-167.299008 
-166.189624 
-167.216133 
-165.407967 
-162.446959 
-165.222788 
-154.089590 
-169.316889 
-166.009019 
-167.000000 
-168.804688 
-171.343710 
-164.113679 
-169.655653 
-162.722425 
-158.739407 
-166.575301 
-170.396018 
-164.739413 
-168.690623 
-176.685211 
-167.115294 
-163.686265 
-166.149802 
-167.000000 
-157.925158 
-163.695424 
-167.448199 
-166.999999 
-163.513152 
-167.464593 
-162.549797 
-161.831182 
-164.910322 
-175.090879 
-169.401560 
-158.189375 
-164.266519 
-172.574887 
-159.698164 
-162.353844 
-168.342119 
-167.000000 
-160.769530 
-166.593571 
-159.000150 
-159.430606 
-167.203127 
-162.631668 
-162.511635 
-165.483421 
-172.924001 
-166.026101 
-172.562172 
-158.160594 
-172.403935 
-165.439419 
-170.219767 
-164.639863 
-166.054956 
-168.562783 
-165.873868 
-167.000000 
-170.098040 
-167.000000 
-168.477709 
-170.726895 
-166.715366 
-167.293822 
-167.062025 
-167.000000 
-169.437275 
-162.046013 
-165.589053 
-176.465386 
-164.718242 
-164.223814 
-153.963619 
-172.993602 
-154.485019 
-164.407653 
-158.360046 
-167.000000 
-165.007053 
-167.000000 
-164.974224 
-156.407450 
-158.903691 
-167.838382 
-165.038819 
-168.947638 
-161.828761 
-160.422880 
-167.905460 
-166.292205 
-167.875183 
-172.191177 
-168.851560 
-164.715054 
-170.015853 
-158.288771 
-164.225647 
-168.231305 
-168.519060 
-165.721813 
-158.556370 
-168.580365 
-165.297508 
-154.539062 
-154.539062 
-166.710198 
-160.571325 
-162.940635 
-174.051327 
-160.922654 
-163.171796 
-173.782326 
-170.774726 
-170.366513 
-165.337981 
-159.906029 
-170.805655 
-164.654447 
-170.314919 
-163.225798 
-167.000000 
-167.000000 
-167.000000 
-167.000000 
-159.886261 
-165.687853 
-166.916289 
-167.702547 
-161.496811 
-182.155524 
-159.236888 
-162.685071 
-162.275459 
-168.263904 
-162.819601 
-170.031559 
-166.755997 
-173.204156 
-159.570718 
-164.656718 
-166.410906 
-156.934470 
-165.270281 
-167.000000 
-162.499173 
-164.201260 
-169.808674 
-154.539062 
-158.758588 
-151.773422 
-167.000000 
-171.311649 
-159.562058 
-167.000000 
-167.000000 
-164.472199 
-162.531858 
-167.000000 
-166.764872 
-165.569044 
-166.941851 
-167.078479 
-161.773543 
-165.838589 
-169.119300 
-168.946785 
-157.903695 
-169.417899 
-164.172637 
-173.881516 
-169.013210 
-167.495017 
-161.208193 
-175.448671 
-168.445364 
-156.644905 
-161.014950 
-172.124219 
-165.537835 
-168.813979 
-157.487856 
-173.817119 
-159.729553 
-164.683195 
-169.841503 
-159.580026 
-164.811491 
-167.402486 
-171.049596 
-159.901530 
-167.000000 
-169.078196 
-165.502057 
-163.412370 
-163.466397 
-161.208193 
-166.236231 
-165.673005 
-171.048400 
-167.000000 
-167.000000 
-167.937173 
-167.797991 
-162.071052 
-167.000000 
-167.000000 
-163.771306 
-170.153148 
-164.360803 
-165.846967 
-156.066254 
-167.000000 
-167.031339 
-158.302641 
-173.645931 
-167.428646 
-162.206866 
-159.112625 
-165.741155 
-159.414801 
-167.929044 
-167.381027 
-167.000000 
-167.000000 
-167.000000 
-165.984654 
-167.552136 
-165.172648 
-161.838974 
-162.282776 
-167.663559 
-167.000000 
-170.852336 
-165.063205 
-167.520185 
-165.068451 
-170.695287 
-166.289030 
-162.692837 
-168.180168 
-167.000000 
-165.980954 
-169.540556 
-167.000000 
-167.000000 
-169.505906 
-162.437598 
-167.663559 
-167.000000 
-167.000000 
-159.382717 
-167.000000 
-167.935399 
-163.975980 
-167.683248 
-162.671641 
-167.000000 
-166.221192 
-167.000000 
-166.563071 
-170.252311 
-166.178421 
-165.415040 
-168.337586 
-166.782847 
-165.174089 
-167.000000 
-165.464508 
-167.642666 
-170.385728 
-165.182364 
-164.093052 
-172.739786 
-168.245745 
-164.650714 
-167.000001 
-167.189893 
-165.175715 
-167.000000 
-166.118262 
-174.031118 
-170.890084 
-164.077124 
-157.001323 
-167.458986 
-164.833005 
-164.063362 
-169.263100 
-167.596838 
-168.661397 
-167.032209 
-167.000000 
-168.647210 
-158.594883 
-171.992315 
-154.539062 
-169.462864 
-165.517024 
-168.276656 
-166.494140 
-168.325157 
-170.377007 
-167.000000 
-161.947884 
-164.962840 
-167.000000 
-160.928177 
-176.358388 
-167.000000 
-167.000000 
-168.704033 
-168.034577 
-167.885980 
-166.859448 
-160.930712 
-164.420435 
-167.000000 
-164.618229 
-167.000000 
-164.878344 
-173.654815 
-162.039739 
-172.493273 
-166.421046 
-159.293826 
-168.205415 
-171.277251 
-165.907421 
-166.821975 
-162.901191 
-164.756500 
-164.808678 
-163.825880 
-167.000000 
-169.632803 
-169.810441 
-160.519794 
-167.078479 
-165.745202 
-161.275862 
-167.000000 
-167.000000 
-158.199674 
-167.000000 
-166.842338 
-162.855182 
-156.239668 
-166.059785 
-164.739494 
-167.036474 
-167.000000 
-164.933705 
-162.169247 
-165.099056 
-172.280091 
-167.000000 
-167.627002 
-167.107915 
-165.442440 
-166.865623 
-166.806968 
-167.147808 
-168.852882 
-165.746013 
-169.623819 
-165.941139 
-174.384570 
-167.000000 
-166.622670 
-158.760489 
-167.000000 
-166.483911 
-167.000000 
-166.647186 
-161.895210 
