-35.804908 
-6.957496 
-28.234794 
-41.213278 
-52.011217 
-52.879219 
-27.125239 
-10.571183 
11.539050 
15.333051 
0.137867 
18.912387 
25.701129 
8.040705 
-11.784028 
-5.543324 
19.053127 
12.927241 
35.210989 
37.191527 
38.091705 
11.539098 
-6.710031 
-25.027954 
-29.254374 
-24.551783 
-28.324794 
6.639481 
5.683620 
18.197217 
17.272129 
7.343018 
-2.012188 
-17.344071 
-21.241476 
-21.506432 
-7.356265 
-15.069107 
-12.132541 
-9.722372 
8.554377 
-6.849177 
9.304232 
-29.484174 
-46.754587 
-69.910501 
-87.627007 
-64.256735 
-35.804508 
1.903047 
24.329555 
14.689418 
1.218859 
7.840607 
-16.944170 
-30.713346 
-12.132588 
-23.182322 
-19.482871 
-20.638410 
-25.929537 
5.677583 
6.508474 
1.031208 
-0.415942 
-32.980479 
-47.570585 
-48.819278 
-43.496240 
-36.679967 
-22.291279 
-29.949887 
-40.960317 
-59.832335 
-43.526934 
-40.180408 
-55.778620 
-27.267653 
-8.938486 
6.771691 
43.439062 
64.897592 
75.046160 
-11.267382 
-18.714718 
-28.507415 
-16.471494 
-12.132678 
-9.724775 
-6.139515 
-28.833901 
-1.875090 
2.197817 
-12.322812 
-31.831780 
-12.132641 
-37.845737 
-58.243143 
-8.036364 
-48.773487 
-50.518442 
-66.747799 
-54.726639 
-35.442037 
-35.804110 
-39.483412 
-38.252421 
-57.331883 
-18.197723 
-19.140424 
-12.132717 
-16.269064 
-41.809721 
-43.642505 
-63.998416 
-75.816416 
-59.476489 
-49.176294 
-41.210800 
-33.697901 
-50.888127 
-78.280949 
-83.148297 
-81.484664 
-59.476247 
-49.527924 
-44.992500 
-15.816240 
-25.446454 
9.231001 
-1.022190 
-11.051949 
-10.838556 
-21.588086 
-25.362867 
-64.901389 
-76.610620 
-62.703468 
-58.585733 
-27.086533 
-6.071699 
-12.872988 
2.131022 
-18.890995 
-32.034280 
-43.363380 
-40.832680 
-42.553662 
-51.094098 
-75.012427 
-62.022612 
-89.108218 
-76.404729 
-60.593562 
-32.535612 
-38.023676 
-12.132825 
-23.565075 
-12.412137 
-30.999641 
-12.132535 
-34.750413 
-45.301555 
-14.825110 
-34.432845 
-31.453777 
-34.031304 
-29.933246 
-20.552592 
-78.138868 
-77.906661 
-86.146724 
-106.686634 
-83.385496 
-59.476071 
-41.721817 
-6.296437 
3.089369 
33.119912 
66.578232 
60.066812 
76.756523 
62.906314 
37.553914 
38.064174 
9.075445 
-10.504034 
-17.704131 
-46.580491 
-45.268479 
-64.577516 
-33.264519 
-16.793537 
-9.840886 
-23.968499 
-37.761728 
-59.476339 
-58.437748 
-78.702634 
-62.633537 
-65.398047 
-35.390110 
-35.804646 
-13.907535 
-31.212076 
-12.037083 
-19.522410 
-29.317241 
13.543741 
30.608413 
34.296321 
9.843091 
-2.036685 
-55.654631 
-83.148785 
-84.589114 
-56.320644 
-16.984910 
6.231235 
45.085324 
29.783331 
21.600653 
31.276334 
20.633426 
11.668054 
-8.354080 
-26.425607 
-52.180737 
-70.689979 
-42.054963 
-36.360601 
-45.395257 
-49.821849 
-38.079217 
-57.992738 
-67.674413 
-79.301814 
-75.844372 
-98.889929 
-85.730888 
-94.984620 
-106.820576 
-128.579880 
-114.330752 
-95.687711 
-43.106444 
-38.792391 
24.862084 
-14.844028 
-6.378168 
-6.018159 
-35.231587 
-28.673091 
-30.707187 
-21.621242 
-23.317396 
-20.317361 
-47.640578 
-35.804767 
-47.640623 
-35.804649 
-28.894373 
-48.084515 
-34.483201 
-54.158137 
-30.508378 
-1.397109 
-8.110026 
-13.656662 
-45.509639 
-66.848935 
-75.418125 
-57.492024 
-57.334154 
-48.379844 
-41.291599 
-41.286655 
-21.054815 
-18.468618 
-32.889357 
-35.805031 
-45.231644 
-51.055465 
-48.493936 
-12.133158 
4.841587 
16.552754 
35.210587 
41.978780 
26.919281 
11.538725 
-14.500508 
-48.823822 
-80.296512 
-98.683760 
-54.325858 
-25.856368 
-28.056694 
-40.742893 
-23.704582 
-51.842764 
-36.229324 
-36.766633 
-29.945734 
-50.844608 
-30.513122 
-9.532452 
-12.688982 
-22.608733 
-34.146342 
1.323115 
9.470134 
5.919900 
40.375806 
26.740801 
17.599636 
1.058825 
0.523292 
-41.447060 
-50.518569 
-59.251028 
-40.135960 
-53.142386 
-59.513509 
-42.594005 
-79.600322 
-70.078018 
-59.476312 
-36.135571 
-40.162331 
-43.107350 
-26.830090 
-22.309631 
-32.185718 
-49.005800 
-92.939532 
-94.984058 
-83.148091 
-33.873049 
-37.949884 
-43.244822 
-39.749040 
-35.804395 
-22.502900 
6.442896 
17.237452 
18.106344 
11.869269 
35.211247 
22.940398 
-12.314356 
-43.951449 
-30.805564 
-48.742354 
-21.750835 
1.331375 
-17.493514 
-8.198374 
-19.822982 
11.539310 
21.155874 
-2.515894 
4.278817 
-34.737188 
-46.781276 
-47.216405 
-14.949469 
-24.624356 
-12.132861 
-34.612103 
-35.961085 
-74.494144 
-46.950218 
-16.826242 
15.542081 
1.584434 
8.533184 
-12.132412 
18.701689 
34.673515 
23.374723 
11.538420 
18.499480 
7.187974 
6.148228 
-0.297268 
-12.132516 
-32.362185 
-52.374674 
-8.734972 
43.341514 
53.451543 
34.424327 
-0.297296 
-23.229183 
-0.296669 
15.051631 
60.142988 
65.207911 
34.141704 
22.481590 
19.213002 
-7.704847 
11.539037 
-55.902128 
-94.002234 
-106.573378 
-77.586099 
-76.189851 
-41.134397 
-31.741028 
-7.560854 
-13.657978 
-47.966993 
-62.506493 
-59.476464 
-85.399020 
-97.867523 
-104.824832 
-91.560599 
-44.075835 
-7.636961 
2.057388 
2.168884 
13.555948 
6.414001 
29.400229 
8.998341 
-23.968695 
-50.163341 
-50.540779 
-43.387628 
-20.778028 
-26.530848 
-49.024598 
-56.001088 
-91.922907 
-83.386002 
-88.882595 
-83.148679 
-48.454515 
-56.745133 
-83.148636 
-85.157584 
-84.967647 
-71.312686 
-59.476704 
-92.524408 
-43.105244 
-41.884853 
-20.103254 
15.145060 
-18.614605 
-23.969057 
-22.725580 
-23.968950 
-14.763336 
-42.880078 
-67.697879 
-65.911840 
-106.054064 
-98.802745 
-80.195653 
-91.644727 
-97.983091 
-80.485205 
-92.657354 
-89.041530 
-80.586934 
-79.682139 
-106.820712 
-120.024253 
-123.729561 
-119.168191 
-111.758348 
-102.967018 
-76.189622 
-59.476872 
-47.641001 
-43.000185 
-59.477075 
-89.753857 
-82.039752 
-101.851283 
-93.803674 
-121.227244 
-113.794878 
-130.492784 
-121.441064 
-129.391323 
-128.612024 
-105.092768 
-80.929803 
-52.564156 
-29.203036 
-17.781996 
-57.260352 
-38.614829 
-70.567783 
-52.335823 
-51.842729 
-37.042899 
-39.689814 
-31.367674 
-35.805165 
-33.138924 
-25.480827 
-35.805412 
0.027119 
-23.969427 
-26.677735 
-18.597459 
-12.131718 
-127.228685 
72.469293 
75.360430 
66.141066 
-110.615996 
-39.748482 
67.342704 
-12.132309 
-163.781126 
159.592654 
-210.656287 
59.649048 
-62.559422 
82.697575 
92.338025 
-21.371068 
-29.855273 
-35.804317 
52.442874 
-37.362323 
-35.804630 
-70.877040 
36.715654 
54.069758 
57.216297 
-269.983974 
7.000840 
-90.526846 
56.900147 
61.374472 
-63.883109 
9.250677 
17.551511 
-71.495603 
227.076498 
-130.027993 
8.001390 
-59.477260 
26.938305 
-44.767298 
-18.707929 
-137.984023 
-53.388453 
273.139049 
-89.078063 
-121.998308 
107.915722 
35.210338 
14.321637 
143.859076 
-56.378071 
37.506058 
-61.695833 
79.361630 
-121.172060 
-35.805124 
110.389439 
-132.989404 
-89.525540 
-73.550054 
-56.976842 
12.320308 
157.301979 
78.880142 
-1.586519 
265.580021 
-106.460190 
-126.504090 
69.897719 
112.728894 
-62.123379 
65.199675 
182.040975 
-53.644028 
49.963703 
426.635018 
67.025308 
10.491100 
-103.444419 
241.726242 
219.032225 
89.732925 
-102.525194 
182.550603 
134.538621 
60.375671 
496.812001 
-28.903358 
354.877275 
14.384414 
263.249806 
121.269557 
-84.028072 
191.569105 
271.929012 
-21.409557 
-12.510538 
212.329640 
214.024024 
-185.944179 
-16.342147 
35.469508 
10.235135 
271.928939 
177.044835 
-253.462996 
164.782614 
74.402199 
92.187953 
165.405257 
184.539317 
-32.124874 
-27.018638 
-184.831654 
115.878066 
106.225754 
127.660491 
-207.954368 
-53.682148 
222.235041 
64.123513 
141.734973 
-317.525228 
248.258350 
-151.671326 
-2.991987 
-112.530630 
144.657836 
23.792514 
-119.918333 
-132.107815 
-172.007845 
164.524781 
97.335965 
-289.940047 
-12.922588 
-64.209880 
6.853660 
-180.348739 
105.182371 
-14.349853 
85.216010 
-63.357872 
91.696728 
-337.064273 
-432.177441 
-98.920978 
-120.633854 
67.874090 
-79.580025 
45.187629 
171.480818 
-86.725750 
42.526888 
-112.853609 
153.573064 
-96.237068 
3.640459 
-300.613313 
248.260011 
21.001840 
-119.980724 
44.361926 
-120.046698 
183.745567 
144.584604 
-400.069512 
37.672164 
-151.974070 
-142.035509 
320.036454 
-168.197068 
112.357342 
-23.967104 
58.883081 
222.024459 
-376.009207 
-175.477706 
-9.257401 
58.028531 
158.283417 
-44.442700 
-103.083661 
95.223295 
-138.517185 
-273.451139 
73.423742 
-128.610886 
-89.506799 
25.558662 
-14.420972 
-56.471339 
-123.800714 
-12.132427 
148.399954 
295.601508 
-363.513138 
-99.153838 
-116.439593 
97.934452 
-138.502256 
153.570984 
159.133498 
-364.889255 
-56.037248 
-3.806849 
-176.200381 
58.094898 
-174.742714 
-75.542221 
-323.736115 
-32.269884 
-49.005709 
58.884554 
8.403677 
-107.607228 
-184.530240 
143.936518 
-61.713330 
-17.984147 
-110.543366 
81.702271 
-11.837337 
-57.971379 
-36.996151 
-47.100840 
19.745220 
-265.378101 
106.255070 
-68.389284 
45.262693 
-117.153399 
-137.717248 
117.564480 
-134.937874 
-70.311182 
282.849548 
-142.226869 
-18.614945 
-35.804556 
11.539044 
-91.756979 
-213.580567 
79.418659 
-89.439120 
-135.537171 
255.448376 
-211.475963 
129.218551 
-119.086752 
-24.875695 
23.025821 
219.388328 
-250.869084 
55.404707 
-220.436460 
-83.149918 
189.077559 
-83.149581 
165.405086 
424.414748 
-383.850739 
105.324928 
-34.288200 
178.105470 
-180.600758 
-32.618829 
41.204004 
181.478451 
-329.115107 
-18.317011 
66.744983 
-202.239350 
-124.321650 
-140.873874 
-35.092426 
80.362748 
-138.631890 
-16.307511 
-12.132158 
-142.652513 
-146.361871 
23.923363 
-35.804467 
-22.183870 
-273.850235 
236.422521 
21.018685 
-213.894315 
153.571687 
111.750650 
-150.192525 
-61.787936 
-422.690362 
-176.214355 
-127.998596 
-37.910770 
-53.452005 
119.269708 
-231.058283 
5.484322 
183.001271 
272.361808 
-173.444208 
-68.156858 
187.209731 
-266.897958 
90.779425 
144.511889 
79.495327 
-43.224096 
-117.397633 
-149.718151 
-155.564363 
9.068037 
91.798674 
70.826128 
-23.456360 
-197.777102 
-255.265383 
160.353515 
-46.227060 
-141.833774 
80.678616 
-163.565351 
-151.114714 
224.587874 
-77.405008 
90.819447 
-53.964546 
-46.456069 
-222.402726 
177.268349 
-191.728289 
-212.717029 
-130.490079 
236.423765 
158.259439 
-237.483277 
-34.942633 
-330.123391 
-59.474744 
-55.409772 
-111.750834 
-74.170957 
-376.480190 
-36.737911 
165.408665 
33.645443 
-182.680958 
-146.325140 
-111.536325 
-107.139730 
28.406493 
-102.784999 
-125.764540 
-29.642350 
-162.857280 
212.752309 
-228.135850 
-29.144401 
-120.768961 
-97.817787 
-114.829545 
17.767282 
-229.608400 
-5.238218 
378.454901 
176.733096 
-182.058826 
104.796815 
-13.877765 
-85.776488 
-203.949903 
-287.766413 
-71.393782 
165.407407 
50.249465 
-62.032017 
58.882145 
212.749597 
14.719370 
-99.383936 
-201.717099 
35.210599 
331.109065 
58.262624 
-90.250790 
-132.774589 
111.387975 
31.047193 
49.374663 
82.553324 
67.018393 
118.062105 
39.425811 
56.393309 
164.808319 
168.628805 
-65.909245 
4.460102 
39.708905 
342.944473 
-47.053189 
-23.082812 
-26.599037 
-96.788527 
139.529873 
-236.603235 
24.437860 
-27.691829 
259.954168 
-215.663659 
94.062193 
94.389925 
-160.335847 
413.600935 
12.100591 
129.568221 
-452.476985 
134.017976 
-161.527866 
-99.326621 
-33.801249 
-207.356941 
-43.720482 
142.046838 
11.540309 
-201.095764 
-108.231241 
-62.904917 
-165.304769 
70.957926 
-114.018066 
100.001007 
46.764526 
142.314150 
-107.207702 
23.376668 
35.148214 
-120.434503 
-23.967546 
-256.192300 
-251.692312 
-47.639464 
-35.803148 
-220.852929 
-203.503612 
23.301329 
-155.646369 
47.862490 
-209.355871 
-23.968108 
-50.421673 
-59.475793 
-29.544758 
-120.773442 
-84.792043 
27.580020 
-545.201759 
180.153021 
-302.467767 
-39.078562 
-98.065149 
-233.177430 
-130.839163 
-46.444711 
-363.424263 
-71.807949 
-59.476814 
89.698158 
-2.383158 
-454.697908 
-195.485783 
-67.799106 
115.686723 
-59.477010 
-59.477047 
-285.943927 
70.718062 
-69.519853 
-123.254003 
-271.996518 
-177.452136 
-42.926165 
19.882250 
-118.656452 
-15.982738 
-131.454032 
-272.176478 
-350.696392 
-68.353200 
-125.465422 
14.184691 
-126.767996 
-55.732186 
-146.703307 
-71.639217 
-239.715575 
-436.358606 
-101.557795 
-83.976623 
136.155591 
-130.491013 
-207.883202 
-75.412000 
-118.654305 
-112.718379 
-165.998816 
-344.636222 
-70.037280 
177.244713 
-60.907489 
-77.744869 
226.217492 
425.985901 
-279.575003 
-102.870118 
69.661000 
35.216031 
-387.055347 
108.998941 
-83.660901 
39.629678 
-21.121345 
244.974414 
280.438475 
46.277693 
95.121008 
189.083191 
-55.502454 
-89.763539 
473.143295 
98.765894 
134.729120 
-77.366905 
-43.980239 
-455.052578 
-58.345640 
154.227678 
-34.290875 
124.112569 
-63.024191 
163.540748 
101.167453 
-31.297536 
199.466072 
212.436174 
71.420973 
58.880952 
203.647358 
-39.153014 
-361.602351 
-80.947430 
27.288461 
450.769484 
17.381245 
-145.627496 
-14.687298 
200.911986 
-118.493136 
583.069861 
206.484796 
345.468678 
-26.189740 
283.428307 
-52.951732 
922.903652 
18.740723 
22.061596 
105.277897 
-154.619009 
29.462833 
-91.712170 
207.550689 
234.552601 
-205.094330 
309.658569 
26.459756 
234.787814 
183.918811 
268.453781 
-34.516918 
-138.641548 
-71.906940 
210.564104 
102.369192 
569.354251 
-151.394074 
92.536657 
-66.679372 
63.364397 
412.336237 
230.195617 
-68.092666 
39.065880 
245.217189 
-88.827111 
236.421038 
-120.415301 
248.326841 
230.205442 
313.749080 
144.541362 
-105.860600 
54.902578 
354.780101 
-197.750306 
185.229731 
70.793256 
109.396627 
-198.150347 
-110.020475 
172.931493 
-256.393972 
200.915682 
91.837071 
-423.460488 
322.450203 
4.097910 
114.252521 
47.049898 
166.399354 
-167.204399 
-21.809445 
-354.628615 
27.212331 
58.887842 
123.652136 
-287.125880 
-338.582221 
142.214688 
62.138540 
47.047549 
-402.066057 
224.588541 
-175.251232 
53.976203 
86.510473 
122.302352 
-129.796499 
164.821117 
-440.719728 
-299.894932 
-6.289085 
-17.014070 
-75.650863 
-210.185457 
-197.246177 
-249.600729 
-323.324378 
13.464330 
-58.736878 
-116.073827 
-539.718300 
17.429528 
-485.054205 
-446.567093 
-229.875755 
-102.868267 
-71.888201 
-208.043465 
55.092554 
215.762622 
-115.724519 
117.138157 
-188.457149 
35.207590 
-169.041886 
35.133820 
-286.305656 
129.900861 
-97.638142 
-291.054329 
-4.289058 
58.095228 
21.031256 
72.641522 
-408.809310 
82.364334 
-138.119561 
-259.321343 
311.655969 
-106.856456 
-73.444480 
-23.971813 
159.493839 
275.414230 
-193.841606 
-40.677090 
-216.028369 
70.823162 
493.447675 
-146.253426 
48.265990 
-117.520282 
-73.022001 
-222.418014 
115.747592 
112.188243 
-37.630541 
99.144674 
-17.757261 
-51.548371 
99.144587 
295.598863 
189.891064 
425.796061 
-500.151848 
-96.678731 
20.246379 
-11.531312 
159.638374 
354.782876 
-140.783307 
-488.308753 
-84.421131 
-557.906136 
16.734043 
297.773092 
-193.045038 
-151.907150 
-216.935028 
-274.360766 
-53.266506 
260.096963 
-35.688507 
-61.053334 
-313.794228 
43.243239 
117.612001 
174.808671 
-123.006771 
13.735488 
-192.774879 
-47.972743 
-128.002207 
-44.380252 
-105.726289 
-293.690702 
-2.627253 
106.260218 
-59.647863 
-157.560314 
-106.910699 
30.282103 
-74.858220 
-86.801913 
136.852546 
-164.525067 
-45.261835 
58.882590 
591.501170 
-364.776900 
-163.821109 
-170.009593 
-35.110488 
-104.813323 
64.457898 
-687.613055 
64.947383 
-82.989876 
77.228200 
-79.986935 
287.525147 
-208.734760 
-42.836542 
-69.688901 
260.094803 
-23.971318 
283.764378 
11.537593 
90.649012 
-164.551056 
389.632466 
-33.028323 
215.485135 
-324.668841 
-269.942381 
70.266562 
324.999408 
-220.150903 
22.384068 
98.761286 
-121.641039 
-376.423375 
-68.702292 
-276.442403 
85.567479 
-261.091228 
-11.355725 
94.390114 
23.059637 
-208.483772 
-264.754768 
165.404932 
-248.557170 
-269.984262 
-154.164444 
87.186795 
-119.703730 
331.106920 
-27.125355 
-77.730215 
-297.856519 
-403.460590 
-139.081211 
-45.059815 
-104.374459 
-237.141617 
229.218334 
-156.249200 
-63.458064 
133.807644 
256.486029 
-187.848328 
113.047086 
149.232141 
-72.201316 
73.842495 
137.843757 
-10.672145 
106.865889 
-83.604112 
-150.139538 
-219.981683 
7.827734 
85.669080 
-147.274339 
-227.894911 
-209.989173 
-316.028121 
188.357241 
-155.569213 
70.160421 
-25.086292 
-177.050354 
259.330896 
378.452119 
-507.081981 
209.807819 
-70.972741 
-6.986463 
-205.396051 
185.508966 
-221.894045 
-158.695023 
189.078002 
165.404968 
213.882548 
-96.725668 
142.601959 
-203.875671 
212.750235 
-72.554432 
-31.438650 
-34.805417 
-306.293724 
-165.944587 
118.061962 
146.988942 
90.767691 
-191.584412 
-177.854843 
53.124196 
174.967274 
-77.678267 
-10.977521 
-156.706038 
-141.896119 
-35.802039 
-211.865589 
-270.301847 
-108.889272 
-396.784699 
-175.860595 
49.669241 
-221.548078 
134.241770 
-59.475088 
-1.330600 
-303.386538 
78.054983 
59.044126 
-101.856992 
-450.143722 
-18.303363 
58.935433 
-47.639504 
-40.038294 
-55.565424 
-12.131074 
23.377638 
-101.598358 
-13.428821 
-128.517133 
106.231385 
118.062451 
28.495733 
-140.749763 
-200.313963 
129.812461 
139.829876 
30.266487 
70.715628 
-392.362739 
-35.804301 
-134.873155 
25.858165 
143.360880 
230.356422 
-229.112386 
-134.902309 
162.609611 
82.553771 
226.640073 
-143.455185 
-21.154152 
-394.475788 
-14.554860 
-230.608925 
-21.605972 
-119.849328 
230.549112 
-65.364945 
156.465662 
94.390686 
-146.435292 
79.655127 
25.665169 
183.575275 
-283.319593 
-104.320769 
-24.562217 
-179.172276 
35.823127 
-55.447570 
-45.498474 
-81.957385 
-47.641580 
-383.606938 
52.816783 
-150.293734 
-192.585108 
182.986019 
-148.688049 
6.395665 
13.300678 
68.214565 
-114.160022 
-59.475314 
-175.135869 
-258.094115 
-59.475955 
-221.707718 
-367.428712 
-23.967772 
-71.311227 
-216.909312 
-195.146875 
-186.618817 
-150.437489 
-63.660009 
-315.473541 
-83.148196 
-163.005856 
-47.642171 
-201.341048 
-197.836706 
-197.243497 
-25.590433 
-427.989309 
16.304430 
-325.315121 
-178.841979 
-94.299971 
-127.655715 
-156.872559 
-115.195931 
-297.521302 
-53.241264 
-47.642010 
-20.738260 
124.435828 
-351.140720 
-296.319662 
5.301665 
128.612400 
-106.822339 
23.374846 
-150.011093 
-83.147940 
87.872224 
-117.642051 
-231.877345 
-216.427628 
-110.945473 
9.555414 
-71.314349 
-61.410691 
-112.860545 
-85.472766 
-258.782255 
-136.409334 
-8.935393 
-21.799170 
-136.940879 
-349.042376 
-238.708495 
-8.616705 
-117.129594 
-273.644547 
-19.651349 
50.559829 
-33.598697 
-94.986183 
-85.060939 
-17.147896 
-166.001726 
24.186893 
-166.001089 
-261.313873 
-53.214877 
177.244688 
46.945973 
-206.505066 
157.014729 
-322.075329 
-255.647924 
111.753149 
-92.952565 
82.558625 
-250.134378 
81.028759 
-45.901205 
311.528285 
-17.941283 
248.070706 
202.658563 
-144.414532 
-137.665636 
106.225605 
72.153732 
98.321443 
82.554297 
196.840998 
272.522870 
-287.947128 
-64.001166 
-142.026330 
452.760942 
146.393843 
58.463224 
277.904593 
38.535171 
-10.611367 
13.641359 
313.301967 
31.447841 
142.866370 
-308.138861 
200.910431 
286.659772 
33.227182 
-43.585893 
196.430684 
-118.238451 
455.267432 
378.913858 
143.450390 
-306.558239 
331.107689 
-43.708873 
474.395177 
-234.536078 
88.415051 
-2.521749 
255.828841 
-88.508386 
260.088939 
6.337563 
-163.124833 
57.681632 
130.644460 
19.476793 
-41.606884 
-133.983196 
346.918992 
-91.657988 
146.237791 
-77.455941 
-190.380486 
312.739548 
-77.997902 
151.894387 
200.860853 
-40.925783 
54.132519 
196.110057 
1013.352074 
113.099126 
-26.346956 
-177.214971 
77.160529 
186.644627 
-126.861523 
-121.919108 
-46.291370 
-92.963977 
-41.347454 
354.781024 
-89.615214 
176.377037 
194.267031 
225.376335 
299.956751 
-110.821020 
-302.976804 
283.765185 
-38.693947 
156.496472 
128.457437 
-71.876053 
190.024600 
-298.984186 
61.915545 
-254.863592 
271.929748 
184.932647 
-431.469501 
-125.437154 
227.542220 
-292.284231 
-12.125734 
164.328151 
-57.978305 
152.162180 
-446.042178 
-281.186175 
129.898918 
153.376385 
-249.357155 
47.375035 
503.156103 
65.897759 
11.541034 
-119.108392 
402.126998 
75.852892 
-120.784040 
-175.302153 
280.581024 
-196.115621 
101.171957 
21.636647 
100.673504 
53.529376 
-83.174483 
-58.600521 
-11.810586 
-520.645547 
-199.848828 
-0.032692 
-13.047296 
169.103649 
8.965824 
-155.852335 
95.914271 
-138.853309 
-75.523267 
-200.442440 
-34.159152 
250.719225 
84.947277 
257.596812 
8.182581 
-81.536288 
-36.835251 
-7.336551 
212.749326 
133.659353 
-191.014213 
-130.427021 
437.630729 
136.766017 
-51.442586 
186.105782 
75.627090 
82.589959 
78.481090 
-268.317094 
34.565654 
-130.432319 
-158.149932 
133.956698 
-29.297275 
-345.770765 
11.537432 
224.583889 
178.321138 
436.182567 
-191.463669 
-14.333746 
108.130442 
111.275898 
-187.400118 
-27.605256 
-147.938518 
-18.361331 
-90.370829 
118.179238 
4.110629 
-1.236888 
256.659276 
14.764721 
44.983000 
-64.359312 
413.959142 
58.659236 
496.810528 
-259.704615 
60.408577 
-182.614107 
-151.595644 
-45.596554 
200.912226 
24.576686 
-914.939574 
-501.488282 
477.891203 
29.879925 
111.102555 
-293.799034 
89.715995 
190.537825 
-191.949889 
-189.092334 
402.125117 
-110.671083 
-439.015233 
-83.350796 
208.223552 
-236.262433 
-146.211697 
-71.580905 
284.080600 
-104.086370 
-145.498085 
-27.618816 
10.350963 
-161.703546 
-369.219524 
113.018320 
57.754103 
-0.736059 
49.134437 
-39.716284 
-240.371737 
10.590005 
-134.694231 
-47.293462 
-42.298437 
-150.030160 
11.538829 
283.765171 
-268.061933 
-169.725420 
-47.508513 
-47.753569 
45.245572 
128.882310 
-417.018804 
74.059453 
-130.356459 
54.486769 
-49.982143 
-28.533556 
-17.167572 
-86.110576 
-62.460697 
94.389526 
-83.150446 
141.733875 
-35.805618 
-163.929600 
-41.079600 
168.859430 
-95.666811 
76.124491 
-143.049071 
-188.101978 
35.379524 
290.554673 
-157.119504 
-65.857620 
-71.307055 
4.456193 
-269.417797 
98.492700 
-226.320967 
-6.041451 
-116.336558 
-102.981579 
94.389291 
-185.382311 
-302.705599 
-124.643568 
165.405157 
-29.472641 
-142.223668 
-154.165496 
-112.737892 
-0.563123 
307.435694 
-77.628225 
-123.201893 
-217.749900 
-233.314516 
128.301131 
-101.690393 
40.689907 
-113.017676 
4.176519 
-247.141661 
27.987069 
-180.816177 
-125.351695 
-375.142861 
-60.545685 
174.906208 
-247.655749 
-229.212641 
-250.798172 
-87.101316 
-224.624648 
-28.576599 
-154.577283 
-123.321269 
-157.941479 
-56.014059 
-30.121700 
-55.866439 
-389.936312 
-424.254388 
90.578375 
-149.187958 
-164.851460 
26.268641 
-63.028548 
26.123590 
425.797727 
63.121269 
-82.894872 
14.619596 
-167.793200 
92.448006 
85.937829 
-243.544272 
-240.069204 
236.422825 
58.882742 
40.464868 
-232.927860 
-421.551579 
-203.874730 
70.718800 
-204.210765 
-12.005201 
-34.069055 
-97.466153 
-89.551557 
47.047195 
20.844753 
-44.682624 
-106.813439 
-273.018285 
30.909615 
8.169102 
-44.028756 
125.580419 
235.055125 
-27.201470 
35.211454 
-38.031872 
-237.754709 
28.807405 
-136.685544 
-83.387405 
105.187046 
-106.301317 
23.747114 
-35.803689 
-16.300936 
-229.560307 
-39.265202 
-59.217247 
-153.866021 
-204.501746 
-39.086266 
74.733396 
-35.804597 
-8.506932 
-59.844382 
35.214371 
118.060420 
-61.404314 
-42.108439 
-205.079130 
141.733846 
47.049687 
89.178413 
-191.254064 
-226.322858 
17.139926 
115.932320 
-114.947204 
-0.297917 
-18.791920 
11.538063 
-51.934749 
41.445527 
107.918794 
99.687347 
-198.248770 
-264.121057 
74.859852 
-47.641533 
-113.296906 
-91.594488 
-113.334949 
-346.316947 
-301.686879 
45.335381 
-194.876571 
-169.370916 
-207.931241 
26.395191 
88.572590 
70.719232 
-326.769598 
-96.068250 
-205.666210 
-24.703589 
-121.739518 
-27.947684 
-299.075602 
-312.935898 
-136.133613 
122.269705 
73.429267 
-41.242725 
-35.804070 
-211.242341 
68.921211 
-103.078233 
-644.339612 
13.960666 
-302.476683 
-124.952808 
-162.736291 
-85.759222 
-304.080494 
47.046950 
-358.169622 
-173.213199 
23.375761 
-443.235775 
-301.949047 
-71.311766 
-59.476804 
-184.571620 
-199.085991 
-122.421553 
-61.020225 
-168.007528 
-296.972831 
-23.967735 
-135.323797 
-35.804884 
-87.475674 
20.799255 
-64.284156 
-124.127038 
-202.757155 
-176.736867 
-202.529640 
-175.621649 
8.021830 
-200.410801 
-184.217681 
-134.353381 
-168.768148 
-14.163761 
-23.969503 
-149.755601 
49.714890 
-300.441669 
-160.361081 
129.771151 
1.838698 
-12.131809 
118.062222 
-162.419064 
-0.296790 
-76.384021 
-137.346297 
-127.247997 
-122.615533 
-209.160340 
103.147969 
-59.476757 
-46.776812 
-52.154698 
-159.373717 
-263.786120 
-147.505824 
-164.679939 
-39.623658 
-260.272035 
-37.442497 
-37.112928 
39.933537 
-73.565843 
-240.170820 
92.355014 
-242.862383 
-70.465652 
-71.312466 
-85.862478 
-114.282069 
-165.998529 
2.151882 
-166.001826 
-133.352499 
-318.211753 
307.436643 
128.928185 
-249.901116 
197.067993 
-83.326568 
-408.489087 
-165.999186 
161.964820 
354.780841 
-19.045639 
260.228021 
-69.216091 
-16.651118 
90.399497 
269.449069 
-31.535558 
-189.667394 
80.627042 
94.391930 
0.905320 
274.490151 
200.917095 
123.555351 
84.788821 
-429.042120 
-133.389681 
352.360754 
300.703123 
165.922494 
-305.234944 
64.830519 
48.683562 
67.008299 
216.827186 
-325.257117 
50.488481 
-96.070108 
-153.902185 
449.472419 
406.842450 
-233.362605 
-93.276080 
-39.448295 
208.194570 
680.653291 
244.659672 
-312.445680 
-18.366854 
82.557533 
223.231670 
22.816786 
-191.334162 
35.566273 
-219.258592 
-175.794602 
212.581349 
224.587713 
222.438627 
-188.434651 
241.773719 
-354.074607 
58.915620 
-150.473231 
133.728836 
199.760433 
-31.936441 
15.505969 
-63.904706 
294.823807 
425.186990 
-89.433081 
-17.684516 
55.604305 
1.231053 
-184.764024 
439.320726 
299.792046 
-81.404311 
-71.364459 
140.367078 
232.436917 
131.162375 
-19.204940 
-70.054247 
-119.104126 
386.984376 
-29.218588 
106.225038 
308.295260 
31.249322 
-159.616500 
414.750184 
36.919995 
-15.060886 
4.066764 
307.437792 
-160.489259 
-6.282895 
97.583409 
1.087364 
-448.012144 
-88.776589 
43.608197 
41.494635 
757.205336 
84.929153 
-456.510383 
64.715174 
7.359417 
-150.647695 
106.227187 
-145.122802 
-154.488398 
51.501858 
-214.350546 
42.591314 
118.064752 
-104.762823 
-374.945174 
-261.404857 
-162.009301 
-57.961649 
177.244220 
105.212083 
-35.801528 
-68.475700 
38.199551 
-213.073816 
191.161183 
-313.818379 
-143.327956 
-35.465428 
-29.489234 
127.739933 
-157.896891 
-154.742081 
-315.425522 
-120.552408 
-44.013743 
-125.389015 
-30.930733 
-429.347044 
-55.095697 
-184.527001 
135.750416 
-273.809791 
-510.627140 
-68.122931 
-323.654027 
272.567286 
41.239259 
-149.756154 
-46.495925 
-215.948044 
104.235814 
12.859525 
-35.806538 
-153.527486 
-83.062452 
-128.941426 
307.438711 
-212.867952 
-472.713977 
72.317421 
251.124292 
151.018306 
295.596555 
-499.519595 
-121.958084 
107.505914 
-122.731011 
50.332955 
-60.790255 
-481.114296 
82.557402 
271.930577 
295.062308 
-212.456927 
-55.992081 
-226.463764 
65.138757 
-140.762089 
-64.962882 
6.411328 
82.421045 
273.312454 
-30.605466 
216.116413 
-25.091995 
-101.256207 
-41.665113 
-15.786317 
214.414490 
-2.948148 
449.471977 
99.489309 
153.572859 
-341.679837 
-127.279191 
-155.686472 
-64.859147 
-128.463656 
224.585788 
-10.588487 
-29.148873 
-63.143843 
47.834865 
-26.135433 
110.068624 
-177.316832 
135.463601 
40.872468 
-316.200212 
80.171672 
141.734910 
123.184604 
326.376366 
-465.748263 
-117.540136 
60.181937 
64.842963 
124.115957 
-129.703722 
-95.325339 
-190.226888 
-35.626364 
74.285554 
72.941288 
-48.419813 
-48.036059 
114.397590 
-29.453185 
-175.819060 
-186.576205 
-62.026942 
-297.834681 
-35.861879 
58.117033 
-195.470171 
-126.125528 
473.140611 
82.554981 
-308.780714 
-188.056449 
-150.853730 
-15.291153 
328.405706 
-33.461155 
-330.523574 
-74.848288 
102.306768 
-162.609073 
-119.662640 
210.388942 
-83.004654 
-91.182372 
-264.872537 
-83.146773 
-59.474862 
58.884447 
236.423636 
-69.369698 
-265.956146 
183.545651 
-227.718756 
68.615629 
-29.443706 
-142.541396 
-53.244188 
215.247176 
-269.555137 
-57.097776 
42.698738 
-28.025142 
-138.933606 
-79.074856 
-269.801645 
8.943989 
17.923174 
2.623781 
-0.297364 
-159.195715 
-160.066921 
-222.057233 
11.538208 
-18.511387 
-925.173270 
153.569414 
363.236520 
83.103523 
260.092759 
48.620579 
-350.472030 
3.042924 
-546.231340 
-168.500310 
-139.497537 
142.050330 
74.425075 
-88.206552 
-248.221508 
321.461892 
-212.067396 
168.664484 
-43.982070 
-199.325713 
91.449237 
28.142526 
-188.119037 
193.178688 
298.943656 
-148.992897 
-189.804425 
-105.368594 
-99.387228 
151.414156 
378.170572 
-180.556076 
-156.501302 
84.602689 
-191.170196 
20.214179 
-34.270038 
-65.483107 
-35.676656 
5.467463 
241.047626 
189.076703 
-117.961129 
-136.561687 
-23.199865 
-23.946928 
39.307560 
242.551268 
-108.507625 
-39.701029 
82.553456 
141.733356 
-46.597292 
-33.778672 
1.935388 
48.623596 
94.388795 
70.517630 
-170.295677 
-29.151945 
-60.203867 
-144.773620 
-12.133041 
-48.763835 
-249.402506 
9.518161 
164.514251 
76.363868 
5.582319 
-107.227568 
-373.864425 
97.961265 
-101.134375 
307.437648 
146.916288 
-376.087445 
109.413848 
23.080646 
-121.417529 
63.013849 
-319.370125 
34.827006 
94.391113 
-62.276383 
-134.424177 
-92.972960 
-76.006414 
-124.985365 
-305.293862 
-192.945299 
-90.906325 
-35.804216 
-11.369959 
110.718866 
-0.298118 
-59.474264 
-39.482019 
-16.679843 
-113.519193 
11.541384 
58.881194 
-17.169973 
-229.123565 
-54.456068 
39.213018 
-99.902449 
57.164329 
-12.131859 
-279.919840 
118.064132 
218.164062 
-205.948295 
74.533454 
-27.358812 
-47.110517 
-292.564112 
155.048710 
-237.013179 
51.493445 
-113.186470 
70.487784 
4.050678 
-27.347096 
58.166229 
-32.791109 
-154.413238 
672.690503 
-225.092033 
193.816857 
-59.475454 
-105.548615 
-196.183306 
97.543215 
7.333124 
-160.026353 
-87.099967 
-19.923311 
-194.575263 
-30.639073 
-274.504932 
36.664878 
-62.641416 
-23.968676 
-150.536932 
-35.395815 
-107.940988 
107.475642 
20.630646 
-159.199424 
-229.800328 
-293.407373 
-60.753281 
-32.033799 
-59.476631 
-53.360574 
-288.398981 
-59.477807 
-218.394762 
176.413968 
-23.969248 
-47.641337 
-120.652918 
-465.912475 
-152.956701 
-28.923862 
-88.005602 
-209.937130 
-142.329038 
-165.031579 
-154.163173 
-162.704484 
67.861254 
20.713295 
-36.036752 
-459.649399 
-178.698879 
-249.012316 
191.122867 
1.472214 
-106.669344 
61.569012 
-246.477246 
-130.809552 
-127.311935 
-106.819908 
-177.493342 
49.015956 
-155.672653 
-150.455118 
-118.257456 
-60.423203 
70.718764 
-35.802865 
-593.215229 
-35.804094 
-287.670798 
-69.912703 
-293.498037 
-145.796143 
-167.947397 
-42.425981 
47.047611 
14.120961 
-198.234586 
-105.501137 
-115.197184 
-188.191692 
-158.899165 
-40.317568 
-213.966848 
-128.786385 
-82.896729 
-173.090526 
-126.175214 
-262.062830 
230.860133 
-221.727950 
-1.920767 
-166.000682 
-181.655309 
-98.909201 
-165.999465 
31.829616 
-166.000100 
-329.024944 
-171.592224 
473.141732 
-62.076315 
-71.735779 
285.894760 
-168.940669 
-259.019164 
-140.749741 
-15.915893 
615.171168 
-284.639732 
243.806000 
-19.260967 
-83.105236 
-19.129198 
621.356248 
168.209650 
-142.150876 
82.011679 
118.064517 
11.951013 
333.747442 
224.587699 
19.894990 
153.240557 
-197.361595 
-61.258210 
370.862024 
353.442494 
153.850134 
-183.731368 
-42.352644 
-40.215358 
133.594340 
117.469428 
-221.868034 
158.976375 
-13.478204 
-144.595779 
449.469958 
313.857299 
-83.963892 
35.688356 
131.927230 
182.278985 
401.938997 
29.584841 
-166.096985 
-132.570976 
58.885537 
-60.189171 
152.720025 
-45.133404 
35.035686 
-137.889517 
-213.413533 
21.911624 
153.572734 
44.040241 
-273.419317 
3.527609 
-385.956291 
6.165809 
-221.200743 
-24.224558 
64.816867 
-200.904132 
-95.541102 
-83.225818 
377.742899 
184.824976 
73.375203 
66.265734 
-77.796864 
-58.344995 
99.534142 
392.036466 
47.191262 
70.843157 
11.977175 
-37.439822 
68.414564 
149.462559 
-161.879305 
-298.924183 
-57.942672 
-51.479105 
18.850427 
390.287799 
62.555812 
-21.822241 
-96.861806 
288.497085 
291.461724 
16.906255 
54.456317 
248.254554 
-114.450665 
-10.037428 
152.292110 
-177.414310 
-104.316342 
-8.014253 
173.280193 
66.315960 
390.286442 
113.899105 
-276.836326 
136.568943 
116.250892 
3.702081 
520.482228 
-62.749467 
20.052049 
124.926651 
-35.686390 
63.841243 
177.239893 
205.541130 
-221.529501 
-32.571440 
79.192091 
20.022266 
591.501785 
-245.012127 
129.896183 
-135.935402 
89.685638 
-34.473933 
296.004722 
-36.335412 
-34.561539 
30.565995 
73.268089 
81.692951 
-111.806392 
-337.598735 
63.321114 
-203.581428 
-55.921421 
-21.049297 
90.780183 
-578.782041 
-6.654038 
-175.075518 
-31.943921 
-97.182430 
-106.826985 
83.848190 
-157.684248 
296.553481 
-99.300420 
-104.313623 
-28.234667 
-178.962221 
98.354245 
3.128125 
153.568182 
68.337245 
-120.541648 
-177.553402 
35.210756 
-133.744878 
-236.835132 
44.649987 
73.160915 
6.307907 
47.126479 
73.379306 
-363.204151 
-134.332648 
-145.743016 
-104.171272 
152.553052 
-497.389365 
224.584329 
266.009257 
-73.877901 
-197.414787 
-203.346822 
-132.265403 
-85.444248 
-14.728936 
-165.675286 
-62.074449 
-31.230928 
14.405836 
51.574315 
-124.863421 
-113.715273 
80.400853 
-185.003207 
134.236456 
307.577322 
8.644676 
236.422075 
181.966857 
236.422281 
-355.422296 
-324.301904 
-178.795230 
23.560468 
10.842714 
342.945900 
152.225860 
-505.738889 
-190.100072 
-40.202677 
-66.423603 
-79.987861 
-117.611936 
-130.991682 
115.632050 
-75.784422 
-114.832035 
106.226314 
203.615749 
226.951674 
-214.520394 
-145.600335 
75.645378 
66.859015 
71.903879 
-35.253318 
-221.206813 
-374.077985 
19.242146 
69.269798 
-47.982673 
-70.931362 
-34.196599 
32.772525 
-187.042617 
52.185640 
-51.445804 
-85.340248 
-285.619353 
-83.163360 
12.005162 
-153.219781 
-29.486246 
82.554448 
248.257281 
-256.596645 
-338.374975 
72.281095 
-309.779286 
-116.406919 
-181.834042 
-299.945438 
101.160229 
21.399153 
41.848027 
-162.549932 
178.735859 
289.677192 
32.775669 
-251.363875 
-35.805327 
189.078530 
331.109030 
58.882659 
-24.868557 
-191.399831 
301.611275 
20.005245 
25.601511 
-142.689613 
-22.338099 
4.078279 
220.356544 
-104.206645 
-218.470300 
27.491316 
-234.121895 
-301.040711 
-98.515011 
-131.349312 
158.018819 
-131.201707 
-427.248374 
-35.804329 
62.273911 
-69.296174 
-194.894240 
177.243452 
-1.253705 
-359.708692 
378.454445 
161.180905 
-23.636179 
260.095600 
-14.500565 
-189.252509 
-197.936037 
93.650054 
-242.949192 
-5.737200 
-12.217890 
-201.962957 
-125.810828 
-352.330800 
-190.651930 
-88.714015 
-265.307790 
-133.554929 
-87.092900 
136.728868 
117.746758 
234.281958 
-73.423887 
-162.296000 
-8.133829 
57.985820 
-58.763638 
-237.160496 
10.005211 
146.491868 
37.251066 
42.678413 
-175.329408 
-174.602128 
-2.086189 
-124.109098 
-105.533887 
66.968407 
25.573125 
104.952700 
-0.297924 
-162.385851 
-47.195433 
-44.377470 
91.916851 
-2.412226 
85.611500 
-195.264358 
-148.939032 
118.061495 
23.374105 
-186.555945 
-20.809281 
-49.975548 
-216.505316 
35.209993 
165.113631 
37.661065 
134.007116 
-59.302370 
-63.816260 
141.733111 
-79.720012 
-145.571415 
-62.180167 
166.919169 
-32.654187 
-48.293551 
35.227349 
-129.089173 
185.063942 
67.203453 
-12.134061 
-501.843463 
-352.416252 
125.678075 
-77.347446 
-203.344754 
132.077504 
-311.508528 
-90.667880 
-0.296987 
-218.540523 
-77.747719 
3.280799 
-126.426303 
20.645338 
-475.903811 
-98.743243 
47.765798 
94.388954 
-64.587697 
-113.382332 
-23.972204 
-12.134138 
73.402140 
-108.162062 
-83.558902 
-47.642141 
-47.641893 
-108.425500 
-39.749108 
-33.785800 
-65.472294 
13.600274 
-74.833188 
94.388073 
-183.752642 
94.388492 
102.165198 
-254.094217 
52.602208 
-117.308679 
-168.903544 
-107.987718 
42.827087 
141.735400 
26.544153 
1.507891 
-161.497927 
-164.965637 
-127.961583 
-32.032094 
-234.841303 
-35.366348 
694.418220 
-182.303795 
112.478685 
-83.148944 
-233.710434 
-68.855218 
-172.856220 
-1.744330 
-264.611193 
11.827556 
-227.616297 
-153.479533 
-56.580616 
-186.788731 
-51.636339 
-76.744718 
-94.985398 
-165.568340 
-105.915966 
22.857928 
107.566359 
-105.090785 
-173.406682 
-133.307025 
-189.563416 
85.858660 
-92.253679 
-106.820465 
6.766668 
-221.605720 
-71.312633 
-143.703447 
-191.179470 
-106.820357 
-59.475547 
-331.656252 
-241.648264 
61.472840 
68.740752 
-105.732503 
-212.966208 
-47.639746 
-25.952740 
-83.147997 
-150.222301 
-88.611558 
-86.247599 
-289.206318 
-156.930780 
-26.745721 
-191.943602 
-7.175846 
-100.060160 
-225.706245 
-99.655442 
-172.211270 
-173.330296 
-51.860311 
70.719692 
-181.177683 
-237.308645 
-159.448659 
-154.619360 
-120.359527 
-26.543264 
-47.640167 
-59.476122 
-416.443496 
-0.296139 
142.588396 
-207.884825 
-356.832759 
-197.358279 
-210.961120 
87.671400 
-166.000122 
-36.132321 
-32.343784 
-269.613848 
-169.133908 
-23.967760 
-214.806566 
-8.192822 
-178.529091 
-211.224824 
-184.004791 
100.263554 
-26.294505 
-160.782137 
-79.119816 
-345.173198 
42.526089 
-166.000076 
-17.493763 
104.038592 
-166.001059 
-49.966468 
-166.000544 
-293.351997 
-79.584871 
413.960229 
-266.625107 
-65.077687 
287.391402 
123.857348 
-321.294312 
-1.879722 
65.007942 
189.077672 
-196.995656 
56.813376 
156.381463 
-56.645991 
-19.605029 
365.232227 
180.219261 
5.819587 
164.036305 
165.401019 
231.999652 
241.475642 
331.103757 
302.441620 
88.632271 
-477.619516 
-188.753672 
326.348161 
211.720046 
91.078009 
129.590081 
137.655195 
113.514262 
206.402820 
24.351722 
-160.268299 
-40.733457 
-24.113332 
66.893570 
295.597945 
132.812230 
143.698616 
69.774122 
-25.403548 
160.019754 
523.809774 
84.489915 
98.304585 
31.611959 
378.449630 
-55.364046 
370.644643 
-244.282292 
140.787338 
-94.249420 
372.289714 
-142.704568 
283.764572 
-27.355495 
-180.044150 
144.998167 
-110.082858 
-23.302542 
-9.042367 
-81.670854 
55.065593 
-157.202691 
-190.461327 
-104.858253 
104.998056 
115.224765 
-14.176407 
-209.893505 
-389.731602 
-152.194311 
67.650582 
477.828779 
674.254900 
-186.821927 
45.389433 
32.306195 
82.353652 
67.041283 
26.521718 
-340.080856 
-291.494504 
-113.115268 
-42.966862 
271.929048 
25.782755 
-26.537040 
78.912839 
137.002259 
160.636679 
-141.364031 
-115.522031 
224.585632 
-215.020786 
-89.203502 
272.182984 
-66.633179 
-181.095018 
250.520057 
-63.782832 
-156.249342 
331.110748 
84.837468 
-311.097638 
152.348064 
-25.043916 
-161.070631 
496.812453 
126.021789 
-172.628885 
46.493842 
-90.804223 
105.485675 
35.211681 
229.511508 
-354.552564 
-312.176400 
73.355051 
21.570488 
638.845509 
-190.255921 
248.250406 
3.860653 
206.559076 
31.679646 
164.700212 
-46.292651 
92.790129 
-65.482982 
41.030909 
-150.831194 
-58.976855 
-272.092131 
-83.201135 
-121.920643 
-162.826914 
-2.810727 
181.150302 
-179.313397 
-45.797613 
-250.220836 
75.055764 
-166.487315 
-323.912040 
-27.088569 
34.264157 
127.107742 
-261.606146 
126.883546 
50.587479 
52.668367 
50.571890 
208.165910 
200.915052 
-106.775096 
59.008494 
-241.326284 
106.230240 
-250.431573 
-273.142240 
243.827335 
-212.304328 
137.115800 
183.726264 
46.536580 
-239.713667 
-255.324885 
-84.349770 
-222.279726 
271.104474 
-367.568923 
177.242589 
230.504673 
-36.110196 
53.637329 
-79.411599 
167.528221 
-82.941013 
25.490892 
-227.027395 
-168.352468 
-71.673583 
-179.276417 
-13.536786 
-244.404886 
74.100173 
53.578437 
170.075988 
324.055321 
105.317448 
276.218883 
189.075416 
143.835266 
70.716435 
-576.463440 
-467.994488 
-112.360340 
-173.175714 
266.558656 
141.730296 
-26.950726 
-617.336439 
113.819914 
-227.652068 
80.928982 
89.499014 
-201.128508 
-237.131557 
76.591600 
-296.968212 
-93.849297 
129.896385 
150.209522 
-281.992856 
-117.275446 
82.000606 
-181.101409 
103.719548 
-87.260989 
-40.233080 
-159.783562 
-147.303167 
-62.784558 
-205.748724 
66.927506 
-150.434441 
-124.867683 
-166.167825 
3.032153 
122.063052 
-162.184975 
43.621927 
-227.870558 
-199.848006 
105.922200 
62.383407 
-83.882474 
200.914972 
425.795021 
-213.394329 
-179.511555 
-35.749245 
-241.720847 
78.927865 
12.031545 
-449.329938 
-31.470599 
-106.888087 
0.535204 
-180.679402 
208.996720 
330.164084 
101.914034 
-213.937403 
378.453940 
200.914408 
212.750843 
200.911732 
12.394614 
-8.780791 
332.201629 
93.999321 
-39.180831 
-321.426854 
-278.576368 
146.419499 
231.707785 
-226.892598 
-71.930152 
-56.462135 
-181.044097 
-78.348811 
-45.466005 
-71.130982 
-93.099480 
-321.743620 
-320.708658 
236.420848 
-49.359301 
154.249033 
-255.921762 
307.437056 
-168.831217 
-129.109556 
153.569858 
209.797463 
-128.651112 
153.570273 
136.992823 
-379.833350 
-346.109510 
196.475459 
-405.670838 
-43.487686 
-121.762507 
-277.989709 
-65.007027 
-232.533103 
-101.611744 
-107.007474 
-236.206013 
-353.020954 
-4.903030 
291.237969 
91.262429 
-3.063290 
-132.038764 
-90.390453 
33.759301 
-15.876288 
-83.958264 
-179.996756 
-12.417648 
-72.934917 
103.476958 
-63.149634 
-145.590282 
-198.461640 
82.297537 
-216.602254 
-246.033041 
201.104607 
-42.077316 
-53.133774 
-35.808141 
-112.924629 
20.329788 
-119.897466 
200.489647 
57.338810 
10.608002 
-96.476723 
-122.874294 
-35.807112 
-35.806315 
136.110415 
-54.641301 
31.220128 
-128.119786 
141.733516 
29.234070 
-26.217117 
-109.058379 
-351.101623 
-268.004343 
35.210835 
-76.599396 
-133.318818 
-238.033567 
112.134092 
-96.596862 
66.507862 
28.018779 
-115.118376 
147.685507 
8.127025 
141.733697 
-491.486937 
111.402352 
-1.376576 
-15.392982 
-201.638988 
-7.319315 
-257.296694 
214.506548 
82.554969 
-216.184199 
-386.564449 
-89.569694 
-346.283994 
-253.562634 
-525.559164 
-116.702073 
-194.019185 
165.409747 
-130.791784 
-124.859018 
11.545690 
189.083869 
112.388686 
-22.873032 
-116.121559 
47.054018 
35.207881 
161.575926 
-128.132904 
62.443664 
-173.809034 
60.657278 
-54.707241 
-0.296448 
-228.137047 
-35.806557 
-140.069592 
-100.836605 
27.457105 
-239.361030 
-77.308041 
-339.900404 
83.004999 
129.895648 
39.369187 
-137.597576 
-214.410931 
-98.371715 
-139.302906 
-32.857671 
-13.027567 
-95.573676 
390.929464 
-135.638443 
103.724850 
23.375890 
34.875994 
92.945351 
-100.728798 
69.251581 
-283.957460 
-45.661553 
-80.694203 
-309.236142 
-78.028240 
-255.389830 
-30.170201 
-96.594405 
-35.806063 
-296.929014 
-27.524044 
15.132137 
-527.647025 
-188.921223 
-366.184732 
-141.516848 
-239.856943 
12.598376 
-235.444315 
-23.971887 
-222.951173 
-207.055604 
-59.478776 
-80.067787 
-111.543283 
-0.299633 
-23.970823 
-41.506008 
-287.742098 
132.069751 
37.451520 
78.925156 
-147.619463 
-59.479513 
-38.868418 
23.372503 
-106.447901 
-106.115063 
-100.551017 
-269.060821 
-382.972746 
13.049721 
-155.902174 
-63.465635 
-75.195526 
-106.997576 
-180.147158 
-90.253323 
-133.952862 
56.929811 
-59.478327 
-77.354027 
26.168462 
-173.410615 
-266.151310 
-70.353724 
34.599942 
-23.970755 
-47.641361 
-212.844554 
-47.640804 
177.766086 
2.419691 
2.623166 
29.118141 
-199.848712 
74.607426 
-166.000682 
46.203119 
-90.978261 
-105.189645 
-384.310333 
-165.997534 
-178.943286 
204.454681 
-151.309991 
-285.241297 
-235.738809 
22.674636 
-121.135281 
-189.265842 
-194.007021 
-69.987506 
72.076163 
-165.999377 
10.619551 
28.710214 
-165.999682 
16.456825 
-165.999231 
-333.625397 
-99.236881 
402.125179 
-204.548871 
110.534716 
62.738537 
-188.761625 
-377.689084 
-1.874985 
150.941152 
129.897559 
-21.069798 
-328.300787 
-226.615655 
11.234602 
-62.101504 
-83.475168 
-12.268637 
-338.260689 
93.766580 
-35.804859 
180.423266 
269.566821 
200.913695 
342.747808 
241.113380 
-511.045814 
285.680001 
161.693487 
170.139885 
22.188008 
-141.750269 
-262.770844 
-66.517145 
194.681510 
-102.844874 
-183.396509 
123.638219 
32.414559 
282.353160 
354.781131 
101.098836 
-44.803270 
63.224751 
85.219894 
158.043240 
147.875434 
-161.969600 
-37.655655 
18.143163 
402.124582 
-159.911617 
263.596032 
65.406244 
23.896236 
-367.210615 
223.224217 
-53.815436 
82.554601 
170.530172 
-1.244216 
58.957247 
-29.891737 
142.884283 
120.699998 
-113.392020 
138.522247 
-272.259828 
12.683508 
-24.079373 
-135.874868 
136.825967 
30.293765 
-126.963238 
-58.185683 
60.348315 
-71.508281 
129.340127 
671.196692 
-27.484281 
-34.382201 
162.948048 
153.784978 
23.456587 
-191.108018 
230.632845 
58.338948 
58.089826 
-64.944650 
544.156889 
126.300345 
-145.441427 
-157.153053 
-128.124841 
219.657293 
123.592352 
-38.980668 
331.108876 
-196.484470 
-139.848041 
90.853967 
11.123737 
23.538729 
55.240845 
178.355460 
183.561293 
165.406014 
-18.328812 
-229.976301 
-141.565994 
15.644861 
106.697007 
129.897060 
-55.594836 
31.199793 
15.938015 
368.898523 
-73.124374 
200.914940 
54.838700 
-140.238875 
-212.639375 
43.679344 
54.607681 
-106.820307 
-84.319790 
224.585988 
246.546908 
-25.059060 
-37.038375 
240.243625 
-34.712421 
343.816447 
-123.318848 
-152.346242 
-186.302220 
-232.381473 
-100.154341 
-51.143172 
-431.398454 
-1.613102 
187.077237 
188.523448 
-52.819403 
49.714861 
-255.680242 
-12.669328 
-363.391097 
-190.986784 
-118.764497 
-34.477124 
-234.314670 
-113.171970 
122.963670 
-157.438075 
-265.889102 
-50.465374 
105.807641 
248.256944 
-111.474959 
200.838009 
-433.317134 
236.422642 
64.592674 
-384.004668 
119.622438 
-120.050688 
-149.427370 
71.690847 
-164.314765 
-359.145380 
-36.677252 
-49.426568 
-307.880599 
12.338689 
-222.250932 
224.587292 
295.603646 
29.950890 
197.750040 
-26.085425 
-81.563565 
180.733375 
-19.668206 
-479.934898 
-86.887337 
-310.447244 
-63.395893 
-97.611349 
-175.415239 
-333.667512 
-212.943923 
76.732241 
375.736576 
152.759593 
-10.115438 
106.227427 
-60.143492 
94.391855 
103.536395 
-188.496931 
-179.373227 
-266.603890 
-7.502494 
165.406644 
23.409286 
-240.337226 
89.940100 
-1.604546 
41.860121 
20.547258 
-292.460131 
-177.980687 
42.827254 
-143.569581 
-97.421548 
129.898347 
48.881805 
-155.742082 
-109.937409 
153.329252 
-136.415427 
121.378598 
-17.930547 
90.424675 
-184.332291 
-212.686510 
-18.435270 
-114.660758 
10.518084 
-130.907718 
-420.498360 
-213.375892 
-48.025893 
105.772695 
-25.942168 
31.083083 
-56.041363 
-356.558343 
40.560169 
221.535335 
-174.014547 
342.945072 
449.468563 
-433.940962 
-20.535932 
49.058267 
-334.000666 
28.903208 
54.497954 
-478.544028 
13.688420 
-200.660957 
-286.720177 
-264.871660 
-12.539483 
78.299487 
79.378086 
-328.076607 
260.094133 
200.914551 
200.914565 
307.437748 
32.780806 
-43.916240 
113.711440 
-36.890964 
-36.502678 
-198.381979 
-80.259119 
-41.575985 
198.925739 
-322.257427 
-221.078673 
-138.551941 
-83.335891 
-312.313097 
-158.951097 
-9.245002 
70.441087 
-108.577135 
-232.826193 
260.094335 
-144.333567 
-3.225527 
-2.616637 
449.469318 
-103.459653 
-266.799369 
248.258578 
101.454541 
-12.596409 
106.227350 
137.000088 
-214.924927 
-236.286670 
67.760299 
-71.703893 
211.040323 
135.174645 
116.224636 
20.612406 
-67.629772 
-114.526363 
-225.426691 
-81.837531 
0.212587 
42.969703 
172.666652 
9.046106 
-443.745564 
-115.638525 
-59.839911 
12.261906 
-86.025823 
-124.759615 
-141.386871 
-173.691519 
-34.605296 
-119.156886 
-253.655601 
-82.984779 
-303.055296 
-6.560347 
-260.052172 
118.362787 
238.030216 
-53.541152 
-46.446958 
-35.805064 
-88.812569 
71.675423 
-51.155272 
119.212339 
38.227811 
-65.036411 
-231.397649 
-148.078593 
-47.640604 
-59.477139 
87.055184 
-82.991547 
1.032893 
-279.625819 
165.405656 
-51.045204 
-73.399903 
95.069751 
-57.836394 
-32.515492 
-12.132995 
-92.081657 
-233.949506 
-114.793717 
27.918797 
-87.297524 
1.656525 
-43.214406 
-270.476053 
-1.256857 
-30.132821 
47.046640 
-40.981861 
-216.303024 
150.334434 
60.160073 
-260.775487 
-10.920889 
-255.894338 
10.752123 
-35.805418 
-60.611147 
-191.909351 
-133.618399 
-179.437574 
26.270749 
-112.260365 
-68.639782 
-150.916705 
47.046342 
-5.620868 
-32.172777 
-59.477942 
189.078096 
-108.905426 
-50.342089 
-75.256990 
-12.132685 
11.538313 
211.822842 
-90.251865 
28.525937 
-159.142554 
-23.992208 
111.091070 
70.718339 
-122.355039 
-0.297430 
-167.483462 
67.143261 
-102.531638 
-10.809726 
94.065815 
-141.891767 
-181.515973 
224.585007 
213.647154 
-80.709909 
-135.855861 
184.384679 
-227.155466 
2.618181 
-13.188680 
40.861799 
177.657076 
-84.984885 
30.282515 
-47.640804 
19.120444 
-92.895852 
-177.510305 
34.652261 
-299.684227 
225.269762 
114.092079 
-51.529538 
-188.154548 
-171.744600 
55.195567 
20.315435 
-59.476764 
-284.130278 
11.051504 
224.233461 
-678.644622 
-81.202689 
-54.467119 
-184.191005 
-136.727635 
179.340160 
47.175398 
-71.312399 
110.484480 
-10.003622 
-106.820323 
-286.231540 
-157.422648 
-12.132883 
-23.968738 
-106.813593 
-313.394199 
12.607378 
-97.162072 
50.752057 
-37.988253 
-59.476741 
-184.939718 
23.375130 
-50.542429 
-171.557735 
-11.918675 
-286.312927 
-124.501512 
-89.623609 
-141.885806 
-120.562752 
76.729310 
-26.778121 
-263.637300 
-90.898498 
-37.856938 
-52.229768 
-83.148262 
45.619741 
-199.981414 
-219.676113 
-61.315162 
-114.217431 
-62.993674 
-12.132715 
-23.968372 
-229.930807 
-47.640607 
-197.396745 
-85.456110 
93.296700 
-137.879983 
-214.983456 
-146.227048 
-165.999881 
22.278609 
154.231039 
-143.830969 
-385.539919 
-165.999443 
-36.016572 
-269.056400 
-266.846878 
-6.891406 
-26.969213 
-128.084197 
-208.179062 
-281.789773 
-46.372798 
-59.633844 
2.951204 
-165.998875 
-0.324833 
-275.606825 
-165.999774 
-40.782691 
-165.998736 
-236.900099 
-153.579224 
-154.164063 
-165.130666 
-170.569914 
-153.715585 
-166.363629 
-165.079361 
-166.000000 
-161.854940 
-154.164062 
-164.885890 
-167.636045 
-158.030261 
-169.447367 
-171.719671 
-163.033428 
-166.401239 
-165.812960 
-166.370921 
-154.164063 
-169.336995 
-164.723077 
-165.999999 
-156.755761 
-156.936070 
-155.383772 
-159.307919 
-155.272701 
-165.743659 
-152.477602 
-165.669709 
-163.643567 
-171.731473 
-166.038972 
-158.539894 
-172.687835 
-173.631083 
-156.165964 
-177.429676 
-166.000000 
-168.429608 
-162.371113 
-170.831027 
-165.241848 
-159.730154 
-157.728863 
-169.698386 
-163.722242 
-166.996365 
-166.000000 
-164.539191 
-165.868269 
-167.847687 
-164.905799 
-165.260253 
-156.687338 
-160.172443 
-154.164062 
-158.029828 
-160.132535 
-162.790127 
-155.361178 
-159.415830 
-172.091295 
-171.161053 
-162.962852 
-168.637097 
-160.935164 
-165.774789 
-163.262247 
-171.147321 
-163.767271 
-157.391526 
-154.580996 
-160.934278 
-155.109548 
-158.193604 
-140.750001 
-163.679869 
-160.626744 
-159.343364 
-171.760346 
-169.126003 
-154.169378 
-170.418686 
-166.174903 
-161.978568 
-154.222839 
-166.000000 
-155.461406 
-163.325153 
-162.532764 
-166.000000 
-166.710240 
-160.044423 
-165.787959 
-166.000000 
-165.652262 
-163.649671 
-161.600149 
-163.411715 
-149.338450 
-165.257609 
-166.841311 
-165.088489 
-166.000000 
-155.960549 
-160.032824 
-162.163208 
-167.502026 
-169.174685 
-166.000000 
-177.899031 
-165.588305 
-168.507669 
-165.772764 
-170.748284 
-165.999999 
-157.728418 
-158.692647 
-164.587463 
-160.997344 
-166.029576 
-166.000000 
-169.066899 
-166.000000 
-164.466209 
-162.234507 
-169.885994 
-162.145686 
-164.178585 
-162.125141 
-159.430487 
-168.506610 
-166.642740 
-170.689989 
-171.586124 
-179.409267 
-174.095912 
-167.335846 
-165.212990 
-167.307308 
-177.096191 
-171.865838 
-169.360582 
-163.558275 
-157.871557 
-165.629793 
-169.583917 
-170.092849 
-162.634367 
-168.781162 
-165.407605 
-165.959545 
-162.871567 
-170.362104 
-168.580802 
-154.164062 
-161.482559 
-168.516394 
-165.494509 
-166.000001 
-161.325821 
-169.588571 
-156.527485 
-165.680701 
-163.023733 
-169.962686 
-167.305259 
-164.187113 
-168.864200 
-165.510062 
-170.614345 
-163.829990 
-169.030273 
-166.000000 
-166.000000 
-160.988149 
-150.965699 
-158.578288 
-170.214688 
-159.219169 
-161.428074 
-169.224982 
-171.121198 
-165.388154 
-167.162872 
-163.168876 
-165.092318 
-159.542757 
-164.635211 
-158.204971 
-160.637809 
-166.035766 
-162.894682 
-166.000000 
-163.640882 
-166.000000 
-166.511703 
-168.166170 
-164.202233 
-167.217436 
-164.147037 
-165.999999 
-165.946555 
-170.862691 
-168.844647 
-170.044066 
-161.745781 
-163.220626 
-153.555050 
-163.531479 
-161.548484 
-161.422629 
-158.315185 
-154.164062 
-172.238314 
-166.000000 
-170.638041 
-160.151581 
-167.197116 
-164.595309 
-162.141917 
-168.843750 
-162.925604 
-161.601121 
-155.456806 
-160.447054 
-168.597324 
-164.704610 
-167.722625 
-166.050104 
-168.888214 
-162.768093 
-164.350964 
-174.008904 
-163.308605 
-158.591691 
-156.257247 
-168.546941 
-161.489772 
-166.000000 
-154.164063 
-175.309552 
-157.932167 
-166.591206 
-167.293113 
-169.332375 
-167.182548 
-165.690864 
-169.009257 
-172.340836 
-166.291219 
-164.526507 
-165.445744 
-169.096812 
-168.040755 
-165.003253 
-166.000000 
-166.000000 
-166.000000 
-166.000000 
-165.274032 
-167.818160 
-166.829811 
-164.876693 
-163.403265 
-172.542327 
-164.200297 
-163.845292 
-160.569677 
-165.292743 
-167.325411 
-170.970076 
-165.235199 
-170.163117 
-170.072803 
-163.603154 
-165.596984 
-170.194086 
-169.551411 
-166.000000 
-168.790965 
-168.745068 
-170.363123 
-166.000000 
-163.383471 
-165.241847 
-166.000000 
-172.354283 
-164.416415 
-166.000000 
-166.000000 
-157.863602 
-166.970220 
-154.164062 
-161.389473 
-164.466208 
-167.737152 
-165.222053 
-166.459317 
-167.690005 
-163.392661 
-165.890202 
-176.056843 
-166.506014 
-163.292299 
-165.816605 
-162.752680 
-169.367366 
-154.844658 
-167.427240 
-166.603036 
-162.402905 
-163.785086 
-171.884373 
-164.440573 
-166.710767 
-160.289410 
-163.613614 
-161.174387 
-161.562248 
-168.782413 
-158.152842 
-164.284732 
-158.539894 
-166.245308 
-162.012336 
-166.000000 
-172.611367 
-167.640626 
-162.830536 
-158.748963 
-154.844658 
-163.124783 
-156.969483 
-163.539279 
-166.000000 
-166.000000 
-166.385964 
-166.417771 
-166.226983 
-166.000001 
-166.000000 
-164.792068 
-163.155118 
-163.368557 
-161.918253 
-166.679800 
-166.000000 
-162.540865 
-159.545772 
-172.845579 
-169.577571 
-163.325388 
-166.213034 
-165.394266 
-162.284982 
-164.774398 
-158.862673 
-166.000000 
-166.000000 
-166.000000 
-163.857632 
-166.213632 
-163.804439 
-164.142231 
-167.593358 
-171.205887 
-166.000000 
-175.792990 
-165.381294 
-168.619258 
-166.669758 
-167.060806 
-170.826345 
-160.214901 
-166.567876 
-166.000000 
-166.571624 
-161.952912 
-166.000000 
-166.000000 
-168.504856 
-163.247198 
-171.205888 
-166.000000 
-166.000000 
-153.257970 
-153.375000 
-170.670192 
-162.816892 
-166.015181 
-161.888738 
-165.999999 
-177.096192 
-166.000000 
-168.170531 
-162.586136 
-163.055454 
-166.555371 
-166.123498 
-168.743940 
-163.333984 
-165.999999 
-167.538953 
-164.945521 
-167.502026 
-165.240238 
-160.728437 
-160.262114 
-167.290001 
-163.651697 
-155.597321 
-167.305957 
-161.857482 
-166.000000 
-163.682239 
-179.213742 
-161.595199 
-167.223750 
-160.322981 
-165.761656 
-166.064022 
-166.096700 
-166.451302 
-165.681637 
-162.965051 
-169.681654 
-166.000000 
-170.517822 
-155.189876 
-168.267742 
-166.000000 
-167.033159 
-169.387981 
-167.866749 
-163.192054 
-164.411240 
-167.449138 
-166.000000 
-160.780295 
-160.702431 
-166.000000 
-167.746623 
-167.896571 
-166.000000 
-166.000000 
-166.712277 
-169.314866 
-159.191117 
-167.133513 
-161.635469 
-167.660152 
-166.000000 
-157.958207 
-166.000000 
-165.576904 
-169.738435 
-165.838630 
-173.088407 
-164.732198 
-165.334151 
-162.173392 
-168.580751 
-161.918669 
-164.775666 
-164.729457 
-163.775754 
-163.984505 
-164.591851 
-166.000000 
-168.847326 
-167.244660 
-162.053505 
-165.222053 
-166.240319 
-162.211885 
-166.000000 
-166.000000 
-157.787822 
-166.000000 
-169.970385 
-161.853798 
-166.666345 
-166.782382 
-173.426121 
-160.599676 
-166.000000 
-162.584244 
-159.279361 
-163.967538 
-168.113340 
-166.000000 
-170.561265 
-161.199611 
-168.845265 
-170.280893 
-169.222323 
-162.277764 
-165.923919 
-165.884221 
-163.426499 
-162.096616 
-169.768034 
-166.000000 
-172.993850 
-163.658389 
-166.000000 
-171.830403 
-166.000000 
-165.366372 
-167.517449 
