-59.124878 
-54.767334 
-32.570521 
-51.832320 
-40.170221 
-23.091358 
-39.333530 
-48.727239 
-35.374969 
-29.688339 
-48.146706 
-34.076445 
-27.536010 
-30.233739 
-10.364912 
-1.203172 
7.496867 
-20.696460 
-59.125214 
-82.248224 
-94.069435 
-82.875275 
-33.774760 
-13.376785 
29.275605 
46.190296 
20.738177 
55.568971 
43.925319 
10.565729 
-2.982936 
-23.918646 
-36.184408 
-48.374329 
-46.198742 
-10.159552 
4.775124 
29.908197 
35.874374 
15.900723 
-8.628921 
-42.815219 
-19.507456 
-28.939725 
-11.091971 
21.658767 
55.341813 
64.827560 
35.874378 
59.787149 
54.616267 
46.157025 
60.967895 
78.179119 
104.721688 
86.901525 
83.374545 
72.699671 
62.351057 
50.370008 
51.564512 
43.902672 
34.820020 
31.707590 
22.501340 
37.051465 
28.298261 
25.089438 
56.531459 
55.940773 
69.464793 
65.674335 
49.340397 
35.978857 
3.944344 
8.422398 
-1.283821 
-16.202188 
-2.326305 
0.687578 
17.084543 
13.382670 
13.498720 
-11.534515 
6.490174 
9.011511 
27.075388 
35.875568 
15.879023 
18.061453 
0.069940 
-1.332690 
-10.785713 
-22.935939 
-9.390178 
12.125788 
30.278557 
63.693139 
103.187683 
128.051466 
77.181557 
71.682337 
52.820280 
33.903028 
35.875542 
17.643649 
13.583338 
-24.941490 
-37.287953 
-53.521304 
-82.874599 
-47.570506 
-33.406624 
5.818700 
12.752714 
19.970299 
35.875255 
51.403901 
39.894719 
10.163750 
-25.533609 
-42.987425 
-59.123856 
-69.402322 
-35.374428 
-3.362152 
32.430196 
68.432079 
47.718020 
-2.943739 
-44.272475 
-80.617801 
-99.534949 
-93.281562 
-95.812112 
-65.208595 
-72.449376 
-40.820540 
-6.912238 
16.747543 
29.799880 
8.413980 
-13.743639 
-19.460501 
-32.176687 
-50.962466 
-39.429172 
-63.515952 
-58.274538 
-50.452752 
-15.032776 
-23.322649 
2.365310 
40.482333 
57.917672 
97.522545 
107.125124 
109.854005 
94.596494 
48.797578 
83.374974 
49.639201 
33.157444 
40.211336 
23.843156 
25.427346 
31.779515 
10.105217 
7.312580 
-1.045906 
14.921167 
44.518524 
48.003245 
34.861971 
12.125308 
12.125441 
13.083748 
42.785024 
70.898337 
94.904803 
73.047005 
41.718080 
23.353497 
12.699453 
24.189697 
11.418633 
16.732368 
22.965584 
13.847247 
34.511100 
34.245330 
51.094514 
61.188210 
90.823342 
83.375223 
76.566232 
83.375286 
84.864408 
55.813793 
46.635989 
44.643883 
37.301431 
59.625187 
54.003507 
61.341518 
71.289513 
70.396847 
45.801989 
24.916179 
-17.229735 
-24.736808 
-7.847500 
13.002882 
52.023482 
83.374843 
83.808380 
95.249884 
52.971114 
15.429271 
-7.810332 
-45.248760 
-41.593822 
-45.797805 
-24.268515 
29.784170 
28.156003 
27.700018 
34.437576 
7.060409 
23.198916 
19.621301 
14.238041 
1.064649 
-2.791350 
-2.035383 
-5.788242 
-8.201303 
5.126367 
7.232609 
24.583906 
12.124652 
12.124607 
-4.945028 
-18.401156 
-24.377787 
-13.596259 
-4.503825 
43.317119 
6.744826 
-0.722453 
10.047478 
-15.015085 
21.095326 
21.853481 
25.457562 
54.228466 
36.231340 
23.999873 
12.124838 
-47.250163 
-59.125086 
-22.237552 
-22.180985 
-23.257604 
-7.823423 
-3.667257 
2.653833 
-10.889350 
-1.551903 
-4.799407 
-16.038526 
-11.497040 
-5.301154 
2.536654 
22.112708 
10.801669 
5.239243 
-15.282879 
-7.519040 
-13.670828 
-11.625267 
-20.558076 
-31.905975 
-36.782025 
-35.375303 
-29.227438 
-25.296078 
-35.375243 
-7.222903 
-19.700001 
-11.625445 
11.333342 
7.259620 
6.328423 
0.992271 
1.405069 
20.386962 
-0.345359 
-26.696629 
-14.988800 
-31.102909 
-28.865223 
18.084504 
51.598465 
59.790911 
80.650974 
59.495133 
41.933286 
19.962092 
43.597469 
59.209870 
70.322359 
51.470992 
57.205504 
62.726849 
52.436049 
64.787447 
51.064255 
51.210756 
65.305664 
63.857551 
81.589536 
59.443966 
29.586057 
2.293208 
-23.748491 
-9.979441 
12.125260 
34.451021 
17.651474 
6.913754 
-3.719997 
-3.902092 
4.689938 
22.777475 
-10.376818 
-23.499476 
-35.374433 
-17.179998 
-11.690535 
11.689199 
11.333374 
-23.499379 
-19.500259 
-26.409900 
-27.435394 
-38.101050 
-39.337946 
-59.124194 
-37.416903 
-56.607465 
-59.689730 
-52.929664 
-56.496266 
-42.246099 
-19.659864 
-30.792449 
-40.811725 
-60.764951 
-35.374146 
-18.303472 
-70.257234 
-22.793909 
-29.266213 
-48.416755 
-34.608319 
-34.066943 
-3.218567 
12.125540 
5.113503 
29.275599 
-2.753875 
3.653031 
9.503432 
-15.233000 
-6.237662 
5.557546 
-11.625139 
9.346602 
-24.192372 
-11.624470 
12.124998 
-12.328735 
-4.335527 
-5.591579 
-11.624828 
-11.624874 
-19.324514 
-26.666331 
22.064149 
36.354240 
76.355621 
84.132098 
71.499809 
42.554391 
-11.625481 
-45.414968 
-54.873268 
-46.197479 
-50.385348 
-28.453168 
-32.307312 
-29.314699 
-35.374634 
-61.772010 
-95.122384 
-113.288886 
-96.044276 
-108.316370 
-79.985731 
-65.250503 
-60.691360 
-32.637890 
-30.388149 
-37.686193 
-11.624816 
-21.611262 
-12.548623 
-2.567056 
-27.966268 
-22.601222 
-35.911303 
-48.081389 
-62.581160 
-90.035710 
-93.188544 
-65.666055 
-22.563053 
0.250350 
24.103384 
36.842471 
12.388937 
0.204268 
-9.773844 
-30.606075 
-22.489628 
-5.921265 
-3.060388 
9.478641 
-23.499606 
-9.937309 
-25.925142 
-59.124526 
-32.858105 
-37.151393 
0.250555 
0.250542 
-3.453220 
16.165235 
-1.400263 
-16.295849 
-22.369690 
-74.147453 
-82.874737 
-85.194001 
-59.124818 
-35.341123 
-27.268965 
2.293242 
36.624116 
45.916642 
56.612488 
54.447030 
14.939215 
22.059343 
22.434120 
36.291006 
59.926004 
53.290972 
45.832655 
35.875007 
1.654715 
-3.951764 
-23.409049 
-14.821089 
-5.596822 
27.162572 
83.375011 
71.499874 
94.180087 
59.624960 
18.474771 
14.688873 
-25.339866 
-8.707022 
-18.556227 
-17.016434 
12.124885 
21.893415 
18.761419 
12.170707 
0.501169 
-0.492504 
24.077160 
3.833849 
1.187133 
-37.680419 
-70.967146 
-88.756338 
-74.898426 
-62.506392 
-30.463572 
-10.340041 
18.404044 
0.249876 
-3.149877 
-7.015053 
-47.250293 
-53.010579 
-71.000253 
-70.976115 
-64.838396 
-11.626302 
-180.230207 
12.684625 
88.716528 
51.725837 
-15.257989 
23.998619 
111.288556 
-82.875691 
-304.791228 
37.647828 
-261.698993 
-37.451985 
-62.224240 
128.705523 
151.864134 
-39.140266 
60.864431 
12.124183 
87.596705 
-48.763123 
-11.625578 
-78.111587 
112.179902 
-33.941909 
-50.682220 
-485.060066 
-36.781470 
-77.198038 
6.610999 
94.215557 
-20.350915 
-12.876443 
10.712456 
-113.037919 
268.586673 
-62.036322 
117.568286 
12.124990 
90.493843 
-114.543825 
-128.141424 
-219.730112 
57.473057 
330.153538 
6.653564 
-109.588037 
136.741091 
12.125281 
46.665471 
153.802578 
45.614686 
104.463795 
9.898068 
52.354282 
-57.905876 
35.876051 
93.958742 
-88.935250 
4.891145 
9.090814 
-41.790310 
-30.068256 
151.400818 
256.633379 
-52.103879 
429.890338 
-161.384980 
-85.600576 
188.592083 
267.063255 
-37.976587 
154.944709 
306.103957 
58.098526 
137.364171 
646.993928 
44.567448 
65.579243 
-18.652291 
239.622406 
201.884583 
117.871995 
6.911173 
279.685563 
157.274631 
177.503635 
665.250183 
-28.288944 
409.651549 
52.138573 
340.666193 
210.496959 
-171.012998 
263.169451 
475.249965 
-22.436061 
89.677444 
294.889749 
254.652853 
-154.053823 
-47.434970 
190.121458 
-25.596496 
439.621932 
190.183513 
-165.437721 
308.453022 
122.370629 
51.112369 
95.249471 
209.811699 
79.401607 
18.698213 
-181.673194 
249.103377 
202.122694 
206.242490 
-302.182631 
-251.102562 
214.510570 
27.226841 
118.993960 
-381.029111 
273.367970 
-143.174607 
177.098197 
-152.836207 
162.951458 
65.407655 
-2.039689 
-327.877905 
-228.775190 
53.742568 
35.386286 
-103.362964 
24.713183 
-138.166909 
-33.010634 
-243.852617 
49.438589 
-42.058454 
147.693065 
-119.693666 
212.557341 
-398.114109 
-570.475762 
-118.477548 
-80.607743 
46.119480 
-121.664547 
57.724449 
264.240681 
-106.875120 
109.229785 
-115.943119 
249.622704 
-106.028930 
58.373378 
-483.836832 
297.122210 
23.301145 
10.839488 
102.925862 
-36.673377 
200.456058 
175.142937 
-459.719551 
119.274831 
-57.629542 
45.699796 
368.616579 
-72.316081 
323.626044 
59.624173 
107.127275 
324.172330 
-570.453411 
-129.359160 
-41.517810 
83.328431 
136.071015 
-4.117762 
-91.095482 
128.087201 
-74.880063 
-230.074769 
110.036721 
-36.275958 
-82.400420 
160.095563 
128.586992 
-42.404953 
44.919210 
-11.624332 
288.647097 
273.375447 
-447.926644 
-90.663364 
-138.065556 
90.569041 
-7.733061 
202.125258 
253.619996 
-302.997458 
-133.590268 
81.847040 
-180.214967 
89.809732 
-161.207672 
-202.625889 
-377.039176 
-160.871328 
-28.785913 
297.124077 
150.301495 
99.207096 
-169.880913 
178.714670 
32.838469 
61.547661 
-207.422754 
94.076656 
-138.273855 
-91.529673 
-222.472052 
37.473193 
49.831148 
-212.863871 
121.363645 
-36.895384 
96.786163 
-60.891345 
-116.914802 
155.249736 
-179.357373 
-19.509217 
378.003524 
-67.667964 
144.622099 
59.623055 
59.622936 
-140.734599 
-390.808997 
141.607454 
-83.647652 
-136.032783 
359.325308 
-326.086754 
148.789813 
-54.589179 
92.181163 
43.991700 
329.367244 
-370.344169 
208.538774 
-306.569031 
12.124856 
308.999484 
35.874642 
356.500189 
678.480206 
-315.130224 
159.645834 
16.195463 
220.534544 
-289.057559 
-9.447350 
-48.274107 
183.708769 
-373.644583 
-51.370767 
94.819054 
-200.369542 
-192.508717 
-148.326636 
-123.639796 
132.553984 
-128.665291 
202.615184 
166.499143 
-150.702766 
-87.561887 
7.809008 
-59.125072 
80.909700 
-134.575529 
190.251253 
93.432190 
-196.664226 
107.126275 
201.331636 
-307.053594 
-33.091613 
-484.397229 
-265.086368 
-178.795761 
-136.249105 
3.707345 
253.031164 
-141.943575 
-68.235063 
193.560243 
335.784182 
-77.684552 
110.136970 
152.161866 
-272.896012 
22.276064 
289.177291 
14.718054 
26.109994 
-32.224616 
-176.029603 
-144.340553 
-25.431191 
86.247842 
111.900334 
-6.120022 
-70.929098 
-320.226420 
70.997123 
73.773664 
-22.432731 
150.046374 
-147.237334 
-87.517855 
273.375790 
-29.537358 
203.019992 
0.980319 
124.118491 
-268.949371 
213.714097 
-260.856742 
-142.565420 
12.126095 
237.751041 
150.186011 
-227.437932 
143.650951 
-153.329201 
12.124667 
-21.111763 
-9.474760 
-124.306281 
-334.268096 
4.665585 
308.998872 
53.525393 
-143.877240 
63.426984 
-60.553895 
-192.461426 
38.688252 
-182.502723 
24.801919 
23.895218 
-162.413217 
285.247409 
-149.676371 
-24.244218 
-58.772569 
-175.918923 
-194.442076 
123.418691 
-188.883241 
106.362137 
403.995604 
277.637389 
-194.660955 
80.585763 
-26.380834 
-33.689586 
-319.713256 
-325.348461 
-19.908684 
190.245714 
116.501192 
-64.038123 
35.867667 
213.996341 
105.718100 
-110.040473 
-103.426402 
-59.128926 
213.995366 
137.772825 
-280.008356 
16.328872 
39.025219 
139.790846 
24.173201 
12.119620 
-0.495980 
166.497942 
101.518955 
82.574627 
194.005542 
253.625977 
-121.436203 
103.395111 
77.049213 
107.120675 
139.835627 
4.103016 
-4.293975 
-95.878364 
140.079834 
-349.947213 
301.696252 
-64.487152 
454.051523 
-135.988733 
99.395637 
225.873731 
-159.972161 
439.592950 
96.759693 
177.838980 
-423.471742 
-36.280246 
-56.891901 
-5.346066 
91.098910 
-181.080606 
-50.779153 
237.171853 
47.749388 
-245.465330 
-75.184180 
-27.861053 
-144.430526 
39.130434 
-144.907783 
243.220606 
136.850064 
157.166028 
3.641552 
12.124856 
73.671797 
-197.957715 
12.125290 
-152.832725 
-403.347728 
23.999780 
35.875161 
-207.294172 
-81.120341 
151.576006 
-16.245876 
45.567698 
-257.186135 
35.874318 
-83.465814 
35.874824 
-27.030466 
-108.952728 
88.960294 
11.888194 
-633.634231 
241.034154 
-206.927032 
-99.715299 
19.392383 
-352.868680 
-73.512455 
96.903942 
-314.331488 
-139.475665 
71.499869 
126.531127 
139.011354 
-374.845365 
-150.666995 
57.231310 
204.695940 
47.749569 
12.124807 
-97.991518 
237.749828 
-124.566108 
-120.318483 
1.457745 
-78.651530 
74.683394 
-59.395148 
-23.499736 
-86.858567 
-81.079429 
-265.397663 
-195.671369 
-62.092927 
-97.147350 
134.528331 
-72.144410 
6.429348 
-180.021100 
-64.816639 
-174.495941 
-233.009764 
-49.533971 
-63.679233 
98.562535 
-35.373492 
-34.791311 
-3.243689 
-23.499058 
-18.908818 
-165.999295 
-250.404338 
-48.102461 
83.372843 
-15.193192 
87.606314 
274.051302 
392.975642 
-564.715694 
-204.000346 
177.490082 
202.123074 
-262.053398 
190.751529 
-107.873529 
78.847655 
150.052999 
313.570416 
372.072456 
-32.753006 
122.377532 
213.999117 
22.003262 
-108.775653 
570.250859 
79.929632 
141.272757 
179.054712 
34.222633 
-611.061534 
-96.503964 
224.432720 
-15.983886 
83.533244 
11.471007 
269.323471 
211.071537 
-111.502370 
421.133701 
321.544248 
-4.201259 
154.629452 
500.563385 
-89.392037 
-431.318651 
-91.681788 
127.283288 
585.468147 
92.998873 
-327.776415 
142.352444 
297.127655 
42.295932 
628.853465 
221.372251 
397.993295 
277.087882 
53.625159 
36.302733 
997.752038 
63.883093 
123.946810 
176.485985 
-89.020753 
-21.940392 
-183.285848 
242.699875 
143.799313 
-173.836650 
282.245365 
86.015858 
298.320319 
289.730642 
383.974367 
56.562076 
-80.077686 
40.754942 
272.423324 
153.047380 
652.934790 
-115.097941 
154.496421 
5.222056 
324.477265 
344.744392 
114.769943 
-21.112556 
90.105295 
375.619737 
-29.045521 
617.750265 
-113.154965 
374.944260 
237.189360 
226.664908 
269.053180 
-109.865233 
140.073022 
475.253545 
-175.101782 
171.473325 
175.377164 
232.166623 
-248.870442 
-234.935262 
227.966312 
-254.386336 
368.373977 
265.879672 
-609.017885 
512.529059 
101.517650 
344.426729 
142.751653 
338.012363 
-9.902676 
-43.753304 
-336.091184 
173.767865 
249.630593 
249.265480 
-463.767821 
-285.276309 
282.565316 
105.240623 
190.242525 
-414.459236 
249.624503 
-156.077911 
40.969602 
319.469724 
250.062184 
-140.339909 
229.721796 
-414.382376 
-264.326730 
-15.492861 
149.707565 
-157.560661 
-299.623333 
-233.928793 
-290.253457 
-307.978834 
109.624002 
-71.744565 
-134.445683 
-663.987730 
104.268969 
-639.908395 
-564.455113 
-124.600632 
-61.320863 
-173.113035 
-199.976014 
137.345450 
373.147320 
-69.130387 
68.264564 
-191.276908 
83.371051 
-120.738165 
65.414050 
-299.620652 
225.869625 
-7.381089 
-314.931486 
47.822691 
15.198528 
67.972093 
333.200621 
-463.507924 
94.898568 
-166.288530 
-222.776939 
394.046037 
-98.782411 
-40.765065 
59.625297 
142.748931 
353.868883 
-416.929400 
62.589888 
-311.798567 
-114.701338 
600.893433 
-309.059594 
-192.117877 
-153.970318 
51.117289 
-311.894197 
146.806460 
168.241040 
-156.552257 
189.051543 
131.455094 
-70.948670 
103.107004 
368.378732 
187.051344 
499.002136 
-506.686708 
-43.494687 
-52.016938 
98.437506 
-26.044510 
261.505018 
-133.533133 
-493.562181 
97.457602 
-567.283879 
-16.417902 
236.642000 
-228.830027 
-243.198066 
-235.157872 
-279.191942 
55.609208 
451.502559 
-79.017231 
-16.370196 
-88.461277 
179.957955 
65.356390 
321.081472 
-191.470911 
89.247856 
-137.891169 
-98.737468 
-164.901178 
-138.908946 
-112.913931 
-321.396069 
61.179707 
124.190711 
14.955790 
-122.417791 
-93.983716 
123.260627 
-70.399796 
-117.454822 
149.651724 
-148.903608 
-23.483244 
178.377244 
712.753244 
-395.233398 
-51.882260 
-215.527882 
-148.732704 
-252.864526 
72.943867 
-738.048360 
106.673119 
-76.772942 
-74.237349 
-103.739019 
402.938127 
-305.961215 
1.125124 
-34.780799 
285.251718 
71.503574 
404.003204 
130.878775 
249.348158 
-189.815914 
309.062749 
47.733588 
368.958021 
-425.629850 
-248.938497 
-8.782531 
221.979050 
-407.828710 
2.876246 
117.612274 
-178.170149 
-443.547638 
-38.483679 
-148.604904 
109.262605 
-207.207787 
178.101769 
119.003490 
-7.786171 
-218.578597 
-360.686922 
309.002324 
-183.692849 
-231.063627 
-35.371204 
220.376426 
-219.192108 
499.002066 
-13.998168 
-181.408762 
-274.590193 
-488.850873 
-103.351337 
140.794897 
47.169416 
-171.992806 
433.482076 
-107.866710 
-70.812723 
297.176519 
377.916915 
-216.181974 
186.855712 
178.164297 
-104.226446 
158.586198 
145.248258 
52.471332 
245.226631 
-14.025757 
-154.001727 
-157.624204 
11.560089 
215.579647 
-86.456005 
-250.082985 
-189.497667 
-349.839744 
320.909356 
-136.141532 
97.073461 
84.404242 
-250.037168 
363.512306 
736.499023 
-681.995501 
260.643660 
19.066029 
-55.113768 
-294.133016 
340.050527 
-286.061001 
-205.395443 
285.251104 
107.126598 
281.408779 
-90.830992 
94.303436 
-355.996345 
308.999519 
-141.199831 
-78.707638 
12.009738 
-359.874148 
-154.070098 
285.250169 
155.085559 
8.347549 
-71.713057 
-251.416406 
107.599816 
183.458121 
-118.439625 
-16.503862 
-103.775656 
-142.752513 
-11.625861 
-158.584865 
-335.962863 
-40.248562 
-341.558520 
-209.011067 
159.081316 
-309.959023 
188.607576 
12.124286 
-80.718034 
-459.377008 
7.372743 
83.112663 
-5.660738 
-629.506398 
-44.127581 
169.408485 
-23.506937 
19.662033 
48.977276 
59.614179 
142.748091 
-88.870806 
-75.691816 
-115.415107 
190.251072 
47.749210 
93.029922 
-165.997029 
-233.497657 
242.963513 
239.644112 
66.472630 
142.745410 
-367.874380 
-11.629549 
-87.296497 
130.873871 
150.899979 
273.986509 
-151.172388 
-57.753304 
212.204350 
202.118558 
353.528166 
-305.710972 
-50.488160 
-486.264224 
77.111567 
-343.625625 
-139.912427 
-95.808375 
553.131629 
-28.961555 
196.915875 
119.001131 
-84.892062 
306.141153 
46.356673 
167.567335 
-294.874013 
-167.559951 
4.269125 
43.264000 
-52.391368 
-108.540480 
-132.597986 
40.746215 
23.998196 
-317.252373 
136.503696 
-218.359730 
-150.004279 
203.530728 
-105.703030 
186.271376 
84.085569 
75.348639 
-123.692016 
23.997379 
-110.542242 
-295.829361 
-11.623765 
-185.416328 
-538.361070 
35.874878 
47.752109 
-117.353628 
-212.511893 
-314.236802 
-122.605201 
22.441128 
-305.380249 
24.000950 
-236.917103 
-59.123899 
-165.631902 
-318.037851 
-95.480676 
88.541188 
-514.386264 
138.639617 
-358.738505 
-120.039917 
-20.939110 
-63.475205 
-244.716469 
-118.115157 
-151.188120 
22.582073 
-59.121869 
66.063729 
223.073791 
-361.635306 
-243.240642 
89.473482 
267.579231 
-59.123095 
285.252841 
-194.083438 
47.751962 
148.153195 
-104.260699 
-47.994615 
-136.961243 
-136.865178 
62.927263 
-11.625967 
-7.776851 
-159.125948 
-212.320450 
-291.446209 
-168.225199 
-99.764383 
-108.476008 
-90.439286 
-260.875817 
-304.281466 
7.963185 
-143.681870 
-272.768238 
13.918892 
-45.550626 
-19.853915 
-23.502745 
-44.502122 
111.324213 
-165.999137 
-52.460195 
-165.998684 
-261.841500 
23.669841 
415.874966 
93.914899 
-196.102574 
328.268147 
-150.003928 
-320.244855 
61.999845 
24.352302 
344.624256 
-268.568116 
269.882429 
13.369364 
344.756836 
158.794448 
418.836375 
220.406008 
1.208068 
-46.399300 
130.874082 
240.804420 
107.385576 
154.623124 
265.164713 
493.001673 
-270.856046 
16.655499 
-76.881387 
280.876660 
231.320896 
278.020477 
281.021474 
15.329967 
188.595323 
110.799079 
162.625346 
90.675119 
151.210036 
-286.074946 
249.623175 
346.525112 
249.507210 
16.033249 
270.442558 
48.408661 
675.505720 
403.013235 
184.753893 
-104.761090 
332.746715 
18.478729 
532.273996 
-38.174043 
160.117974 
-129.634231 
354.680746 
48.855107 
498.997584 
112.428436 
8.547918 
67.386243 
123.948936 
232.235179 
-33.912550 
-17.664005 
375.126592 
-64.474217 
332.535601 
-12.676804 
-313.529442 
374.785686 
-42.753368 
131.305023 
281.572691 
14.661360 
-44.027605 
369.123150 
1116.991346 
91.550628 
162.750985 
-13.734418 
137.919066 
246.383665 
-9.623615 
-99.878757 
18.912499 
12.459016 
-144.428348 
332.748022 
86.362384 
499.819244 
250.546672 
251.998482 
333.218802 
36.101765 
-322.443129 
344.624802 
-76.252959 
214.441252 
251.055392 
89.761779 
134.511071 
-257.964233 
55.258572 
-42.472087 
558.377237 
489.376137 
-423.879769 
-152.318565 
201.685245 
-97.448647 
130.872105 
396.144978 
-96.215142 
231.040479 
-259.209049 
-170.253290 
249.627760 
232.981845 
-135.612928 
186.046630 
463.361281 
19.787832 
12.125416 
1.326591 
522.754743 
90.359636 
77.778449 
-118.830987 
314.029337 
-335.784341 
182.982669 
-57.613744 
227.782760 
227.734816 
3.977272 
-135.410438 
-72.106682 
-577.321140 
-117.365098 
-35.822960 
14.621394 
162.792597 
-132.980092 
-165.205652 
325.049683 
-155.737530 
-197.682113 
-164.026291 
-132.196334 
120.197691 
105.089425 
291.798688 
75.388530 
-143.629856 
-19.011829 
-26.993872 
308.997870 
139.821665 
-340.774868 
-433.878215 
404.002566 
80.989964 
-24.494026 
271.411784 
-71.250794 
-52.140105 
19.559270 
-236.703252 
110.698994 
-207.162831 
-407.583874 
180.888499 
-30.859861 
-504.338243 
-35.378049 
208.058112 
130.981769 
297.342373 
-50.887020 
-74.723624 
94.826533 
59.179793 
-349.455267 
135.304268 
-96.951368 
-185.419564 
-147.620174 
232.034900 
50.789533 
-59.442693 
420.386477 
-102.372793 
-95.208866 
-131.643783 
510.872747 
33.475575 
593.998090 
-368.490319 
-138.210310 
-251.726250 
44.753652 
-86.050977 
285.246715 
-69.966895 
-860.905431 
-497.459321 
435.169447 
-45.021530 
487.555487 
-198.309933 
51.970557 
134.863201 
46.105205 
-182.336941 
522.748991 
-90.611424 
-164.419554 
-249.301080 
214.569727 
-220.424875 
-61.973654 
-105.287684 
276.916400 
74.623643 
-42.707641 
122.467491 
-96.552685 
-103.994451 
-355.478871 
183.785126 
207.090377 
186.902076 
20.165079 
-147.761654 
-277.381677 
339.426566 
-325.517351 
39.079129 
-182.530001 
-134.344084 
178.373483 
688.998867 
-485.698612 
-96.870508 
-114.183723 
-14.131898 
40.001714 
386.195975 
-636.486203 
113.946219 
-231.376738 
142.573730 
-61.473022 
189.167474 
-54.035639 
-8.514411 
29.043297 
237.749055 
-47.252115 
332.748823 
59.622741 
-161.192896 
-184.673723 
208.822017 
-169.283494 
129.050434 
-328.874145 
-272.892616 
10.390053 
450.371729 
-71.133985 
-16.004804 
-186.612374 
79.306962 
-226.299032 
140.418533 
-244.014100 
-50.030397 
-139.213281 
-61.661479 
71.499727 
-216.120288 
-283.289425 
-28.781879 
427.749160 
-12.139346 
-276.599731 
-35.377119 
-51.715498 
84.973751 
451.498601 
-102.670988 
-227.173862 
-141.008106 
-334.478887 
132.677687 
-135.267515 
79.669347 
-54.274364 
167.358100 
-49.118662 
86.520593 
-146.410740 
29.113938 
-365.672523 
25.650153 
82.980718 
-340.452511 
-206.957125 
-372.386667 
-48.758635 
-105.613462 
-18.810178 
-114.498159 
-105.717524 
-59.442733 
-17.043766 
191.497518 
-43.672208 
-328.614952 
-459.318454 
231.074612 
-211.268171 
-104.028482 
98.134025 
-63.626958 
52.077177 
783.997351 
-55.320626 
119.119841 
71.030626 
-90.643474 
90.739238 
211.503952 
-206.021752 
-211.469043 
285.249051 
154.624846 
53.577775 
-177.585103 
-393.138544 
-482.673318 
380.249147 
-241.600898 
-105.976481 
107.428412 
-135.539403 
-191.973367 
237.749837 
56.979478 
30.504889 
74.010046 
-223.222565 
169.468748 
-2.618838 
134.073436 
182.538944 
305.918691 
-28.796816 
12.126014 
-99.941469 
-211.273554 
65.241907 
-181.781487 
-94.661796 
290.134904 
-104.148651 
148.891940 
83.375729 
75.721861 
-456.010679 
3.339735 
-97.785654 
-144.418561 
-195.959262 
-26.027040 
122.679899 
0.246660 
8.893942 
-5.347824 
166.498421 
142.751933 
-55.872824 
-47.508024 
-205.775168 
261.494122 
83.370392 
177.945703 
-77.338413 
-333.662625 
46.086378 
200.421717 
12.731565 
261.502794 
-64.319981 
-59.126744 
89.295979 
89.853976 
-75.947021 
236.064602 
-155.631246 
-294.485457 
202.514755 
261.502801 
-170.980325 
66.466375 
-127.647867 
-506.174151 
-295.508426 
-32.594827 
-332.702613 
-91.123962 
-34.869573 
11.239902 
258.884059 
142.752408 
-333.902334 
-4.719452 
-136.373426 
108.122393 
-146.397179 
11.629613 
-270.861893 
-358.751144 
-136.547162 
144.546996 
78.338250 
125.825266 
12.127390 
-276.967425 
169.514416 
-78.610237 
-596.930447 
101.934708 
-312.040319 
-244.965779 
-55.093979 
-8.747119 
-363.220942 
-23.498386 
-315.149590 
-158.083229 
-59.122616 
-354.591651 
-272.680604 
12.125771 
35.875805 
-154.818709 
-330.631275 
-71.277659 
-6.497177 
-102.775854 
-274.604753 
95.249001 
-138.489410 
-82.876174 
-15.484882 
116.424304 
-176.530516 
-238.931270 
-282.294450 
-159.020800 
-263.137756 
-98.962408 
124.948331 
-122.029380 
41.604028 
-230.071769 
-126.536996 
106.792682 
-35.377420 
-222.059669 
91.044666 
-274.155305 
-101.773946 
222.546090 
63.032758 
35.871880 
142.747032 
-239.156913 
-35.377384 
-41.657000 
-323.852182 
-208.932427 
-80.997728 
-232.798864 
142.823271 
0.246945 
-54.966681 
53.535638 
-76.706442 
-397.981671 
-108.111038 
-210.345570 
-77.099286 
-216.940824 
31.821824 
-70.977400 
86.865599 
-98.020083 
-98.016271 
74.582184 
-164.754005 
-72.221816 
-23.499829 
-104.877255 
-183.529744 
-166.000306 
-30.162004 
-166.000354 
-342.380205 
-324.297032 
439.626551 
79.553504 
-197.113204 
247.452184 
92.577364 
-470.027759 
-242.001011 
264.846362 
688.998769 
69.322824 
251.551448 
-165.757441 
90.260423 
152.514950 
271.819106 
2.755289 
-321.256817 
212.677598 
71.496731 
-6.273918 
293.299580 
202.124549 
248.061878 
177.176513 
-383.066309 
-127.048745 
295.098787 
462.263981 
244.066082 
-460.576736 
59.467452 
89.632307 
6.277795 
373.253782 
-360.464660 
136.481061 
-236.703394 
-215.089030 
641.497716 
596.621671 
-265.521014 
-170.673827 
107.739511 
289.430763 
777.410107 
113.268102 
-512.834567 
-50.237599 
35.874222 
276.471064 
-54.032602 
-46.024702 
-106.264066 
-33.150376 
-169.703196 
311.458336 
368.374579 
261.661987 
-207.274104 
274.969904 
-275.974387 
153.606351 
-220.918929 
218.508522 
255.498653 
32.802909 
-4.643539 
-72.224940 
250.980216 
557.650849 
203.441974 
65.229649 
16.012431 
-177.120432 
-167.856926 
430.356860 
446.007087 
-61.418306 
-85.031592 
214.917764 
356.150400 
365.914434 
4.973756 
49.494903 
-82.308888 
402.311516 
96.757495 
249.632516 
261.704445 
40.802524 
-288.474233 
518.006388 
167.536207 
160.937899 
-6.853353 
332.756879 
-117.260129 
152.701993 
167.965844 
146.226865 
-500.041951 
-185.858243 
90.811971 
63.104757 
1045.254342 
251.177558 
-370.813531 
30.517438 
24.341399 
-195.813172 
202.114985 
-105.544863 
-90.204351 
8.256869 
-140.895173 
133.984622 
261.496905 
-101.155802 
-491.161688 
-369.617701 
-85.556033 
56.930419 
344.635502 
251.875327 
12.127920 
-46.824429 
175.343428 
-249.291060 
358.888583 
-337.116924 
-91.887599 
-149.514040 
-19.633237 
375.867202 
-87.052718 
-143.723431 
-413.466788 
-123.622023 
-87.660057 
-103.426155 
45.511624 
-623.195071 
-176.224450 
-127.772899 
296.654344 
-199.585208 
-418.740427 
-182.506212 
-370.162075 
315.921578 
231.033894 
-121.616890 
-26.339678 
-232.618777 
87.064953 
47.523376 
12.128596 
-95.706096 
-57.075399 
-87.581607 
617.751832 
-280.145832 
-515.831067 
-26.290040 
372.640679 
16.319172 
388.263596 
-445.954326 
-51.711469 
-19.955734 
-198.305500 
71.053080 
-16.636011 
-451.134864 
107.131650 
368.381996 
441.256378 
-26.151926 
-141.741054 
-299.082624 
16.293412 
57.396146 
37.035825 
150.097662 
99.650516 
268.050858 
5.826020 
249.929454 
-70.163082 
3.046097 
-54.365756 
22.265489 
471.271799 
-8.152191 
665.248788 
313.757584 
344.629697 
-443.347092 
-150.490354 
-236.687900 
-195.669235 
-150.037331 
368.376428 
131.052713 
-93.759827 
-73.055135 
-158.020828 
-10.292900 
148.425137 
-28.448221 
196.308593 
122.757771 
-381.787672 
83.139662 
285.243700 
276.229698 
348.580093 
-363.229034 
-307.472304 
44.648960 
110.243617 
230.375857 
-119.045905 
-159.675463 
-235.898520 
-61.424424 
119.485913 
225.375832 
136.296683 
80.053870 
244.263723 
15.732389 
-133.125281 
-47.135623 
-40.911035 
-268.093473 
82.039739 
81.397718 
-119.658847 
-109.025678 
902.751869 
344.623774 
-435.131972 
-227.087080 
-90.655352 
50.634197 
434.924508 
98.107642 
-414.433250 
-45.033029 
202.237180 
-94.819914 
-39.561174 
297.742897 
100.894111 
-212.654571 
-126.440925 
-11.621392 
35.877741 
202.129277 
570.256586 
-130.875765 
-124.577562 
267.121203 
-210.681227 
171.370350 
5.638276 
-90.696346 
35.187452 
251.960671 
-388.309369 
13.658313 
76.078096 
79.529598 
-344.810539 
-51.404221 
-161.863601 
-52.016621 
-14.582014 
80.764502 
71.502938 
-110.033476 
-274.076208 
-251.127464 
35.876738 
-64.089491 
-1070.358065 
154.626155 
560.753383 
133.236599 
475.251728 
-39.337296 
-396.244757 
85.095586 
-624.670640 
31.709633 
-34.953177 
258.406402 
45.451543 
54.290808 
-205.065962 
221.781232 
-371.552869 
174.383694 
-48.369969 
-98.880446 
122.847259 
36.793009 
-136.458762 
323.566365 
254.022371 
-162.907445 
-166.752301 
-77.883910 
-68.105576 
255.023750 
361.117363 
-114.506913 
-124.824753 
153.082495 
-190.472563 
156.962072 
-55.041199 
92.202364 
43.926620 
104.195620 
395.339492 
309.002738 
-96.895112 
-215.240983 
-91.057251 
23.857728 
169.210801 
368.502949 
-13.075303 
14.628880 
178.378375 
214.003658 
-35.176301 
68.201871 
45.803131 
404.000116 
142.751426 
287.980729 
-145.230411 
-30.425260 
65.807495 
-102.247782 
-106.622896 
103.943211 
-311.746779 
58.509930 
310.320620 
164.773865 
76.477360 
-167.527990 
-412.490509 
98.842918 
-46.548134 
356.503242 
296.396556 
-531.154821 
174.407192 
153.156329 
-67.909208 
191.126953 
-320.625920 
88.852544 
237.749635 
-156.361638 
-50.515465 
-151.646769 
-155.003572 
-26.911747 
-428.210555 
-248.952840 
-57.694356 
12.128905 
-4.255607 
195.679267 
237.742851 
-47.249875 
-163.912898 
6.801475 
-180.312675 
119.001540 
35.872355 
87.832561 
-356.003176 
6.403125 
70.430219 
-30.179694 
134.204098 
-35.379642 
-186.781162 
190.250662 
375.144751 
-147.448915 
41.271736 
18.023726 
-69.094586 
-249.310667 
241.231828 
-545.993469 
108.351872 
-165.976357 
113.007874 
-95.138875 
111.195190 
15.907021 
146.588437 
-61.062998 
939.480276 
-178.708791 
296.975000 
-35.369951 
-81.704586 
-189.450959 
173.859423 
-18.035134 
-49.816290 
-27.814976 
51.608796 
-209.099891 
-43.699791 
-208.137181 
81.290555 
36.939504 
23.997901 
-209.269156 
27.369540 
18.688092 
162.746617 
93.632214 
-160.024908 
-355.087629 
-187.524186 
-8.813983 
14.380529 
12.127803 
25.286805 
-264.769494 
47.746910 
-212.209440 
201.312081 
59.623440 
71.499737 
-128.474502 
-390.474533 
-116.875431 
62.400840 
-178.000287 
-251.983392 
23.998842 
-136.952111 
23.999191 
-90.656861 
138.998930 
-66.531138 
-45.074497 
-415.403332 
-276.813085 
-269.378165 
146.991833 
93.835993 
-120.641400 
106.298775 
-301.906135 
-22.993103 
-190.062376 
12.126512 
-133.652761 
77.670416 
-258.045089 
-13.922368 
-42.494641 
-31.629191 
190.251694 
35.875404 
-600.846474 
47.750174 
-353.178004 
-135.287351 
-418.464499 
-57.155513 
-256.661372 
-97.380844 
0.254575 
104.972026 
-245.698250 
-73.569019 
-144.769241 
-131.853102 
-98.940259 
-69.327141 
-219.702580 
-160.241660 
-86.881150 
-218.790652 
-81.287416 
-244.266405 
244.074032 
-419.828676 
18.536956 
-165.989491 
-184.670441 
-137.234201 
-165.995422 
-60.868085 
-165.992793 
-478.335933 
-138.334078 
368.375691 
196.611931 
-56.625688 
400.645523 
-89.419219 
-315.574870 
-191.333788 
-95.179223 
617.750598 
-486.745567 
258.417061 
117.059273 
-45.876320 
62.721254 
681.460109 
196.275766 
-270.573450 
108.540649 
142.750318 
-101.889100 
416.491206 
225.874592 
92.801221 
132.999481 
-399.672363 
-52.674264 
900.291647 
537.010569 
160.390206 
-320.875449 
-21.223209 
-10.345434 
39.418730 
15.629209 
-407.168553 
191.812755 
46.990830 
-225.955851 
641.503427 
571.007060 
18.337258 
102.767503 
77.045019 
261.976154 
682.847668 
68.948840 
-346.311059 
-369.522366 
83.378321 
-73.218364 
24.860395 
-161.598466 
3.236629 
81.148514 
-81.180173 
261.486778 
249.626443 
96.581438 
-316.587610 
-36.964120 
-462.706984 
-78.783424 
-175.302401 
53.470008 
35.001581 
-275.567213 
-52.454343 
-290.740167 
706.671081 
297.430262 
-3.174985 
-69.444098 
-249.525840 
-139.356085 
82.270851 
315.374319 
-203.748735 
-205.537824 
-38.798146 
-181.701913 
49.994718 
28.174717 
-79.365056 
-476.878825 
-287.785790 
-132.128231 
-75.401533 
415.875005 
-128.208714 
20.239332 
-94.931261 
264.664284 
307.981956 
-12.755721 
130.320341 
249.622261 
-19.633430 
-205.520006 
-79.446942 
-334.375771 
-113.592670 
-146.987277 
264.260574 
-63.215936 
522.749782 
114.748987 
-433.043905 
91.705886 
10.468541 
-153.315890 
451.496079 
-138.788495 
16.355267 
205.649370 
-155.698441 
12.553161 
-35.378113 
353.240306 
-151.374657 
58.245954 
8.583666 
46.640299 
665.251852 
-395.623622 
130.877430 
-53.266070 
265.976917 
-6.773461 
321.762931 
176.439065 
57.936419 
-30.985167 
120.161672 
176.170899 
-68.419411 
-273.739854 
77.168310 
-177.298872 
-36.359614 
162.367943 
122.612955 
-603.893424 
65.457483 
-223.883263 
197.363625 
-125.582203 
-306.344321 
179.138916 
-122.552372 
695.895631 
-34.244999 
8.260112 
-79.709228 
-119.226105 
297.042924 
47.362858 
344.625707 
95.209288 
-75.862981 
-81.735418 
249.624640 
-77.929903 
-199.940746 
221.268761 
347.768957 
59.606978 
302.716720 
258.460360 
-277.994760 
-77.455605 
40.163634 
-26.033516 
139.331821 
-583.671922 
344.627056 
504.940320 
-5.508409 
-267.140790 
-214.681486 
-98.728172 
-150.433159 
120.227863 
-255.447833 
-154.210394 
-57.151410 
98.285490 
68.123182 
-131.318991 
31.651750 
-7.371568 
13.955656 
225.200914 
462.847851 
-91.140386 
344.626152 
307.623442 
451.501970 
-445.733612 
-297.900196 
-274.929997 
-15.817676 
157.063466 
499.000207 
297.240999 
-804.042079 
-312.881290 
57.733425 
125.555159 
-50.866189 
-36.129729 
-176.857288 
189.106085 
-73.103472 
-143.476751 
202.125879 
379.202227 
478.417581 
-378.442615 
-142.752824 
24.164692 
254.268548 
235.668159 
-36.319079 
-102.816521 
-253.796760 
195.997330 
182.722704 
10.498322 
182.874249 
44.195377 
-6.536090 
-83.400343 
89.509527 
-141.888700 
66.931851 
-204.775693 
-237.194365 
180.101119 
-140.184153 
-154.981575 
308.999860 
297.124742 
-127.897497 
-293.887725 
206.691164 
-372.983403 
-135.858753 
-285.929218 
-294.500000 
128.656334 
186.445378 
187.927885 
-149.837818 
268.352721 
658.157438 
232.827856 
-247.945803 
-11.623800 
214.000271 
475.251597 
225.875799 
-12.118899 
-187.973874 
424.277387 
134.362639 
39.935435 
-215.505863 
-59.192921 
35.196560 
303.102279 
-185.339350 
-335.276420 
53.287737 
-223.978193 
-337.277079 
-133.865643 
-192.220120 
141.085313 
-71.869841 
-475.768210 
35.876451 
173.656759 
-38.733607 
-274.569203 
178.376250 
-104.426390 
-426.605442 
617.750509 
209.101435 
83.547483 
451.501036 
24.000640 
-228.416562 
-142.834207 
233.300218 
-284.068500 
6.109908 
113.003811 
-149.381643 
-133.651996 
-418.031165 
-251.515504 
-111.469939 
-304.310968 
-40.611608 
-65.311092 
78.237581 
250.447435 
341.068814 
93.487566 
-182.326311 
96.897955 
79.006349 
-150.013401 
-259.091719 
108.470638 
271.148506 
248.055314 
54.157693 
-232.339782 
-145.467265 
209.103349 
-16.670078 
-38.388563 
116.958944 
59.608530 
77.092866 
0.249204 
-123.545011 
-49.175109 
149.500719 
208.687103 
140.986271 
179.897565 
-144.527933 
-97.002557 
190.249580 
12.123392 
-135.085834 
156.993012 
-9.812597 
-153.336484 
59.624328 
370.313694 
-0.428502 
188.902197 
-35.543365 
56.542868 
285.247906 
-126.717063 
-184.599946 
-216.475288 
218.869541 
37.019183 
103.003034 
231.388247 
-11.673926 
240.299284 
241.663424 
-82.876558 
-495.533224 
-531.155793 
144.045357 
-16.871056 
-300.714174 
117.310788 
-332.529927 
-124.799961 
-11.626005 
-306.741559 
-102.056499 
146.441691 
-89.578711 
-69.583553 
-605.795513 
-77.361614 
-182.302882 
119.000439 
74.189242 
-49.465379 
-47.247856 
-82.875456 
91.941011 
-99.674876 
-74.929308 
12.124884 
35.875645 
-123.133494 
49.332867 
-72.600547 
-55.079555 
0.527590 
-97.767368 
107.123644 
-182.329328 
142.751068 
193.196319 
-136.285986 
-185.554644 
38.754657 
-95.551918 
-233.230051 
211.174561 
392.126785 
17.689956 
52.173397 
-154.195664 
-187.743033 
-79.061384 
-34.044771 
-307.399044 
-51.571328 
957.023601 
-172.602965 
232.324332 
0.251296 
-253.761725 
-16.245979 
-205.982298 
83.654799 
-289.745630 
39.389073 
-235.887800 
-238.683559 
-51.460668 
61.927751 
-96.843912 
54.249936 
-47.250276 
-40.908032 
43.467537 
21.224653 
225.641714 
-72.328092 
-212.244075 
-266.627585 
-208.995612 
253.267663 
-91.162369 
-59.125553 
60.227973 
-210.197042 
-35.374410 
-156.674436 
-180.919993 
-23.498870 
-47.249831 
-412.340825 
-335.256850 
167.873880 
102.440535 
-43.588464 
-209.815517 
-70.999708 
9.748382 
-82.874983 
-166.504807 
-13.900054 
-132.047029 
-207.487503 
-127.841021 
78.391526 
-171.205129 
-61.929261 
-47.164889 
-232.174144 
-155.862186 
-173.546228 
-136.440179 
-22.689672 
118.999822 
-200.060966 
-293.009241 
-189.021060 
-125.630857 
-171.946235 
-3.245212 
12.125252 
12.124968 
-455.716967 
23.999790 
155.350416 
-167.634708 
-166.602110 
-276.937256 
-203.534953 
-59.745044 
-166.000525 
43.753133 
46.115911 
-247.375866 
-249.705241 
-23.499528 
-97.602758 
154.359555 
-100.207736 
-255.732018 
-171.090281 
59.861407 
13.560984 
-183.848314 
-59.686043 
-308.174143 
111.937563 
-166.000616 
55.599637 
196.435428 
-166.000854 
11.048489 
-165.998868 
-269.630816 
-9.179095 
534.626991 
-416.645865 
-386.857110 
390.867243 
-38.927480 
-222.856659 
137.999772 
-33.958271 
190.254541 
-298.064142 
97.251356 
156.652509 
1.430350 
229.266876 
419.915410 
329.073283 
-130.325522 
281.727903 
71.501114 
403.765606 
210.223379 
404.002952 
503.567045 
139.448493 
-601.152808 
-125.330019 
172.535402 
335.254561 
159.042975 
189.780016 
-78.144826 
-1.711898 
129.605759 
-39.772316 
-234.474619 
46.108068 
67.892588 
88.183620 
297.126745 
296.412391 
193.847401 
144.277841 
35.240853 
290.065873 
540.592590 
227.154145 
17.987248 
72.177243 
665.247948 
14.917916 
635.600968 
-47.809461 
95.216581 
-110.336611 
499.403137 
-342.564378 
475.251336 
94.785912 
-132.263932 
-50.025915 
-103.085967 
-84.364522 
104.110098 
-93.727790 
207.388198 
-338.946116 
-287.726753 
-166.154603 
230.674870 
132.346846 
-28.619978 
-241.770900 
-219.478235 
-16.226918 
156.943443 
684.208046 
941.044556 
-277.324762 
12.477870 
69.430968 
164.324123 
-85.392989 
52.487843 
-316.744168 
-303.293677 
-60.496632 
-31.116335 
439.623732 
4.087313 
24.654553 
-116.585434 
340.664025 
338.963363 
-188.895157 
-41.953833 
320.869661 
-217.622856 
-149.035783 
552.412143 
-43.501473 
17.421416 
383.281505 
63.648391 
120.691677 
546.499809 
178.496866 
-251.991248 
344.222044 
15.950836 
-40.539903 
783.999123 
233.659864 
-136.992616 
35.255064 
-26.997636 
268.733219 
154.621578 
469.245735 
-248.345199 
-170.249648 
105.955865 
111.171617 
641.502111 
-65.283943 
249.629200 
109.706327 
427.533555 
173.328740 
319.955805 
166.062606 
172.689576 
27.099650 
70.275805 
105.262569 
-40.948753 
-146.300164 
-114.626624 
-190.884477 
-356.821568 
-37.436969 
228.714453 
-179.365443 
8.035483 
-230.318328 
202.615643 
-329.426662 
-329.705039 
-50.389347 
168.304510 
210.371192 
-121.550726 
216.138871 
44.977389 
154.848327 
176.638617 
446.579754 
297.124184 
58.179535 
105.195241 
52.566166 
154.623142 
-346.330965 
-337.790003 
254.102068 
-236.808470 
108.252114 
177.652848 
31.715600 
-286.263607 
-207.169979 
-97.974652 
-13.042792 
414.535736 
-267.431141 
285.249385 
225.867362 
93.638806 
343.430931 
-138.569251 
441.896225 
-230.792461 
309.508714 
-268.824055 
12.467641 
-266.694991 
-153.398829 
-37.576302 
-67.061558 
118.443388 
59.498774 
254.144514 
342.189353 
94.218157 
492.685199 
427.750423 
304.133007 
190.249480 
-531.958145 
-326.164470 
83.257105 
-176.443832 
453.129245 
380.250074 
17.529813 
-717.476266 
220.274653 
-318.026399 
170.251655 
269.251080 
-295.984131 
-404.359609 
67.689595 
-180.867088 
-51.861881 
392.125320 
237.873991 
-501.665371 
24.409947 
286.616478 
-150.583723 
310.770166 
39.845093 
-14.598201 
-359.639682 
-35.698761 
-65.923976 
-39.718675 
131.327701 
-188.501548 
-39.898729 
-159.933319 
76.972847 
163.909726 
-15.652774 
49.020167 
-310.999976 
-296.502220 
180.204418 
232.076259 
-64.010723 
344.624791 
665.249373 
-323.780105 
-209.432609 
-62.462603 
-152.439615 
-6.583407 
178.745192 
-708.205069 
93.395151 
-80.291698 
-3.926604 
-49.041447 
140.683059 
502.087565 
208.782803 
-108.863763 
285.247612 
225.874678 
237.747257 
202.126056 
372.996443 
107.494015 
550.173950 
260.766064 
47.595757 
-480.103898 
-268.919248 
136.161529 
238.399390 
-381.924392 
-92.175107 
-227.110309 
-165.084507 
-320.678320 
1.121608 
-103.575937 
144.153158 
-272.047055 
-428.810470 
309.000499 
143.895752 
220.666574 
-364.538276 
641.501819 
-254.650704 
-100.675895 
285.251913 
102.316389 
-181.687573 
178.376992 
252.008732 
-456.215770 
-327.715183 
-228.352246 
-605.222724 
-92.166829 
-33.932278 
-338.658043 
-75.394255 
-208.231130 
-182.343087 
-74.731073 
-78.039536 
-393.854997 
-25.659563 
252.852304 
17.132497 
-52.044622 
-136.921242 
8.779969 
55.943637 
69.021133 
-224.333314 
-231.045451 
-19.185680 
-34.037296 
112.770046 
-140.099801 
-101.326335 
-279.334401 
53.818288 
-321.367805 
-244.099808 
390.890613 
15.907331 
-1.119593 
-11.625720 
-171.449652 
6.022882 
25.657662 
260.164954 
-113.184786 
12.694537 
-123.931282 
-66.793487 
-23.500600 
-11.627869 
222.428365 
48.524223 
-37.652478 
-305.333991 
285.246045 
58.837030 
115.559565 
50.069521 
-484.060055 
-453.309207 
-11.630394 
105.798640 
-89.460283 
-322.837249 
156.984969 
-161.065628 
45.685153 
106.550823 
-13.182494 
188.323156 
101.208082 
118.998324 
-688.510159 
207.313402 
105.768996 
-84.550397 
-185.672940 
161.938124 
-328.979280 
131.231629 
-11.624508 
-271.376708 
-568.825842 
17.124210 
-237.881731 
-335.725902 
-685.166063 
-50.685719 
-290.896652 
166.498863 
-35.563780 
-235.610646 
12.127106 
237.749493 
61.463822 
-31.428020 
-56.395941 
-11.632838 
-11.625688 
201.260874 
-254.669116 
27.176567 
-195.208571 
178.715558 
27.757345 
118.998862 
-8.657475 
-59.125120 
-180.188447 
-32.646972 
126.712231 
-108.635221 
32.500900 
-532.780777 
12.688505 
297.120521 
67.119833 
-70.237668 
-224.703969 
-161.860498 
-211.765791 
-47.412899 
17.540722 
-46.751195 
630.269686 
-246.633877 
82.192425 
-130.376931 
-51.107811 
460.945167 
68.008908 
232.700022 
-252.441894 
-9.584066 
-26.219378 
-321.800180 
-87.520932 
-155.675249 
10.361160 
-9.707562 
12.123688 
-422.254089 
87.857588 
16.100719 
-657.607410 
-218.512283 
-262.691237 
-181.843048 
-61.772458 
104.764517 
-343.336698 
35.873079 
-95.560423 
-316.300022 
47.749107 
37.589398 
-115.326283 
35.874178 
59.623209 
-25.991379 
-257.987486 
165.070124 
92.373646 
168.406922 
-135.906228 
59.621936 
65.507430 
190.250120 
-156.451084 
-178.073338 
-20.099407 
-370.856500 
-387.009320 
1.842256 
-126.119044 
-137.787410 
-108.420601 
-85.773101 
-253.721586 
-56.058606 
-192.765915 
7.791170 
12.124374 
-124.175830 
41.817243 
-151.844845 
-219.911766 
5.328265 
163.749813 
23.998530 
-35.372479 
-141.598090 
-23.497258 
226.892524 
132.018298 
-119.470748 
-77.999618 
-151.246136 
260.566514 
-165.998020 
11.069087 
-156.963694 
-182.976202 
-584.071026 
-165.997518 
-168.424799 
199.767021 
-200.712768 
-391.398762 
-327.326301 
55.524368 
-58.595658 
-226.531864 
-231.622299 
-5.375275 
-24.077849 
-165.994468 
261.916359 
-45.347111 
-165.997602 
103.093108 
-165.997627 
-439.238142 
3.847717 
570.248828 
-144.465188 
74.016059 
-139.599326 
-236.160135 
-397.589132 
36.665341 
456.626714 
130.874041 
-25.029052 
-356.563741 
-287.652933 
306.079320 
-113.188977 
-76.081105 
-84.383624 
-539.239960 
143.501607 
-59.125325 
168.493152 
225.461029 
178.375256 
404.285057 
321.117040 
-697.965434 
375.014183 
507.168106 
281.488152 
93.181539 
-63.512209 
-154.716992 
-72.673050 
115.946670 
-147.005428 
-10.528743 
204.809019 
18.403766 
176.978483 
499.000995 
237.283895 
-106.868926 
94.662685 
182.996942 
91.996846 
382.960046 
-228.588808 
-92.826907 
-108.857289 
285.250293 
-209.271328 
328.466464 
144.874568 
187.023728 
-404.984010 
325.734046 
-147.187860 
225.875800 
252.042282 
104.060055 
232.475595 
13.255789 
199.423072 
272.626807 
42.564726 
482.596868 
-304.003143 
85.690786 
121.847915 
7.601052 
107.729023 
12.865333 
-137.978288 
-85.373673 
96.904890 
10.727513 
386.533041 
660.794749 
41.593106 
90.881646 
193.693235 
227.757879 
82.687021 
-66.921248 
103.299667 
-84.927242 
-112.968290 
-134.055830 
926.499317 
152.223789 
-49.236346 
-94.655139 
-1.333705 
366.681572 
6.718084 
-51.945726 
570.249553 
-52.407810 
23.378472 
41.270494 
73.339031 
123.628025 
-8.707632 
113.518670 
162.056942 
332.749547 
139.774223 
-128.214173 
-49.315326 
62.877683 
-77.946921 
178.374263 
31.689866 
303.972890 
45.157424 
398.834618 
-10.085267 
415.876784 
297.618728 
-93.431809 
-206.528090 
153.448442 
-24.771295 
59.627410 
-96.752067 
392.124885 
368.903586 
116.479803 
10.285842 
415.087939 
-30.636638 
268.151549 
-104.746603 
-372.123362 
-373.798893 
-263.610675 
-110.831738 
-13.541389 
-562.370321 
119.772099 
175.883614 
338.678109 
90.055489 
-35.409231 
-46.851139 
58.587176 
-410.858068 
-238.375580 
-239.289750 
-77.208048 
-264.018863 
-36.547582 
172.189072 
-188.579967 
-182.712630 
77.319770 
207.330636 
297.125223 
-113.999394 
237.770391 
-400.231601 
225.875526 
6.230197 
-388.291564 
243.865181 
34.873810 
72.075776 
-21.971465 
-83.598544 
-369.473972 
187.495007 
-30.263156 
-194.714055 
24.128862 
-257.113404 
297.125642 
374.312974 
97.277477 
236.890994 
9.051635 
65.209211 
236.048015 
4.945724 
-472.936429 
-117.179277 
-360.755357 
60.574575 
-295.964911 
-94.953365 
-381.884931 
-74.044636 
163.341464 
544.490013 
146.666868 
38.001297 
499.000771 
167.965824 
190.250097 
44.504210 
-103.610916 
23.513142 
-243.090841 
128.579696 
332.750596 
75.429011 
-427.133603 
116.843140 
142.038687 
311.174983 
27.839315 
-164.477315 
-3.308444 
79.706276 
-190.364258 
-55.080476 
320.875616 
58.103876 
-153.332160 
-171.971075 
217.653041 
-164.869313 
95.000167 
239.583985 
173.330801 
-145.044817 
-202.696618 
45.568052 
134.286977 
208.203533 
-45.370464 
-455.438163 
-190.463614 
-13.442121 
198.925049 
192.126225 
-1.174068 
-25.383222 
-143.094102 
105.687872 
186.520967 
57.288206 
368.374541 
593.999299 
-431.988949 
38.627071 
47.354535 
-193.688322 
269.059401 
43.543368 
-558.424910 
66.054904 
-362.139338 
-214.390111 
-233.644081 
203.980226 
28.357683 
238.661656 
-306.467415 
308.999986 
225.874928 
237.749426 
225.874489 
145.690032 
-43.196814 
107.297601 
10.826886 
-47.573528 
-251.771648 
65.949335 
44.875089 
388.442084 
-571.765015 
-211.472421 
-32.373701 
-53.559179 
-573.588095 
-134.991019 
55.521120 
-3.841254 
-124.387565 
-390.244383 
332.749777 
-82.930894 
61.085212 
38.878095 
451.499930 
-42.002784 
-273.054240 
297.125091 
52.894107 
135.020794 
130.874703 
176.000207 
-108.092569 
-225.675480 
173.921167 
-152.373682 
285.777966 
151.582364 
-89.716569 
3.621805 
-192.950988 
-97.360802 
-127.385274 
-265.095197 
68.818323 
35.351684 
67.334280 
31.871162 
-516.544310 
-125.710082 
-42.730782 
156.084040 
-106.319343 
-167.163283 
-126.773774 
-256.798248 
-6.307872 
-159.213075 
-53.613201 
88.003614 
-435.191468 
-85.366054 
-185.234749 
175.388003 
220.326513 
181.012295 
-28.075579 
12.124776 
-62.957696 
-46.435462 
130.607142 
304.238261 
28.665601 
113.454757 
-115.448309 
-184.387144 
0.249738 
-11.625148 
-0.975278 
-70.647396 
-177.529793 
-178.665494 
190.249685 
66.993266 
59.281699 
56.248125 
-63.148503 
95.319029 
12.125218 
16.076509 
-112.166406 
-2.212029 
6.338648 
-75.631786 
-49.532539 
35.851574 
-217.901592 
49.612423 
121.553342 
118.999938 
-13.850839 
-231.312429 
337.948578 
75.336286 
-294.002538 
-45.475662 
-326.345487 
27.481052 
-11.625868 
-238.226264 
-246.162503 
-67.455699 
-305.403971 
25.539151 
32.969967 
-85.889889 
-177.110639 
118.999967 
61.998152 
-24.512602 
-11.623722 
237.749117 
-46.964156 
-16.835703 
-118.186657 
-59.125062 
-35.376134 
335.348292 
-140.666897 
26.689728 
-90.433599 
56.392402 
36.617914 
23.999471 
42.554636 
-82.874246 
-179.560434 
-13.766397 
-63.069450 
205.697640 
59.188574 
-231.668270 
-92.248088 
154.623750 
175.154238 
-20.784949 
-190.452898 
82.889286 
-234.102748 
107.587405 
99.192412 
31.154432 
57.071630 
-113.887665 
199.031206 
-59.124913 
57.714174 
38.021985 
-154.682074 
65.664781 
-312.396456 
254.937634 
60.981613 
-114.574825 
-157.522253 
-140.526793 
165.952022 
-14.791903 
0.249686 
-280.329769 
96.791476 
139.379015 
-667.995432 
-46.273651 
-147.478059 
-104.730328 
-167.208511 
138.508292 
91.047159 
-59.124736 
149.423881 
106.899979 
-59.124515 
-268.647286 
-262.865365 
-47.249789 
-47.249708 
-279.192067 
-331.381127 
46.666839 
-78.458895 
-25.876087 
-121.216162 
-82.875052 
-191.769246 
47.750417 
-19.572691 
-105.304515 
46.709939 
-457.837479 
-144.623712 
-119.140058 
-129.337473 
-163.341792 
88.107556 
-215.967858 
-274.613548 
25.049476 
-11.240300 
-48.075355 
-47.250074 
104.691207 
-125.492818 
-255.903047 
-18.467354 
-51.145315 
206.555290 
-59.124907 
12.124753 
-264.033579 
23.999840 
-247.536200 
-102.546039 
261.289425 
-194.315580 
-265.371356 
-309.524029 
-166.000127 
0.981679 
247.476907 
-188.524328 
-387.103158 
-166.000553 
-57.806544 
-359.983819 
-322.829987 
-29.708495 
-9.653493 
-80.785170 
-194.317581 
-349.420996 
-82.017781 
-138.113068 
-94.109921 
-166.000756 
113.068128 
-163.534760 
-166.000585 
-134.640388 
-166.000454 
-362.234752 
-144.230674 
-154.125000 
-160.830417 
-169.510876 
-160.592382 
-170.940323 
-168.085467 
-166.000001 
-164.995459 
-154.124999 
-167.992446 
-164.590859 
-162.447469 
-170.584427 
-158.866576 
-167.910966 
-167.487589 
-167.732907 
-167.405079 
-166.000000 
-169.396136 
-163.857198 
-166.000000 
-163.986640 
-175.835959 
-159.245017 
-161.118768 
-170.581483 
-162.538643 
-160.401120 
-164.515836 
-163.994656 
-168.196007 
-168.394129 
-168.585442 
-172.948072 
-172.198370 
-157.600842 
-166.820232 
-165.999999 
-175.100814 
-162.969276 
-170.951227 
-171.910185 
-159.486182 
-153.752321 
-171.135933 
-157.467986 
-161.455570 
-154.125000 
-168.067756 
-171.369625 
-165.759707 
-163.735703 
-177.132812 
-155.235183 
-165.033999 
-166.000001 
-167.481150 
-159.448829 
-164.045794 
-168.008877 
-166.726903 
-167.411222 
-167.935107 
-164.060103 
-169.515919 
-160.942512 
-169.497100 
-168.110805 
-163.456822 
-162.672898 
-159.492447 
-165.764074 
-162.826673 
-156.997001 
-167.346125 
-167.533855 
-163.528852 
-163.941243 
-164.689284 
-165.242046 
-169.162338 
-164.590859 
-168.651090 
-175.003752 
-165.144172 
-160.998392 
-166.000000 
-171.456405 
-160.068400 
-161.185063 
-166.000000 
-167.374489 
-159.227504 
-163.091193 
-166.000000 
-164.682739 
-165.583911 
-161.861709 
-167.852584 
-168.384230 
-164.381023 
-159.373949 
-162.713180 
-154.125000 
-161.913473 
-160.139327 
-160.737859 
-166.683963 
-168.006063 
-166.000000 
-168.883814 
-163.507297 
-159.685876 
-164.640838 
-170.741394 
-166.000000 
-164.019273 
-169.417386 
-168.830173 
-164.608354 
-162.475286 
-166.000000 
-166.046260 
-166.000000 
-167.321069 
-160.225830 
-166.941758 
-162.132973 
-162.456524 
-169.137255 
-165.273169 
-170.168063 
-166.772400 
-167.304669 
-159.984829 
-164.069501 
-174.024892 
-163.481391 
-167.628111 
-166.199352 
-177.132812 
-171.015382 
-164.522241 
-163.095876 
-171.214665 
-171.030340 
-163.598563 
-163.706504 
-166.401275 
-164.208469 
-158.250778 
-166.492402 
-162.816123 
-164.571872 
-164.348301 
-154.125000 
-164.738007 
-163.008095 
-166.578033 
-166.000000 
-157.935390 
-168.936301 
-157.352490 
-159.194641 
-164.119315 
-165.101556 
-171.475078 
-160.717350 
-168.271863 
-167.183186 
-160.332833 
-162.307599 
-161.837474 
-166.000000 
-160.062500 
-168.172927 
-168.883814 
-161.103422 
-164.320389 
-156.350654 
-169.884626 
-168.476825 
-165.566654 
-167.426265 
-171.780166 
-164.697724 
-169.235261 
-166.866425 
-172.776797 
-165.154809 
-160.812585 
-166.582825 
-164.217016 
-166.000000 
-168.804910 
-166.000000 
-161.203268 
-167.088351 
-173.848036 
-162.870769 
-161.855820 
-166.000000 
-164.510679 
-165.314291 
-170.602913 
-162.227578 
-163.690000 
-164.353283 
-168.229146 
-164.477051 
-161.554942 
-175.262701 
-164.988492 
-154.125000 
-159.431614 
-166.000000 
-164.617922 
-160.282861 
-168.008877 
-168.894862 
-167.027554 
-167.409804 
-161.828454 
-160.010945 
-165.373649 
-164.168866 
-167.059286 
-168.456664 
-175.758293 
-167.396239 
-164.776968 
-161.702100 
-166.849559 
-164.533770 
-161.251540 
-163.829398 
-157.244158 
-167.786969 
-161.920213 
-154.124999 
-166.000000 
-169.456805 
-161.554133 
-156.378171 
-169.255751 
-160.749774 
-159.011915 
-164.960091 
-167.832068 
-171.441328 
-161.332086 
-164.112315 
-163.145465 
-162.600549 
-166.864931 
-170.589067 
-166.000000 
-166.000000 
-166.000000 
-166.000000 
-156.217148 
-168.600019 
-166.976724 
-165.845090 
-163.079788 
-170.288935 
-154.332357 
-158.435830 
-157.613130 
-155.022898 
-162.639629 
-169.845899 
-164.099529 
-164.389272 
-160.008027 
-159.985039 
-160.616698 
-155.845585 
-159.150801 
-166.000000 
-157.600842 
-158.448713 
-163.705567 
-166.000000 
-161.999211 
-159.243518 
-166.000000 
-156.828808 
-165.562006 
-166.000000 
-166.000000 
-172.936898 
-166.654793 
-177.132813 
-167.712019 
-167.321069 
-169.885169 
-165.084321 
-164.890763 
-166.219718 
-167.679560 
-171.867587 
-161.704860 
-164.514784 
-155.271593 
-170.304197 
-165.766783 
-166.909588 
-163.296424 
-169.156180 
-162.854213 
-155.424639 
-166.213963 
-166.347149 
-162.560435 
-160.459201 
-164.676980 
-166.541965 
-156.509228 
-163.253538 
-166.232909 
-154.775848 
-162.115504 
-168.585443 
-164.661921 
-161.686679 
-166.000000 
-169.536646 
-163.490473 
-156.012524 
-169.400607 
-163.296424 
-165.956632 
-164.689478 
-165.447013 
-166.000000 
-166.000000 
-168.336909 
-165.689484 
-166.122423 
-153.333333 
-165.999999 
-160.088612 
-170.088540 
-164.716417 
-165.607198 
-163.912856 
-166.000000 
-164.082333 
-166.692750 
-172.327424 
-159.207462 
-165.491181 
-167.274215 
-165.927439 
-166.842291 
-165.813108 
-163.962881 
-166.000000 
-166.000000 
-166.000000 
-163.191776 
-162.624075 
-157.447374 
-161.296534 
-158.767954 
-167.716688 
-166.000000 
-165.737061 
-155.713933 
-165.278473 
-161.447512 
-172.772736 
-170.618996 
-165.350548 
-166.068026 
-166.000000 
-164.311789 
-160.670507 
-166.000000 
-166.000000 
-168.109162 
-167.103282 
-167.716687 
-166.000001 
-166.000000 
-158.675518 
-153.333333 
-166.963041 
-163.101596 
-169.379626 
-161.875171 
-166.000000 
-166.000000 
-166.000000 
-169.144230 
-166.001450 
-165.643750 
-161.389897 
-160.965976 
-161.606689 
-164.678309 
-177.875000 
-167.362452 
-161.147951 
-166.683964 
-165.613627 
-158.906474 
-156.144015 
-161.242497 
-164.022661 
-155.562988 
-165.979330 
-163.514603 
-166.000000 
-162.909837 
-163.465398 
-164.511030 
-165.223908 
-166.681405 
-171.441789 
-167.315127 
-163.167768 
-166.235882 
-169.840980 
-166.351422 
-172.990038 
-166.000000 
-173.493217 
-168.122778 
-167.434680 
-164.562012 
-171.774769 
-165.048576 
-169.797654 
-163.257690 
-170.648478 
-170.575687 
-166.000000 
-158.269833 
-168.322846 
-166.000000 
-161.789294 
-169.861239 
-166.000000 
-166.000000 
-166.362224 
-166.947234 
-170.863202 
-167.305407 
-163.084410 
-166.385812 
-166.000000 
-159.121400 
-166.000000 
-165.778861 
-170.043739 
-165.866296 
-169.353060 
-163.185959 
-164.711417 
-163.400305 
-164.965674 
-167.856932 
-166.019377 
-162.126174 
-166.274372 
-166.115371 
-165.358784 
-166.000000 
-167.818653 
-166.425998 
-160.886198 
-165.084321 
-169.245022 
-164.331973 
-166.000000 
-166.000000 
-167.870113 
-166.000000 
-170.938599 
-160.812750 
-160.805501 
-164.878525 
-166.904221 
-166.710582 
-166.000000 
-168.473028 
-155.827442 
-152.500375 
-164.399027 
-166.000000 
-165.174228 
-162.270475 
-165.670541 
-165.515854 
-165.768533 
-161.370063 
-170.291245 
-158.844398 
-161.204332 
-163.410813 
-164.419534 
-166.000000 
-163.576148 
-165.831033 
-166.000000 
-177.530851 
-166.000000 
-169.110211 
-168.153391 
