-31.327517 
-13.885723 
17.048062 
17.699167 
19.942909 
3.458477 
-25.749610 
-32.616941 
-31.327643 
-21.020178 
-22.671666 
-23.903096 
-36.570139 
-31.722559 
-23.026414 
-23.045921 
-16.548419 
-20.638865 
-31.327881 
-50.103563 
-32.070722 
-31.327917 
-26.899192 
-21.218682 
-39.284351 
-57.504984 
-77.397293 
-44.961156 
-26.962969 
-20.229679 
-8.474728 
-1.688884 
-6.343509 
-21.088431 
-13.992140 
-8.915894 
-27.288996 
-18.825399 
-12.734525 
7.190052 
6.006711 
21.671295 
19.860582 
4.133264 
-11.435246 
-3.859273 
2.868452 
11.614425 
5.859240 
3.143357 
-8.433076 
-22.665748 
-3.910969 
1.791839 
-6.099555 
0.644983 
5.859284 
17.778399 
26.131841 
12.135224 
-6.808526 
-27.010303 
-35.726924 
-35.743017 
-12.938630 
17.155967 
17.606241 
16.527100 
16.272716 
26.203362 
10.244111 
24.002161 
6.640977 
2.215296 
-0.301609 
30.080549 
21.238264 
20.760364 
-7.400864 
-24.573121 
-19.593216 
6.392538 
46.744304 
30.891626 
11.831901 
-17.641680 
-19.695223 
-12.734051 
37.693903 
43.025537 
58.472286 
73.416763 
46.161410 
-4.218162 
-25.498522 
-31.328051 
-36.119543 
-40.709909 
12.419407 
12.812377 
12.934539 
9.462471 
-2.299985 
-31.886166 
-31.328114 
-31.772298 
-25.515246 
-17.995461 
16.359631 
19.582904 
24.453091 
25.967049 
29.475137 
25.054085 
12.390579 
-6.896892 
-12.734893 
-18.623928 
-10.369658 
-6.367081 
16.872254 
35.779961 
43.046473 
76.807499 
98.828210 
95.942420 
98.670010 
77.375527 
71.290659 
46.675870 
45.080417 
34.608271 
43.972516 
56.653268 
68.166214 
51.377531 
37.063577 
24.620226 
33.741717 
47.687138 
54.383907 
38.979389 
31.689771 
19.129609 
9.879575 
9.950402 
15.024224 
-6.974258 
-14.442118 
-12.907064 
12.603205 
39.761241 
42.578920 
47.285031 
34.188421 
34.388572 
24.452808 
27.893471 
7.271920 
-3.402978 
5.859370 
-18.053998 
-13.208611 
-14.777578 
-6.983197 
-8.749688 
2.313880 
-5.574017 
-3.411467 
-13.224187 
-15.153027 
-14.114657 
4.757879 
-5.236744 
-22.031250 
-35.976621 
-34.198064 
-40.805521 
-20.614738 
-3.360529 
-8.437434 
-1.207742 
-8.120736 
9.121375 
28.379321 
51.828139 
48.254378 
60.083471 
24.833249 
39.217310 
20.725714 
39.349471 
29.412645 
52.515311 
61.640646 
58.573383 
61.640712 
81.966794 
61.295705 
39.219674 
12.558043 
-6.372525 
5.859524 
22.182437 
3.127420 
-10.139980 
-4.556750 
-7.316360 
2.670858 
11.768792 
1.968375 
-11.815511 
-7.296758 
-39.119017 
-31.328009 
-44.449478 
-0.338339 
4.174507 
14.093477 
30.379379 
22.721822 
20.457862 
-11.216075 
-3.639210 
-5.506072 
-13.314874 
-24.026124 
-18.426922 
-20.606358 
7.987108 
26.001052 
44.413895 
53.191310 
48.327512 
41.203142 
39.058507 
16.748196 
18.599380 
-0.821495 
8.363612 
5.859452 
24.453035 
22.744934 
34.753949 
20.091513 
26.174650 
-0.582241 
-16.869375 
-73.180662 
-57.548726 
-53.396226 
-52.020631 
-50.157143 
-27.820425 
-26.525136 
-32.199325 
-19.191680 
-31.328293 
-31.328203 
-31.328124 
-31.328270 
-33.532932 
-14.207713 
-12.323962 
5.687704 
-4.686476 
19.400397 
34.333786 
43.074238 
41.239429 
27.144270 
12.149760 
15.885523 
5.439859 
25.611811 
11.734606 
-10.281259 
-3.955505 
-0.761693 
19.869753 
43.046861 
42.127779 
19.473088 
12.533551 
15.156294 
16.599029 
5.721588 
5.859445 
-7.252318 
-6.337148 
5.859349 
23.833227 
21.599908 
21.571983 
11.088710 
0.301698 
30.864634 
6.286912 
-16.024447 
-13.372110 
-50.209398 
-56.127978 
-25.957388 
-31.252429 
-18.007180 
-4.137613 
30.472903 
9.932229 
2.300985 
3.859411 
2.665564 
4.397557 
-4.657104 
4.978180 
-4.090695 
34.813656 
28.177708 
28.848177 
3.980675 
3.637829 
-22.347585 
-26.710030 
-36.853238 
-20.022347 
-21.088236 
-36.008714 
-35.682698 
-31.328009 
-8.670317 
-8.187305 
-20.953504 
-22.051800 
-33.328628 
-34.507148 
-36.155633 
-29.923202 
15.156437 
24.453262 
19.164092 
-24.655218 
-30.349929 
-35.666513 
-31.328137 
-16.489856 
-7.403345 
-9.320961 
-16.857641 
-20.594394 
-12.734195 
0.694081 
9.651406 
16.989697 
-12.763470 
-4.528406 
-6.345314 
-0.839156 
-11.153580 
5.108853 
4.482805 
5.859499 
33.168779 
30.844938 
49.503004 
66.414239 
64.495082 
47.762069 
34.453731 
13.540258 
5.859458 
-7.296464 
13.828744 
14.568317 
21.689382 
9.723426 
-6.131111 
-7.900377 
1.099604 
-12.734267 
-6.813450 
-34.422459 
-22.031339 
-12.734166 
-19.367863 
-17.088290 
-1.956056 
15.155838 
24.452414 
19.945038 
4.000016 
4.158497 
18.002407 
12.494393 
-11.737256 
-22.031501 
-26.098783 
-31.328396 
-14.858181 
-15.343148 
9.067972 
9.520391 
36.108281 
37.664546 
57.311642 
70.937444 
68.494155 
64.074436 
36.192965 
46.693757 
22.924229 
9.623666 
3.751328 
9.172964 
28.846756 
45.702852 
36.429632 
5.859329 
-37.661865 
-55.283364 
-48.270596 
-40.716314 
-49.891162 
-58.100153 
-80.016118 
-65.370099 
-57.851962 
-70.923709 
-48.991883 
-36.003585 
-22.031168 
-24.429035 
-23.911637 
-37.899647 
-28.895019 
-14.016730 
6.244470 
17.912197 
27.726080 
32.866237 
15.981704 
-22.031148 
-21.563824 
-24.838861 
-12.734321 
-8.187541 
26.160291 
15.156421 
5.859348 
-24.033668 
-42.299875 
-45.874441 
-58.717536 
-36.617883 
-18.996489 
15.156370 
13.989888 
5.859543 
-29.123045 
-59.203439 
-43.842383 
-5.467416 
14.621129 
40.708285 
51.750573 
53.520161 
45.663574 
53.521078 
21.839432 
6.723144 
1.273329 
3.568929 
15.156331 
21.739520 
4.949843 
0.838561 
-6.727246 
-4.020363 
4.094261 
-3.437368 
-3.437375 
-8.664367 
-12.734250 
-18.124661 
-25.474425 
-57.470232 
-37.920041 
-38.566685 
-9.209159 
-3.437477 
18.737039 
1.811146 
-36.261643 
-59.589843 
-52.246070 
-7.148131 
14.928331 
27.648670 
10.587603 
9.590194 
-1.359404 
13.239863 
-7.354863 
0.650234 
-10.540800 
-9.942461 
-12.734259 
-7.807693 
3.605100 
5.859430 
8.171897 
-3.437448 
1.351714 
8.853742 
5.859871 
-199.937151 
85.338777 
116.349874 
110.973092 
-87.619115 
13.916710 
85.456797 
5.860085 
-151.675328 
134.174662 
-126.817872 
54.196214 
-22.655545 
110.311697 
105.517709 
49.048057 
0.986892 
-31.327496 
7.551985 
35.295946 
5.859944 
-18.874273 
33.164570 
6.085415 
-78.681282 
-228.640967 
-12.656196 
26.276876 
110.352115 
13.393764 
25.283870 
14.796024 
54.181429 
3.875479 
213.032843 
-72.152144 
112.933790 
-12.734458 
46.111034 
-83.914606 
-66.019831 
-59.052847 
-31.210695 
189.525711 
-53.913835 
-89.399646 
108.077861 
-12.733960 
14.054854 
53.360528 
30.949312 
118.668291 
22.711169 
105.276964 
-5.515663 
98.828690 
31.738021 
-45.622122 
-29.890049 
-14.182708 
-14.350853 
-19.797232 
66.707588 
158.049272 
26.968039 
222.950775 
-58.869018 
-24.407125 
161.538625 
107.952473 
46.337406 
71.846927 
227.204642 
-18.339618 
77.569999 
341.593702 
-8.754250 
-69.874804 
-70.978377 
229.804469 
74.177190 
13.191583 
14.260554 
188.376009 
61.658397 
172.655898 
442.813249 
-91.781148 
121.389715 
75.649701 
281.667306 
64.854329 
-183.167150 
190.345425 
433.515997 
17.982433 
-10.371933 
89.587449 
209.066243 
-104.645235 
-91.399043 
-52.213052 
69.564187 
173.203498 
195.399823 
-138.914224 
178.387294 
57.312430 
86.668033 
145.312066 
231.459955 
-27.067337 
-67.005293 
-202.733499 
107.389677 
117.420584 
138.555242 
-178.961547 
-89.939068 
174.383786 
51.402170 
52.343769 
-280.557010 
191.795049 
-171.959500 
49.839337 
-107.695273 
97.931582 
55.370534 
-11.161075 
-261.907062 
-73.724090 
42.518848 
115.731040 
-159.962514 
-42.793332 
-111.336124 
41.422614 
-136.960158 
52.343074 
-51.666095 
85.605867 
-30.116426 
154.331045 
-351.284312 
-375.074326 
-131.716581 
9.709234 
15.034737 
-149.589183 
109.467792 
182.100868 
-90.439290 
19.189386 
-106.926432 
154.607795 
-63.112627 
28.323393 
-315.199499 
303.359754 
11.572574 
-99.842120 
49.596818 
-25.094864 
142.188585 
131.004630 
-361.015789 
113.251294 
-208.186747 
-56.751981 
303.478146 
-22.257561 
258.704318 
5.860824 
61.641544 
246.257527 
-370.149412 
-110.237963 
39.798787 
145.173641 
-19.367465 
-1.655412 
-106.865359 
62.143204 
-72.756813 
-271.061242 
93.637037 
-97.610439 
-30.907334 
51.802994 
-24.931328 
2.479699 
-33.305031 
24.456024 
178.290129 
321.953771 
-297.125114 
57.860267 
-87.432199 
-3.000566 
-55.242878 
61.640897 
123.159366 
-228.835421 
-136.750141 
19.679908 
-123.847203 
37.059547 
-122.201745 
-10.286004 
-221.224527 
19.161546 
-40.233397 
228.984120 
60.475519 
12.058006 
-120.477972 
185.335085 
-60.668294 
37.093551 
-99.711061 
157.138072 
3.495408 
-36.256816 
-113.511723 
-9.307359 
8.324636 
-211.158741 
43.329341 
5.709836 
131.975284 
-96.981097 
-24.468569 
43.673034 
-105.846183 
-53.567320 
289.576260 
-23.239743 
77.660021 
-12.734853 
98.827760 
-39.943822 
-151.857169 
142.406902 
-8.155684 
-166.304422 
287.033695 
-236.501935 
139.897627 
-134.260912 
125.790669 
15.212176 
294.462171 
-262.871528 
96.734483 
-158.411835 
-12.733789 
219.688211 
-12.733363 
163.906806 
380.211806 
-314.652436 
152.623397 
-63.198146 
164.146833 
-135.364165 
-21.811246 
-29.188616 
233.360321 
-260.500136 
126.459095 
40.325774 
-104.747631 
-97.913899 
-98.859436 
-68.809101 
96.240138 
-121.491587 
115.830748 
89.533489 
-101.899800 
14.612878 
18.969572 
43.048590 
77.254746 
-233.097497 
219.689530 
18.491994 
-29.600559 
154.611454 
242.003162 
-164.360533 
-20.063139 
-282.923217 
-135.669335 
-116.176663 
-87.348377 
5.980946 
183.675121 
-138.820520 
-3.238768 
121.847294 
209.706539 
-74.290568 
43.930073 
125.918154 
-119.517049 
142.251383 
173.788821 
55.244308 
73.078582 
-28.350726 
-190.677687 
-85.524547 
-47.657526 
83.565226 
13.914991 
-7.932878 
-95.348887 
-175.393784 
100.331676 
47.651929 
46.229214 
123.596916 
-58.043982 
-53.076116 
210.390167 
-57.322687 
217.332926 
27.303737 
28.124470 
-207.385434 
161.069603 
-147.475193 
-37.392618 
-12.735023 
108.124622 
100.063038 
-242.547595 
93.044588 
-154.663645 
-49.922557 
100.325357 
-31.056663 
-30.722072 
-261.039959 
57.774931 
219.686627 
71.200594 
-135.163895 
-72.988937 
-81.323727 
-139.296670 
36.667023 
-88.548562 
-1.645485 
-20.870847 
-165.475527 
145.312073 
-145.213639 
12.251439 
-84.094089 
-58.335847 
-156.737360 
94.956450 
-159.308467 
111.304838 
219.688024 
115.536551 
-115.977572 
34.032041 
-38.084556 
-62.028202 
-202.776998 
-164.588389 
-0.344523 
89.531317 
17.889165 
-35.754285 
-12.734740 
126.718732 
-29.160781 
-114.890930 
-55.420383 
-12.735210 
145.313161 
109.899241 
-95.166854 
-67.463430 
37.668064 
-18.812053 
12.960242 
-12.736568 
11.088277 
126.718457 
7.993636 
41.773812 
86.638016 
130.106504 
-59.010313 
21.020130 
29.635231 
145.309364 
3.684257 
-20.745560 
-61.689493 
-58.398231 
10.339593 
-227.890611 
82.112071 
27.648650 
234.683393 
-140.167617 
61.318008 
108.123878 
-70.691075 
408.494756 
18.217251 
244.382504 
-338.512163 
-26.503949 
29.206766 
-142.302999 
-3.494446 
-148.505611 
-83.507516 
204.912745 
5.858799 
-186.792846 
-83.049050 
-38.475503 
-106.103452 
36.199424 
-82.231099 
130.887504 
100.890959 
99.697425 
-6.683968 
43.047199 
-56.765268 
-144.371704 
43.047118 
-193.391903 
-182.637819 
52.344113 
15.156938 
-164.977918 
-165.514846 
79.467397 
-77.164834 
11.514609 
-127.931595 
5.860594 
-77.730331 
33.751322 
3.588923 
-107.974168 
55.148187 
26.207688 
-354.290440 
125.451230 
-153.010404 
-22.133146 
-27.315724 
-168.903377 
-129.097980 
106.482470 
-274.503756 
-25.525241 
15.157544 
131.049578 
31.812727 
-266.953637 
-114.879277 
-34.305324 
124.407517 
15.157588 
5.860754 
-120.366309 
145.313420 
-45.616388 
-124.828699 
-85.147643 
-79.294895 
69.382059 
45.184314 
-22.030614 
10.880954 
-130.183865 
-209.034776 
-193.737142 
-72.001250 
-34.954823 
96.975874 
-14.368533 
-25.791208 
-171.050053 
-32.632093 
-7.864341 
-173.159128 
-115.650789 
-32.725115 
130.199021 
-31.328917 
-78.372800 
-32.271113 
-3.437970 
-14.327815 
-115.000250 
-243.754320 
20.877343 
80.232828 
-170.273332 
129.241631 
224.401556 
318.611350 
-415.886590 
33.749227 
132.152151 
80.234639 
-330.382969 
324.074591 
-51.206476 
120.099461 
100.380550 
217.740989 
293.303410 
-8.538705 
119.190886 
201.091797 
91.739877 
-138.812021 
424.221415 
101.270185 
103.238085 
0.102104 
16.959409 
-353.833231 
-16.131547 
182.013338 
16.955486 
46.587583 
17.868883 
199.715381 
112.080874 
12.729495 
177.296826 
287.050900 
71.210006 
163.905429 
242.674445 
101.677662 
-315.612815 
-49.767289 
53.457737 
534.774911 
72.456271 
-199.305525 
25.039379 
219.688668 
32.687096 
365.745964 
205.919429 
305.120566 
111.030636 
175.444464 
71.130333 
796.092781 
-132.430291 
144.283723 
-8.793199 
9.589366 
109.135303 
-24.359617 
-52.650327 
229.582028 
-62.596596 
180.091551 
-20.527719 
221.526402 
112.136425 
281.024946 
159.328188 
-4.117468 
13.682295 
18.778762 
105.509142 
640.061316 
-187.397677 
150.900760 
-28.705024 
241.655492 
199.733665 
53.018512 
-23.016894 
135.087827 
128.077817 
-101.695087 
554.378627 
-89.663841 
308.288093 
115.843713 
222.168576 
222.973843 
-42.408708 
142.659925 
312.657157 
-111.427977 
41.068107 
141.769137 
148.841801 
-95.518113 
-147.821642 
201.547133 
-210.186923 
210.391627 
120.042560 
-277.907574 
325.428013 
-48.283622 
186.301856 
98.822996 
225.761214 
-121.576923 
-56.283465 
-284.868221 
147.569489 
136.018741 
194.340106 
-345.095127 
-238.206731 
249.550809 
-38.113290 
108.123147 
-305.099211 
117.422323 
-257.024179 
36.879280 
80.949808 
148.594795 
-189.447191 
241.800697 
-273.304755 
-153.254406 
25.040794 
26.663272 
-52.659419 
-283.781687 
-234.344063 
-139.800806 
-124.424119 
5.376666 
64.544586 
-54.677746 
-412.738557 
50.011714 
-582.354901 
-506.046409 
-219.426379 
1.523624 
-237.639853 
-194.525495 
-9.173364 
271.068647 
-29.914759 
16.512540 
-152.084901 
43.046417 
-145.081494 
34.106010 
-245.728118 
191.796759 
-72.712826 
-186.272625 
117.323598 
-24.127969 
-6.998315 
184.466931 
-449.903905 
61.776338 
-128.049983 
-98.916374 
226.860963 
-16.987471 
-14.845990 
5.862195 
80.240453 
342.244092 
-139.164884 
-18.653983 
-176.102681 
-39.190266 
424.591474 
-127.339114 
-81.451079 
-62.488617 
18.726366 
-284.275369 
45.608857 
91.572416 
-93.697122 
161.131935 
147.926648 
-13.507950 
58.960681 
266.170586 
135.681268 
331.251326 
-381.765679 
-105.135775 
30.098298 
-51.785846 
45.628067 
154.609426 
13.254856 
-299.472246 
92.300396 
-415.789676 
62.662674 
182.912857 
-172.231440 
-126.004342 
-221.705763 
-119.937802 
83.407273 
368.435014 
-109.535423 
-175.123915 
-93.931394 
177.369533 
130.444888 
209.611570 
-99.962670 
193.377427 
-62.755881 
-66.560727 
-73.928381 
-121.444355 
-55.032271 
-355.970801 
61.601975 
145.929154 
51.127139 
-121.580510 
-66.393563 
59.642666 
-40.352564 
-149.134099 
34.352517 
-82.394705 
-14.260221 
154.607016 
442.811969 
-171.363962 
-61.343678 
-78.823120 
-41.880274 
-199.949044 
89.135459 
-540.522091 
36.446341 
-131.867433 
40.159401 
-99.176824 
278.739832 
-207.232972 
-43.237649 
-117.858610 
201.094633 
-3.437075 
201.095671 
117.421148 
235.681276 
-65.990021 
273.699521 
-85.764215 
223.317046 
-308.394284 
-183.400814 
-21.494900 
229.967187 
-315.819338 
19.399915 
68.343856 
-22.214414 
-357.841998 
-10.195356 
-153.554210 
71.009952 
-262.922624 
85.370829 
126.717464 
9.383424 
-111.702079 
-129.155159 
182.498639 
-120.047509 
-158.889332 
24.452946 
170.823296 
-97.155192 
331.250729 
93.251127 
-48.653101 
-160.820395 
-317.788295 
-46.758341 
-24.597653 
-33.168685 
-154.014337 
353.357524 
-113.526817 
-10.697039 
165.545337 
267.570375 
-88.271205 
138.317157 
193.845600 
-65.531003 
113.242728 
86.160607 
76.484914 
193.550018 
0.686503 
-203.425425 
-136.519212 
-24.662286 
37.673754 
-71.057004 
-158.689873 
-132.701303 
-168.602051 
314.518073 
-31.937340 
87.973781 
131.916260 
-69.297242 
301.529098 
349.846306 
-494.319271 
184.273011 
7.638273 
33.078970 
-202.041364 
165.483683 
-219.164206 
-128.186517 
182.503201 
117.425809 
281.640319 
-101.066285 
64.621429 
-303.413730 
331.249965 
-103.886102 
-35.298668 
27.553325 
-287.209040 
-149.028614 
182.502342 
145.909339 
-63.537554 
-123.594952 
-232.838989 
23.605989 
193.001748 
-34.523252 
-88.953658 
-51.214130 
-162.492861 
61.641629 
-101.633943 
-255.614983 
-23.156208 
-143.351143 
-182.672257 
157.315372 
-151.259120 
244.321717 
24.451098 
7.996611 
-255.716728 
30.135369 
94.648386 
96.755363 
-303.117909 
-32.837300 
88.460868 
-3.438471 
23.010877 
53.586222 
43.045653 
108.122799 
-25.692361 
4.574930 
-138.710443 
219.684020 
163.907204 
46.787929 
-115.003949 
-149.676930 
177.984782 
206.061104 
-34.030024 
145.309720 
-216.106375 
43.045641 
-106.894805 
134.493804 
17.672553 
166.957942 
-138.045757 
17.194357 
135.109570 
191.794813 
182.026050 
-196.769231 
21.132258 
-245.280609 
30.808374 
-193.888945 
-80.859233 
-77.867305 
144.331554 
-28.426972 
170.641195 
33.751058 
-116.315161 
353.074051 
-67.726979 
184.812917 
-203.006270 
-109.585331 
56.326197 
-81.208557 
13.913761 
-84.509142 
-47.033401 
-25.464519 
15.156060 
-231.001794 
-16.128631 
-134.651315 
-302.245289 
135.790036 
-115.096280 
68.045128 
48.608398 
31.169652 
-103.925918 
15.157780 
-134.290321 
-313.806349 
-12.731446 
-193.681900 
-353.691008 
43.049454 
52.344563 
-149.820992 
-106.996898 
-268.519267 
-90.056881 
79.298349 
-246.152313 
15.157559 
-152.188810 
15.158319 
-170.777747 
-124.320646 
-94.043248 
60.230489 
-320.366422 
-22.783967 
-265.067481 
-87.649781 
-23.834403 
-15.307162 
-139.924028 
32.586157 
-198.287310 
17.689111 
-3.436529 
-47.575387 
75.859020 
-198.786049 
-172.608801 
6.139962 
211.364793 
-22.030503 
-40.626473 
-102.494452 
-68.516719 
134.910410 
-108.274748 
-46.244484 
-75.341913 
-80.336050 
34.072194 
43.046199 
33.567267 
-162.367652 
-171.748051 
-139.491400 
-160.903987 
-99.462222 
-47.070084 
-76.453151 
-158.720971 
-179.591063 
10.837187 
-95.141691 
-245.559910 
-15.829155 
-56.705154 
35.061410 
70.934801 
-67.577385 
-34.477089 
-115.001199 
29.855806 
-115.001532 
-145.736319 
-124.503514 
331.252417 
24.950105 
-83.162693 
129.611686 
-75.557277 
-258.827486 
63.502282 
-114.813324 
191.798845 
-211.868584 
170.956549 
-99.350420 
243.206717 
132.347070 
306.196123 
79.398501 
-27.019335 
14.194977 
182.501568 
138.137724 
92.152626 
61.642282 
168.233419 
250.421588 
-237.551573 
105.847115 
-43.289563 
89.084946 
82.799808 
82.820983 
116.175528 
63.745954 
117.454722 
52.779384 
207.441455 
89.342634 
9.676000 
-169.212686 
154.609348 
165.999764 
96.221667 
-92.498980 
132.356826 
28.961545 
484.412220 
274.328583 
160.781637 
-175.556459 
368.436795 
44.304394 
441.909925 
-111.256702 
236.863553 
-96.406381 
215.645679 
-39.191496 
247.577261 
2.846922 
-48.884853 
34.379563 
137.045308 
111.947055 
23.771253 
-10.566725 
200.563539 
-87.070785 
213.867576 
-82.943321 
-140.023440 
281.759364 
-89.872966 
125.060727 
145.527091 
-73.418506 
-4.433127 
201.619234 
781.992647 
154.527689 
52.114150 
-6.708980 
160.463417 
228.793161 
11.626081 
20.690965 
-96.780348 
-4.305293 
-123.199052 
173.202984 
62.844850 
323.978912 
174.504946 
172.583374 
276.223085 
20.731135 
-74.100522 
349.844297 
-96.665526 
136.023154 
118.058815 
43.320238 
108.038397 
-51.028423 
15.657785 
-103.545950 
266.172565 
268.257259 
-246.451134 
-83.921420 
190.231866 
-37.008654 
163.906629 
288.443055 
-0.020189 
161.426829 
-141.450444 
-88.625878 
210.390004 
124.593760 
-151.233965 
-10.952844 
303.024218 
70.696052 
-12.733584 
57.426585 
442.813698 
156.136495 
-23.962899 
-50.094362 
233.765058 
-140.723318 
158.477904 
10.781359 
72.310370 
121.655653 
-97.835524 
27.370329 
125.788192 
-304.678972 
-4.292885 
-0.288768 
40.575536 
118.002204 
-43.078103 
-125.339860 
250.536068 
-96.612659 
-93.624310 
-78.121461 
-91.336145 
205.927434 
103.723753 
228.248581 
61.833511 
-129.190865 
85.592407 
27.118909 
256.875116 
127.387537 
-162.656566 
-235.870336 
228.984052 
29.315664 
-85.687385 
71.570438 
55.443734 
7.118876 
40.330135 
-146.864816 
91.165771 
-150.270794 
-118.992905 
136.958480 
-127.419182 
-276.993601 
5.859187 
173.202487 
111.008384 
179.360068 
-224.999979 
-80.896311 
100.161858 
73.558870 
-275.540340 
96.587644 
-165.905261 
-141.106234 
-142.781739 
83.948276 
-110.133086 
0.776423 
275.794820 
-2.902499 
-55.351546 
-127.481348 
191.796127 
87.723860 
312.655125 
-261.611103 
-61.081030 
-182.519834 
-54.104888 
-83.194181 
219.686664 
-13.228861 
-668.692879 
-367.432727 
275.540890 
-11.756721 
245.148548 
-211.569706 
51.470108 
111.289889 
-11.864889 
-126.603596 
275.468270 
-26.722464 
-212.927619 
-143.931907 
99.739454 
-188.345279 
-106.743771 
-60.997553 
208.954734 
-32.355697 
-140.831435 
-26.486574 
28.383922 
-25.968521 
-137.229933 
53.379006 
59.198972 
49.386290 
-41.754169 
-26.675218 
-77.842162 
184.599479 
-156.794744 
75.272139 
-116.883337 
-59.912738 
43.048091 
405.625763 
-237.030733 
-56.190244 
-96.502062 
48.609769 
19.252250 
215.773564 
-469.419871 
70.348201 
-65.660519 
109.200760 
-204.833562 
193.051424 
6.639484 
64.519799 
-10.159547 
145.313900 
-31.327214 
201.094746 
98.829123 
-128.056734 
-97.244129 
161.121935 
-65.711511 
127.364715 
-72.700487 
-160.364317 
28.607236 
339.253296 
-47.571341 
-65.038623 
-21.724529 
82.445517 
-187.037088 
46.216315 
-86.358568 
-32.478894 
-138.525861 
-103.643547 
33.750068 
-129.157280 
-164.577808 
9.668724 
201.093838 
47.021936 
-81.044968 
5.859157 
0.994609 
-33.947403 
368.437337 
-75.334193 
-93.760748 
-119.111124 
-184.145566 
109.805760 
-94.879307 
87.602200 
-104.253840 
18.898778 
-112.883112 
56.778882 
-104.306675 
-43.393983 
-165.198398 
-101.768977 
87.885697 
-219.167575 
-215.280261 
-242.212694 
-37.798683 
-16.872619 
14.444918 
-48.854649 
-139.969102 
10.852990 
-58.695031 
131.734699 
-137.447006 
-273.134511 
-318.349637 
105.465804 
-198.247996 
-97.646659 
23.028623 
-67.693370 
10.507208 
424.218400 
-37.461087 
11.349463 
28.532418 
28.869206 
120.366484 
11.553598 
-201.331169 
-175.695895 
108.124401 
70.936804 
18.926305 
-202.788394 
-274.980998 
-184.417020 
145.311752 
-175.527593 
-51.083278 
-62.523502 
1.722293 
-122.254160 
70.936802 
-73.005329 
60.037332 
-55.164757 
-128.447953 
50.405345 
-50.537272 
5.245728 
55.470204 
129.614412 
26.397848 
-49.923157 
-106.866404 
-135.338172 
69.591150 
-115.993769 
-137.460713 
132.553500 
-74.820646 
66.670393 
-12.735040 
-13.844408 
-213.082517 
78.318387 
-22.462834 
-156.593693 
-164.453385 
16.403310 
69.767954 
-3.437912 
49.769600 
-45.282978 
126.717945 
70.936954 
-19.412748 
14.873721 
-140.340085 
108.124842 
89.531044 
123.680995 
-124.916670 
-170.238765 
20.925394 
77.294671 
-46.061526 
70.937670 
-77.811591 
5.859272 
28.269957 
91.737675 
69.642027 
158.204310 
-97.884461 
-173.208090 
64.730604 
52.343827 
-111.748717 
40.628619 
-8.100905 
-226.487562 
-141.503984 
111.416590 
-100.755173 
-111.643316 
-45.236369 
13.585988 
166.852745 
145.312667 
-202.300808 
89.967019 
-134.099187 
77.617644 
-185.926863 
67.474419 
-256.384971 
-208.897469 
-77.449277 
55.407798 
100.025232 
-6.051536 
-12.734362 
-139.684032 
131.533027 
7.651071 
-463.196457 
46.502887 
-186.468591 
-77.201475 
-20.188718 
63.020146 
-258.950817 
-3.437747 
-145.370393 
-104.181602 
-12.734617 
-281.318010 
-292.147052 
5.859466 
15.155750 
-204.624506 
-216.136491 
-127.123846 
60.636518 
-126.063204 
-162.436487 
-12.734837 
-78.094432 
-12.734331 
-20.047535 
36.945988 
-48.068555 
-124.199059 
-162.481768 
-91.302486 
-117.541288 
-134.490879 
32.256736 
-91.882593 
-70.334634 
-128.637544 
-9.609789 
45.095702 
-12.734212 
-104.044347 
23.287479 
-216.682204 
-20.582222 
121.328220 
-22.469737 
-12.734091 
33.750045 
-147.777445 
-12.734234 
1.002251 
-167.122939 
-4.688423 
-62.353437 
-138.810457 
35.816209 
24.453415 
-24.007048 
55.558570 
-65.200488 
-271.550180 
-143.471818 
-107.037086 
-28.950083 
-223.617081 
-25.329387 
-61.922909 
66.598269 
-48.454357 
-217.841051 
52.338583 
-56.208449 
-41.255018 
15.156174 
-39.871025 
-187.892294 
-114.999978 
-30.084395 
-115.000079 
-184.936191 
-265.715140 
284.762939 
-64.224398 
-41.512336 
228.106912 
8.962378 
-332.346014 
-124.919271 
152.540725 
349.840091 
-28.055366 
156.446297 
-124.819484 
124.374719 
99.890588 
247.888180 
30.778101 
-123.619484 
162.565607 
98.826633 
-19.136053 
283.572256 
228.984547 
122.719721 
120.207193 
-176.881262 
-13.841786 
230.303032 
307.849474 
140.119080 
-222.198619 
10.736560 
43.835418 
82.986533 
246.707976 
-167.641627 
140.506744 
-117.858356 
25.180229 
572.968702 
407.623209 
-94.032729 
-70.031850 
7.026335 
241.148018 
592.256478 
241.710794 
-205.192280 
-46.233510 
98.830274 
257.860680 
50.535140 
-28.808174 
37.877769 
-52.826616 
-54.926842 
133.134926 
191.796081 
246.641178 
-60.682762 
209.205549 
-274.833957 
18.372805 
-42.466791 
161.459311 
236.400060 
142.157209 
60.201203 
-89.842176 
169.643244 
317.316995 
178.978454 
74.368559 
67.035392 
-66.659530 
-48.018767 
237.007832 
233.594030 
-38.635809 
-68.673793 
45.375176 
292.476887 
-57.041751 
-104.038680 
83.901333 
-2.790429 
178.155921 
115.645156 
136.015311 
108.157642 
75.364939 
-132.082704 
301.503612 
129.669472 
-39.419406 
9.518570 
191.801002 
-77.716036 
88.803790 
95.591792 
44.472602 
-250.685929 
-97.980963 
73.491168 
8.268938 
535.784590 
63.319973 
-205.064616 
40.692744 
6.925756 
-2.754018 
117.431292 
-49.761483 
-151.279529 
-42.443776 
-155.213165 
129.821696 
275.476607 
-74.052283 
-448.277033 
-263.774381 
-86.637770 
15.429197 
154.617268 
114.816278 
-31.320555 
-62.681383 
32.866418 
-133.391921 
255.572352 
-225.712180 
-50.317959 
22.340468 
-95.642590 
140.356626 
-39.300964 
8.938450 
-172.106077 
-67.896463 
-19.798283 
-148.097657 
-50.828274 
-318.365074 
-93.630631 
-84.242063 
223.287837 
-297.414374 
-392.116111 
-41.651261 
-304.650689 
181.599502 
139.787247 
-111.274735 
20.518962 
-84.011747 
48.688784 
124.925363 
5.861640 
10.538704 
-24.105526 
-48.834292 
424.221272 
-113.394185 
-288.924794 
-66.153639 
214.116453 
12.200835 
307.617020 
-291.689624 
-84.043292 
51.889454 
-118.748389 
98.365421 
67.613792 
-294.065831 
98.829511 
131.367033 
226.463531 
-134.394954 
-169.222742 
-109.383529 
38.120527 
74.796757 
34.733146 
-81.331780 
52.371543 
220.240228 
-88.845428 
222.196562 
-7.451258 
-49.145460 
-70.604594 
46.115792 
296.718336 
-50.459658 
275.468308 
199.553674 
98.827285 
-305.789059 
-175.962858 
-242.303583 
-103.257439 
-80.212409 
136.015413 
65.128800 
-133.281946 
-81.078401 
-110.993163 
-86.206088 
168.532315 
-67.777956 
-6.855708 
83.141451 
-407.729521 
124.042290 
163.905230 
184.434102 
132.297264 
-241.638142 
-219.078938 
50.554727 
53.123045 
109.961982 
-134.432554 
-165.459084 
-151.819405 
-175.564054 
60.164874 
21.274747 
61.446925 
16.716718 
106.595696 
-64.170643 
-106.994875 
-141.592303 
-6.844843 
-117.311712 
35.263747 
-28.025902 
-85.204887 
-61.809391 
591.563220 
136.015486 
-185.219156 
-183.217704 
-1.446169 
22.391988 
215.583428 
32.893638 
-226.172881 
-74.957426 
80.476309 
29.472885 
-135.745192 
224.795684 
-76.745713 
-103.207113 
-132.714676 
52.345621 
43.046719 
154.609248 
405.625174 
-49.768691 
-0.399330 
134.128533 
-178.291029 
96.828540 
44.098947 
-171.567180 
-69.850854 
62.172102 
-233.419652 
28.336316 
93.068952 
-50.995568 
-255.076944 
-185.966444 
-53.945983 
-25.880688 
-59.969093 
92.041081 
70.934347 
-167.448715 
-73.134483 
-76.828423 
-31.330127 
92.210314 
-905.079501 
-12.735832 
358.632297 
67.039686 
136.012161 
122.993598 
-418.087039 
-54.254000 
-362.531664 
31.411816 
-16.205141 
131.289130 
-69.655700 
0.074480 
-171.115507 
290.721490 
-207.980608 
126.527679 
-40.673567 
-69.685064 
2.150150 
-65.659156 
-57.386257 
121.347044 
218.410634 
-58.478848 
-198.259845 
-131.951890 
55.775519 
191.532655 
384.194125 
-222.666093 
-28.376125 
130.482225 
-104.192677 
136.529237 
-41.766357 
93.550344 
48.373652 
78.056459 
162.950889 
182.499873 
-100.199420 
-52.891141 
-12.470742 
61.929906 
130.645188 
264.556299 
-82.746122 
-46.411785 
191.798886 
219.689443 
39.876417 
-24.771910 
67.711097 
251.920715 
163.909437 
183.265527 
-90.935770 
28.179717 
-164.457291 
-158.838317 
-12.732831 
153.269608 
-231.710005 
70.907692 
126.149890 
-15.069714 
61.543930 
-87.427652 
-185.810741 
113.052982 
-26.060098 
182.500206 
336.481721 
-267.234671 
133.456915 
20.590911 
36.810724 
-4.104169 
-240.407397 
92.657920 
108.127812 
-172.734895 
41.534455 
-60.443509 
-104.703262 
-2.374611 
-278.929106 
-230.736877 
-38.578377 
-49.918205 
87.079717 
165.007190 
89.530985 
-105.700029 
-136.831597 
-20.862256 
28.207172 
24.458192 
24.458018 
92.323686 
-243.913660 
47.133093 
75.460021 
32.004564 
27.402019 
-68.515177 
-92.337239 
145.317451 
223.887058 
-23.901517 
79.645000 
2.376553 
-56.357055 
-153.113881 
182.127667 
-393.907360 
58.710457 
-117.045624 
76.344240 
-59.674510 
10.315140 
-6.087303 
82.900377 
-66.636762 
512.610308 
-62.082336 
200.564781 
-22.027720 
-74.312715 
107.161362 
145.485392 
98.514852 
-48.557055 
-60.904528 
-39.916648 
-94.857487 
-25.533797 
-169.868651 
7.759777 
-72.350770 
-12.733508 
-117.068337 
-7.303489 
-17.600225 
190.378816 
-3.456683 
-150.704776 
-193.972150 
-95.517426 
-4.596964 
78.144874 
-3.438827 
-24.429076 
-241.472542 
-12.733225 
-174.509371 
222.457382 
15.157224 
-12.734049 
-31.949675 
-213.999258 
-126.592944 
49.927557 
-148.824743 
-183.638633 
-3.437596 
-219.458912 
-31.328787 
-115.203027 
145.045140 
32.401948 
-92.532083 
-290.637034 
-186.331245 
-216.635850 
1.279069 
41.851682 
-128.841244 
14.784107 
-153.245386 
-25.045331 
-89.847208 
-31.330042 
-91.160934 
50.625889 
-150.161554 
79.097245 
9.203585 
-85.418206 
163.905009 
15.154326 
-445.974177 
-12.735086 
-252.991998 
-85.486564 
-377.973371 
-83.685744 
-81.999099 
-87.951917 
15.154710 
13.919291 
-174.221410 
-96.697476 
-78.773013 
-116.162084 
51.602786 
-105.279236 
-127.821220 
-96.941799 
-75.057191 
-224.396904 
-72.152405 
-134.489307 
143.246836 
-263.993608 
172.142187 
-114.999566 
-165.899292 
-143.569906 
-115.003840 
-20.905384 
-115.001550 
-284.518779 
-174.238921 
405.621969 
-15.487843 
-79.359300 
268.450701 
6.520298 
-233.791606 
-45.584901 
-80.595257 
479.999765 
-317.424677 
165.794203 
20.889821 
2.651558 
19.658556 
541.563053 
61.186003 
-158.779989 
85.191501 
89.530797 
-105.563509 
212.730281 
136.015583 
116.481856 
178.540283 
-139.234327 
-137.826354 
417.035896 
272.310386 
3.000493 
-24.397245 
6.750883 
-20.021794 
146.040975 
82.749779 
-272.936890 
117.621639 
35.697224 
-148.300421 
498.595518 
345.252335 
-58.816810 
-51.966016 
133.343400 
228.302622 
371.896095 
56.058011 
-146.720731 
-178.084375 
117.422888 
-52.136680 
51.078509 
-82.477006 
51.078704 
-221.915733 
-250.986782 
191.811874 
173.201979 
133.145507 
-205.606487 
51.110948 
-245.607907 
89.479788 
-84.216827 
-4.622168 
61.590062 
-65.767369 
-42.190844 
-216.638133 
295.307259 
230.020446 
103.440224 
-40.539234 
-202.855019 
-163.416424 
-1.845443 
335.061316 
63.845591 
15.028550 
-8.810021 
-101.673227 
217.094561 
120.123979 
65.301104 
-248.466051 
-81.296769 
18.242224 
26.659093 
359.137000 
-52.027363 
-15.076099 
-77.037531 
241.998231 
230.656651 
-86.520246 
125.298850 
191.793810 
-42.370258 
-56.102196 
-85.475503 
-117.249716 
-57.290229 
131.295230 
90.468152 
100.244609 
387.029125 
112.418468 
-154.254757 
96.668597 
-0.220420 
-127.840028 
442.811910 
27.292062 
125.401726 
51.630848 
-18.944018 
67.756344 
117.424720 
274.047989 
-115.115117 
-57.391997 
-37.356097 
51.078114 
572.968548 
-234.456497 
136.013887 
30.817404 
149.878940 
122.355261 
304.815435 
113.129629 
-50.653682 
33.914340 
-28.582057 
92.230109 
-1.851895 
-212.019606 
-13.937148 
-94.762813 
44.025996 
82.394593 
119.736997 
-440.391497 
20.020222 
-98.153841 
-49.464578 
5.164399 
-152.514984 
114.526123 
-55.926381 
362.284455 
-135.525445 
140.613365 
140.989967 
-40.172580 
175.806966 
7.976643 
80.232822 
39.466881 
-50.479417 
-80.527652 
154.610330 
-22.425934 
-138.030083 
194.662090 
120.512270 
92.268307 
156.440352 
108.556637 
-257.504764 
-141.834822 
-9.279374 
-149.639978 
67.402126 
-415.698401 
275.463848 
261.517890 
62.142370 
-42.789045 
-184.767931 
-70.034746 
-101.003146 
27.650214 
-231.696282 
-129.910655 
-56.353730 
-33.364931 
2.559833 
-110.629582 
-50.513008 
158.420899 
-14.813664 
158.520628 
223.177266 
58.971819 
201.092635 
205.683867 
182.498706 
-423.449457 
-310.458310 
-240.628636 
22.524782 
79.137220 
219.686690 
32.878270 
-520.899082 
-147.029707 
-25.250903 
106.214482 
-102.105117 
-99.660092 
-120.856032 
159.916821 
-102.099862 
-111.641496 
117.421211 
249.926945 
97.584964 
-246.064882 
-113.135861 
42.596182 
101.667292 
122.946348 
13.061835 
-120.012618 
-266.093432 
106.632871 
142.603492 
24.273600 
144.478453 
14.016275 
-30.512965 
-89.483818 
-11.470516 
-109.815295 
-47.094188 
-124.017173 
-148.285946 
107.863317 
-105.666361 
-35.711967 
247.577092 
266.170919 
4.570832 
-179.975719 
129.187914 
-216.282252 
-106.479998 
-127.395559 
-277.066209 
110.440429 
95.483773 
90.537616 
-176.834178 
269.667450 
451.970240 
211.403263 
-130.835179 
43.045889 
219.686930 
368.437254 
98.828661 
-32.208987 
-87.649586 
250.487856 
17.484749 
31.170709 
-75.985115 
-0.018797 
129.723221 
268.253304 
-137.181675 
-208.014973 
112.882134 
-125.317595 
-191.604247 
-52.746638 
-64.674432 
28.462333 
-65.482081 
-319.514593 
-31.328854 
95.194755 
-5.137049 
-161.622890 
98.827725 
-33.152609 
-149.168272 
312.655371 
74.844246 
2.634315 
201.093811 
-35.666415 
-118.507478 
-39.956273 
195.282209 
-261.383791 
-6.371014 
9.789818 
-104.363959 
-37.475188 
-292.453231 
-185.005517 
-115.180339 
-236.950492 
-48.759761 
-36.657320 
149.218839 
150.724764 
203.582790 
-43.868319 
-77.002195 
148.750686 
50.671761 
-97.736569 
-153.951533 
18.356895 
98.429265 
173.471849 
39.278821 
-206.038465 
-139.792808 
96.704520 
-28.931022 
-80.660224 
102.581561 
25.007236 
84.341026 
24.453306 
-99.163047 
3.779906 
49.156826 
102.190030 
160.663383 
117.852274 
-173.640852 
-100.430459 
145.311709 
5.858868 
-52.172769 
99.147040 
28.763217 
-105.085722 
-12.734175 
133.295938 
13.252557 
113.980889 
4.940211 
-33.047070 
126.717208 
-108.748598 
-51.311405 
-38.629043 
195.571373 
20.707367 
112.279740 
122.749430 
58.177878 
120.478825 
90.799355 
-49.922919 
-368.339842 
-402.042061 
22.272142 
-8.995848 
-140.370908 
-22.682400 
-179.176203 
-68.304307 
-12.734232 
-156.171717 
-88.679314 
65.016815 
-113.784630 
-121.222238 
-411.324729 
-130.222852 
-21.798880 
117.421538 
52.607143 
-30.123993 
24.450730 
24.451636 
131.071942 
-98.604013 
-88.757042 
24.452981 
24.452468 
-12.883912 
132.915254 
-22.609300 
-57.390366 
47.244653 
-79.360809 
80.235018 
-148.701182 
70.937660 
73.287586 
-22.719855 
4.192788 
-85.028382 
-56.871702 
-188.209382 
136.814939 
228.985052 
22.086841 
89.172970 
-59.721261 
-204.109371 
-13.077368 
-48.637432 
-166.017045 
-29.600528 
692.087894 
-74.664293 
168.167117 
24.452180 
-128.059142 
-33.784214 
-23.200382 
25.983750 
-208.159916 
14.960537 
-127.604484 
-60.257996 
-10.229674 
-76.971279 
42.728683 
27.173288 
33.749097 
-152.784118 
17.503298 
43.535368 
52.015290 
-39.607281 
-118.337688 
-76.555864 
-109.247282 
178.523166 
-24.145624 
-22.031804 
-30.624426 
-190.449764 
-12.734818 
-27.404233 
-7.834039 
15.155947 
5.859210 
-205.341953 
-203.129346 
121.306827 
18.358063 
-20.815268 
-151.211956 
15.155913 
47.147681 
-12.734297 
-73.769475 
14.210766 
-61.091823 
-67.242176 
-79.762316 
-20.695469 
-143.745880 
74.159424 
22.295780 
-254.823684 
-169.006587 
-134.792508 
-162.024784 
-45.964593 
70.938560 
-29.539118 
-100.965901 
-87.212030 
-113.659450 
-31.850048 
20.034243 
-49.920292 
-40.624204 
-219.141178 
-40.624470 
103.790867 
-19.249091 
-176.966257 
-113.541267 
-94.696808 
57.095998 
-114.999097 
-10.335146 
-25.399327 
-110.282706 
-191.638725 
-40.623019 
-96.425736 
193.514052 
-95.526810 
-207.124423 
-183.024284 
88.483447 
65.445148 
-152.603798 
-78.543882 
-134.416658 
28.272546 
-114.999492 
62.190458 
171.131194 
-115.000088 
-44.285617 
-114.998119 
-159.482625 
21.085793 
284.768152 
-246.588436 
-183.054063 
297.472438 
-0.260903 
-197.356591 
33.751989 
-12.394024 
108.126501 
-137.108978 
5.190738 
18.398745 
-91.752824 
57.401585 
221.707655 
183.624622 
-41.804320 
83.588714 
89.532263 
115.789737 
160.919798 
312.656425 
261.565918 
16.809504 
-352.056835 
-136.357434 
216.440276 
271.965348 
120.976390 
26.879985 
23.170249 
115.597000 
203.698724 
137.292505 
-32.680094 
36.157981 
51.201001 
70.254953 
247.574652 
267.477247 
87.365375 
65.958578 
51.184127 
161.103657 
331.503738 
68.441106 
-83.110916 
37.567622 
294.059185 
-79.457157 
313.214607 
-80.644492 
150.865206 
142.404848 
426.743443 
-79.664479 
387.026886 
24.107979 
-133.826645 
84.298048 
-66.880605 
-7.439560 
121.381928 
24.016721 
164.544474 
-126.193876 
-153.976238 
8.516467 
170.632438 
242.194584 
-7.827150 
-63.759728 
-159.321563 
4.577843 
-16.508928 
339.812908 
520.750541 
-229.157642 
59.281808 
23.070373 
55.750122 
147.079131 
38.246397 
-217.614492 
-138.775577 
-33.128325 
35.441031 
321.953405 
-57.546462 
106.143247 
30.354180 
341.167451 
197.522978 
-0.085244 
-220.797028 
154.609962 
-115.238475 
-213.160433 
285.664139 
-65.847413 
-77.996263 
199.359146 
-29.432020 
39.285393 
461.407230 
111.248167 
-209.095393 
21.500822 
29.749921 
-127.546330 
517.188666 
99.361362 
-137.147054 
68.146216 
-58.138606 
153.959212 
117.425444 
319.175230 
-141.817183 
-97.840375 
35.622577 
25.208558 
405.626202 
-148.504658 
117.423820 
107.011175 
264.616161 
2.629387 
238.809066 
24.238853 
119.564471 
4.825162 
97.613022 
-26.026339 
-51.674728 
-161.772593 
-75.756743 
-96.232399 
-258.225745 
145.173135 
224.610415 
-110.350398 
-66.503440 
-145.965005 
114.431539 
31.553873 
-50.004033 
17.968429 
26.921655 
206.850497 
-40.189575 
256.322566 
99.186467 
170.667562 
113.788235 
224.352758 
191.797958 
-57.948035 
8.040690 
-89.994375 
117.424489 
-202.149023 
-221.358574 
245.180434 
-148.406613 
138.482402 
201.332844 
102.289615 
-119.749668 
-140.376570 
-23.992916 
24.998405 
350.010790 
-299.462468 
98.828619 
219.688333 
-29.840475 
256.703805 
27.339037 
356.529251 
-23.832644 
128.105251 
-221.242725 
-63.093852 
-64.228107 
-99.099003 
84.612548 
-139.030016 
22.742299 
78.050815 
259.527065 
206.809383 
22.613937 
288.202945 
275.465229 
95.038504 
70.933336 
-314.979659 
-164.062527 
-79.542918 
-88.566837 
382.009335 
201.090701 
-12.916003 
-397.970054 
120.325999 
-175.642142 
204.439199 
224.919766 
-183.694723 
-186.965246 
-13.871585 
-189.700253 
-61.482695 
228.981694 
197.170338 
-194.955787 
-1.588549 
187.335087 
-122.662991 
136.654739 
-5.637758 
-48.374554 
-175.090402 
0.698223 
28.007046 
10.080000 
57.207010 
-89.357525 
8.488216 
-52.661173 
59.937313 
170.005368 
-79.206774 
-10.329098 
-195.030384 
-181.016518 
109.915602 
140.406337 
-123.858780 
247.580300 
312.657432 
-175.663572 
-86.798578 
48.209197 
-119.729946 
90.567299 
99.621981 
-335.596899 
4.955847 
-32.886015 
69.474038 
-119.881767 
85.277495 
346.036290 
138.911561 
-94.482470 
219.690445 
98.829848 
126.723142 
43.051124 
-29.551295 
-42.855072 
403.779077 
88.933305 
61.837855 
-212.841913 
-194.579803 
173.600828 
232.762104 
-198.101691 
-108.734788 
-106.070241 
-66.584018 
-110.934488 
48.906751 
-44.739769 
89.709252 
-154.378305 
-255.656066 
219.688545 
90.871488 
185.542518 
-254.358973 
349.844695 
-168.550942 
-47.707162 
238.281554 
100.621395 
-111.311976 
61.639713 
43.666331 
-316.676732 
-102.555642 
-4.600659 
-344.702706 
-60.334955 
-78.918800 
-266.666639 
-79.460354 
-164.172359 
-95.886321 
-35.465975 
-128.226988 
-289.567135 
27.790340 
123.507024 
4.533594 
48.725500 
-37.056111 
-56.115904 
14.942620 
66.920288 
-233.656414 
-134.351673 
27.723452 
-75.568123 
-29.194478 
-58.364235 
-161.669825 
-254.418239 
2.422132 
-196.301221 
-173.397586 
137.294002 
-54.086448 
-11.255040 
-31.327941 
-174.000623 
-81.919170 
164.156129 
145.367430 
55.911276 
37.268590 
-51.257530 
-51.322518 
-22.030099 
-31.327796 
156.779832 
15.542549 
81.460820 
-105.083676 
219.688427 
-123.886464 
87.397285 
20.178966 
-171.021924 
-271.884383 
-49.921374 
-40.293570 
-31.540644 
-268.798550 
149.404561 
-39.588625 
59.774353 
5.150791 
34.689734 
87.242724 
56.179664 
89.533059 
-493.846983 
102.896423 
65.958847 
-65.688787 
-222.271563 
90.633218 
-190.428533 
74.535105 
5.860348 
-64.465240 
-380.233043 
-19.910658 
-181.958601 
-186.149955 
-475.112004 
-34.647933 
-88.187693 
70.938362 
-91.743194 
-108.206553 
5.857302 
117.422991 
108.573259 
-31.389152 
-103.345234 
15.157046 
5.858206 
69.230700 
-65.418297 
-37.131964 
-132.110545 
81.176728 
-6.602481 
33.750008 
-111.513511 
5.858548 
-125.791397 
-15.719990 
-3.659893 
-193.504204 
-79.504722 
-332.863586 
36.365477 
173.203036 
-20.373562 
-114.303167 
-128.919484 
9.011022 
-212.429703 
-63.520708 
-48.621242 
-45.695911 
401.269531 
-108.472074 
83.467139 
-3.435245 
-76.109699 
-32.048194 
-56.067557 
68.970988 
-213.280649 
-42.497380 
-43.341434 
-211.176910 
-103.357650 
-217.002356 
-19.200545 
-23.500119 
-40.624827 
-218.211362 
7.624329 
-1.695768 
-394.922037 
-105.206143 
-81.899410 
-174.783419 
-130.902183 
-9.613990 
-133.871863 
-49.923887 
-139.466558 
-139.414703 
43.047059 
-4.038673 
-116.185472 
52.342434 
33.749008 
-53.237505 
-267.729382 
66.738853 
40.138243 
74.924667 
-132.587898 
24.451062 
-19.105150 
70.935688 
-14.353033 
-119.294251 
-67.910660 
-210.638180 
-314.905447 
47.553941 
-97.278021 
-72.529230 
-47.898850 
-61.418085 
-153.346636 
-84.038238 
-97.604445 
28.204298 
-31.329678 
-126.059790 
53.607027 
-36.147368 
-294.557059 
-50.124324 
54.390716 
-3.437602 
-31.328077 
-163.128106 
-3.437822 
168.624350 
44.215579 
-32.706880 
-23.703780 
-243.569748 
115.391193 
-114.998029 
-16.267639 
-19.483321 
-135.257979 
-394.591867 
-114.998602 
-90.968845 
198.195068 
-111.839490 
-320.762669 
-190.358201 
82.233702 
-50.991849 
-31.367021 
-89.956799 
-107.192817 
64.469671 
-114.995989 
150.509024 
78.524737 
-114.995183 
-11.978336 
-114.995843 
-276.096940 
48.451225 
387.032540 
-55.208870 
122.222607 
-16.934286 
-178.386062 
-302.341038 
132.915994 
353.344701 
98.828766 
21.652032 
-164.132288 
-162.989217 
293.565714 
53.273873 
30.072021 
28.915603 
-341.481183 
14.279519 
24.452975 
134.412719 
236.913030 
228.984438 
285.708450 
268.328463 
-474.858963 
285.485207 
332.992621 
98.498836 
67.858024 
-65.928007 
-86.618547 
41.418942 
166.831402 
-39.807775 
-74.899101 
127.556834 
158.852353 
313.648731 
405.623935 
201.291358 
-2.561236 
36.354327 
216.870350 
219.279229 
348.430598 
-141.728602 
-58.244277 
-20.186945 
275.468100 
-46.311236 
241.004581 
175.260228 
139.444466 
-232.374828 
225.293229 
-91.811206 
117.420808 
279.976107 
66.612838 
149.437982 
19.925240 
129.456386 
183.942662 
60.035341 
305.842338 
-147.792562 
38.794884 
115.002362 
-73.810325 
100.824185 
32.802054 
-45.706876 
-61.405537 
229.776941 
35.548997 
269.971473 
531.211027 
-17.535681 
-10.627147 
218.912349 
144.187102 
177.770459 
-72.236032 
188.619085 
5.681660 
-78.493355 
-23.640209 
610.157462 
52.425072 
24.476724 
-40.360628 
-25.748663 
319.681911 
-13.886397 
-119.339590 
312.657495 
-3.776745 
-7.814355 
97.354043 
-25.507909 
91.727514 
-53.222458 
48.257516 
130.274835 
182.502421 
-48.667026 
-112.552178 
-80.582115 
42.106543 
12.206542 
43.048863 
-71.088836 
135.479591 
42.445554 
128.105606 
-45.354801 
284.765551 
146.208500 
-4.481637 
-102.259987 
68.822316 
-39.895722 
-12.733779 
-69.627582 
256.877259 
126.297778 
43.165461 
22.334601 
206.523097 
-46.965557 
175.761207 
-138.286931 
-184.633431 
-231.170875 
-185.065215 
68.228203 
-2.549879 
-336.227158 
78.661723 
59.373927 
257.309057 
65.707389 
-102.548157 
-98.832375 
16.646283 
-383.353239 
-201.140126 
-157.862522 
-55.244704 
-209.029245 
-111.551105 
179.092228 
-14.105233 
-60.620680 
-34.878249 
179.059269 
284.766685 
-197.004285 
203.878696 
-299.782962 
182.500688 
75.314906 
-333.935197 
190.494571 
34.783776 
-57.615677 
-41.250761 
-148.650288 
-238.565553 
134.982193 
-32.121824 
-139.001500 
91.590858 
-187.108969 
191.797168 
233.633362 
109.512302 
339.461364 
-15.282631 
2.720494 
194.276010 
34.387539 
-343.718345 
-110.463923 
-223.804100 
8.310307 
-200.413741 
-34.750363 
-268.597578 
-71.028940 
59.791295 
285.056486 
86.252758 
-71.448256 
201.093505 
69.489346 
70.937610 
90.356150 
-83.216330 
-78.463383 
-187.531899 
139.856037 
201.093383 
48.027170 
-292.111342 
97.930687 
79.057221 
163.279333 
14.566213 
-311.758140 
0.918264 
-3.650516 
-108.603055 
-76.458196 
210.390078 
129.997643 
-188.754965 
-116.628461 
175.939041 
-63.746650 
-0.912918 
39.990922 
79.544575 
-179.414053 
-266.840564 
40.482782 
71.138415 
74.884387 
-153.151354 
-358.627508 
-146.978624 
-66.786230 
96.969724 
3.251485 
9.158680 
-77.051420 
-233.872167 
34.637644 
184.614585 
-67.683803 
210.390029 
294.062254 
-368.297429 
37.554247 
55.607233 
-143.639472 
175.986826 
56.984543 
-255.244576 
-37.519966 
-253.506297 
-111.121833 
-84.896884 
41.148187 
6.458695 
163.133541 
-212.987711 
201.093530 
154.608559 
126.718075 
136.014518 
67.746798 
-82.370259 
111.501287 
6.315699 
-80.820499 
-136.316688 
-40.082899 
-14.870261 
250.157627 
-255.133507 
-131.053898 
-16.201719 
-35.319551 
-263.799659 
-55.660101 
127.555537 
61.821948 
-44.485413 
-202.934820 
182.499445 
-59.313624 
23.366589 
58.080894 
424.219217 
-64.940330 
-230.617775 
219.687541 
-72.600379 
90.063640 
80.234915 
23.832695 
-37.678610 
-170.502861 
145.311771 
-56.592287 
182.076387 
110.916117 
-11.251662 
-34.650464 
-131.576744 
50.351377 
-109.773899 
-138.325332 
98.222200 
72.221402 
-3.014055 
1.763765 
-280.142939 
-35.307987 
66.479692 
39.038767 
-145.888009 
-100.096345 
-149.760869 
-110.462880 
-26.363408 
-97.759927 
-43.338978 
26.649908 
-315.451662 
-2.720431 
-144.503943 
54.286541 
138.692903 
-3.679678 
-54.986513 
-12.733980 
-73.549954 
8.377488 
48.554367 
91.973050 
85.550011 
37.697137 
-125.830082 
-107.344063 
-12.733935 
5.859228 
-24.433632 
-104.422186 
-93.539126 
-263.749228 
89.531271 
19.380003 
36.235143 
92.008582 
64.126367 
18.196761 
-49.921692 
35.909836 
13.291914 
-51.241054 
69.877735 
-47.449188 
-164.411325 
26.108017 
-91.170045 
56.588238 
37.097571 
89.530591 
52.922661 
-259.101178 
188.204557 
-48.963083 
-233.451241 
60.604045 
-210.344964 
26.588718 
-68.515225 
-8.354477 
-94.402544 
-18.638821 
-111.903363 
54.935750 
87.612488 
27.543978 
-107.835984 
89.531282 
-35.690425 
-37.658370 
-12.734431 
145.313242 
-61.399900 
-60.083847 
-190.336177 
-31.328279 
-31.325241 
206.426797 
-65.416220 
19.474516 
-101.474297 
31.224624 
120.102876 
89.529707 
-22.611202 
-22.032013 
-109.722199 
25.525462 
-80.416293 
148.506278 
109.058745 
-160.426514 
-157.933150 
247.577814 
100.955706 
-37.741436 
-126.479409 
108.135797 
-169.166227 
68.125691 
71.603856 
39.280327 
-51.990723 
-172.395255 
83.796221 
15.156058 
-29.235630 
56.747247 
-148.483247 
40.669162 
-143.647764 
162.098275 
18.101595 
-23.524113 
-94.247617 
-62.377269 
138.024011 
30.148272 
-3.437336 
-171.296852 
36.925686 
115.908686 
-469.807568 
-24.267024 
-88.856475 
-93.893283 
-99.390060 
68.851662 
-10.599827 
5.859453 
14.796800 
75.668187 
70.936615 
-179.730449 
-181.345339 
15.155730 
15.156680 
-164.763494 
-189.790395 
-62.397252 
-60.578325 
55.970195 
-181.821568 
-12.734476 
-75.944722 
70.937655 
-13.596538 
-68.997909 
31.866658 
-196.446770 
-47.229387 
-57.670204 
-56.999655 
-73.516246 
30.588265 
-82.910126 
-114.805515 
-13.885626 
45.025361 
-39.162183 
-22.031570 
104.052718 
-57.741893 
-156.077614 
44.529223 
-8.358957 
40.090655 
-40.625254 
-59.218514 
-205.106390 
-59.219260 
-196.480306 
-36.720033 
158.681614 
-77.579244 
-143.130433 
-125.565786 
-114.999973 
-10.322099 
144.236152 
-91.092126 
-276.824762 
-114.999617 
-28.111120 
-282.081106 
-222.055285 
-6.704513 
94.276959 
-130.419852 
-173.918103 
-119.692357 
-30.890909 
-93.268650 
-86.071115 
-115.000534 
130.599762 
-169.004456 
-115.000023 
-106.649487 
-115.000910 
-209.944992 
-108.164249 
-105.703125 
-114.626210 
-117.764591 
-117.533978 
-118.707602 
-113.702923 
-115.000000 
-116.748120 
-115.000000 
-123.698084 
-113.523045 
-114.952950 
-115.830231 
-108.299935 
-111.768675 
-115.676785 
-113.388847 
-117.930609 
-105.703125 
-116.854573 
-110.298224 
-105.703125 
-106.446995 
-111.734515 
-116.833353 
-115.696996 
-115.654793 
-113.905257 
-107.867622 
-116.905408 
-112.580471 
-113.127129 
-114.695872 
-114.921630 
-113.881434 
-117.466625 
-98.941300 
-118.431166 
-115.000000 
-118.479656 
-113.614699 
-116.024008 
-112.050959 
-116.048656 
-106.953202 
-112.188607 
-111.737823 
-123.724595 
-115.000000 
-109.605955 
-108.153540 
-119.665254 
-108.938487 
-123.715820 
-109.576153 
-119.370825 
-105.703125 
-114.810911 
-112.086805 
-114.965680 
-110.111040 
-114.905328 
-119.883459 
-118.115812 
-104.180371 
-120.674729 
-110.968954 
-112.202330 
-111.915299 
-111.905456 
-105.091594 
-113.104403 
-106.898571 
-110.294836 
-110.851675 
-110.046275 
-124.916667 
-114.927286 
-116.755817 
-108.565004 
-115.514517 
-113.668369 
-113.523046 
-117.938110 
-114.955213 
-109.427809 
-107.676716 
-115.000000 
-118.549573 
-116.410180 
-117.635681 
-105.083333 
-113.416583 
-111.988215 
-107.236516 
-115.000000 
-112.252554 
-114.541749 
-119.418967 
-118.257856 
-117.901135 
-119.961090 
-112.389729 
-114.665686 
-115.000000 
-110.754945 
-116.828051 
-104.888185 
-113.609962 
-115.604841 
-115.000000 
-114.256276 
-115.684503 
-113.677957 
-112.554799 
-109.482231 
-115.000000 
-120.449841 
-109.961258 
-117.439295 
-116.268989 
-116.946288 
-115.000000 
-115.353171 
-115.000000 
-116.384645 
-116.777122 
-113.361138 
-111.972525 
-104.710545 
-115.965643 
-111.947644 
-110.933047 
-111.901350 
-113.810323 
-115.245102 
-114.779543 
-114.039993 
-118.518262 
-116.226011 
-114.311066 
-115.000000 
-115.753804 
-112.038330 
-111.893887 
-115.548937 
-119.359749 
-111.509804 
-118.342493 
-112.435502 
-118.029367 
-115.232340 
-110.795280 
-113.261338 
-115.129130 
-114.916136 
-105.703125 
-110.347243 
-107.789700 
-116.542053 
-115.000000 
-109.759585 
-114.515495 
-116.973284 
-112.624395 
-114.432961 
-117.129017 
-118.513195 
-111.662393 
-115.368687 
-104.750247 
-110.900306 
-120.999062 
-113.482328 
-115.000000 
-115.000000 
-113.617851 
-114.256276 
-118.100824 
-108.508067 
-108.143891 
-113.429944 
-116.755965 
-109.954844 
-114.490746 
-114.236624 
-112.251697 
-117.040055 
-117.876221 
-119.542428 
-117.055845 
-111.984435 
-114.461013 
-110.787982 
-115.000000 
-112.462781 
-115.000000 
-119.616628 
-110.227857 
-116.863217 
-109.950776 
-114.086352 
-105.703125 
-115.249005 
-116.461198 
-120.316238 
-116.584678 
-120.241417 
-104.855072 
-118.292258 
-109.686521 
-120.172908 
-109.857233 
-107.910020 
-115.000000 
-111.817735 
-115.000000 
-118.747673 
-108.686499 
-119.407915 
-112.899977 
-110.273973 
-109.094357 
-125.586038 
-111.246312 
-113.562575 
-112.973636 
-114.025283 
-119.466081 
-113.480709 
-114.766558 
-114.186670 
-114.221659 
-113.296475 
-118.320675 
-117.009089 
-116.431180 
-114.992255 
-114.571570 
-116.563419 
-115.000000 
-115.000000 
-111.297540 
-114.431663 
-117.108389 
-118.084019 
-119.262182 
-105.120668 
-124.008572 
-115.032175 
-107.944578 
-112.269980 
-114.475141 
-113.023386 
-112.568413 
-117.937418 
-114.735530 
-115.000000 
-115.000000 
-115.000000 
-115.000000 
-114.256276 
-114.867509 
-112.189723 
-110.507553 
-114.941848 
-117.861251 
-112.823521 
-114.670084 
-106.529734 
-113.746414 
-116.824559 
-112.917942 
-111.649697 
-116.038323 
-105.916674 
-115.095870 
-117.672400 
-113.801594 
-113.207996 
-115.000000 
-108.857967 
-118.327725 
-122.107461 
-105.703125 
-120.758156 
-112.050959 
-115.000000 
-114.866243 
-115.931826 
-115.000000 
-115.000000 
-109.182832 
-117.579525 
-115.000000 
-110.980026 
-116.384645 
-115.856545 
-117.634634 
-106.015394 
-121.373062 
-112.159969 
-110.815335 
-114.386132 
-116.644611 
-115.762497 
-114.437261 
-112.800718 
-115.161830 
-115.697241 
-116.557493 
-106.720714 
-120.357841 
-114.803164 
-113.571694 
-110.771076 
-108.467851 
-110.421757 
-116.366469 
-117.901135 
-120.029741 
-117.110785 
-116.216620 
-114.705060 
-114.921630 
-118.158906 
-113.911742 
-115.000000 
-121.685446 
-115.199796 
-113.721567 
-118.025322 
-115.697241 
-114.668902 
-114.642835 
-113.101628 
-115.000000 
-115.000000 
-114.358279 
-115.696485 
-114.894297 
-115.000000 
-115.000000 
-113.937899 
-109.095829 
-117.861408 
-113.246997 
-116.699288 
-115.000000 
-111.960990 
-113.970485 
-118.859057 
-114.678858 
-112.102128 
-107.375710 
-114.209989 
-113.004046 
-115.645876 
-106.998890 
-115.000000 
-115.000000 
-115.000000 
-116.127784 
-114.095882 
-117.667092 
-113.717291 
-108.636569 
-116.899717 
-115.000000 
-112.067465 
-112.985276 
-109.929123 
-116.425612 
-115.905515 
-116.048655 
-115.965171 
-115.740635 
-115.000000 
-109.671120 
-110.570344 
-115.000000 
-115.000000 
-112.929259 
-115.780063 
-116.899716 
-115.000000 
-115.000000 
-107.718034 
-105.083333 
-119.385246 
-111.070179 
-109.046584 
-111.770693 
-115.000000 
-114.418945 
-115.000000 
-112.521649 
-115.540017 
-114.371173 
-114.782180 
-112.121681 
-113.415456 
-111.239665 
-115.000000 
-114.144445 
-115.533788 
-113.609963 
-115.862930 
-111.330253 
-103.739410 
-112.980459 
-116.941319 
-115.000000 
-116.265691 
-112.245522 
-115.000000 
-118.728266 
-115.653663 
-115.081909 
-112.917373 
-108.564708 
-112.723294 
-120.276752 
-113.249007 
-115.191184 
-115.834580 
-112.445291 
-116.462001 
-115.000000 
-113.402544 
-111.385793 
-118.459371 
-105.703125 
-117.624547 
-119.095312 
-114.240159 
-115.090277 
-111.004965 
-118.282894 
-115.000000 
-116.796035 
-111.499871 
-115.000000 
-110.569081 
-115.075305 
-115.000000 
-115.000000 
-114.191003 
-116.396225 
-117.827092 
-116.870297 
-112.133389 
-118.592656 
-115.000000 
-109.855928 
-105.703125 
-114.820766 
-116.020241 
-113.331912 
-112.900614 
-113.284653 
-116.484453 
-121.081675 
-114.268691 
-109.890774 
-113.813415 
-110.636670 
-110.721027 
-112.895164 
-116.303160 
-115.000000 
-115.846527 
-114.885348 
-113.421594 
-117.634634 
-116.026322 
-115.360161 
-115.000000 
-115.000000 
-112.097723 
-115.000000 
-115.537973 
-112.059977 
-117.591931 
-117.174874 
-116.300071 
-114.517641 
-115.000000 
-113.672565 
-112.667819 
-115.864832 
-116.948053 
-115.000000 
-115.729084 
-112.753858 
-117.395040 
-115.804943 
-117.202344 
-114.495651 
-113.376065 
-117.698424 
-111.880258 
-114.295625 
-116.821856 
-115.000000 
-115.073472 
-108.980457 
-115.000000 
-116.198873 
-115.000000 
-115.964065 
-117.187134 
