-42.797200 
-35.675790 
-21.532418 
-13.719603 
7.737610 
-2.188383 
-21.833886 
-38.277852 
-42.797292 
-51.519692 
-15.747350 
-12.654181 
-9.812349 
-10.826095 
-0.909398 
-0.297840 
32.437042 
0.205845 
7.515201 
-2.777330 
10.476204 
32.671329 
56.590887 
49.490559 
40.730132 
38.974945 
17.244036 
59.593169 
45.580733 
14.165757 
55.913731 
20.297864 
27.004322 
10.954774 
-2.880583 
5.721761 
3.752063 
-18.066250 
-17.641250 
-24.512111 
-7.787394 
24.945122 
43.121917 
40.058905 
-4.434652 
-3.862543 
-15.130249 
6.981399 
7.515258 
11.066883 
16.421009 
1.795505 
-11.220975 
2.012368 
-8.879832 
19.060248 
7.515327 
16.152613 
-19.427759 
-46.344830 
-35.353247 
-23.228382 
-3.103922 
5.083372 
9.667444 
17.570838 
19.000577 
-1.742533 
2.726022 
9.611720 
8.623194 
5.186443 
2.282507 
8.263488 
-8.822480 
-1.872452 
-18.635504 
-22.729974 
-57.138840 
-60.467398 
-49.735148 
-15.670913 
-9.484994 
-27.053813 
-6.257466 
24.051694 
46.782937 
57.828581 
37.153432 
11.291426 
-3.462256 
-8.416191 
-21.614571 
-32.941250 
-32.845064 
-42.796513 
-38.302341 
-39.851320 
20.341055 
54.872655 
15.770643 
0.616837 
-30.528942 
-55.988707 
-67.952528 
-75.196020 
-69.229176 
-70.799052 
-42.920384 
-25.220246 
7.515568 
-8.316594 
-33.045168 
-23.538459 
-18.715572 
-5.609993 
32.670885 
27.796848 
28.164845 
6.570182 
18.134897 
-4.518259 
7.515989 
-30.297775 
-17.640378 
-48.502332 
-42.970840 
-27.380284 
-32.300985 
21.081562 
13.171710 
9.058172 
-4.207269 
-8.513338 
45.514719 
18.384992 
-1.605441 
-17.053424 
-29.038396 
-39.402456 
-18.078115 
-48.299769 
-19.126118 
-13.895596 
-34.455405 
-11.426009 
-19.888973 
-43.410179 
-61.982124 
-75.119833 
-37.257049 
-31.507002 
-16.821413 
-35.505916 
-25.908067 
2.778493 
7.515581 
-11.197382 
-51.182797 
-72.890854 
-42.796583 
-68.760451 
-60.080373 
-32.081470 
-25.247384 
10.691350 
-21.717561 
-13.223028 
-40.282091 
-45.066466 
-26.028710 
9.544521 
45.454086 
65.987009 
95.562633 
108.140794 
101.544547 
58.766957 
4.117015 
-44.994087 
-67.533354 
-60.524763 
-47.122845 
-28.030780 
6.280504 
19.781492 
2.557185 
-13.944245 
-32.673009 
-23.377763 
-24.159446 
-2.804034 
-5.039124 
20.527750 
20.093638 
35.030776 
32.671801 
-5.869165 
-13.344079 
2.133884 
22.388684 
32.220339 
32.671760 
15.775992 
2.599494 
-11.423839 
-59.071625 
-24.870323 
-7.647062 
33.718444 
41.299370 
55.196383 
52.562597 
31.360660 
7.515450 
-18.479097 
-0.031849 
-44.913759 
-20.785794 
-10.196952 
-24.151641 
0.886027 
1.532152 
4.150160 
10.120578 
-2.004218 
-11.381107 
24.864932 
-0.715181 
34.425052 
22.569101 
6.251527 
-3.754650 
2.953235 
11.877797 
4.676023 
21.537315 
29.275241 
18.100671 
30.775858 
20.093556 
32.671712 
13.616869 
18.758731 
1.528758 
8.167177 
-23.905593 
-1.702095 
-44.612627 
-44.973820 
-47.479426 
-73.329384 
-40.612634 
-14.386454 
9.621156 
-9.629477 
9.718176 
7.515601 
32.671954 
20.093816 
7.515572 
-8.316607 
-36.334191 
-28.058831 
-24.213840 
-3.994469 
7.368941 
4.401556 
42.216858 
52.777843 
48.531227 
46.112765 
23.831500 
-16.426663 
-1.534925 
-12.430815 
3.163346 
20.028083 
11.178354 
5.345682 
7.515372 
30.585866 
38.497643 
40.133914 
20.093600 
8.685019 
-9.339197 
-17.640778 
22.830970 
6.210973 
-17.640756 
4.999760 
-0.682596 
-12.428309 
13.017840 
-11.352423 
1.809463 
-5.425838 
-11.804504 
11.448617 
-6.268049 
-39.238435 
-23.876119 
-9.833815 
6.508670 
31.498076 
62.113096 
62.773747 
43.841785 
45.155867 
35.368103 
46.434175 
5.222678 
14.977156 
-3.380783 
-8.763421 
-3.068271 
-4.173827 
-10.310088 
-21.964384 
-56.572450 
-63.457693 
-45.485653 
-38.878594 
-42.711556 
-49.895442 
-25.440554 
7.515310 
11.914567 
44.609150 
9.461065 
15.882060 
-5.156338 
2.873162 
45.787156 
27.655031 
20.093568 
-17.640706 
-7.129405 
-9.543136 
8.825084 
-21.832430 
-30.218476 
-53.669243 
-62.372547 
-70.156416 
-84.264502 
-84.536029 
-93.109307 
-101.430836 
-135.799254 
-146.134652 
-142.724745 
-148.749016 
-137.120364 
-117.989836 
-93.217462 
-71.473440 
-57.838206 
-42.796527 
-19.998270 
-34.148908 
-37.149317 
-15.991417 
-34.754087 
-35.874193 
-40.732333 
-27.439574 
-17.640562 
-22.473358 
-14.449487 
-9.536862 
16.520392 
2.540511 
9.399326 
-16.777476 
-15.540353 
-17.640462 
18.512560 
29.068659 
57.828095 
82.985106 
74.415026 
55.374769 
43.836580 
57.827550 
57.828162 
57.726090 
58.665668 
53.130799 
61.718163 
67.007581 
56.445912 
20.093343 
-7.420334 
7.515146 
47.065217 
26.159946 
45.365170 
41.741280 
47.120559 
66.164849 
61.078687 
95.561959 
49.288809 
20.162587 
24.162993 
41.361845 
33.568366 
30.392780 
33.872227 
17.908226 
7.171676 
1.487533 
12.409895 
7.515601 
-7.463801 
-25.589446 
-2.078999 
-14.821466 
17.419906 
27.516170 
20.174725 
36.005086 
11.232623 
20.202461 
41.306312 
29.539509 
32.671892 
45.371846 
47.878883 
70.648416 
105.142799 
114.321189 
125.311015 
118.215950 
108.610361 
102.757342 
80.356927 
32.672145 
63.862442 
62.353188 
70.406261 
80.167624 
50.597725 
45.250117 
7.515757 
-17.827888 
-10.723015 
14.831979 
-18.029456 
6.780034 
-1.019049 
20.093609 
47.841469 
20.093738 
1.672481 
-1.681160 
6.053696 
52.194745 
63.914384 
82.779577 
84.066876 
73.492635 
61.612035 
77.875603 
50.285539 
49.578033 
24.287585 
2.128437 
7.515525 
28.295949 
28.065163 
3.628739 
0.773633 
-5.931929 
-0.484175 
-5.062628 
-5.062545 
-10.650331 
-42.797091 
-59.686047 
-15.773090 
-20.487475 
-15.881659 
-30.502684 
-41.794862 
-17.640657 
-12.598337 
11.876370 
19.645616 
14.863539 
16.163113 
38.239170 
54.999136 
36.369221 
11.357038 
-18.835467 
-38.795577 
-25.285748 
-31.233617 
-11.310183 
1.455108 
5.708155 
-5.062463 
1.932662 
16.229774 
7.515804 
13.430032 
-5.062275 
36.937322 
44.991531 
32.665257 
-148.984123 
67.377691 
61.142076 
91.088858 
-37.879065 
45.244188 
106.841282 
-17.645644 
-298.279070 
58.714915 
-308.240321 
93.469965 
-126.375827 
144.176531 
151.533681 
-25.806258 
23.826742 
-17.643817 
36.144550 
-3.130098 
-17.642533 
-104.645305 
58.659115 
-15.023709 
-164.870421 
-436.350112 
25.246793 
-149.776282 
16.719613 
56.395798 
-65.787156 
-31.598030 
23.250905 
-100.604842 
311.251772 
-51.678447 
88.691830 
7.516662 
121.287683 
-94.256218 
-117.700615 
-228.295941 
31.052909 
266.316602 
-63.476882 
-151.809569 
8.669519 
-17.636836 
-0.597388 
27.828796 
18.159609 
22.837324 
-18.426722 
24.613486 
-123.200211 
-17.638141 
122.862187 
-125.418814 
-103.788816 
-47.754775 
-2.544849 
-10.757597 
224.223915 
71.256574 
-74.890097 
241.502549 
-221.276776 
-37.441575 
145.911471 
170.877101 
42.049152 
-5.941876 
242.641473 
-2.435473 
109.402739 
554.814763 
-73.154027 
48.724772 
33.404148 
299.721921 
265.777284 
177.679530 
2.207956 
321.039612 
147.617220 
217.564578 
598.686718 
-6.685373 
404.297203 
65.846358 
246.502189 
220.345191 
12.800689 
365.122914 
460.328820 
2.443378 
131.199972 
178.333053 
287.770692 
-149.741749 
-83.135824 
102.312815 
15.566658 
334.553771 
223.270572 
-183.556232 
341.937655 
100.688918 
89.988187 
133.305086 
370.285630 
189.690755 
-39.784577 
-195.154004 
175.721911 
208.782164 
125.299582 
-282.391336 
-177.565208 
170.773179 
64.997566 
70.407494 
-383.217643 
334.552024 
-105.733858 
48.256048 
-62.800446 
199.539396 
157.063825 
-63.932187 
-321.836162 
-199.309218 
108.163006 
-47.264935 
-181.496900 
-69.221918 
-44.311791 
-65.871223 
-281.768365 
32.919722 
-71.878968 
142.039106 
-116.526733 
137.542984 
-526.308482 
-571.059315 
-181.101538 
-118.623965 
85.448448 
-72.653001 
39.277463 
206.344240 
-9.103547 
-29.966884 
-83.596115 
133.298750 
-140.674671 
136.108421 
-554.110825 
334.549864 
-87.008372 
-179.571669 
151.568724 
-45.119260 
116.518474 
159.037099 
-500.958459 
129.239008 
-106.750670 
-72.698508 
494.458513 
-121.527539 
336.112379 
7.514552 
70.412893 
372.995703 
-554.572603 
-106.960538 
-40.121361 
108.793588 
132.987969 
-46.784036 
-22.782471 
63.600927 
42.070970 
-360.686222 
99.858528 
-29.049579 
-31.839392 
90.064732 
55.209660 
-169.901436 
-36.025071 
-42.795372 
299.681877 
334.547359 
-431.308871 
-45.268779 
-101.515754 
39.918355 
-58.869359 
158.455823 
263.437499 
-443.330007 
-139.356269 
55.834480 
-72.853103 
-18.162506 
-214.032649 
-102.759059 
-253.156974 
-85.642417 
-76.560918 
133.295318 
118.603722 
-183.673757 
-119.400024 
139.995601 
-60.334090 
122.641731 
-140.710453 
129.390114 
-40.209932 
-145.904615 
-76.415194 
-11.218442 
23.437291 
-264.041654 
85.474388 
-71.252803 
117.333920 
-138.318148 
-113.907601 
202.097358 
-227.967344 
14.674092 
392.865061 
-65.807980 
113.878259 
32.674083 
133.297271 
-53.937775 
-395.350738 
173.010282 
-56.962112 
-208.361785 
339.921184 
-324.330009 
235.292058 
-133.875720 
94.161376 
134.937004 
315.403655 
-317.854133 
98.943724 
-196.766424 
82.986334 
372.287486 
32.676115 
296.817781 
598.372186 
-450.728997 
99.355723 
-29.264645 
240.291083 
-168.036460 
-96.846230 
-91.094358 
328.657633 
-340.994125 
3.686898 
83.479621 
-132.153297 
-206.320368 
-125.433145 
-28.947247 
135.776394 
-65.528873 
104.074365 
171.034852 
-172.426885 
-106.579690 
119.152995 
32.674254 
110.966832 
-325.932443 
171.034174 
14.597617 
-102.901640 
133.298070 
233.083822 
-168.848813 
-5.397854 
-427.217180 
-218.994940 
-93.157771 
-108.700136 
-5.470468 
193.562876 
-197.073810 
7.357817 
144.492557 
240.993850 
-26.578838 
65.719366 
121.927335 
-87.808636 
81.484929 
231.081864 
144.323268 
95.804098 
-86.925950 
-272.547726 
-191.930934 
28.401760 
175.921871 
56.669634 
34.294831 
-174.902178 
-346.189726 
163.457180 
48.159861 
39.708893 
117.168663 
-81.790098 
-64.784169 
158.454025 
-124.013376 
216.843628 
9.683312 
45.166026 
-259.469183 
220.534360 
-151.673742 
-41.297861 
32.675125 
347.126936 
148.827254 
-217.781010 
95.794522 
-156.001175 
-17.638407 
-29.725144 
-63.269758 
-148.676116 
-338.088618 
59.486775 
271.656682 
192.311755 
-189.352196 
97.954996 
-60.592041 
-227.817085 
41.715194 
-195.096810 
26.628218 
-18.659090 
-173.960131 
171.033002 
-112.764777 
-32.576768 
-130.311827 
-85.776621 
-206.089241 
131.366581 
-245.533459 
135.925740 
321.969997 
229.313903 
-165.976419 
25.511798 
-69.191213 
-65.361211 
-284.818320 
-283.720699 
-6.143268 
95.565266 
30.840122 
-41.814005 
-17.640300 
183.607852 
10.635254 
-8.297296 
-238.051957 
32.668268 
246.491065 
120.568738 
-236.501555 
-0.808934 
48.820063 
30.768050 
29.543290 
-42.797202 
-59.308651 
145.875566 
81.407205 
79.914482 
104.381956 
252.099802 
-89.343629 
115.848191 
41.841550 
45.251095 
112.996083 
-7.078268 
-60.306993 
-84.887111 
88.856900 
-205.654295 
182.543455 
14.818886 
293.429185 
-158.437297 
135.916030 
108.144784 
-94.427283 
698.229297 
-23.299006 
122.777556 
-353.536336 
-24.626226 
-40.236711 
-63.253806 
10.686668 
-71.221626 
-175.691949 
163.669311 
-42.792284 
-142.412590 
-34.357763 
-89.102323 
-180.901311 
65.870335 
-188.819981 
217.309473 
35.498422 
252.466634 
-37.364743 
70.409174 
-25.870738 
-167.354968 
20.095794 
-258.158381 
-311.828507 
-5.061582 
-30.217657 
-187.237843 
-140.507952 
48.493823 
-151.107173 
79.363673 
-292.234498 
-42.794674 
-124.689178 
-42.795178 
65.079302 
-128.310195 
-18.011476 
65.261983 
-520.784093 
69.773249 
-201.619679 
-93.226182 
33.096969 
-261.615135 
-167.567157 
44.423193 
-322.526403 
-57.031179 
45.250626 
71.186432 
63.263257 
-395.697741 
-156.407796 
-61.780061 
197.770350 
20.094306 
-17.640154 
-163.114206 
196.190158 
-143.762474 
-125.783067 
-149.055473 
-79.006232 
-0.924491 
20.512705 
-67.951996 
8.704666 
-49.018284 
-266.339421 
-236.481659 
-87.603307 
9.990544 
81.581577 
63.717510 
85.347736 
-184.422382 
-117.418365 
-139.272650 
-220.036190 
-38.808094 
-77.940198 
107.486414 
-42.797300 
-85.059469 
-57.523814 
-5.056246 
10.195317 
-155.996842 
-223.489436 
-26.700087 
82.975138 
-91.049212 
194.991903 
401.249031 
481.226398 
-236.857136 
-88.922658 
202.182392 
82.977968 
-405.958291 
192.509076 
-173.083629 
244.519032 
284.755972 
348.941604 
426.267398 
56.572659 
53.355170 
271.649464 
134.071275 
-153.323794 
548.369811 
91.618890 
361.556324 
60.629812 
-0.530734 
-518.239653 
-144.933673 
210.466400 
33.225566 
67.422571 
60.682076 
311.604747 
239.774460 
97.263151 
404.233395 
370.111789 
64.532716 
108.142413 
394.383647 
-78.302264 
-347.476611 
-61.139139 
21.647493 
565.238279 
247.154528 
-307.219345 
-88.183273 
259.081204 
-3.106581 
659.892394 
144.776589 
276.157057 
211.129854 
161.706726 
82.286976 
875.412714 
39.388714 
-9.050090 
-44.493145 
5.002663 
-43.016642 
-247.385297 
187.862257 
272.512468 
-80.888991 
303.887607 
-9.652776 
237.216891 
180.339810 
336.111139 
76.195271 
0.607184 
11.761445 
368.696195 
152.330113 
724.520101 
-40.308488 
106.252120 
-135.990304 
247.564709 
394.431280 
185.358039 
-53.191061 
167.756405 
264.198135 
-21.354172 
548.377739 
-132.881119 
341.394694 
217.382182 
246.501053 
124.931034 
-54.729654 
-3.929975 
447.752216 
-125.864651 
158.650167 
172.540106 
241.422274 
-182.016428 
-168.954958 
280.283405 
-226.876889 
309.394918 
186.230582 
-474.565549 
459.559109 
118.617278 
275.819316 
145.873987 
233.961327 
-214.553713 
-56.290326 
-506.649600 
167.552969 
221.348082 
146.895026 
-441.615509 
-250.549736 
267.186955 
87.279096 
145.879378 
-406.622714 
334.547897 
-218.581562 
41.400667 
11.324820 
183.149950 
-173.324795 
200.152206 
-463.059334 
-247.656029 
41.910436 
101.335233 
-116.946986 
-194.004956 
-365.564714 
-301.255737 
-363.284461 
68.108217 
-15.277327 
-97.506508 
-577.736852 
45.477650 
-649.398150 
-682.725639 
-354.894489 
-102.189371 
-224.870110 
-239.459506 
88.709089 
303.422792 
-75.753253 
142.057270 
-170.868508 
158.451642 
-155.750292 
-19.558313 
-369.059471 
321.971706 
-124.778611 
-157.603716 
24.615537 
-24.362787 
17.765896 
74.047051 
-444.345973 
164.191508 
-105.892484 
-243.298515 
292.491625 
-43.172941 
-47.260421 
-5.065520 
158.450360 
252.558443 
-334.905149 
-12.861895 
-323.951170 
-182.852153 
514.857831 
-181.895736 
-23.625481 
-98.879203 
-91.967835 
-386.450667 
204.987648 
152.822072 
-129.729606 
248.036631 
84.850920 
126.409292 
124.744528 
510.641175 
269.524858 
548.371383 
-552.718966 
-138.178635 
-27.615744 
-43.763171 
-24.857490 
271.651745 
-90.383594 
-654.463669 
-2.974212 
-560.459932 
-20.781681 
253.161807 
-178.418141 
-210.923611 
-295.814509 
-70.266307 
25.133642 
498.060514 
-81.923125 
-17.642709 
-185.228507 
252.524271 
93.050666 
324.712071 
-122.103347 
198.470140 
-111.112031 
-28.649557 
-90.330149 
-163.390599 
-148.945208 
-381.646967 
121.797081 
222.721875 
-95.475592 
-217.037898 
-18.375984 
134.369305 
35.940115 
-77.116979 
137.335928 
-148.063110 
44.850022 
183.611945 
699.313832 
-357.694681 
-227.274770 
-219.874483 
-34.013104 
-249.363807 
120.917765 
-742.770715 
141.965179 
-44.491841 
264.193474 
-104.800140 
356.695995 
-325.203055 
-21.735280 
-82.773102 
372.281844 
20.095189 
347.125851 
108.139780 
314.459130 
-48.614948 
375.202517 
-104.772964 
287.908097 
-423.532676 
-323.509006 
-13.233357 
444.596914 
-330.731472 
127.311285 
58.526994 
-64.927922 
-485.812001 
-124.821467 
-255.280618 
168.914428 
-252.148791 
192.380955 
221.341704 
88.364701 
-94.077549 
-250.708063 
271.657434 
-208.998277 
-522.649684 
-42.796158 
144.887239 
8.354997 
573.532613 
-88.916509 
-121.288238 
-166.230479 
-479.101643 
-17.180329 
20.391106 
-14.806929 
-339.548851 
378.655894 
-62.118773 
96.665549 
194.815722 
331.181781 
-295.014709 
265.229774 
247.810234 
-117.547999 
198.883572 
333.725164 
120.047420 
171.868341 
-104.520276 
-213.620167 
-164.670743 
-25.963743 
233.034473 
-191.072227 
-245.393768 
-169.439557 
-393.692781 
326.315434 
-40.886636 
92.626869 
51.941772 
-138.133829 
341.688121 
850.251898 
-620.438900 
188.912328 
52.087804 
-141.941105 
-282.600977 
242.483205 
-321.168411 
-152.863740 
397.438170 
221.344308 
351.710324 
-166.437378 
124.111658 
-357.252813 
321.970167 
-287.549464 
-90.393041 
30.125481 
-366.766252 
-164.849745 
171.031903 
36.363597 
106.017222 
-73.248007 
-322.667715 
117.809865 
239.817615 
-25.465751 
156.612798 
-76.797008 
-23.323872 
32.671618 
-187.434950 
-240.113633 
-127.049250 
-371.183116 
-182.811237 
207.134534 
-163.837466 
190.541808 
-17.634179 
21.903459 
-441.324321 
55.481195 
184.762433 
-60.697185 
-480.792989 
45.423582 
275.062261 
-5.056006 
-45.736066 
25.261102 
133.298528 
120.726348 
-78.967409 
3.921815 
-95.390688 
321.972599 
145.878036 
154.496778 
-303.574854 
-201.617760 
229.089860 
241.028900 
12.080243 
221.350965 
-393.408303 
-17.636290 
-67.859651 
143.956087 
211.582802 
205.762641 
-191.360874 
-74.163467 
266.377428 
259.087842 
301.882553 
-204.962358 
64.945989 
-455.356110 
35.037018 
-351.672607 
-88.403252 
-64.701278 
215.207598 
-17.517804 
275.907411 
196.189890 
-94.649437 
311.765779 
146.306955 
322.084510 
-285.555753 
-142.843254 
171.368424 
-121.236423 
58.072171 
111.009185 
5.784502 
32.383539 
20.097088 
-286.826182 
92.920363 
-230.458779 
-201.642470 
314.834167 
-123.810681 
96.557575 
117.676305 
209.803046 
-37.716224 
7.519795 
-132.413884 
-331.396603 
7.520332 
-220.045312 
-316.906859 
45.253162 
7.519547 
-154.031251 
-104.429975 
-218.278559 
-107.390793 
20.036112 
-323.395902 
70.409123 
-162.409409 
32.674867 
-180.593092 
-81.719537 
-109.512989 
34.420392 
-470.148773 
33.448508 
-461.897508 
-142.407567 
-75.195468 
-116.612705 
-180.892389 
-29.884698 
-240.240158 
-23.521965 
32.674980 
71.178217 
173.440870 
-389.249435 
-150.874804 
72.608609 
246.171680 
57.830109 
70.407777 
-89.861036 
-67.950990 
110.363484 
-122.685447 
-203.210809 
-222.886442 
-52.580522 
6.519198 
20.091418 
67.141563 
-216.166671 
-113.314117 
-224.475094 
-119.838612 
-75.474643 
-48.159108 
-144.154561 
-230.825911 
-240.275098 
99.881486 
-83.067841 
-287.531448 
-50.538525 
-77.366555 
-30.497322 
-5.066176 
-49.073840 
61.617557 
-156.004473 
22.647286 
-156.004188 
-243.013606 
-0.120586 
284.237789 
87.425820 
-194.453689 
260.213114 
-96.033987 
-458.927619 
139.170152 
-40.144486 
233.925408 
-257.340524 
233.935209 
-96.373893 
288.907745 
4.124396 
423.467260 
117.966950 
-104.138466 
-62.356079 
108.143572 
125.888881 
127.323998 
57.830235 
129.385136 
327.932588 
-397.461051 
-9.801195 
-149.361114 
363.572400 
224.867408 
114.439214 
296.918559 
10.891479 
62.929835 
11.438201 
300.161323 
98.376747 
126.822387 
-287.523344 
259.080193 
280.554909 
131.001847 
-34.719199 
119.756677 
-80.518938 
554.909384 
414.981695 
63.639887 
-327.793197 
296.815474 
95.796348 
375.223103 
-219.289562 
175.720324 
85.343835 
365.899677 
-102.043446 
259.080313 
-53.579176 
-64.502555 
4.512628 
207.295498 
217.064063 
27.266198 
13.404260 
313.404786 
-279.887541 
398.181429 
-62.392630 
-257.542995 
374.245456 
-163.482537 
153.569501 
126.041208 
-60.635020 
-84.994997 
232.766107 
972.890328 
83.055381 
-48.313959 
-61.134124 
189.541551 
150.275445 
-37.080187 
-55.267937 
-119.886032 
-24.152709 
-44.028088 
171.033514 
-38.324392 
360.910857 
194.207813 
152.586584 
310.344520 
-86.198166 
-88.303243 
246.501989 
-155.739378 
-19.299428 
204.187263 
-41.830433 
177.055402 
-205.970481 
90.691159 
-191.308326 
309.391891 
368.853464 
-428.238685 
-103.029872 
219.538881 
-156.992668 
133.297297 
298.075110 
-147.717246 
290.177809 
-292.695562 
-172.416924 
208.762797 
133.952008 
-222.799749 
10.433932 
407.853183 
-22.976732 
7.516133 
-4.028143 
523.216661 
31.876676 
-18.561914 
-126.258047 
368.840992 
-221.491981 
189.483068 
82.488975 
148.569837 
72.346365 
-106.018990 
50.535077 
26.720192 
-524.616389 
-91.766616 
-18.264917 
-9.823117 
157.667185 
-40.095095 
-292.062845 
211.555676 
-255.966319 
-211.503829 
-175.050301 
-193.993704 
312.031025 
156.066271 
291.597767 
-13.567158 
-168.705118 
-1.772960 
71.003593 
321.970310 
146.177753 
-218.270144 
-316.517295 
410.016544 
16.956063 
-140.856390 
162.600748 
44.978146 
8.446750 
19.374651 
-308.125527 
91.803368 
-135.539525 
-223.975528 
131.129876 
-209.891269 
-400.487469 
57.830641 
221.344917 
240.257542 
164.805124 
-224.687755 
-24.738285 
112.252210 
31.712287 
-279.168503 
166.732697 
-269.640064 
-78.092220 
-220.570322 
37.453859 
-44.143059 
-38.138620 
428.412092 
33.498641 
-27.478917 
-192.464706 
586.109786 
40.739629 
573.532023 
-357.801272 
57.491546 
-225.111111 
-102.858307 
1.925902 
334.547150 
83.793871 
-921.957172 
-487.951151 
514.417376 
125.605482 
329.513825 
-192.997447 
107.278257 
73.218453 
-46.606797 
-171.304370 
472.906808 
-56.615400 
-218.052305 
-136.767573 
203.639723 
-308.410648 
-137.835092 
58.786401 
302.696764 
114.687379 
-220.806424 
60.052645 
39.728654 
10.633696 
-189.397630 
157.559787 
122.320630 
226.434590 
-69.971764 
-63.932541 
-103.191608 
204.756021 
-275.074598 
140.315882 
-215.395658 
-84.938236 
233.922249 
598.688686 
-361.802382 
-132.669300 
-27.823228 
116.377089 
89.976795 
289.697330 
-602.523731 
158.913986 
-229.840670 
108.616005 
-224.919374 
239.539430 
-63.241770 
18.293660 
-144.298693 
171.032035 
-30.217700 
221.344471 
133.298320 
-171.507501 
-165.636264 
235.212851 
-51.408340 
229.788641 
-175.407113 
-257.661755 
-2.859961 
388.641756 
-13.410266 
-102.625285 
-47.072886 
54.168751 
-292.121245 
142.481048 
-230.465470 
-28.444434 
-125.738040 
-54.175078 
45.251624 
-248.844210 
-286.341018 
-24.693813 
271.658339 
81.982037 
-249.882705 
32.673383 
15.536424 
49.875026 
523.221106 
45.251423 
-109.976344 
-186.954046 
-177.222524 
163.521151 
-106.479409 
85.870390 
-57.368160 
71.246756 
-284.409873 
168.610234 
-194.026227 
25.612468 
-235.544876 
13.751222 
159.858116 
-222.719235 
-231.307874 
-242.083794 
99.895398 
-47.048140 
79.526493 
-20.740800 
-132.104084 
50.212393 
38.292480 
155.192450 
-90.341333 
-288.333685 
-382.138768 
218.567101 
-165.906038 
-124.949080 
105.353825 
-91.654867 
20.342141 
498.063302 
83.326516 
-23.469490 
54.423885 
17.325527 
97.524916 
41.137210 
-226.405342 
-169.409538 
221.345608 
108.141295 
87.797376 
-209.063503 
-295.431148 
-303.579261 
246.500859 
-151.161291 
32.763642 
-162.044611 
-30.054500 
-79.091041 
171.030810 
-39.319701 
62.029284 
-104.004544 
-134.402992 
109.267571 
-54.680708 
-38.148502 
132.401425 
235.243818 
25.948015 
7.515752 
-112.761275 
-255.840301 
174.337331 
-82.481934 
-206.668098 
180.771589 
-45.979173 
163.629326 
32.672376 
32.746468 
-315.571295 
78.494448 
3.680218 
-91.590490 
-216.316833 
-36.077014 
60.543982 
95.562248 
43.522358 
32.054485 
158.451771 
145.873704 
-41.125685 
0.941917 
-326.082196 
246.500183 
70.402027 
179.767978 
-102.333775 
-204.230782 
5.016195 
117.691361 
-49.833397 
70.399083 
-101.756895 
-17.642669 
-30.622294 
130.778813 
86.736807 
204.221010 
-125.737685 
-280.783265 
93.188459 
108.137611 
-115.738108 
120.630098 
-48.798113 
-283.466434 
-189.015984 
118.269650 
-101.948061 
-75.025580 
-60.141759 
14.770213 
214.957664 
120.719180 
-268.014700 
135.922358 
-180.437121 
58.856717 
-154.749641 
18.955884 
-343.685338 
-416.798568 
-128.826205 
55.183559 
52.146471 
31.813201 
-42.797054 
-216.386403 
136.766432 
34.684242 
-522.535051 
48.127003 
-306.959328 
-125.871670 
-7.318014 
45.672522 
-289.176519 
-42.795141 
-215.213962 
-155.411564 
-42.796176 
-394.238789 
-279.263456 
32.672173 
45.250999 
-229.792653 
-254.241179 
-132.402107 
8.292279 
-56.156208 
-264.244916 
-30.219403 
-93.319076 
-93.109255 
-55.693736 
18.289841 
-79.432372 
-63.674927 
-146.574621 
-165.538839 
-129.042281 
-114.461100 
100.449555 
-109.542532 
-52.552194 
-212.402986 
-24.237703 
95.682896 
-93.108405 
-155.829148 
48.590125 
-292.684147 
-107.682655 
161.902961 
6.693759 
-42.797670 
70.406959 
-197.778092 
-5.061771 
32.388764 
-196.630921 
-168.026003 
-54.446134 
-245.690156 
98.652251 
-17.639318 
-41.133787 
57.102750 
-13.489406 
-350.988492 
-147.352003 
-155.533092 
-67.096707 
-263.089649 
-31.121924 
-44.646810 
82.196408 
-121.196674 
-232.419211 
104.557106 
-78.360537 
-3.730709 
-30.217072 
-48.828934 
-252.958320 
-155.998842 
-32.570477 
-155.998814 
-205.418324 
-367.684046 
309.392246 
-45.530652 
-277.413273 
220.059266 
-58.956061 
-523.794192 
-303.581986 
158.299637 
372.283214 
-119.455279 
105.585988 
-287.487224 
11.457278 
104.526226 
70.386523 
-21.851333 
-345.577559 
191.790202 
145.875442 
-39.829077 
222.212752 
233.922127 
74.132556 
176.435137 
-482.225337 
-37.731524 
331.258517 
367.902302 
221.398115 
-360.533492 
182.531048 
-14.378616 
-19.235238 
207.741051 
-318.658138 
153.567005 
-155.844193 
-246.185065 
699.310918 
585.381290 
-267.407460 
-182.553706 
4.652262 
310.942510 
796.504377 
161.296757 
-360.500530 
-123.534584 
108.139200 
302.576287 
38.328911 
-177.372780 
-8.956000 
-101.758663 
-91.914124 
330.828363 
284.232508 
349.471303 
-171.834038 
265.464369 
-246.434492 
62.273679 
-148.651872 
239.554729 
283.102930 
122.574359 
96.627095 
-48.813142 
189.541769 
451.479870 
120.236926 
220.378208 
26.679006 
-26.674591 
-73.196112 
499.630376 
500.002758 
97.751920 
-100.098759 
151.657479 
206.866029 
256.043191 
14.351292 
52.645520 
-125.817437 
394.751381 
66.222799 
158.455010 
291.189901 
66.946293 
-171.714920 
461.168830 
-33.119589 
78.052720 
11.821179 
284.236016 
-29.237449 
266.529405 
105.153894 
119.711650 
-385.902092 
-117.176172 
93.942749 
84.615259 
850.251427 
236.284611 
-479.076417 
123.356134 
-12.726301 
-64.820559 
158.454551 
-69.433975 
-142.900341 
-50.555448 
-337.406102 
85.131817 
422.595443 
103.922307 
-490.011796 
-296.740804 
61.659286 
2.876101 
259.079257 
264.242334 
-42.795874 
51.577653 
57.160155 
-261.983451 
325.141969 
-295.946891 
-12.388782 
-34.787952 
-144.054701 
149.520404 
-70.758572 
-191.082189 
-195.622603 
-251.856641 
-13.020957 
-84.605049 
-75.803659 
-424.855839 
13.901215 
-236.948722 
338.543420 
-342.492167 
-379.762362 
-89.885567 
-389.888047 
342.432694 
172.623826 
-141.449834 
45.475523 
-151.706564 
26.928416 
92.703270 
7.517517 
46.925486 
-67.478557 
-200.005785 
372.281840 
-160.819715 
-529.448894 
-103.369788 
296.447038 
85.551443 
326.236922 
-329.149108 
-106.286782 
57.787031 
-144.088235 
129.199119 
-130.018472 
-448.644987 
82.985342 
215.055681 
291.081445 
-253.687315 
-28.212186 
-243.830479 
3.456209 
55.524767 
-34.799142 
-50.477332 
99.069369 
52.819548 
17.459812 
226.722058 
-107.552621 
-62.691477 
-50.514899 
-10.320523 
341.437234 
-52.565358 
523.218522 
264.136337 
284.234634 
-426.906164 
-227.292386 
-183.808570 
-52.104055 
-25.857906 
309.390161 
-29.273355 
-251.493823 
-179.378954 
-88.736869 
-46.402949 
252.666518 
-165.434373 
67.596596 
221.689252 
-400.720543 
139.977028 
347.124067 
231.076813 
237.276274 
-470.012238 
-154.120887 
218.955936 
-51.168856 
221.390149 
-79.092034 
10.218636 
-103.648771 
-98.220877 
61.225957 
120.022771 
124.230771 
62.758423 
228.317625 
48.457904 
-74.005291 
-114.464816 
20.007966 
-82.856187 
-14.085414 
50.419953 
-186.040453 
-6.544438 
749.625167 
284.234420 
-276.851463 
-141.399024 
-90.217012 
171.052722 
502.135964 
117.708971 
-465.985423 
-98.310490 
186.835382 
69.327544 
-16.952430 
247.720798 
20.880268 
-2.646287 
-109.442136 
57.828911 
82.985658 
208.766772 
472.907019 
64.732909 
-72.806395 
265.672959 
-166.961891 
151.847446 
60.623872 
-215.144837 
134.395584 
232.633188 
-318.846542 
23.679228 
147.750930 
7.589620 
-236.061976 
-58.626861 
-115.211436 
-20.277568 
-38.974144 
105.325872 
32.672112 
-196.093667 
-182.864307 
-156.236943 
7.515935 
70.259193 
-879.694872 
82.984285 
428.763747 
201.680296 
271.655670 
31.832209 
-329.062229 
-110.152556 
-583.656109 
24.841195 
-74.205437 
250.271515 
-48.193031 
-66.542030 
-71.122257 
179.913797 
-370.377192 
205.612892 
-79.655156 
-121.274435 
143.578675 
11.035699 
-140.766809 
190.499557 
122.097887 
-125.210220 
-198.025046 
-0.016208 
-31.121942 
196.308968 
297.137974 
-176.306395 
-55.276135 
54.331500 
-325.547686 
93.745264 
-50.993493 
-29.209041 
100.407073 
61.950850 
428.415897 
221.344714 
-102.858252 
-230.947672 
-32.138690 
14.045136 
26.986448 
355.650543 
21.970941 
-59.430546 
196.188281 
20.094752 
-4.764135 
115.272560 
-52.779929 
125.750800 
95.563849 
210.967941 
-172.335691 
63.415404 
-17.565934 
-89.153107 
-17.639209 
39.308748 
-345.483026 
61.213816 
218.448373 
79.629847 
54.320306 
-112.451963 
-343.955103 
158.739614 
-72.012177 
246.500621 
329.044267 
-567.931995 
162.512084 
84.983803 
-23.119626 
129.070401 
-297.959257 
68.006739 
246.499948 
-185.417118 
-18.183529 
-131.979012 
-32.528483 
-12.946141 
-366.286039 
-191.499497 
-108.778911 
-17.640335 
10.999648 
207.012983 
95.561388 
-42.798819 
-217.391061 
79.758257 
69.681880 
45.250323 
-80.530812 
33.663540 
-384.083022 
-59.277296 
87.810909 
-13.805386 
134.166400 
-42.797407 
-200.023037 
171.031730 
286.431165 
-82.031633 
101.809272 
-31.278455 
-74.042346 
-338.275593 
350.493098 
-281.780854 
56.137711 
-65.868732 
81.188561 
-73.194150 
62.918335 
-71.374917 
44.412321 
14.758876 
687.227598 
-85.136340 
352.773046 
-17.639521 
-82.456488 
-48.914590 
100.055552 
85.125166 
-52.808845 
-77.985935 
-94.191737 
-152.684625 
-8.713451 
-182.012572 
47.726703 
95.944593 
20.095514 
-151.863453 
20.599607 
-7.999425 
134.625143 
81.816400 
-124.160437 
-378.710183 
-164.670448 
40.260476 
-2.020233 
32.673510 
-13.975645 
-295.613850 
145.875808 
-150.919299 
63.974329 
95.563673 
20.094672 
-76.255486 
-350.828576 
-154.214494 
-42.914328 
-54.517323 
-267.641171 
-105.687458 
-194.450141 
-93.109410 
-92.829291 
151.423397 
82.923767 
-66.978235 
-526.772365 
-107.683806 
-314.833902 
75.788482 
90.868485 
-218.258058 
62.121102 
-262.113610 
-99.616407 
-101.645932 
-67.953901 
-114.846854 
130.595352 
-242.121878 
-60.771533 
-106.299573 
-81.522842 
145.874501 
20.093484 
-497.983974 
-42.797635 
-366.824786 
-67.640944 
-223.302742 
-92.921027 
-154.114925 
-131.421089 
-5.062749 
-78.675129 
-115.816653 
-128.658863 
-108.529246 
-96.253949 
-33.105174 
-105.108703 
-170.898787 
-163.707569 
-45.007784 
-246.299781 
-132.409930 
-236.275733 
296.842049 
-329.291209 
143.809402 
-155.999228 
-182.553240 
-146.695859 
-155.999053 
54.480411 
-155.999562 
-331.298289 
-65.233975 
321.970356 
-116.394922 
-197.833815 
320.109088 
-237.388575 
-423.022199 
-155.999878 
-151.427036 
548.380282 
-451.417513 
169.834782 
-90.030654 
128.108408 
98.619338 
820.405162 
169.503428 
-201.570616 
89.106597 
108.140478 
2.715828 
337.691805 
309.388258 
43.483022 
252.509867 
-63.193673 
-79.278472 
414.299489 
300.046302 
98.237685 
-30.485525 
48.200476 
-73.968162 
194.706379 
145.355738 
-291.152119 
72.781314 
-45.873240 
-124.835101 
623.839248 
381.830725 
-10.596888 
32.271963 
272.587083 
259.992182 
664.165036 
151.375939 
-219.994913 
-50.695561 
208.765056 
4.615743 
203.130479 
24.650256 
61.608589 
-138.705459 
-82.288038 
155.651313 
233.915231 
59.450998 
-328.328993 
64.719389 
-228.916687 
72.901211 
-195.028632 
32.898406 
117.845166 
-298.026214 
-88.713274 
-293.764612 
373.237626 
266.923195 
132.888675 
11.491617 
-49.688454 
-33.806265 
105.476295 
479.348293 
158.302234 
65.411163 
56.393986 
-22.526114 
151.344561 
146.180685 
-44.824769 
-397.399458 
-131.976796 
-34.232954 
110.174929 
384.861173 
-48.885776 
25.548827 
-108.741689 
300.170748 
148.858029 
-47.303887 
88.846138 
183.613617 
-8.435367 
-109.302753 
48.593176 
-252.456936 
-24.207248 
5.817117 
234.558525 
247.349852 
523.225151 
82.910785 
-243.761972 
229.807781 
97.658750 
-73.157077 
674.160778 
179.016466 
165.431241 
126.618472 
-67.791833 
107.959638 
183.616827 
277.134148 
-208.314536 
9.972415 
66.743380 
79.461526 
674.157225 
-334.246285 
158.458992 
-33.803550 
290.724703 
78.693129 
311.493668 
32.642963 
59.800670 
98.444292 
92.464638 
228.705055 
37.668019 
-357.871020 
6.740743 
-198.351269 
7.466116 
10.864935 
207.977389 
-552.212813 
67.237557 
-99.512785 
43.458400 
-167.377376 
-185.340639 
173.249286 
-156.235035 
540.606038 
-39.971223 
-17.040818 
-43.486133 
-116.129349 
211.308001 
94.153555 
158.448426 
3.044123 
-37.488574 
-189.598141 
133.297794 
-0.811156 
-244.257398 
-1.719387 
51.707210 
193.990176 
85.258007 
99.942586 
-265.808122 
-121.447984 
-60.076043 
-272.097681 
103.598407 
-597.712287 
372.281495 
353.413839 
-52.469686 
-302.202164 
-251.546288 
-132.523615 
-91.999114 
18.926232 
-245.746997 
-133.985244 
-19.698086 
-15.912108 
-31.490674 
-144.383962 
-49.422541 
19.858890 
-75.101501 
45.528261 
218.986718 
39.033801 
246.492697 
311.484712 
221.342035 
-494.447323 
-491.560056 
-317.681711 
92.336047 
192.279800 
472.902176 
57.125989 
-793.360360 
-279.993950 
39.648340 
141.877835 
-25.651095 
-178.825790 
-162.276387 
149.978823 
-122.454590 
-185.595945 
82.981400 
404.576054 
165.998101 
-335.523358 
-266.462832 
110.689682 
164.218709 
162.263285 
60.008276 
-252.617613 
-386.707238 
136.840285 
90.387419 
29.988548 
83.881721 
-38.269872 
122.163517 
-135.028305 
-7.272055 
-146.437585 
0.614524 
-186.659187 
-257.362765 
-11.754681 
-358.182478 
-24.556601 
347.126105 
259.077202 
-168.391136 
-408.596425 
79.023534 
-289.972891 
-127.559736 
-232.191381 
-314.986233 
127.622750 
51.406951 
127.831254 
-136.392471 
302.890278 
508.131667 
264.147630 
-170.534092 
32.673936 
296.810527 
447.751934 
133.299745 
98.517596 
-37.571962 
388.877340 
105.690023 
42.474584 
-170.552492 
-36.389762 
195.650805 
322.099427 
-169.895790 
-328.627809 
77.905289 
-205.236786 
-308.209178 
4.603603 
-135.911090 
108.319301 
-84.342532 
-327.074698 
7.511911 
61.460050 
2.275243 
-97.966682 
208.764898 
92.939872 
-293.795878 
573.529068 
186.115528 
103.754342 
296.810375 
-62.086132 
-154.151848 
-163.372265 
87.701126 
-328.939073 
-58.971957 
-67.443838 
-201.434803 
-82.421088 
-304.856722 
-318.450600 
-110.948804 
-153.992083 
-161.493014 
-12.144999 
189.013636 
179.322009 
263.600461 
-193.355878 
-126.990468 
138.098593 
54.145698 
-48.884436 
-212.836075 
96.582258 
96.256725 
148.921297 
10.627916 
-288.350135 
-225.586099 
55.687808 
-191.481878 
-114.350760 
172.196353 
222.532831 
234.356654 
-5.061787 
-128.688769 
-98.477557 
97.222309 
131.139331 
33.052949 
124.318603 
-318.186034 
-212.017925 
145.881475 
-17.635938 
-142.885870 
153.645721 
-78.085189 
-129.164657 
32.677001 
160.362967 
-44.670208 
167.645293 
-44.436214 
-107.354945 
321.972893 
-136.026876 
-47.780740 
45.026880 
323.720982 
46.188917 
16.231987 
76.562739 
-4.831113 
307.772428 
149.443468 
7.518186 
-670.118420 
-446.867146 
49.447573 
23.442070 
-223.220378 
-11.790176 
-403.815165 
-72.535015 
45.251535 
-254.380091 
-133.596177 
158.259854 
-112.605510 
-114.297366 
-613.342267 
-146.950175 
103.946799 
296.811415 
0.951331 
-86.624773 
70.405589 
57.826303 
173.215115 
-72.332457 
-24.749685 
32.673426 
32.672498 
-77.106157 
-48.665328 
-32.168211 
-48.859605 
20.951591 
-111.005507 
145.872113 
-139.494028 
95.556889 
140.091391 
-97.484235 
38.073922 
-97.600271 
-102.776148 
-203.952789 
194.927035 
296.814846 
-0.300414 
98.233096 
-117.014173 
-126.867182 
-25.105073 
-96.304920 
-255.073789 
13.336195 
944.981431 
-245.573423 
183.519191 
45.248160 
-218.273245 
249.211734 
-160.062481 
77.083058 
-315.692456 
88.655294 
-201.666224 
-116.978828 
-44.890297 
-124.243558 
56.642374 
37.052094 
7.516280 
-207.039350 
-20.404508 
91.680949 
27.307977 
-91.272417 
-170.294768 
-103.418119 
-177.774175 
91.830643 
-139.117598 
45.250223 
35.564391 
-294.210828 
20.090955 
-10.951764 
-179.678979 
-17.639466 
-5.063349 
-273.719506 
-325.400916 
19.832423 
-2.165087 
3.327946 
-317.780134 
7.514843 
131.150096 
32.671517 
-96.652443 
56.635981 
-118.323667 
-158.617780 
-145.345899 
-1.562610 
-224.092824 
92.598741 
-8.623647 
-256.175231 
-123.824467 
-204.215321 
-176.699900 
-29.035259 
120.719480 
-73.122497 
-274.505806 
-111.371088 
-63.070378 
-17.529091 
-12.542403 
-5.060860 
-17.641798 
-296.110195 
-17.639890 
299.677646 
-199.659393 
-272.480674 
-244.256050 
-57.052347 
184.776273 
-156.000221 
-43.840922 
-36.674538 
-117.508859 
-177.736012 
-5.061418 
-182.709569 
131.538209 
-204.414125 
-261.145174 
-95.922351 
246.013351 
66.331501 
-183.056324 
-90.557134 
-285.950086 
107.362345 
-155.998816 
77.178335 
209.888889 
-155.999432 
-70.283877 
-155.998083 
-218.692465 
-13.885652 
460.330146 
-375.563876 
-223.818422 
353.839939 
2.927020 
-222.263518 
58.665393 
-75.493627 
171.029984 
-246.653047 
-9.345506 
44.087501 
-78.418927 
150.332363 
275.339282 
332.034179 
49.601107 
297.930804 
145.876213 
270.223447 
179.099852 
347.125805 
431.903631 
53.394691 
-515.315572 
-175.138768 
157.043830 
223.981781 
52.044829 
-33.365430 
-61.043238 
70.598414 
203.119766 
-72.737344 
-123.953453 
109.091263 
84.437748 
181.523017 
183.608771 
265.834605 
215.122386 
59.326482 
67.191288 
203.872981 
452.927291 
93.661510 
-23.192134 
-22.106577 
435.169478 
-37.564127 
497.162640 
-201.893675 
182.756909 
-104.903327 
515.242511 
-156.886527 
447.749628 
18.554544 
-159.267782 
54.624317 
-55.078971 
-155.906730 
33.175128 
-70.003812 
49.985416 
-201.316063 
-262.648527 
-107.129224 
210.297702 
190.139835 
-63.682890 
-82.741457 
-169.609371 
-115.224049 
99.471908 
453.904099 
483.751363 
-219.299579 
-16.247815 
25.175442 
90.064881 
137.180398 
47.011259 
-223.118723 
-190.857282 
1.930616 
-12.701577 
410.016140 
-24.071877 
-12.137195 
66.107253 
353.834646 
219.191524 
-102.920571 
-100.818704 
334.547942 
-179.060436 
-141.274805 
393.213299 
-91.270070 
-65.427479 
256.951806 
-11.430630 
35.749421 
573.531899 
138.120934 
-256.157030 
294.353967 
18.331047 
9.349875 
649.001878 
174.461562 
-130.716896 
86.474097 
2.078220 
182.969488 
208.761889 
422.677709 
-191.707741 
-209.733108 
80.511851 
109.653491 
548.378378 
-136.668162 
183.606399 
83.862261 
328.756046 
108.131720 
267.248227 
1.233543 
166.924183 
-36.824865 
89.040289 
51.776130 
-25.535501 
-4.718492 
33.575910 
-22.452391 
-197.164757 
154.831926 
179.060305 
-148.141974 
-28.279919 
-166.657540 
185.292977 
-158.605684 
-291.461339 
-85.971981 
185.012530 
210.660095 
-107.570436 
256.325449 
108.653597 
148.789356 
140.185290 
434.758246 
183.608785 
-23.408799 
22.770103 
-19.401573 
158.453526 
-292.731877 
-320.854035 
214.653239 
-231.472311 
41.167826 
171.464327 
32.833102 
-269.114772 
-165.465436 
-39.016591 
77.176752 
394.917312 
-222.762552 
246.503341 
252.789826 
112.786196 
183.407056 
97.619499 
353.369232 
-131.643788 
87.276287 
-232.238208 
-95.033266 
-205.293077 
-81.236071 
13.378144 
-208.075105 
108.949108 
-17.620934 
291.476415 
311.500636 
96.565530 
321.583717 
321.969751 
242.418371 
145.875326 
-386.353784 
-266.323536 
-1.534068 
-241.396975 
323.244972 
196.186669 
10.269492 
-661.883060 
239.776448 
-214.980620 
107.422450 
162.538600 
-273.141121 
-276.860251 
54.490264 
-123.076088 
1.926075 
334.544238 
328.892710 
-397.501251 
43.589675 
194.410385 
-180.858816 
138.333530 
-40.429251 
-76.072778 
-364.220959 
-49.515914 
-122.846048 
-79.430687 
-12.326322 
-96.735506 
-60.285427 
-148.362592 
113.210686 
161.190071 
-47.101848 
28.624520 
-287.635018 
-241.909275 
159.953149 
225.784562 
-127.468988 
334.547422 
447.750667 
-288.358872 
-244.494819 
-55.968814 
-111.438704 
89.661674 
150.028049 
-510.376575 
-26.430028 
-64.100744 
-19.144094 
-171.324400 
127.566879 
370.791558 
117.436718 
-99.026410 
133.297966 
133.299382 
196.190600 
133.298741 
241.543392 
-7.537326 
466.779049 
151.194964 
106.802943 
-554.457774 
-201.424316 
166.169384 
163.577221 
-333.242176 
-96.693498 
-201.584733 
-115.816167 
-223.901844 
14.944915 
0.358877 
141.980387 
-183.927457 
-385.281640 
120.717455 
84.435721 
116.940266 
-380.767026 
498.060733 
-243.051982 
13.889991 
259.078246 
22.458140 
-256.500797 
133.294246 
98.916342 
-376.763332 
-269.212687 
-60.093607 
-471.465821 
-104.818392 
-102.169287 
-337.356899 
-76.999782 
-208.940036 
-187.988549 
-65.540844 
-87.231086 
-366.066658 
-68.778951 
109.597323 
-66.145990 
-5.547614 
-138.777711 
-167.318980 
44.735640 
113.867042 
-175.661684 
-218.292384 
-104.201513 
-75.946470 
82.562309 
-151.843882 
-166.055570 
-294.994327 
-5.430025 
-248.760893 
-216.313544 
222.431993 
-130.634014 
-40.813789 
-17.639467 
-90.486027 
-50.526704 
-40.515656 
146.726319 
-38.146241 
39.704451 
-96.711076 
-130.686393 
-67.948969 
-42.795837 
185.063902 
-17.293510 
-25.225613 
-303.581370 
321.972395 
-76.523860 
-24.302392 
-91.403458 
-412.415130 
-307.647845 
32.674274 
-7.064737 
-95.816284 
-326.944984 
143.012785 
-105.371332 
44.640462 
-36.372958 
14.973690 
158.782536 
-43.219263 
95.563839 
-596.236121 
280.303283 
8.444679 
-32.161501 
-187.877520 
99.299045 
-245.254849 
199.873324 
-17.642034 
-125.831599 
-495.102236 
-9.273375 
-269.403949 
-310.177329 
-594.096616 
-1.296761 
-230.415820 
171.029705 
-58.103270 
-175.309380 
-67.956438 
171.027482 
44.507912 
-54.550474 
-93.619606 
-42.800596 
-17.639649 
130.484820 
-169.412890 
-49.626343 
-250.803691 
113.780306 
48.089817 
145.873744 
-111.978605 
-17.642190 
-159.660155 
-54.779935 
69.065666 
-253.259409 
11.497848 
-426.759428 
83.512336 
120.715800 
-24.762238 
-170.646834 
-236.585388 
-56.885758 
-89.046996 
-91.849293 
-6.177438 
-92.418609 
465.539164 
-222.703733 
120.748701 
7.513213 
-106.738526 
199.755445 
-67.861416 
100.294054 
-220.904532 
-44.369148 
40.831519 
-307.406224 
-102.516840 
-287.509123 
11.738523 
49.714565 
20.094752 
-322.068010 
4.382256 
33.648877 
-378.424640 
-162.643261 
-112.898303 
-189.383809 
-47.848986 
-18.710242 
-213.753809 
-5.060010 
-136.851170 
-268.306245 
-17.640959 
13.734539 
-221.621497 
20.094325 
20.095095 
-105.644245 
-334.303609 
84.938310 
143.886538 
9.869381 
-123.230088 
7.517691 
-37.275115 
120.718891 
-42.624218 
-113.048852 
-43.496840 
-189.225666 
-374.144286 
83.432345 
33.045154 
-125.328499 
-107.341366 
-66.446708 
-201.029412 
-54.237733 
-102.423035 
57.908696 
7.514522 
-110.126558 
48.439957 
-172.338053 
-312.197686 
-59.421770 
59.772974 
-5.063038 
-17.639980 
-131.856959 
-30.219554 
165.342737 
93.678684 
57.410030 
-21.393707 
-155.182218 
191.906524 
-156.001083 
43.189369 
-13.892868 
-108.438056 
-543.267668 
-155.998454 
-155.749551 
185.841791 
-137.158785 
-358.718108 
-288.290151 
68.027432 
-37.709768 
-208.227008 
-147.742604 
-21.348417 
63.802185 
-155.997921 
294.221020 
-3.900246 
-156.000340 
4.691687 
-155.999092 
-413.933583 
46.687342 
623.847036 
-147.426722 
40.525783 
109.007600 
-281.022043 
-353.453390 
327.003898 
459.221874 
183.613582 
-7.146929 
-272.966115 
-222.294621 
443.000505 
64.431294 
123.840633 
-75.881803 
-325.573127 
54.500096 
7.517773 
312.014546 
174.762630 
284.237818 
499.823257 
309.618772 
-784.060606 
374.189120 
427.084927 
273.469348 
172.147998 
-21.353739 
-216.159975 
-1.983388 
210.317269 
-169.929954 
-138.512878 
67.193930 
9.339082 
203.687220 
422.595764 
241.497639 
4.412125 
207.654757 
165.488270 
204.952213 
385.416513 
-220.877491 
-126.150532 
-32.438243 
372.280869 
-230.446807 
431.751123 
198.823853 
66.433576 
-283.353245 
362.945722 
-205.563540 
82.982192 
109.429091 
-24.578350 
247.155072 
62.193175 
149.196752 
77.105172 
-46.714195 
432.449314 
-341.897694 
-31.564623 
-37.770149 
-205.015645 
67.096441 
54.929571 
-16.832002 
74.595068 
151.631073 
-63.266848 
334.076214 
818.907535 
-11.777143 
14.062858 
195.948066 
167.943159 
164.285895 
-121.811631 
183.539090 
5.994443 
15.887504 
-81.646213 
774.778321 
241.519405 
52.786770 
-162.262659 
72.082020 
327.411959 
36.655604 
30.604493 
422.592222 
-26.312290 
-41.814404 
201.858510 
43.679863 
75.076826 
118.368996 
89.799076 
190.071763 
347.120869 
59.521979 
-209.149747 
64.858197 
208.278277 
11.489294 
309.388919 
50.239522 
24.750349 
38.182138 
357.840452 
-8.519219 
435.169678 
254.723046 
-81.859909 
-95.892284 
145.768352 
-12.915699 
7.512691 
-75.754593 
410.013889 
305.846987 
103.449030 
97.385335 
331.148582 
-46.339218 
360.847940 
-56.860745 
-358.115363 
-351.462734 
-275.392942 
-230.795852 
14.279205 
-496.925542 
-40.379625 
97.494310 
291.737144 
104.211843 
-146.660044 
-194.853797 
147.026617 
-567.254209 
-447.556698 
-85.104317 
-173.063946 
-227.840739 
-91.315308 
116.888806 
-94.095267 
-192.258409 
73.862375 
171.555880 
447.750683 
-112.324702 
239.463742 
-370.757358 
183.610839 
69.008537 
-411.319732 
282.277146 
-52.251441 
26.592064 
-10.735770 
-48.756978 
-346.561999 
201.993833 
52.153663 
-143.372673 
15.921217 
-179.875330 
284.234420 
378.581771 
107.662589 
206.775288 
-58.119253 
30.765540 
227.828569 
25.525295 
-462.334797 
0.622845 
-259.045926 
34.006795 
-316.544952 
-16.030135 
-302.701270 
-152.999584 
165.277775 
568.132937 
135.164953 
11.553171 
321.973391 
26.692760 
171.032555 
117.102509 
-57.694846 
18.957612 
-229.544127 
280.949187 
271.656706 
135.058583 
-347.118608 
96.751273 
46.726188 
269.670159 
135.088972 
-314.408032 
-150.040309 
70.502118 
-154.117958 
-15.853024 
284.235111 
81.443335 
-340.479963 
-86.749842 
300.615753 
-176.791320 
56.335461 
240.564352 
145.117005 
-237.551741 
-251.489277 
63.724489 
35.049709 
250.698972 
-169.648580 
-410.100269 
-240.195180 
-55.501619 
74.858375 
65.946913 
81.251982 
11.286802 
-400.801501 
161.954920 
203.501630 
-83.767095 
259.075715 
573.530410 
-433.280911 
-22.307719 
-3.672694 
-256.430085 
273.713821 
100.989694 
-544.915420 
132.681691 
-282.922924 
-191.453660 
-287.236299 
154.005163 
185.455549 
145.396868 
-326.048687 
372.279056 
284.233357 
57.828188 
158.452149 
144.156159 
-42.121223 
82.892348 
-71.062658 
-55.978509 
-242.958984 
-162.136978 
54.310247 
476.197105 
-405.884109 
-184.171919 
-77.390230 
-91.891431 
-413.282796 
-182.709688 
122.950114 
93.787258 
-206.065950 
-346.502313 
296.811941 
-97.997285 
98.442176 
68.530406 
523.218999 
-72.018251 
-246.815964 
259.078138 
170.600307 
31.410874 
82.984146 
125.750346 
-157.633480 
-222.889083 
152.163374 
-42.711329 
268.111426 
214.206186 
-2.618837 
-11.533055 
-7.868253 
-42.224695 
-180.400716 
-192.805758 
58.833778 
114.546887 
56.775106 
89.466494 
-442.028304 
-160.678977 
-14.437098 
78.301603 
-165.578632 
-120.702184 
-192.477924 
-105.465377 
83.464232 
-133.037098 
-141.463330 
24.767984 
-375.915830 
-54.771763 
-229.992123 
111.589354 
433.817475 
165.776037 
-4.219179 
108.139994 
-27.818773 
7.677017 
134.794798 
309.836103 
-22.319653 
32.909001 
-128.240762 
-50.515099 
82.985658 
82.985356 
139.934290 
-66.352429 
-27.629749 
-276.749269 
321.969034 
-16.112111 
131.601670 
164.318698 
-9.513893 
34.358051 
82.985084 
48.329560 
-129.802031 
-35.720373 
-71.822410 
-57.662432 
-87.645744 
-27.433593 
-141.245642 
27.997555 
137.678781 
145.875863 
-13.708346 
-182.726909 
295.048292 
-7.025361 
-240.677095 
38.983514 
-288.032812 
155.436638 
57.828136 
-77.651231 
-295.293672 
21.390703 
-225.849049 
114.461351 
34.152587 
-4.121558 
-62.702524 
196.187251 
45.210022 
-54.268916 
7.515237 
296.812906 
-91.622502 
-37.858075 
-174.110507 
-17.640804 
7.515059 
315.337388 
-102.334060 
36.441933 
-132.148772 
91.034315 
131.351996 
196.189000 
-82.888673 
-5.061299 
-81.370916 
80.646415 
-15.449652 
91.294356 
123.141422 
-210.735059 
-48.375821 
410.015468 
182.651453 
27.730420 
-167.383498 
225.370800 
-183.895939 
95.416847 
19.128048 
35.210098 
103.176877 
-278.327524 
204.899333 
-17.639436 
-41.355333 
201.230307 
-144.265824 
83.527213 
-292.083122 
294.167263 
73.397357 
-129.670624 
-115.386275 
-77.960648 
244.064059 
55.703576 
-30.217322 
-322.006661 
63.125861 
149.803196 
-780.680178 
-8.330640 
-113.512511 
-110.346804 
-85.439066 
190.829320 
-23.593202 
-42.795553 
181.769452 
53.274773 
-17.638350 
-270.624972 
-290.118228 
7.517689 
20.095324 
-72.562882 
-335.957474 
20.440702 
-48.724323 
-54.283241 
-169.945373 
32.673234 
-100.434726 
95.563091 
-30.558004 
-59.309479 
26.251556 
-360.378740 
-127.624845 
-55.762001 
-146.470657 
-178.709645 
113.008890 
-36.402927 
-226.347744 
-8.435114 
-31.070360 
5.612153 
20.093548 
47.016465 
-173.719087 
-182.054376 
47.693924 
-42.920282 
-2.105624 
-93.108587 
-93.109522 
-207.854519 
-55.374126 
-171.001068 
-116.620910 
180.128988 
-96.319186 
-215.741305 
-220.713699 
-155.999809 
4.847613 
184.614245 
-142.876446 
-377.669553 
-155.999349 
-38.995463 
-296.462460 
-354.964546 
-81.063307 
-32.180337 
-65.747050 
-211.675091 
-335.004683 
-130.398965 
-48.025559 
-34.886656 
-155.999254 
146.358768 
-197.218681 
-156.000031 
-134.773731 
-155.999774 
-359.733039 
-230.880335 
-143.421874 
-156.584012 
-161.778151 
-154.341822 
-154.904632 
-160.177224 
-155.999999 
-156.984933 
-155.999999 
-159.973207 
-157.855456 
-145.292291 
-150.316401 
-146.377583 
-154.546086 
-153.391975 
-157.109464 
-157.672348 
-156.000000 
-157.467821 
-151.103206 
-143.421874 
-143.567369 
-151.762554 
-159.396826 
-144.352930 
-151.362104 
-155.612287 
-154.661370 
-155.829660 
-158.731659 
-154.076538 
-153.568905 
-152.229755 
-155.666357 
-154.142020 
-144.183017 
-166.523946 
-156.000000 
-158.543930 
-151.473005 
-160.680678 
-146.500560 
-156.312789 
-148.547406 
-155.468751 
-153.615065 
-159.525060 
-143.421875 
-146.619466 
-166.281120 
-160.296647 
-150.189964 
-167.791992 
-147.915231 
-162.354466 
-143.421876 
-147.074981 
-143.871429 
-147.929999 
-160.590745 
-156.087112 
-153.598097 
-165.230203 
-153.387486 
-155.272765 
-156.733911 
-153.431611 
-136.019855 
-147.509936 
-159.819251 
-148.793560 
-142.600794 
-156.829817 
-158.672868 
-158.732029 
-157.624674 
-158.376490 
-157.803244 
-143.310027 
-157.286852 
-152.550178 
-143.544345 
-159.102825 
-157.100401 
-155.440989 
-157.154390 
-156.000001 
-159.070876 
-156.367626 
-156.498045 
-156.000000 
-156.181054 
-154.647393 
-150.459725 
-130.843750 
-154.432173 
-159.379887 
-155.918971 
-158.558647 
-163.959434 
-158.794033 
-157.254965 
-157.844012 
-156.000001 
-146.984121 
-151.730676 
-149.988772 
-159.445370 
-159.814196 
-156.000000 
-157.727360 
-134.438740 
-155.655350 
-151.172020 
-155.311959 
-156.000001 
-155.536248 
-161.713792 
-160.223675 
-157.390650 
-158.094820 
-156.000000 
-157.451202 
-156.000001 
-154.260509 
-150.177914 
-155.076623 
-151.904001 
-151.779675 
-150.640975 
-165.701952 
-154.473091 
-155.893175 
-154.696266 
-155.699039 
-162.604380 
-151.611864 
-147.986868 
-152.455539 
-155.864776 
-156.000001 
-154.059496 
-157.014835 
-154.522253 
-159.351999 
-167.672159 
-152.750315 
-155.924863 
-157.213315 
-157.363043 
-158.139995 
-157.801491 
-154.623917 
-152.999511 
-155.928201 
-143.421875 
-153.438722 
-152.258411 
-154.486096 
-156.000001 
-153.741677 
-155.377660 
-156.811036 
-157.554541 
-152.424189 
-150.647196 
-154.129021 
-160.347394 
-152.517396 
-155.215733 
-155.551159 
-143.070510 
-159.765036 
-143.421875 
-149.710937 
-157.733874 
-157.727359 
-153.492080 
-160.274793 
-156.154445 
-153.374387 
-153.644251 
-158.667339 
-157.764877 
-155.881071 
-153.611235 
-149.267830 
-158.397654 
-163.103461 
-153.165301 
-152.442889 
-160.215536 
-151.001347 
-156.000000 
-159.507739 
-156.000001 
-155.200154 
-158.266346 
-151.580632 
-154.416158 
-156.905701 
-156.000000 
-157.564317 
-148.761599 
-155.965750 
-160.047492 
-151.402907 
-152.271409 
-151.029240 
-156.818172 
-156.645039 
-154.976773 
-149.707158 
-143.421875 
-152.235184 
-156.000000 
-158.048842 
-146.951389 
-160.590744 
-149.690151 
-157.616759 
-155.757197 
-145.508140 
-148.220404 
-145.820425 
-153.506212 
-155.108384 
-153.271437 
-158.547891 
-154.533453 
-156.512956 
-148.750249 
-151.325489 
-153.023769 
-160.038361 
-142.731612 
-152.419452 
-155.876336 
-154.298715 
-156.000000 
-156.000000 
-152.802706 
-149.102150 
-154.333121 
-151.080548 
-151.060242 
-150.158467 
-156.689298 
-163.565626 
-158.807019 
-154.965718 
-152.647461 
-157.562699 
-154.565933 
-147.011318 
-155.162461 
-156.000000 
-156.000000 
-156.000000 
-156.000000 
-144.310693 
-161.251313 
-158.234896 
-155.786521 
-153.411166 
-162.054964 
-155.198521 
-153.699106 
-149.123180 
-156.638437 
-153.776013 
-157.616755 
-158.145469 
-150.492377 
-155.217101 
-155.259980 
-154.354973 
-147.153534 
-156.018908 
-156.000000 
-157.599683 
-158.878947 
-160.005576 
-156.000000 
-154.500297 
-159.917226 
-156.000000 
-152.905301 
-158.635122 
-156.000000 
-156.000001 
-158.757913 
-158.979020 
-143.421875 
-160.617788 
-154.260509 
-155.150905 
-153.904785 
-156.735251 
-155.073834 
-154.722148 
-155.614004 
-160.348026 
-155.917731 
-155.519103 
-155.764303 
-156.496160 
-155.990748 
-154.380601 
-154.169677 
-154.952947 
-146.482267 
-155.365383 
-158.871383 
-153.501250 
-152.327601 
-144.835118 
-159.069307 
-151.381310 
-155.116494 
-156.109739 
-151.081311 
-154.106137 
-152.229756 
-158.618322 
-155.392152 
-156.000000 
-163.260469 
-148.354281 
-155.077466 
-156.273779 
-154.380599 
-154.639498 
-154.011422 
-155.358809 
-156.000000 
-156.000000 
-151.057432 
-153.715823 
-154.513144 
-155.999999 
-143.421875 
-152.165453 
-157.975749 
-156.276642 
-162.986807 
-156.332404 
-156.000000 
-158.346580 
-157.187089 
-153.449764 
-147.514381 
-154.913473 
-147.109564 
-155.502211 
-148.440129 
-156.126773 
-154.374493 
-156.000000 
-156.000001 
-156.000000 
-155.140783 
-160.088370 
-156.172085 
-154.455757 
-151.392915 
-158.337926 
-156.000000 
-153.657942 
-152.041601 
-160.839772 
-157.260815 
-158.839708 
-156.312789 
-154.887104 
-156.466677 
-156.000000 
-148.574710 
-155.097549 
-156.000000 
-156.000000 
-156.078997 
-157.140508 
-158.337926 
-156.000000 
-156.000000 
-153.227135 
-156.000000 
-157.582166 
-156.088256 
-153.232678 
-151.630936 
-156.000001 
-156.000000 
-156.000000 
-154.506246 
-159.153249 
-160.063257 
-153.993755 
-146.361450 
-154.705572 
-156.227628 
-156.000000 
-157.702218 
-154.791799 
-159.445370 
-157.817748 
-150.709835 
-154.483678 
-154.177009 
-155.925941 
-156.000000 
-154.847144 
-153.091102 
-156.000000 
-156.639170 
-154.481813 
-149.624309 
-153.976675 
-156.436280 
-164.411774 
-156.785538 
-155.468612 
-157.667888 
-159.567541 
-153.992770 
-154.401411 
-155.999999 
-155.217816 
-148.868784 
-159.342531 
-154.476868 
-160.133269 
-159.514612 
-159.521240 
-157.955054 
-156.871555 
-156.827100 
-156.000000 
-152.890455 
-158.073914 
-156.000000 
-154.513389 
-161.788794 
-156.000000 
-156.000000 
-154.295861 
-154.789959 
-159.334791 
-155.236041 
-152.975066 
-157.483320 
-156.000000 
-156.846047 
-156.000000 
-154.436355 
-156.569858 
-156.293789 
-155.112014 
-154.386047 
-155.830262 
-160.162967 
-154.930774 
-156.434767 
-157.080802 
-152.793715 
-153.539667 
-153.094835 
-152.769966 
-156.000000 
-158.449231 
-154.733372 
-153.823687 
-153.904785 
-156.363481 
-157.035546 
-156.000000 
-156.000000 
-159.230743 
-156.000000 
-159.165245 
-148.670696 
-151.770993 
-154.476139 
-152.356222 
-154.793575 
-156.000000 
-154.109397 
-162.611243 
-154.125996 
-155.631934 
-156.000000 
-156.050210 
-153.601390 
-157.881778 
-153.275059 
-155.868603 
-153.032583 
-154.074297 
-152.458015 
-153.300988 
-158.088758 
-155.670751 
-156.000000 
-159.534604 
-150.565118 
-156.000000 
-156.280750 
-156.000000 
-155.202823 
-156.998693 
