-13.484364 
-21.896521 
-3.430202 
11.119318 
16.176527 
16.251593 
26.583324 
20.938244 
35.578150 
18.023847 
28.903732 
45.630134 
32.521434 
36.462128 
48.672807 
63.657912 
28.505607 
-13.223002 
11.046815 
-17.021761 
-20.017934 
-13.484443 
-24.098197 
-21.054611 
-20.444725 
-40.441754 
-51.087494 
-2.052646 
-19.538687 
-16.130208 
3.224551 
-4.141064 
-7.585069 
-18.145825 
-27.831993 
-32.068401 
-40.551499 
-11.132103 
-13.484502 
-9.759055 
-43.526124 
-54.905896 
-35.278572 
-72.860905 
-85.703869 
-61.107311 
-40.741671 
-23.283263 
-38.015675 
-40.229228 
-48.429764 
-99.145461 
-118.742159 
-110.842914 
-117.171517 
-110.188625 
-111.609389 
-106.418461 
-111.090624 
-100.325491 
-92.452068 
-72.705630 
-56.749555 
-41.895028 
-40.908631 
-39.841254 
-59.327693 
-87.661750 
-88.807682 
-89.362043 
-107.383577 
-88.394309 
-88.669268 
-67.526623 
-82.077826 
-61.633371 
-76.498612 
-60.944530 
-70.539726 
-68.169122 
-84.464332 
-54.997458 
-60.935099 
-109.045564 
-117.459439 
-102.747661 
-96.111703 
-87.078120 
-63.302762 
-36.883109 
-32.670427 
0.416650 
28.906868 
12.938440 
1.734808 
-13.484428 
-62.025501 
-107.624814 
-103.976802 
-134.227105 
-137.832473 
-125.021718 
-105.167135 
-96.287755 
-87.078376 
-59.013873 
-49.737815 
-62.438993 
-56.508598 
-93.542306 
-111.609563 
-133.692319 
-165.252093 
-162.500393 
-183.895018 
-165.990007 
-160.671902 
-135.212395 
-115.719098 
-99.723155 
-97.310773 
-104.539412 
-87.078645 
-117.158102 
-136.140640 
-150.581680 
-138.739923 
-143.114307 
-130.399386 
-109.902526 
-87.408119 
-85.053911 
-66.036275 
-91.878813 
-81.318309 
-145.937924 
-152.462499 
-156.234276 
-136.086608 
-110.975531 
-93.514274 
-83.245292 
-41.896220 
-46.326873 
-66.446907 
-70.053601 
-54.109300 
-101.275475 
-105.131754 
-115.496634 
-95.521356 
-92.300392 
-84.161191 
-82.995474 
-81.796148 
-81.942901 
-87.078037 
-102.499879 
-125.125144 
-114.761531 
-87.078047 
-80.429775 
-64.226839 
-18.496911 
-11.252515 
-11.257433 
-32.493898 
-65.409111 
-86.872956 
-96.417542 
-84.064938 
-95.099951 
-71.465816 
-55.886565 
-62.546931 
-44.148354 
-16.406231 
-15.942467 
-24.409214 
-40.637355 
-62.868614 
-72.365148 
-61.875315 
-55.058698 
-48.151332 
-56.222971 
-42.171001 
-57.079472 
-85.686183 
-61.270013 
-81.438071 
-59.542722 
-51.943408 
-62.698694 
-62.546916 
-55.242132 
-62.546928 
-71.691933 
-77.763188 
-44.114568 
-29.584872 
-8.321080 
11.046956 
19.870737 
-11.434196 
-8.927445 
-45.610399 
-46.701351 
-38.139247 
-57.280223 
-45.055856 
-29.196678 
-29.139819 
-30.090087 
-13.484379 
-37.457183 
-23.296888 
-32.476397 
-39.305689 
-43.389487 
-28.635951 
3.995623 
-0.881875 
-1.844779 
4.098036 
-23.263483 
-56.090024 
-68.136198 
-81.599157 
-47.990284 
-19.456925 
1.409494 
5.479888 
16.508413 
11.394705 
-19.542602 
-53.582160 
-22.812107 
-38.766845 
-33.854836 
-25.749879 
-13.484285 
-41.306313 
-47.636847 
-50.009672 
-30.571699 
-22.548742 
29.288767 
0.972057 
44.164539 
98.529579 
73.387982 
73.416098 
70.587185 
23.778374 
-30.374629 
-40.140621 
-87.078080 
-87.078237 
-38.015603 
-13.484457 
-2.858876 
38.195832 
56.303034 
45.812382 
11.398179 
14.551186 
-24.112013 
-32.601985 
-23.159089 
-40.624371 
-22.290405 
-0.398655 
2.043827 
-10.789930 
-43.115673 
-62.751380 
-40.636859 
-47.149289 
-37.216701 
11.046816 
-1.301394 
-1.263081 
-23.828217 
-50.281278 
-36.405031 
-57.101252 
-38.015641 
-20.843670 
-49.741676 
-38.015621 
-38.833107 
-35.664694 
-12.166771 
19.479568 
23.620559 
45.668351 
19.238579 
-29.080897 
-44.673442 
-93.252471 
-131.240551 
-88.144122 
-68.230594 
-61.873841 
-51.211904 
-3.891430 
-12.402014 
-18.425455 
-22.679077 
-24.134309 
-1.622128 
-12.475382 
-49.350255 
-81.273178 
-81.841637 
-90.410554 
-76.005517 
-84.580162 
-51.972853 
-15.143174 
-0.116842 
6.083425 
44.499465 
34.187787 
33.134497 
23.578106 
11.046979 
30.768189 
-2.400907 
-27.298468 
-35.158359 
-47.210283 
-50.445346 
-34.435972 
-38.434303 
-13.484179 
11.046975 
31.439324 
30.317801 
33.072801 
13.500521 
-25.749806 
-30.598247 
-28.456149 
-44.708385 
-67.668275 
-65.618099 
-87.078038 
-63.266487 
-64.933684 
-32.698719 
-28.796134 
-44.168364 
-22.223604 
11.224760 
-43.958832 
-35.814810 
-59.041111 
-38.015748 
-55.647429 
-49.514754 
-70.944872 
-58.034903 
-51.014225 
-26.482457 
0.373660 
27.224838 
35.578071 
3.760055 
-13.668019 
-16.770823 
-14.260070 
-29.029275 
-16.694686 
-12.827806 
25.445377 
35.578061 
30.726806 
9.764806 
-13.484318 
-13.484306 
-33.728824 
-32.274528 
-37.373737 
-25.750387 
-13.484582 
-35.213779 
-38.833714 
-34.898191 
-29.741111 
-49.077158 
-56.422607 
-74.812810 
-97.044072 
-87.077998 
-86.386126 
-85.232930 
-63.754352 
-36.952964 
-29.019557 
-43.141289 
-24.532837 
-1.219477 
-19.543277 
-20.430350 
-43.425756 
-40.636068 
-12.652276 
-27.093586 
-34.460261 
-30.535566 
-20.910714 
-36.494259 
-45.785190 
-13.484491 
-36.363191 
-12.904925 
-1.164785 
20.467267 
30.566100 
59.699322 
25.629411 
23.715295 
6.579330 
-15.584724 
-10.859893 
-9.241549 
-25.749768 
-54.495834 
-85.757209 
-133.134467 
-125.360473 
-127.996464 
-98.339389 
-80.215033 
-70.444182 
-61.564649 
-68.784738 
-111.609046 
-81.934080 
-92.506170 
-99.343435 
-88.517552 
-97.027152 
-123.874659 
-111.609050 
-136.702275 
-123.193576 
-92.194220 
-74.767548 
-61.589944 
-72.561343 
-38.015437 
-46.779413 
-50.281032 
-43.792716 
-59.728992 
-78.492184 
-49.781207 
-72.476147 
-52.459309 
-59.926839 
-56.430317 
-94.847633 
-107.142491 
-119.249964 
-102.310044 
-104.161387 
-119.569996 
-123.874844 
-109.663682 
-106.386158 
-107.990186 
-127.205989 
-146.091268 
-165.515959 
-148.406227 
-148.406177 
-143.646631 
-136.140483 
-140.683705 
-142.725131 
-175.295163 
-162.550468 
-162.951224 
-142.423856 
-111.609281 
-87.858383 
-92.036728 
-55.670375 
-59.488286 
-104.709908 
-68.905475 
-53.516329 
-51.974838 
-75.091563 
-54.583474 
-51.942105 
-48.284740 
-71.029585 
-36.440830 
-49.395464 
-26.121923 
-62.546623 
-81.941440 
-63.456618 
-62.546816 
-49.801815 
-74.812448 
-81.773235 
-64.512106 
-111.609763 
-359.044632 
-48.855653 
64.240820 
69.395758 
-35.907393 
0.417145 
163.763095 
11.048011 
-331.134075 
186.544881 
-180.184235 
19.818255 
-61.294841 
124.167047 
117.486393 
-68.217647 
-22.450841 
-62.545677 
35.912750 
-57.828633 
-13.483770 
-62.671941 
93.792308 
-35.828715 
-238.273732 
-524.840419 
-88.640094 
-174.070077 
-28.381491 
4.104228 
-66.272553 
-45.487991 
0.054776 
-79.106023 
266.853094 
-166.602536 
116.218143 
-62.546241 
-92.315121 
-202.441600 
-221.406682 
-241.161124 
-49.320072 
306.909316 
-56.886719 
-110.532510 
-53.409174 
-87.077895 
-110.254690 
100.092147 
6.070315 
-15.092535 
-43.380382 
-23.490230 
-153.144374 
-62.545931 
-46.817470 
-120.749937 
-209.382476 
-57.002624 
-94.307352 
2.215754 
74.722321 
194.104721 
8.803248 
261.517182 
-128.273130 
-144.624160 
88.652151 
36.794871 
-1.503902 
59.651618 
156.063415 
-60.625832 
43.584459 
525.128285 
15.734736 
-110.413831 
-155.126628 
159.733581 
176.572491 
58.329572 
-151.116028 
188.897877 
26.088417 
69.144069 
440.344569 
-17.180039 
283.519431 
-23.542637 
327.500161 
153.917141 
-238.341147 
199.568690 
513.938434 
-90.168653 
-107.859494 
122.053685 
150.439245 
-132.999460 
-135.147157 
39.707390 
-7.041948 
305.423369 
198.786299 
-226.504950 
151.879420 
97.369754 
44.957579 
158.233723 
189.394902 
-60.883485 
-119.436706 
-218.182301 
60.640550 
60.108522 
13.649108 
-414.161689 
-369.251720 
178.813651 
3.972271 
145.969428 
-387.517936 
207.293709 
-273.841328 
12.846806 
-252.480989 
143.869351 
-110.542146 
-152.150586 
-382.692647 
-289.519195 
2.166739 
3.251444 
-220.676383 
-124.526400 
-157.139552 
-53.273816 
-360.995559 
-29.738438 
-109.310609 
174.057081 
-95.606123 
89.548433 
-597.694891 
-623.097353 
-304.670589 
-180.334124 
-74.181162 
-239.891821 
-14.228462 
240.908700 
-157.152574 
53.876279 
-151.441028 
109.171812 
-213.405695 
-122.714100 
-667.442057 
280.888107 
-185.661458 
-132.358239 
64.752419 
-110.115198 
190.070754 
180.920172 
-561.975981 
46.190983 
-217.834900 
-160.011955 
363.789788 
-199.030028 
213.294461 
-38.014809 
60.110532 
380.135372 
-572.930422 
-216.069615 
-142.029192 
-77.844256 
-30.993322 
54.509414 
-118.625335 
32.262046 
-79.010581 
-314.596737 
104.595562 
-144.894174 
65.792025 
56.752798 
-16.957410 
-133.172310 
-52.398962 
-13.484610 
224.605357 
329.951272 
-479.560015 
-145.482942 
-125.770291 
-18.005831 
-64.302784 
84.638624 
234.431744 
-371.047555 
-157.604390 
-31.624718 
-153.407057 
-40.130621 
-172.149569 
-157.403286 
-376.587759 
-104.178843 
-240.817052 
133.701737 
83.277401 
-51.099869 
-201.292949 
227.738611 
-32.471916 
-9.676008 
-191.560275 
44.216684 
-81.828388 
-37.226676 
-215.982732 
-0.718587 
-75.507327 
-349.897268 
100.311138 
-36.624949 
81.957522 
-117.531292 
-39.005624 
88.693412 
-236.076503 
-17.920123 
418.505720 
-110.924710 
76.793851 
-87.077419 
35.579216 
-145.321868 
-343.295046 
12.439727 
-82.830343 
-283.210472 
372.160258 
-333.974199 
170.938750 
-10.186899 
29.272009 
67.480452 
269.620970 
-364.424089 
11.488468 
-285.449958 
-62.546091 
195.031872 
-13.483085 
342.219621 
594.980068 
-424.370384 
228.058012 
-61.988364 
182.462418 
-247.389425 
-128.406052 
-95.733935 
257.793296 
-426.158543 
-87.999891 
40.707333 
-152.397786 
-126.956526 
-202.193478 
-159.576725 
152.324530 
-215.697332 
101.050777 
109.169762 
-179.688415 
-142.828808 
2.948722 
-13.487137 
57.234723 
-320.123638 
391.278566 
103.695515 
-136.491167 
158.231544 
262.080658 
-277.481168 
-61.272682 
-507.945555 
-332.731850 
-249.310314 
-210.392089 
-128.775541 
161.448457 
-183.661453 
-61.312893 
114.727651 
284.328376 
-108.501242 
-16.336057 
204.021018 
-283.644664 
102.509740 
250.912037 
62.496807 
34.010215 
-126.177041 
-218.056355 
-178.416335 
-61.015158 
127.135990 
-65.867849 
-76.373428 
-157.532214 
-281.931346 
94.172537 
47.611723 
-32.643812 
170.138267 
-141.452261 
-108.189447 
329.954774 
-49.995656 
176.003930 
-15.664683 
23.963890 
-276.510104 
92.624763 
-265.463327 
-70.673882 
-38.013726 
268.626675 
93.047641 
-209.752716 
69.458416 
-156.581589 
-62.545589 
-35.628402 
-130.393528 
-158.013194 
-411.211524 
-74.219485 
219.563733 
-12.030338 
-164.564414 
15.667080 
-157.818453 
-288.145809 
-3.163057 
-149.134229 
-23.255187 
-95.608260 
-259.081309 
219.561516 
-161.437275 
21.013887 
-214.031763 
-202.622166 
-222.372799 
34.183160 
-274.495815 
110.233721 
317.684988 
79.553556 
-223.750831 
-82.789952 
-128.086451 
-203.901353 
-269.446931 
-366.975333 
-106.329991 
47.841658 
-11.038285 
-139.134355 
-62.550252 
84.637336 
13.705509 
-125.019059 
-141.624337 
-13.483460 
219.560852 
102.801010 
-195.835045 
-109.002737 
80.430847 
29.212744 
-13.271453 
-62.545333 
-77.109576 
47.844973 
20.240875 
-13.008084 
87.855694 
208.760041 
-168.257630 
34.123264 
31.310681 
109.171971 
62.820159 
2.233228 
-59.627884 
-100.989363 
-22.825156 
-361.615172 
104.347035 
-50.469677 
212.045706 
-240.608467 
128.581714 
84.643311 
-197.170983 
539.499985 
98.861231 
172.725374 
-534.185364 
-36.561428 
-65.361624 
-157.606129 
-34.891688 
-164.030741 
-152.561633 
187.448057 
-50.279728 
-318.357982 
-60.270467 
-180.312551 
-198.759538 
-77.692805 
-190.482253 
163.166457 
64.116445 
138.672654 
7.876375 
-87.077190 
-142.034014 
-309.627949 
-87.079027 
-381.442908 
-415.628076 
-99.344673 
-99.344380 
-359.258100 
-277.607619 
51.865953 
-127.302706 
82.857520 
-328.478536 
-111.611201 
-152.502980 
-87.079246 
-103.040090 
-144.712244 
14.783303 
20.437283 
-601.850099 
38.857503 
-239.576714 
-104.407814 
-111.750418 
-233.202741 
-230.992105 
87.627505 
-475.405973 
-141.177400 
-38.018224 
50.244939 
-6.990499 
-463.784400 
-263.696037 
-52.651039 
93.572769 
-50.283358 
-62.549521 
-170.097541 
23.309402 
-163.624542 
-209.061615 
-186.761634 
-189.464452 
41.699211 
-40.187894 
-50.283104 
4.255566 
-203.216369 
-271.431677 
-255.303415 
-248.065149 
-85.179883 
83.443088 
-115.378101 
8.340654 
-281.975214 
-96.912574 
-167.132969 
-292.509889 
-136.773549 
-126.414651 
49.227277 
-62.546232 
-123.534896 
11.563923 
-25.751031 
-27.177607 
-222.001210 
-386.327642 
-92.386359 
84.647091 
-166.361798 
-40.876570 
293.932137 
515.412593 
-418.441068 
-208.906794 
124.650664 
182.770339 
-495.042642 
203.429906 
-152.506711 
198.784684 
16.091913 
311.407158 
443.706588 
20.243940 
137.320782 
317.691599 
56.872222 
-214.183080 
563.003605 
121.182285 
117.000274 
-91.127024 
56.906765 
-632.462431 
-77.198707 
166.723901 
-151.165966 
46.126876 
-35.852151 
327.229674 
116.323988 
-52.599929 
375.013852 
359.264313 
45.787307 
84.638839 
416.707887 
-23.952323 
-338.855392 
-242.660391 
48.483617 
481.947584 
43.578821 
-342.431350 
12.343082 
231.827389 
-126.862959 
522.965238 
225.000747 
306.493378 
103.803416 
58.998791 
106.242897 
1053.622845 
-31.222167 
-130.087810 
-25.565409 
-69.874639 
-14.647982 
-253.384831 
81.706497 
109.044187 
-203.260874 
104.085856 
-140.425322 
91.751321 
152.183146 
306.452814 
11.066756 
-138.593576 
-57.536442 
185.231813 
110.051647 
651.567138 
-159.580817 
106.379133 
-126.375491 
182.143393 
350.296596 
8.047681 
-191.040241 
124.469647 
179.328653 
-94.713835 
464.874874 
-229.032435 
209.641728 
143.936028 
196.670863 
136.571779 
-91.315258 
54.265331 
391.284332 
-141.822615 
32.706356 
154.503174 
196.227640 
-266.154277 
-132.611732 
223.107457 
-343.274807 
231.832694 
119.848117 
-593.086436 
290.791526 
29.391948 
250.468910 
121.442047 
376.027269 
-208.001816 
-1.109994 
-454.885718 
-37.081947 
182.768240 
207.099667 
-528.158319 
-366.798966 
208.596963 
145.464367 
47.846094 
-474.574552 
305.427668 
-240.599031 
-35.735197 
17.240624 
179.023226 
-327.650911 
249.612170 
-473.574581 
-315.300953 
13.718225 
-49.197505 
-218.158229 
-223.576184 
-334.864929 
-289.745125 
-273.122446 
104.564594 
-24.984945 
-121.255418 
-622.093969 
-56.171343 
-641.499359 
-637.882329 
-366.595781 
15.101588 
-273.945579 
-121.051738 
47.439673 
445.013575 
-238.129871 
93.039818 
-259.037077 
207.291504 
-226.660471 
55.239016 
-469.289737 
329.945759 
-215.959832 
-270.974250 
55.011589 
-92.400286 
-2.595434 
175.886211 
-556.109905 
101.285463 
-72.063105 
-353.799766 
324.540081 
47.818668 
-118.487246 
-38.019851 
127.562898 
241.094518 
-306.061585 
0.892250 
-485.585142 
-251.781159 
508.985983 
-178.208891 
-65.581349 
-126.418957 
-104.147761 
-433.796463 
203.557156 
23.370390 
-74.145112 
221.552877 
143.542094 
-20.138512 
54.239064 
428.078997 
229.487548 
440.346857 
-623.671588 
-151.894487 
58.637662 
-70.919348 
-35.434797 
195.031873 
-224.475423 
-577.910170 
166.398515 
-628.267242 
-30.194828 
113.029999 
-203.352906 
-357.942918 
-162.313082 
-238.792744 
-49.013349 
293.157861 
-283.659797 
-38.014673 
-199.403422 
105.650513 
-8.544928 
170.921576 
-217.563939 
34.740061 
-279.677169 
-94.241694 
-218.942240 
-221.655765 
-148.734909 
-476.682360 
79.555040 
160.555982 
-143.098157 
-187.181320 
-92.042180 
14.628481 
-102.930061 
-281.336806 
67.574464 
-174.955393 
-84.798833 
60.111068 
710.189066 
-521.681299 
-148.846728 
-336.015755 
-95.554300 
-180.709090 
23.978133 
-796.101387 
84.467222 
-96.173167 
-25.312846 
-226.442972 
289.661160 
-366.685786 
-68.651424 
-178.156128 
268.628045 
-50.279895 
170.503504 
-13.482078 
166.693471 
-206.564759 
468.540353 
-203.107208 
282.419127 
-396.152571 
-301.440568 
-64.960950 
398.394122 
-446.627869 
-128.342387 
-37.061205 
-54.228010 
-520.888403 
-91.179744 
-351.195630 
132.731637 
-293.659394 
79.056598 
121.438922 
32.182638 
-177.077571 
-366.973509 
219.564575 
-276.310211 
-380.699313 
-13.483019 
134.028626 
-264.021405 
464.875902 
-38.831591 
-208.566006 
-156.041473 
-488.010236 
-180.938489 
-32.086629 
-65.730341 
-292.894515 
318.592134 
-103.062609 
-54.974090 
119.577915 
228.228823 
-278.556457 
170.122745 
210.788088 
-274.339625 
22.974662 
223.133705 
-86.128723 
105.298081 
-77.064695 
-227.353850 
-298.482054 
-110.676109 
104.009260 
-310.327919 
-232.966972 
-229.355891 
-446.787721 
299.528169 
-159.931558 
4.104679 
63.991325 
-233.822550 
273.106515 
734.720515 
-851.888169 
229.567501 
-16.304750 
-54.929663 
-328.819141 
198.775766 
-362.341222 
-272.960214 
195.034645 
60.112826 
280.038637 
-166.688656 
178.745849 
-392.080415 
268.628329 
-265.229723 
-150.891547 
25.782303 
-477.183772 
-220.971261 
47.848361 
77.965884 
-0.124433 
-72.634915 
-391.339734 
28.527949 
166.418367 
-202.828714 
-79.858492 
-172.447104 
-202.325384 
-62.543514 
-261.859501 
-350.020783 
-99.128149 
-387.001866 
-191.951653 
137.356630 
-371.976523 
219.244029 
-136.136413 
-137.265062 
-450.972222 
-18.962684 
-29.823630 
-72.015960 
-537.041252 
-73.579059 
177.063711 
-87.075981 
-90.547280 
44.315824 
84.643401 
121.441197 
-106.374228 
-176.450490 
-143.817426 
195.035072 
145.971617 
20.115015 
-182.746176 
-326.212664 
215.965296 
189.105979 
-17.475719 
96.909000 
-519.439529 
-87.076053 
-72.386990 
113.030789 
163.311861 
224.541255 
-208.999080 
-67.313642 
248.714756 
84.642602 
251.420682 
-410.250116 
16.306249 
-475.783708 
5.912784 
-369.190276 
-151.939503 
-195.473056 
231.111240 
-108.491325 
129.209338 
121.437502 
-187.877004 
219.079555 
-16.935394 
105.287303 
-365.710051 
-177.689384 
41.308118 
-235.608047 
-29.770867 
-139.091128 
-132.347996 
-142.297544 
-62.545703 
-336.542620 
-18.322759 
-278.126773 
-305.032640 
178.921980 
-212.736162 
4.522673 
-31.237837 
-18.156185 
-80.263851 
-50.279781 
-226.344431 
-407.381518 
-62.543882 
-377.880919 
-377.728614 
-13.482606 
-25.749011 
-194.123517 
-310.855543 
-343.914157 
-117.934191 
-63.537878 
-417.426399 
-38.014229 
-312.212520 
-1.217202 
-242.757384 
-207.800794 
-141.314673 
-42.169057 
-535.918851 
30.590722 
-406.380054 
-129.776698 
-72.321327 
-152.620544 
-258.326675 
-54.862945 
-274.308377 
-77.439844 
-1.217173 
-17.199759 
183.060609 
-421.069770 
-391.018450 
-26.574604 
208.371486 
-38.015047 
121.438590 
-170.084780 
-87.077465 
75.034190 
-238.024418 
-112.615477 
-211.937695 
-194.486420 
12.396868 
23.313573 
-74.274993 
-134.728623 
-220.467935 
-381.037879 
-218.934731 
-244.304385 
-120.603456 
-109.797091 
-322.074775 
-296.461203 
-72.932927 
-244.703943 
-336.815285 
-80.130462 
-136.727010 
-52.835214 
-1.220088 
-146.678765 
-24.065650 
-222.000025 
-87.507389 
-222.000818 
-360.807169 
-118.042759 
329.947681 
58.163107 
-227.268187 
234.958859 
-225.762355 
-449.868041 
39.662537 
20.379165 
256.351634 
-405.243864 
199.633794 
-185.055861 
234.968425 
-125.149614 
527.086270 
53.353187 
-135.640060 
-129.624309 
35.575323 
136.116936 
118.130181 
109.169544 
50.795721 
294.093961 
-406.417702 
-108.135637 
-54.772724 
264.034058 
295.133247 
-99.228715 
357.569905 
99.081044 
62.553952 
56.576900 
218.515271 
27.362109 
92.070293 
-374.376790 
329.954642 
369.699520 
121.075416 
-100.013750 
144.468740 
-46.233911 
583.135588 
378.990311 
302.658048 
-380.023087 
415.813826 
-50.476843 
295.537015 
-269.809368 
274.652395 
-28.049348 
162.502283 
-86.242246 
317.689820 
37.986772 
-13.457360 
-15.225059 
170.531335 
268.161375 
-9.805106 
-96.729465 
319.490417 
-125.218509 
348.686687 
-84.288424 
-267.125033 
223.627128 
-277.122240 
79.386647 
86.472457 
-35.620793 
-75.406742 
261.213911 
1064.457274 
328.994016 
-56.925823 
30.092798 
209.818855 
252.311425 
-33.248280 
-115.533906 
-71.265897 
-29.288786 
-194.525007 
293.151714 
-17.187277 
333.626539 
169.652813 
131.246311 
249.294555 
-152.556072 
-165.816645 
489.401497 
-173.686160 
125.896655 
104.541623 
10.644005 
145.222036 
-235.249499 
-56.737848 
-148.735528 
329.948804 
390.661084 
-529.043888 
-162.741532 
18.319507 
-294.456471 
35.576531 
232.277216 
-125.358169 
164.748093 
-449.363130 
-168.274726 
133.697886 
60.318825 
-271.245795 
-74.852812 
389.844294 
-61.838726 
-111.610972 
-62.572634 
562.997917 
69.588443 
-1.660912 
-265.252090 
293.258181 
-352.551643 
-19.599933 
-79.228605 
112.118641 
148.293858 
-133.262475 
-177.018325 
-114.656662 
-611.112028 
-216.297730 
-114.366495 
-84.847929 
188.132531 
-240.667446 
-253.419755 
148.687638 
-368.616731 
-399.790758 
-225.843280 
-239.486608 
185.550013 
-16.612489 
128.853463 
134.256157 
-140.707915 
-26.278785 
-40.429821 
391.282208 
24.126023 
-258.926496 
-328.758844 
391.280255 
-80.942085 
-208.214178 
210.255480 
-0.326363 
-43.684241 
-82.682457 
-328.705177 
-54.987708 
-106.472999 
-452.376203 
106.556915 
-120.766838 
-591.559281 
11.046749 
299.292700 
151.151517 
294.210255 
-134.845454 
-77.015696 
10.117336 
-2.040179 
-456.598115 
122.766466 
-250.268762 
-166.789880 
-320.609638 
109.000874 
-135.480801 
-79.002209 
345.388464 
-79.752464 
-105.291860 
-116.375954 
526.205472 
21.137699 
538.470161 
-457.952822 
-74.416612 
-286.515374 
-148.597121 
-215.696556 
293.157981 
-13.692788 
-919.521661 
-425.757454 
431.205956 
121.894336 
234.294022 
-237.524933 
182.944508 
-39.320961 
-115.703298 
-238.378875 
415.814917 
-122.727706 
-428.061608 
-463.339149 
101.967291 
-356.889862 
-232.574396 
-149.485434 
243.840602 
4.606628 
-264.924044 
38.241632 
0.844807 
-29.021091 
-354.831096 
84.248012 
-0.254231 
91.620877 
-257.912543 
-174.878743 
-219.093748 
235.072926 
-450.001561 
62.722002 
-219.575781 
-265.172166 
133.700928 
857.371706 
-505.212251 
-149.806388 
-292.866447 
56.555872 
-211.574573 
236.599632 
-810.657559 
123.833786 
-274.046029 
-82.538709 
-438.012022 
335.056916 
-132.916718 
6.017714 
-145.034325 
317.683051 
-123.880267 
244.090922 
35.574697 
-173.304782 
-331.744214 
152.843998 
-254.640290 
153.669057 
-324.998633 
-434.862449 
-41.431478 
486.936153 
-160.344591 
-114.708724 
-91.018785 
84.426968 
-327.876108 
-17.840057 
-275.498317 
10.151241 
-247.643447 
-195.927361 
96.904555 
-221.932735 
-301.462698 
-47.872562 
219.560961 
-25.817976 
-404.314619 
-38.017936 
-21.872800 
-37.215943 
415.812570 
39.666358 
-180.323480 
-206.431138 
-334.688693 
33.685408 
-163.456828 
54.201356 
-119.590290 
202.494864 
-328.985926 
56.449800 
-256.736995 
-77.858153 
-304.747158 
-74.455008 
96.806595 
-280.538507 
-209.748189 
-365.782260 
27.438694 
-61.517826 
-98.731086 
-199.765615 
-111.219632 
98.673998 
-50.407647 
102.401636 
-37.062126 
-382.197646 
-426.913332 
71.308982 
-262.450459 
-188.840045 
69.658408 
-133.298659 
-12.086441 
391.280036 
-8.558239 
44.588933 
61.937649 
3.083929 
-10.079474 
8.766157 
-170.111600 
-216.296157 
268.622626 
158.232935 
-67.294095 
-209.631574 
-340.834687 
-392.085625 
317.685584 
-298.258904 
-30.288689 
-83.933801 
-130.485911 
-240.263835 
121.435503 
-79.855350 
81.468276 
-23.616772 
-127.193032 
-5.350464 
-126.600639 
-166.815105 
88.952812 
213.636645 
-68.940825 
-136.141944 
-132.311745 
-310.160740 
-26.446287 
-191.751889 
-149.364639 
173.031170 
-170.237901 
96.504116 
-62.547957 
-2.305672 
-374.342693 
-156.368654 
-81.255582 
-108.127114 
-198.688900 
-95.080152 
-28.426681 
-99.345963 
60.058727 
-98.324575 
145.967837 
47.844657 
-142.500462 
-85.556267 
-417.832363 
219.561148 
-13.488564 
99.645436 
13.501627 
-246.142627 
-97.872457 
101.136314 
-28.099983 
170.499390 
-46.449861 
-62.549144 
-33.931145 
-11.714456 
15.411389 
111.414616 
-216.565888 
-290.889761 
-45.441705 
121.436626 
-203.318518 
3.440995 
-7.847425 
-435.583023 
-149.194993 
98.451772 
-119.424482 
-149.350304 
-177.202472 
-58.210080 
266.932201 
47.840855 
-434.321181 
106.227280 
-173.097014 
-23.484109 
-331.034303 
17.038602 
-379.509981 
-496.495440 
-165.637456 
-6.000900 
65.672391 
-45.452220 
-62.548862 
-220.316407 
170.980843 
-113.389370 
-655.325049 
105.683379 
-292.180708 
-347.317301 
-159.702660 
27.065811 
-313.297436 
-1.220698 
-375.847708 
-198.557424 
-1.221600 
-506.025278 
-371.486601 
-74.813493 
-62.548701 
-321.031656 
-350.482984 
-171.374205 
68.927762 
-178.770811 
-374.953494 
-50.281911 
-227.557064 
-172.938865 
-152.188324 
-87.623693 
-148.068197 
-255.611907 
-290.556941 
-197.750167 
-84.182885 
-214.994678 
53.009276 
-213.516079 
-75.973955 
-365.174230 
-78.072266 
-54.800702 
-197.468718 
-263.553478 
89.182456 
-332.568981 
-144.123714 
-15.316051 
-45.639695 
-209.734251 
96.906683 
-288.218892 
-74.813485 
-75.723602 
-352.729559 
-385.404266 
-106.882669 
-322.150098 
35.513243 
-160.671946 
5.691472 
12.813050 
-108.465115 
-406.248179 
-230.433119 
-253.961874 
-122.592860 
-381.304426 
-111.356469 
-64.349805 
28.130797 
-212.571979 
-189.575626 
36.480846 
-198.593356 
-136.426675 
-148.406649 
-127.462228 
-217.799717 
-222.000190 
-105.540793 
-221.999951 
-392.605099 
-422.818814 
231.824348 
-134.344291 
-349.594794 
70.683887 
-165.018723 
-579.051824 
-339.756604 
38.573242 
464.872622 
-233.200459 
60.014412 
-322.247030 
-35.354973 
88.681235 
241.834191 
-16.553586 
-404.029636 
108.983124 
60.107246 
-100.801868 
134.655948 
305.420572 
120.215230 
134.564248 
-439.516673 
-115.727810 
258.339025 
387.442559 
236.975251 
-267.486151 
33.618384 
70.590339 
112.040643 
280.587793 
-499.761348 
205.183404 
-65.935950 
-184.650857 
857.376264 
550.030252 
-150.821406 
-207.007049 
180.215637 
345.044171 
721.040889 
198.838128 
-369.288509 
-127.861126 
60.114317 
290.473012 
7.920620 
-118.137434 
44.312203 
-120.039681 
-186.532512 
196.503362 
391.286487 
324.740438 
-163.290803 
487.228014 
-225.186628 
-49.670386 
-187.477526 
161.516100 
256.551311 
126.211641 
66.688121 
-59.363396 
225.679597 
461.445351 
139.091080 
166.672917 
65.413803 
-192.643368 
-145.392920 
431.423489 
426.786397 
-38.780417 
-140.601068 
156.441411 
265.802091 
75.462918 
-88.262616 
69.796735 
5.040351 
326.454928 
16.033721 
231.827716 
191.828187 
77.434656 
-197.865750 
510.667752 
113.830332 
-69.250862 
-96.818725 
317.685212 
-90.731633 
117.715910 
-15.825778 
10.699340 
-507.021870 
-136.871398 
10.057405 
-91.779732 
685.661944 
122.815479 
-520.648741 
-62.703843 
-58.167321 
-161.313241 
84.642496 
-139.450297 
-168.317531 
-48.883444 
-246.540611 
71.577392 
440.348208 
-2.566000 
-584.852398 
-321.719605 
-106.657843 
67.188115 
280.901885 
87.032583 
-13.479053 
-155.210729 
-34.424118 
-208.703815 
284.997795 
-504.144812 
-155.622980 
-80.033137 
-233.744824 
123.580399 
-121.621722 
-191.859478 
-271.519913 
-144.462396 
-60.231482 
-158.808032 
-35.408853 
-596.098444 
-3.960615 
-304.003836 
320.976020 
-363.565391 
-523.886348 
-77.282149 
-421.708257 
235.833631 
201.749412 
-129.661839 
-49.533639 
-225.238870 
91.991255 
70.155578 
11.049324 
-135.443616 
-85.160215 
-64.681122 
513.936266 
-252.544323 
-581.572952 
-65.760191 
215.008155 
89.074538 
321.699828 
-441.385198 
-201.075229 
47.625954 
-156.661606 
97.127053 
-76.647317 
-486.135087 
60.110926 
158.236689 
273.500893 
-387.164074 
-73.978585 
-227.590760 
-28.223068 
31.233578 
2.208268 
-143.777899 
-11.835973 
170.089140 
-61.835645 
370.119810 
-93.934771 
-94.291559 
-79.411665 
-108.501653 
212.630681 
-46.732688 
464.876420 
226.200685 
84.643131 
-518.967759 
-186.899570 
-169.259505 
-290.765689 
-143.654836 
280.893225 
46.159236 
-299.714718 
-126.178347 
-104.191605 
-125.708777 
116.628116 
-215.268987 
-27.738749 
5.671339 
-568.411504 
125.174031 
195.035565 
124.490604 
267.812233 
-480.079414 
-264.719484 
56.920484 
-49.893709 
216.304674 
-184.654112 
-119.951231 
-318.219506 
-154.113133 
-97.020471 
-22.133312 
-0.391903 
-35.424371 
90.828672 
-162.846830 
-114.874010 
-214.801787 
-107.252352 
-294.256220 
-15.796264 
-82.167685 
-314.890648 
-172.167813 
759.248037 
158.234853 
-355.741727 
-227.085448 
-240.642121 
7.928419 
362.643445 
-78.621501 
-476.445040 
-273.622051 
161.423683 
-39.620468 
-141.463502 
200.235372 
-162.069381 
-94.976475 
-185.417788 
-13.488896 
-13.488029 
158.230144 
293.151666 
-60.957639 
-243.043869 
224.646162 
-205.964709 
85.843297 
10.361005 
-228.535646 
-145.446516 
243.822510 
-372.411742 
-87.448919 
147.519085 
-157.785551 
-385.221581 
-147.086218 
-164.929258 
-138.457107 
-96.214361 
-76.686681 
-38.020411 
-236.021345 
-225.720793 
-151.241531 
-38.016542 
-24.873659 
-1072.322075 
109.170100 
324.888106 
67.545262 
195.029902 
105.083934 
-380.652637 
-123.517551 
-447.383280 
-121.284151 
-20.292243 
158.382240 
-137.845086 
-123.803942 
-282.249459 
244.241346 
-276.762395 
47.261874 
-40.725667 
-191.595322 
33.325563 
-105.543482 
-168.995905 
142.173280 
171.377441 
-147.186923 
-258.894091 
-258.480836 
-29.124608 
59.166784 
308.587868 
-149.698218 
-134.878550 
20.395165 
-375.901552 
124.029436 
-11.213057 
-91.526541 
-33.417298 
118.185262 
386.761471 
195.033934 
-245.913306 
-161.806237 
9.127746 
-3.875116 
-17.275547 
346.877048 
-146.353330 
-139.021134 
84.641217 
72.374171 
-39.273824 
-57.825672 
-39.853422 
52.761997 
47.846366 
99.680056 
-259.000001 
40.302884 
-100.313383 
-220.791620 
-38.016465 
-14.865646 
-335.024535 
53.415026 
252.221342 
10.106495 
75.758658 
-106.949493 
-314.684401 
32.374376 
-171.370806 
366.753087 
471.776603 
-632.899112 
84.127396 
-37.692195 
-107.928639 
125.663724 
-333.152584 
53.335292 
170.502510 
-242.465268 
-85.169245 
-179.282236 
-79.131325 
-64.405911 
-505.790733 
-213.104053 
-194.933768 
-13.475377 
-112.477990 
158.259345 
195.035090 
-99.353715 
-239.044565 
-67.268329 
-234.502628 
96.907876 
-50.280271 
-30.102191 
-522.901186 
-144.554422 
-36.188075 
-113.964345 
-42.606437 
-38.023611 
-204.361816 
60.107584 
229.389946 
-199.891610 
14.440877 
-75.520787 
-155.441116 
-445.444211 
172.286641 
-344.665143 
156.257104 
-170.300595 
111.907391 
-74.781390 
5.064478 
-66.728435 
-41.865173 
-95.629674 
876.926235 
-275.031932 
313.972497 
-136.140318 
-165.441611 
-106.733329 
-34.029256 
93.615073 
-191.615933 
-191.925452 
-144.674651 
-132.576153 
127.222153 
-225.044735 
-85.331523 
-31.959956 
-74.812723 
-269.783035 
-115.959223 
-21.631986 
175.544021 
43.917962 
-276.833749 
-385.778025 
-271.862438 
-51.358778 
-30.048345 
-62.545521 
-55.568147 
-369.317839 
-1.219666 
-211.189582 
118.645641 
-38.015461 
-38.013565 
-179.050116 
-362.911526 
-242.539324 
128.575976 
-217.814931 
-268.070926 
-25.747332 
-198.257153 
-25.749492 
-377.677582 
237.600005 
86.302442 
-86.723269 
-539.205584 
-303.792304 
-257.908426 
25.441952 
1.582126 
-147.032266 
-41.459101 
-301.778112 
-233.374322 
-191.601549 
-38.015289 
-155.485741 
78.553110 
-328.483172 
-101.047222 
-106.476140 
-124.948931 
219.561229 
-25.748986 
-585.054238 
-38.016575 
-439.686570 
-110.102386 
-520.312032 
-97.566153 
-253.437607 
-200.954110 
-25.752313 
11.790510 
-299.694250 
-186.858091 
-188.657864 
-197.470685 
-82.298051 
-223.098471 
-202.941341 
-249.356854 
-101.497148 
-443.701656 
-110.462795 
-263.606462 
296.639905 
-502.191515 
-9.592806 
-222.004901 
-263.878815 
-205.947445 
-222.000492 
40.957857 
-222.004402 
-418.632185 
-251.545866 
354.483334 
-145.015640 
-235.681461 
337.894670 
-89.982057 
-359.734162 
-91.166052 
-62.905238 
808.308557 
-387.353295 
257.446507 
-122.465192 
-62.126857 
-53.484481 
589.502082 
76.007739 
-203.223097 
75.459320 
84.640284 
-54.534436 
355.384015 
256.359420 
156.979560 
66.951005 
-464.725323 
-262.640209 
322.701961 
397.150230 
42.539393 
-348.454730 
-117.246787 
-73.242441 
62.553182 
44.378921 
-444.718041 
48.476598 
-78.501942 
-142.240312 
464.874339 
367.180279 
-105.624633 
-16.597538 
27.874943 
367.034867 
717.836962 
74.544343 
-271.460504 
-33.971315 
84.642516 
-34.212129 
66.529243 
-42.995370 
-102.211351 
-38.781070 
-306.002800 
13.845784 
317.688679 
-22.159642 
-389.005176 
-42.233868 
-407.593125 
-86.137803 
-110.349716 
-15.286334 
64.036116 
-182.030583 
-82.880642 
-319.539045 
338.691190 
274.503327 
46.366752 
13.081018 
-191.352783 
-121.613348 
45.834442 
410.207876 
41.767475 
-105.630494 
-128.414645 
-73.301497 
75.332519 
166.818968 
-128.067323 
-425.316803 
-223.724491 
-165.597982 
98.304219 
452.607488 
-86.238285 
-32.944503 
-120.592533 
301.331540 
269.686974 
-118.801266 
9.054510 
158.232896 
-96.104194 
-175.806765 
117.866974 
-255.492593 
-209.108772 
-56.523197 
192.333462 
182.287473 
636.591351 
83.429887 
-367.443846 
67.394130 
40.384683 
-50.384417 
661.125909 
-163.120079 
6.406618 
66.856236 
-146.755917 
64.605712 
133.703602 
278.064904 
-413.183081 
-193.034565 
-85.186613 
73.643646 
710.179985 
-367.524710 
35.580985 
-70.471407 
146.357580 
82.680508 
282.867069 
-9.464455 
-75.162353 
-45.118882 
89.507085 
158.927177 
-6.824540 
-469.858618 
-148.214397 
-309.901131 
-78.086245 
-97.416026 
-14.289713 
-746.348173 
32.752182 
-223.751651 
107.082923 
-130.188206 
-398.563896 
137.233775 
-115.632704 
432.268607 
-148.721284 
24.313033 
110.636126 
-170.479615 
213.251846 
121.186041 
268.629140 
68.430809 
-170.269014 
-242.436005 
11.048417 
-96.200866 
-266.169536 
60.491025 
185.287875 
-2.657855 
202.586192 
30.658503 
-390.650686 
-119.387823 
-157.050828 
-213.021175 
160.515346 
-573.749604 
170.496882 
311.556263 
-96.855851 
-215.442595 
-274.308884 
-129.419911 
-253.745229 
-42.102540 
-289.924225 
-198.848479 
-69.234800 
-40.915953 
-14.908639 
-197.973351 
-167.210434 
82.393882 
-164.080537 
122.906103 
172.233184 
-8.321378 
342.217803 
183.335077 
293.155567 
-461.811245 
-466.032886 
-405.246857 
-19.107304 
21.933452 
342.219718 
155.218058 
-704.730867 
-369.351410 
-167.560734 
-37.016060 
-18.921374 
-316.444518 
-244.291927 
98.054630 
-308.834754 
-120.195764 
35.578321 
387.823884 
322.591937 
-223.752606 
-290.817950 
-2.828671 
148.342770 
163.084289 
-98.676114 
-281.595291 
-392.074260 
26.555408 
61.716410 
-24.892626 
-27.128577 
-90.277642 
-60.487171 
-191.857987 
81.944519 
-186.905527 
-79.889367 
-381.436039 
-191.405205 
17.035319 
-197.124310 
-45.241445 
231.827206 
231.826830 
-212.669103 
-536.686047 
148.082067 
-256.003794 
1.642084 
-142.126559 
-569.629387 
173.690926 
213.970988 
248.756078 
-261.808673 
191.518841 
518.508526 
258.598700 
-177.647662 
-13.483979 
244.094656 
612.063664 
109.174042 
-45.367044 
-154.787523 
495.274763 
96.499028 
143.207383 
-295.427884 
-88.711257 
97.488304 
342.397326 
-218.785948 
-358.819396 
15.499460 
-260.168689 
-353.529393 
-26.722999 
-247.094186 
140.187645 
-122.649287 
-475.527931 
-38.011272 
130.834951 
-12.134185 
-249.074402 
158.237492 
-13.088060 
-399.939498 
612.064045 
189.601733 
-115.423064 
121.441593 
-104.245793 
-181.714852 
-139.562941 
-143.803298 
-436.464675 
-9.137228 
-21.390626 
-342.487603 
-197.032199 
-449.263660 
-199.107978 
-144.581509 
-156.990552 
-97.601613 
-66.274230 
252.909749 
164.800240 
244.516678 
-31.890217 
-139.357712 
73.240851 
79.233964 
-147.108199 
-315.008112 
2.158600 
181.556082 
65.830989 
-34.695772 
-380.828116 
-266.258628 
81.614086 
-298.472018 
-206.600530 
70.543607 
-3.077884 
95.798921 
-13.486747 
-244.484917 
-100.451312 
-49.879420 
158.565296 
90.764366 
73.879719 
-179.977532 
-229.653549 
72.373561 
-50.283815 
-203.088670 
115.154327 
84.005537 
-326.671003 
-160.674877 
165.770509 
-40.942135 
64.409855 
-146.375703 
-88.679304 
121.435277 
-133.521271 
-199.529811 
-150.809781 
224.213094 
-97.552757 
-43.961153 
27.297548 
-153.953208 
282.414339 
65.446963 
-13.484691 
-632.894125 
-363.051208 
81.333417 
-26.344981 
-281.845451 
7.364441 
-368.145541 
-107.751796 
-50.280931 
-329.987275 
-146.850954 
44.361955 
-194.278298 
-114.862348 
-773.053143 
-178.432449 
34.908451 
145.972855 
-0.360357 
-224.803909 
-62.543744 
-62.544702 
57.577738 
-165.289136 
-82.403161 
-111.609489 
-111.604975 
-42.981581 
-25.746209 
-37.564715 
-78.518234 
-63.138110 
-152.033864 
170.502732 
-92.445794 
72.373295 
82.583180 
-207.101985 
-43.435704 
-97.210425 
-112.257437 
-228.974403 
103.944427 
219.567687 
5.009727 
-98.564989 
-129.699090 
-236.437791 
-114.962491 
-133.700021 
-266.211901 
-67.070763 
1054.578330 
-277.039029 
177.128545 
-25.757051 
-283.195697 
-2.382209 
-208.430919 
-21.227578 
-329.516198 
-26.497076 
-332.768052 
-333.492378 
-64.753130 
-272.172197 
-126.036701 
-150.751781 
-74.813865 
-162.782884 
-52.192876 
-67.326193 
21.344434 
-211.844111 
-231.970692 
-243.420910 
-222.200635 
148.340311 
-119.153467 
-87.079653 
-35.363998 
-336.792204 
-50.281948 
-113.632308 
-49.165461 
-87.080280 
-50.284836 
-585.825385 
-388.205347 
31.135073 
-112.935077 
-82.233597 
-333.435838 
-50.283647 
1.411984 
-62.548563 
-197.704126 
-102.908523 
-120.359453 
-326.530039 
-262.779385 
-81.945157 
-220.524278 
68.272148 
-114.331179 
-309.827374 
-165.783217 
-225.093390 
-261.913608 
-112.285650 
-1.221204 
-232.578670 
-268.123737 
-173.294726 
-256.630063 
-176.905418 
49.798938 
-111.609746 
-87.079094 
-549.097114 
-99.345075 
184.071059 
-125.581483 
-295.960128 
-329.938088 
-224.593285 
112.533196 
-221.999336 
-62.427380 
-96.075775 
-272.724157 
-328.434216 
-99.342084 
-180.430477 
170.353342 
-177.045537 
-396.684025 
-255.668652 
77.351043 
-21.797265 
-286.983781 
-185.695651 
-348.123872 
123.383779 
-221.996822 
-42.431335 
151.988455 
-221.997672 
-61.021707 
-221.997169 
-345.395093 
-19.388784 
329.953314 
-526.815638 
-463.757008 
225.136134 
-166.174886 
-304.459507 
-25.750862 
-33.448448 
195.027303 
-292.894163 
-23.220172 
95.097219 
-81.235859 
159.347464 
422.277388 
361.390981 
-100.150214 
130.534290 
72.372466 
231.826450 
124.660391 
293.150872 
474.847950 
-0.760478 
-706.460602 
-278.210045 
220.964272 
297.249601 
57.049680 
-7.686719 
-18.381153 
-1.115743 
164.802232 
7.047809 
-227.574885 
0.576201 
15.792080 
122.048757 
256.357829 
216.177343 
112.325713 
124.938965 
74.478042 
151.200153 
471.061077 
234.517207 
-93.109378 
-34.736203 
513.936743 
-18.005115 
497.134637 
-76.911160 
131.770294 
21.008088 
523.796076 
-198.692006 
317.685985 
80.966406 
-223.647349 
12.411135 
-68.638494 
-79.197210 
78.344078 
-101.156191 
191.213823 
-117.354439 
-362.726845 
-67.343860 
131.977607 
195.108785 
17.644377 
-185.054892 
-232.743246 
-34.920053 
113.216826 
471.280939 
781.946695 
-206.270540 
-12.048226 
69.114896 
216.259251 
219.536036 
122.454322 
-301.352449 
-221.388417 
-46.959224 
-18.699973 
477.142205 
6.393124 
54.155836 
-21.987380 
458.335930 
237.683716 
-128.315655 
-261.584210 
329.956577 
-270.391404 
-185.817104 
455.094417 
-118.061312 
-159.207430 
185.671698 
-54.307467 
-24.626505 
636.596584 
105.428587 
-246.219786 
103.899060 
14.889418 
-174.151956 
661.131044 
166.681817 
-162.032490 
-63.871285 
-52.460874 
241.105536 
207.301780 
369.041706 
-259.519335 
-301.083425 
119.143148 
84.095723 
636.602504 
-250.440096 
231.829782 
82.266984 
356.657348 
-18.529242 
369.154027 
47.670175 
95.533619 
-6.119707 
66.055794 
-40.567372 
-124.791702 
-312.320650 
-74.882958 
-141.679563 
-330.536813 
47.406100 
123.371990 
-257.259532 
-102.824243 
-218.736955 
113.729437 
-151.467453 
-267.687797 
-47.732673 
220.461012 
107.681121 
-188.200830 
244.761460 
150.634332 
137.537137 
18.156541 
394.776767 
280.889823 
-86.949590 
135.347844 
-13.106849 
109.173915 
-389.410148 
-278.235145 
242.949934 
-273.223460 
125.651372 
134.607522 
14.362706 
-350.443511 
-296.233430 
-177.863594 
-63.018992 
439.903254 
-493.230290 
195.028578 
158.231699 
-42.905065 
260.877667 
4.448133 
366.832212 
-290.388977 
159.022961 
-351.197191 
-18.764778 
-195.278058 
-147.619311 
-1.964313 
-172.128697 
-17.928763 
19.097153 
240.219901 
242.278702 
-42.869076 
403.501215 
268.622211 
117.593141 
170.498988 
-530.450244 
-360.414859 
-18.696845 
-254.040789 
183.987089 
121.433551 
-53.970547 
-713.246516 
202.623211 
-310.861758 
52.393865 
87.780539 
-284.414583 
-347.651069 
79.776287 
-186.766130 
-88.658248 
207.296315 
189.866351 
-432.146543 
-18.665878 
54.222903 
-313.951540 
217.004318 
-152.574211 
-101.763584 
-480.395651 
-144.706207 
-115.040178 
-113.484029 
76.755630 
-270.252633 
-130.624359 
-293.670057 
-17.131040 
99.859872 
-150.776247 
71.716019 
-426.951910 
-399.130716 
7.160991 
145.836825 
-140.572596 
379.014197 
587.530047 
-518.307265 
-234.632508 
-111.160025 
-299.444901 
117.823214 
103.887054 
-737.621420 
-61.531871 
-69.883702 
-149.375194 
-200.479558 
164.707681 
252.292859 
162.182871 
-154.055223 
195.027603 
84.636473 
109.168144 
133.699651 
127.434079 
27.106797 
474.852432 
152.177247 
19.450301 
-586.660991 
-345.948723 
184.180948 
271.478636 
-347.579284 
-148.144670 
-359.478697 
-209.000159 
-225.485130 
57.407748 
-138.318917 
118.904240 
-307.133878 
-474.989052 
293.153583 
68.128906 
137.661583 
-394.252551 
562.996707 
-310.016085 
-157.492893 
268.627639 
53.666325 
-318.900650 
84.640853 
0.410044 
-529.771550 
-307.105198 
-156.073936 
-608.532630 
-126.250780 
-185.584911 
-360.143523 
-152.986411 
-275.167728 
-240.601226 
-157.474037 
-153.199778 
-560.446564 
-82.888882 
89.170621 
-20.827828 
-91.676929 
-242.950055 
-88.509173 
4.784138 
33.755907 
-332.044438 
-322.164864 
-59.421713 
-144.246765 
85.176852 
-194.339704 
-171.471897 
-392.715755 
-93.588711 
-327.992128 
-386.928075 
242.554217 
-215.306664 
-100.273158 
-87.077091 
-183.729095 
-109.566908 
-127.091899 
187.181181 
-95.770374 
111.318890 
-140.778055 
-161.491222 
-136.137249 
-62.545530 
151.084339 
-19.928847 
-130.139809 
-365.916759 
219.563290 
-74.308044 
-109.122391 
-4.729176 
-368.857198 
-398.428516 
-62.544104 
1.415003 
-193.514817 
-357.493752 
201.536098 
-124.417808 
11.556431 
-10.001564 
-114.753509 
128.829711 
14.865525 
121.440971 
-669.692008 
359.851173 
-94.600355 
-92.313516 
-262.623852 
33.535036 
-389.685463 
81.030372 
-62.542873 
-140.355159 
-532.122600 
-139.715344 
-396.231318 
-333.451813 
-683.776253 
-95.236605 
-212.232471 
96.909747 
-160.177081 
-275.300258 
-87.070306 
170.499264 
25.143343 
-108.469581 
-153.649655 
-74.817647 
-87.072836 
130.062500 
-287.416473 
-96.821573 
-412.440011 
161.591047 
-94.323575 
72.369324 
-203.596657 
-87.076199 
-150.114249 
-124.755866 
14.317566 
-328.412122 
-13.064257 
-532.096453 
-77.144512 
256.368618 
-71.551929 
-168.605083 
-220.615841 
-46.490253 
-236.024680 
-112.193824 
-107.584235 
-159.312785 
522.468047 
-358.611964 
36.378089 
-87.074828 
-157.583584 
90.293416 
-202.591445 
41.825277 
-320.755435 
-53.161367 
-56.812882 
-374.344181 
-152.903079 
-347.919347 
-73.495398 
-22.185446 
-50.280988 
-428.553345 
-63.036037 
1.020654 
-648.036576 
-253.253260 
-272.839295 
-197.009499 
-192.074249 
-104.764718 
-329.005454 
-87.080901 
-253.370543 
-250.877889 
-62.541424 
-87.744452 
-173.262898 
-50.283264 
-74.809936 
-88.859743 
-353.925350 
29.612418 
60.122117 
177.811674 
-365.799138 
-62.547242 
-37.112532 
195.029850 
-164.119206 
-201.197179 
-97.243248 
-385.900635 
-495.109059 
-15.134459 
-200.753146 
-156.714096 
-175.079051 
-67.573876 
-356.843537 
-127.879300 
-229.670038 
-51.580994 
-38.019518 
-155.555672 
-57.713789 
-295.729488 
-396.942863 
-120.051857 
-53.614130 
-50.282003 
-74.815227 
-308.743110 
-99.344223 
139.411656 
-6.816961 
-129.179878 
-59.969291 
-286.357306 
152.133040 
-222.002150 
-69.971177 
-108.501650 
-226.051033 
-620.028363 
-222.003422 
-217.469735 
182.014436 
-226.301329 
-439.358191 
-304.000519 
28.906965 
-44.559819 
-242.099476 
-277.078666 
-84.406725 
-69.717697 
-222.000587 
250.133668 
-44.466147 
-221.999112 
52.123187 
-222.001338 
-475.650501 
-5.421255 
538.468583 
-162.477311 
270.232314 
-21.720297 
-335.212529 
-478.261088 
105.083346 
433.266239 
109.171938 
-204.152659 
-396.901132 
-343.132931 
186.788381 
64.115899 
108.683443 
60.855215 
-472.309733 
91.705512 
-38.015492 
188.351977 
360.660005 
280.890487 
465.054776 
326.457581 
-873.212441 
261.252104 
327.045055 
241.921009 
77.245339 
-16.646313 
-191.777152 
-7.185024 
257.066974 
-171.519429 
-166.156962 
264.063461 
59.154372 
391.186472 
440.344052 
126.038980 
-91.158789 
53.618351 
131.287253 
216.272570 
418.042046 
-263.354692 
-155.786187 
-115.428920 
293.156228 
-158.424930 
396.120440 
143.721467 
102.007202 
-419.782901 
228.251451 
-197.714029 
84.641104 
223.743858 
10.472050 
87.613897 
-81.368322 
43.036314 
21.952245 
-73.304125 
366.981027 
-440.666754 
-46.479840 
124.128045 
-214.460257 
197.274473 
-29.316749 
-124.414869 
22.839847 
60.742256 
-192.512055 
306.267968 
897.954203 
-78.793662 
-18.622972 
261.287597 
198.189957 
26.032800 
-129.129670 
184.889930 
-13.081317 
-137.266906 
-89.772477 
808.312449 
-29.301968 
-110.365290 
-222.479695 
-51.916703 
302.381044 
-45.920968 
-37.160667 
231.828382 
-148.130204 
-273.215968 
78.706481 
-209.432117 
-124.444303 
12.310816 
110.738847 
-0.060211 
170.500468 
-23.661624 
-290.869419 
-190.160024 
59.734730 
-14.411334 
158.234741 
-142.606202 
60.162960 
4.514358 
215.844309 
-128.971672 
366.750285 
162.243465 
-53.984693 
-229.322343 
83.491121 
-9.446156 
-62.546758 
-95.359881 
538.468578 
346.735552 
54.483404 
-2.249405 
216.034848 
-65.413787 
185.803215 
-164.444374 
-289.514124 
-353.281489 
-348.944650 
-99.173669 
-67.882789 
-532.725232 
21.821014 
83.727607 
386.949428 
56.277193 
-241.482418 
-255.393506 
-46.742863 
-570.000088 
-492.920641 
-214.332883 
-123.107724 
-309.563588 
-249.906280 
129.484921 
-112.042686 
-201.938713 
-35.127503 
270.140468 
489.406487 
-202.094473 
233.120966 
-430.678597 
317.687419 
72.658651 
-449.946277 
149.386452 
-41.793313 
-36.380022 
-31.262296 
-180.468791 
-388.271889 
5.196544 
-49.356797 
-197.809534 
16.056392 
-159.603504 
280.891170 
379.015878 
108.558342 
430.444815 
-17.622086 
-24.454918 
262.286460 
-60.999850 
-666.633573 
-220.253567 
-408.850758 
12.082928 
-349.807061 
-149.206270 
-565.597841 
-185.158098 
74.436693 
417.423047 
146.379080 
-79.891478 
195.031258 
-59.925104 
96.906569 
-59.565436 
-173.041246 
-209.930447 
-301.299473 
83.273893 
219.562746 
1.924729 
-583.670144 
165.696608 
46.491583 
138.025693 
-2.874736 
-528.648240 
-159.166841 
-2.573451 
-215.310673 
-90.318765 
182.765577 
28.476607 
-397.807057 
-171.254047 
230.053194 
-240.822027 
44.842159 
51.479084 
84.178168 
-419.200246 
-395.769064 
-84.833074 
-23.383755 
64.597550 
-270.818013 
-568.909626 
-297.007495 
-109.412162 
69.370481 
-47.102581 
2.424339 
-169.738503 
-433.223457 
2.124746 
118.732061 
-178.544372 
231.827805 
440.343550 
-451.427730 
-115.177065 
-0.891416 
-443.075413 
119.784349 
88.141912 
-516.324604 
-33.903684 
-366.407381 
-324.520790 
-302.511686 
159.460426 
36.392335 
178.579625 
-402.936949 
293.156180 
133.703037 
121.437313 
133.703080 
79.811026 
-48.555008 
117.705573 
-42.633064 
-74.529763 
-397.782081 
-86.087594 
-84.497345 
445.375002 
-543.844710 
-264.878703 
-174.013115 
-177.913745 
-473.107940 
-177.660057 
77.383289 
11.413567 
-156.372971 
-396.680930 
342.218667 
-71.679014 
112.383465 
-76.226197 
759.249936 
-129.879104 
-387.753198 
293.156154 
45.947969 
-49.754792 
109.172031 
183.583153 
-118.741497 
-274.638826 
195.031093 
-179.140947 
371.266823 
154.149460 
72.807341 
-52.680491 
-189.834337 
-12.671127 
-186.025175 
-370.396404 
162.507457 
-20.910994 
-16.191952 
-46.030863 
-536.089046 
-87.916246 
64.799979 
0.027873 
-266.168548 
-220.442224 
-200.569622 
-248.683370 
-148.441273 
-136.705466 
-153.377621 
-1.788603 
-593.231578 
-47.794671 
-247.385386 
54.961172 
260.230370 
27.825959 
-52.822079 
-38.015800 
-154.469140 
72.122910 
17.011098 
212.465097 
47.005209 
39.509014 
-251.302878 
-158.969328 
-50.281059 
-62.546827 
89.956087 
-191.816826 
-100.057928 
-313.583372 
293.156466 
8.309422 
-40.930007 
55.983188 
-110.632674 
-53.556479 
-136.140608 
-81.790466 
-176.713107 
-202.990932 
-27.615837 
-94.920120 
-200.729015 
7.459028 
-216.831641 
41.172385 
-53.538785 
96.906590 
-210.501135 
-364.587610 
262.200752 
-107.525803 
-356.193952 
-28.606229 
-363.337966 
-3.436867 
-62.546727 
-33.669564 
-233.557992 
-109.378014 
-209.378037 
-36.342651 
-61.492270 
-98.726736 
-204.070856 
72.375069 
-106.759315 
-62.450262 
-38.015608 
231.828364 
-50.047439 
-103.833681 
-185.784941 
-25.750271 
-87.078273 
290.364034 
-235.083381 
-4.035185 
-161.964894 
-33.900129 
155.287788 
72.375562 
-100.110060 
-74.811867 
-200.692221 
104.442929 
-229.722314 
110.826370 
106.168687 
-265.236803 
-300.526680 
182.765855 
253.034909 
-111.829095 
-228.098648 
138.471937 
-238.460534 
-0.882198 
50.685518 
82.888924 
-16.790636 
-265.333564 
83.416279 
-160.671614 
-26.746362 
7.194056 
-287.720113 
55.851235 
-319.128066 
149.531488 
-16.261926 
-135.712025 
-199.711835 
-229.003625 
123.802837 
32.018755 
-62.546972 
-335.749366 
-10.600275 
81.393702 
-793.597463 
-72.818428 
-93.962024 
-235.739230 
-167.132462 
95.738901 
-73.902861 
-38.015631 
29.455223 
90.937027 
-13.484375 
-369.194075 
-315.383739 
23.312716 
-1.218593 
-248.510201 
-268.717512 
-134.583545 
-121.905003 
52.690719 
-200.745716 
-38.015688 
-212.124806 
244.093854 
-169.301211 
-221.151274 
-30.933504 
-412.309825 
-186.106583 
-149.388208 
-183.561668 
-111.999576 
-18.009180 
-96.665886 
-258.720906 
-70.680040 
-18.599739 
-118.157538 
72.375056 
35.361857 
-246.458898 
-224.933222 
-13.052158 
-154.035272 
-38.977286 
-25.750021 
-50.281285 
-434.022968 
-50.281406 
-204.155153 
-113.807410 
115.272097 
-184.117850 
-305.952862 
-284.756249 
-221.999973 
-25.723433 
123.850520 
-156.854513 
-496.400102 
-222.000156 
-167.237813 
-451.052170 
-460.330792 
-83.700385 
1.696403 
-77.117230 
-298.216199 
-304.803735 
-155.250117 
-76.891658 
-50.255638 
-222.000179 
86.377586 
-210.849027 
-222.000049 
-166.369466 
-222.000067 
-321.328713 
-271.948267 
-209.734375 
-219.928189 
-226.843197 
-211.200247 
-227.536000 
-220.954580 
-222.000000 
-223.397813 
-222.000000 
-222.341947 
-221.589247 
-218.600484 
-221.178929 
-221.664584 
-225.979834 
-219.819235 
-227.512472 
-224.879980 
-222.000000 
-220.680023 
-219.964099 
-222.000000 
-213.889783 
-217.202280 
-226.405226 
-216.472618 
-214.679269 
-224.282749 
-215.402179 
-222.937142 
-222.420881 
-223.390641 
-216.664097 
-217.346953 
-222.030666 
-223.962924 
-211.493724 
-221.665791 
-222.000000 
-224.340477 
-222.219556 
-227.633477 
-217.881772 
-221.971251 
-218.387920 
-237.166216 
-219.805804 
-225.610181 
-222.000000 
-229.842477 
-227.454422 
-224.867076 
-226.819574 
-233.499023 
-222.570496 
-228.293160 
-222.000000 
-223.105973 
-216.910354 
-220.238294 
-223.908657 
-220.761928 
-222.198725 
-225.952111 
-222.181844 
-219.542332 
-228.317789 
-225.880873 
-217.037623 
-214.264637 
-227.356026 
-225.250723 
-221.090724 
-224.784675 
-222.258444 
-217.469553 
-235.083333 
-219.075019 
-220.696274 
-222.798608 
-220.414389 
-219.734829 
-221.589247 
-226.187873 
-216.537310 
-224.537917 
-217.827815 
-222.000000 
-229.015447 
-224.088670 
-220.865006 
-208.916667 
-226.384497 
-212.234159 
-217.717515 
-221.999999 
-219.300019 
-224.392618 
-225.029195 
-222.338884 
-216.986278 
-222.988294 
-215.919833 
-220.211375 
-222.000000 
-207.750523 
-214.199607 
-223.143698 
-224.240996 
-222.885451 
-222.000000 
-226.792119 
-217.258242 
-220.041871 
-214.534224 
-216.077072 
-222.000001 
-221.256406 
-223.340766 
-227.755039 
-219.457651 
-225.786823 
-222.000000 
-221.858175 
-222.000000 
-222.385081 
-218.952447 
-220.689551 
-218.005767 
-212.280600 
-226.112456 
-220.164611 
-216.977980 
-222.913582 
-224.383453 
-214.766718 
-215.220583 
-229.801949 
-211.304084 
-224.109887 
-221.565588 
-222.000000 
-220.341977 
-225.120265 
-223.226796 
-219.557208 
-221.482430 
-220.503773 
-221.579747 
-218.788382 
-218.268906 
-223.864759 
-223.094589 
-223.237478 
-218.119120 
-223.173469 
-209.734375 
-213.981669 
-221.164308 
-221.304146 
-222.000000 
-221.419725 
-217.855474 
-225.799572 
-219.859144 
-221.169889 
-225.439940 
-221.026037 
-219.677925 
-225.252162 
-220.731071 
-223.551452 
-216.128067 
-227.535232 
-209.734375 
-222.000000 
-222.972907 
-212.836563 
-221.284885 
-231.369591 
-218.241171 
-220.533726 
-218.865145 
-219.312703 
-215.147107 
-226.943700 
-214.470849 
-225.991494 
-219.282152 
-226.982825 
-216.149152 
-222.314452 
-218.021121 
-221.465160 
-222.000000 
-222.783462 
-222.000000 
-221.028153 
-218.425001 
-217.895560 
-221.407225 
-224.521072 
-222.000000 
-221.497845 
-213.792898 
-221.526004 
-219.883067 
-225.483087 
-221.290732 
-219.921451 
-218.930015 
-215.287119 
-223.612278 
-222.037404 
-209.734375 
-217.206701 
-222.000000 
-222.118091 
-214.228092 
-223.908657 
-222.568641 
-220.820487 
-222.469639 
-213.400471 
-213.966289 
-219.647901 
-220.173415 
-222.513722 
-223.681552 
-224.436095 
-222.470771 
-223.802364 
-222.769754 
-218.101927 
-222.733495 
-223.645602 
-203.001677 
-216.978725 
-223.626786 
-223.837698 
-222.000000 
-222.000000 
-220.350859 
-216.138912 
-217.584154 
-221.999139 
-215.851758 
-227.274554 
-223.115269 
-223.651599 
-223.025060 
-225.267082 
-216.154477 
-226.139856 
-215.599625 
-221.861985 
-220.561768 
-222.000000 
-222.000000 
-222.000000 
-222.000000 
-226.792119 
-221.825387 
-221.793811 
-218.657581 
-218.515978 
-222.767056 
-222.799168 
-222.170734 
-218.082482 
-222.145594 
-221.692555 
-219.340632 
-222.336518 
-221.626434 
-217.696336 
-215.988501 
-219.386820 
-212.701292 
-221.943921 
-222.000000 
-224.577057 
-215.493648 
-224.241471 
-222.000000 
-219.584009 
-217.881772 
-222.000000 
-220.482904 
-219.446043 
-222.000000 
-222.000000 
-222.777594 
-219.144657 
-209.734375 
-223.064474 
-222.385081 
-219.636495 
-222.193302 
-223.189620 
-221.024550 
-225.497901 
-219.818437 
-228.863185 
-219.698838 
-220.310283 
-224.274370 
-225.856413 
-221.988022 
-217.507388 
-226.069011 
-223.743928 
-212.095835 
-223.741183 
-219.995308 
-220.218293 
-225.860839 
-221.813696 
-221.104732 
-216.986277 
-214.780969 
-224.103131 
-214.012198 
-218.718466 
-217.346953 
-221.521346 
-218.333141 
-209.734375 
-223.984625 
-226.088400 
-217.337704 
-218.847388 
-217.507388 
-222.132961 
-219.743656 
-226.018805 
-222.000000 
-222.000000 
-226.445399 
-228.036064 
-225.273342 
-208.916666 
-222.000000 
-218.503030 
-225.181107 
-219.846593 
-213.120700 
-218.574633 
-222.000000 
-221.018242 
-221.576909 
-222.707978 
-216.253315 
-218.167881 
-215.915832 
-224.205632 
-218.775056 
-222.407262 
-221.087899 
-222.000000 
-222.000000 
-222.000000 
-220.711810 
-222.999187 
-221.546453 
-221.739401 
-223.274285 
-223.712424 
-222.000000 
-226.624143 
-222.389292 
-224.097266 
-220.053705 
-226.385187 
-221.971251 
-222.396648 
-219.932221 
-222.000000 
-219.445215 
-223.283853 
-222.000000 
-222.000000 
-220.655637 
-221.227476 
-223.712424 
-222.000000 
-222.000000 
-213.309403 
-222.000000 
-222.060459 
-225.564979 
-224.342665 
-217.739481 
-222.000000 
-209.734375 
-222.000000 
-222.373937 
-223.701559 
-224.381848 
-220.251789 
-216.886480 
-222.265320 
-221.559713 
-234.265625 
-221.594015 
-220.198758 
-224.240996 
-222.936187 
-219.047765 
-219.633297 
-221.294410 
-223.260341 
-222.000001 
-220.833300 
-218.073869 
-222.000000 
-224.160059 
-230.053802 
-214.511760 
-222.877220 
-211.455051 
-225.802252 
-225.241499 
-222.948794 
-224.305866 
-224.493747 
-223.832811 
-221.485700 
-222.000000 
-227.076766 
-217.481649 
-222.687886 
-209.734375 
-224.931524 
-221.096985 
-225.059125 
-220.435715 
-223.577042 
-223.704144 
-222.000000 
-218.210753 
-218.194902 
-222.000000 
-222.868499 
-227.724593 
-222.000000 
-209.734375 
-221.122325 
-221.570187 
-221.705201 
-222.257879 
-219.925314 
-221.646703 
-222.000000 
-220.796388 
-222.000000 
-219.838251 
-225.437680 
-224.498831 
-223.266831 
-220.931960 
-217.889534 
-221.186264 
-222.724241 
-222.697119 
-223.093781 
-222.502641 
-219.577418 
-219.697958 
-219.899066 
-222.000000 
-221.829521 
-219.183781 
-218.041790 
-222.193302 
-219.859924 
-218.280709 
-222.000000 
-222.000000 
-223.637424 
-222.000000 
-223.325933 
-215.782029 
-213.353912 
-221.064995 
-226.019092 
-223.486510 
-222.000000 
-216.176535 
-216.847549 
-221.988156 
-220.615019 
-222.000000 
-223.495411 
-216.032822 
-220.281739 
-220.742052 
-224.009110 
-220.756938 
-223.537898 
-214.528300 
-215.834080 
-219.393726 
-221.945134 
-222.000000 
-226.362232 
-221.775799 
-222.000000 
-221.437253 
-222.000000 
-211.121372 
-223.462000 
