8.710941 
9.904823 
10.676333 
-2.460470 
9.357051 
5.013879 
3.249998 
9.649101 
26.914060 
37.964843 
41.500940 
57.843992 
49.073581 
42.931051 
56.834725 
86.316713 
113.603448 
122.881211 
136.132814 
117.015215 
127.213127 
117.929693 
113.386832 
101.337914 
94.059008 
98.140171 
102.560555 
94.885843 
78.884211 
80.173325 
73.357263 
49.267443 
26.776077 
8.831480 
16.070512 
28.005744 
51.554338 
47.803644 
45.117202 
65.749262 
64.429573 
76.333818 
77.969776 
51.301111 
29.390790 
20.249608 
22.930416 
33.355869 
45.117200 
47.350668 
71.003494 
39.400225 
26.457560 
21.794447 
1.606502 
19.284218 
8.710952 
24.294380 
5.565263 
29.792185 
29.018956 
49.511613 
57.388476 
62.823925 
56.090265 
38.855667 
49.453427 
26.471003 
34.317913 
25.466099 
24.060145 
30.403769 
21.062401 
22.900040 
2.010966 
16.071920 
6.700999 
-2.491851 
-16.227289 
-21.247374 
9.470367 
45.478688 
86.159228 
76.468242 
72.584059 
29.829371 
19.010158 
-9.492196 
-14.731014 
-26.922838 
-9.046520 
32.374959 
50.827285 
67.630814 
87.210680 
99.726542 
69.486349 
61.726299 
42.206585 
49.652104 
33.391137 
37.674648 
65.225720 
88.308092 
99.726574 
81.218968 
70.911830 
31.843502 
22.831088 
-0.032838 
8.710902 
21.461290 
21.692874 
36.997932 
31.746098 
38.207721 
45.117157 
52.904702 
54.008022 
33.958935 
29.094338 
36.799753 
45.117096 
37.414593 
45.117164 
27.460079 
19.660533 
39.117981 
44.190947 
61.386137 
60.480925 
43.285227 
43.764345 
43.140285 
39.091214 
40.086634 
34.580228 
25.749562 
25.177141 
42.650921 
40.842255 
41.135216 
24.753876 
6.538092 
9.187586 
14.879632 
26.960777 
19.126246 
16.416712 
39.033919 
67.694010 
85.831433 
85.370144 
56.782630 
49.923339 
52.629434 
63.320323 
69.502897 
59.177474 
43.931135 
63.320317 
45.395921 
22.850894 
8.799877 
-4.138625 
11.788611 
17.458014 
21.948300 
22.666108 
44.612351 
58.067129 
62.363573 
53.336353 
44.820218 
63.320319 
63.320323 
66.374363 
55.764054 
63.285857 
61.906953 
58.481133 
68.274620 
71.010214 
75.976831 
74.045530 
74.761203 
66.065930 
77.283562 
84.687753 
90.819634 
90.902793 
80.728714 
76.436756 
83.064228 
99.726562 
120.107065 
136.132818 
123.230470 
114.867791 
99.107459 
85.859372 
80.563672 
99.726571 
92.271019 
55.731639 
60.081153 
48.754711 
64.195630 
73.867465 
79.472485 
97.513869 
112.461533 
88.887872 
67.067529 
45.117208 
30.566355 
55.432313 
35.939253 
37.711262 
47.222093 
65.190505 
67.973346 
62.237461 
76.485178 
62.839943 
43.136920 
37.892301 
34.873188 
18.527439 
30.048074 
16.269385 
46.233743 
56.766982 
66.330524 
64.757707 
50.141845 
28.912584 
25.607689 
15.363471 
31.702650 
26.914071 
45.117207 
36.168288 
26.881946 
27.606809 
34.935317 
27.710000 
49.202652 
43.014717 
74.843278 
94.859019 
91.222236 
82.476424 
95.095149 
108.338809 
92.891570 
94.462032 
63.320294 
63.320286 
45.117159 
45.117156 
21.461316 
25.038352 
33.978698 
43.923713 
76.254037 
78.892003 
76.676055 
57.154122 
45.932103 
22.681622 
28.223648 
35.474574 
34.635901 
62.361284 
58.822157 
59.527794 
61.596390 
73.991203 
54.831177 
63.320274 
61.262614 
59.812101 
60.358389 
63.320277 
72.644360 
83.544425 
117.929668 
129.154613 
112.552869 
117.929671 
100.333241 
88.945345 
57.810465 
36.584439 
29.903464 
45.663189 
54.549703 
52.715257 
66.538643 
36.662236 
43.557697 
45.823416 
49.703675 
65.457782 
77.632463 
109.961854 
88.353330 
70.796224 
64.450393 
63.876985 
31.159801 
8.289548 
13.093071 
16.999244 
32.201342 
29.676848 
43.510851 
58.689052 
69.797457 
66.775095 
39.852319 
0.138711 
-10.409947 
-10.585181 
0.261892 
33.676405 
81.523478 
82.984053 
71.629458 
69.285824 
58.449217 
46.247192 
40.392619 
48.699003 
75.739858 
63.320319 
63.320334 
64.233198 
65.170846 
57.937824 
32.374972 
26.914045 
9.109854 
41.224056 
48.401394 
57.016458 
65.823446 
117.929687 
154.990779 
167.375917 
171.488005 
137.255052 
111.302684 
86.967164 
82.012300 
68.203423 
55.382240 
58.750594 
45.117170 
49.099134 
51.374507 
41.086578 
30.340810 
30.922643 
31.036335 
38.860357 
49.046315 
45.117194 
33.204108 
31.561760 
34.225020 
75.130071 
97.931984 
81.298325 
67.200815 
71.394755 
45.117252 
40.700710 
-3.332622 
-18.593655 
-9.492133 
2.525056 
24.505482 
61.788577 
99.726577 
136.132875 
131.212379 
100.333418 
74.651974 
51.630107 
50.627279 
44.129280 
45.117254 
38.859935 
63.320405 
95.389496 
94.596324 
85.840165 
58.712740 
36.207690 
28.382049 
44.425863 
63.320403 
73.357219 
76.065247 
81.081159 
89.462808 
75.114568 
85.331825 
80.977576 
54.898236 
64.209182 
54.526224 
67.490707 
63.320373 
54.211330 
44.470095 
54.168193 
64.161420 
62.726870 
84.196819 
43.633389 
14.857145 
-5.773885 
-30.586974 
3.587724 
48.696342 
108.828104 
139.350879 
132.578841 
124.280301 
132.897461 
120.440711 
92.671477 
95.803320 
81.152113 
92.501755 
100.162296 
63.320281 
80.822482 
91.216589 
81.523418 
73.861132 
83.202385 
99.726559 
99.726546 
85.635043 
84.259448 
99.902768 
75.925861 
88.245858 
93.984465 
117.929689 
114.999385 
108.828126 
99.084890 
116.709656 
90.298181 
84.763049 
42.827118 
36.919735 
32.390983 
16.088712 
-1.434083 
-9.033780 
8.562535 
13.822925 
21.937989 
35.861495 
54.218788 
68.391967 
71.410841 
76.766049 
43.613740 
50.224236 
45.753916 
54.218792 
54.218769 
46.753972 
45.117222 
13.659441 
21.164046 
17.558303 
39.243970 
33.153225 
39.285597 
63.320325 
41.022168 
42.565012 
26.499253 
29.230448 
34.309085 
63.643559 
65.315954 
53.902097 
20.893621 
38.272811 
43.982130 
67.123960 
37.364387 
55.801095 
53.397608 
76.204323 
72.421826 
76.290771 
56.010918 
45.117142 
55.318810 
36.015587 
54.596106 
67.543750 
63.321224 
-78.842408 
128.331627 
134.743446 
174.591775 
21.067939 
22.668367 
211.437009 
90.625313 
-60.104559 
196.801133 
-44.371012 
210.892557 
98.651423 
192.292046 
139.811196 
34.248029 
96.857461 
63.321180 
145.830063 
91.606812 
63.320571 
36.062291 
125.296042 
90.322833 
77.361070 
-130.074347 
61.810902 
-22.246632 
114.470077 
125.241932 
89.949343 
120.110571 
88.528439 
-40.086755 
246.483954 
-1.173811 
96.023950 
8.712582 
104.158051 
8.876602 
-14.528328 
-45.511065 
103.950700 
293.133010 
10.436955 
-49.482376 
120.768830 
45.117908 
66.172022 
147.937358 
71.081975 
89.670535 
79.817394 
150.284699 
-13.143560 
63.319917 
54.114434 
9.213973 
-34.907692 
44.199157 
66.417489 
54.450340 
89.760562 
131.232163 
68.150295 
258.027733 
6.121769 
-2.130659 
202.118530 
118.674592 
96.221663 
131.398605 
197.628580 
40.184162 
143.150946 
390.182495 
11.179650 
0.243446 
-12.762699 
161.232771 
107.804815 
97.773318 
9.945570 
202.754159 
121.564490 
105.674515 
363.671503 
-84.183080 
295.784916 
68.112731 
255.665759 
106.874732 
-40.753251 
208.919243 
345.468873 
21.071066 
-76.479074 
189.099252 
177.155271 
-32.103614 
-50.504967 
105.426342 
-15.220941 
245.353051 
207.408815 
-86.935942 
203.803000 
109.785127 
115.544170 
145.234478 
335.048025 
5.004434 
-28.898749 
-108.063093 
161.225838 
190.739670 
250.174669 
-165.242714 
-64.587090 
187.223648 
93.810966 
127.032792 
-228.558933 
263.554019 
-90.826244 
167.295592 
-59.044087 
206.020444 
64.279608 
95.540533 
-94.801714 
-69.167690 
106.616690 
127.485138 
-115.551288 
50.917695 
-63.819569 
35.372513 
-74.117644 
55.464737 
-36.799031 
116.167042 
96.324479 
232.386368 
-311.535948 
-294.791999 
-24.087434 
-12.122871 
96.431922 
-41.093637 
63.526420 
220.791232 
-15.738063 
101.991048 
-90.471088 
190.743167 
4.976384 
77.968938 
-267.200035 
227.147821 
25.880702 
26.894977 
100.615117 
-23.549713 
149.173903 
144.426126 
-308.070032 
151.399033 
-64.589748 
-4.079307 
253.320220 
-88.410858 
189.963950 
45.117189 
90.623507 
234.048092 
-375.601199 
-9.234543 
34.949213 
38.024460 
64.325936 
17.605126 
-22.131283 
71.696323 
13.075075 
-208.464148 
69.709059 
36.952287 
4.769209 
91.328046 
83.098692 
-11.329870 
16.490367 
99.724426 
166.199047 
445.584085 
-240.511501 
71.468102 
-41.188350 
58.951551 
23.550819 
136.131293 
134.836877 
-200.144346 
-80.488764 
66.780856 
-56.743910 
65.309303 
-61.270058 
24.145518 
-139.390339 
35.862713 
-6.091922 
136.132445 
129.581375 
46.937093 
-53.655450 
227.032259 
62.401203 
92.993082 
-30.758609 
147.748981 
91.490958 
50.716933 
37.478353 
36.166243 
66.274214 
-73.464149 
150.247478 
67.379543 
118.133197 
-22.124947 
17.093146 
194.648520 
-66.025749 
56.001321 
273.666500 
-14.051540 
113.797094 
45.117573 
190.742937 
-50.578178 
-79.160072 
202.929450 
55.517763 
-100.028299 
354.222884 
-239.123210 
226.517206 
-6.789226 
127.050587 
95.888679 
340.302235 
-133.013207 
136.139551 
-117.332264 
8.711143 
199.844298 
26.914729 
163.437893 
422.422631 
-210.756474 
132.654547 
39.463476 
221.677446 
-59.143008 
21.797191 
36.242427 
263.765784 
-175.922235 
123.067684 
39.110825 
-37.939835 
-50.684313 
1.292812 
13.031633 
92.884450 
-21.292770 
169.484113 
218.046889 
-10.883836 
48.097563 
98.203146 
63.320676 
85.671574 
10.347474 
272.656911 
110.635256 
-52.779154 
154.335347 
245.957932 
-111.925993 
54.688460 
-291.075297 
-67.749545 
-81.725111 
-83.134879 
33.019882 
243.120296 
-80.338525 
67.879552 
210.211927 
316.342364 
-29.681195 
110.344497 
259.720181 
-35.241566 
117.281730 
216.436823 
52.046872 
140.015543 
-18.154069 
-89.666509 
-9.043068 
49.980328 
109.035355 
55.974452 
44.031007 
-68.508324 
-210.651145 
151.184187 
90.227783 
57.948291 
214.737701 
2.952203 
37.969419 
245.351959 
18.088335 
155.786482 
87.169843 
104.778159 
-229.535815 
207.827718 
-92.171221 
-17.327710 
63.321835 
163.438072 
125.386941 
-113.906891 
26.304812 
-74.416804 
45.117142 
68.882968 
65.858627 
-30.001339 
-153.833087 
47.082278 
218.046944 
46.187529 
-17.415382 
-33.048601 
-53.372392 
-49.395056 
72.414982 
-64.251394 
85.694512 
-22.038055 
1.672635 
290.859073 
-42.488945 
121.910462 
0.335824 
-26.163290 
-59.474703 
133.917573 
-66.322424 
141.679307 
236.250440 
191.222852 
-64.000132 
20.444407 
-3.737105 
-21.000615 
-167.279017 
-91.090221 
71.992688 
127.031329 
126.558695 
15.232527 
117.927621 
208.943399 
87.184731 
7.809475 
-43.383883 
81.522837 
199.844263 
140.470855 
-45.292724 
6.748296 
142.863619 
63.784489 
91.146289 
26.911928 
34.306929 
218.047548 
102.670872 
154.435805 
111.827762 
225.245314 
-35.920409 
89.200889 
91.681916 
127.028187 
37.179539 
87.045639 
12.698704 
-7.152771 
68.446039 
-120.731128 
127.737095 
66.538063 
291.996991 
-63.324470 
93.449119 
154.335277 
-51.174765 
549.881259 
97.871756 
172.341472 
-269.544821 
92.135922 
-4.289820 
-20.445284 
14.407379 
-67.116963 
-12.812529 
181.821663 
26.913062 
-102.071167 
36.909538 
9.836522 
19.125665 
42.386693 
30.105680 
154.688292 
192.643317 
164.890003 
-34.290593 
36.014620 
79.513805 
-142.964218 
36.013927 
-77.644811 
-191.852839 
26.913832 
17.810993 
-108.142279 
-99.830230 
106.780001 
-20.015055 
139.476475 
-124.236818 
26.913894 
33.882471 
72.421631 
98.366389 
-23.837677 
53.224123 
96.473834 
-406.362932 
175.508507 
-150.220868 
49.943745 
68.468540 
-107.068075 
-16.765748 
181.017744 
-181.850978 
-18.352938 
8.711234 
116.267415 
72.103514 
-230.636279 
-21.589558 
-9.781657 
228.241364 
45.118110 
117.929460 
-67.980491 
254.453934 
-100.869610 
-61.508065 
50.430628 
12.545408 
101.322895 
79.041131 
63.322163 
10.416742 
36.829949 
-124.964670 
-77.088764 
-38.502263 
80.587329 
145.335062 
-30.839863 
50.734477 
-56.343100 
58.922808 
-1.364515 
-133.044765 
-24.230277 
52.047580 
112.631764 
63.321937 
19.779931 
51.719924 
90.626176 
47.998273 
-54.998795 
-151.592891 
48.208076 
208.945580 
-48.492944 
114.102857 
239.931257 
266.375689 
-272.851564 
51.791347 
77.923659 
154.336854 
-188.092014 
199.373135 
-104.939669 
207.735512 
120.480854 
270.760739 
392.778638 
108.609924 
124.000760 
290.861066 
123.233964 
9.016570 
418.282399 
165.434238 
279.326907 
-30.216957 
99.240204 
-327.269712 
19.066317 
257.456426 
-31.989759 
259.491372 
-3.366197 
316.843679 
269.771471 
-3.450015 
295.025577 
258.241691 
80.448132 
145.235696 
281.670240 
32.499766 
-210.102201 
-17.250077 
197.022183 
470.363176 
186.587086 
-215.901814 
89.983642 
327.266337 
39.322869 
467.658829 
247.782164 
385.695295 
34.308207 
232.865770 
72.559770 
800.547557 
57.526995 
86.292451 
67.905509 
21.507739 
93.489624 
-37.541170 
270.927840 
254.289795 
-28.705031 
270.352201 
-3.780132 
255.532254 
259.008590 
206.167216 
117.148299 
64.228318 
38.995804 
236.458546 
124.419093 
780.291168 
-157.255267 
251.554829 
6.052897 
262.676958 
434.131083 
255.034399 
46.915896 
187.395439 
227.643230 
55.439901 
563.906132 
-103.428663 
317.884010 
194.218783 
197.417607 
211.044511 
125.592105 
68.445754 
227.150001 
-22.577970 
138.259537 
185.022929 
159.053895 
-85.436653 
-190.091139 
270.979554 
-110.967054 
336.367853 
214.068833 
-279.879987 
342.287286 
13.543793 
167.162426 
136.132937 
185.750882 
-60.236020 
4.993485 
-259.949368 
186.076981 
227.153649 
182.914586 
-218.627371 
-209.473931 
293.914214 
131.819411 
254.455860 
-270.246216 
354.574469 
-102.338841 
20.253532 
166.247772 
261.732763 
-124.288814 
224.659260 
-263.547151 
-105.331596 
168.894166 
63.869606 
-8.746999 
-93.295599 
-162.005133 
-41.464365 
-89.186537 
97.834027 
30.898690 
56.875561 
-278.155336 
182.508642 
-385.901637 
-182.755128 
-112.191880 
29.480814 
-58.883902 
-5.438024 
71.669286 
235.760832 
-21.860244 
117.748295 
-98.671454 
190.741121 
4.331971 
64.035933 
-106.415352 
299.958636 
-21.456564 
-90.979335 
96.189062 
32.565093 
100.786417 
173.007406 
-306.999962 
120.268909 
-50.606781 
-38.705219 
314.528369 
60.239646 
-47.708638 
45.115966 
131.580989 
284.486312 
27.824649 
120.337899 
-160.721425 
23.866509 
568.673674 
-104.218106 
39.139861 
54.101457 
76.534530 
-155.907362 
188.065824 
166.392285 
24.378664 
255.445624 
162.753141 
6.339082 
39.188583 
491.091738 
161.058878 
418.281789 
-369.081225 
-82.198342 
53.581534 
82.714850 
90.707057 
227.148929 
-35.692866 
-353.061117 
6.775208 
-298.544023 
37.660273 
278.636975 
-80.321316 
-156.373512 
-144.483484 
-84.046084 
9.548032 
363.673396 
-17.805646 
-145.407272 
-45.876954 
146.771962 
85.220610 
173.035137 
3.064420 
120.660942 
-15.180119 
65.215175 
-7.233596 
-69.958030 
134.924972 
-171.821710 
87.158290 
254.555981 
147.855903 
-37.365941 
-18.788295 
90.009486 
16.367373 
-18.386701 
228.046141 
-130.351956 
83.949929 
281.758739 
454.688809 
-252.258203 
13.520916 
-143.263730 
62.992635 
52.799599 
126.761037 
-437.933500 
121.026661 
-27.233442 
163.548319 
86.885585 
328.102614 
-137.622312 
63.442801 
-26.012471 
218.047854 
-0.389667 
181.641783 
172.540906 
214.876631 
-90.424489 
287.086088 
16.236025 
263.233546 
-170.628228 
-79.013745 
66.646823 
309.486070 
-213.465437 
37.528748 
159.383659 
34.673268 
-282.192390 
79.695777 
-72.807757 
117.283541 
-129.814789 
139.468735 
90.625293 
15.533325 
-41.543975 
-86.736663 
218.048246 
-21.004474 
-87.899358 
26.915939 
221.384002 
-7.665555 
454.689365 
22.667412 
26.708466 
-7.952876 
-285.383459 
3.176252 
52.385227 
54.143251 
-148.164290 
293.790407 
-2.653322 
-33.503240 
211.111397 
365.298835 
-84.646280 
191.699564 
231.545752 
-135.676823 
183.090241 
119.767629 
49.309410 
151.874772 
71.434805 
-109.341425 
15.374227 
29.407434 
82.541917 
-100.492057 
-61.255339 
-212.859438 
-265.515372 
352.456035 
-118.235322 
61.993578 
114.439135 
-142.811247 
347.196079 
527.501665 
-442.096116 
209.263370 
75.103354 
51.146186 
-125.974625 
283.317838 
-141.582332 
-58.218217 
218.049559 
108.830735 
241.160579 
22.275358 
62.049091 
-122.952501 
236.250742 
-35.078924 
-0.404782 
105.325678 
-210.766743 
66.561806 
108.829744 
249.848237 
68.649960 
-23.971899 
-100.387675 
103.240617 
243.936464 
-11.073197 
-59.420133 
65.667171 
-109.320034 
63.324378 
2.453839 
-179.006097 
67.526443 
-142.179921 
-121.907542 
179.661561 
-166.378507 
259.375884 
26.916445 
85.357338 
-179.127857 
75.462963 
63.096767 
55.062990 
-240.716983 
-6.841553 
158.667428 
63.322195 
28.464918 
92.458517 
208.945468 
218.047111 
24.403832 
85.911412 
-40.975034 
290.858676 
218.049065 
16.707071 
-16.165806 
-155.009665 
215.994213 
222.818457 
83.222639 
145.236839 
-242.722509 
63.318080 
39.735717 
145.469792 
132.950139 
254.018381 
-108.117306 
0.631290 
180.785717 
72.418404 
262.877148 
-90.470199 
62.083352 
-181.577934 
44.111956 
-128.213673 
8.739465 
43.485622 
283.135232 
26.622593 
231.715691 
163.436425 
-33.172935 
302.817806 
52.462422 
145.729098 
-80.163282 
-52.109718 
119.843702 
-95.011615 
79.778220 
-8.556706 
30.787727 
58.274507 
108.827478 
-246.659479 
114.345765 
-30.905835 
-301.094445 
283.207592 
-53.706067 
145.143502 
65.986006 
83.542495 
-24.660983 
72.422661 
2.170892 
-178.152481 
63.320135 
-107.549909 
-257.723228 
81.523473 
72.421892 
-98.811682 
-18.358416 
-95.314990 
-44.580850 
125.165006 
-222.131396 
54.219969 
-74.919590 
17.812370 
-63.033862 
-22.486567 
-73.201865 
132.017327 
-225.453968 
59.647406 
-247.191225 
-14.174080 
58.716779 
1.125878 
-47.297535 
-4.663344 
-119.895663 
71.873566 
-0.389960 
55.510259 
143.383686 
-192.985638 
-66.252184 
84.899143 
251.969365 
-9.491682 
90.625625 
-57.027401 
54.219252 
154.744939 
-63.966459 
3.976034 
-96.650988 
-39.412354 
138.663309 
45.118541 
-3.170871 
-63.664105 
-90.691231 
-161.599743 
-39.639642 
-28.432964 
-64.388315 
1.097330 
-153.960841 
-107.151586 
43.731156 
0.982192 
-154.177212 
50.706868 
-12.619128 
62.627526 
36.016883 
-13.611719 
99.706864 
-55.000104 
40.823124 
-54.999069 
-135.043693 
-6.734777 
336.367847 
68.870575 
-98.357319 
265.145955 
-126.849845 
-150.239602 
216.834085 
-20.751076 
281.758824 
-88.385438 
195.057143 
-9.236180 
255.260208 
136.482348 
305.549289 
183.212749 
-121.765766 
59.580531 
127.031533 
128.388459 
163.403740 
136.133851 
259.490664 
345.233877 
-145.344862 
133.682731 
-107.674420 
279.179242 
220.607391 
95.624463 
261.193380 
35.760288 
199.532825 
245.258822 
249.568583 
225.289011 
179.970016 
-52.217629 
299.961472 
403.764023 
169.585100 
129.606995 
215.810546 
96.344668 
480.515663 
270.145430 
152.017389 
-90.394035 
418.282650 
36.561703 
339.861977 
-48.789544 
212.811031 
-21.434982 
240.495610 
-9.936773 
381.877393 
79.243315 
-34.263474 
91.739394 
177.123776 
177.250245 
37.319572 
106.313094 
363.055729 
-103.282655 
266.462393 
49.773053 
-123.182666 
351.228781 
7.886550 
135.353504 
220.204095 
11.072844 
28.411670 
270.056882 
784.318101 
123.141486 
151.166284 
42.030810 
209.170339 
282.453152 
-21.759727 
75.470478 
33.834066 
94.303709 
-35.195640 
309.064576 
73.963287 
301.072049 
271.221305 
148.876521 
278.179488 
40.050289 
-103.300584 
345.471111 
-80.504651 
135.004113 
163.757656 
122.039823 
146.664071 
-132.398265 
68.885869 
-145.342620 
372.773418 
254.186065 
-252.223091 
-52.348746 
155.099879 
-36.439328 
136.133055 
320.068225 
15.610122 
157.278987 
-169.728857 
-65.115289 
208.946618 
154.566477 
-73.057499 
115.306650 
363.192448 
114.557592 
63.320157 
44.865417 
436.482105 
56.429816 
39.596104 
31.215189 
305.802567 
-111.321854 
188.671869 
30.824479 
132.355111 
192.238696 
8.020430 
-13.864190 
51.474705 
-208.654364 
61.266100 
20.332990 
81.671419 
102.571945 
43.736964 
-84.978987 
242.075425 
-89.508708 
-48.155019 
-23.382756 
-45.505701 
220.777359 
198.587252 
268.534519 
79.852790 
-26.691878 
99.347521 
91.063120 
254.452193 
222.761843 
-102.585173 
-114.721371 
327.266834 
55.509075 
-6.493909 
186.304977 
72.635453 
45.921047 
103.347826 
-156.137929 
154.052706 
-98.889183 
-135.218694 
213.048994 
-56.661976 
-241.365628 
26.912841 
204.397674 
167.724304 
254.699728 
-135.379287 
-19.761890 
132.432832 
150.436009 
-184.041072 
173.388932 
-45.497182 
-42.460074 
-36.664052 
205.107336 
42.942465 
53.804995 
298.762287 
-6.977070 
16.510601 
-58.977456 
354.568834 
126.135112 
472.890087 
-201.039498 
37.726811 
-36.003547 
8.653197 
30.605934 
309.062608 
140.035070 
-609.911672 
-310.761005 
417.190089 
150.467088 
317.661424 
-87.712131 
115.261781 
109.211083 
31.963646 
-91.805109 
290.860291 
7.113766 
-183.634303 
-115.460276 
178.020936 
-159.635677 
11.391860 
30.389869 
261.097072 
-17.357797 
-94.134560 
67.357219 
65.707897 
91.691018 
-113.663182 
198.252528 
7.897585 
113.597578 
-0.007894 
-3.148043 
-70.447212 
208.274362 
-113.949220 
113.586052 
-109.081324 
-73.598646 
117.929001 
509.297173 
-296.855105 
-66.758213 
-57.418107 
97.482117 
72.453476 
318.179849 
-431.612100 
144.190540 
-32.225025 
151.728869 
-108.238148 
202.109458 
34.375734 
70.051311 
-67.507672 
163.436230 
8.709910 
254.451812 
99.724876 
-39.141738 
-93.525606 
205.905012 
-1.569037 
239.650533 
-32.329198 
-101.192983 
13.748631 
384.035713 
-17.680358 
21.603635 
-39.243776 
177.094091 
-183.808803 
163.043076 
-80.208139 
145.792901 
2.671125 
52.623931 
199.842733 
-72.447689 
-104.600558 
4.452509 
254.453427 
106.981995 
-113.439465 
81.523708 
50.370350 
42.446715 
509.296767 
42.082890 
16.001558 
18.752052 
-210.293700 
135.675879 
10.924952 
110.487460 
18.955962 
111.221380 
-52.372235 
134.429145 
-14.749862 
72.051090 
-87.192840 
5.378931 
85.253806 
-147.224015 
-95.702399 
-160.884590 
41.172328 
-39.646221 
22.519011 
-51.391675 
-32.220327 
6.218190 
9.671784 
110.870373 
17.407024 
-262.906263 
-244.270219 
144.060500 
-67.080871 
-36.780412 
138.468875 
-19.639003 
52.163340 
454.688536 
28.508249 
64.689622 
123.447410 
82.952433 
84.859789 
133.525011 
-56.757977 
-83.227550 
309.064452 
154.336740 
97.242311 
-58.288918 
-204.951343 
-161.792333 
218.048111 
-106.277876 
19.517337 
34.572682 
-20.050971 
-84.904630 
145.235834 
12.225865 
112.378511 
3.751718 
-108.188662 
135.650575 
23.433138 
21.314105 
69.598131 
253.746946 
72.953780 
26.915159 
-6.645870 
-123.829271 
102.611968 
13.022546 
-17.202553 
200.891429 
-24.283639 
150.392382 
63.322185 
71.863160 
-180.457834 
136.374951 
20.362349 
-40.528802 
-144.126279 
70.766637 
164.708459 
63.321027 
106.374891 
43.248409 
181.641883 
127.032824 
31.629051 
13.081873 
-109.911171 
290.860879 
145.233623 
159.244360 
-45.290269 
-72.401285 
120.367325 
204.890152 
48.921295 
181.640922 
29.189761 
81.523039 
89.516065 
128.009582 
115.353911 
224.183713 
-6.507350 
-106.552832 
158.348920 
127.032764 
-0.711198 
124.738438 
58.016517 
-154.936659 
-101.253401 
139.812340 
-56.105549 
-45.198785 
97.628255 
-4.476534 
195.850073 
163.438051 
-108.127664 
157.458970 
-93.577918 
86.133866 
-132.470911 
96.737686 
-150.939347 
-195.999220 
37.876432 
154.303330 
86.199842 
98.831072 
8.712148 
-114.186958 
149.009174 
45.828519 
-395.880133 
177.308859 
-167.607121 
-70.718286 
32.477024 
61.943483 
-165.055512 
36.017137 
-126.989450 
-105.460320 
36.016966 
-260.375026 
-126.385451 
26.915335 
63.321902 
-151.374451 
-120.070575 
-18.107770 
57.383224 
-20.077803 
-174.828926 
72.423155 
-28.784629 
36.017359 
-14.648067 
90.278246 
-17.426052 
-85.125998 
-72.090077 
-76.102657 
-129.521662 
-18.708159 
94.393512 
12.078718 
-2.344110 
-62.960377 
34.761406 
75.687239 
45.118347 
-55.556243 
53.533132 
-151.601521 
-17.449727 
159.598313 
85.308146 
63.321250 
163.438772 
-97.230928 
63.321532 
72.562509 
-135.300318 
-15.986683 
-34.517845 
-117.784336 
61.407422 
72.422413 
-22.593954 
133.240985 
-22.659681 
-198.744731 
-10.628635 
-59.594814 
34.777311 
-114.561051 
20.206276 
3.265759 
92.368904 
-27.344936 
-112.619733 
146.229158 
-99.898852 
5.017899 
72.422758 
-72.546002 
-116.891519 
-54.998118 
61.141949 
-54.998465 
-110.663389 
-205.202743 
272.654349 
-83.827484 
-115.077386 
211.188027 
-50.349317 
-242.420418 
-35.586018 
142.857377 
400.076828 
-79.657281 
87.056773 
-111.265051 
225.757162 
41.813910 
292.788704 
187.332858 
-130.755104 
217.449495 
172.536245 
77.395663 
375.880878 
281.755122 
92.640419 
115.601777 
-188.537898 
-33.336467 
235.329084 
403.733478 
111.541923 
-231.317817 
99.441201 
190.398447 
184.829586 
293.603457 
-371.168304 
98.556034 
76.429699 
14.682309 
582.107172 
400.894396 
-64.781755 
-91.567545 
120.635149 
377.929402 
686.466740 
208.561237 
-200.255272 
66.356245 
154.335918 
239.826823 
120.625445 
9.504194 
104.648152 
-34.523091 
-13.910828 
270.632491 
299.962678 
248.179114 
-68.873064 
242.615612 
-176.805149 
129.452311 
-97.981182 
180.308119 
221.579236 
96.935694 
144.529243 
25.080276 
271.088305 
436.488477 
171.466529 
216.531530 
149.862731 
-29.581542 
-28.630295 
353.618760 
328.137243 
-2.012716 
-21.115939 
233.504732 
370.655065 
253.690866 
-65.679462 
-45.328852 
41.321091 
236.483409 
94.099526 
117.932023 
140.627658 
71.666162 
-98.212221 
275.084323 
94.029063 
69.134734 
51.936165 
181.641502 
108.248810 
188.773131 
64.696359 
125.468293 
-251.822312 
-76.786293 
116.519925 
84.281678 
600.312816 
125.679195 
-169.391680 
106.311674 
66.343561 
-53.467335 
154.333837 
88.792498 
-37.214337 
-37.223195 
-111.885790 
58.293487 
309.061491 
65.883972 
-388.436989 
-246.846917 
31.129917 
122.444006 
299.959016 
169.881626 
63.325741 
48.458165 
109.117322 
23.449260 
239.025872 
-232.729107 
7.471087 
52.183471 
-0.202964 
149.349947 
-72.036513 
68.013727 
-80.300661 
-166.345331 
73.722598 
-35.715014 
26.413934 
-345.110323 
80.254705 
-102.239429 
217.763473 
-241.740287 
-335.591587 
-5.985103 
-144.724953 
280.442999 
174.142521 
16.900636 
104.460769 
-60.800089 
117.770163 
133.446360 
117.932693 
44.307498 
-38.086587 
61.522970 
418.283149 
-84.995978 
-194.505435 
92.705600 
314.352974 
216.613776 
379.668122 
-311.457936 
-34.002866 
145.312715 
-40.423089 
68.311643 
-51.697480 
-300.059207 
227.149085 
268.107118 
363.722766 
-136.437416 
-4.714643 
-70.100976 
38.190880 
113.343488 
125.278508 
97.296057 
185.127177 
196.387465 
16.659915 
334.946279 
28.806126 
34.599374 
54.448003 
99.975243 
208.211611 
61.203949 
345.469133 
320.513099 
117.928425 
-334.467613 
-64.948039 
-70.870925 
-71.539426 
-21.995602 
245.351323 
181.091337 
-94.204124 
-103.668690 
46.742425 
-16.071312 
142.753559 
-118.832550 
143.705229 
120.935376 
-410.908713 
98.987445 
327.265910 
214.749902 
140.380921 
-301.358410 
-98.555063 
105.343114 
4.368538 
190.092902 
-107.729345 
60.142908 
-140.959747 
-6.601665 
38.880158 
-16.568860 
83.968357 
18.036938 
215.149075 
22.725979 
-108.875861 
-3.061323 
7.539306 
-36.630074 
99.926433 
60.344559 
-60.900306 
-11.556873 
400.077772 
290.858278 
-78.679372 
-126.095306 
-55.225221 
183.263433 
279.766632 
89.964596 
-273.734107 
-51.866263 
191.168622 
14.361977 
5.429498 
263.761405 
0.973516 
44.182417 
-70.051731 
63.318269 
63.318763 
190.739602 
381.871938 
108.205830 
-66.550844 
313.912588 
14.779423 
213.303182 
138.558600 
-36.530086 
84.758456 
287.190005 
-79.307804 
-9.765708 
151.877981 
88.183269 
-62.376933 
-4.985837 
-84.159138 
-30.206523 
21.138192 
69.101543 
26.912217 
-49.776795 
-113.095966 
17.259715 
26.912472 
40.219919 
-546.355180 
99.726169 
534.150175 
237.403947 
245.351775 
207.126390 
-192.532456 
-4.800250 
-259.783205 
35.237013 
-6.150126 
123.394352 
108.830001 
40.555157 
-99.221624 
167.057617 
-66.225146 
109.691455 
-4.476389 
-73.258706 
131.204976 
-64.957668 
-20.614996 
137.850856 
144.252613 
3.425269 
-63.998819 
29.107567 
149.065110 
173.726330 
271.825226 
-63.241436 
52.148703 
157.749862 
-135.402125 
178.797497 
-22.656903 
-18.131198 
157.688063 
259.113927 
307.337349 
272.655112 
-61.892053 
-77.350690 
161.544202 
123.848576 
55.937923 
262.063612 
-74.311048 
26.499087 
236.249650 
163.437814 
64.847644 
59.825279 
83.920773 
245.956857 
199.842603 
185.217742 
-44.900770 
52.051355 
-3.796066 
-31.122571 
117.928668 
63.257994 
-177.353491 
171.175067 
253.126551 
120.603615 
114.829075 
0.082521 
-153.046661 
187.228909 
80.338184 
290.858132 
258.432941 
-315.530945 
129.631294 
116.763987 
10.516267 
168.653928 
-219.643994 
148.236362 
218.046153 
-134.843154 
13.980441 
-52.286756 
-5.128602 
-9.135179 
-271.992628 
-114.930966 
-6.524116 
81.521943 
10.629321 
172.291173 
163.435176 
54.215633 
-6.267897 
79.385877 
-36.217239 
108.827723 
26.915335 
109.254198 
-122.958194 
54.600579 
161.695268 
5.472833 
98.421836 
26.914182 
-13.472114 
181.642522 
279.086625 
-1.286573 
79.758297 
14.121298 
7.888005 
-138.917705 
221.969203 
-237.031157 
86.654350 
32.271977 
134.300119 
75.454943 
103.386008 
67.668803 
123.402691 
-0.566761 
735.763484 
-53.469967 
263.590348 
45.116270 
-51.443344 
179.266606 
202.810823 
131.480202 
0.592641 
20.866051 
27.201428 
12.939704 
160.958453 
-152.736452 
54.823159 
17.768161 
81.522267 
-63.832457 
59.274644 
25.511261 
150.109829 
65.762951 
-0.659448 
-177.319221 
-19.019180 
60.102126 
93.398880 
72.422082 
47.298580 
-197.606235 
63.319674 
-96.441081 
135.354686 
72.421898 
54.218112 
-47.426629 
-186.801610 
-100.171980 
74.940941 
-97.989078 
-118.656057 
26.915162 
-31.444980 
26.914523 
-111.837684 
114.998236 
11.313197 
-6.207031 
-253.002463 
-112.800018 
-106.123132 
146.673595 
41.007456 
-30.795362 
86.214747 
-163.417018 
-57.693686 
-50.435456 
45.118833 
-4.834936 
138.348876 
-34.151147 
-45.895402 
-11.781936 
36.866402 
108.829726 
45.119005 
-323.651705 
127.032817 
-194.401962 
13.864873 
-204.814709 
-52.720900 
-35.114477 
-26.275860 
36.016347 
88.702645 
-117.049713 
-8.288211 
-39.044712 
-58.412944 
88.829188 
-24.112512 
-57.841702 
-50.849697 
-47.652159 
-63.265449 
-2.744605 
-104.039041 
272.512370 
-177.222157 
198.858252 
-55.001056 
-81.465099 
3.014559 
-55.002200 
22.163047 
-55.000817 
-203.715564 
-61.047746 
354.567962 
132.719288 
-78.377475 
251.062619 
17.207879 
-166.167622 
-35.583104 
183.357514 
436.483518 
-193.578902 
240.428854 
60.830907 
110.814047 
175.750682 
644.298485 
96.169988 
-114.304673 
286.161981 
172.540120 
45.761606 
277.960226 
299.963542 
157.191298 
139.508483 
2.163451 
37.713965 
354.196898 
369.123497 
181.516193 
7.557731 
121.065615 
2.060363 
172.224371 
129.590137 
-66.936799 
101.684332 
-22.273231 
-103.837655 
618.519531 
388.796221 
-47.304131 
142.545115 
185.459538 
165.529639 
516.709947 
228.704430 
-152.496270 
-47.132562 
190.745234 
-23.518964 
63.218758 
40.357882 
-20.427868 
-11.194782 
-52.140114 
126.575614 
263.555212 
237.314770 
-158.706760 
246.368088 
-85.000921 
-16.197256 
-80.804129 
176.203692 
67.290823 
-71.264617 
-21.765099 
-184.555106 
266.563346 
231.900184 
133.155798 
41.835315 
-2.663673 
73.373769 
159.662993 
458.011145 
-18.175588 
129.202265 
119.046665 
14.661960 
102.218795 
151.978441 
-140.139129 
-203.855017 
-44.937925 
78.471676 
119.273147 
263.556377 
105.328357 
70.362975 
18.824357 
275.088147 
205.901097 
5.281033 
41.867601 
309.067047 
80.239972 
-160.402933 
64.399951 
-116.045563 
-23.612087 
28.539775 
141.948705 
134.997970 
436.488956 
119.322336 
-108.198904 
75.803935 
75.305205 
26.411801 
400.083296 
-116.833224 
127.903295 
118.734026 
-142.215131 
114.087963 
63.329400 
229.227463 
-161.912306 
12.372183 
76.521838 
78.823875 
472.893104 
-164.864283 
172.542091 
-49.807583 
218.285462 
-32.709728 
197.926477 
147.905253 
-40.920750 
11.948565 
160.265478 
144.750164 
21.938242 
-159.806381 
70.971329 
-143.110894 
43.094983 
18.900828 
215.973471 
-324.627582 
130.560546 
-66.592808 
-2.394317 
-3.845312 
-97.331409 
313.151977 
-40.157493 
316.634213 
-0.668982 
47.212244 
159.854636 
5.260229 
245.936902 
105.307196 
281.754248 
192.178918 
93.647506 
16.870966 
117.926968 
94.770905 
-183.710763 
121.720247 
94.943582 
87.117745 
127.378896 
162.964157 
-121.054154 
-23.870454 
-48.712734 
-49.560952 
136.331089 
-209.004623 
154.334484 
322.712963 
-4.291622 
-15.870453 
-77.297304 
-115.469236 
-25.841286 
156.130466 
-39.072248 
-106.993911 
8.584405 
186.656349 
36.109535 
46.285112 
71.546232 
75.496557 
18.726783 
101.837113 
211.467276 
24.241155 
272.659057 
224.319690 
208.950104 
-243.356909 
-293.859267 
-128.654736 
77.729977 
96.781692 
309.067534 
220.419128 
-436.181143 
-72.619012 
-67.059780 
78.366621 
35.816904 
-36.775428 
-98.048200 
168.752572 
59.727286 
-62.373802 
154.339976 
341.252050 
276.298789 
-206.934109 
-107.923979 
142.539913 
174.489002 
244.335222 
86.254738 
-93.372301 
-220.985759 
125.551426 
73.434505 
127.844884 
124.539389 
11.995230 
14.457132 
-162.415174 
89.899121 
-123.785202 
47.619503 
-89.064998 
-203.042036 
78.056965 
-142.823135 
36.586268 
318.162680 
318.162988 
-56.365799 
-253.149372 
106.874744 
-202.568874 
-68.893801 
-14.078482 
-273.846631 
8.328036 
181.168827 
180.983615 
-3.966208 
284.725367 
413.039002 
212.196037 
-107.591358 
63.317095 
218.046837 
327.263280 
154.334977 
19.077531 
-4.024032 
273.490985 
84.793731 
91.070943 
-89.983259 
15.618678 
86.346170 
275.043060 
-72.590316 
-107.545267 
75.822711 
-123.916558 
-210.076362 
2.278587 
-84.408687 
210.407493 
-31.114247 
-184.884644 
99.725555 
191.305770 
128.067272 
16.969968 
318.162803 
78.150853 
-209.666438 
509.297620 
189.763336 
88.294428 
181.643324 
51.793893 
-140.399021 
44.980564 
48.532024 
-209.153130 
-4.303444 
103.057665 
-62.608913 
21.022860 
-107.415619 
-47.685263 
-30.115620 
-69.705198 
-9.753970 
73.008684 
155.358579 
294.706794 
288.501212 
112.195324 
18.090436 
189.026493 
108.400547 
20.999154 
-80.685320 
171.023035 
265.666616 
173.068438 
73.115748 
-132.831998 
0.591703 
159.742545 
-6.615689 
-0.493914 
207.255649 
130.475554 
123.939754 
81.525056 
-114.330827 
83.262052 
101.035532 
115.132298 
203.210153 
184.524643 
-109.609493 
-31.694423 
163.441905 
54.219283 
-53.528886 
180.923334 
125.708886 
-122.950933 
26.916081 
124.247030 
40.245840 
246.578596 
9.732139 
13.690479 
127.033756 
15.323909 
-44.039305 
105.855896 
201.419895 
54.300930 
94.734013 
90.240483 
28.866198 
255.267510 
161.409735 
45.119509 
-290.505971 
-404.274275 
105.236293 
107.211129 
-105.853367 
53.392720 
-120.380456 
-20.678210 
26.918750 
-37.255684 
-40.052982 
183.416096 
19.780622 
8.219392 
-332.841847 
-39.923246 
136.495335 
117.935227 
87.868551 
18.655883 
72.421486 
81.527513 
223.332908 
-39.603691 
47.897547 
45.113450 
63.319430 
29.230205 
61.492495 
31.387816 
129.925582 
16.525582 
35.785352 
208.948336 
-13.470385 
236.252624 
244.549272 
-37.542881 
121.715071 
113.127660 
-29.298770 
-85.079703 
158.440277 
281.756330 
136.514971 
59.412790 
-21.781066 
3.739575 
1.309793 
-35.230616 
-108.520545 
29.936932 
707.464253 
-93.690873 
202.874657 
90.629175 
-72.558685 
-8.610135 
-33.688877 
77.131208 
-264.805945 
22.000835 
-126.788752 
-138.213523 
61.816748 
75.864205 
-24.236069 
-10.410689 
45.121274 
-59.018056 
67.319663 
147.157062 
165.324749 
-40.218420 
-97.226772 
-37.851859 
-84.635839 
173.105955 
61.890884 
90.627801 
54.836128 
-103.208183 
72.423591 
116.369190 
131.904934 
36.017334 
-0.388148 
-182.093031 
-179.613455 
61.913966 
110.871562 
5.599737 
-122.748861 
-27.692163 
112.595256 
-9.489309 
-73.495843 
68.499928 
9.798974 
-120.987573 
-65.767628 
128.183773 
16.469289 
94.402687 
88.111697 
-88.801832 
-91.384293 
3.365462 
-28.961897 
-4.223226 
163.440240 
-14.919019 
-174.000684 
-67.123990 
-17.102911 
75.277822 
101.808162 
26.914093 
45.119103 
-219.802822 
63.321029 
190.250648 
-163.457808 
-177.598254 
-173.544468 
-51.705751 
143.470133 
-54.998729 
-1.646241 
60.376365 
-49.704260 
-170.142175 
72.421252 
-42.789521 
240.588626 
-1.924589 
-161.384166 
-87.764784 
122.301750 
127.034836 
-64.763333 
-35.497138 
-54.256168 
101.679026 
-55.003826 
108.707273 
247.778803 
-55.001708 
22.640824 
-55.003604 
-93.588382 
105.444513 
372.768167 
-187.729465 
-153.200547 
295.756597 
82.458022 
-24.982285 
168.287008 
112.165766 
208.939998 
-90.727535 
97.884807 
200.699927 
-13.817398 
206.246360 
262.525679 
230.573825 
-1.300393 
233.705599 
199.842189 
221.319702 
194.983749 
290.857045 
300.331250 
113.714257 
-292.218434 
-25.330461 
148.619479 
305.080657 
101.962693 
-87.736035 
-12.877939 
55.860783 
160.368746 
-25.742698 
-179.992314 
40.972983 
62.870275 
99.450535 
208.947261 
198.942646 
189.491770 
126.631240 
90.501444 
235.112063 
459.102039 
157.077941 
107.399897 
96.946903 
418.284945 
50.823976 
412.601116 
72.537345 
163.997762 
-0.956857 
396.479026 
-64.815946 
381.877439 
74.831239 
-44.449483 
80.138524 
-7.210710 
-6.137247 
60.969747 
7.365764 
182.653161 
-83.001786 
-102.588466 
11.023030 
185.327404 
115.121817 
60.256074 
-11.043097 
-121.856351 
-5.861168 
80.204767 
351.775106 
584.082019 
-97.872382 
41.301889 
167.054430 
128.071240 
134.580153 
113.422561 
-118.815190 
-105.672476 
38.959034 
46.052132 
318.161553 
-30.975279 
47.883298 
56.844329 
197.414324 
190.815527 
-9.227977 
-92.828197 
245.349651 
-152.737080 
-127.209056 
450.335989 
44.858504 
13.046326 
192.300306 
43.588261 
69.142423 
491.091645 
137.303890 
-158.859437 
74.286373 
21.591584 
-82.353307 
491.094611 
119.641147 
-65.258249 
66.987140 
31.892396 
208.055631 
117.928733 
283.604484 
-53.499019 
-160.997519 
53.446124 
121.129185 
491.093315 
-54.522642 
154.341009 
147.526989 
213.245342 
143.241202 
279.536102 
142.738329 
65.686262 
82.819533 
69.098993 
71.762241 
7.155766 
-50.178640 
-66.429190 
-99.062507 
-151.347039 
119.638311 
184.980656 
16.111112 
66.255749 
-60.049272 
134.191240 
-27.230197 
-122.919659 
76.102791 
158.004253 
159.681955 
-43.229094 
247.388242 
106.440706 
213.839663 
168.649412 
349.508994 
227.149314 
18.725821 
103.271590 
34.915883 
99.725703 
-133.078989 
-126.061654 
248.811741 
-19.776446 
161.774747 
200.994581 
78.552867 
-67.362042 
-74.416332 
-21.995812 
29.511077 
263.379192 
-169.149852 
145.231847 
199.838980 
106.028983 
320.277025 
-26.341385 
287.079376 
-110.102947 
218.420170 
-65.067466 
123.296605 
-92.117505 
-4.275156 
98.987214 
-21.712910 
34.317440 
122.155887 
189.598058 
246.168725 
90.681480 
249.865466 
309.061574 
133.378997 
218.046036 
-273.059547 
-100.468007 
39.156599 
-91.731706 
343.995090 
254.454709 
89.439899 
-329.003544 
219.644712 
-125.131939 
144.360439 
234.974796 
-154.351657 
-148.513290 
62.450165 
-93.108124 
19.951124 
263.554409 
210.756325 
-196.375067 
34.326976 
187.338144 
-80.026133 
137.209632 
26.041719 
24.142641 
-220.637302 
-74.732094 
-15.119935 
107.780954 
119.078131 
-15.073620 
54.516473 
-90.298266 
141.280780 
170.330155 
-0.696499 
60.800178 
-157.493011 
-183.144046 
109.989759 
147.046528 
-98.897403 
281.755332 
472.888225 
-173.286444 
-128.704873 
-11.656749 
-109.763809 
97.669252 
172.861266 
-405.982080 
109.557543 
65.851756 
81.333354 
-29.466599 
122.795598 
430.771148 
198.843169 
-88.509433 
145.232297 
81.520162 
117.925804 
154.333111 
22.553975 
-25.201757 
310.977719 
271.474513 
62.437435 
-235.159413 
-65.641217 
81.178875 
252.226122 
-101.906266 
-47.231627 
-79.997759 
-10.964934 
-118.842641 
37.591868 
28.832388 
184.403455 
-103.020153 
-214.124601 
218.047391 
159.952101 
179.290052 
-237.935863 
400.078854 
-138.198167 
-15.721143 
236.251241 
67.513238 
-72.079898 
154.337346 
119.750997 
-187.690888 
-41.808421 
-48.173008 
-268.919500 
20.105473 
26.020424 
-161.466487 
14.176195 
-119.669635 
-75.739282 
-21.257980 
-61.434027 
-178.807819 
79.540524 
201.384859 
16.407305 
105.328791 
-18.489902 
62.159732 
90.932480 
104.474572 
-97.641056 
-74.262783 
90.543789 
17.929641 
108.114112 
-56.954967 
-5.152493 
-79.830555 
78.364105 
-206.045787 
-123.469627 
284.922398 
-36.023051 
34.384158 
26.912928 
-72.873213 
61.214384 
103.358144 
169.188564 
127.130893 
81.079455 
91.754179 
35.683228 
54.216459 
8.709474 
200.361708 
83.602821 
61.682828 
-161.790718 
254.451564 
59.468341 
193.056863 
57.180657 
-163.806482 
-139.982454 
8.710025 
130.768819 
-5.325110 
-156.100931 
122.822556 
-52.110734 
135.370522 
76.464415 
87.269107 
184.197910 
148.995203 
90.625597 
-357.625434 
170.832034 
119.016369 
-11.300672 
-66.578263 
129.456480 
-131.735734 
74.541423 
8.711302 
-47.944256 
-203.372786 
14.671109 
-141.661518 
-89.565900 
-342.419290 
-12.507574 
-96.334648 
163.438907 
16.169229 
-81.306640 
26.917524 
218.049964 
125.591584 
4.406200 
-71.692355 
26.918554 
45.120295 
166.363258 
-64.705883 
62.825876 
-109.998952 
144.077788 
56.684707 
90.625151 
-102.781194 
-9.492099 
-73.381458 
-43.239177 
52.396124 
-74.537586 
70.923675 
-256.975281 
43.736383 
227.150592 
118.149958 
-6.694090 
-26.949027 
24.648538 
-39.378089 
19.861689 
46.217242 
12.330352 
442.635005 
-90.772932 
104.944821 
54.218908 
7.154297 
202.784229 
23.848458 
91.703017 
-138.727413 
22.461049 
56.199818 
-169.894858 
-41.941149 
-86.276681 
38.309432 
-6.551026 
72.419966 
-141.720718 
112.857922 
113.737136 
-399.294569 
-102.026323 
-71.982581 
-43.510494 
-3.810677 
77.034352 
-124.543792 
72.422277 
-21.777636 
-119.442199 
26.915144 
63.293482 
29.599855 
117.930006 
108.828934 
-8.610623 
-110.450562 
63.124436 
73.700090 
209.929945 
-95.430700 
99.727580 
42.478464 
199.844561 
41.977191 
-47.780371 
-0.594730 
-76.059056 
-155.852837 
33.101962 
43.739253 
-28.778581 
-53.886215 
-4.108550 
-87.486976 
-30.921595 
-29.685017 
46.126245 
108.828791 
-50.258111 
82.444103 
-21.592458 
-125.060660 
-28.510956 
108.342519 
36.014787 
17.812895 
-9.235088 
-0.389789 
148.989084 
75.761833 
94.148837 
21.788913 
-138.346311 
155.636258 
-54.999038 
2.126140 
60.282626 
-54.980717 
-333.141499 
-55.000778 
-58.979399 
178.012345 
-24.157753 
-154.098061 
-181.878756 
65.247992 
-20.490995 
-133.622930 
-83.513963 
-6.318629 
36.679198 
-55.000117 
227.024736 
24.972704 
-55.001697 
109.544636 
-54.999154 
-179.899159 
57.318088 
454.687379 
-9.199598 
148.241812 
115.998844 
-77.490977 
-217.410227 
216.833224 
355.169675 
172.538831 
27.657544 
-164.686711 
-59.711517 
348.481378 
158.717592 
171.194451 
93.680890 
-192.673985 
99.906588 
81.523362 
247.328638 
314.643718 
263.554486 
357.465385 
257.557947 
-422.852893 
269.313596 
380.341064 
241.069882 
182.196889 
25.970443 
32.562930 
65.296357 
228.651143 
-24.200879 
87.511908 
130.679573 
71.189552 
227.106292 
363.671762 
191.852142 
-3.116254 
130.965850 
209.607838 
120.848043 
279.867602 
-128.510387 
23.029027 
-37.748964 
254.453145 
-98.123604 
313.284428 
237.760952 
181.785129 
-186.972695 
292.208688 
-44.406523 
154.335946 
215.348344 
79.283759 
185.903086 
71.740128 
143.186254 
198.049656 
88.088038 
301.453613 
-264.910796 
72.540854 
80.346645 
-16.051102 
139.214891 
74.119217 
-1.663452 
23.971986 
227.675787 
4.825939 
262.554281 
578.544694 
-12.283844 
77.964302 
200.418474 
176.349153 
117.581490 
-61.777964 
221.486916 
72.015198 
26.208986 
83.341894 
691.328273 
245.065852 
97.683783 
-24.917268 
148.875033 
322.304204 
76.710445 
85.579301 
400.078281 
18.212430 
57.754899 
79.725814 
145.866765 
126.986111 
74.606400 
214.112395 
201.976979 
254.453247 
137.608283 
-78.259095 
5.798087 
64.790335 
90.451314 
172.539113 
130.915343 
198.240553 
47.601357 
161.182088 
43.868110 
436.484409 
175.632827 
48.335122 
6.799589 
101.435221 
82.876592 
99.726516 
94.669733 
390.976697 
275.370266 
122.536194 
161.169062 
282.683951 
-64.061237 
269.989857 
-44.741179 
-198.030770 
-173.404043 
-65.134215 
-19.280380 
82.652341 
-307.009610 
88.594009 
189.861450 
265.714544 
186.760329 
-63.870803 
-154.024901 
72.355797 
-362.580815 
-132.550722 
-52.021001 
-49.077072 
-91.058241 
60.598863 
107.078682 
-3.398867 
-56.284658 
61.344067 
173.879614 
381.875159 
-79.659990 
149.087225 
-239.319486 
208.945273 
76.296016 
-237.242250 
178.755897 
-24.178751 
17.975752 
84.442934 
6.390615 
-210.805855 
107.534202 
39.436225 
-107.462681 
107.608731 
-110.584882 
299.960908 
372.773195 
105.457719 
233.823377 
63.776194 
116.283231 
233.748825 
112.298800 
-286.393696 
23.874049 
-134.881301 
41.516133 
-150.048598 
4.860037 
-190.327019 
-66.696082 
175.640594 
454.561319 
132.026995 
56.366734 
199.844014 
135.933927 
145.234120 
117.768169 
15.777422 
-34.444644 
-187.939191 
152.152396 
290.859168 
161.300897 
-277.412421 
86.848962 
42.960476 
270.750312 
129.909591 
-174.581155 
-3.802356 
43.443818 
-110.480756 
-22.852833 
190.741900 
158.975540 
-154.510546 
-26.074937 
144.866191 
-119.392846 
81.056370 
230.433729 
203.555909 
-140.111679 
-192.323135 
47.049264 
-29.709288 
176.914877 
-80.287518 
-314.672271 
-121.259015 
21.092151 
158.337517 
102.011690 
37.448402 
58.665554 
-193.879683 
160.708461 
203.816896 
-50.762975 
190.742192 
381.874961 
-266.289928 
44.384010 
94.556133 
-94.997659 
143.984565 
117.159397 
-247.219294 
110.520752 
-132.656107 
-56.174537 
-114.806838 
223.463147 
96.413366 
130.556956 
-174.392523 
309.062571 
208.945339 
99.726592 
172.539178 
218.290270 
40.158965 
83.806390 
2.224182 
8.684480 
-47.604452 
16.665445 
104.271043 
324.941148 
-284.679378 
-48.378257 
40.229149 
31.424652 
-182.108523 
-68.446021 
171.585271 
118.098491 
-26.126602 
-150.166497 
290.859530 
51.772948 
163.814336 
168.425777 
381.875054 
-18.576056 
-8.715657 
254.453201 
90.733252 
101.537795 
154.335991 
187.708447 
26.322125 
-111.148273 
164.575316 
15.735652 
329.979609 
187.669436 
87.916094 
47.599206 
20.465143 
-46.873771 
-49.918806 
-84.507369 
124.028300 
155.811982 
112.085490 
126.530351 
-198.019319 
-92.771991 
-20.843759 
33.314667 
-20.672607 
-46.641234 
-35.695957 
-29.228038 
-20.921281 
-78.650710 
11.131493 
81.478278 
-265.378167 
109.903732 
-82.568355 
107.161633 
276.757768 
136.454194 
32.298268 
81.523563 
-3.168490 
25.011654 
140.813736 
263.194525 
25.548486 
123.239492 
-48.278083 
8.560647 
45.117256 
63.320385 
108.056074 
19.901653 
15.575149 
-161.791617 
163.437595 
96.617479 
139.967393 
129.811201 
104.342874 
103.915444 
99.726613 
86.336915 
31.943951 
52.801622 
26.971836 
41.666780 
-63.503883 
39.610086 
-67.407380 
99.408329 
113.125525 
108.828103 
95.744698 
-128.950326 
329.767679 
69.803484 
-140.356048 
101.795557 
-132.516867 
167.031969 
117.929572 
42.162283 
-110.508149 
105.665570 
-50.941246 
163.388372 
82.280008 
9.363802 
-25.376828 
236.249854 
15.185542 
48.143707 
117.929541 
327.265566 
-9.941296 
86.216152 
-88.418773 
127.031149 
99.726387 
291.926829 
-74.416892 
71.557835 
-43.321012 
128.081636 
164.425447 
127.031131 
17.243554 
63.320198 
17.214723 
115.253806 
-42.789942 
157.113798 
145.826955 
-114.388586 
-51.654283 
318.163990 
235.912121 
38.715500 
-12.876452 
179.827751 
-153.449430 
83.269366 
111.041486 
102.991576 
36.904374 
-122.579359 
122.668528 
45.117146 
78.295634 
239.520252 
-105.555679 
104.833092 
-182.440204 
235.101485 
104.452087 
-31.354785 
-57.177133 
-89.987898 
167.859291 
111.809843 
-9.492275 
-191.500146 
68.873219 
196.449583 
-512.424706 
44.765034 
22.635549 
-10.486676 
-25.284074 
234.386880 
29.472465 
26.913882 
155.655207 
82.551086 
90.624848 
-167.382288 
-263.118788 
8.710797 
8.710809 
-28.875681 
-151.691679 
86.192350 
-6.795530 
64.289862 
19.121389 
26.913912 
12.130680 
163.437370 
56.259516 
-18.521871 
92.867751 
-209.388721 
-54.504664 
46.355272 
8.427287 
3.742351 
111.047229 
43.624037 
-98.233649 
31.985169 
150.850099 
51.133975 
26.913955 
138.715198 
-30.648342 
-102.220280 
78.814384 
77.004425 
120.291226 
63.320243 
81.523320 
-91.602028 
108.827971 
-78.475837 
-68.684981 
220.415365 
-5.388790 
-135.017083 
-98.960209 
-55.000115 
135.838006 
205.807857 
-85.590669 
-183.969672 
-55.000056 
-1.966357 
-184.773238 
-154.711960 
-18.388296 
40.926325 
-10.755463 
-109.294187 
-142.624906 
-50.802428 
-3.211306 
41.924064 
-55.000046 
143.664649 
-94.941781 
-55.000071 
-17.386908 
-54.999945 
-201.366690 
-77.349976 
-55.000001 
-58.324593 
-57.976543 
-53.428575 
-53.342770 
-58.199310 
-54.999999 
-52.971336 
-45.898438 
-56.163374 
-52.533039 
-48.871058 
-59.010455 
-49.516762 
-51.515059 
-54.530579 
-53.504722 
-55.265442 
-55.000000 
-57.291520 
-56.316369 
-45.898437 
-46.162680 
-46.791359 
-52.208704 
-50.333606 
-60.366625 
-54.877818 
-52.146498 
-53.914825 
-54.733380 
-57.440786 
-51.926963 
-55.151673 
-57.906901 
-58.821107 
-61.142917 
-58.609843 
-54.999999 
-61.071984 
-52.651229 
-62.411352 
-50.489188 
-52.274780 
-47.150097 
-55.530643 
-49.307514 
-50.550766 
-45.898437 
-49.432406 
-53.488611 
-53.877617 
-49.343207 
-45.898438 
-52.889371 
-57.746684 
-55.000000 
-50.976638 
-52.682731 
-52.227446 
-53.765904 
-57.012280 
-60.482034 
-54.152530 
-53.739244 
-54.019412 
-56.145761 
-50.080792 
-50.965861 
-52.166635 
-54.863895 
-53.497538 
-51.130919 
-47.559015 
-53.423894 
-47.140814 
-56.175618 
-49.314061 
-52.711763 
-51.299635 
-48.077320 
-55.410059 
-52.533038 
-58.053933 
-53.352537 
-50.469697 
-47.552245 
-55.000000 
-55.311949 
-50.668093 
-54.502523 
-45.291666 
-55.115883 
-58.049240 
-51.091734 
-55.000000 
-54.751148 
-55.347215 
-50.651468 
-57.371424 
-57.656279 
-51.448716 
-48.573596 
-55.875405 
-55.000000 
-49.435549 
-49.981122 
-47.269839 
-53.990916 
-55.323712 
-55.000000 
-57.145484 
-54.488793 
-49.959600 
-56.472845 
-53.925850 
-54.999999 
-52.450548 
-54.345079 
-57.390710 
-52.226297 
-53.465064 
-55.000000 
-49.759104 
-55.000000 
-57.312776 
-56.408556 
-56.901872 
-52.036129 
-54.171990 
-55.938738 
-50.604108 
-51.260317 
-56.804093 
-48.498783 
-56.475259 
-54.132117 
-67.468525 
-54.431740 
-56.185649 
-54.499184 
-54.431153 
-52.466103 
-55.119763 
-52.500511 
-58.251669 
-54.552326 
-56.105111 
-52.634423 
-56.612919 
-58.267132 
-57.646513 
-54.124870 
-52.851700 
-54.917369 
-51.548859 
-45.898438 
-53.266425 
-58.703318 
-55.173781 
-55.000001 
-50.055437 
-59.544924 
-57.483787 
-56.473211 
-54.696520 
-55.168807 
-54.013572 
-56.769449 
-55.917100 
-55.512709 
-51.211075 
-51.454204 
-56.383822 
-45.898438 
-50.449220 
-52.878673 
-57.145484 
-54.067896 
-57.250830 
-57.699622 
-53.910550 
-50.069158 
-55.800198 
-54.111651 
-61.703640 
-46.037624 
-49.715235 
-50.678830 
-57.782724 
-47.836770 
-51.038974 
-53.969060 
-47.877152 
-55.000001 
-51.528140 
-55.000000 
-52.401369 
-57.374435 
-50.466443 
-52.639339 
-57.052741 
-55.000000 
-57.586759 
-45.528855 
-54.811628 
-58.180053 
-56.882377 
-56.386358 
-52.138230 
-56.470289 
-56.007015 
-54.224624 
-46.380897 
-36.796875 
-52.507433 
-45.291667 
-55.958921 
-48.235219 
-53.765904 
-56.119539 
-53.927408 
-57.571811 
-54.216674 
-52.771094 
-53.806033 
-55.601014 
-55.016402 
-60.852620 
-55.084260 
-52.574913 
-57.956782 
-51.240198 
-57.858850 
-56.192992 
-54.181348 
-55.957559 
-46.026035 
-58.080355 
-50.480052 
-55.000000 
-55.000000 
-57.138915 
-52.741630 
-53.593417 
-59.149146 
-53.594997 
-50.368844 
-54.549377 
-57.599270 
-56.781549 
-53.758992 
-55.798376 
-56.318671 
-56.914351 
-52.114661 
-53.047395 
-54.999999 
-55.000000 
-55.000000 
-55.000000 
-57.145484 
-55.389383 
-55.461464 
-56.657664 
-51.772727 
-64.683234 
-58.400559 
-50.826960 
-50.021679 
-46.741989 
-55.570527 
-53.337553 
-54.709812 
-56.049527 
-53.805900 
-54.310771 
-53.238319 
-52.836800 
-57.855722 
-55.000000 
-51.434584 
-55.292452 
-57.546262 
-45.898438 
-49.241015 
-60.197522 
-55.000000 
-52.725479 
-54.428965 
-55.000000 
-55.000000 
-59.449251 
-54.657271 
-55.000000 
-53.785444 
-57.312776 
-53.075555 
-54.567377 
-54.519336 
-53.519755 
-51.937063 
-55.552830 
-49.968789 
-58.838167 
-52.228017 
-57.935119 
-52.967889 
-56.466841 
-52.988608 
-55.387934 
-54.417586 
-54.009166 
-54.926280 
-54.865737 
-54.471578 
-50.127323 
-49.860593 
-59.445569 
-48.554717 
-51.437104 
-53.807852 
-51.101349 
-52.926965 
-55.151673 
-60.306571 
-53.701135 
-55.000000 
-52.018699 
-55.176565 
-54.183425 
-54.755647 
-52.988609 
-59.913339 
-53.806634 
-57.160591 
-55.000000 
-55.000000 
-55.479256 
-55.960986 
-52.976224 
-55.000001 
-55.000000 
-54.928591 
-51.087894 
-55.559598 
-53.257720 
-52.933440 
-55.000000 
-52.448634 
-54.018450 
-54.270982 
-51.423263 
-51.187759 
-53.619208 
-57.898422 
-54.841743 
-55.469515 
-56.988744 
-55.000000 
-55.000000 
-45.898437 
-54.966515 
-56.150813 
-54.715604 
-53.908643 
-52.875972 
-54.436549 
-55.000000 
-54.994650 
-54.931407 
-52.599485 
-51.283211 
-57.177908 
-51.705933 
-55.920204 
-52.282729 
-55.000000 
-56.038736 
-55.043881 
-55.000000 
-55.000000 
-55.860920 
-55.861477 
-54.436549 
-55.000000 
-54.999999 
-54.520833 
-45.291666 
-56.675018 
-53.699055 
-50.957083 
-51.838536 
-54.999999 
-55.000000 
-55.000000 
-56.180063 
-58.250204 
-53.984032 
-52.518893 
-56.416927 
-54.931006 
-52.588927 
-55.000000 
-53.119055 
-53.838439 
-53.990915 
-56.331689 
-53.404964 
-55.832666 
-55.459620 
-54.192888 
-55.533294 
-56.026518 
-52.136937 
-55.000000 
-55.861844 
-62.215883 
-52.258550 
-55.370340 
-50.019586 
-55.967625 
-57.809461 
-54.881883 
-54.994481 
-58.887046 
-55.930037 
-55.677242 
-55.000000 
-57.756428 
-51.201681 
-55.589175 
-53.897858 
-59.713864 
-54.184765 
-55.525396 
-55.219778 
-57.110512 
-57.621497 
-55.000000 
-54.056699 
-54.119856 
-55.000000 
-55.800767 
-53.834051 
-55.000000 
-55.000000 
-53.751542 
-59.117944 
-58.713462 
-55.128861 
-51.740306 
-58.360170 
-55.000000 
-54.958861 
-55.000000 
-55.005175 
-56.217686 
-52.946629 
-55.906826 
-52.700556 
-54.891359 
-55.404736 
-54.192365 
-57.390111 
-54.037639 
-51.812214 
-57.396646 
-56.543340 
-55.946017 
-55.000000 
-56.181958 
-51.204100 
-52.594075 
-54.567377 
-55.114545 
-56.099474 
-55.000000 
-55.000000 
-53.254053 
-55.000000 
-56.656242 
-56.423529 
-58.964581 
-57.060346 
-56.087156 
-52.388451 
-55.000000 
-52.598494 
-57.273060 
-49.145017 
-54.380787 
-55.000000 
-53.700909 
-54.282718 
-54.128091 
-53.635299 
-57.870610 
-53.447273 
-57.641115 
-53.671631 
-54.725826 
-53.867429 
-55.905788 
-55.000000 
-54.857807 
-49.783670 
-55.000000 
-59.730924 
-55.000000 
-57.043958 
-56.174214 
