67.866997 
44.501520 
43.423379 
3.629599 
2.694078 
22.060340 
9.249677 
70.525007 
96.695296 
93.545619 
93.611458 
91.593685 
34.194306 
21.229063 
2.396366 
37.975848 
28.494943 
8.864693 
39.039044 
-0.440929 
5.944509 
39.039004 
43.476989 
46.676158 
18.415888 
-17.033671 
-65.749841 
-65.610764 
-61.377664 
-28.417952 
14.078009 
37.051912 
37.667585 
6.911766 
11.428813 
-29.844552 
-50.978158 
-45.388543 
-18.617079 
-3.443570 
-3.305150 
-9.746572 
16.891565 
8.168388 
-29.780189 
-18.791922 
-35.544897 
-25.102996 
-47.445190 
-41.955631 
-32.197871 
-71.561548 
-91.122393 
-73.570688 
-39.120175 
-41.882436 
-47.445293 
-30.851679 
-52.956609 
-71.677843 
-58.760502 
-40.223828 
-12.026298 
-20.630423 
-7.667886 
-18.304014 
-23.270724 
-40.823026 
-27.364438 
-30.932333 
-19.233485 
-12.476143 
-37.499551 
-50.198611 
-59.374083 
-58.267163 
-54.471881 
-28.552910 
-44.681607 
-42.898579 
-52.416830 
-58.556368 
-55.013155 
-66.377739 
-35.842585 
-18.470910 
-12.712154 
10.210838 
8.365795 
-11.819083 
-12.507482 
-6.125086 
2.406370 
-4.887334 
4.464554 
10.211083 
-18.256015 
-31.458852 
-28.258660 
-16.748466 
-38.602499 
-28.779284 
-10.059885 
-27.105547 
-18.616851 
-27.296691 
-15.975442 
-23.080243 
-1.340721 
4.616448 
-18.616893 
-24.683581 
-30.498857 
1.135174 
7.761141 
11.871331 
39.039007 
26.858961 
-10.292632 
-35.699869 
-33.462270 
-40.293948 
-18.617082 
-37.282387 
-18.616579 
-25.635446 
-27.076646 
-18.406191 
-39.524489 
-41.317342 
-50.545868 
-94.193070 
-98.070050 
-109.648937 
-93.884921 
-92.588909 
-87.065351 
-67.111834 
-79.992417 
-66.988439 
-74.489527 
-71.769310 
-85.436540 
-95.325466 
-68.195400 
-37.903197 
-2.642638 
23.960972 
26.399007 
17.162111 
16.636021 
-24.485238 
-47.875127 
-67.188125 
-74.882009 
-72.077858 
-76.273367 
-41.804282 
-21.513613 
-12.384344 
10.210959 
-12.201013 
-9.796678 
-38.738471 
-42.176266 
-43.101020 
-58.469162 
-47.363220 
-64.331384 
-79.592973 
-78.725818 
-86.429503 
-85.229061 
-74.676516 
-76.273349 
-47.445414 
-14.581969 
-27.758392 
-15.890043 
-37.280785 
-64.734428 
-68.757068 
-81.371762 
-82.819120 
-40.459801 
-27.189715 
19.799885 
16.202500 
39.236744 
79.396782 
85.802997 
85.464756 
95.777558 
84.386212 
53.453082 
39.051890 
39.039093 
40.212042 
23.146955 
65.916762 
61.701375 
48.768141 
10.210959 
12.544758 
-8.024573 
12.500241 
0.923906 
17.822570 
62.768004 
89.119050 
92.268620 
79.824622 
53.593743 
37.650268 
10.210925 
2.568498 
84.203043 
56.573463 
45.302958 
56.551924 
41.070226 
25.191022 
-8.101118 
8.441511 
24.071595 
0.145333 
14.767789 
42.589627 
7.801608 
23.453242 
7.121971 
5.697536 
15.653411 
33.042615 
-0.830812 
-3.837179 
-15.467406 
8.085801 
5.020645 
15.064578 
10.210707 
10.210743 
0.029150 
-4.739926 
22.955479 
20.116155 
20.583968 
64.836169 
27.174345 
57.252551 
35.875501 
12.822175 
21.945867 
-2.638350 
-3.631466 
-9.333315 
0.032065 
10.210856 
39.039037 
24.624782 
39.038942 
36.815608 
48.968155 
74.164070 
65.398443 
80.059960 
76.453486 
48.596369 
35.245094 
36.397532 
9.475949 
11.213558 
22.383328 
8.355156 
1.926036 
-5.170890 
-15.035209 
7.897594 
6.809730 
51.681412 
67.867280 
72.021609 
55.507161 
14.860076 
-18.617179 
-19.809273 
-1.306141 
-18.617052 
-16.445091 
-18.972886 
-18.617096 
9.250184 
-2.466492 
-14.329525 
-35.733976 
-73.947521 
-40.049890 
-70.079380 
-50.645971 
6.204021 
23.078640 
15.779109 
29.406137 
16.140704 
29.211540 
13.541251 
38.929917 
52.278383 
27.238665 
42.023518 
47.448318 
65.945355 
38.735194 
71.103442 
77.576368 
53.283025 
3.047090 
-18.850518 
-39.348562 
-38.602682 
-41.568577 
-14.628642 
11.136330 
41.011926 
68.411680 
76.589018 
72.226569 
39.038869 
37.216599 
7.441626 
-21.876955 
5.310277 
13.196048 
39.421189 
39.453437 
29.473936 
24.625020 
10.210846 
-10.181017 
-35.655624 
-73.779143 
-98.375501 
-47.445360 
-32.955130 
20.235735 
54.797407 
75.629987 
94.417946 
96.695353 
54.266430 
25.339699 
-58.340855 
-63.914679 
-71.516369 
-68.150599 
-14.455152 
16.041613 
45.474925 
61.381674 
39.039190 
50.750582 
21.922561 
13.008226 
15.856565 
-23.706298 
-12.147251 
-19.710072 
-52.617927 
-47.445151 
-60.847164 
-23.387165 
-33.452430 
-8.089882 
15.375273 
16.515521 
-4.028219 
-10.806813 
-47.444686 
-22.572274 
-43.913961 
-33.031324 
-18.616268 
-18.813278 
-23.429342 
-13.220574 
-4.202327 
10.211465 
-0.614778 
-21.499695 
8.697168 
-10.504708 
-38.011089 
-38.995580 
-47.444174 
-60.958241 
-18.617038 
-18.982203 
-18.036154 
-29.776891 
-44.645595 
-37.415433 
-51.649677 
-60.006149 
10.212011 
-3.477365 
20.900588 
29.409403 
46.049507 
41.184141 
-1.247234 
-3.254209 
7.693409 
-0.316672 
-5.316362 
-5.372320 
-18.617023 
-11.516426 
-43.746465 
14.966758 
57.630382 
75.714600 
135.452242 
129.390679 
114.690981 
62.760820 
15.888528 
-9.930640 
-3.550015 
-4.203155 
1.726454 
-11.002353 
-26.873445 
12.293930 
9.000989 
17.576683 
37.855641 
34.345769 
47.470044 
37.037005 
-33.031105 
-16.014146 
-41.121165 
-47.445103 
-20.668889 
-35.759199 
39.039113 
39.039096 
46.881270 
68.814177 
54.072191 
25.328702 
45.992228 
37.188069 
53.453351 
16.810536 
24.625009 
32.115058 
23.240807 
36.139252 
32.085031 
68.226732 
45.455060 
39.527907 
26.434730 
22.530756 
43.067682 
46.176621 
55.757735 
51.555870 
34.554379 
39.039357 
-2.756750 
-34.083384 
-50.368545 
-36.232058 
8.322692 
31.430193 
53.453306 
53.453111 
38.080268 
10.211097 
-16.225293 
-23.252412 
-13.621846 
-12.043655 
-20.802971 
-18.461048 
10.210817 
13.072898 
-0.418316 
15.083336 
21.607102 
23.723796 
15.085298 
26.644965 
13.778417 
-4.852242 
20.572571 
24.644878 
53.280820 
22.484649 
38.914864 
49.346480 
50.506525 
24.624536 
12.402602 
11.917847 
-33.031752 
-30.246088 
-61.859780 
-67.860971 
-64.353249 
-76.272868 
-259.170798 
77.345044 
74.060182 
148.459079 
-120.418222 
55.375702 
217.396470 
39.039934 
-226.388676 
173.574629 
-316.607729 
176.824700 
-44.944147 
225.394596 
162.848532 
10.421053 
20.431071 
39.040496 
80.411114 
-27.338059 
10.212030 
-52.642605 
107.436021 
95.717149 
13.676317 
-472.757527 
20.674574 
-123.671319 
92.008266 
130.008998 
20.674057 
3.432888 
6.297344 
-30.183153 
337.982167 
-44.310816 
164.740606 
-18.616272 
125.365217 
-140.957112 
-54.728227 
-145.564645 
76.012107 
522.716881 
-38.307982 
-127.469927 
132.142394 
10.212134 
-35.813962 
164.642011 
-25.589505 
207.862975 
3.906391 
71.413585 
-104.006242 
-76.271532 
-28.070020 
-160.062189 
-96.198740 
1.273441 
-33.504520 
-69.018468 
205.325749 
270.387849 
7.342852 
296.984942 
-145.715954 
-193.018467 
101.702483 
190.033901 
7.772901 
108.218362 
337.601478 
-21.193686 
182.160660 
680.886957 
54.074590 
-0.498996 
-49.154660 
289.963193 
225.974251 
246.355206 
28.043863 
428.562984 
248.016463 
153.756339 
745.324515 
-106.223213 
420.582644 
5.790872 
439.747472 
123.647399 
-96.336207 
310.696416 
471.457337 
42.965870 
-57.256021 
232.000633 
226.463141 
-220.607232 
6.596476 
19.504551 
-46.050286 
356.143361 
253.701123 
-350.488764 
265.578414 
103.722725 
93.023650 
212.002971 
361.074936 
-94.107942 
-58.312766 
-375.584678 
158.461918 
125.523495 
234.987015 
-343.087667 
-267.051024 
340.737479 
40.443520 
284.081760 
-554.123139 
356.140277 
-259.161727 
141.315796 
-213.761407 
196.735645 
-8.968252 
3.908740 
-253.682989 
-249.286935 
136.506960 
2.132650 
-252.901283 
-158.137763 
-117.188068 
-31.307561 
-348.038297 
99.995876 
-46.548522 
122.271442 
-63.555282 
173.652717 
-616.776757 
-768.044822 
-276.721498 
-166.229193 
114.192526 
-250.080097 
134.486621 
367.045755 
-128.574173 
108.225628 
-184.032756 
212.005425 
-151.897837 
153.696048 
-588.027883 
500.284348 
-28.906308 
-65.773123 
79.813082 
-137.034843 
205.532917 
134.046411 
-644.963156 
146.011819 
-156.904682 
-143.821699 
444.465093 
-249.350703 
315.443637 
-18.622653 
67.864264 
368.296262 
-727.466255 
-279.848108 
-123.693822 
121.427391 
105.023023 
-43.110230 
-84.032960 
106.625273 
-101.789678 
-450.313583 
143.814782 
-109.523847 
-65.955502 
164.488606 
-25.471031 
-97.568565 
-105.724731 
-47.449066 
263.966804 
586.770925 
-717.325821 
-56.896747 
-252.268948 
81.375805 
-95.694474 
212.005184 
250.925113 
-522.116708 
-241.915985 
23.784061 
-237.354489 
65.645290 
-190.946069 
-135.933649 
-389.143145 
-26.536001 
-221.773325 
96.695204 
21.255679 
-97.417501 
-273.336026 
215.167085 
-41.970443 
-13.390931 
-165.420151 
84.300866 
-37.515524 
-91.639954 
-179.145926 
-27.605785 
52.461408 
-323.104796 
86.621335 
-0.151544 
175.474285 
-233.372749 
-115.459210 
66.232331 
-259.206953 
-150.119878 
374.046762 
-64.197552 
174.213286 
10.213449 
240.835049 
-168.331630 
-400.456252 
205.114058 
-30.016652 
-324.143824 
597.710689 
-477.765416 
253.213335 
-122.243649 
209.294370 
11.184038 
561.709957 
-428.961301 
146.388098 
-292.796397 
-18.615921 
370.564018 
39.038709 
428.220133 
837.707260 
-420.364117 
339.605014 
2.199532 
339.539870 
-223.916558 
-66.859735 
52.003574 
420.162322 
-420.802435 
106.252728 
106.227783 
-194.569175 
-224.109118 
-160.283015 
-14.834336 
134.359818 
-112.297785 
131.479937 
197.595245 
-151.936706 
11.503615 
97.534803 
10.212851 
60.428300 
-423.335058 
428.220224 
80.365049 
-146.644308 
356.149927 
409.004928 
-191.095196 
14.231590 
-545.630144 
-213.148697 
-230.325699 
-93.200590 
-25.626866 
341.095352 
-172.240915 
19.821733 
393.312392 
443.833071 
-99.674371 
70.589611 
245.852781 
-361.278655 
183.947769 
329.000362 
205.183443 
114.754421 
-89.228070 
-229.512788 
-59.836955 
10.937526 
213.007710 
-88.422387 
42.942897 
-235.020247 
-296.211071 
158.947097 
90.169808 
-99.267389 
236.916893 
-181.807588 
-50.076684 
500.285735 
-16.535674 
266.316193 
125.887728 
164.280871 
-319.632836 
307.743526 
-219.631756 
-117.276558 
10.208076 
370.559967 
207.998712 
-367.644767 
170.054266 
-252.132767 
-47.450086 
-22.412277 
-42.949173 
-122.617627 
-499.994428 
-29.965147 
341.731364 
108.971160 
-105.858729 
-10.406804 
-73.225173 
-154.839719 
75.977708 
-240.785814 
22.936462 
-46.042375 
-182.257806 
370.560831 
-107.806130 
50.748916 
-74.778313 
-148.733416 
-262.072394 
249.858997 
-244.223597 
131.244639 
457.049809 
254.604789 
-222.925852 
171.281006 
22.969902 
-114.936095 
-334.368487 
-295.160714 
71.646207 
226.417390 
104.888454 
-36.411303 
-47.445774 
139.933126 
67.326572 
-107.633030 
-219.505747 
10.217208 
370.558156 
191.585134 
-221.370651 
-101.325837 
196.483957 
-10.148824 
102.501034 
10.209043 
-32.128353 
197.586991 
53.021790 
43.866632 
222.333304 
209.904996 
-135.474594 
134.848533 
83.993893 
212.008097 
132.507136 
-43.956508 
103.728472 
-141.717063 
170.152896 
-337.087158 
243.723028 
-116.305938 
422.868292 
-299.056179 
122.314850 
341.732447 
-324.137978 
928.880508 
118.457286 
199.042220 
-511.689722 
47.676343 
-160.388127 
-177.852832 
87.637341 
-157.821787 
-96.100582 
281.910609 
10.212328 
-185.731525 
-89.502405 
-22.353703 
-100.540046 
-15.619907 
-148.567786 
209.194369 
218.692319 
255.821813 
68.121230 
10.213715 
55.500261 
-176.123573 
24.624677 
-288.576094 
-389.045026 
10.209685 
39.037962 
-265.424119 
-224.757446 
230.141682 
-105.986215 
73.764216 
-371.852152 
53.453648 
-220.853188 
24.623398 
8.790363 
-135.972530 
19.541265 
22.615712 
-758.817391 
147.997026 
-404.984067 
-82.014189 
29.206747 
-282.609807 
-215.804469 
84.827034 
-492.506581 
-136.022603 
24.623221 
96.915670 
139.067164 
-494.700227 
-213.015036 
-14.914231 
217.861551 
-4.206464 
-18.619543 
-183.840856 
255.247330 
-161.360726 
-212.301863 
-194.251138 
-194.629056 
85.189318 
150.636342 
-18.617304 
-38.572419 
-99.778774 
-352.797164 
-289.987365 
-122.216089 
-96.743770 
143.942668 
-49.577395 
68.082399 
-174.915403 
-146.771195 
-191.231900 
-375.266065 
-193.696476 
-10.583662 
92.756805 
-4.204370 
12.982624 
61.818004 
-4.202160 
72.582001 
-205.997888 
-429.494781 
-21.237469 
183.176961 
-52.985545 
262.401756 
488.284323 
544.290462 
-464.285420 
-436.626921 
227.917921 
183.177171 
-434.163468 
286.381218 
-124.059134 
231.394940 
124.803105 
450.961041 
597.318511 
91.995779 
319.036352 
428.218748 
135.555162 
-21.621732 
831.810938 
216.637630 
377.154386 
53.401546 
148.013200 
-604.015599 
-112.218423 
278.481576 
17.707822 
207.156146 
17.929546 
364.728973 
387.670310 
75.194986 
447.821339 
479.780724 
154.728522 
240.838762 
534.680817 
54.159043 
-279.099299 
-98.353340 
179.016493 
810.003231 
109.603964 
-222.925506 
-52.335078 
327.322846 
69.557963 
803.174830 
373.884893 
425.268162 
380.473860 
153.580159 
144.125722 
1293.061353 
33.511195 
53.315781 
36.919960 
-104.984460 
114.159332 
-314.600929 
147.963929 
327.090758 
-164.406707 
394.762209 
-238.453844 
313.773446 
286.799985 
574.600036 
143.464873 
-135.612212 
-8.432401 
300.080014 
255.716847 
1003.156624 
-150.322063 
218.285905 
-37.009881 
254.865511 
393.492765 
128.527496 
-25.521188 
219.573586 
413.226960 
-140.997531 
774.154932 
-118.632832 
450.224824 
205.375554 
347.499489 
376.443179 
-85.492198 
83.038772 
442.629224 
-265.798266 
209.677126 
173.250873 
238.172774 
-249.992567 
-196.590136 
492.921099 
-419.923137 
327.323142 
217.265841 
-661.531385 
649.038397 
-13.017124 
448.031354 
111.111356 
322.819886 
-296.044796 
-28.438061 
-498.634173 
210.939946 
327.324286 
308.298266 
-722.263153 
-298.197260 
276.872739 
235.753205 
111.104889 
-599.416054 
413.806363 
-278.427293 
-29.129051 
136.735474 
115.693297 
-221.250910 
255.639287 
-438.204281 
-235.555900 
93.932214 
90.839823 
-164.143549 
-419.878918 
-460.343790 
-531.484793 
-337.986823 
35.683847 
-37.534006 
-70.507583 
-790.591020 
135.056020 
-808.599772 
-772.093683 
-392.775245 
-115.374034 
-299.734541 
-230.924470 
-28.300038 
520.311947 
-137.026946 
197.020518 
-205.376728 
240.835818 
-307.335367 
35.788166 
-404.484339 
413.802445 
-140.522508 
-265.987972 
175.545225 
-78.540451 
-127.279649 
199.145993 
-653.656415 
218.225508 
-163.597166 
-285.603741 
408.052820 
-92.856926 
-88.759905 
39.042784 
183.179433 
507.402069 
-642.729785 
-24.704436 
-534.238330 
-104.255829 
802.091659 
-275.539796 
34.690791 
-60.978961 
13.530698 
-400.153335 
164.341481 
217.351000 
-113.989488 
285.139968 
291.057637 
57.371838 
119.940320 
687.668708 
374.512335 
658.845708 
-737.986934 
-116.614970 
24.904168 
104.475011 
-0.697913 
312.907204 
-169.049208 
-758.868496 
14.111337 
-820.760057 
28.968660 
287.510079 
-317.700537 
-182.566967 
-380.669928 
-184.710411 
30.495387 
428.220047 
-54.619154 
240.837014 
-203.051012 
257.472394 
53.572004 
442.793179 
-246.385604 
229.407580 
-347.897942 
-234.338296 
-152.164131 
-131.697396 
97.259760 
-331.556183 
173.216739 
235.024223 
-14.764721 
-198.048484 
69.521589 
179.660832 
6.329807 
-142.492582 
157.659463 
-195.978231 
27.010579 
240.836610 
774.158214 
-489.152964 
-262.329376 
-344.701330 
-124.629368 
-178.887086 
131.616720 
-824.304835 
200.483474 
-137.339692 
246.594938 
-171.149713 
428.529435 
-345.893021 
62.295359 
-150.590881 
457.051270 
82.284382 
457.049261 
154.353729 
415.067872 
-61.679838 
555.708966 
-2.541999 
535.219988 
-482.252211 
-413.806007 
-99.999940 
559.212304 
-437.508967 
-88.162271 
113.189767 
-205.302048 
-727.791084 
-38.517862 
-425.175806 
193.945886 
-349.499201 
8.706523 
284.076908 
110.778425 
-117.364220 
-249.499451 
399.390598 
-257.942624 
-587.178684 
39.037708 
250.923989 
-172.171254 
802.982410 
-52.253317 
-150.927147 
-242.627172 
-547.436691 
-146.583460 
110.750768 
106.019581 
-300.299624 
474.019123 
-235.393080 
155.613986 
360.111227 
336.264853 
-163.005765 
306.593440 
241.262646 
-102.782257 
146.243559 
480.183616 
191.285153 
135.090149 
-56.394195 
-308.129158 
-280.216989 
15.548269 
327.302459 
-334.817744 
-339.930145 
-278.826282 
-533.497653 
433.930479 
-177.348946 
89.899247 
18.668982 
-283.418544 
348.504639 
975.949026 
-788.645237 
353.450464 
75.236073 
-23.424534 
-399.073215 
321.380377 
-438.281516 
-159.475427 
457.045460 
226.418756 
310.837909 
-191.986884 
205.020049 
-436.629471 
312.901548 
-343.571675 
-139.291914 
98.319269 
-596.354733 
-158.407499 
139.932579 
224.628854 
12.682518 
-119.312421 
-353.595244 
5.179106 
191.344571 
-84.249351 
-66.917209 
-43.401642 
-211.769798 
-76.275544 
-215.011562 
-351.044209 
2.704142 
-369.973927 
-315.716239 
278.659944 
-390.583656 
315.317185 
-47.447675 
-216.747872 
-557.783733 
-32.137366 
59.958947 
-34.600089 
-654.782293 
-64.687852 
429.387835 
-76.272554 
11.528500 
89.105459 
96.699148 
226.420756 
-112.116639 
-56.974308 
-337.159762 
543.530613 
197.595260 
156.193248 
-328.997030 
-257.493270 
374.424551 
317.677151 
61.217517 
226.423703 
-497.880417 
-18.612974 
13.193858 
186.291958 
308.959041 
276.042112 
-287.251620 
-104.872326 
337.137703 
212.009354 
394.042789 
-320.095033 
-43.764596 
-535.309372 
-8.161778 
-302.506182 
-116.688706 
-164.282431 
356.770585 
-62.893469 
215.777605 
168.768102 
-210.125410 
335.496183 
110.136650 
224.630677 
-313.355281 
-224.290148 
35.147160 
-245.394536 
-37.321779 
-59.992009 
-188.507427 
-177.676172 
-47.445724 
-468.779995 
153.513354 
-215.020664 
-330.600870 
392.303634 
-370.180153 
142.651836 
133.683218 
210.563861 
-106.331007 
10.210794 
-201.313135 
-383.508980 
-4.204201 
-343.071362 
-460.217043 
-76.270745 
-76.271763 
-206.159634 
-219.553401 
-412.538185 
-80.267427 
24.278155 
-458.220352 
10.212031 
-352.935644 
39.040009 
-205.579520 
-192.529405 
-141.089301 
57.102781 
-615.481295 
-2.507309 
-565.270345 
-215.982010 
-68.347366 
-223.550456 
-326.087542 
-157.855062 
-209.197068 
-55.394938 
67.870338 
14.934576 
183.104551 
-427.402809 
-285.879312 
124.093172 
323.357984 
67.870414 
312.908491 
-167.900057 
53.455843 
278.213610 
-154.367673 
-172.677851 
-265.944951 
-85.835543 
24.986147 
10.213510 
68.940366 
-241.996372 
-234.591268 
-333.991978 
-149.243279 
-209.472360 
-101.356837 
-63.839551 
-257.466623 
-302.421501 
11.016606 
-229.527932 
-325.993667 
-15.227390 
-122.808081 
-43.333918 
-4.202284 
-157.174728 
0.226610 
-205.999110 
-47.511643 
-205.998647 
-285.634220 
18.392209 
529.115615 
46.154020 
-285.999237 
554.723733 
-25.560774 
-164.141183 
9.248217 
4.277036 
384.975463 
-134.306672 
238.697505 
-178.794165 
430.055430 
194.955493 
556.261339 
104.740666 
-176.116622 
81.508088 
183.178462 
319.161207 
128.876275 
154.351144 
291.007212 
578.851920 
-19.768999 
90.660934 
-236.015373 
321.559328 
400.797189 
229.576187 
348.210594 
116.352214 
221.427057 
141.869060 
421.583922 
185.481819 
97.281489 
-202.563143 
529.116792 
377.232291 
18.603917 
138.945781 
507.658023 
128.139386 
629.227450 
462.821086 
458.000764 
-269.631756 
601.188112 
54.426891 
763.363320 
-144.385564 
427.953505 
-59.156337 
377.104006 
-52.408135 
572.360191 
165.166168 
-69.882553 
148.915075 
402.553612 
264.436718 
131.588259 
20.966014 
318.462636 
-65.299421 
286.694701 
77.791850 
-446.723508 
559.069071 
94.212695 
87.922369 
426.246461 
-14.934324 
-31.357846 
354.261785 
1471.317717 
147.912605 
10.701559 
-4.440350 
202.996773 
404.877212 
-50.349286 
-7.196369 
-78.317429 
-69.897210 
-123.301861 
370.562945 
-43.710836 
594.843269 
212.481705 
178.375378 
119.817158 
-42.518882 
-419.610659 
658.844077 
-230.500201 
67.749626 
185.607339 
80.499986 
114.561379 
-108.786896 
-25.341205 
-351.650927 
730.914299 
388.001241 
-384.198268 
-360.027676 
291.192264 
-183.837214 
154.350414 
405.959044 
-97.247693 
282.818207 
-393.579695 
-163.408475 
269.661811 
169.035722 
-187.332547 
125.274231 
443.292430 
-2.292397 
-47.445336 
82.607322 
802.982900 
155.455330 
80.596914 
-186.926902 
594.769341 
-443.298934 
203.817529 
-101.746171 
78.369837 
175.231906 
-122.838780 
-246.978432 
-29.311404 
-529.387812 
-170.175057 
114.665692 
6.215635 
18.319109 
-61.130396 
-132.859825 
237.661820 
-33.734087 
-20.533577 
-160.987236 
-194.787776 
325.386738 
232.502767 
274.447339 
129.364124 
-179.433755 
72.500273 
92.274574 
514.702685 
205.669521 
-243.233880 
-264.483839 
615.601574 
91.770342 
-289.748818 
249.202856 
-68.749269 
-39.394283 
-35.155777 
-230.063625 
227.916378 
-388.617503 
-436.996008 
289.535777 
-178.310469 
-648.867888 
-18.616785 
255.249810 
120.257996 
281.934498 
-267.453815 
-284.649207 
73.040205 
110.687990 
-494.617021 
165.352566 
-68.411629 
-403.208525 
-204.422429 
236.649743 
47.365229 
-54.640644 
631.056945 
-163.888263 
-166.336488 
-147.268203 
327.320716 
16.289899 
630.015785 
-515.934827 
-23.632273 
-235.293521 
-97.848454 
-205.932386 
370.562577 
37.743879 
-1243.374500 
-735.558481 
460.569385 
-142.331540 
474.479804 
-202.673587 
-21.543692 
229.733988 
63.245566 
-289.164132 
442.632296 
-10.274257 
-238.672328 
-262.523967 
273.552207 
-274.908544 
-195.499041 
-10.932305 
414.790517 
-230.713293 
-319.574066 
1.653718 
-155.263097 
-5.830531 
-127.020449 
157.699751 
127.638075 
95.535969 
120.195938 
-10.796767 
-295.459874 
274.923535 
-430.413284 
17.041951 
-267.720824 
-197.284516 
67.866255 
860.639731 
-689.437313 
-112.579899 
-251.835066 
163.538320 
-172.820413 
474.969438 
-829.983898 
52.243485 
-223.954714 
212.600021 
-289.649977 
312.632107 
-18.672406 
89.419285 
2.357638 
428.217452 
-47.446077 
341.733917 
183.179807 
-362.792548 
-164.669158 
387.263656 
-184.502865 
206.061913 
-159.056747 
-462.593087 
167.096811 
591.160096 
-144.338671 
-187.265971 
-175.715958 
258.001249 
-251.023970 
109.683026 
-212.627399 
-36.266855 
-143.004809 
-72.707939 
139.937488 
-194.843205 
-271.988065 
-6.723370 
485.875326 
-0.248170 
-62.719040 
39.039556 
-46.685168 
18.329716 
860.641270 
-52.249959 
-88.318352 
-34.337319 
-435.724132 
130.433234 
-75.170432 
154.288535 
-171.208874 
169.114465 
-160.796925 
-248.095920 
-144.428579 
-70.236032 
-428.600867 
-27.440536 
120.984485 
-476.969748 
-250.467405 
-448.188366 
-192.183853 
-199.980652 
17.135704 
-78.687014 
-147.010468 
12.845049 
-197.592934 
123.261854 
-127.908162 
-447.587879 
-514.419404 
251.317387 
-266.378896 
-242.303866 
95.745308 
-103.423221 
-11.191084 
1148.921829 
-44.779296 
-64.860479 
135.242295 
4.542206 
373.413871 
200.889941 
-108.661962 
-314.870629 
341.734642 
197.594002 
66.810423 
-99.506735 
-417.372848 
-528.874188 
370.563209 
-354.866729 
-143.896285 
-16.007815 
63.201190 
-299.489570 
226.422362 
-93.051360 
9.976030 
63.972133 
-352.871329 
230.563278 
-137.768226 
-5.933146 
152.740365 
229.266500 
79.110588 
10.210952 
-183.475491 
-390.679382 
98.857854 
-128.151457 
-182.332327 
314.307769 
-215.308893 
207.683981 
39.039642 
-103.933056 
-726.439487 
120.860682 
-11.747739 
-230.726444 
-508.540581 
-0.997479 
327.141262 
-4.202842 
-31.061211 
-66.836200 
212.007942 
284.078789 
21.351573 
-8.166621 
-453.439985 
428.218743 
284.080309 
170.941532 
-405.873476 
-361.035897 
95.693945 
257.456395 
-98.489879 
255.249023 
34.535525 
-18.617874 
165.489224 
159.039376 
54.252595 
237.251478 
-221.106551 
-509.792268 
307.478544 
226.421642 
-133.571851 
172.443717 
-0.931075 
-533.052851 
-444.046803 
98.811843 
-286.847091 
-202.930047 
117.020629 
-59.376068 
285.083638 
312.906203 
-481.009501 
-114.140427 
-35.774642 
-29.395090 
-328.736098 
105.585790 
-414.354603 
-539.354198 
-62.322533 
205.148175 
232.627994 
106.795997 
67.867469 
-293.702702 
208.653871 
55.205750 
-812.742537 
294.222639 
-284.937154 
-280.754818 
3.344024 
132.559822 
-499.892158 
82.281146 
-368.237657 
-152.492622 
82.281009 
-597.735954 
-632.658832 
67.866931 
82.280230 
-193.412959 
-281.675680 
-14.854768 
-54.705622 
-223.666376 
-241.419451 
10.210698 
-120.254417 
96.694897 
-124.486793 
202.342811 
-187.486188 
-178.799948 
-312.223058 
36.280909 
-134.595195 
-146.428755 
134.278093 
-30.741516 
52.578086 
-279.151544 
60.101486 
106.240306 
111.108615 
-92.292626 
198.638812 
-347.226849 
-70.310913 
423.709119 
113.545417 
96.694462 
312.905848 
33.974557 
53.452781 
-19.567272 
-371.997713 
-29.655019 
-157.548894 
-334.312753 
188.924842 
67.866917 
28.909364 
127.973929 
-98.869083 
-404.284272 
-188.884268 
-97.719014 
132.051475 
-372.175271 
-226.936552 
79.105068 
262.468550 
-51.229493 
-478.432989 
129.730413 
-54.461633 
-166.400622 
53.452961 
-85.292266 
-382.482576 
-206.000462 
-33.459139 
-206.000681 
-304.647584 
-429.686764 
572.361098 
33.264791 
-220.630362 
386.858345 
72.282752 
-482.558063 
-144.498657 
231.356405 
831.815517 
55.539447 
166.582931 
-143.586495 
111.308138 
299.646176 
420.555767 
27.400716 
-171.317477 
140.189170 
111.111235 
10.178349 
346.491904 
269.664571 
188.728247 
426.135870 
-389.747589 
-184.409197 
250.488638 
474.742040 
237.154296 
-190.321152 
134.583240 
104.513234 
101.159821 
311.111277 
-435.230135 
225.942226 
-14.546646 
-226.362192 
831.811376 
583.366315 
-198.786665 
-209.406385 
87.616409 
369.251516 
786.873550 
171.783332 
-412.715586 
57.103837 
183.179565 
262.608788 
124.329637 
-108.437622 
25.129259 
-287.079242 
-222.916881 
266.058389 
442.630342 
349.604181 
-237.622169 
286.770338 
-305.952483 
35.223556 
-250.064085 
109.585380 
329.082966 
98.001646 
229.575362 
-14.987261 
218.613181 
470.551627 
81.814303 
127.604355 
38.174000 
-108.396161 
-84.646860 
382.988045 
617.227402 
-99.052506 
-79.096788 
196.409408 
262.573077 
452.048097 
-54.821530 
-17.949132 
-70.232397 
412.681135 
77.478383 
356.151336 
371.437779 
122.718900 
-191.172915 
532.001785 
155.937404 
52.960676 
-140.657768 
370.563777 
-98.131125 
114.955476 
174.163238 
111.937095 
-364.605930 
-118.401032 
99.246577 
60.600970 
947.122082 
213.900059 
-547.882366 
-106.032892 
-9.601906 
-186.927304 
212.007555 
-23.657138 
-124.524673 
-67.334298 
-220.490206 
19.864587 
572.355240 
52.788392 
-583.833209 
-339.756689 
-65.051131 
74.346833 
471.452996 
162.368139 
-18.618200 
6.853767 
14.565935 
-169.183285 
425.481891 
-340.258287 
-80.461162 
1.377178 
-111.536517 
207.779227 
-93.107030 
-255.355089 
-341.183361 
-156.691510 
-115.329810 
-184.995624 
-8.750773 
-660.043721 
-166.876580 
-208.821504 
271.480026 
-228.711999 
-448.144599 
-147.860532 
-414.866564 
466.254204 
186.762823 
-59.673117 
74.877122 
-250.110141 
31.697021 
103.791826 
-47.448044 
121.083593 
-103.885087 
-50.064618 
543.532624 
-297.663287 
-618.244279 
13.820623 
304.837358 
179.708194 
404.393130 
-436.773730 
-258.449091 
85.655671 
-183.302463 
-9.614659 
-92.611457 
-505.128215 
154.353572 
341.734482 
415.474219 
-261.454078 
-80.467011 
-315.520611 
-24.079867 
98.596721 
-140.183357 
73.298724 
190.241633 
104.071139 
59.250253 
363.106317 
-110.353143 
-19.357111 
88.977300 
-31.410061 
386.921238 
-2.759848 
572.359310 
231.588367 
341.733917 
-548.851965 
-321.267570 
-333.506446 
-276.568754 
-40.749300 
269.662771 
-16.049654 
-303.673565 
-172.423786 
-123.331353 
-41.862116 
291.435454 
-268.293767 
147.832294 
230.883362 
-494.895147 
255.555978 
255.249687 
307.471185 
228.343030 
-418.084369 
-211.716063 
83.225986 
-28.095668 
196.217061 
-36.782499 
70.538408 
-291.209769 
-75.304033 
-53.848848 
35.754981 
57.708303 
-113.121917 
192.482350 
-41.102432 
-27.809433 
-147.849945 
-82.992683 
-287.492480 
-48.839833 
57.497000 
-247.188344 
-22.179277 
947.127440 
384.979480 
-473.094500 
-303.927135 
-70.581789 
234.197568 
425.792077 
112.822054 
-592.603707 
-33.750083 
167.860083 
-35.554582 
-86.946619 
373.338320 
-36.527233 
30.619074 
-198.839535 
24.624687 
-18.615699 
154.351956 
543.532263 
-85.155994 
-299.199792 
385.909410 
-82.288031 
135.859199 
95.554150 
-276.467602 
177.926017 
306.613285 
-260.994350 
-5.586242 
232.916958 
-14.473674 
-231.766803 
11.872643 
-163.343059 
-262.752082 
-14.080599 
19.585901 
10.207848 
-122.171868 
-231.609944 
-188.264656 
39.034666 
-39.556426 
-1122.445392 
298.488886 
621.280587 
146.384639 
485.870359 
101.494734 
-380.508638 
27.863992 
-494.283224 
-40.351499 
21.262461 
244.464097 
17.441486 
-54.313999 
-250.438626 
133.031257 
-253.854132 
57.912855 
-27.761183 
-158.797082 
134.491826 
22.066463 
-203.952873 
199.613896 
268.501240 
-150.186483 
-365.468823 
-51.943900 
-4.140587 
214.994508 
325.919532 
-364.564570 
-163.403954 
53.406852 
-425.774659 
184.571784 
-149.978490 
-134.458755 
65.116749 
85.016941 
285.983535 
399.392315 
-233.782297 
-236.012460 
-100.391351 
-16.164865 
41.062564 
428.807998 
30.990882 
-184.397538 
312.909982 
197.596650 
-8.510258 
76.521392 
83.005675 
55.382266 
197.597632 
137.503889 
-398.375971 
77.272750 
-41.348426 
-251.095483 
10.211914 
-28.754034 
-426.562101 
139.558195 
167.788569 
184.778973 
145.829846 
-197.672753 
-417.891858 
171.225897 
18.554851 
485.874264 
612.897671 
-530.319591 
204.168874 
161.655951 
-101.407589 
168.012083 
-339.181756 
141.434707 
226.419475 
-194.745311 
-235.127786 
-241.070865 
-87.978950 
-21.947106 
-598.896503 
-326.466686 
-55.256500 
39.036131 
-91.516265 
229.075771 
255.244842 
67.865682 
-111.966539 
150.200997 
-256.382702 
255.241845 
-18.620258 
87.822792 
-405.880366 
42.877278 
6.645850 
-24.510422 
117.794656 
39.027933 
-128.528058 
255.253096 
212.999211 
-86.530255 
49.370690 
-184.624720 
-97.683195 
-496.531571 
312.815759 
-321.314872 
159.788295 
-226.391398 
159.529819 
-64.325049 
34.513836 
-50.441053 
9.771381 
8.529066 
1142.166075 
-174.051898 
511.379539 
-4.202019 
-111.935278 
-88.790140 
167.436891 
107.072305 
-71.147220 
-76.389221 
-105.600259 
-137.742317 
-13.366658 
-416.285852 
-9.207524 
47.514747 
53.454959 
-209.620217 
-62.332952 
21.589114 
88.868879 
73.967117 
-196.460056 
-382.437021 
-196.016819 
39.876550 
7.042315 
53.453301 
-43.072480 
-297.341808 
-18.614655 
-280.106963 
239.406963 
-4.202197 
-18.616596 
-107.800745 
-443.555842 
-182.296554 
157.277838 
-195.781977 
-426.678057 
39.036589 
-123.809943 
24.623301 
-228.040203 
168.780240 
-7.939233 
-130.775198 
-668.255928 
-329.105653 
-345.399561 
209.584513 
27.044052 
-206.275945 
83.284488 
-351.358370 
-204.690604 
-173.922183 
-18.620555 
-131.077809 
86.280447 
-262.902357 
-227.597314 
-94.667932 
-31.023792 
168.763503 
-18.619818 
-620.403908 
24.624042 
-544.659060 
-137.771236 
-510.911603 
-31.999725 
-272.607170 
-25.483345 
-33.032421 
62.291651 
-183.450702 
-191.873425 
-208.945862 
-166.361436 
-98.448623 
-127.362960 
-231.937368 
-196.892168 
-101.419716 
-305.547678 
-53.288484 
-299.285371 
452.224723 
-402.683109 
206.308814 
-205.998889 
-186.301312 
-141.819041 
-205.998650 
69.654094 
-205.999710 
-423.207087 
-111.984593 
500.290809 
-8.206659 
-200.842959 
423.311560 
-130.717833 
-410.465192 
-113.748939 
-52.687275 
716.501795 
-536.249289 
311.346058 
-42.345366 
69.119307 
-64.319968 
840.039996 
206.707963 
-248.041772 
211.150631 
255.247028 
-53.809943 
556.574197 
384.973300 
223.452055 
139.398828 
-161.547406 
-163.174522 
759.945174 
448.336848 
41.362223 
-223.407791 
60.591153 
-81.177323 
274.710469 
204.892868 
-370.988993 
114.335791 
-45.194093 
-256.767540 
745.318122 
555.857222 
-158.150429 
25.529857 
108.983830 
251.356125 
914.864845 
251.652814 
-358.111765 
-163.032794 
240.827143 
-22.643615 
139.971837 
10.208155 
50.556650 
-133.035238 
-292.014680 
243.044836 
356.142729 
140.340292 
-504.738950 
-98.864128 
-474.083722 
72.860592 
-193.684130 
39.490259 
141.572143 
-224.814904 
-34.581864 
-261.171578 
569.696336 
314.266899 
162.512826 
226.608979 
-216.100012 
-76.712388 
-34.253121 
508.868994 
-1.377067 
13.960078 
8.500258 
-88.031900 
180.304560 
157.356772 
-10.494276 
-508.582780 
-166.808736 
-11.729040 
20.529710 
500.294709 
-88.047513 
-97.593651 
-204.558987 
439.754149 
354.142706 
-111.767808 
221.287376 
384.973519 
-20.508736 
17.270647 
-22.550411 
-260.855419 
-218.085756 
10.797328 
282.793130 
181.910653 
831.812026 
122.486404 
-358.404662 
367.119427 
140.331436 
-297.655797 
716.515244 
128.808097 
264.695225 
182.445223 
-76.160643 
-6.355480 
39.048320 
333.097999 
-272.010534 
-142.180035 
-43.481531 
108.930490 
889.462583 
-391.900079 
211.994697 
-27.971495 
224.440026 
140.340375 
349.736888 
84.867681 
-32.524823 
100.013317 
99.984283 
235.162834 
-127.756739 
-213.702398 
31.248116 
-300.066895 
40.939955 
-4.772556 
257.430985 
-652.839793 
161.330862 
-215.026405 
13.702793 
-229.673510 
-475.985700 
310.902199 
-161.903337 
631.990913 
-148.860098 
144.601981 
84.695699 
-74.819342 
348.675302 
19.011166 
269.660031 
75.141102 
-91.511606 
-208.511381 
269.662252 
-17.977663 
-300.196031 
315.366264 
68.867733 
197.041667 
253.125922 
267.653917 
-321.821254 
30.915896 
2.999567 
-164.930570 
74.665245 
-732.761035 
269.665059 
471.461253 
7.466867 
-416.501984 
-269.795864 
-232.551030 
-185.708591 
41.198615 
-298.531345 
-140.168293 
-9.193743 
144.340114 
-156.511767 
-100.484573 
-9.905479 
110.856665 
-99.112484 
280.978259 
383.441224 
90.843845 
384.975846 
364.130308 
428.220164 
-600.592499 
-524.075295 
-331.871226 
-29.476168 
76.349430 
457.047007 
93.249995 
-897.621006 
-271.949813 
-23.122861 
62.373622 
-185.002862 
-143.800414 
-176.678245 
298.711642 
-189.046483 
-191.241617 
298.487382 
425.773701 
414.760711 
-428.523076 
-207.316048 
203.376046 
160.633441 
243.521501 
-70.497204 
-209.562119 
-427.180563 
68.259888 
104.666006 
39.632871 
172.167598 
-19.338501 
-54.132368 
-179.676580 
-74.751865 
-117.872154 
3.440395 
-277.189543 
-230.048668 
-18.169695 
-234.854083 
-103.668846 
399.387091 
298.488799 
-156.985248 
-481.083320 
107.067578 
-283.133626 
-99.910630 
-207.526102 
-386.993252 
140.384773 
293.723518 
272.429347 
-213.122783 
365.334933 
651.879532 
251.415243 
-258.742800 
67.865896 
457.040337 
658.839442 
226.419074 
67.297493 
-178.606541 
526.255297 
152.736306 
112.310154 
-238.655845 
-93.527536 
87.490049 
385.715059 
-228.402369 
-398.780970 
92.695025 
-208.299953 
-354.717650 
-132.777751 
-201.419595 
183.397400 
-32.567809 
-548.554932 
-47.446287 
200.807075 
-31.036402 
-178.566413 
269.663308 
-10.824585 
-367.693923 
572.358448 
196.927632 
-9.775969 
312.904101 
-98.384208 
-189.858738 
-181.092946 
204.803030 
-378.650677 
-143.277390 
62.615170 
-243.857914 
-128.067242 
-567.246695 
-198.070960 
-142.536768 
-373.577343 
-39.817258 
-72.123124 
180.823068 
317.891360 
462.258218 
-116.280019 
-212.582411 
115.350410 
144.798546 
-219.055423 
-308.018658 
17.617670 
334.711119 
243.701571 
66.958870 
-333.399581 
-292.757510 
165.967721 
-90.869256 
-197.155895 
51.153550 
74.290805 
66.078244 
-105.100552 
-179.650108 
-134.774634 
212.988013 
187.399625 
114.344145 
155.654496 
-198.037614 
-176.090046 
168.766073 
-76.271490 
-200.440599 
236.910291 
68.332092 
-67.633645 
39.039337 
170.306359 
-29.799604 
213.195179 
-74.865360 
-44.237954 
428.216421 
-187.402551 
-176.615678 
-56.755764 
262.876519 
11.228938 
148.892295 
215.886124 
26.616127 
354.094982 
228.092971 
39.037346 
-681.676505 
-737.519072 
77.934762 
-25.963427 
-266.342681 
91.967241 
-276.277179 
-136.906340 
10.215225 
-404.676324 
-148.187657 
73.318856 
-141.114850 
-235.364840 
-774.931349 
-195.601761 
61.519135 
284.075466 
31.233841 
-65.052883 
10.205419 
10.207932 
246.159073 
-143.551476 
-174.381685 
39.039460 
39.026833 
-115.744589 
116.869721 
-46.762183 
-63.017580 
-14.869707 
-77.335565 
154.357078 
-191.595886 
197.586047 
189.869985 
-173.986146 
-28.440476 
-59.026964 
-112.352716 
-278.759904 
272.351826 
269.673222 
-0.482401 
91.822615 
-151.792630 
-348.477572 
-38.540488 
-127.758984 
-299.153576 
4.318773 
1221.892799 
-248.379228 
265.053068 
24.627525 
-220.098917 
60.090699 
-109.121464 
72.625680 
-421.324541 
-10.853071 
-179.725970 
-154.781656 
-71.489625 
-165.218269 
-60.220104 
-125.036108 
-18.617334 
-204.757145 
57.957047 
71.079352 
63.411774 
-61.157314 
-193.061710 
-157.193565 
-206.948783 
224.167304 
-54.789276 
-4.205293 
-24.127039 
-331.757887 
-33.032442 
37.543688 
-134.296160 
-18.616202 
-18.617181 
-443.370277 
-455.488603 
130.233275 
22.653588 
-22.397929 
-278.981278 
10.210994 
94.277219 
10.211256 
-101.478368 
57.834089 
-115.812350 
-166.226419 
-271.642986 
18.402388 
-280.466400 
139.044299 
23.708690 
-351.968902 
-226.316728 
-222.131687 
-242.345548 
-69.437536 
53.453665 
-113.840457 
-255.852523 
-207.183024 
-85.306214 
-41.087361 
54.505682 
-105.102548 
-47.447235 
-568.957935 
-33.030908 
337.767407 
-191.481232 
-272.944714 
-358.833385 
-128.541065 
37.230531 
-206.001149 
20.026894 
-63.131934 
-243.229408 
-347.948479 
-33.035236 
-265.759948 
140.221407 
-169.702197 
-392.504180 
-337.066462 
105.885806 
83.434754 
-206.458919 
-153.820626 
-343.287001 
55.047120 
-206.003130 
57.407804 
268.044527 
-206.002593 
-150.333063 
-206.001420 
-339.622495 
-27.764963 
630.014024 
-539.491675 
-473.529828 
377.743258 
-75.454724 
-407.108432 
70.749984 
-216.680054 
197.593990 
-475.739401 
2.418648 
186.482904 
-156.125908 
161.583740 
506.251592 
479.039889 
-111.787138 
224.000317 
139.942062 
264.983502 
274.893989 
745.327858 
682.222068 
69.111319 
-916.907536 
-236.607936 
720.744007 
464.030660 
181.871557 
7.633368 
6.252763 
106.061363 
293.735387 
10.804675 
-334.994005 
79.338604 
63.370944 
20.773539 
240.841030 
359.483814 
388.218274 
189.318117 
166.467879 
462.669660 
741.517820 
366.525908 
99.874498 
-183.642265 
586.772215 
-119.221048 
822.985434 
-148.252482 
469.340707 
-211.402749 
731.059370 
-198.763321 
687.670234 
61.516600 
-164.658957 
161.118536 
-209.998071 
-77.491591 
95.399836 
-149.281387 
241.815738 
-200.660106 
-354.371081 
-25.223711 
585.286279 
412.358357 
45.627616 
-211.755763 
-236.848606 
45.973486 
116.614885 
836.737781 
687.123594 
-354.283172 
-66.138166 
134.162534 
118.911636 
358.166337 
52.654583 
-309.965794 
-242.247606 
1.859462 
41.727742 
644.420320 
238.581774 
98.100516 
164.381870 
562.743801 
438.024856 
-137.261372 
-101.807929 
471.457012 
-147.878348 
-86.440532 
488.830744 
-134.451208 
-165.908400 
381.028340 
-65.128218 
47.415167 
716.495567 
257.274074 
-331.286453 
380.554434 
46.370545 
-213.948114 
889.468228 
322.335126 
-241.489717 
171.948293 
-88.424326 
351.103514 
298.501343 
496.649506 
-252.512151 
-277.739311 
150.446794 
83.346619 
947.123431 
-184.286201 
384.977207 
319.303227 
491.270818 
250.842049 
414.550494 
26.517712 
301.283573 
-49.500356 
31.443974 
-72.349460 
-136.562707 
-379.980975 
-74.200686 
23.021526 
-405.926580 
188.925865 
376.477189 
-252.835353 
19.069815 
-319.270844 
381.368211 
-170.658359 
-342.602706 
-109.726045 
351.666485 
365.004060 
-153.030599 
463.242947 
90.121488 
274.950921 
159.633397 
457.711970 
413.799238 
-59.275200 
254.049564 
-121.638319 
269.664121 
-388.400387 
-431.221701 
525.321853 
-320.844504 
291.528885 
185.650771 
158.048118 
-376.772823 
-316.070748 
-0.133675 
-70.980686 
634.802752 
-554.641553 
356.145909 
478.663508 
191.204656 
601.129800 
-68.936152 
503.514585 
-16.947917 
299.375806 
-302.371708 
95.404604 
-201.165227 
-65.322857 
113.737211 
-78.808382 
235.234175 
155.960977 
254.832436 
487.205790 
86.599322 
558.712420 
370.562428 
227.546841 
255.250201 
-717.856143 
-480.670300 
-118.889041 
-253.080204 
509.656394 
370.560877 
140.594701 
-854.504079 
375.241142 
-188.298148 
113.189738 
273.406187 
-249.879285 
-221.680293 
50.075634 
-301.811099 
-81.845913 
327.325126 
395.338466 
-619.200099 
-7.320055 
123.924332 
-267.652714 
337.895435 
-65.686379 
-142.239585 
-450.465222 
-152.952715 
-85.919344 
-168.621638 
45.614601 
-219.328976 
-86.471601 
-343.542921 
53.396869 
165.252177 
-190.456172 
-36.310479 
-431.976656 
-414.525796 
192.318430 
237.159698 
-217.128946 
269.662853 
658.845469 
-418.291443 
-151.487281 
-27.450054 
-390.264318 
147.647648 
54.497432 
-750.898328 
-74.513528 
-54.211393 
-41.993598 
-135.508409 
289.656699 
458.773479 
351.394396 
-265.346221 
312.904885 
183.178984 
226.419377 
212.005962 
245.459101 
-92.992789 
516.254884 
249.527460 
39.530209 
-528.413146 
-305.015048 
193.616130 
380.503761 
-332.575049 
-101.029755 
-88.533259 
-225.256002 
-111.099986 
42.869249 
-60.441594 
56.284267 
-245.607218 
-638.894425 
370.561769 
155.618271 
277.101310 
-464.421413 
601.188280 
-357.636786 
-33.469742 
356.148310 
280.268969 
-218.938766 
96.695969 
147.632273 
-440.365232 
-501.111643 
226.424129 
-700.773926 
-156.355659 
-98.568320 
-450.698640 
-153.962595 
-454.647445 
-132.663010 
-18.041311 
-321.448963 
-498.307442 
-60.003194 
334.723426 
83.445600 
67.804534 
-240.058970 
-66.673237 
80.730308 
-29.122048 
-112.896225 
-241.501413 
7.617291 
-166.008411 
34.184310 
-255.757428 
-165.910068 
-220.303337 
112.892954 
-310.400549 
-411.776081 
287.551664 
1.481531 
-24.520949 
-18.619826 
-186.446871 
-59.690114 
27.930629 
215.140431 
-9.442440 
76.352099 
-82.758872 
-70.102266 
24.618094 
-47.444675 
302.928359 
60.189697 
53.925264 
-375.116356 
370.559274 
-64.233830 
189.542470 
3.633205 
-474.497477 
-427.303814 
39.035050 
71.789000 
-32.864520 
-519.389033 
286.473848 
-51.492917 
98.897068 
7.469767 
-25.437411 
213.669068 
156.732047 
226.421818 
-728.509477 
412.902514 
190.254131 
-127.610193 
-232.622478 
130.790559 
-323.465609 
321.110279 
10.210450 
-183.777798 
-543.236261 
62.163062 
-377.323128 
-185.222274 
-823.780641 
-72.660433 
-161.082753 
226.426103 
-118.472055 
-252.815168 
39.043622 
312.902317 
237.038445 
36.421760 
-256.415475 
82.286467 
10.213425 
256.637213 
-144.501477 
19.791671 
-220.729938 
191.819527 
86.876926 
168.764906 
-227.619032 
82.280016 
-221.455038 
-13.265576 
69.951194 
-328.918004 
40.109497 
-680.719007 
94.581232 
413.797494 
22.636916 
-220.550482 
-261.122319 
-22.609666 
-73.685976 
51.669722 
-73.484824 
-217.764396 
818.065110 
-356.937262 
222.985142 
-18.623856 
-217.909501 
365.655074 
-49.831192 
211.128419 
-270.684351 
73.166206 
-84.042283 
-411.906383 
-80.615024 
-332.142989 
131.326806 
-19.607513 
10.207659 
-395.823315 
-3.121327 
149.970461 
-553.228823 
-252.706603 
-383.546559 
-225.990536 
-106.896433 
-73.057043 
-290.391867 
39.036385 
-295.908378 
-275.871312 
24.622219 
-70.986939 
-265.581763 
-47.446969 
-47.446994 
-8.453154 
-364.645372 
-19.865465 
178.845996 
50.935883 
-196.041046 
10.210153 
82.931587 
82.281526 
-107.332444 
-217.581109 
-99.873035 
-330.564044 
-590.871696 
55.068473 
-125.632960 
-144.988297 
-129.607708 
-84.207197 
-265.873554 
-140.831838 
-200.412465 
47.480440 
-47.444465 
-207.814704 
11.009400 
-225.410797 
-335.379208 
-26.964423 
90.248797 
-47.443530 
-47.444050 
-346.561358 
-4.200557 
262.185895 
-4.312359 
53.109011 
-22.894025 
-276.970545 
325.407054 
-205.999841 
102.040062 
119.069506 
-216.174158 
-623.968149 
-206.000099 
-216.389323 
163.763429 
-291.623525 
-538.367022 
-356.059901 
30.518903 
11.011141 
-251.982704 
-269.731351 
-84.765983 
-12.898827 
-206.004875 
253.790112 
-30.210484 
-206.002080 
175.736359 
-206.002040 
-479.281435 
139.451296 
716.502248 
-257.835177 
88.026944 
-9.936267 
-350.511183 
-523.050665 
147.626775 
461.759925 
125.523771 
-261.503757 
-360.262614 
-371.284323 
467.652521 
14.844691 
171.240425 
-20.427941 
-395.258895 
80.215508 
-18.615185 
282.021021 
518.859309 
500.291876 
553.398381 
353.929719 
-885.287520 
463.628974 
328.999227 
229.735217 
118.097674 
-86.020515 
-216.465181 
-42.419627 
137.912276 
-298.836871 
-73.159879 
153.857962 
203.426646 
459.716728 
428.220639 
270.297403 
-41.351453 
68.389289 
217.712896 
361.343082 
607.813433 
-312.255777 
-104.789928 
-136.362867 
514.704911 
-90.578435 
293.041132 
275.279463 
115.187192 
-494.280644 
410.908523 
-167.793877 
154.352445 
233.365744 
-23.725806 
-23.437904 
123.432352 
-75.666092 
50.868425 
-42.845532 
395.114538 
-337.019331 
106.171738 
94.070790 
-186.864590 
215.065424 
159.840150 
-56.752060 
-13.102803 
-20.213759 
-170.938792 
386.232649 
1051.986510 
-168.104449 
-56.657362 
323.910516 
240.061665 
128.975881 
1.562582 
440.149845 
54.836867 
-27.349271 
-284.398399 
947.123430 
122.142822 
61.137675 
-198.633083 
55.374470 
501.690448 
60.750221 
129.312016 
601.187405 
-99.558462 
-31.651873 
300.998840 
28.747636 
19.057166 
49.283049 
268.521741 
199.889756 
312.907259 
43.459068 
-259.652167 
120.202514 
102.405903 
83.189481 
240.837802 
142.028358 
185.179406 
-38.433240 
442.295227 
20.248406 
557.948299 
272.765667 
-87.056527 
-201.933397 
159.693023 
79.838397 
39.041449 
-88.690944 
471.464787 
385.459583 
57.676497 
32.823545 
481.809664 
-233.169244 
230.512386 
-184.402802 
-447.580841 
-349.631146 
-303.794296 
25.414038 
-168.522684 
-924.483488 
-0.578141 
-37.927303 
447.863836 
232.730670 
-212.523995 
-469.240908 
19.906009 
-778.915206 
-615.771372 
-167.651585 
-86.446586 
-431.412858 
-156.066880 
136.580755 
-277.584237 
-303.163307 
9.991538 
236.847546 
572.358501 
-127.000984 
224.328476 
-454.547181 
413.804666 
-6.713530 
-358.951277 
323.892258 
13.783175 
85.034754 
-12.331236 
-99.317558 
-455.091960 
443.798070 
20.888279 
-184.512634 
-3.358608 
-84.433167 
471.459966 
493.080316 
215.804527 
274.249260 
-37.409480 
119.620739 
337.041315 
130.155330 
-517.437723 
0.628848 
-397.673068 
162.222256 
-521.453577 
152.604063 
-458.096655 
-213.417372 
-7.626045 
567.115986 
165.720446 
-63.647267 
370.563246 
82.441403 
111.109062 
232.173118 
6.758336 
76.621153 
-305.778657 
144.310014 
312.907168 
180.540946 
-525.458432 
229.374923 
-82.476946 
242.826633 
64.814793 
-486.375550 
-208.539289 
57.560305 
-251.892282 
-64.169544 
500.290826 
175.685782 
-460.646916 
-61.064802 
358.674075 
-265.746666 
89.173596 
122.364429 
184.466140 
-365.984671 
-485.426926 
-98.214593 
121.910038 
194.341770 
-236.215989 
-637.285121 
-352.167998 
24.538426 
157.025839 
58.487243 
64.616288 
-72.611481 
-593.416264 
128.487612 
222.491173 
-167.682335 
356.150474 
687.673439 
-552.643458 
-184.749963 
-26.769457 
-253.709464 
289.923622 
210.488218 
-594.597693 
69.686527 
-266.858267 
-171.004936 
-330.427718 
116.052306 
163.233072 
271.743556 
-338.902201 
399.390397 
269.663998 
96.695712 
197.594504 
265.027739 
-154.768116 
69.278648 
48.644657 
-31.035216 
-361.323877 
65.891919 
-101.724885 
440.604348 
-561.532209 
-295.866149 
-140.488684 
-128.688781 
-539.863096 
-224.815682 
193.247422 
100.054391 
-97.350327 
-435.759115 
370.561360 
18.922199 
56.468808 
106.621720 
572.358820 
-258.312895 
-317.231134 
284.077145 
20.311172 
6.141912 
240.834740 
147.624558 
-115.499619 
-280.266367 
143.541056 
-61.720342 
414.284486 
215.114579 
-31.652465 
-58.358456 
-76.079462 
-37.561305 
-284.344698 
-323.184828 
305.926249 
140.021130 
106.210861 
-59.334259 
-577.166192 
-287.235429 
-32.039048 
57.991281 
-169.185588 
-307.160138 
-192.014830 
-279.204765 
-41.079588 
-185.437415 
-56.282800 
91.127026 
-605.767341 
-71.931861 
-245.136519 
120.196208 
639.036448 
92.172831 
-168.165174 
-4.201420 
-148.437920 
56.768327 
292.848079 
231.750399 
-99.852476 
73.206630 
-71.778173 
-144.637399 
-33.030158 
-47.443546 
75.905086 
-178.008265 
-11.860430 
-344.372746 
370.563459 
-114.408475 
142.476885 
43.752133 
-104.104076 
141.293498 
-18.617152 
102.717882 
-209.663216 
-49.372268 
86.277159 
-136.542950 
-91.149630 
-6.858282 
-142.526181 
132.333472 
61.605297 
139.937519 
-19.516868 
-324.916535 
381.498636 
94.911111 
-293.554272 
27.928972 
-377.155925 
19.907853 
-76.273984 
-80.561120 
-230.244609 
-140.272229 
-188.511778 
-9.270135 
15.943010 
-196.934689 
-205.313803 
53.453018 
-14.079381 
-31.296220 
-76.274523 
284.077982 
-154.968618 
-92.624009 
-144.414233 
-76.273197 
-76.274059 
306.721496 
-221.375295 
-7.937846 
-216.368626 
-20.839011 
149.053864 
82.280576 
-208.702736 
-162.758583 
-205.865551 
41.678306 
-100.722551 
193.534705 
162.166957 
-182.723130 
-154.052736 
269.663612 
317.509686 
-173.099339 
-158.969053 
103.935175 
-227.686554 
-56.375652 
179.801685 
34.440987 
60.153662 
-224.970261 
110.735107 
-18.616297 
114.555982 
446.656040 
-199.067383 
112.666522 
-287.052793 
173.252683 
187.574195 
-68.844557 
-183.143725 
-241.278020 
88.010085 
-40.207368 
10.212636 
-340.074018 
98.280554 
172.695996 
-938.525351 
2.291075 
-26.684989 
-63.690625 
-160.602631 
204.785409 
14.263785 
82.282817 
145.668275 
23.550476 
-47.444077 
-322.685587 
-303.266858 
10.211880 
39.039743 
-243.696856 
-320.542262 
-94.780488 
-131.394935 
13.702194 
-185.186327 
39.039876 
-225.642992 
226.422610 
-25.628712 
-39.671841 
203.322003 
-416.794213 
-106.481102 
-134.342384 
-148.620087 
-168.148344 
181.175667 
-142.382068 
-255.378566 
-74.308956 
78.311046 
-19.465134 
39.038541 
124.127073 
-210.341019 
-246.207576 
-31.652261 
-52.350161 
123.305263 
24.624476 
24.625409 
-410.475128 
24.625075 
-291.526151 
-58.270426 
354.007643 
-130.208866 
-230.615208 
-321.488271 
-205.999959 
-23.463572 
224.959327 
-277.303985 
-459.798624 
-206.001006 
-241.672197 
-485.077768 
-265.422370 
-17.029271 
-87.679325 
-188.822555 
-281.131727 
-405.721566 
-120.542329 
-129.394166 
79.792560 
-206.000905 
241.387012 
-333.012968 
-205.999565 
-237.728558 
-206.000316 
-462.818863 
-249.251087 
-191.585938 
-199.636279 
-211.965502 
-201.221034 
-206.796608 
-211.467589 
-206.000000 
-206.566410 
-191.585937 
-209.463636 
-202.440652 
-199.748403 
-216.028836 
-190.448089 
-208.699919 
-205.903895 
-200.717271 
-211.834620 
-191.585936 
-211.306551 
-198.881458 
-206.000000 
-197.266289 
-206.546648 
-203.522568 
-194.712908 
-195.377656 
-203.545187 
-199.580701 
-200.131975 
-199.655627 
-205.200935 
-203.637709 
-207.760991 
-212.850865 
-210.571472 
-205.917051 
-211.210463 
-205.999999 
-206.994712 
-199.243714 
-204.894827 
-209.676142 
-199.577314 
-202.664469 
-186.733585 
-205.067458 
-214.035452 
-206.000000 
-197.259134 
-194.382311 
-214.544951 
-200.729676 
-205.099122 
-201.755446 
-208.273450 
-205.999999 
-192.245413 
-203.517746 
-200.830102 
-198.259570 
-205.680054 
-219.894541 
-212.024288 
-194.304827 
-215.298446 
-208.653275 
-200.589795 
-206.194245 
-204.214535 
-211.918768 
-206.264096 
-196.334217 
-201.939340 
-203.441651 
-198.167346 
-221.375000 
-201.703783 
-206.749123 
-198.903501 
-211.209295 
-204.025442 
-202.440653 
-212.180933 
-206.885777 
-202.727466 
-194.490259 
-206.000000 
-215.621192 
-206.196710 
-193.312264 
-190.625000 
-206.509809 
-206.844973 
-207.832401 
-206.000000 
-200.530044 
-210.199118 
-215.056638 
-208.540028 
-207.673873 
-206.293648 
-212.018094 
-205.425834 
-206.000000 
-198.985988 
-201.982927 
-202.532420 
-211.695397 
-207.564755 
-206.000000 
-220.778424 
-204.533721 
-205.815585 
-207.587110 
-203.512555 
-206.000000 
-204.920448 
-192.821034 
-192.109652 
-209.860620 
-207.541810 
-206.000000 
-208.985890 
-206.000001 
-209.336888 
-205.752410 
-205.468990 
-201.306140 
-201.386498 
-201.554332 
-202.949080 
-195.625303 
-206.375340 
-202.380668 
-201.200020 
-210.734925 
-207.036100 
-201.797393 
-206.318939 
-204.128538 
-219.513183 
-207.425006 
-197.659562 
-200.095479 
-198.681848 
-200.783286 
-206.032421 
-207.249163 
-200.647143 
-203.468826 
-198.149725 
-210.183046 
-201.025108 
-204.557989 
-206.852106 
-191.585938 
-198.929050 
-204.258579 
-209.080146 
-206.000000 
-193.057873 
-205.619945 
-204.595330 
-210.480280 
-204.533041 
-214.153575 
-201.503763 
-206.821845 
-214.713736 
-201.579839 
-207.087018 
-204.749068 
-208.390754 
-191.585938 
-198.792967 
-201.303037 
-187.978425 
-203.434471 
-203.575601 
-205.103405 
-208.379572 
-212.862511 
-210.996480 
-213.126084 
-208.438797 
-195.467718 
-211.323014 
-202.024228 
-210.066419 
-193.308641 
-206.165855 
-211.476466 
-195.565207 
-206.000000 
-207.632581 
-206.000000 
-208.304378 
-204.796526 
-216.954662 
-204.983440 
-207.000262 
-206.000000 
-205.741854 
-213.693482 
-218.645630 
-199.792331 
-209.049019 
-202.105851 
-211.133638 
-197.685885 
-208.331980 
-201.444200 
-194.199581 
-191.585937 
-200.851097 
-206.000000 
-217.280282 
-196.413033 
-212.673632 
-210.281973 
-204.556668 
-199.789661 
-195.518767 
-206.572004 
-201.875654 
-202.876599 
-205.120104 
-208.617825 
-211.506342 
-206.242012 
-208.907755 
-196.597966 
-206.290372 
-212.364109 
-205.370190 
-207.988184 
-200.451156 
-208.246586 
-207.482802 
-191.585937 
-206.000000 
-206.942669 
-195.128655 
-205.834679 
-219.190389 
-207.781872 
-210.044500 
-195.470844 
-210.846779 
-208.249246 
-198.849382 
-198.647150 
-206.154989 
-202.702176 
-209.320877 
-198.177326 
-206.000000 
-206.000000 
-206.000000 
-206.000000 
-205.403424 
-211.954609 
-209.914985 
-202.302391 
-209.115109 
-216.032380 
-200.081255 
-199.510506 
-198.803991 
-202.426703 
-204.840157 
-205.299376 
-204.657556 
-210.565564 
-208.817793 
-208.574153 
-203.904298 
-206.686105 
-214.355174 
-206.000000 
-205.917051 
-199.644868 
-211.234336 
-191.585938 
-206.077765 
-194.301142 
-206.000000 
-211.115495 
-196.856002 
-206.000000 
-206.000000 
-205.709975 
-206.704737 
-191.585937 
-200.072369 
-209.336889 
-205.062254 
-202.329702 
-210.143901 
-213.346409 
-208.372975 
-204.293434 
-215.958447 
-207.244342 
-203.273979 
-210.413774 
-199.507534 
-205.482354 
-192.145228 
-207.768351 
-203.045887 
-196.115835 
-202.593417 
-212.057173 
-197.714237 
-202.553617 
-192.973868 
-210.716027 
-207.673873 
-204.245029 
-208.294283 
-194.736306 
-207.641739 
-207.760991 
-215.062761 
-200.486142 
-206.000000 
-197.405628 
-202.939653 
-199.773791 
-210.475795 
-192.145227 
-203.200728 
-201.793773 
-203.699463 
-206.000000 
-206.000000 
-207.374637 
-205.856327 
-209.728270 
-206.000001 
-206.000000 
-203.505731 
-195.865441 
-200.016375 
-194.712998 
-207.133394 
-206.000000 
-207.558072 
-197.861448 
-212.473137 
-205.769413 
-197.275960 
-204.512085 
-204.318773 
-198.356024 
-207.754496 
-195.989340 
-206.000000 
-206.000000 
-206.000000 
-201.854537 
-208.440671 
-211.994290 
-200.684715 
-204.376797 
-208.928188 
-206.000000 
-206.131823 
-199.289849 
-199.125023 
-205.441608 
-207.788466 
-213.090497 
-199.215831 
-207.576150 
-206.000000 
-202.949492 
-202.452963 
-206.000000 
-206.000000 
-208.871690 
-203.254339 
-208.928189 
-206.000000 
-206.000000 
-196.049128 
-190.625000 
-216.200744 
-188.870824 
-204.679355 
-200.993212 
-206.000000 
-219.513184 
-206.000000 
-206.674915 
-209.730632 
-208.779383 
-198.945570 
-202.477520 
-210.034628 
-197.408130 
-205.999999 
-206.205636 
-204.756517 
-211.695397 
-207.397013 
-203.276595 
-198.734350 
-206.684370 
-203.307790 
-193.331391 
-203.706381 
-200.205375 
-206.000000 
-197.827539 
-221.839276 
-209.031218 
-208.574273 
-194.446175 
-201.188798 
-214.216405 
-205.314584 
-210.990515 
-200.333923 
-201.631417 
-204.628300 
-206.000000 
-210.701512 
-196.526867 
-211.324941 
-191.585938 
-204.216666 
-207.561759 
-206.024825 
-201.942612 
-208.788475 
-213.469283 
-206.000000 
-209.565427 
-196.951871 
-206.000000 
-198.770078 
-207.073407 
-206.000000 
-206.000000 
-204.690301 
-207.878359 
-205.844512 
-204.720579 
-199.033329 
-213.177534 
-206.000000 
-194.911283 
-206.000000 
-201.321392 
-211.169242 
-205.287065 
-206.556727 
-201.777869 
-205.522054 
-209.002437 
-208.574057 
-207.012080 
-208.150267 
-202.733676 
-198.750818 
-206.231302 
-200.660566 
-206.000000 
-202.550162 
-206.167941 
-199.376433 
-202.329702 
-208.301387 
-208.417052 
-206.000000 
-206.000000 
-202.553229 
-206.000000 
-209.123496 
-203.150432 
-202.769016 
-205.117663 
-210.162372 
-201.116287 
-206.000000 
-204.061877 
-195.148391 
-206.725648 
-211.815060 
-206.000000 
-208.035698 
-194.050381 
-210.095547 
-207.759385 
-204.722533 
-203.071722 
-203.940444 
-209.302325 
-197.543874 
-203.319137 
-214.403239 
-206.000000 
-204.349071 
-193.042550 
-206.000000 
-212.069567 
-206.000000 
-207.996127 
-207.119848 
