-36.500020 
-49.751660 
-55.567430 
-43.547884 
-58.618813 
-18.399751 
-12.333287 
-28.200697 
-61.500268 
-61.771338 
-39.765896 
-8.833867 
27.566079 
18.269891 
16.117012 
4.381773 
19.325006 
13.445711 
13.499884 
10.061510 
15.439858 
13.499850 
4.393143 
25.128523 
41.505700 
64.721250 
54.204363 
7.900259 
-4.943875 
-46.175649 
-17.662434 
-37.231444 
-21.400850 
-34.015841 
-26.268323 
-47.976992 
-65.030400 
-75.036754 
-61.500162 
-45.844869 
-33.603347 
0.122262 
4.300476 
1.563487 
-23.384816 
-15.904649 
-5.083265 
-19.775472 
-36.500090 
-59.624132 
-47.597314 
-56.391338 
-33.464489 
-13.843860 
-27.196827 
-27.312615 
-61.500114 
-62.864874 
-58.302695 
-35.104974 
-25.037548 
9.149945 
-2.601076 
3.795532 
8.366134 
19.212228 
-1.580197 
-9.784285 
-7.111678 
-30.034355 
-19.687493 
0.087626 
-22.243004 
-14.498422 
-21.941926 
-16.268522 
7.510993 
20.362421 
11.841998 
29.032914 
10.119685 
5.095836 
0.233600 
-32.680231 
-44.884074 
-67.103496 
-58.995606 
-111.499761 
-124.366353 
-100.092187 
-77.318071 
-52.333082 
-27.712055 
-32.144739 
-5.597580 
13.500243 
1.832332 
-12.079574 
5.679416 
3.907579 
-19.905084 
2.205140 
-18.427417 
-3.029148 
-36.499207 
-59.611420 
-65.080566 
-67.741421 
-51.289319 
-62.240153 
-36.499589 
-49.205265 
-48.157215 
-29.225353 
-31.488481 
3.419512 
-36.499357 
-54.576778 
-71.527115 
-62.481050 
-28.296345 
-32.655571 
13.499931 
-17.029074 
-11.499584 
-10.781844 
-23.144227 
-21.624544 
-25.051030 
-38.647390 
-76.756502 
-76.807325 
-70.016813 
-57.904497 
-46.533780 
-65.337016 
-46.058986 
-25.676855 
-1.089032 
41.389742 
26.601452 
-15.405949 
-54.003390 
-74.093617 
-70.819435 
-44.410557 
-11.559931 
-3.917348 
-39.657576 
-55.402466 
-38.171727 
-17.965868 
-3.080756 
5.005262 
8.586498 
34.216367 
38.500395 
-7.810304 
-24.548542 
-85.193610 
-61.499812 
-77.399015 
-94.138198 
-54.728900 
-32.236194 
-14.712167 
-20.356824 
-8.137320 
-38.026965 
-26.855145 
-11.039464 
-21.321536 
-34.399510 
-68.703378 
-36.499690 
-42.749778 
-24.468872 
-0.316865 
-18.240318 
-16.637932 
-57.218741 
-78.463025 
-100.319287 
-111.548886 
-88.773740 
-56.261054 
-29.445082 
-35.018906 
-68.366600 
-94.790396 
-112.829624 
-90.190806 
-66.993394 
-72.565793 
-86.500127 
-75.048213 
-36.500316 
-29.978376 
-32.335650 
-31.533477 
-54.125580 
-73.691619 
-111.500242 
-91.475614 
-82.872681 
-45.855098 
-29.652431 
-50.706425 
-46.146011 
-61.942867 
-79.777943 
-63.768400 
-60.507922 
-68.444390 
-111.500330 
-118.664911 
-94.000414 
-67.484894 
-61.814829 
-87.537880 
-84.805215 
-75.772233 
-56.350704 
-50.799013 
-57.966196 
-56.501206 
-45.941039 
-36.351110 
-59.454235 
-51.818991 
-87.304680 
-81.885846 
-86.406221 
-71.989564 
-37.954337 
-10.878517 
-17.020954 
-4.605888 
-16.858147 
-2.273815 
0.999575 
-11.500396 
-34.756125 
-49.405464 
-43.798130 
-25.151682 
-34.796553 
-21.585800 
-39.981147 
-15.151938 
5.982767 
6.217297 
16.331172 
42.997573 
51.469831 
46.189578 
54.476922 
50.999408 
63.499579 
25.999645 
13.499553 
-35.872545 
-32.382156 
-34.079578 
-35.329343 
-50.334788 
-37.230329 
-13.727886 
16.270326 
72.689543 
56.103030 
19.393999 
-15.396657 
-63.352068 
-14.692225 
-16.664829 
-18.013085 
-34.044543 
-14.524621 
-5.373748 
63.499520 
68.302863 
60.135039 
4.895042 
-61.500378 
-62.097225 
-71.272482 
-36.500410 
38.075004 
29.730335 
38.499570 
41.000725 
28.573271 
34.718708 
73.655788 
20.927319 
14.217476 
-16.477402 
-41.113596 
-12.713144 
-36.317392 
-56.442334 
-39.978342 
-23.046168 
-5.175233 
3.704809 
-13.831466 
-53.705338 
-75.584218 
-51.932150 
5.116898 
2.217943 
-28.181685 
-43.865324 
-76.219796 
-70.796681 
-77.094442 
-63.123912 
-51.709920 
-19.905323 
-26.907232 
-9.975303 
-2.417356 
4.831612 
-7.349279 
-54.020164 
-69.947925 
-61.500074 
-28.613249 
-2.051257 
-2.181316 
-10.572043 
-39.432339 
-44.596975 
-34.341302 
-16.282087 
-24.000091 
-36.499953 
-27.914903 
-41.717401 
-26.204306 
-25.667590 
-23.999707 
-38.764775 
-1.043817 
-0.123995 
-26.139103 
-9.724986 
-11.499804 
-23.584397 
-51.610558 
-31.591847 
-51.702517 
-48.935861 
-62.708002 
-46.611621 
-78.977498 
-60.500485 
-25.122230 
-11.499772 
-1.343862 
-52.905790 
-59.908201 
-21.316237 
-30.451361 
1.105758 
-17.823132 
-4.992541 
13.500410 
-0.726395 
-5.868031 
-37.578913 
-28.509569 
-56.719243 
-110.675348 
-123.944143 
-91.863165 
-86.499218 
-25.424483 
-35.272818 
-36.500322 
-11.499123 
14.247838 
32.108175 
30.840202 
1.000975 
-11.500556 
-6.582033 
-38.999796 
-25.276272 
-15.032469 
-15.784317 
-36.787973 
-61.499047 
-73.219315 
-61.499166 
-41.617174 
-26.536869 
-28.486176 
18.780683 
46.559567 
57.867170 
29.765795 
13.501360 
3.395171 
-15.995644 
2.044173 
-17.525735 
-57.981659 
-94.776304 
-108.080605 
-111.419531 
-58.619081 
-43.217377 
-42.424591 
-61.500765 
-35.319664 
-34.561714 
-18.296116 
0.143521 
24.676817 
35.279567 
3.090408 
-4.307424 
-11.293825 
-40.600241 
-17.237068 
-35.870614 
-24.000314 
-4.968564 
8.310179 
35.138719 
44.895840 
48.395800 
47.063011 
44.193882 
12.007782 
-6.944675 
-46.746378 
-86.500292 
-52.371717 
-21.521974 
-24.000308 
-34.290756 
-47.525908 
-36.500153 
-11.500526 
8.113827 
49.836618 
61.491214 
49.343352 
46.408711 
15.795382 
25.999650 
-2.493533 
0.999803 
-12.474828 
-19.986631 
-16.545427 
2.000973 
-2.894623 
27.917739 
17.602688 
9.336543 
-21.896534 
6.077474 
-21.608252 
-18.827988 
-39.413952 
-37.478929 
-36.500270 
-30.906089 
-53.067051 
-54.091539 
-28.613577 
-17.969796 
6.240627 
25.999603 
0.999528 
-7.584083 
-11.500396 
0.975970 
13.679811 
-30.026135 
-34.517552 
-57.162438 
-32.549982 
-24.000574 
-8.322814 
12.557030 
4.806994 
4.500749 
36.936967 
56.554531 
62.658191 
55.596691 
11.881862 
-35.485478 
-35.199344 
1.000185 
30.994641 
58.059785 
15.354061 
-17.631555 
-86.500724 
-116.173358 
-70.929475 
-36.500727 
-5.966674 
0.999447 
11.370714 
16.078134 
-11.500811 
-244.743047 
3.546022 
-16.618000 
12.902804 
-106.515209 
-65.667821 
114.975300 
-61.499995 
-268.492063 
90.899284 
-291.140925 
-0.503075 
-53.211016 
120.223563 
51.236047 
-134.507981 
-45.051610 
-61.500945 
39.378267 
16.428480 
-86.500940 
-90.688661 
9.683187 
-33.459335 
-68.048321 
-369.593820 
-27.961053 
-131.132732 
-38.409049 
16.511972 
-42.043358 
-53.183031 
-10.232732 
-185.587379 
263.779754 
-97.935541 
-14.604957 
-136.501876 
-70.625394 
-60.504643 
-180.481271 
-104.069943 
75.921610 
306.260960 
-126.615968 
-256.855816 
-27.791840 
-36.501623 
18.736087 
-67.359281 
9.158255 
53.990690 
-12.282481 
124.317398 
-133.794480 
-11.500398 
72.871168 
-126.754310 
-65.881013 
-125.966810 
81.046132 
23.144221 
78.449603 
89.398267 
-19.716949 
259.743099 
-207.999112 
-30.448476 
59.971508 
185.637780 
11.263911 
-89.122139 
224.567236 
-37.817756 
45.820793 
549.176878 
-91.408354 
-83.648431 
-89.298230 
290.041414 
94.674653 
127.342839 
-84.228824 
303.110992 
97.719463 
85.134272 
626.000147 
-149.613914 
285.317940 
-40.194231 
174.333962 
171.482168 
-194.659662 
250.014453 
338.500211 
-105.828441 
-76.391142 
147.983660 
165.712451 
-154.286181 
-80.871504 
49.873378 
42.061027 
163.500936 
187.869884 
-123.415678 
176.014521 
33.835308 
49.548605 
88.500302 
305.510133 
47.481851 
-40.547786 
-212.208872 
120.927872 
113.499799 
208.726012 
-339.083309 
-236.159411 
166.551151 
53.661846 
101.001157 
-406.428776 
313.501027 
-95.780766 
78.879923 
-130.851002 
169.795303 
28.217192 
-101.069299 
-288.608733 
-243.316813 
206.937510 
-79.200746 
-142.276017 
-70.737436 
-149.693093 
2.746208 
-262.091275 
54.358265 
9.595462 
-2.513927 
-58.545504 
203.940801 
-402.622009 
-448.763791 
-190.825617 
-106.183878 
19.755095 
-210.771219 
73.676753 
278.804559 
-122.478986 
-3.873617 
-68.077940 
213.501050 
-191.018015 
76.249674 
-460.301267 
376.000419 
-97.454735 
-179.027943 
81.522285 
-107.482755 
167.986715 
87.374798 
-507.158911 
23.704570 
-201.863317 
-118.556537 
345.115121 
-153.698631 
204.640834 
0.999148 
50.998881 
254.709482 
-553.157052 
-124.418074 
-83.357495 
120.296798 
44.938301 
-68.416328 
-133.044090 
55.681379 
-43.713259 
-394.412358 
42.785159 
-107.761496 
-111.726791 
38.201128 
1.818994 
-42.973780 
-139.612768 
-36.501352 
192.952207 
338.498514 
-544.820939 
-65.917382 
-227.766063 
69.341585 
-137.146534 
113.498889 
83.676960 
-344.790513 
-289.426003 
-5.628458 
-164.232342 
-63.020581 
-290.088594 
-168.517524 
-361.431176 
-82.403239 
-158.768652 
163.499495 
48.663468 
-57.332755 
-181.871411 
143.815796 
-113.465444 
8.254468 
-238.206352 
81.641609 
-193.028572 
-103.134376 
-169.828767 
-84.589864 
10.545791 
-325.617675 
-54.341705 
-39.010716 
15.950400 
-72.591232 
-193.334431 
106.030953 
-201.402127 
-43.700843 
315.402495 
-73.091026 
29.408950 
-36.499122 
163.500911 
-120.691233 
-336.377015 
147.627043 
-28.107166 
-265.151014 
291.757036 
-409.545670 
238.700235 
-209.114476 
68.509306 
-84.047117 
401.038479 
-326.688592 
54.241169 
-217.430347 
-11.499327 
301.000354 
-36.499024 
151.000090 
478.843427 
-438.772977 
119.610463 
-104.953384 
223.369780 
-241.823858 
-108.853392 
-27.124054 
284.259379 
-410.794723 
2.130494 
96.276315 
-214.496000 
-228.902613 
-123.063826 
-13.988722 
100.965864 
-178.793812 
-3.509973 
151.000863 
-137.932850 
-111.032073 
99.690091 
13.500923 
43.751159 
-456.461104 
276.001053 
61.768126 
-172.418408 
213.501076 
427.666862 
-253.032650 
-55.871668 
-376.342467 
-291.520614 
-158.279459 
-119.487801 
-60.195667 
225.583418 
-315.695581 
-107.962393 
159.484725 
160.931875 
-87.272141 
-63.014645 
116.098168 
-81.344483 
32.127342 
253.022234 
106.010295 
39.979020 
-71.779292 
-325.027927 
-141.356631 
-16.081957 
24.501735 
-33.928286 
-16.909273 
-116.785755 
-413.509592 
30.129888 
88.675266 
-3.503689 
29.769289 
-153.054440 
-54.393061 
63.499927 
-95.082194 
250.186130 
-88.043910 
109.667591 
-284.478540 
257.963469 
-156.684008 
-184.780078 
-61.499782 
175.999607 
44.922583 
-333.430020 
67.812479 
-185.667225 
-111.500105 
-5.132691 
-34.133513 
-147.770573 
-360.184047 
46.148828 
150.999444 
104.060062 
-183.942818 
-92.712014 
22.024789 
-207.810781 
-39.948262 
-236.818509 
-67.476273 
-99.023421 
-161.853079 
151.000284 
-181.030916 
-32.593232 
-163.835280 
-126.951411 
-220.787206 
35.772440 
-269.733921 
81.241697 
201.001236 
155.345126 
-143.789881 
-52.948801 
-113.916247 
-142.540234 
-296.316520 
-258.231431 
-26.042934 
51.002148 
-17.971942 
-123.867350 
-86.499261 
63.503035 
-5.103459 
-154.408582 
-279.592014 
-36.497893 
38.501097 
112.056526 
-198.998159 
-65.738790 
14.263193 
-32.646746 
-15.619231 
-61.499047 
-52.905121 
101.003013 
20.817486 
20.714541 
92.502982 
132.868920 
-109.910198 
-66.355821 
-24.601304 
88.501030 
48.280755 
-46.797277 
-72.833327 
-102.876827 
46.705815 
-290.566276 
157.679246 
-105.777601 
280.443549 
-250.273795 
105.902768 
63.500304 
-224.541003 
479.456017 
15.761833 
43.355767 
-499.903125 
-155.922986 
-59.629243 
-169.896033 
-27.152297 
-203.715644 
-234.013852 
224.908732 
-86.500170 
-241.138904 
-148.680147 
-149.460460 
-175.415907 
-59.910960 
-145.216886 
199.945737 
22.511605 
111.459247 
-128.712325 
-49.000129 
-103.654217 
-173.625817 
-36.501146 
-330.021481 
-377.235850 
-24.000498 
-49.000896 
-256.936763 
-236.652165 
12.728668 
-196.119893 
-6.106265 
-295.836190 
-49.000828 
-156.936303 
-61.500499 
-35.108074 
-197.070475 
-63.416663 
-17.911232 
-660.143167 
28.672434 
-334.307240 
-103.303091 
-43.744318 
-258.157421 
-96.620320 
-13.245249 
-372.039090 
-154.782189 
-11.501228 
30.625464 
44.125872 
-516.526039 
-110.198145 
-71.851257 
161.779437 
-24.000696 
-11.500798 
-231.143227 
125.999131 
-296.845437 
-74.345095 
-271.500162 
-166.850975 
-84.199089 
42.523153 
-36.500647 
45.917972 
-154.927590 
-335.409960 
-294.435260 
-188.843756 
-95.157244 
89.256877 
-53.674619 
70.042955 
-263.568742 
-110.562766 
-255.596214 
-166.269105 
-68.969253 
-30.534556 
77.713479 
-36.499932 
-113.471358 
-85.825001 
-48.999808 
-42.550629 
-198.999476 
-373.757373 
-32.782687 
113.498990 
-67.766767 
-76.942308 
260.693957 
501.319083 
-539.369864 
-79.000572 
106.621933 
188.500086 
-359.810939 
239.221019 
-160.412215 
120.679940 
36.168848 
325.361865 
514.963114 
44.293475 
139.577730 
276.000253 
65.987443 
-109.246341 
676.000040 
203.159979 
232.271270 
-3.633342 
93.754679 
-454.826525 
-29.398854 
344.627065 
-56.197212 
199.079427 
-57.863233 
247.103538 
57.087774 
-15.020098 
365.470225 
431.645742 
157.997684 
276.002056 
329.344621 
-57.070347 
-319.325931 
134.677058 
66.023371 
695.894790 
196.561304 
-256.818968 
19.095982 
263.503910 
-61.723128 
608.066879 
163.804088 
401.898010 
95.534298 
153.393683 
61.022036 
1176.003448 
-16.382573 
103.109810 
149.495165 
-95.639804 
69.434234 
-100.131281 
132.366936 
303.655320 
-298.245115 
348.162270 
62.020481 
337.422734 
164.477275 
333.458882 
-28.089254 
-125.739486 
-70.225509 
219.471298 
138.927190 
692.928124 
-131.742471 
243.686750 
98.828432 
222.254459 
560.248448 
219.671144 
59.125359 
137.159391 
359.671824 
-129.426029 
575.999546 
-61.752991 
273.993013 
216.831385 
387.667764 
253.407681 
-55.567241 
93.739744 
451.001255 
-166.414753 
240.173913 
134.422893 
206.679191 
-177.256992 
-72.448199 
241.352327 
-275.431502 
213.499697 
77.062301 
-575.388284 
416.012391 
-45.752816 
283.068978 
275.998717 
323.481287 
-185.223064 
-79.931115 
-412.017196 
188.039128 
213.501033 
227.291768 
-367.846704 
-403.712377 
142.079488 
7.918671 
101.001360 
-556.226716 
288.502459 
-172.332773 
28.271886 
139.477498 
275.896363 
-259.082409 
284.592773 
-417.006329 
-358.227861 
84.008782 
-31.261003 
-5.187802 
-283.434486 
-286.188872 
-201.301911 
-348.627792 
-50.920457 
-24.780503 
-130.212844 
-610.080464 
-95.452501 
-658.597077 
-756.810286 
-277.241255 
0.060613 
-299.737241 
-253.091374 
11.561472 
305.653448 
-84.928014 
95.251012 
-257.204830 
188.499647 
-178.306088 
52.369648 
-335.854212 
450.998933 
-188.702831 
-229.376705 
184.712784 
57.533451 
124.061280 
138.479721 
-389.641704 
126.529698 
-137.731449 
-357.781972 
312.403829 
-45.735528 
-271.965833 
13.498810 
82.252562 
153.710707 
-387.630335 
-25.035639 
-397.573048 
-23.178623 
575.445526 
-225.144226 
11.780196 
-21.047024 
-60.665760 
-379.413213 
306.833423 
56.875991 
-75.901499 
325.432567 
155.529434 
13.573405 
58.132888 
401.000747 
140.337637 
351.001211 
-645.214312 
-60.637360 
44.348551 
-36.573087 
69.308069 
350.999870 
-74.451151 
-392.226696 
136.107394 
-598.516821 
130.307339 
286.989846 
-205.322827 
-287.710040 
-349.344371 
-259.071235 
-57.478022 
500.999635 
-51.286532 
-151.499720 
-111.802968 
162.518156 
91.855510 
237.939685 
-179.325428 
203.907892 
-121.654933 
-100.246233 
-85.983789 
-81.709045 
-117.026805 
-393.024185 
114.395761 
196.732961 
-63.718248 
-136.200533 
90.603355 
-2.083291 
-86.300213 
-214.557362 
101.821188 
-172.703939 
-26.989370 
113.498816 
750.999024 
-459.850442 
-174.616625 
-279.578165 
-209.993633 
-262.981313 
-79.236900 
-750.071026 
24.288135 
-117.429081 
-74.626375 
-221.207901 
376.540754 
-346.793453 
-140.853799 
-152.941142 
225.999571 
-74.000089 
275.999141 
63.499797 
350.144349 
-287.754780 
314.745325 
-60.771567 
313.303734 
-400.241818 
-149.323844 
-135.084295 
448.556267 
-364.390505 
-75.141414 
179.131939 
-93.155608 
-628.577138 
-170.731414 
-188.199229 
119.552782 
-252.340578 
112.886911 
176.000803 
31.643805 
-201.164370 
-288.378767 
351.002034 
-165.227216 
-568.032984 
-86.497384 
154.266891 
-184.646749 
451.001532 
-25.666159 
-170.029026 
-207.601642 
-398.216768 
-162.225604 
115.168780 
-38.038834 
-268.135578 
424.858111 
-50.957226 
-81.623088 
246.540641 
307.506163 
-196.866535 
224.175309 
108.291586 
-88.020700 
132.141144 
111.175114 
-19.153743 
197.997389 
-49.339250 
-240.976458 
-253.868767 
12.224875 
88.181971 
-278.352658 
-253.745597 
-139.758574 
-469.744517 
263.811678 
-247.642986 
-7.920590 
3.751900 
-258.184404 
301.946014 
676.000854 
-870.447463 
221.932837 
-63.523620 
-132.365248 
-376.322880 
298.399544 
-364.642545 
-169.860747 
301.000831 
163.500935 
263.083029 
-52.616847 
194.885340 
-212.331788 
213.500483 
-264.503451 
-20.367152 
92.002229 
-350.460270 
-191.236064 
226.000767 
120.475981 
103.086591 
-79.366177 
-231.283298 
41.038161 
214.036749 
-76.665437 
-15.389278 
-50.324075 
-167.166169 
-36.499099 
-319.313032 
-381.810865 
-196.776200 
-395.340148 
-246.452252 
275.204390 
-321.823683 
191.041436 
13.499624 
-154.173053 
-415.732251 
-61.242615 
24.050776 
-24.124964 
-357.256259 
-87.917837 
286.312596 
-99.000279 
-16.301959 
-1.485292 
38.502481 
125.999509 
-116.110536 
-35.594506 
-188.963671 
126.000542 
50.999599 
131.306426 
-212.330444 
-237.146945 
186.364315 
207.495336 
3.391026 
-48.999264 
-431.814241 
-86.501432 
-144.663542 
45.976694 
108.575076 
191.097084 
-205.617033 
-42.104047 
48.271322 
13.499122 
333.456577 
-237.037375 
-59.080840 
-414.028293 
-98.895102 
-239.344891 
-36.658118 
-176.706949 
212.666748 
-73.510069 
209.007013 
51.000279 
-152.395171 
334.754749 
-94.240274 
235.416143 
-328.408058 
-204.449045 
32.001826 
-56.149940 
93.337677 
-49.213219 
-46.115220 
-71.732588 
-48.999793 
-360.009365 
87.661078 
-175.883007 
-260.179727 
223.573229 
-183.503873 
2.069033 
100.411030 
98.961344 
-154.053868 
-36.500730 
-301.525212 
-425.167895 
-23.998782 
-286.418135 
-423.763940 
-36.499452 
-23.999831 
-277.390644 
-117.281921 
-306.370911 
-107.826799 
-43.783564 
-440.117134 
-161.499364 
-271.671193 
-48.999789 
-335.565137 
-206.136200 
-118.718821 
-88.020504 
-584.487362 
76.868365 
-496.197358 
-239.691322 
-86.147354 
-129.534995 
-348.696666 
-137.638070 
-372.678854 
-5.170671 
-36.499184 
-45.236158 
207.571381 
-308.463603 
-230.635115 
54.503461 
213.065738 
-11.498221 
126.001024 
-99.526118 
-61.498713 
157.648516 
-69.662927 
-294.610542 
-187.677154 
-72.519095 
43.577903 
-11.497675 
21.973969 
-199.434096 
-106.054165 
-326.653163 
-212.279285 
-161.249252 
23.272237 
-192.328239 
-215.227639 
-275.238197 
47.390028 
-179.675003 
-225.015072 
-9.467689 
80.728977 
-54.251178 
26.001971 
60.923044 
68.848670 
-198.997759 
-0.246157 
-198.996602 
-221.570795 
-64.178849 
376.000054 
123.807747 
-245.887648 
227.798168 
-209.752527 
-441.799456 
307.666358 
-158.198915 
388.502274 
-318.572315 
271.828105 
-63.719523 
297.942080 
38.748617 
430.361543 
210.399159 
-88.307860 
-43.512997 
201.003276 
178.018040 
211.895062 
188.503206 
228.457562 
329.504835 
-456.252428 
-89.954285 
-113.808728 
358.232126 
203.044986 
187.711084 
251.444566 
20.864446 
203.154128 
75.840524 
171.452309 
41.811768 
26.578554 
-310.522816 
88.504158 
199.363208 
106.756868 
173.057685 
146.678566 
78.711636 
692.942714 
335.257787 
102.543656 
-328.557277 
401.003061 
-21.592735 
494.867057 
-289.039165 
224.701413 
-250.558814 
273.081581 
-76.548408 
263.504039 
-5.249293 
-247.759373 
66.379522 
315.791328 
125.026878 
-22.496500 
-171.218436 
353.254604 
-224.754004 
242.396402 
-91.682906 
-355.244607 
355.066547 
-118.949985 
90.898059 
250.500711 
-125.071997 
-59.677565 
355.162116 
985.166661 
66.166884 
-5.122345 
-116.408415 
208.359025 
281.524570 
-145.952548 
-90.825910 
-272.657791 
-55.745946 
-68.073222 
175.997007 
90.308436 
383.882092 
233.468848 
214.330523 
217.110687 
-38.298156 
-292.717396 
400.995825 
-207.271863 
57.240883 
26.768647 
-135.411650 
156.558377 
-143.989912 
149.088434 
-269.217168 
363.498719 
324.427713 
-369.789821 
-195.341144 
200.532275 
-225.193797 
88.499179 
397.418351 
-35.305757 
154.542135 
-283.024436 
-150.310899 
376.000688 
107.640503 
-305.810071 
-46.467815 
451.911113 
102.401805 
-111.501298 
3.836718 
501.000965 
34.598771 
-8.279877 
-74.751061 
202.622731 
-356.670124 
66.511390 
-18.191455 
116.178730 
0.298696 
-234.231288 
-142.784467 
82.677319 
-601.133553 
-76.821894 
12.246883 
1.854952 
-49.784090 
-196.399424 
-291.716880 
240.895670 
-281.998710 
-209.597547 
-208.986353 
-175.933203 
243.167520 
160.974063 
263.487933 
38.340071 
-177.451928 
83.606601 
61.481214 
400.996264 
81.466354 
-195.217415 
-303.566355 
388.497301 
-10.816626 
-123.538000 
135.631936 
38.375676 
-11.946730 
-3.107565 
-319.587929 
63.759573 
-139.939461 
-306.658468 
176.476648 
-184.837662 
-493.012216 
-36.501089 
207.247536 
134.705349 
350.303605 
-108.810847 
-85.717608 
262.784813 
24.111334 
-497.319551 
137.177855 
-279.412734 
-184.241836 
-210.405218 
-42.708052 
-86.504760 
69.146775 
468.889801 
-34.388274 
-120.712124 
-191.572951 
601.000457 
9.953970 
301.001867 
-508.388504 
-81.569495 
-284.660842 
-122.415472 
2.973740 
276.000377 
3.876434 
-995.081218 
-511.094996 
546.056300 
25.553460 
285.317464 
-259.068616 
133.385699 
117.851836 
-90.066481 
-228.580604 
351.001013 
-143.331694 
-513.998847 
-291.486583 
173.809560 
-321.710695 
-157.710986 
-49.421068 
187.011344 
-167.836407 
-327.054531 
5.184211 
-25.399432 
-51.371325 
-281.823744 
67.372320 
48.304293 
199.044074 
-114.880653 
-43.772684 
-181.656551 
215.630601 
-332.467662 
38.449898 
-219.040589 
-169.451468 
188.499177 
575.999618 
-471.741975 
-171.116656 
-94.995079 
74.381052 
-18.763304 
338.872574 
-668.442664 
102.209170 
-274.386429 
67.463455 
-152.795884 
228.494777 
-89.706987 
-3.211408 
-84.602600 
150.999416 
-136.499720 
150.998968 
38.499566 
-202.580926 
-177.576159 
352.533163 
-100.887924 
160.659244 
-224.721182 
-322.197734 
111.110714 
498.774815 
-79.918200 
-135.337640 
-161.214646 
77.177074 
-310.188702 
197.122059 
-255.076995 
-11.222854 
-217.652305 
-143.369057 
51.000792 
-213.424311 
-271.934937 
-63.435297 
201.000300 
39.524955 
-70.772532 
-11.499661 
-12.804726 
-50.932498 
476.001989 
14.334947 
-114.869216 
-203.247538 
-363.843485 
35.468140 
-115.397955 
24.152084 
-41.061851 
64.430464 
-326.333640 
23.524866 
-133.627820 
-92.197336 
-336.342750 
-72.164936 
139.006577 
-257.194986 
-252.986411 
-420.638932 
-41.798375 
-190.212596 
0.689912 
-139.185665 
-134.919725 
-36.541098 
-135.566210 
35.529969 
-84.051294 
-405.937109 
-506.064226 
8.867459 
-195.192201 
-176.871338 
9.169025 
-84.040813 
-2.980675 
551.001753 
96.018654 
-32.633430 
50.262195 
79.288599 
-8.142554 
48.339121 
-176.866571 
-203.982386 
251.000965 
176.000128 
22.532835 
-187.940942 
-368.579479 
-319.001037 
200.999733 
-263.115200 
-174.292405 
-186.942347 
-22.690242 
-199.706035 
175.998648 
-30.222235 
57.469942 
-55.317525 
-254.241386 
129.754722 
-80.229401 
-126.607423 
-32.651549 
262.693296 
0.644335 
-61.501829 
-106.034686 
-93.533369 
158.721221 
-121.096094 
-242.568252 
225.873525 
-157.293880 
150.746663 
-11.500759 
-20.620889 
-456.819483 
7.878522 
-131.454599 
-164.933287 
-343.741178 
-73.184462 
133.127139 
-74.000449 
-23.001738 
-115.499918 
13.500930 
75.999888 
-67.450382 
-82.080239 
-268.419074 
126.000702 
25.995907 
178.907453 
-185.668118 
-290.328921 
-62.658859 
103.312923 
-74.764772 
50.999320 
-124.002415 
-11.499811 
-47.535584 
25.391417 
148.372053 
167.415367 
-174.498261 
-407.241503 
114.115464 
63.499816 
-197.835114 
73.810197 
-52.803233 
-356.992191 
-216.272799 
90.627981 
-195.456267 
-184.830106 
23.605833 
-56.529345 
224.582753 
125.998506 
-309.176823 
188.523239 
-206.807999 
36.159268 
-270.857512 
15.414115 
-415.094273 
-583.775383 
-101.217217 
47.401508 
103.983983 
-76.636289 
-36.502222 
-294.861119 
103.780466 
-48.632700 
-671.660511 
19.833843 
-346.102902 
-205.220804 
-110.821848 
-29.641938 
-331.787342 
-36.501666 
-310.175959 
-159.537355 
-24.001977 
-539.758117 
-482.196253 
-36.501388 
-24.000327 
-271.001458 
-349.910395 
-215.829264 
85.811756 
-159.857354 
-384.823893 
-99.000051 
-164.782159 
-86.500351 
-90.673517 
4.733258 
-129.901127 
-212.307511 
-249.140435 
-139.106666 
-209.228643 
-171.111397 
13.523717 
-117.431572 
-57.365373 
-222.405484 
-116.739163 
1.440570 
-86.498730 
-254.236683 
22.989875 
-348.805915 
-228.561853 
153.600117 
56.962646 
-36.498412 
-48.997622 
-176.560759 
-61.498579 
-22.597496 
-285.227424 
-154.376164 
-137.837601 
-238.960159 
-55.902093 
-23.998658 
-38.741683 
54.345496 
-122.902514 
-378.516606 
-200.561095 
-197.088959 
-36.701115 
-345.549164 
-72.480495 
-106.753485 
3.914524 
-86.339608 
-244.722277 
56.877012 
-125.624341 
-69.194331 
-73.999827 
-44.157464 
-278.508093 
-199.000259 
-6.919431 
-199.000236 
-341.690692 
-470.190269 
276.000562 
-39.323174 
-204.103555 
257.996154 
-95.600396 
-431.482411 
-265.667348 
196.407400 
476.001469 
-213.819765 
76.273072 
-168.782154 
63.455567 
63.099207 
270.704563 
84.471017 
-356.289291 
139.797899 
151.000723 
32.670863 
308.998625 
313.500144 
218.060907 
204.930761 
-358.334754 
-122.861648 
408.234090 
350.888634 
174.762681 
-273.505841 
13.812022 
59.027496 
144.286827 
278.292051 
-421.066897 
164.959857 
-64.322578 
-184.338357 
825.999450 
536.173703 
-94.943866 
-234.316215 
70.639017 
246.688995 
746.984255 
161.188568 
-325.724327 
-25.459739 
113.500332 
206.864317 
-25.477545 
-155.039711 
-9.192052 
-156.810520 
-183.614461 
309.375056 
288.503321 
231.550234 
-138.983411 
203.985209 
-337.746279 
29.211528 
-337.554039 
135.636083 
290.150963 
158.193963 
7.063535 
-95.886152 
241.055745 
439.547167 
-11.182870 
237.108322 
96.805176 
-132.941245 
-135.945454 
441.002478 
375.640621 
-25.800418 
-153.398813 
173.153135 
231.333176 
74.406489 
-65.951344 
-11.568810 
-69.311404 
380.230791 
-57.296573 
188.502709 
373.653762 
-3.247837 
-256.675891 
494.335184 
-6.199623 
12.057057 
-11.803289 
213.499990 
-91.622962 
109.826220 
73.322183 
82.782143 
-410.133891 
-118.680641 
-49.402115 
34.285197 
800.998924 
195.788172 
-584.730325 
62.049171 
-35.315981 
-256.890150 
138.497865 
-100.244627 
-238.022917 
-45.017716 
-190.780787 
57.818775 
426.000035 
36.650212 
-574.125734 
-280.960771 
-50.975683 
-67.397630 
263.501248 
246.028450 
-36.501969 
-69.570240 
-20.353268 
-194.694824 
305.742227 
-405.136952 
-154.674547 
-98.772732 
-219.390649 
168.406088 
-100.279204 
-198.055664 
-261.404527 
-232.557778 
-82.269077 
-150.393641 
-53.896817 
-469.313838 
-21.590679 
-174.073227 
280.279962 
-390.582158 
-557.853735 
-184.478463 
-355.342282 
345.240861 
135.653538 
-252.097554 
-3.113357 
-228.689606 
40.411839 
64.803982 
-61.498324 
-23.997793 
-225.780341 
-97.131857 
501.001453 
-274.687135 
-487.044220 
-30.014324 
197.568614 
142.777984 
442.292616 
-465.580875 
-117.185282 
83.645988 
-145.848746 
128.408675 
-93.217019 
-535.197627 
88.500945 
294.752819 
358.921805 
-350.908124 
-75.029233 
-270.811147 
-52.036846 
41.507312 
50.431637 
-99.105685 
87.920091 
113.952339 
19.835087 
368.584691 
-25.903724 
-116.872059 
-150.626254 
-32.215993 
271.185655 
-25.921960 
576.001860 
213.608675 
251.000101 
-344.219941 
-249.664398 
-172.004120 
-125.062848 
-76.485584 
213.500122 
43.315054 
-255.363207 
-193.266968 
-8.268799 
-79.043213 
169.916386 
-205.989078 
168.617808 
147.728872 
-599.844919 
183.489366 
301.000475 
183.251872 
356.834681 
-473.012514 
-219.861305 
49.751673 
-27.346948 
171.284969 
-8.590605 
21.703556 
-167.778650 
-34.360083 
51.400330 
9.086407 
-39.859941 
-121.260875 
148.831457 
-43.710274 
-82.550463 
-241.672938 
-97.791627 
-182.905218 
6.869910 
87.424526 
-248.624632 
-185.460912 
501.000261 
238.499472 
-304.043445 
-264.240580 
-114.500973 
10.339593 
298.047109 
-23.343685 
-493.369948 
-164.296010 
89.229994 
-95.211188 
-99.746221 
209.281838 
-46.409515 
-105.275877 
-206.737349 
26.000001 
13.499706 
113.500134 
350.999465 
-73.575522 
-236.469100 
210.907493 
-274.599378 
50.811693 
1.953628 
-344.921954 
48.407241 
229.397186 
-336.126943 
-51.332293 
156.847169 
-56.309784 
-219.787000 
-148.082081 
-197.257544 
-102.102634 
-113.409393 
37.251773 
-61.499506 
-237.655836 
-178.805912 
-160.825366 
-61.500605 
-25.259923 
-1132.277880 
63.500559 
475.176984 
104.752687 
188.500356 
107.665641 
-367.246939 
-86.933224 
-423.997629 
-19.618903 
-57.066649 
186.144435 
16.711804 
-73.826937 
-213.093237 
313.931996 
-214.224410 
45.052577 
-24.268201 
-194.583711 
78.560849 
10.491669 
-159.386745 
183.415096 
220.028604 
-89.226686 
-219.938961 
-86.504567 
-101.446859 
89.067826 
348.213513 
-135.767172 
-95.032968 
-72.631891 
-326.327987 
178.846221 
-58.236065 
-64.990984 
38.292637 
41.074725 
263.753449 
226.001740 
-206.277172 
-122.403924 
97.506771 
14.199198 
20.915001 
333.781546 
-131.493636 
-97.348332 
126.000019 
25.999767 
25.081175 
-23.371633 
-89.193248 
54.331104 
100.999750 
204.974418 
-230.317977 
-2.119428 
-85.858147 
-141.622729 
-86.499556 
-3.988886 
-371.230124 
-45.831769 
226.828259 
-4.800503 
19.958225 
-137.224319 
-337.710042 
202.464013 
-122.050061 
301.000053 
359.594473 
-622.436101 
126.011405 
5.688284 
-85.673786 
121.610118 
-365.437209 
16.249188 
151.001099 
-189.682065 
-122.389236 
-215.373185 
-56.600382 
-41.453604 
-407.792210 
-258.434177 
-69.411981 
13.501188 
-67.176368 
151.085659 
176.000188 
-24.001199 
-166.605707 
37.530572 
-87.085045 
0.999120 
-111.501653 
21.008278 
-399.000368 
-20.405330 
89.065216 
-135.881768 
64.407481 
-61.496176 
-214.622890 
76.003044 
211.765748 
-168.000595 
9.014911 
-11.719240 
-74.172662 
-398.624259 
184.987438 
-248.998260 
87.901105 
-166.039664 
4.687372 
-90.108296 
32.740970 
4.596798 
-111.379725 
-41.871075 
791.920503 
-181.329337 
350.286501 
-36.498819 
-124.655884 
-199.078734 
61.661835 
47.040347 
-105.510269 
-148.882662 
-163.011592 
-145.677603 
17.424779 
-263.335357 
0.268924 
6.992893 
-23.999594 
-314.014343 
-139.443452 
-27.212207 
37.279795 
45.860836 
-159.465667 
-412.487161 
-257.617308 
21.215158 
-106.658156 
-36.499469 
-75.336955 
-349.127683 
-24.000088 
-211.977280 
164.502344 
-48.999864 
-73.998924 
-0.743781 
-479.947945 
-192.858847 
34.026946 
-178.933686 
-271.678822 
-136.500816 
-189.706557 
-86.499516 
-214.397516 
67.169399 
46.263639 
-109.977009 
-446.306625 
-242.249299 
-249.650187 
104.253323 
-32.423539 
-202.334302 
53.444599 
-231.787655 
-100.976535 
-139.954479 
-11.499879 
-157.575581 
-30.380532 
-226.401118 
-120.787926 
-114.520595 
-29.459178 
126.000249 
26.000451 
-623.007557 
-23.999683 
-381.219357 
-120.539960 
-309.424910 
-128.676857 
-143.033729 
-114.935741 
-74.000274 
-7.558516 
-229.627339 
-230.875327 
-217.983995 
-141.188471 
-123.109360 
-145.091110 
-185.813695 
-75.372889 
-85.342838 
-306.622917 
-178.519600 
-280.431083 
232.067991 
-313.105275 
167.076352 
-199.000760 
-308.961884 
-158.554633 
-198.999606 
0.582310 
-199.000909 
-369.502625 
-155.381074 
450.997890 
-137.406865 
-140.743626 
343.547420 
-243.242321 
-233.081182 
-145.668340 
-171.514394 
575.994849 
-617.104299 
108.449042 
-108.551782 
-53.338321 
-96.884000 
638.807115 
302.338284 
-388.577470 
153.382249 
113.496247 
-108.321695 
265.573122 
188.497569 
200.980696 
230.498130 
-272.832598 
-243.833920 
387.125577 
447.159687 
158.659724 
-185.124181 
-119.873746 
-58.957266 
112.028521 
94.240626 
-490.469596 
0.764034 
-192.131544 
-236.449064 
800.998541 
518.251872 
0.279946 
-12.867527 
159.918154 
436.748936 
741.657859 
184.651122 
-283.923586 
-141.793877 
38.506206 
-205.922646 
56.603554 
-61.130869 
-30.222169 
-170.872158 
-175.935745 
176.141146 
338.498711 
93.484194 
-330.273681 
84.180121 
-372.032299 
-10.345107 
-167.173669 
41.302190 
149.338326 
-171.637978 
-25.210934 
-334.510058 
275.443383 
204.909015 
40.982907 
-90.193039 
-298.659980 
-144.037560 
73.235099 
366.776746 
-135.501310 
-19.570598 
-92.789664 
-98.589605 
146.915794 
46.595340 
-79.986434 
-493.353132 
-226.875899 
-123.934041 
12.654433 
338.501639 
-147.549839 
-0.899084 
-92.004432 
307.666886 
321.346728 
-100.305639 
53.504305 
163.500527 
-79.361791 
-165.427701 
-9.301185 
-224.139410 
-77.660364 
-2.356760 
90.684323 
59.688400 
551.003628 
175.745587 
-279.443820 
160.794835 
87.518628 
-116.489777 
576.004553 
14.484362 
88.203286 
90.283038 
-196.984290 
-11.921168 
88.500130 
260.610675 
-282.786328 
-16.659304 
-18.770055 
104.569333 
700.998668 
-298.897716 
63.504850 
-87.241302 
274.000329 
112.727975 
291.095872 
48.493661 
-19.093822 
115.950639 
160.944682 
252.002774 
-17.978466 
-263.456432 
109.424634 
-213.491678 
-18.517167 
69.634949 
70.702096 
-613.053526 
103.711224 
-185.594386 
12.144891 
-196.433600 
-281.958197 
130.668901 
-134.261206 
581.736401 
-84.441942 
95.970864 
-21.510687 
-121.504750 
280.456917 
-20.334598 
463.507568 
245.589447 
-67.099006 
-152.247343 
263.503510 
-53.166573 
-330.218241 
126.243754 
92.365173 
36.160808 
238.976086 
161.355559 
-430.405491 
-134.075903 
-13.253343 
-187.080569 
202.963169 
-512.676166 
401.002057 
344.757687 
-34.963659 
-319.733570 
-60.243684 
-156.358649 
-155.815036 
40.710961 
-293.098862 
-118.534651 
-97.757327 
52.145688 
11.254101 
-172.385480 
-26.215045 
127.328740 
-75.086277 
192.763016 
384.532417 
-58.125561 
113.497937 
377.345322 
175.999282 
-572.370080 
-413.184545 
-370.081153 
-56.231838 
31.075978 
400.999064 
189.969211 
-661.251993 
-369.766788 
-104.148453 
-12.300369 
-168.015843 
-280.686876 
-360.490998 
175.610850 
-203.442245 
-197.895886 
63.498530 
351.900523 
71.002510 
-395.800457 
-202.971238 
115.461952 
157.015490 
67.336536 
-135.174601 
-253.245975 
-498.261840 
45.262022 
75.866879 
-79.966135 
56.290070 
-17.978534 
11.338526 
-148.217073 
51.941489 
-186.927480 
-62.906828 
-318.974236 
-155.898679 
38.517469 
-199.170303 
-88.051256 
301.001464 
263.499161 
-129.090034 
-318.306067 
130.165780 
-397.965022 
-126.148901 
-203.818789 
-408.345932 
135.519782 
56.215321 
124.908225 
-191.387899 
242.408183 
475.197696 
200.569349 
-204.598798 
-11.498551 
325.999632 
275.999108 
138.499839 
27.816238 
-62.159595 
293.792828 
57.135973 
-28.400228 
-136.419522 
-74.691379 
43.183841 
183.033049 
-154.492366 
-242.223069 
74.737254 
-266.400667 
-448.237130 
-168.505677 
-100.933830 
125.992880 
-176.382787 
-457.001484 
113.501597 
101.204516 
-82.434463 
-185.375507 
88.499587 
69.557600 
-367.008063 
451.000438 
175.420473 
90.157881 
326.000372 
-52.331527 
-246.789010 
-231.282594 
-2.127996 
-326.140082 
-137.238448 
-27.196631 
-185.994057 
-160.634593 
-392.436666 
-333.060999 
-194.828307 
-241.830061 
-185.148907 
-84.109028 
33.939712 
286.193383 
292.695818 
-99.149000 
-188.794524 
35.966021 
3.942628 
-54.290417 
-289.363470 
91.638885 
139.511990 
37.828871 
11.973803 
-265.163952 
-212.206958 
114.657331 
-100.052062 
-91.993244 
120.907263 
175.099800 
206.610144 
75.999173 
-85.335840 
-150.175211 
88.516852 
189.013830 
-49.142331 
57.154989 
-225.461808 
-245.180047 
50.998955 
-36.500218 
-205.745744 
90.914133 
-61.107805 
-145.656637 
13.501750 
172.270195 
-89.518729 
178.916900 
-30.866663 
-34.311524 
226.003122 
-171.082526 
-158.597153 
-128.322977 
251.161342 
42.601584 
25.775416 
-26.577705 
-109.595458 
210.666694 
97.218435 
-61.498971 
-588.058432 
-649.001542 
113.825865 
-46.544917 
-286.741671 
7.939111 
-345.614787 
-94.185734 
-61.494530 
-337.006800 
-68.383269 
74.236972 
-152.110484 
-103.577512 
-659.790043 
-158.501629 
14.355829 
38.505384 
-4.770520 
-142.113247 
-61.501191 
-11.494759 
2.210094 
-122.096545 
-43.341262 
-86.496984 
-61.495799 
-193.082518 
-65.664424 
-109.909589 
-66.000216 
-63.723046 
-203.739282 
51.000088 
-141.965566 
25.999313 
147.848379 
-209.061938 
-11.151016 
-163.031904 
-201.128573 
-220.807203 
91.166391 
63.491727 
-15.692716 
16.641715 
-165.810438 
-115.549109 
-100.233671 
-41.185698 
-305.816499 
-12.640478 
1089.177394 
-229.120370 
264.464366 
-48.998349 
-273.047035 
141.485243 
-292.858316 
43.708936 
-362.869814 
-39.227422 
-304.556760 
-305.267068 
-15.358175 
-228.704493 
-60.503942 
-30.891463 
-11.498025 
-92.024346 
-44.725534 
45.008580 
216.474760 
0.928058 
-227.311674 
-99.068705 
-173.144183 
188.337096 
-90.412588 
26.001658 
-105.682431 
-284.486098 
1.001078 
-148.577666 
-191.946376 
-24.000116 
-99.001578 
-332.216484 
-313.972264 
-28.776042 
39.242008 
-140.107860 
-323.943385 
-111.501241 
-2.331366 
-86.501008 
-258.663736 
-29.261462 
-82.583349 
-224.596784 
-81.635949 
38.170343 
-173.977724 
28.904645 
-92.396229 
-242.007092 
-222.371261 
-166.356872 
-261.368457 
-142.617049 
125.998079 
-138.071828 
-266.277326 
-150.693782 
-198.494204 
-54.777658 
-102.659803 
-24.001936 
-86.503271 
-403.547336 
-74.002576 
129.028773 
-246.110359 
-304.298493 
-277.144458 
-182.131988 
51.704147 
-199.000364 
70.192521 
-52.466618 
-258.308093 
-236.101890 
-98.998744 
-130.149668 
153.051008 
-166.337227 
-328.621733 
-218.466464 
160.419888 
76.896489 
-155.354384 
-120.778389 
-237.921245 
46.005851 
-198.998296 
-136.409814 
143.449096 
-198.998471 
-177.299502 
-198.996825 
-354.913821 
-116.514917 
338.499891 
-457.393873 
-336.892865 
291.181521 
-85.866322 
-195.536250 
41.001440 
-27.242240 
126.001745 
-213.977541 
31.134705 
221.249364 
-20.810402 
110.564868 
467.733689 
355.153276 
-97.963574 
221.958080 
251.001989 
205.166920 
258.071901 
501.002738 
376.429924 
117.429227 
-564.959077 
-155.389921 
603.519677 
348.466787 
21.699949 
-5.639991 
158.303664 
117.617702 
259.156712 
75.068728 
-254.711739 
132.318473 
97.818828 
234.493064 
363.505723 
253.014516 
235.234333 
215.468831 
55.699134 
353.238607 
676.134424 
242.554263 
127.243547 
-122.032889 
476.000884 
61.424784 
493.868842 
-109.374747 
163.922653 
97.098450 
445.538525 
-82.167748 
526.000454 
117.166738 
-178.120205 
90.914914 
-165.000572 
59.864465 
101.797629 
23.667591 
143.495145 
-65.869456 
-232.028690 
-74.853747 
301.480043 
194.800037 
116.247056 
17.087813 
-113.207784 
-75.717453 
135.958706 
548.346558 
609.642485 
-123.229052 
-95.826742 
155.295208 
115.858124 
235.388450 
-62.196071 
-281.452151 
-187.536985 
-86.432802 
-56.954502 
313.499713 
-37.823831 
-61.454747 
0.375015 
254.330634 
272.583431 
-59.294580 
-243.421865 
288.499753 
-281.147315 
-159.895996 
308.737024 
-121.849347 
-130.686967 
169.779253 
56.595319 
-13.039620 
476.001131 
17.386174 
-251.137343 
183.354922 
111.234558 
-235.603945 
501.001678 
-6.531352 
-152.443742 
22.048154 
-131.854152 
144.465425 
188.499041 
202.762481 
-256.816038 
-287.078425 
22.284128 
8.709254 
626.000531 
-227.503187 
63.496025 
135.250420 
273.417306 
27.466631 
229.767212 
-11.679254 
53.185384 
-30.731526 
-1.735168 
-40.309374 
-156.460208 
-279.132729 
-180.066395 
-94.226877 
-289.327074 
193.499200 
196.157890 
-216.188729 
0.360226 
-236.217070 
110.139496 
-47.592597 
-351.944369 
-52.864278 
145.835964 
173.554897 
-224.063146 
219.954242 
4.172741 
122.093239 
86.976754 
271.571720 
113.495364 
-99.643878 
111.206771 
-82.035755 
113.495526 
-374.905779 
-213.898643 
368.843750 
-283.550186 
160.317149 
181.897798 
112.758539 
-248.335806 
-158.289497 
-117.857940 
-127.498227 
319.136177 
-442.473870 
188.496582 
300.997529 
90.772888 
251.245138 
-8.293649 
185.001417 
-213.167315 
304.543580 
-274.639535 
5.324433 
-185.349823 
-128.121613 
-1.465978 
-21.165878 
-1.461725 
111.280621 
93.778864 
348.284453 
52.785803 
396.747953 
301.000013 
160.177399 
151.001473 
-527.578938 
-415.251879 
-43.845386 
-231.877808 
218.732950 
126.000854 
66.380667 
-606.716611 
92.979587 
-224.699433 
-46.166696 
138.970614 
-358.212895 
-284.901475 
128.999501 
-365.860231 
-148.949470 
113.501684 
198.655739 
-317.331269 
-66.530159 
53.198899 
-339.998958 
142.393313 
-142.510202 
-220.592378 
-488.195264 
-269.572842 
-85.227510 
-68.577599 
-49.473516 
-180.349605 
-33.971462 
-335.292680 
-47.726095 
46.450280 
-189.399637 
-10.668854 
-430.876660 
-423.772600 
5.454321 
114.437043 
-236.181644 
213.498947 
600.999598 
-372.149885 
-324.203128 
-88.203268 
-265.155897 
1.750406 
68.848874 
-682.817322 
-33.294429 
96.446892 
-0.172510 
-127.458659 
97.128420 
304.010215 
269.677584 
-210.450952 
126.000646 
38.500605 
126.000719 
63.500213 
-99.863935 
-140.662096 
290.641307 
258.749151 
33.686556 
-414.504490 
-191.592080 
66.810458 
302.934373 
-197.893785 
-154.087392 
-127.859500 
-138.344033 
-132.313726 
-4.419301 
-186.499687 
27.643471 
-204.313738 
-569.673202 
275.998575 
44.483547 
165.435763 
-353.445722 
376.000380 
-289.765078 
-130.605997 
163.499589 
-14.561878 
-231.407466 
38.500569 
67.665182 
-322.681889 
-263.207678 
18.185226 
-474.076329 
-127.250076 
-115.625478 
-333.039138 
-87.571506 
-295.444637 
-55.505890 
-131.269463 
-338.023882 
-443.242560 
-103.319662 
275.794927 
-27.038577 
-17.679521 
-154.441565 
-130.946567 
69.648718 
24.892347 
-277.396228 
-281.085079 
-36.563377 
-75.277870 
105.668622 
-206.845063 
-180.688850 
-212.235229 
32.038890 
-317.543325 
-335.001265 
261.730494 
-32.361573 
3.580967 
63.501535 
-324.610570 
-50.032082 
24.036411 
229.499295 
70.561169 
-59.771738 
-36.862024 
-33.640176 
-48.999741 
-61.499174 
144.852140 
73.365306 
7.524777 
-372.334706 
275.999706 
-107.459956 
109.660665 
-26.123977 
-356.934838 
-342.572592 
38.501060 
164.431053 
-129.096799 
-264.823977 
200.896431 
-118.011423 
164.715867 
-9.450711 
-6.096117 
193.040358 
141.834798 
0.999276 
-380.253628 
248.655747 
29.442658 
-82.586260 
-244.829636 
88.455304 
-343.920796 
78.731908 
-61.500108 
-205.219611 
-425.142961 
-47.163376 
-368.701759 
-212.891526 
-657.297171 
-45.249989 
-189.207196 
125.997393 
-137.611648 
-178.925827 
-36.504858 
163.498146 
76.845371 
-25.926221 
-227.937611 
-24.001932 
-36.499127 
135.652935 
-92.336873 
-70.265227 
-301.147923 
148.973320 
-87.484110 
151.000634 
-308.376549 
0.995092 
-118.671445 
-93.714205 
-73.681519 
-204.272173 
-98.562791 
-464.344834 
58.738702 
263.499436 
7.080825 
-169.692640 
-208.766452 
9.022661 
-140.546402 
11.023290 
-31.601713 
-107.609834 
567.115091 
-233.834017 
65.797086 
-49.000837 
-208.196082 
66.212063 
-56.820709 
43.425821 
-322.707554 
-95.241009 
37.536026 
-371.043639 
-130.585793 
-297.400275 
-89.101478 
-50.480546 
-124.000951 
-301.193427 
-14.238755 
-8.671813 
-482.106036 
-301.506736 
-358.088915 
-257.415258 
-144.782850 
-28.745592 
-201.811703 
-136.501573 
-263.259816 
-243.966332 
-86.499696 
-45.914470 
-70.959210 
0.999314 
-48.999032 
-104.668213 
-366.814251 
-87.078958 
-10.985912 
47.085903 
-319.478305 
-61.500965 
-55.320869 
150.999037 
-163.138862 
-151.419901 
-224.157567 
-307.730909 
-337.621444 
-103.610632 
-224.741432 
-198.760923 
-188.152500 
-189.487799 
-258.672586 
-259.115982 
-193.767407 
-39.846165 
1.000312 
-132.590746 
-35.620175 
-220.181516 
-345.539317 
-162.246551 
-85.112588 
-49.000088 
-61.499474 
-312.742085 
-48.999648 
4.600750 
31.644113 
-114.258976 
-115.247761 
-318.703642 
55.819019 
-199.001274 
10.474325 
-107.638061 
-184.770784 
-572.484072 
-199.000455 
-234.480790 
229.725986 
-227.031536 
-290.821835 
-352.489772 
-93.072082 
-74.038710 
-223.487616 
-178.159255 
-232.762882 
-95.955586 
-199.000340 
119.065515 
-48.891881 
-199.001023 
-1.740685 
-198.999704 
-395.356522 
-6.664402 
600.999103 
-156.356598 
300.176882 
-70.164151 
-520.435784 
-428.887656 
-65.667036 
284.982265 
-61.500795 
-135.172235 
-320.958227 
-400.154413 
243.968059 
-149.935603 
70.430491 
14.821582 
-486.950194 
40.784879 
38.499680 
208.465407 
289.718403 
263.499253 
388.561240 
372.073178 
-865.806866 
81.810053 
680.252850 
75.139376 
147.851464 
-215.395694 
-147.833187 
-26.349306 
182.475426 
-227.372284 
-5.617588 
150.312354 
108.075565 
125.671180 
425.999526 
253.428588 
-66.387926 
113.664988 
147.791481 
-5.297262 
444.886763 
-207.698682 
-123.153226 
-191.835858 
400.999661 
-264.608354 
333.492422 
289.275741 
115.313125 
-399.000535 
338.683320 
-118.844096 
313.499451 
88.790050 
41.241473 
272.229532 
-7.174837 
250.987352 
176.656832 
37.800516 
374.403635 
-268.486189 
6.955062 
132.355765 
-72.634107 
-96.417775 
-46.106234 
-111.725625 
62.512805 
96.928861 
-72.726491 
376.688624 
783.500335 
-68.897308 
26.639197 
328.695319 
281.229511 
254.379583 
-67.624879 
190.679125 
56.846927 
-21.726750 
-88.381677 
800.999602 
261.378548 
18.336222 
-110.845739 
80.999712 
330.674428 
41.716947 
85.706978 
551.000179 
-36.298701 
144.637625 
184.244242 
56.159085 
92.329241 
37.573135 
150.826302 
108.785927 
351.000087 
136.470973 
-145.883633 
-6.604065 
13.779549 
104.843957 
263.500211 
-20.681609 
111.828697 
-15.251712 
214.041525 
57.917158 
363.500341 
337.145450 
-54.113114 
-303.843431 
26.975106 
-34.111429 
13.500567 
20.281098 
388.500781 
252.835730 
94.180315 
97.266404 
319.861239 
-87.205774 
242.696297 
-182.699209 
-316.150914 
-293.639661 
-198.351094 
-58.697564 
-27.664848 
-518.790091 
115.471967 
350.975959 
386.557088 
372.094468 
-144.887346 
-74.934633 
-94.064582 
-483.757029 
-345.026015 
-220.296296 
-69.366606 
-365.501639 
-26.591418 
66.720793 
-137.956376 
-268.498066 
136.145626 
207.341614 
376.001274 
-138.707710 
106.463341 
-363.447211 
300.999685 
107.926953 
-422.374420 
177.646912 
-44.783389 
-121.353213 
-1.949332 
-209.038741 
-444.886892 
189.619889 
24.889735 
-261.711319 
4.599469 
-249.358698 
313.499957 
394.751262 
204.009967 
317.986052 
60.762554 
88.300160 
184.712508 
-89.340332 
-620.384173 
-118.072682 
-245.082418 
19.122965 
-317.739808 
-78.133589 
-522.456313 
-143.487312 
152.091117 
555.001979 
254.551557 
-40.577789 
301.000837 
64.628966 
76.000870 
125.752745 
-39.883773 
-63.133402 
-383.195177 
80.905905 
176.001150 
104.543578 
-303.580550 
440.113368 
134.181393 
228.237227 
24.899384 
-304.452840 
-4.262879 
72.641457 
-163.915562 
-104.208489 
238.500650 
86.066652 
-217.332201 
-151.694265 
83.751300 
-169.673367 
-56.643429 
97.071460 
156.586030 
-210.549650 
-273.241672 
-74.268160 
126.836682 
123.556402 
-149.644350 
-511.687271 
-296.070159 
-107.414240 
98.218223 
-25.053832 
14.091664 
-22.021514 
-278.560322 
145.162594 
97.826208 
-76.098192 
238.501052 
476.001071 
-482.735474 
15.555672 
-12.059947 
-422.979811 
134.427276 
61.849359 
-541.089182 
-53.277618 
-369.818887 
-489.327473 
-417.674311 
175.745145 
18.490831 
149.275324 
-351.533515 
226.000733 
88.500697 
113.500401 
138.500655 
125.985365 
-145.653909 
168.464235 
-86.735276 
-49.902548 
-318.975062 
-2.281973 
-15.560856 
399.944110 
-567.791142 
-272.576947 
-79.478212 
-108.981749 
-561.494925 
-223.291607 
150.517733 
177.343113 
-174.500548 
-342.996798 
176.000793 
-198.589541 
11.772304 
142.982817 
451.000508 
-111.883611 
-334.289919 
88.500606 
26.442689 
-120.360592 
113.500424 
94.333725 
-245.552793 
-183.210332 
110.375399 
-81.029311 
277.836024 
163.589234 
-43.496396 
3.603781 
-147.099053 
-120.632517 
-147.462344 
-343.300052 
53.850668 
27.639139 
213.135074 
-47.007437 
-537.941962 
-203.672917 
-20.384005 
-18.057526 
-93.536258 
-175.529731 
-124.879005 
-283.726819 
-36.617683 
-204.512282 
-91.007984 
179.828957 
-379.305622 
-11.759552 
-221.359443 
83.261405 
265.961531 
226.475051 
-60.475334 
38.500005 
-161.796276 
-8.238645 
0.160559 
178.605564 
-66.173173 
32.924222 
-201.897792 
-1.313907 
0.999934 
-11.500177 
22.098334 
-117.434775 
-107.737258 
-319.000482 
200.999882 
70.301961 
-98.289700 
165.659578 
-52.644741 
8.124261 
-86.500035 
-33.433541 
-178.472882 
-106.579374 
-13.585227 
-68.480546 
-159.558806 
-36.600231 
-196.234357 
77.041537 
-1.820962 
76.000196 
-182.593587 
-172.437257 
260.943346 
-46.751878 
-270.602044 
-36.964802 
-250.856234 
-141.970943 
-11.499960 
-121.254574 
-366.971839 
-72.493386 
-275.609212 
-60.914877 
417.464038 
-89.874852 
-188.749263 
151.000195 
-0.969235 
-73.482695 
-11.499877 
301.000215 
-151.999678 
55.666293 
-317.804243 
26.000053 
-11.499984 
171.395050 
-225.666270 
-20.109420 
-202.097089 
11.396114 
70.284503 
76.000111 
103.343661 
-61.499942 
-152.846749 
26.533097 
-214.183124 
26.887045 
51.787220 
-269.754671 
-294.861205 
238.500792 
239.882413 
-45.281458 
-186.221247 
192.577737 
-195.948151 
114.676071 
14.008819 
81.937363 
-346.900615 
-192.676368 
35.675702 
-74.000085 
35.508197 
-11.194933 
-212.601529 
-47.380783 
-385.961494 
233.622485 
169.505100 
-107.029975 
-105.563719 
-190.778392 
44.757667 
82.762003 
-86.499877 
-359.594970 
31.331174 
114.014953 
-857.593973 
-111.523995 
-89.929855 
-230.629654 
-128.765898 
130.868463 
5.131808 
-61.499814 
49.411727 
1.181937 
-23.999709 
-328.482501 
-432.301661 
-86.499900 
-61.499855 
-115.762414 
-363.263256 
-105.876367 
11.923001 
21.667025 
-53.238370 
-11.499951 
-116.672101 
0.999909 
-236.596441 
-116.366904 
48.708358 
-328.757756 
-204.292544 
-158.069610 
-23.692786 
-200.249781 
-1.635533 
-87.545471 
-195.755236 
21.399155 
-21.789125 
-60.980384 
-136.500084 
13.433958 
-258.838360 
-266.778660 
-55.997200 
-93.506654 
-81.245995 
-36.499914 
-36.499874 
-319.449984 
26.000105 
-204.744472 
-205.422321 
207.920776 
-84.756320 
-280.722233 
-311.715188 
-198.999842 
54.219498 
214.890035 
-257.459304 
-462.753225 
-198.999833 
-168.456003 
-474.618788 
-390.022650 
-33.509636 
-75.108662 
-20.533834 
-270.524149 
-248.907931 
-209.097687 
-198.332952 
-76.739517 
-198.999605 
115.098517 
-266.404288 
-198.999450 
-226.819170 
-198.999662 
-436.359805 
-214.110674 
-186.500000 
-199.001965 
-203.816302 
-201.508643 
-207.566504 
-199.372915 
-199.000000 
-202.980523 
-199.000000 
-200.762332 
-200.466499 
-197.144942 
-197.212128 
-188.081181 
-203.354976 
-195.606875 
-200.326043 
-200.137770 
-186.500000 
-195.440054 
-200.561289 
-186.500000 
-187.490130 
-197.083737 
-203.910792 
-193.905559 
-201.225577 
-198.174373 
-195.563888 
-198.233082 
-197.090269 
-199.617097 
-200.190878 
-200.084115 
-200.530797 
-195.825197 
-193.518419 
-187.120232 
-199.000000 
-200.452134 
-203.606555 
-196.001068 
-191.119331 
-197.564878 
-193.132638 
-180.332915 
-197.638624 
-189.935442 
-186.500000 
-189.857198 
-197.914241 
-197.264468 
-192.101133 
-198.218750 
-191.427230 
-203.368151 
-199.000000 
-202.103488 
-198.939355 
-199.716804 
-197.536292 
-193.090803 
-195.938922 
-198.323126 
-187.487684 
-198.575699 
-197.220028 
-199.514357 
-195.839123 
-199.594146 
-207.136316 
-200.565254 
-198.444868 
-192.127125 
-202.768552 
-195.619454 
-173.947918 
-194.981727 
-198.421472 
-198.914857 
-199.374396 
-200.054493 
-200.466500 
-202.641479 
-205.284910 
-200.227688 
-192.864671 
-199.000000 
-198.378912 
-197.564483 
-189.833726 
-199.000000 
-201.999789 
-200.895739 
-201.992251 
-174.000000 
-197.933341 
-199.994135 
-197.982035 
-196.845896 
-198.442988 
-199.637486 
-202.221355 
-201.906305 
-199.000000 
-187.451125 
-197.038576 
-193.754244 
-195.880601 
-208.076746 
-199.000000 
-197.586956 
-201.817237 
-200.345797 
-190.603667 
-200.668725 
-199.000000 
-189.771298 
-198.057288 
-205.197208 
-198.377136 
-201.125049 
-199.000001 
-198.385580 
-199.000000 
-197.625157 
-197.532574 
-195.268260 
-194.929444 
-185.444964 
-198.319627 
-203.639225 
-194.887670 
-201.723730 
-199.583935 
-187.481030 
-198.105968 
-201.811498 
-197.526964 
-197.456668 
-202.474008 
-199.000000 
-198.439704 
-202.061499 
-191.632402 
-195.171337 
-193.577339 
-194.488757 
-202.656078 
-196.999638 
-194.917210 
-201.019183 
-206.130649 
-202.337449 
-204.805172 
-202.054469 
-186.500000 
-189.669263 
-190.688317 
-196.379027 
-199.000000 
-200.437466 
-202.859073 
-195.728140 
-196.648147 
-190.490551 
-193.559010 
-199.431109 
-192.073631 
-202.564409 
-199.117177 
-195.782067 
-194.677686 
-201.297632 
-199.000000 
-199.000000 
-201.834632 
-197.586956 
-195.421992 
-196.888375 
-194.534211 
-198.630521 
-202.196267 
-207.854699 
-204.768290 
-196.330230 
-197.766136 
-196.490999 
-206.666836 
-200.033257 
-201.138756 
-196.736393 
-203.895515 
-193.599473 
-199.000000 
-194.292203 
-199.000000 
-202.187174 
-197.301146 
-194.125186 
-196.419359 
-192.218501 
-199.000000 
-203.152668 
-199.967822 
-199.835282 
-199.654639 
-199.858384 
-197.409539 
-199.117539 
-204.358141 
-197.435571 
-203.848264 
-202.003412 
-199.000000 
-198.914859 
-199.000000 
-192.564811 
-199.079819 
-197.536291 
-193.389942 
-191.900888 
-199.478261 
-192.914094 
-196.613933 
-205.409251 
-202.494812 
-202.599288 
-199.658767 
-197.510194 
-195.106874 
-201.205990 
-200.676129 
-195.585839 
-198.358066 
-203.317214 
-191.834937 
-191.372203 
-195.423559 
-193.233826 
-199.000000 
-199.000000 
-191.067330 
-193.119785 
-196.671271 
-198.465617 
-195.721093 
-201.373950 
-198.897012 
-198.327996 
-202.057078 
-199.975054 
-195.266737 
-201.183184 
-202.069536 
-198.097153 
-203.580504 
-199.000000 
-199.000000 
-199.000000 
-199.000000 
-197.586956 
-203.135751 
-198.480771 
-196.891457 
-195.040731 
-195.862325 
-186.987910 
-195.108479 
-187.153655 
-200.170726 
-204.245153 
-199.278940 
-196.703476 
-202.223949 
-200.857760 
-191.842237 
-197.975769 
-190.859119 
-183.463628 
-199.000000 
-193.518420 
-198.417731 
-205.738807 
-199.000000 
-191.638982 
-191.119331 
-199.000000 
-193.535486 
-200.539444 
-199.000000 
-199.000000 
-202.564191 
-195.434952 
-199.000000 
-199.658985 
-197.625157 
-192.857655 
-199.486777 
-198.890146 
-191.340209 
-202.827616 
-198.233331 
-196.913521 
-203.957700 
-196.931884 
-199.821934 
-201.307270 
-201.330066 
-200.324729 
-204.152781 
-200.632130 
-194.917054 
-200.312442 
-198.925960 
-197.826955 
-193.888127 
-201.869761 
-203.036883 
-198.442988 
-201.646951 
-204.071164 
-191.098641 
-199.394348 
-200.084116 
-200.061874 
-194.344851 
-199.000000 
-198.386275 
-197.992926 
-197.290503 
-198.821863 
-200.324729 
-199.576019 
-200.586797 
-196.474346 
-199.000000 
-199.000000 
-196.358841 
-196.312936 
-198.711013 
-185.666667 
-199.000000 
-193.211311 
-196.597135 
-201.771511 
-192.000652 
-197.272758 
-199.000000 
-203.335693 
-198.856269 
-198.774787 
-198.827421 
-200.413804 
-193.538229 
-202.107181 
-191.600928 
-195.743118 
-196.342533 
-199.000000 
-199.000000 
-199.000000 
-196.528985 
-203.979252 
-196.878498 
-197.462269 
-192.587629 
-195.723614 
-199.000000 
-200.194793 
-198.712052 
-200.571933 
-201.337512 
-201.190237 
-197.564877 
-199.134748 
-196.087018 
-199.000000 
-195.900447 
-193.751781 
-199.000000 
-199.000000 
-197.627306 
-196.498166 
-195.723614 
-199.000000 
-199.000000 
-192.756633 
-199.000000 
-199.894372 
-201.046481 
-200.058999 
-194.658074 
-199.000000 
-198.218750 
-198.999999 
-197.934850 
-200.934070 
-200.767545 
-197.107017 
-200.017900 
-204.511788 
-198.551630 
-211.500000 
-197.892504 
-196.487879 
-195.880601 
-197.873851 
-196.349607 
-192.793995 
-192.143449 
-200.286900 
-199.000000 
-197.000100 
-195.586115 
-199.000000 
-199.372920 
-200.241933 
-197.390185 
-200.902928 
-204.123383 
-202.493986 
-204.528391 
-203.876256 
-200.902482 
-200.209980 
-200.725250 
-201.664368 
-199.000000 
-203.005447 
-192.967688 
-204.737855 
-209.986328 
-202.673862 
-205.937904 
-201.328007 
-198.036448 
-198.103228 
-200.781235 
-199.000000 
-198.755166 
-201.069842 
-199.000000 
-197.513326 
-201.117590 
-199.000000 
-199.000000 
-200.055765 
-194.700113 
-201.122131 
-203.312606 
-196.764118 
-194.997812 
-199.000000 
-191.420205 
-199.000000 
-197.216424 
-203.364202 
-190.932530 
-198.103117 
-192.729350 
-196.187697 
-197.824487 
-201.345470 
-195.151908 
-200.874906 
-198.092002 
-194.754800 
-192.815147 
-201.924437 
-199.000000 
-197.292796 
-197.324844 
-200.133280 
-199.486777 
-199.774025 
-197.673018 
-199.000000 
-199.000000 
-195.128176 
-199.000000 
-199.380017 
-189.434537 
-193.426369 
-200.485237 
-201.647972 
-198.649004 
-199.000000 
-192.916394 
-195.113602 
-198.442462 
-195.384048 
-199.000000 
-200.936748 
-190.890006 
-197.382579 
-200.570744 
-200.567577 
-198.643735 
-199.631571 
-198.045719 
-199.545878 
-196.088834 
-195.971311 
-199.000000 
-197.983642 
-192.687473 
-199.000000 
-199.917565 
-199.000000 
-195.268273 
-201.182749 
