22.164243 
17.348258 
7.832792 
-7.715209 
-34.063878 
-32.281445 
-14.458184 
1.119145 
44.586296 
54.212301 
54.122410 
72.573464 
54.173159 
38.747284 
1.963234 
-30.315263 
-74.090719 
-73.119527 
-67.523542 
-72.074882 
-16.702480 
-0.258021 
24.940894 
51.929311 
58.642123 
38.591934 
14.822147 
-0.947625 
-28.041023 
-64.397839 
-65.919936 
-93.567782 
-93.528590 
-95.251916 
-68.759819 
-24.836731 
-6.993680 
-4.012361 
44.585466 
52.245083 
40.359133 
21.681515 
6.718590 
-27.827272 
-79.881065 
-73.926083 
-96.425529 
-78.198233 
-67.523701 
-21.580611 
23.938864 
19.602818 
7.421526 
21.463181 
-15.998024 
-33.019651 
-45.101723 
-34.001236 
-57.534489 
-41.314847 
-42.997759 
-39.109443 
-3.091022 
27.959767 
33.834943 
29.656232 
38.448805 
-18.521405 
-44.304456 
-82.186729 
-87.359240 
-95.385376 
-85.977185 
-75.326527 
-63.641459 
-60.272900 
-46.268945 
-7.945017 
17.852431 
37.666995 
55.380814 
63.466355 
38.974943 
-8.517494 
-40.999467 
-56.123304 
-62.148579 
-89.945451 
-72.726143 
-39.492377 
-46.152902 
-38.375322 
-27.239784 
-24.233207 
-9.422806 
22.163806 
32.314760 
56.983179 
47.743975 
-18.529873 
-82.505018 
-119.582811 
-133.266729 
-126.522627 
-89.945811 
-83.357932 
-62.128806 
-38.605467 
-18.224051 
24.213314 
44.585540 
88.600804 
61.369858 
56.843562 
40.724385 
6.196493 
44.585939 
46.279730 
49.629282 
20.925569 
24.537551 
21.871667 
-0.258526 
11.225429 
22.162775 
47.556791 
41.978540 
63.614387 
78.644057 
70.406203 
36.054311 
30.428972 
21.992224 
-3.719834 
-3.185105 
-5.779450 
-13.913377 
-4.243176 
-10.815194 
14.369604 
31.070896 
22.864668 
58.833208 
65.246836 
74.993767 
69.233305 
61.139354 
30.196985 
3.536769 
-15.854483 
-26.863407 
-43.400612 
-48.416555 
-47.140238 
-44.511424 
-13.985470 
-0.257614 
42.694082 
36.403185 
18.568569 
44.586568 
18.130881 
-0.524406 
-8.395243 
-40.211696 
-70.144657 
-101.869863 
-92.813024 
-107.452820 
-88.464894 
-57.905288 
-40.531449 
-30.981558 
-16.652457 
-0.257445 
22.164423 
6.668956 
12.865061 
19.631368 
-4.357935 
-6.011293 
-20.586710 
-39.877686 
-69.104202 
-57.369269 
-55.900952 
-68.802725 
-55.512526 
-31.371113 
-22.636623 
3.477005 
28.338317 
34.928293 
34.818232 
10.953154 
30.536341 
22.163933 
4.831031 
-6.493695 
17.640135 
4.207792 
6.096288 
44.585822 
69.036287 
81.667114 
104.179106 
117.835767 
106.021787 
94.126876 
76.032913 
46.540549 
2.800237 
1.815714 
-17.964410 
-0.257631 
5.721857 
29.638075 
51.573742 
59.300240 
69.111855 
54.232728 
43.824035 
20.086497 
40.993367 
18.571903 
-1.087496 
-5.376694 
-2.016648 
-41.289124 
-57.071477 
-67.322703 
-57.603140 
-53.388589 
-35.653047 
-14.644621 
-29.681865 
-18.692099 
-10.389135 
-29.962577 
-24.321817 
-22.679479 
-0.257565 
0.058753 
11.347862 
21.425556 
22.816978 
16.833693 
28.663533 
-1.309618 
13.709293 
-9.726627 
-46.490479 
-74.927797 
-89.953352 
-96.462642 
-81.364297 
-53.130556 
-45.101543 
-22.679488 
-45.101367 
-22.679575 
-54.898248 
-37.218798 
-40.787393 
-17.622894 
-5.603810 
-16.796149 
-13.073069 
-31.320462 
-38.883754 
-62.770316 
-50.369876 
-41.230555 
-52.833072 
-25.492709 
-22.772783 
-21.289221 
-12.301455 
-3.495649 
-10.755587 
-0.257901 
16.923179 
25.086852 
5.605873 
-11.468988 
-18.467384 
-4.539040 
-22.679822 
25.635374 
14.097600 
22.163870 
21.416833 
22.295680 
11.500489 
25.667523 
3.421461 
-8.497612 
-41.949773 
-76.472856 
-60.424563 
-72.136104 
-78.315446 
-40.001236 
-45.646414 
-17.765648 
-4.653079 
23.013131 
16.712819 
-4.960246 
4.022509 
-18.917266 
-38.039753 
-72.295022 
-76.580944 
-86.852872 
-79.115555 
-76.166521 
-76.686074 
-60.766307 
-48.872258 
-40.445618 
-24.257076 
-23.272782 
-15.942265 
-11.543691 
-30.319621 
-20.844411 
-22.680094 
-11.167265 
-28.354906 
-25.984265 
-51.544824 
-40.821843 
-24.337912 
13.362816 
25.780782 
67.007457 
67.007432 
74.394569 
66.159095 
56.974217 
69.249609 
55.796575 
50.285511 
33.253579 
-4.907554 
-17.401049 
-22.836908 
-0.258200 
22.583505 
11.394075 
25.687101 
13.127756 
43.770690 
49.653595 
89.665470 
70.479938 
91.590094 
80.833864 
67.007729 
101.341685 
101.341349 
109.174194 
109.599035 
76.083706 
50.550538 
42.237966 
2.439279 
-0.257705 
-32.499134 
-28.050581 
-49.624203 
-34.721394 
-52.743856 
-37.588652 
-43.193990 
-8.186196 
-45.101138 
-33.631539 
-49.665432 
-45.101188 
-0.257512 
-11.263731 
-14.344600 
-26.706357 
-22.680277 
-22.680275 
-37.639126 
-50.333134 
-26.451943 
-48.043886 
-26.832395 
-21.477984 
-33.890509 
-40.195798 
-67.523047 
-76.450688 
-95.490115 
-76.247768 
-74.022260 
-69.887731 
-51.836752 
-21.432652 
-11.468597 
0.440504 
-23.039389 
-18.224109 
-28.369384 
-31.542440 
-36.436203 
-34.704154 
-59.307413 
-68.880735 
-96.251501 
-106.726022 
-112.367549 
-109.098760 
-80.327041 
-51.625560 
-24.391871 
-10.764752 
6.521105 
-41.682436 
-34.676965 
-63.179007 
-86.175175 
-95.611478 
-113.151707 
-112.367302 
-101.800470 
-99.246770 
-101.315657 
-71.333430 
-73.872061 
-78.983913 
-78.542909 
-77.573147 
-79.427829 
-50.939451 
-89.945414 
-44.693799 
-60.136888 
-67.523495 
-67.696587 
-68.456139 
-67.523854 
-67.523569 
-53.474744 
-64.123511 
-74.012393 
-73.737274 
-54.447733 
-68.248868 
-45.101697 
-56.939143 
-22.679772 
-10.636950 
5.728708 
19.366318 
19.330700 
16.590397 
22.935487 
13.554000 
-0.363986 
-1.146266 
-34.679352 
-37.783717 
-53.678826 
-30.959732 
-41.571353 
-22.679626 
-11.899908 
7.452203 
7.232701 
24.425860 
31.919532 
45.775489 
33.375061 
10.953181 
1.797729 
-22.679774 
-28.827985 
3.250004 
24.572013 
43.887569 
43.383624 
57.588473 
44.586289 
41.318273 
35.855376 
17.613785 
-0.763287 
-10.768092 
-2.356726 
9.837525 
8.557740 
4.360157 
1.564928 
-2.379308 
22.658858 
33.008175 
74.778123 
84.578117 
95.598381 
78.219043 
75.486387 
46.764140 
55.797380 
52.192301 
33.375451 
40.440114 
42.746817 
44.584584 
-176.842962 
85.378695 
169.493628 
109.636384 
15.185845 
33.372762 
180.573085 
44.583608 
-236.748819 
199.699212 
-72.327689 
184.721068 
-3.279587 
235.503570 
210.756686 
0.942935 
43.109526 
44.585402 
177.669416 
166.560124 
22.164062 
-74.495258 
59.745535 
-41.068255 
0.970581 
-272.218269 
69.705123 
-57.537514 
89.800292 
90.754443 
18.988738 
43.724735 
-23.395545 
-79.646784 
233.680569 
-50.835059 
149.045071 
44.586214 
80.999576 
-27.204911 
-77.385930 
-94.640041 
72.068148 
347.166932 
-29.848912 
-78.535267 
100.749309 
-45.100098 
-72.704360 
20.119700 
40.403237 
-22.444841 
0.444750 
172.183716 
-107.772633 
22.166130 
7.425679 
-57.070231 
-103.887995 
-57.851603 
103.378001 
19.875522 
101.659691 
174.915413 
20.745649 
229.889209 
-115.395724 
-75.541431 
135.808709 
173.513692 
73.416228 
89.868363 
152.271319 
-9.686186 
116.966417 
436.639876 
38.284146 
2.020084 
-102.496928 
283.746027 
165.709481 
154.264471 
-71.921912 
206.686491 
85.717659 
180.363281 
481.812546 
-122.780054 
242.014042 
-39.638273 
260.584645 
46.740536 
-163.836644 
223.476031 
481.813909 
13.037576 
-117.121679 
227.115393 
149.415171 
-85.074981 
-174.340488 
96.183946 
11.819243 
223.961821 
124.408298 
-196.742807 
211.606495 
25.697416 
-23.990951 
167.908266 
260.845702 
46.828248 
-72.534740 
-203.900129 
84.574954 
44.587837 
189.670998 
-308.716754 
-319.700959 
221.376301 
6.795125 
55.795713 
-443.262376 
22.165734 
-234.663212 
163.998790 
-194.311884 
99.579740 
-52.325399 
-93.384981 
-330.691258 
-195.844415 
51.221312 
58.913954 
-176.061166 
-137.691871 
-102.696167 
-38.486600 
-224.691745 
4.498690 
-66.823409 
89.711737 
-45.727572 
169.391302 
-469.943427 
-593.133191 
-207.975936 
-90.763149 
-17.843561 
-156.123820 
62.283762 
222.899409 
-124.328309 
52.841319 
-206.298646 
111.848976 
-134.679226 
92.012531 
-486.349855 
268.800414 
-95.749359 
12.169673 
53.137614 
-94.241547 
188.051026 
246.768540 
-478.224979 
76.296031 
-138.247338 
-101.906852 
297.717433 
-165.278551 
225.283705 
-56.314398 
22.161019 
308.954787 
-463.034333 
-218.058236 
-69.373185 
30.221294 
36.590872 
-0.587680 
-52.954561 
151.382259 
-51.868558 
-379.466853 
84.335000 
-57.239681 
-27.593370 
68.349405 
67.735884 
-46.243485 
-119.181837 
-0.261450 
236.249061 
380.912749 
-446.258217 
-21.872257 
-86.839628 
34.557024 
-66.219418 
179.114737 
204.025794 
-153.800456 
-176.759379 
41.183704 
-180.017423 
-8.286325 
-168.063414 
-78.912943 
-261.262774 
-55.791580 
-141.096356 
179.114288 
78.924562 
-27.165867 
-206.360343 
203.674020 
-91.487907 
26.424572 
-164.769457 
117.188881 
-129.434246 
117.673971 
-98.046349 
38.605044 
54.844236 
-225.949641 
117.849111 
86.392009 
77.578594 
-108.514027 
-11.730111 
203.560933 
-139.083960 
-79.382296 
316.800094 
-85.305611 
91.157026 
-0.259139 
156.693673 
-30.630056 
-225.653392 
101.461626 
8.639465 
-152.157467 
316.535837 
-378.847270 
162.059421 
-48.727647 
173.789854 
94.083482 
294.658238 
-185.730022 
100.885647 
-193.926518 
67.006292 
302.436580 
44.585752 
392.124226 
416.302267 
-246.192565 
169.651560 
-35.970693 
266.541262 
-175.387904 
-138.193700 
-8.777114 
295.999083 
-239.682131 
5.908085 
85.015874 
-156.555629 
-110.855596 
-42.996566 
-81.805189 
200.058046 
-19.382087 
123.063056 
167.906849 
-134.541096 
-39.028359 
65.820766 
44.586549 
89.901546 
-280.229139 
369.704840 
123.125789 
-71.792159 
134.274565 
164.917778 
-214.049435 
-20.826860 
-347.092751 
-201.237542 
-212.240810 
-75.051366 
-94.381020 
238.678111 
-187.708995 
30.905501 
179.366273 
331.079370 
-102.951445 
81.623080 
124.367405 
-112.532776 
128.578278 
234.926821 
128.386427 
126.213037 
-51.714001 
-176.515836 
-88.496502 
-3.419023 
108.548209 
-62.337712 
20.995407 
-152.341724 
-256.336179 
80.984045 
44.307391 
44.086785 
108.146715 
-60.830642 
-8.618879 
156.695941 
-88.117358 
234.295562 
22.391879 
38.848200 
-224.721683 
211.160077 
-111.581845 
-70.927503 
22.164642 
190.326702 
99.239513 
-194.304056 
67.363283 
-169.912790 
44.584778 
33.255452 
50.772748 
-110.706945 
-283.226271 
83.264205 
212.748726 
57.607056 
-217.997732 
65.416613 
2.723082 
-156.371258 
51.780920 
-123.185275 
-65.784341 
-96.513727 
-101.663558 
280.015634 
-227.282094 
78.920806 
-77.395021 
-61.476090 
-167.519218 
52.722742 
-190.031951 
151.789758 
167.905122 
147.011096 
-152.371243 
58.154098 
-80.357428 
-182.663095 
-200.776098 
-293.612788 
45.617960 
145.486943 
114.405864 
-5.185225 
-0.258732 
67.005710 
-10.822594 
-136.217580 
-103.819587 
-0.260038 
190.331721 
153.366598 
-134.041297 
-45.307098 
73.950450 
-22.118560 
47.186409 
-0.260681 
11.654001 
78.214116 
105.714043 
-12.556803 
86.157840 
252.913372 
-66.309470 
90.782794 
111.751540 
123.058448 
35.701287 
-52.485168 
-69.974515 
-104.134628 
41.211060 
-202.636412 
141.580318 
-70.930152 
228.204850 
-207.107781 
109.667450 
123.060922 
-193.757049 
604.198929 
75.169242 
198.611644 
-423.745552 
-64.623277 
-59.659180 
-99.087995 
-5.116452 
-140.313748 
-110.102799 
160.868982 
-22.682783 
-170.754156 
-3.981849 
-49.643854 
-86.836392 
-7.729053 
-168.198329 
128.690894 
22.225910 
133.514353 
-73.996131 
33.372330 
-26.487014 
-153.831787 
10.950695 
-198.306643 
-211.743590 
10.951172 
-0.259635 
-150.959593 
-207.502605 
79.635582 
-126.480269 
158.752805 
-249.503094 
22.163476 
-132.272046 
10.952218 
-53.862542 
-151.474190 
20.584699 
16.800460 
-467.096681 
144.166071 
-285.583222 
-31.847484 
-1.041254 
-221.578941 
-110.318991 
35.063394 
-301.349642 
-49.112167 
-11.468147 
91.268674 
18.916965 
-248.909554 
-161.647706 
-45.526691 
131.629025 
-33.889856 
-22.678831 
-242.565461 
78.220260 
-51.185905 
-110.369949 
-91.641884 
-151.713558 
116.451458 
-33.182465 
-56.312205 
-51.343557 
-86.456160 
-235.733330 
-213.480576 
-73.128048 
-12.992714 
63.804425 
-56.337728 
-19.869600 
-153.725305 
4.714967 
-59.709087 
-269.673483 
-100.544004 
-65.175824 
193.410167 
-67.525215 
-47.934195 
2.713496 
-33.890774 
-86.118301 
-146.002079 
-288.866737 
-49.762535 
111.849765 
-90.302036 
19.640698 
238.139737 
316.895857 
-395.419027 
-181.875354 
197.394036 
179.117301 
-373.250038 
271.170989 
-92.885602 
199.990639 
108.242246 
446.553146 
368.210719 
13.020822 
178.268575 
280.015491 
69.137543 
-236.842669 
504.235184 
49.805100 
180.578206 
-8.665837 
102.070669 
-417.921133 
-50.430678 
288.102059 
6.006138 
87.015504 
-52.357550 
273.028052 
234.910857 
33.109143 
286.489664 
269.921018 
38.621139 
89.429090 
345.633472 
-95.280420 
-265.284858 
-54.469984 
100.889145 
606.311826 
82.435557 
-236.946838 
-3.738924 
246.381819 
-18.722650 
369.460436 
267.849041 
321.152209 
60.700204 
268.743550 
38.127838 
997.513706 
-6.300937 
33.204476 
16.981519 
40.059282 
60.152473 
-132.974768 
165.560032 
285.346982 
-149.934527 
325.895272 
-33.237452 
204.762197 
232.426852 
354.263314 
135.614944 
-5.559850 
129.094753 
242.810790 
245.977650 
727.096301 
-149.364312 
113.747409 
-55.852735 
128.675753 
314.744575 
-11.044690 
-96.289966 
182.614908 
202.313655 
-47.695051 
549.076952 
-41.732240 
297.260738 
189.920151 
308.415468 
216.404140 
-115.841767 
138.559995 
403.334608 
-136.097492 
231.895522 
38.694742 
190.177020 
-108.394124 
-83.288978 
186.949230 
-237.165867 
223.960630 
211.219526 
-442.728519 
414.475730 
2.497500 
260.600229 
55.794999 
305.304816 
-10.197888 
-12.223024 
-409.522133 
151.515571 
156.692351 
159.672214 
-360.462775 
-333.473033 
280.724773 
195.852891 
-11.473448 
-453.657449 
291.222872 
-279.252572 
94.470716 
92.609075 
158.229365 
-150.040351 
229.456548 
-287.723386 
-66.379365 
-21.871296 
3.269402 
-147.686697 
-192.358285 
-285.302015 
-179.164418 
-284.151525 
105.674696 
-35.999109 
-78.397704 
-598.188453 
135.955564 
-660.933523 
-522.430280 
-234.970104 
-26.942768 
-89.323610 
-197.030433 
102.289243 
375.364534 
-123.476895 
120.030718 
-201.121835 
156.693676 
-188.365309 
-34.137865 
-284.090736 
156.691497 
-110.208122 
-308.589258 
73.286675 
-35.270923 
-78.748531 
89.468211 
-423.657365 
247.154334 
-195.859785 
-150.173947 
438.104679 
5.573928 
-13.543137 
-33.891327 
100.637537 
350.402316 
-227.234544 
-3.847609 
-227.298452 
-69.758631 
487.154996 
-213.798354 
-9.860249 
-183.523190 
15.257100 
-414.170222 
206.554692 
166.772798 
-86.433821 
253.181609 
198.619606 
-47.192149 
92.990070 
425.760959 
287.257797 
526.659534 
-469.943036 
-62.750576 
134.927513 
18.863648 
61.904961 
302.438715 
-130.084810 
-645.758155 
-61.750999 
-569.469929 
41.805897 
228.009944 
-145.371481 
-178.948095 
-279.180132 
-83.261174 
83.339009 
302.436809 
-60.057249 
-112.368326 
-201.294674 
109.754797 
140.961919 
251.553966 
-123.254842 
96.149215 
-159.147064 
-86.339291 
-155.958529 
-112.193371 
-90.641759 
-367.441737 
138.297930 
96.930190 
-17.782904 
-145.251393 
-56.655627 
48.869003 
49.429280 
-114.862201 
237.030952 
-144.058938 
61.039400 
179.115692 
638.765211 
-354.769932 
-25.335046 
-265.089734 
-43.363548 
-131.104820 
86.287123 
-743.513991 
172.061094 
-59.062742 
173.637438 
-91.442685 
290.761564 
-290.102710 
78.131254 
-35.185337 
369.703770 
22.164898 
280.015226 
44.585254 
365.098826 
-186.365623 
445.674456 
-108.158774 
348.227668 
-293.723362 
-270.836932 
1.999260 
365.195992 
-338.707719 
-25.303341 
56.923647 
-120.803381 
-410.159845 
75.912064 
-207.585805 
144.389689 
-282.373235 
36.247171 
78.216508 
18.794925 
-117.758350 
-262.914456 
167.904778 
-210.811777 
-218.661128 
-45.105596 
41.183038 
-203.725666 
369.699908 
-50.336276 
-0.836145 
-262.231919 
-347.099554 
-101.525589 
-21.398083 
6.626570 
-353.159179 
306.350378 
-130.936678 
-86.205099 
252.328459 
264.382208 
-231.930051 
137.386568 
186.479359 
-96.042575 
60.808357 
193.241597 
49.279545 
177.047221 
-35.601772 
-166.825903 
-177.613450 
-24.155095 
115.727583 
-122.337429 
-250.457140 
-198.082140 
-272.773247 
368.454859 
-65.201185 
15.625520 
91.412679 
-228.490203 
210.854135 
549.078092 
-653.142429 
224.467919 
-4.450386 
17.269550 
-266.404548 
265.746347 
-278.452083 
-122.779267 
235.172908 
167.906922 
175.123100 
-148.170498 
232.646423 
-349.294251 
347.281802 
-167.600899 
-99.398152 
94.720159 
-391.643968 
-142.051246 
123.063029 
90.749793 
124.636262 
-194.398314 
-138.956330 
-0.551869 
196.713814 
-206.612183 
3.209527 
10.432191 
-174.152444 
-0.258335 
-167.019201 
-265.819257 
10.091443 
-290.717633 
-170.853367 
65.285437 
-249.113403 
248.320834 
-45.102217 
-122.344200 
-270.066015 
116.347804 
125.343763 
-47.133405 
-718.121173 
105.426320 
224.727888 
-22.681762 
85.383806 
-10.923304 
190.325970 
167.904138 
17.639957 
-12.474691 
-189.655596 
212.748274 
123.059963 
30.440402 
-134.043893 
-201.866809 
230.708180 
310.881828 
25.295066 
190.329212 
-354.805197 
44.584929 
93.291772 
190.675963 
237.389370 
282.669351 
-169.596194 
-47.902001 
322.058472 
223.961353 
265.430204 
-377.275181 
110.120937 
-350.012497 
-4.403716 
-236.458505 
-125.531276 
-142.461936 
401.101432 
-162.099307 
244.621839 
167.904718 
-92.094419 
375.937613 
11.847480 
233.526916 
-350.211500 
-50.983293 
93.292579 
-244.300816 
28.165441 
-105.105916 
-63.510888 
-35.615160 
78.216548 
-340.560386 
32.641456 
-176.360409 
-314.297646 
282.404282 
-207.804862 
131.381347 
2.228330 
51.456081 
-77.160359 
44.584786 
-110.340405 
-328.614759 
55.795924 
-270.252610 
-529.094092 
-0.259577 
22.164095 
-161.004534 
-144.870945 
-312.127252 
-80.323907 
4.075960 
-356.014328 
33.375119 
-126.892150 
-22.679633 
-107.484993 
-177.853253 
-141.978225 
98.567828 
-332.386122 
52.372549 
-289.829241 
-125.440631 
-17.765076 
7.345861 
-108.709397 
-17.051354 
-235.511255 
-27.364645 
-0.258043 
10.158173 
177.008256 
-414.686258 
-184.991382 
44.677123 
224.245283 
-0.256292 
100.639319 
-87.876637 
-45.100989 
151.205140 
-156.112462 
-105.930247 
-166.224219 
-84.175017 
112.192160 
-11.469580 
-69.162631 
-139.663635 
-144.348822 
-224.686253 
-171.225280 
-159.551118 
-17.576405 
-32.750791 
-289.041106 
-233.957012 
19.856329 
-152.084563 
-203.413743 
-71.583061 
-94.886577 
-112.053902 
-33.894504 
-99.513108 
100.702424 
-146.003341 
-19.833402 
-146.004576 
-284.413524 
-111.002184 
212.751522 
-10.685645 
-139.298625 
163.131709 
-230.839591 
-283.207860 
212.750579 
-48.767506 
179.118168 
-246.837930 
148.089992 
-199.727704 
164.779377 
-83.917618 
202.484733 
17.704513 
-135.836781 
2.798297 
134.274604 
146.077225 
127.898832 
179.117756 
132.575097 
317.223718 
-140.938796 
35.908084 
-236.006551 
257.402223 
268.439581 
72.564033 
157.260653 
121.052252 
-12.101717 
90.292735 
211.547003 
119.761538 
-73.681770 
-210.719789 
223.960780 
208.822897 
73.300689 
-61.879240 
133.746792 
-10.342776 
629.809305 
170.686610 
238.853238 
-228.395858 
280.014426 
240.426984 
313.603442 
-184.906875 
241.015629 
-202.055481 
246.525785 
-24.808772 
257.592531 
56.132515 
-139.533384 
-77.672395 
135.344101 
60.652078 
-93.536697 
-73.409234 
190.621874 
-225.803384 
255.946505 
-113.368371 
-214.023416 
259.051181 
-154.510130 
117.471472 
179.579795 
-66.913199 
-85.135470 
187.244428 
1000.785871 
34.456193 
-37.610353 
-60.042298 
225.509037 
-95.602471 
-279.222637 
-31.000321 
79.435616 
-29.751649 
-68.414760 
145.485073 
63.009281 
300.020642 
107.189596 
129.043006 
315.098511 
-163.287331 
-139.115576 
235.173256 
-162.177235 
24.198550 
170.660926 
83.200979 
214.186923 
-143.809639 
-7.624637 
-187.503428 
493.023792 
412.162194 
-448.275964 
-138.931316 
211.067205 
-89.935709 
111.851324 
210.456396 
-133.306168 
198.202433 
-152.724884 
-119.231645 
134.272790 
49.322436 
-267.340126 
32.836160 
403.758760 
84.421893 
-22.680831 
123.393470 
481.812836 
-74.169567 
-0.622413 
-136.257935 
300.121798 
-322.158050 
142.621036 
54.032606 
148.847648 
184.635874 
-100.855031 
-32.477174 
2.938127 
-380.324230 
-149.405957 
-42.684926 
-81.699418 
109.748093 
-106.673783 
-239.938339 
227.018997 
-303.148594 
-345.885556 
-238.176602 
-132.765087 
135.181731 
99.052397 
151.374496 
101.574050 
-173.181097 
-56.254310 
78.269255 
392.123675 
158.184747 
-277.393506 
-228.132911 
313.646491 
-33.852523 
-144.754944 
197.259237 
-88.269500 
-75.238945 
28.487446 
-323.745441 
37.486956 
-17.613246 
-203.583485 
219.318081 
-52.492557 
-343.825146 
67.007203 
274.409117 
200.799830 
239.952578 
-178.393118 
-1.576624 
143.692676 
43.674810 
-294.420015 
62.433236 
-132.285634 
-52.683634 
-190.170600 
163.429468 
-128.869829 
18.452158 
395.017420 
8.807016 
-103.357442 
-87.975956 
201.539905 
167.766325 
593.921367 
-328.388646 
-85.499331 
-241.491843 
-136.507612 
28.415167 
358.492895 
92.794396 
-805.100605 
-440.757258 
482.290541 
100.638139 
255.838943 
-232.845836 
-34.166635 
86.756795 
-102.949798 
-175.859752 
392.124901 
-65.048511 
-422.536247 
-44.458537 
181.701190 
-234.616683 
-84.377880 
-15.932175 
291.378300 
88.639968 
-307.923740 
-49.534633 
16.194059 
1.337680 
-266.087329 
109.543351 
134.622315 
139.749042 
-101.027074 
-70.470277 
-86.384303 
307.919611 
-299.540622 
52.566046 
-108.117733 
-92.437277 
-45.101609 
549.079211 
-298.212848 
-170.645219 
-76.042205 
-22.570103 
-64.434466 
293.431088 
-545.230218 
193.538375 
-124.576759 
96.210237 
-167.270035 
102.321524 
-88.218431 
38.706920 
-69.332931 
212.750198 
-0.257919 
257.594135 
223.961725 
-100.460025 
-39.038493 
259.171999 
-63.449408 
214.227559 
-181.508781 
-297.621498 
47.882449 
336.059897 
-61.832557 
-35.058531 
-110.344163 
49.795136 
-223.521863 
30.399158 
-201.058957 
-28.957440 
-123.314026 
-12.206298 
33.375630 
-276.973035 
-222.106542 
-3.579288 
212.749916 
100.106700 
-213.462173 
44.585864 
14.275546 
46.446895 
414.546717 
188.833876 
-132.212604 
-113.586603 
-419.967281 
191.965560 
26.729395 
38.024765 
-66.199952 
109.782799 
-140.401569 
114.553328 
-208.609928 
105.798357 
-227.245582 
-122.406330 
169.086604 
-175.168839 
-156.708187 
-244.747891 
95.665298 
2.163879 
-19.901714 
-129.526674 
-84.296138 
12.967950 
73.807149 
187.482341 
-66.473844 
-245.461184 
-256.286496 
165.440405 
-121.550776 
-123.622123 
126.169559 
-29.086631 
75.924534 
459.391549 
121.038245 
58.743961 
97.328296 
26.704472 
102.791576 
-28.596181 
-158.670111 
-150.330830 
257.594740 
123.063548 
111.163076 
-174.755476 
-296.339254 
-253.623991 
280.016762 
-223.184040 
3.685067 
-104.438357 
1.132379 
-177.917503 
145.484957 
-21.532102 
4.306212 
-37.387164 
-203.277962 
91.696166 
-115.778796 
-7.082128 
138.854463 
286.998708 
10.945914 
-45.100842 
-107.461725 
-234.985800 
60.004143 
-121.989866 
-167.615037 
211.041674 
-170.632991 
127.958965 
-22.679937 
6.035074 
-347.269361 
-38.077750 
-9.327015 
-135.136923 
-225.451503 
15.741027 
82.514434 
-0.258061 
29.769442 
-8.157318 
123.062515 
123.062205 
-125.910907 
-42.123260 
-190.432183 
100.640795 
78.218668 
103.878333 
-157.958582 
-196.868078 
-12.852540 
151.062026 
-58.031523 
100.640656 
-50.006942 
-22.679339 
2.070686 
67.675782 
49.688939 
135.757078 
-128.441263 
-200.911660 
4.505060 
33.374840 
-105.481754 
47.763489 
-63.973188 
-263.257234 
-167.012294 
105.836040 
-139.858774 
-86.356195 
-127.912648 
-45.733338 
138.571177 
100.640605 
-380.657276 
143.996964 
-174.960263 
112.762928 
-152.843437 
-63.659408 
-247.699415 
-318.386908 
-98.903850 
134.373074 
83.332668 
-35.399594 
-33.890170 
-146.697351 
118.984820 
-38.512040 
-559.665548 
159.250917 
-257.301768 
-233.284153 
8.115435 
52.833023 
-193.941369 
-56.312717 
-285.868781 
-159.095914 
-67.523609 
-540.803503 
-335.530586 
-11.469469 
-33.891062 
-222.628554 
-164.904771 
-145.390243 
47.248734 
-123.112213 
-151.690092 
-67.524431 
-129.486582 
-45.101872 
-10.777816 
-28.937440 
-56.234734 
-152.115782 
-80.857767 
-129.842299 
-59.606078 
-164.908946 
52.055884 
-121.454008 
-52.001922 
-146.807879 
-127.636609 
-9.892691 
-45.102488 
-80.411971 
9.995839 
-327.608831 
-88.622972 
170.888290 
-30.593178 
-22.680696 
55.796063 
-128.596984 
-67.524708 
-55.918685 
-199.654743 
-61.149448 
-92.644215 
-235.410245 
-68.275646 
10.952861 
-14.093684 
-26.570049 
-74.042800 
-291.992145 
-192.245545 
-107.638675 
-158.622799 
-282.523025 
-49.160938 
36.046551 
72.004611 
-109.587394 
-224.997062 
71.091470 
-52.251785 
-35.235388 
10.953214 
-154.518069 
-203.783300 
-145.999629 
-83.737753 
-146.000204 
-320.910783 
-409.812687 
268.800452 
4.527749 
-141.625545 
185.410154 
11.406859 
-488.910715 
-217.754928 
167.266250 
392.120688 
-3.236439 
134.387346 
-124.494507 
123.317306 
99.829700 
312.546962 
113.070403 
-309.369697 
112.764541 
111.845326 
39.772629 
243.081793 
246.381826 
122.932368 
211.974851 
-391.878433 
-23.973465 
225.950029 
337.657173 
228.971567 
-334.834456 
23.965526 
95.908037 
115.142382 
351.154852 
-251.260030 
198.936238 
-129.000241 
-94.555612 
661.185134 
577.277491 
-213.250971 
-115.197123 
27.161500 
255.374284 
750.484097 
252.555292 
-386.851080 
-33.277063 
156.694262 
367.108789 
71.419179 
-36.860569 
24.073594 
92.933704 
-112.507308 
209.156095 
313.645937 
308.523834 
-102.574756 
275.552867 
-208.073084 
63.679626 
-108.430809 
193.537368 
352.742766 
18.584137 
71.650766 
-74.780323 
250.345026 
438.573154 
66.051610 
151.306302 
55.164522 
-161.092624 
-87.085251 
346.327126 
452.429296 
-81.246811 
-159.783391 
186.346841 
291.530718 
154.913725 
-225.949842 
-42.904905 
-73.048090 
311.654559 
82.624741 
89.428753 
121.664537 
-73.247000 
-220.693198 
308.416197 
36.576766 
56.590168 
-98.237829 
201.533568 
-7.427044 
113.164292 
33.914010 
167.373725 
-458.612547 
-147.936287 
63.000741 
23.477265 
773.296386 
185.876879 
-389.081967 
-9.001070 
-3.197210 
-180.267323 
179.114309 
-118.790449 
-168.648048 
-68.473033 
-255.732192 
31.122143 
459.390173 
-2.799999 
-391.900888 
-288.024720 
-108.798283 
5.511620 
268.791092 
104.613857 
-22.676800 
-72.541575 
12.498946 
-159.428586 
324.219396 
-305.749591 
2.331939 
-37.094679 
-93.608309 
179.255959 
-57.560294 
-119.703455 
-203.947839 
-43.335578 
19.939852 
-25.809835 
35.835251 
-392.647282 
5.403202 
-189.513987 
324.107356 
-215.870357 
-367.314040 
-108.761087 
-264.375574 
350.417537 
141.606183 
-86.975150 
9.747300 
-196.849235 
139.617594 
80.276934 
-22.679774 
121.149458 
-3.548847 
-83.428620 
436.968139 
-232.093718 
-411.570815 
6.823828 
260.797303 
166.404175 
329.324282 
-434.538085 
-103.655766 
71.509602 
-130.430591 
166.102840 
-40.675118 
-446.417842 
89.430347 
280.012559 
360.956897 
-134.731166 
-65.423640 
-155.786869 
-81.378053 
5.135613 
78.578324 
2.892138 
59.239317 
155.181090 
20.957068 
213.317281 
-108.430530 
-57.632974 
-28.929059 
60.760885 
201.920010 
-9.235947 
526.658094 
213.734829 
268.806439 
-467.036116 
-155.346972 
-180.243667 
-156.319529 
-80.875479 
291.228715 
85.064799 
-118.185610 
-142.250130 
-50.406399 
-34.610231 
184.729153 
-88.334800 
112.312692 
35.487330 
-417.396220 
126.134390 
235.171331 
245.320693 
268.056927 
-299.635721 
-165.325377 
139.467169 
50.425771 
288.271821 
-109.904801 
-43.966040 
-181.131134 
-53.934412 
68.542258 
82.727137 
109.979139 
53.550332 
197.923564 
-19.488206 
-95.795195 
-35.257416 
5.760527 
-188.690906 
110.344007 
81.214343 
-263.790331 
-118.933778 
750.870578 
268.801007 
-264.815502 
-217.801694 
-87.324509 
139.605961 
406.452762 
11.576475 
-402.823747 
-92.770575 
237.764542 
-14.067816 
-75.951666 
325.900916 
-39.204226 
-58.060272 
-174.056006 
-22.683082 
-0.261734 
134.270451 
302.435656 
-47.039254 
-115.790767 
232.343522 
-209.597675 
155.669308 
22.967135 
-102.094558 
26.751646 
205.090145 
-329.482373 
18.582250 
151.549439 
-42.200658 
-302.913761 
-50.106105 
-212.292917 
-15.085674 
-42.150516 
58.342968 
44.584067 
-93.125671 
-63.227400 
-161.828579 
44.584412 
39.854709 
-866.169571 
156.694406 
404.624308 
109.420806 
302.435073 
152.958308 
-347.341909 
-50.226144 
-413.666147 
-124.291038 
-94.963862 
162.906077 
3.790322 
-26.064531 
-189.884271 
182.278497 
-278.687489 
67.333034 
9.934637 
-152.498458 
75.220489 
0.530055 
-172.466754 
142.393499 
286.056256 
-166.822241 
-131.361988 
-41.466540 
-33.357397 
110.887898 
274.627921 
-145.347646 
-112.812559 
68.302941 
-268.950461 
171.877193 
20.040386 
-66.822213 
-7.596725 
100.729973 
386.881947 
235.169375 
-146.325861 
-190.879022 
-5.743228 
12.021197 
108.762927 
269.285266 
-119.391589 
-50.464048 
145.482038 
100.639855 
-23.874134 
12.536493 
-32.124069 
152.956424 
123.061928 
171.089357 
-130.598026 
7.353416 
-22.314508 
-70.551642 
-45.101859 
31.273481 
-214.375579 
76.384940 
169.452982 
26.218666 
40.584213 
-95.311291 
-244.077478 
188.015507 
-105.565546 
347.279437 
356.396588 
-398.241988 
162.277781 
36.609602 
-88.851368 
156.768772 
-246.978221 
78.881967 
190.326651 
-166.813755 
-97.157867 
-84.462988 
-25.372081 
-34.484666 
-317.873854 
-173.336498 
-70.196487 
-0.260916 
-56.480304 
142.082702 
123.062219 
-22.682477 
-56.851784 
30.152321 
-131.884480 
123.064723 
-22.680021 
42.281254 
-301.464593 
-32.675496 
105.770444 
-46.871368 
104.434854 
22.159705 
-73.829247 
134.269328 
159.601627 
-136.896690 
-19.580253 
-10.751295 
-91.978717 
-309.618657 
291.022804 
-325.373156 
141.682800 
-154.610834 
104.431018 
-97.559337 
-12.342535 
-61.267036 
37.896183 
-106.263480 
713.038410 
-226.769090 
250.626373 
-45.102897 
-72.745593 
-151.701590 
64.068262 
30.571346 
6.991269 
-126.723397 
-38.983319 
-219.113063 
63.667172 
-156.997512 
-45.348399 
30.754020 
-33.891853 
-134.847220 
-2.752185 
5.259803 
100.154300 
110.712545 
-131.996246 
-319.583697 
-130.845158 
61.411993 
40.490350 
-22.678761 
6.482266 
-232.177924 
78.219264 
-251.043951 
82.775162 
44.587165 
33.374296 
-34.155586 
-314.551034 
-149.248016 
81.525085 
-60.965104 
-200.961313 
10.955115 
-124.595321 
-0.257979 
-185.613015 
206.452518 
47.588704 
-101.930653 
-342.077788 
-193.844665 
-192.818943 
137.292680 
-22.397554 
-63.841327 
63.227090 
-141.783267 
-143.127767 
-89.291925 
-0.258084 
-120.291339 
77.945796 
-197.725985 
-153.161471 
-162.203813 
-73.491331 
167.906480 
-0.258568 
-439.180386 
10.952393 
-319.716713 
4.617807 
-226.723798 
3.913478 
-184.147981 
-107.751509 
-78.734293 
66.742951 
-289.281941 
-74.336613 
-83.494284 
-96.955682 
-52.325117 
-88.878323 
-139.465642 
-138.788274 
-68.127905 
-278.962237 
-124.152158 
-159.299481 
247.254428 
-355.072734 
64.604697 
-146.002387 
-130.013745 
-112.280263 
-146.001077 
-47.302796 
-146.001776 
-356.611871 
-80.493105 
268.802847 
-25.488246 
-60.672736 
256.867171 
-97.225577 
-334.952700 
-98.167393 
-45.492062 
414.544448 
-379.300646 
204.515129 
-72.412477 
73.727400 
-28.765492 
585.992238 
-5.156954 
-223.594837 
135.132652 
78.218357 
-95.571012 
341.784037 
134.271508 
68.786710 
67.005841 
-214.732599 
-205.235314 
531.968589 
226.551311 
3.983193 
-108.013474 
-19.223247 
-122.675672 
113.492324 
21.224204 
-203.662226 
144.773622 
-7.028859 
-204.852427 
571.499428 
389.307742 
-18.591606 
33.479121 
12.376221 
121.064662 
581.662054 
95.996787 
-277.889772 
-142.033843 
111.852159 
-41.078938 
-6.573914 
-47.088389 
-32.976347 
-52.806159 
-131.196205 
142.906759 
324.859990 
47.427676 
-276.898841 
-138.483017 
-390.292235 
-7.123223 
-103.223361 
-61.664602 
51.360705 
-302.865405 
-150.280996 
-218.584293 
471.923516 
126.808681 
-29.511216 
128.152959 
-185.043245 
-129.836611 
29.550009 
316.999904 
48.651959 
-80.979343 
0.298431 
-104.738923 
131.645089 
114.385984 
-47.407360 
-345.173641 
-208.170237 
-63.132501 
1.874855 
425.758408 
17.549077 
-68.357278 
-109.787185 
308.418329 
256.508685 
-70.897697 
203.164606 
268.805224 
-28.389904 
-80.133012 
-17.921766 
-249.675792 
-143.905048 
-19.492903 
139.404424 
97.987907 
459.393370 
122.672483 
-223.772687 
213.771195 
77.021030 
-118.096111 
526.658414 
100.697851 
193.521550 
207.226225 
36.119710 
48.601012 
134.277749 
203.192352 
-158.030203 
-51.606872 
6.936398 
-41.607751 
436.970752 
-306.755901 
111.856060 
-82.227432 
224.797134 
62.467856 
375.817167 
196.581522 
19.231996 
30.901171 
80.576659 
164.980483 
-65.154835 
-150.500827 
-40.971137 
-194.676895 
25.462174 
-57.678617 
128.103524 
-503.347572 
79.039301 
-185.724402 
21.042778 
-241.968615 
-311.885630 
193.892324 
-156.511424 
425.851959 
-114.742664 
64.459001 
61.358227 
-114.802433 
234.010240 
47.979134 
179.117746 
25.330628 
25.895905 
-186.425623 
111.854456 
-50.778253 
-216.781491 
159.579216 
126.545338 
96.910278 
228.653120 
210.123736 
-201.947317 
-47.156798 
-33.318242 
-168.890255 
66.775760 
-494.617445 
134.275081 
302.438011 
56.986969 
-321.828455 
-194.352759 
-129.350542 
-112.826924 
-5.947493 
-201.959121 
-104.042772 
-50.522550 
31.157132 
-150.758421 
-60.541518 
1.466830 
-21.857675 
-39.622226 
158.896627 
262.763057 
-14.134816 
268.805921 
208.551563 
280.017366 
-365.973214 
-308.055234 
-263.080749 
1.577253 
74.861422 
436.969748 
130.405317 
-633.915130 
-185.974174 
-28.363314 
95.084583 
-8.659698 
-27.968038 
-169.051690 
254.532464 
-96.043206 
-86.160122 
134.274161 
288.531626 
191.824266 
-306.865518 
-228.255457 
24.511857 
184.518717 
155.857694 
4.288371 
-237.585481 
-324.380774 
11.668370 
124.222408 
84.516093 
44.320390 
-70.276721 
-68.801938 
-45.043227 
-49.298276 
-146.459542 
64.168773 
-133.978187 
-155.690031 
47.486404 
-166.316740 
-16.967997 
280.015264 
246.381632 
-241.549572 
-377.520346 
220.284587 
-200.023674 
-43.093991 
-238.195634 
-332.623295 
116.015032 
186.590891 
218.482681 
-207.451579 
295.372895 
457.662697 
191.842857 
-266.692897 
-45.101341 
212.749376 
347.279410 
67.006747 
100.691967 
-160.330089 
307.548203 
93.062273 
71.714025 
-108.044062 
-38.111430 
146.851724 
345.987538 
-172.893316 
-181.742776 
27.534780 
-157.250464 
-286.502798 
-39.126620 
-134.509919 
43.042605 
-69.022102 
-492.351189 
-45.101956 
184.303285 
-105.530460 
-246.370365 
67.008634 
-7.221777 
-313.068133 
436.968890 
110.530134 
-48.276026 
280.015455 
-181.875179 
-222.949094 
-158.797171 
317.851811 
-292.889641 
-71.015289 
84.169997 
-223.662623 
-83.475667 
-332.415212 
-79.633765 
-119.649165 
-398.931415 
6.176804 
-72.483744 
115.592108 
210.442934 
267.586603 
-40.951520 
-127.570134 
140.013151 
90.962488 
-108.127479 
-252.371169 
-11.248281 
243.647387 
76.981924 
30.054877 
-256.016608 
-215.130384 
97.301959 
-53.271105 
-141.081041 
116.891806 
166.737787 
41.988342 
-33.890211 
-131.999397 
-94.728504 
89.864038 
197.338196 
-40.945811 
83.187668 
-92.555489 
-125.739805 
100.641156 
-56.311846 
-184.025395 
137.536415 
1.797131 
-38.372278 
-0.256116 
236.993307 
-48.988896 
227.987282 
-88.260424 
-56.361096 
347.282457 
-65.094709 
-120.977744 
-56.043018 
181.036106 
-34.475287 
89.844568 
116.949781 
-26.373901 
258.473927 
179.402729 
67.008374 
-563.605820 
-448.692996 
101.668266 
-18.277722 
-271.940768 
67.802735 
-202.629689 
-141.480331 
67.008459 
-260.926040 
-163.295714 
130.212224 
-147.570288 
-40.573178 
-568.876423 
-143.663838 
33.501197 
212.752501 
-6.997015 
-69.745074 
10.952646 
22.165304 
137.137236 
-145.106056 
-112.331439 
33.374666 
10.951055 
-71.941551 
-50.335110 
-21.721616 
-109.353495 
6.319188 
-110.331083 
89.430612 
-87.140046 
190.327522 
144.954577 
-95.792245 
-11.054658 
-40.610084 
-130.967696 
-226.581127 
161.541724 
179.117272 
16.407990 
70.329292 
-126.268364 
-204.219623 
-29.216480 
-39.139624 
-227.139686 
-30.274083 
884.096436 
-178.773678 
186.468832 
33.375549 
-229.543743 
162.687492 
-144.801931 
31.541738 
-306.453428 
-19.925101 
-181.968712 
-122.031803 
18.498029 
-86.128629 
-94.771737 
-61.574486 
-22.677942 
-92.707038 
-61.371062 
94.300641 
30.264911 
-71.610283 
-141.268096 
-153.289994 
-239.118686 
180.389888 
-55.373861 
-33.889566 
63.465076 
-167.110814 
-67.521872 
21.697031 
-117.091205 
-67.522478 
-45.100724 
-289.535446 
-252.306553 
151.129515 
8.565205 
-28.306991 
-171.715755 
-0.257428 
73.996766 
44.586121 
-210.528731 
81.354670 
-29.081991 
-105.281996 
-234.146248 
14.774338 
-241.084570 
99.801425 
8.706464 
-217.578780 
-156.560724 
-138.189646 
-142.964499 
-63.599241 
167.906068 
-95.595665 
-176.786889 
-191.743200 
-77.921454 
-80.463426 
-11.157541 
33.374378 
-89.947057 
-402.660035 
-22.679954 
219.476703 
-170.552278 
-156.272726 
-247.018548 
-79.876179 
19.723715 
-146.000235 
5.305415 
88.201112 
-170.330144 
-158.603076 
10.954001 
-267.175952 
133.326209 
-93.126501 
-262.427111 
-142.272341 
147.463957 
62.411287 
-152.297132 
-83.042541 
-243.032729 
42.747382 
-145.999873 
67.187362 
273.150547 
-145.998537 
-74.557670 
-146.000583 
-222.835365 
69.936704 
425.759929 
-270.861653 
-236.641854 
313.604179 
-65.017763 
-271.235544 
-122.081732 
-144.261663 
10.953851 
-314.381470 
-40.170944 
125.750773 
-28.748861 
215.226620 
326.876662 
152.415370 
4.887597 
227.626097 
167.906914 
176.917941 
54.076734 
257.594753 
457.522872 
85.538753 
-571.708632 
-132.084311 
313.266713 
325.214215 
152.095507 
117.508242 
-38.944196 
26.944358 
233.993784 
5.709837 
-97.564548 
111.071656 
69.671979 
121.130865 
268.803332 
292.414907 
240.656144 
202.841782 
87.795283 
212.183200 
519.935797 
63.926448 
48.376203 
-36.793468 
414.546937 
-32.960124 
401.084761 
-162.965137 
123.542979 
-31.789111 
576.521829 
-124.797167 
414.547790 
162.236755 
-39.027171 
103.283580 
-8.453915 
-49.092793 
120.179850 
-103.601942 
65.066888 
-199.739399 
-239.651472 
-154.769433 
256.879956 
233.843333 
87.155842 
-175.318844 
-147.135665 
-66.510080 
184.714509 
488.932834 
670.997374 
-329.600376 
-16.650056 
-115.717783 
36.917440 
89.535957 
13.244585 
-201.305207 
-215.169651 
-141.248103 
0.916734 
358.492233 
161.144963 
37.420113 
-7.973207 
212.748598 
221.617530 
-130.836526 
-83.565976 
246.381218 
-227.210932 
-161.726499 
320.601762 
-71.809811 
-53.664929 
163.536955 
11.762109 
24.720409 
414.544381 
159.758695 
-168.535081 
128.940349 
-166.585810 
-49.912510 
504.233196 
166.741653 
-161.127126 
85.634318 
-41.913910 
210.860099 
179.115449 
362.437589 
-203.087064 
-254.378279 
121.439163 
67.902277 
481.812937 
-175.769121 
156.693519 
68.691231 
374.769740 
110.224443 
268.732838 
72.686100 
220.589070 
-39.003182 
72.088745 
12.107091 
-60.401546 
-149.902911 
-2.160352 
-54.492426 
-366.281001 
176.308627 
254.545203 
-169.822165 
-40.894296 
-209.442348 
117.597141 
-168.768917 
-199.864656 
70.836126 
18.309992 
236.860185 
-28.774597 
261.844580 
79.262776 
179.080068 
115.529143 
338.523608 
223.962589 
-46.169621 
132.019358 
-158.409688 
89.430902 
-227.619870 
-222.091227 
300.765849 
-195.706233 
44.188801 
231.553236 
54.308650 
-314.402602 
-212.335114 
-78.567947 
-85.506001 
391.348454 
-287.430611 
280.015519 
229.567850 
27.220964 
264.000662 
-72.547565 
293.656707 
-129.429842 
110.171377 
-269.286076 
-160.259562 
-166.156048 
-107.203235 
-27.313447 
-200.436439 
129.245144 
60.569408 
366.049951 
344.960879 
0.377886 
432.260291 
302.436994 
53.007512 
55.796110 
-403.700107 
-313.168095 
-27.784063 
-196.388968 
357.291193 
212.750476 
67.617925 
-599.285348 
209.570461 
-152.025578 
252.452463 
156.061937 
-183.097117 
-318.974939 
35.145521 
-118.028702 
5.256927 
268.805869 
230.491933 
-288.005842 
-4.391283 
151.275506 
-98.140146 
251.903502 
-88.587704 
-43.021461 
-313.846076 
-112.547174 
-3.588802 
-63.571893 
49.143519 
-120.644498 
-1.207040 
-178.102313 
76.482168 
181.305720 
-65.934428 
5.289133 
-183.992680 
-294.642965 
95.066468 
236.848692 
-45.518475 
246.383774 
593.921788 
-242.465876 
-168.355351 
36.633031 
-163.343420 
87.627213 
52.037477 
-641.092461 
35.102558 
-69.456709 
58.607621 
-123.740528 
19.110066 
323.517577 
283.890364 
-78.240641 
235.170583 
179.117815 
145.484429 
89.428626 
202.615130 
-53.702558 
454.694810 
144.705915 
49.884681 
-382.655237 
-199.654634 
201.988671 
291.094547 
-221.874290 
-14.394644 
-244.255118 
-133.727551 
-162.067086 
88.390356 
-97.624771 
134.767749 
-271.484171 
-316.281971 
190.329261 
21.838619 
47.028295 
-362.481042 
280.015254 
-247.292580 
22.539743 
167.907289 
2.852308 
-104.127337 
89.431955 
117.084403 
-293.560452 
-241.380506 
113.256564 
-482.677172 
-32.206079 
-57.286581 
-260.712332 
-41.053275 
-228.459820 
-184.148806 
-61.933461 
-181.936535 
-431.333523 
15.385149 
108.374600 
31.532653 
-35.180126 
-147.708426 
-29.053349 
47.346539 
51.766378 
-116.941826 
-168.811737 
19.950505 
-40.065958 
11.040547 
-225.775992 
-176.985834 
-206.867541 
31.319736 
-251.115268 
-238.618408 
316.625001 
-92.227788 
-28.424101 
-0.257771 
-195.791619 
-31.111809 
-50.357587 
123.614465 
-80.445962 
27.650936 
-40.904048 
-25.050806 
-33.891981 
-22.680646 
126.030732 
69.385981 
-6.752875 
-301.457064 
235.171429 
-8.802774 
-6.761762 
-62.965901 
-310.665623 
-296.277144 
-22.680058 
80.123310 
-85.821031 
-289.470943 
130.409690 
-92.722700 
67.333959 
-19.552595 
-29.096954 
195.986874 
61.565701 
78.219210 
-520.166343 
249.887495 
85.950885 
-40.528660 
-169.837506 
57.676029 
-229.213969 
146.685981 
-0.257535 
-163.999341 
-475.816557 
-6.956267 
-225.489016 
-226.047851 
-514.191560 
-84.221765 
-186.069889 
55.795653 
-73.657665 
-198.311640 
-67.524546 
145.483182 
86.175959 
-43.789008 
-91.737004 
10.951632 
22.166389 
205.778827 
-146.000367 
-10.768190 
-194.773654 
137.634550 
-15.287088 
100.640399 
-227.277430 
-67.524242 
-204.497621 
-25.727698 
0.802226 
-203.240975 
-53.501950 
-464.431758 
37.731410 
201.536225 
-48.869359 
-139.774645 
-178.544366 
-111.995434 
-131.907027 
-30.365891 
-30.836197 
-117.022757 
414.457345 
-226.819095 
51.591418 
-33.891002 
-65.133243 
209.748283 
-96.254151 
33.909440 
-288.481359 
-79.117294 
-59.160834 
-279.367908 
-152.134024 
-203.512149 
-55.598155 
-15.616180 
-45.099793 
-322.883254 
-17.523160 
75.849202 
-441.073636 
-172.433418 
-231.952791 
-190.276475 
-108.239878 
19.051422 
-252.395154 
-22.677532 
-115.585529 
-194.601248 
-22.678761 
-65.076833 
-152.451052 
22.165363 
33.375158 
-30.474541 
-293.941701 
66.380198 
15.410289 
94.296787 
-115.805847 
22.164417 
-18.482703 
167.906939 
-39.349888 
-121.696456 
-99.487725 
-235.732251 
-321.381387 
92.326753 
-123.786081 
-73.659807 
-95.747724 
-34.585137 
-202.088697 
-11.913314 
-107.405220 
86.306650 
-11.469090 
-108.446563 
47.310006 
-173.241175 
-271.925630 
17.628239 
125.233739 
-22.679969 
22.163432 
-118.521797 
33.373910 
197.885082 
21.863203 
59.817307 
-26.368554 
-232.675184 
108.531999 
-145.999506 
-51.676214 
-30.620554 
-139.277576 
-354.153779 
-146.000478 
-79.769886 
212.662400 
-118.641138 
-272.995902 
-201.236176 
-5.002137 
42.493526 
-111.462725 
-158.797834 
-11.424839 
7.242360 
-145.998102 
272.321510 
-20.069760 
-145.998552 
98.313824 
-145.999347 
-342.312532 
-4.678699 
392.126677 
-199.987035 
17.034684 
-35.264393 
-263.033736 
-236.699535 
260.584350 
375.018062 
223.963229 
6.014606 
-229.333423 
-180.098594 
348.163944 
-51.676105 
9.941662 
31.009007 
-476.076515 
-22.832100 
-67.522628 
201.110121 
268.969722 
201.540392 
370.570316 
202.605065 
-526.957688 
423.815935 
508.444194 
273.320822 
81.679228 
-66.010274 
-162.859004 
4.464057 
153.011644 
-227.345904 
-166.917519 
190.256210 
14.077632 
213.017886 
549.078514 
209.944992 
28.979036 
111.734394 
12.713699 
254.782526 
442.495230 
-192.621545 
13.582776 
-20.946921 
369.703098 
-165.728114 
276.703376 
125.861395 
51.096531 
-224.477150 
288.821315 
-102.977427 
156.695107 
239.046462 
114.081833 
51.884560 
3.091846 
227.071380 
92.629966 
-0.364778 
228.909385 
-342.453958 
6.826329 
42.586262 
-115.411208 
79.953573 
90.770094 
-170.782146 
-51.335666 
84.201811 
-103.641797 
187.751218 
742.560389 
43.771476 
15.635954 
226.704138 
140.273402 
-22.488349 
-53.148178 
122.952097 
6.822937 
-69.035377 
-76.578646 
504.235891 
-5.450028 
-67.930812 
-126.208760 
-38.373781 
322.992610 
21.063169 
-87.107962 
324.861169 
-14.825462 
-38.181310 
156.276096 
24.745253 
-10.290054 
13.165727 
133.833782 
151.332474 
280.017052 
23.161464 
-102.953609 
6.285581 
-31.765735 
4.728703 
89.431323 
-13.978868 
153.125665 
-6.179645 
236.680973 
-76.265218 
358.494755 
224.335950 
-75.179068 
-222.923729 
92.310487 
52.273319 
-22.678619 
-16.630713 
246.384116 
167.557893 
146.296215 
15.783947 
216.889181 
-24.522461 
203.105821 
-84.510511 
-259.077232 
-265.247936 
-223.671695 
65.776215 
-42.559529 
-495.249268 
-60.245574 
-27.380672 
295.825413 
-55.611165 
-98.808661 
-87.125990 
85.967938 
-506.429022 
-369.380640 
-95.991270 
-89.531436 
-130.557800 
-101.607119 
113.946022 
-213.901766 
-303.249847 
-13.650831 
127.194249 
313.649927 
-122.562381 
249.756227 
-298.315886 
201.538265 
83.301130 
-322.205181 
272.508222 
8.038502 
15.389863 
-18.920360 
-70.961078 
-250.252000 
149.520996 
-44.383173 
-247.733217 
93.788682 
-136.278890 
201.539808 
240.775824 
105.549902 
286.573207 
-54.283031 
51.963827 
79.125202 
-16.094207 
-374.729415 
10.072019 
-192.172411 
19.235365 
-265.573553 
-15.969826 
-195.752971 
-126.467604 
54.488089 
460.650430 
154.229230 
74.166358 
324.857959 
65.947951 
190.328402 
136.231144 
-67.098781 
-70.840535 
-199.054139 
58.893169 
324.858532 
119.227921 
-286.299586 
52.221367 
104.543509 
152.786044 
79.037852 
-289.297456 
-102.538529 
158.584710 
-185.546384 
-31.294024 
291.225122 
149.671870 
-347.798035 
-193.920352 
137.353663 
-232.337761 
109.645687 
25.930479 
33.415424 
-236.889554 
-306.444185 
18.001316 
4.881426 
57.023276 
-158.862852 
-365.970880 
-226.487626 
-86.448875 
74.588940 
45.745772 
47.576049 
-97.694994 
-480.848788 
46.833290 
131.826917 
-141.502940 
223.960710 
593.922413 
-485.305154 
-43.578527 
-79.156558 
-294.401374 
241.964752 
14.618336 
-502.970608 
60.866271 
-271.980253 
-199.662248 
-276.448337 
105.241859 
15.038072 
241.117380 
-382.085150 
235.172716 
89.430889 
179.118585 
223.962245 
237.146063 
-28.398409 
19.670234 
1.654691 
-81.816735 
-120.396003 
-59.632614 
-128.183387 
325.010879 
-402.876481 
-185.215936 
-46.163098 
-54.073120 
-399.759683 
-115.761003 
126.498578 
40.212414 
-20.635273 
-313.244580 
257.595622 
-81.587380 
38.084419 
-57.036755 
414.548674 
-15.797659 
-205.475764 
246.384072 
10.319996 
42.973045 
89.431372 
117.084272 
-144.585130 
-233.153489 
-7.263612 
-161.635379 
257.245586 
200.038534 
35.015079 
-5.835682 
-139.295809 
27.633927 
-187.296486 
-125.747960 
120.320082 
-11.242476 
27.117684 
7.067836 
-427.317557 
-168.869472 
9.604260 
114.999031 
-121.280978 
-147.553778 
-129.716837 
-142.035655 
7.903139 
-94.673911 
-97.307512 
90.607067 
-458.997882 
-51.701389 
-176.009923 
132.519192 
382.531185 
27.935658 
-123.898570 
-45.099845 
-19.112448 
3.383517 
154.484045 
173.949465 
21.716865 
-9.429976 
-166.423643 
-191.438705 
10.954558 
22.165635 
-11.622173 
-120.674094 
-91.466698 
-325.373023 
235.173720 
-38.060582 
84.268811 
121.160026 
-69.901152 
-42.721653 
-0.255841 
-22.532327 
-130.244276 
-25.321112 
90.416070 
-54.714392 
-86.218842 
3.242417 
-119.392249 
0.337537 
10.558817 
167.908296 
-52.808157 
-405.251701 
248.122629 
58.085718 
-285.938780 
36.752601 
-234.446738 
26.454881 
-22.677763 
-70.587857 
-157.066370 
-26.405135 
-170.709103 
1.772828 
-95.791495 
-71.124497 
-117.747995 
100.641574 
73.009153 
-31.442023 
-45.100932 
235.171975 
-115.738570 
-52.318798 
-215.701906 
-0.257142 
22.164513 
197.254673 
-122.082735 
99.843389 
-118.033754 
99.358388 
160.361349 
145.484389 
27.068936 
-45.102015 
-100.218402 
22.365625 
-78.051406 
193.269770 
63.104948 
-176.375804 
-78.774587 
246.381645 
154.123825 
24.171257 
-115.477260 
111.359380 
-207.438937 
86.349528 
89.329305 
5.003578 
195.276035 
-142.131293 
139.981267 
-56.314019 
-100.861798 
201.118497 
-76.405391 
55.378483 
-247.526776 
238.279899 
64.404149 
-50.617129 
-150.127380 
-112.491372 
70.890118 
29.466908 
22.162652 
-271.093143 
50.391727 
95.698181 
-766.019137 
-18.923779 
-157.844417 
-123.720750 
-161.575270 
129.958438 
29.031193 
33.373789 
85.866006 
-31.582515 
-22.680761 
-206.485102 
-296.962475 
-33.892068 
-22.680974 
-202.164814 
-259.854004 
25.189119 
-123.010954 
55.878470 
-161.585099 
-22.680900 
-163.710458 
78.218487 
-63.655055 
-65.821070 
102.204716 
-305.690693 
-167.414401 
-126.032095 
-219.948022 
-110.505936 
89.779935 
-74.918612 
-230.574873 
-136.577651 
31.669206 
-40.084391 
-89.944991 
40.647432 
-114.849961 
-258.600218 
57.435120 
-34.620234 
36.971864 
-45.101429 
-45.101947 
-287.542524 
-33.890709 
-202.478323 
-7.843656 
274.352126 
-94.030515 
-229.239250 
-156.529264 
-146.000006 
11.616737 
197.446613 
-72.586145 
-383.408525 
-146.000226 
-58.496362 
-260.332997 
-270.859544 
-3.947792 
77.710832 
-40.426401 
-180.506850 
-310.461725 
-15.882802 
-46.620735 
-70.146595 
-146.000729 
165.690295 
-233.982064 
-145.999212 
-113.448987 
-146.000630 
-227.747290 
-199.828996 
-146.000000 
-146.879456 
-149.568534 
-139.721380 
-148.715119 
-145.372582 
-146.000001 
-146.050024 
-146.000001 
-150.953202 
-134.603466 
-141.534623 
-147.570544 
-138.659588 
-146.216176 
-141.921990 
-150.220251 
-146.867227 
-134.789063 
-147.360742 
-141.691381 
-146.000000 
-138.975294 
-147.707293 
-151.294072 
-140.225637 
-138.788402 
-145.390658 
-136.900526 
-144.818825 
-136.547202 
-139.945246 
-148.200275 
-147.667471 
-147.156280 
-145.047317 
-141.553236 
-148.552553 
-146.000000 
-146.087416 
-146.374644 
-150.383368 
-150.643839 
-144.915988 
-144.291243 
-148.676909 
-145.918047 
-147.177099 
-134.789062 
-147.488124 
-146.808580 
-141.896355 
-146.129648 
-146.000000 
-139.131908 
-147.584605 
-134.789062 
-140.962849 
-138.877825 
-144.971717 
-138.828392 
-141.322817 
-148.348112 
-147.210257 
-134.914874 
-144.566869 
-153.058149 
-146.066147 
-140.477885 
-148.261589 
-143.943327 
-144.631371 
-133.642740 
-138.110935 
-149.143732 
-139.879468 
-111.573080 
-144.897580 
-140.465394 
-145.762572 
-148.225169 
-147.577012 
-146.561797 
-149.956685 
-151.190093 
-151.476861 
-140.679674 
-146.000000 
-153.395480 
-148.664431 
-143.490398 
-146.000000 
-146.485694 
-140.666717 
-144.383370 
-146.000000 
-145.186973 
-149.171188 
-145.183697 
-150.401015 
-143.879759 
-149.507160 
-143.319819 
-147.593042 
-146.000000 
-140.557398 
-136.667953 
-136.838883 
-147.434935 
-147.372459 
-145.999999 
-146.064791 
-128.238019 
-143.502096 
-151.203884 
-139.382985 
-146.000000 
-144.904599 
-145.443375 
-151.371020 
-137.648991 
-146.700405 
-146.000000 
-147.413934 
-146.000000 
-145.473313 
-147.283089 
-145.953101 
-142.349220 
-139.037721 
-143.740698 
-142.973710 
-146.673047 
-144.146515 
-142.618134 
-133.793536 
-150.215245 
-141.890592 
-141.549871 
-144.667214 
-148.895949 
-146.000000 
-146.942748 
-143.612942 
-148.929554 
-145.873647 
-151.396286 
-150.951480 
-144.509672 
-148.537813 
-145.797335 
-141.206145 
-152.345647 
-144.724304 
-146.036593 
-146.384341 
-134.789062 
-140.527061 
-145.110284 
-141.244997 
-146.000000 
-147.174856 
-151.156001 
-145.346778 
-140.675269 
-144.713320 
-143.066488 
-146.626624 
-154.273038 
-144.122780 
-147.304713 
-140.992567 
-136.743477 
-149.297097 
-134.789063 
-140.394531 
-144.419082 
-146.064791 
-140.675926 
-149.436547 
-145.911647 
-143.015488 
-146.511794 
-149.314788 
-145.686668 
-150.482525 
-146.135230 
-145.772871 
-150.316314 
-144.137844 
-142.976262 
-141.670699 
-146.794048 
-141.227899 
-146.000000 
-146.834109 
-146.000000 
-143.289915 
-148.443360 
-146.861436 
-143.401552 
-149.014236 
-146.000000 
-144.369905 
-150.601267 
-144.095969 
-150.624102 
-145.334825 
-144.803903 
-149.105957 
-148.816121 
-140.992514 
-151.323066 
-143.591877 
-146.000000 
-148.160333 
-146.000000 
-142.523343 
-143.974687 
-150.039330 
-140.913306 
-140.215848 
-148.737774 
-143.943327 
-140.306660 
-148.775922 
-144.606805 
-149.057214 
-154.037749 
-145.636439 
-147.528213 
-148.793464 
-144.527616 
-144.536106 
-148.707962 
-149.322681 
-141.618937 
-147.928130 
-142.495497 
-141.990101 
-146.000000 
-146.000001 
-138.979436 
-144.234069 
-145.322052 
-145.434417 
-141.720724 
-150.265961 
-144.853280 
-146.964015 
-147.842478 
-145.554529 
-136.086466 
-146.635576 
-143.791148 
-148.750380 
-148.050658 
-146.000000 
-146.000000 
-146.000000 
-146.000000 
-146.064791 
-144.729658 
-145.733956 
-149.659731 
-147.786733 
-152.204177 
-134.438998 
-146.542378 
-139.660419 
-144.454434 
-145.235432 
-147.620372 
-139.748373 
-145.176880 
-143.204394 
-148.249586 
-139.016889 
-136.614507 
-146.931367 
-146.000000 
-141.553235 
-140.974930 
-147.617908 
-146.000000 
-138.957905 
-138.685505 
-146.000000 
-144.169465 
-138.801672 
-146.000000 
-146.000000 
-143.770171 
-141.903744 
-134.789062 
-147.948582 
-145.473314 
-143.174153 
-146.249415 
-144.776832 
-142.933007 
-146.189998 
-145.698044 
-152.760874 
-145.811055 
-143.381127 
-146.799185 
-147.935357 
-149.750486 
-145.939258 
-152.346593 
-145.469735 
-132.443071 
-149.647924 
-146.996442 
-146.465371 
-141.646401 
-143.798644 
-151.388720 
-143.879759 
-144.906111 
-149.944856 
-137.212720 
-143.363381 
-147.667471 
-145.761377 
-139.439740 
-146.000000 
-151.518267 
-147.620598 
-141.374724 
-145.168885 
-145.939259 
-144.674436 
-142.289423 
-147.981971 
-146.000000 
-146.000000 
-140.229982 
-147.403589 
-144.288011 
-134.041667 
-134.789063 
-140.290758 
-147.491194 
-149.570965 
-147.601959 
-144.471685 
-146.000000 
-138.224804 
-146.200535 
-148.296555 
-147.236479 
-144.977783 
-141.121359 
-148.078871 
-137.539230 
-143.285048 
-147.482111 
-146.000000 
-146.000000 
-146.000000 
-143.980333 
-147.916662 
-146.482218 
-142.838296 
-149.239030 
-147.306120 
-146.000000 
-149.664958 
-141.467375 
-144.334492 
-142.375355 
-151.595124 
-144.915987 
-145.811998 
-144.051059 
-146.000000 
-139.823827 
-144.913390 
-146.000000 
-146.000000 
-143.002028 
-144.363329 
-147.306121 
-146.000000 
-146.000000 
-137.312904 
-146.000000 
-145.216361 
-148.583671 
-144.350330 
-142.105833 
-146.000000 
-145.299316 
-146.000000 
-146.469175 
-148.135510 
-149.198915 
-139.283301 
-145.241957 
-146.673071 
-143.433336 
-157.210937 
-145.849352 
-144.160594 
-147.434935 
-146.359818 
-142.566713 
-149.350258 
-139.030832 
-148.810599 
-146.000000 
-143.572641 
-142.290608 
-146.000000 
-147.259588 
-145.943055 
-141.695981 
-146.180296 
-137.626210 
-150.651349 
-145.763922 
-143.938929 
-148.148009 
-142.688267 
-148.022762 
-145.410541 
-146.000000 
-150.998099 
-134.667517 
-153.084505 
-155.853363 
-146.130261 
-147.865962 
-145.013518 
-143.294575 
-149.203297 
-143.702608 
-146.000000 
-143.849349 
-145.692703 
-146.000000 
-142.873787 
-150.163601 
-146.000000 
-146.000000 
-145.662671 
-147.716791 
-150.058720 
-144.567965 
-142.438406 
-145.841097 
-146.000000 
-147.018696 
-134.789062 
-143.986241 
-152.150244 
-141.154118 
-149.275628 
-145.332036 
-145.544662 
-149.704123 
-147.534379 
-147.026938 
-148.275650 
-142.536697 
-142.601746 
-144.914344 
-144.654749 
-146.000000 
-145.181368 
-143.835538 
-143.838336 
-146.249415 
-146.571258 
-144.217540 
-146.000000 
-146.000000 
-147.823260 
-146.000000 
-149.480934 
-139.820589 
-141.918501 
-147.385425 
-148.055272 
-143.913905 
-146.000000 
-142.319379 
-143.224873 
-146.206253 
-145.540053 
-146.000000 
-147.395854 
-142.002488 
-144.103661 
-145.254460 
-146.912599 
-142.736624 
-144.473706 
-146.710665 
-139.500066 
-147.068189 
-143.124994 
-146.000000 
-144.436746 
-139.568004 
-146.000000 
-148.211016 
-146.000000 
-148.858984 
-143.958444 
