-140.406094 
-184.546170 
-178.463834 
-193.447895 
-196.539046 
-155.201230 
-149.666623 
-130.850459 
-100.718692 
-132.646498 
-107.222672 
-117.659619 
-128.203421 
-123.988037 
-96.750096 
-96.411422 
-78.363440 
-54.930115 
-21.343769 
-52.367696 
-58.580336 
-100.718784 
-116.349161 
-90.399439 
-102.154056 
-114.157988 
-144.179266 
-87.664205 
-91.943922 
-99.859680 
-90.824422 
-26.455352 
-72.588635 
-35.291428 
21.128679 
71.716397 
80.038224 
82.152403 
97.718610 
85.458963 
58.233461 
88.551203 
67.686583 
56.660527 
-11.508846 
21.604671 
36.038252 
72.023010 
58.031171 
29.853058 
48.313285 
-5.685147 
-24.293223 
-30.025539 
-64.760001 
-76.235298 
-61.031305 
-35.328498 
-25.092124 
-30.471963 
-47.205913 
-30.576234 
-7.198025 
-8.119636 
-14.154726 
-25.703475 
-31.872712 
-74.136066 
-64.198131 
-53.964139 
-37.793275 
-12.083004 
-16.609662 
-3.200110 
-32.936187 
-4.240633 
-38.293525 
7.557444 
21.895669 
-21.309672 
1.962588 
-28.764081 
-46.544201 
-60.101225 
-57.890067 
-64.116458 
-83.330762 
-100.718710 
-88.022667 
-84.074189 
-87.983775 
-86.166516 
-50.425960 
-72.079965 
-49.136505 
-61.031216 
-90.315524 
-128.905688 
-81.685743 
-88.012520 
-91.221064 
-90.821469 
-75.458869 
-82.346227 
-61.031550 
-100.947661 
-118.226135 
-149.954618 
-153.475427 
-165.636710 
-180.093846 
-141.087739 
-126.156077 
-82.836872 
-85.694405 
-92.088155 
-100.719015 
-140.768747 
-149.404295 
-166.028617 
-166.978392 
-194.370679 
-180.093864 
-159.643453 
-100.718939 
-140.510044 
-110.641154 
-78.671375 
-96.276255 
-76.279390 
-100.746342 
-154.300190 
-156.400934 
-158.289191 
-163.864998 
-153.712786 
-167.908243 
-171.912901 
-164.062273 
-129.503310 
-93.047881 
-67.232542 
-57.780722 
-41.322276 
-66.136400 
-56.420933 
-54.774979 
-79.364295 
-52.531776 
-106.763310 
-110.640699 
-113.518675 
-135.578514 
-191.936629 
-183.100921 
-117.340852 
-100.718537 
-38.618071 
-54.528116 
-42.552415 
18.343779 
-10.744010 
-3.332616 
5.447126 
19.701385 
73.003092 
90.511477 
60.751475 
60.939271 
71.835748 
71.832763 
46.810116 
56.544977 
3.677685 
-80.875097 
-90.796771 
-111.284244 
-136.854713 
-158.168817 
-170.700701 
-192.062046 
-198.735304 
-209.021041 
-194.528748 
-171.554654 
-173.911355 
-104.689196 
-49.094892 
-53.458502 
-28.847932 
-55.224453 
-5.729934 
-5.323487 
-21.568802 
-21.343698 
8.526295 
18.343731 
33.158694 
-16.287365 
10.458234 
15.824176 
39.018646 
58.031170 
78.850466 
39.078938 
-4.701626 
-40.967513 
-42.444137 
-67.036653 
-105.484478 
-144.933673 
-134.854959 
-65.213736 
-75.528365 
-61.031295 
-82.612629 
-54.416714 
-39.660296 
-44.519599 
-67.049776 
-143.150286 
-166.419403 
-169.919004 
-183.137585 
-152.291800 
-178.458464 
-158.927350 
-126.676616 
-127.849812 
-90.038246 
-76.828612 
-66.660976 
-81.153029 
-88.722026 
-85.831163 
-83.237613 
-115.558237 
-86.537578 
-81.636019 
-53.628707 
-1.500105 
-21.343886 
-54.478623 
-76.396571 
-100.327139 
-106.343591 
-87.224259 
-65.526466 
-108.120609 
-93.401521 
-77.458363 
-105.659694 
-74.160164 
-67.599961 
-30.850457 
-41.621783 
-21.681403 
-1.500253 
18.343509 
-41.187810 
-21.343995 
-35.254510 
-16.187990 
-26.564647 
-2.110869 
-7.420488 
-3.969194 
10.539517 
13.041454 
-17.119458 
5.023799 
-7.563082 
-16.440684 
-9.356478 
13.555783 
-11.584370 
5.684439 
-5.774319 
-69.983534 
-73.593759 
-61.031417 
-68.128493 
-41.604867 
-54.680943 
-61.031426 
-38.254815 
-79.239889 
-61.031389 
-34.869723 
-38.248132 
-21.343867 
19.666767 
41.021955 
38.268593 
34.466803 
5.109616 
18.240007 
-19.642560 
-17.689677 
9.125511 
-43.551128 
-69.836810 
-54.077422 
-59.561188 
-37.775035 
-19.786647 
-24.458022 
-35.713109 
-67.021591 
-108.761657 
-129.050275 
-155.682695 
-161.193751 
-127.805073 
-97.422571 
-70.983039 
-66.362477 
-39.814343 
-61.278220 
-51.533513 
-54.344233 
-83.888511 
-101.494131 
-99.723451 
-77.624580 
-99.192256 
-104.776733 
-100.718638 
-92.010841 
-61.176927 
-52.578825 
-69.454080 
-88.917787 
-111.209210 
-92.155482 
-102.118843 
-120.562366 
-100.718599 
-122.760019 
-133.777061 
-109.888268 
-107.333299 
-120.562415 
-68.606066 
-83.626061 
-76.467261 
-111.179203 
-87.704562 
-100.718632 
-82.936187 
-131.517121 
-131.816283 
-149.311718 
-132.457973 
-114.390509 
-73.308568 
-48.073084 
-34.736170 
-57.327178 
-61.031105 
-12.662057 
-114.361153 
-77.314237 
-76.503789 
-43.559268 
-46.513409 
-3.048574 
-12.661953 
18.343733 
-6.211047 
17.996647 
-29.256751 
19.633621 
-68.314393 
-68.603298 
-121.376740 
-112.772858 
-180.093684 
-117.579066 
-165.534837 
-160.250314 
-180.093880 
-199.738782 
-212.412426 
-172.734396 
-160.249838 
-180.093894 
-140.661502 
-191.999858 
-168.563559 
-143.324935 
-121.230560 
-155.511367 
-199.937362 
-201.177518 
-180.094110 
-199.880464 
-188.887538 
-181.304781 
-134.607788 
-87.887659 
-50.132957 
-42.044926 
-41.187652 
-69.650112 
-99.176524 
-68.808814 
-46.058338 
-31.781710 
-55.506389 
-43.983321 
-53.776083 
-58.938174 
-25.196533 
13.751057 
-21.343863 
-17.434460 
7.083351 
6.356740 
1.342782 
-25.449107 
-14.638095 
-10.157312 
12.799868 
-9.038688 
3.481269 
36.262405 
32.550406 
58.031173 
52.530142 
19.868556 
-7.398220 
32.994081 
49.015233 
49.814577 
38.012620 
61.401844 
93.343940 
110.165035 
38.187532 
58.063943 
50.524741 
38.187470 
30.968763 
88.870386 
38.187461 
58.031180 
54.070949 
76.063779 
81.840514 
96.742175 
93.064921 
87.263140 
77.874946 
53.063978 
77.874951 
65.098686 
35.790731 
30.104208 
46.303628 
29.035482 
44.368044 
50.528645 
57.324216 
89.376946 
156.598059 
126.864981 
142.434285 
147.563988 
81.445544 
77.874952 
50.051226 
2.927038 
-17.586286 
2.154011 
-19.939929 
-21.039766 
-1.500170 
-1.500038 
-8.275892 
-21.343808 
-115.943474 
-44.516937 
-109.437645 
-78.208694 
-68.041800 
-44.433741 
-41.187565 
-5.643330 
-21.188162 
-29.877887 
-66.882917 
-23.824204 
-69.952661 
-76.893955 
-96.433647 
-104.570847 
-126.011014 
-143.607741 
-88.575533 
-102.128361 
-63.120721 
-72.738316 
-48.643307 
-61.031356 
-49.195722 
-50.254686 
-21.343749 
7.805622 
-1.500043 
-2.874748 
12.259421 
-61.042433 
-482.781949 
-34.958238 
-22.655295 
-42.643583 
-176.121558 
-149.679597 
100.461506 
-100.729693 
-599.984208 
81.338803 
-417.682684 
-79.867725 
-226.740811 
5.426624 
209.710662 
-202.409019 
-37.358679 
-61.037446 
26.493879 
-27.546872 
-61.038687 
-164.145883 
173.896602 
-126.794750 
-213.756858 
-760.003874 
-14.586688 
-320.465355 
-81.953063 
16.687871 
-141.188868 
-74.021615 
-109.320501 
-327.896089 
447.422342 
-150.432598 
113.315130 
-61.029561 
99.055637 
-185.876813 
-345.405320 
-411.523367 
66.369742 
538.038063 
-409.895532 
-254.516068 
72.587497 
-61.026925 
-105.958821 
-176.563218 
-58.056810 
-73.830178 
-64.747609 
111.151189 
-141.970441 
-21.337301 
48.279253 
-78.170392 
-143.959543 
-76.300874 
-144.220442 
-216.426865 
91.868333 
90.145516 
-142.099528 
339.884457 
-176.396412 
-116.778377 
169.800609 
343.066223 
-12.366325 
-31.513094 
329.495962 
-77.111276 
61.630164 
590.926865 
-172.476498 
-148.350783 
-73.092459 
235.572369 
445.825112 
46.069018 
-292.943869 
214.573796 
209.949419 
145.379446 
633.504794 
-345.855684 
617.945762 
-85.608577 
443.004070 
157.475326 
-272.759371 
247.290555 
752.567463 
-166.321348 
-142.897221 
244.765240 
380.147804 
-281.146073 
-296.489918 
99.096623 
106.606693 
534.285277 
405.144972 
-603.637424 
461.899174 
147.283942 
210.117375 
256.477054 
427.118169 
-10.252245 
-66.273359 
-247.695090 
174.556064 
256.481144 
305.796566 
-559.770721 
-346.785426 
177.835781 
114.174910 
355.696184 
-573.117763 
256.477643 
-178.377046 
68.230887 
-176.470579 
337.556955 
37.865988 
142.798519 
-683.027314 
-457.899229 
-3.432671 
306.606592 
-203.990515 
72.502081 
-103.741441 
-85.560830 
-427.006428 
-34.613443 
-27.539781 
284.747273 
-84.247936 
319.191519 
-919.795807 
-834.619813 
-319.101626 
-10.013935 
22.734731 
-166.749536 
24.310664 
244.940815 
-146.813880 
184.925597 
-247.499881 
335.847847 
-219.423944 
18.421443 
-797.444579 
454.908364 
-169.182046 
-178.032378 
151.606603 
-100.738230 
256.522128 
305.886475 
-778.857459 
205.751820 
-319.557728 
-60.325572 
472.216774 
-390.890383 
542.808007 
-61.028608 
58.027455 
454.074447 
-851.358420 
-119.910115 
-77.476404 
95.064686 
219.664381 
45.245482 
22.617005 
-13.992344 
-169.635709 
-464.763878 
106.566968 
-9.411518 
44.524974 
-17.068928 
130.280947 
-132.767405 
-107.102705 
58.033045 
317.171871 
851.779816 
-665.193298 
-80.409683 
-126.623031 
97.487570 
-36.423111 
415.221505 
259.175775 
-543.836498 
-256.964131 
84.990287 
-222.376860 
130.594931 
-209.599784 
-245.160311 
-523.732888 
-238.287010 
-194.614041 
375.534205 
141.564639 
-33.243363 
-302.132148 
320.786399 
-76.303516 
-27.807825 
-253.299716 
177.112352 
-269.356612 
56.683341 
-130.728434 
-82.508922 
-72.902304 
-544.497123 
134.169965 
-47.442751 
161.159363 
-86.788885 
-166.343316 
168.720391 
-430.217481 
-256.323805 
608.126524 
-111.646542 
97.098546 
-100.721415 
97.716179 
-471.570343 
-404.064455 
105.646453 
-31.296958 
-259.004023 
390.786515 
-659.216018 
350.338788 
-136.254788 
116.246951 
-14.925545 
513.198011 
-470.974600 
-45.496773 
-508.644203 
-140.410590 
157.247106 
-100.723146 
355.685257 
913.942029 
-573.093258 
274.690808 
-51.495761 
380.711700 
-550.167039 
-243.005605 
-221.936392 
386.849311 
-638.886772 
-126.646449 
-7.082925 
-98.542871 
-414.998215 
-201.737501 
-213.567511 
244.832430 
-210.032874 
193.855207 
196.940792 
-383.260924 
-374.603862 
27.583315 
18.347751 
58.751626 
-438.553539 
474.754010 
199.102806 
-190.653519 
177.098820 
104.341582 
-382.631786 
-202.748603 
-860.974704 
-294.833360 
-237.913185 
-167.188989 
37.230906 
192.564938 
-350.580480 
-38.391946 
203.114420 
517.776711 
-93.909028 
-15.083140 
286.246008 
-199.313036 
154.901601 
370.594282 
-6.868261 
47.441960 
-131.912543 
-321.086692 
-289.795766 
16.583264 
184.465671 
-34.153779 
-63.993518 
-320.831337 
-697.690983 
44.379121 
115.080169 
93.012048 
250.520063 
-97.929409 
-28.493514 
256.472978 
32.842807 
275.529303 
111.287534 
96.304886 
-601.758599 
296.269256 
-349.513683 
-150.009856 
-21.342364 
316.001810 
-72.666557 
-374.302470 
-99.606017 
-319.011454 
-61.029942 
75.526978 
-19.504126 
-267.295157 
-646.222309 
82.689558 
276.312732 
183.722800 
-312.527673 
-91.529247 
-95.043618 
-355.328703 
100.992566 
-289.447609 
-71.396968 
-89.512805 
-349.227556 
236.624345 
-283.032054 
-5.221185 
-119.713279 
-292.717698 
-292.641270 
-25.949625 
-486.278751 
153.819069 
395.374954 
116.907412 
-388.794295 
-26.560019 
-316.521842 
-304.114134 
-527.216714 
-461.656744 
-49.042117 
236.623618 
-5.841965 
-124.935747 
-21.333899 
137.405794 
21.403193 
-234.309064 
-159.726009 
-61.035752 
18.347941 
122.425219 
-318.991558 
-155.648408 
2.470885 
-0.983528 
47.919038 
-100.707858 
-124.277176 
117.564378 
15.100327 
-32.967548 
189.579873 
371.188702 
-154.869895 
-162.571164 
69.181939 
157.259476 
3.495138 
-38.900031 
-233.718167 
-211.514875 
69.975622 
-451.533609 
126.748523 
-42.819878 
439.644658 
-524.793104 
112.981290 
435.063961 
-329.361950 
833.502805 
76.377923 
255.483762 
-780.618130 
-133.045104 
-108.172603 
-105.416567 
-9.209145 
-318.787269 
-188.229515 
258.349864 
-299.153240 
-453.679418 
-13.060187 
-189.195753 
-199.703582 
-97.122851 
-152.812116 
189.256691 
58.261579 
135.415256 
-286.864012 
-219.779503 
-99.656536 
-327.397786 
-180.090542 
-232.662558 
-662.115523 
-180.093807 
-1.500006 
-433.017331 
-573.972620 
93.239982 
-252.371659 
51.752505 
-531.761762 
-1.499232 
-242.969893 
-41.187716 
-53.803317 
-214.315092 
-2.346307 
-34.868059 
-1101.802131 
67.747090 
-536.014579 
-160.274306 
-91.146497 
-356.440448 
-257.845144 
-54.687975 
-586.967668 
-220.364435 
-80.876698 
170.555424 
-9.187149 
-774.875678 
-458.871116 
-167.828818 
250.315044 
-61.035775 
-21.346424 
-382.984514 
236.621630 
-191.566087 
-300.120654 
-98.777460 
-300.695080 
-38.283413 
14.372992 
-180.098184 
-41.579052 
-270.177991 
-441.687206 
-421.625017 
-171.416595 
-124.061758 
130.140742 
-84.411448 
-4.455873 
-453.150383 
-251.810584 
-277.446100 
-332.808846 
-8.905101 
-125.196085 
252.378816 
-61.034897 
-178.238516 
-39.680573 
-41.191177 
-87.618616 
-319.003474 
-564.259684 
-10.044501 
216.773653 
-239.614212 
119.211937 
338.731042 
695.067097 
-475.231369 
-170.841902 
312.127624 
216.774988 
-519.833678 
123.398513 
-193.560670 
334.730367 
122.936246 
517.662858 
835.796182 
89.381574 
315.116841 
554.125974 
187.002308 
-32.771132 
951.000021 
235.229149 
635.209540 
72.053200 
213.068351 
-629.542837 
-101.433071 
320.383192 
-102.791047 
117.738869 
-126.411617 
308.513145 
145.613069 
6.803570 
468.699085 
498.345952 
14.579906 
256.470276 
656.314804 
-83.102596 
-377.801802 
63.832770 
70.092383 
872.775983 
581.916659 
-419.761609 
29.141722 
454.908317 
-118.268422 
1049.197644 
363.314331 
556.438997 
91.517229 
254.626972 
-67.047801 
1585.997882 
-117.076259 
169.543739 
-85.425865 
-130.943478 
58.561186 
-348.059784 
252.690726 
313.467607 
-296.201979 
217.627553 
-99.488546 
309.947781 
149.260633 
564.246643 
-80.147946 
-253.887391 
-87.400961 
169.721628 
-16.316455 
943.633978 
-329.469423 
115.596104 
-238.253728 
261.106184 
580.217492 
76.836612 
-318.162772 
-23.063267 
464.490739 
-313.458224 
752.558832 
-385.648562 
367.499431 
169.891055 
315.996430 
252.482941 
-216.749536 
-168.936393 
593.809850 
-238.800808 
-9.301673 
123.395290 
386.716872 
-500.028287 
-308.300316 
391.270436 
-625.969711 
335.846837 
106.255103 
-952.139228 
603.968387 
-22.619699 
160.913114 
97.725363 
398.510802 
-469.239916 
-149.001727 
-824.242636 
130.410069 
256.475803 
167.362098 
-775.650183 
-605.610041 
156.736261 
-42.603964 
395.381126 
-656.555208 
454.920439 
-237.658413 
92.074926 
200.567289 
394.408379 
-366.199810 
260.759800 
-764.475389 
-414.017097 
-11.664047 
48.602670 
-71.888819 
-498.075375 
-454.370531 
-558.282829 
-441.034219 
85.661541 
151.053143 
31.774018 
-810.462473 
125.583565 
-894.956102 
-844.011958 
-439.168870 
-255.434626 
-411.690403 
-289.777265 
-31.192759 
466.057647 
-118.691266 
198.905244 
-418.598415 
216.777067 
-225.738676 
-126.675727 
-601.445821 
494.590095 
-302.194385 
-394.845317 
275.086597 
-22.817029 
262.954821 
305.844275 
-844.849056 
261.888131 
-192.904412 
-643.151078 
565.503484 
-174.293134 
-122.442587 
-100.719066 
206.843978 
525.912097 
-366.319027 
-13.136101 
-663.028965 
-154.713121 
1148.683885 
-352.758547 
171.542632 
48.685574 
-42.902870 
-538.163702 
331.306878 
242.489938 
-101.270851 
446.412856 
258.873135 
-68.453264 
175.094560 
573.975042 
373.819885 
831.936922 
-1021.174664 
-239.773037 
11.577482 
8.703323 
-6.900663 
415.222784 
-226.445193 
-612.624492 
233.138970 
-971.575358 
30.615737 
282.485238 
-410.208095 
-481.240260 
-482.345619 
-321.520144 
-102.702081 
514.443726 
-135.300096 
-98.071274 
-270.070177 
342.217965 
87.349827 
201.374316 
-364.465816 
250.145987 
-384.010701 
-69.241678 
-387.807999 
-306.243075 
-67.429163 
-577.993566 
240.819831 
368.139546 
-155.674847 
-237.342351 
9.268516 
113.167875 
-41.335294 
-325.336898 
122.945406 
-266.728231 
-16.133185 
177.096333 
1109.749620 
-797.126133 
-265.025864 
-473.138264 
-165.581880 
-282.592970 
57.745726 
-1135.433792 
295.460736 
-76.865239 
-1.103323 
-105.655253 
440.661654 
-581.036371 
-61.593629 
-298.082962 
315.998307 
-21.343072 
355.683732 
256.466519 
292.665267 
-328.359782 
687.468061 
-60.314647 
405.808513 
-576.856297 
-396.077432 
-211.958235 
503.376974 
-685.475903 
-219.399887 
112.740552 
-270.676495 
-985.784890 
-116.006325 
-394.398908 
206.764271 
-479.778189 
65.428520 
196.930250 
53.845812 
-247.873198 
-496.045742 
236.618433 
-370.892009 
-593.080995 
-21.349559 
353.133137 
-234.250833 
911.306054 
-149.673173 
-380.572626 
-243.237273 
-714.638676 
-329.081641 
-118.604756 
-115.503287 
-409.290362 
580.193561 
-173.088242 
-71.239358 
274.341882 
395.466846 
-415.294253 
43.817070 
288.240929 
-321.414203 
57.677311 
318.022810 
-4.490730 
84.573904 
-13.098847 
-325.527672 
-325.868001 
-92.014231 
195.218244 
-693.927167 
-268.704953 
-361.125371 
-724.522014 
379.918559 
-242.584079 
-197.628766 
124.448331 
-472.342405 
506.657109 
1189.124105 
-1163.238789 
300.658091 
133.751262 
-64.971101 
-376.496094 
453.877410 
-654.431152 
-366.654962 
474.749510 
216.784680 
456.862295 
-161.802807 
153.780186 
-467.164333 
315.998276 
-478.952742 
-196.309579 
-2.616535 
-741.761458 
-335.032393 
38.184868 
195.273767 
83.192903 
-38.774314 
-486.354883 
-2.892048 
429.840296 
-438.601369 
-150.720501 
-202.280430 
-337.205489 
-100.720651 
-213.578256 
-679.910988 
-73.721276 
-536.602372 
-342.682446 
359.418759 
-538.102655 
363.570156 
-140.406873 
-264.946563 
-713.062302 
-93.838928 
127.287726 
-121.250279 
-556.562017 
-130.278394 
388.442597 
-120.562211 
-55.628513 
-24.848376 
97.721336 
196.934343 
-86.166009 
-183.138866 
-373.301174 
435.064119 
157.250156 
4.865560 
-234.332370 
-315.496967 
336.602056 
361.314573 
80.812471 
117.558662 
-681.143866 
-21.345511 
-66.304008 
26.532414 
319.012386 
224.770023 
-331.685271 
-131.854942 
179.301396 
137.403901 
541.458962 
-480.354059 
-64.965357 
-592.733145 
-91.985944 
-450.804888 
-165.260268 
-319.005704 
192.827641 
-109.295620 
96.920839 
355.682251 
-392.373830 
170.299685 
-126.199349 
156.299129 
-525.059049 
-316.243912 
-2.041136 
-269.783313 
136.579440 
-37.156887 
-152.101323 
-146.856497 
-80.882883 
-583.291145 
90.576774 
-365.089968 
-490.703557 
364.127334 
-436.644049 
100.526591 
161.112609 
89.710782 
-164.339048 
-120.568853 
-432.388035 
-531.795634 
-100.725524 
-524.635651 
-538.761585 
-100.722020 
-80.880068 
-318.021233 
-187.414606 
-503.566381 
-135.223750 
-103.457648 
-634.175633 
-100.718331 
-376.486969 
-80.875943 
-388.919691 
-438.208554 
-190.487105 
-55.601255 
-732.587087 
58.048772 
-670.954497 
-228.085990 
-159.793474 
-293.132971 
-316.729636 
-132.524002 
-506.019880 
-61.064904 
-80.871650 
-38.813768 
221.345843 
-696.635421 
-429.119200 
12.818028 
308.735646 
-100.716057 
236.632053 
-161.906120 
-61.025138 
170.841560 
-267.231681 
-264.796355 
-358.801671 
-280.407112 
-69.104815 
-21.343353 
24.159486 
-198.152177 
-422.779671 
-515.586931 
-300.396108 
-276.154839 
-162.861005 
-197.667465 
-341.069469 
-462.290069 
-196.195102 
-364.411440 
-447.876265 
-88.038105 
-196.028626 
-123.418220 
38.184441 
-298.173560 
77.253830 
-319.009614 
-181.094986 
-319.006872 
-455.237214 
20.061856 
772.403496 
-39.431455 
-406.778472 
570.978599 
-256.675789 
-630.537584 
315.996460 
-96.639561 
454.901940 
-396.944094 
343.997288 
-128.176151 
431.660978 
73.482307 
572.624516 
198.101011 
-218.663841 
-111.264597 
276.308945 
131.629638 
75.563740 
97.714740 
197.442637 
512.188482 
-854.587440 
-106.833034 
-265.867825 
317.401374 
285.958751 
-5.928770 
252.899212 
186.875471 
254.705986 
-8.026475 
371.820961 
57.261310 
-47.059167 
-399.923123 
375.529488 
415.416181 
67.312524 
183.145309 
312.797720 
-133.212118 
825.704260 
498.397858 
421.230969 
-548.093954 
633.497671 
-71.071640 
721.790395 
-270.008558 
324.873199 
-211.100506 
412.193391 
-67.797166 
633.500135 
30.713701 
-340.022775 
170.239217 
501.717775 
264.416338 
2.737732 
-287.743513 
546.615725 
-40.550193 
422.782263 
10.247066 
-589.414731 
613.407516 
-107.777157 
96.905792 
320.224883 
-63.277070 
-62.989331 
470.152346 
1608.491972 
320.272570 
79.866986 
-146.925611 
242.402145 
536.389332 
-207.741939 
-40.645829 
-342.435924 
-27.798812 
-228.423527 
514.438128 
179.291647 
629.650938 
438.690493 
252.501522 
375.469230 
-52.396175 
-518.313566 
712.877658 
-216.098077 
401.195799 
214.700593 
113.364574 
195.934306 
-233.476454 
106.037930 
-362.602848 
613.657705 
535.245332 
-529.990705 
-313.980305 
451.522577 
-190.775093 
216.781924 
713.088579 
-62.676130 
260.080063 
-489.763928 
-61.922324 
415.220556 
257.937529 
-165.634000 
136.927342 
653.655077 
101.183781 
-21.344390 
114.150586 
990.687984 
91.310311 
184.058228 
-269.498214 
472.378806 
-543.994867 
230.012699 
-150.746599 
222.180481 
26.874450 
-238.676925 
-330.335360 
-121.096116 
-832.097553 
-167.059301 
85.412219 
-57.810861 
265.148238 
-145.468077 
-225.571303 
422.211235 
-173.458188 
-134.570125 
-373.748263 
-257.044979 
303.735855 
353.221683 
336.211903 
125.059360 
-185.842336 
190.031636 
117.598340 
831.936661 
151.641762 
-170.871578 
-418.089880 
454.903166 
-58.962941 
-185.510362 
285.755805 
-181.018508 
-62.181238 
-90.562484 
-386.718347 
85.681171 
-188.149008 
-648.786016 
195.428278 
-119.244975 
-825.727653 
-180.088506 
246.547518 
84.300377 
556.452138 
-147.234763 
-274.122271 
135.493016 
37.521713 
-799.490748 
66.786121 
-294.522645 
-431.172862 
-256.124016 
93.315366 
6.203991 
84.049294 
495.684650 
-111.486032 
-127.615830 
-171.055065 
712.878721 
-41.150967 
633.500066 
-747.390752 
-165.072310 
-255.728233 
-150.053578 
-282.611099 
276.311082 
-38.055155 
-1534.669496 
-815.338171 
586.083794 
-49.261227 
484.367688 
-384.715981 
229.039800 
15.457518 
-47.297009 
-389.775212 
355.688055 
-213.926962 
-575.642789 
-590.177691 
177.808387 
-470.626856 
-113.347250 
-182.259007 
399.742643 
-360.370220 
-503.419112 
-66.432603 
-155.225721 
-199.771157 
-389.913488 
72.566562 
32.771133 
196.399273 
-70.250532 
-92.526811 
-364.625473 
183.410091 
-553.056145 
58.447753 
-298.026109 
-413.744114 
216.780582 
1070.061816 
-854.038349 
-128.401245 
-369.443422 
161.061992 
-277.843386 
537.780379 
-1192.487815 
95.463167 
-398.108037 
174.459826 
-423.522904 
462.508446 
-95.919145 
-6.932675 
-77.769317 
514.436289 
-80.874705 
474.746823 
97.718339 
-535.746175 
-308.137507 
412.497909 
-299.945892 
136.221224 
-310.988244 
-630.287444 
56.643454 
893.375767 
-281.783749 
-216.126997 
-122.972257 
161.463591 
-457.644425 
230.283031 
-496.769266 
167.319594 
-238.319669 
-101.797003 
157.250456 
-364.555155 
-455.104111 
70.417220 
474.749988 
-58.009360 
-137.566310 
-21.343609 
-45.549049 
-61.179121 
911.312606 
-22.665282 
-180.267803 
-184.884259 
-538.520434 
50.906819 
-126.968662 
103.291137 
-191.186100 
129.080643 
-411.283511 
-314.209046 
-276.209300 
-72.480734 
-638.284094 
-48.125229 
149.410276 
-428.620502 
-427.489679 
-631.739053 
-223.135055 
-179.660721 
-81.784484 
-224.057304 
-275.023431 
-88.115327 
-375.535824 
99.036725 
-209.395148 
-855.788417 
-690.216231 
-81.885931 
-483.343991 
-305.629987 
55.476696 
-136.905649 
90.724946 
911.311242 
59.073062 
42.257987 
-9.418202 
-12.624983 
300.915474 
88.512863 
-269.940663 
-321.665490 
514.435759 
276.310372 
-43.368251 
-269.010651 
-488.673765 
-678.834228 
435.061090 
-387.697358 
-247.580189 
-143.875780 
56.433387 
-327.357705 
276.311850 
-77.968586 
88.081870 
-32.038023 
-327.854025 
31.638842 
-10.740100 
-0.292221 
22.464659 
388.634658 
37.126555 
-61.030698 
-166.451526 
-513.715055 
0.965105 
-222.103003 
-257.952946 
426.329689 
-209.596675 
142.616653 
58.032462 
-156.809254 
-539.925082 
-49.308728 
-173.964609 
-305.961680 
-467.164904 
4.667456 
175.964268 
-80.873175 
24.228592 
-154.677381 
236.627310 
38.189050 
-182.926108 
-229.106432 
-387.872744 
276.313710 
-1.499908 
155.836653 
-361.330566 
-347.725579 
90.105193 
208.983660 
-84.723692 
236.625533 
-3.980408 
58.030584 
25.501247 
-138.387189 
4.941994 
257.360911 
-262.863737 
-563.524200 
118.429028 
256.467201 
-322.472777 
140.637867 
-204.644603 
-763.138125 
-510.482489 
-50.474495 
-417.232155 
-387.037175 
-132.420202 
-126.701534 
193.953597 
157.248372 
-427.304932 
-113.621410 
-292.133693 
9.896446 
-490.691722 
30.383214 
-649.023943 
-925.660710 
-216.587820 
296.621464 
218.368596 
65.527205 
-61.031414 
-446.134535 
228.306191 
-96.286712 
-875.865649 
193.896383 
-518.354727 
-420.537263 
-105.329325 
80.642002 
-581.819059 
-61.029632 
-515.655230 
-331.537757 
-80.874815 
-857.148362 
-797.664172 
-160.248166 
-160.249470 
-421.657027 
-358.660495 
-215.884273 
-123.172526 
-427.163982 
-399.129667 
-120.561077 
-254.770052 
-120.561581 
-196.728834 
-8.586034 
-266.378932 
-464.335435 
-431.809156 
-176.311831 
-423.150933 
-343.741301 
171.998134 
-272.006145 
17.392925 
-388.084686 
-104.974200 
-49.177127 
-100.718823 
-217.702091 
114.923227 
-616.051523 
-310.247719 
314.681999 
213.661114 
-61.031688 
77.876745 
-233.263503 
-61.031680 
-115.610697 
-532.287105 
-281.461956 
-324.134842 
-389.414551 
107.187424 
-41.187558 
-124.424909 
-65.756499 
-349.757782 
-542.261745 
-281.793951 
-302.728548 
-56.269180 
-544.970831 
-140.480387 
-75.946737 
189.683341 
-51.269544 
-412.555361 
26.877392 
-255.429914 
-210.119516 
-41.188771 
-273.196670 
-429.871350 
-319.002221 
-67.827136 
-319.000958 
-612.169578 
-650.272776 
494.584733 
101.196540 
-297.125400 
472.114569 
-130.812658 
-632.495984 
-319.010702 
288.113053 
871.608829 
-421.212041 
387.168517 
-57.119839 
192.512910 
89.792733 
716.307061 
182.010621 
-371.408757 
258.754146 
514.429897 
53.953017 
331.380626 
693.026422 
179.335799 
508.164223 
-196.942890 
-57.966846 
443.893244 
479.954501 
429.923184 
-461.287798 
2.136734 
261.110429 
287.612124 
546.632894 
-713.904662 
310.521117 
-19.670981 
26.956687 
911.313212 
675.444259 
-426.338268 
-191.503729 
399.802533 
587.011224 
1218.569629 
367.199790 
-636.128245 
-243.777764 
137.404760 
484.754136 
182.357882 
-283.373313 
12.419769 
-149.086803 
-359.149138 
287.138339 
454.909539 
454.061873 
-360.902731 
300.185458 
-273.894789 
84.109082 
-317.189496 
248.040064 
556.215991 
40.979331 
147.592365 
35.404654 
386.198319 
789.103142 
243.191861 
217.027428 
78.414141 
-297.230916 
-248.699195 
624.519471 
304.661907 
-1.332984 
-247.694544 
308.828560 
199.376606 
212.202627 
-371.982434 
-314.073356 
-51.649822 
363.948788 
-49.715389 
137.404958 
631.190028 
75.082540 
-433.142815 
696.999558 
113.177458 
36.759319 
-4.310929 
415.220739 
-146.271004 
213.778829 
-130.731736 
-30.520316 
-822.061052 
-265.196621 
-48.765271 
-8.320603 
1189.129371 
67.340431 
-717.826285 
-228.032432 
-204.160652 
-477.354652 
97.729123 
-133.881505 
-321.910115 
-73.287068 
-313.120218 
-2.360539 
514.453786 
-69.744809 
-740.063502 
-712.893374 
-238.261881 
-173.298820 
415.220033 
230.069039 
-100.702575 
-405.571509 
-7.925559 
-431.768442 
420.252990 
-714.209621 
-161.303487 
-135.676983 
-202.686027 
196.048313 
-335.153273 
-417.303186 
-453.960427 
-502.010929 
-111.623860 
-169.020770 
-101.539978 
-1018.482433 
-45.480573 
-372.152897 
430.466179 
-749.849285 
-867.207641 
-237.192134 
-720.387200 
480.089719 
258.204232 
-359.764874 
-225.017998 
-291.628823 
120.214377 
20.616083 
-140.411313 
-151.834363 
-386.022443 
-208.670636 
831.934626 
-339.963172 
-741.443733 
10.190452 
328.382021 
226.344397 
343.851750 
-663.737015 
-324.798684 
46.794778 
-380.233837 
150.813319 
-187.284516 
-794.357901 
177.099291 
474.752957 
417.037576 
-486.668647 
-242.628860 
-432.400807 
-118.331235 
-297.108993 
329.560858 
76.654023 
-14.588621 
387.587794 
7.967451 
564.966932 
-39.524551 
62.457319 
-97.518800 
-7.710249 
526.006854 
-23.386832 
911.318848 
358.992742 
415.226883 
-734.297089 
-258.018040 
-245.787533 
-493.680268 
-188.833669 
613.657689 
305.037234 
-560.972016 
-426.914896 
-12.554819 
-141.200865 
221.516347 
-177.287447 
138.302249 
-0.692341 
-448.219458 
273.936473 
633.500307 
349.244470 
294.834680 
-655.584894 
-290.638302 
63.450826 
-80.979281 
490.433889 
-121.155760 
-163.208473 
-377.477937 
-30.501828 
-20.483027 
72.804908 
6.014526 
44.535903 
286.587036 
-183.971207 
-223.089633 
-220.478119 
-75.412532 
-336.820796 
135.355545 
106.441265 
-467.909662 
-125.329022 
871.623581 
435.060268 
-582.816043 
-473.547460 
-352.548112 
-145.742623 
422.121871 
-79.825894 
-793.524636 
-284.335072 
448.890746 
-66.876015 
-222.518511 
406.979395 
-188.993870 
-226.705695 
-206.352028 
-61.031782 
-21.340955 
216.780800 
554.126995 
-91.568612 
-332.109447 
331.943529 
-340.868942 
88.342110 
-98.549275 
-374.339166 
-111.647259 
475.424055 
-487.115590 
-186.397534 
32.311089 
-112.428514 
-473.888458 
-345.558006 
-395.269395 
-229.039862 
-239.969863 
-71.036081 
-160.246050 
-421.830213 
-445.523497 
-90.005033 
-100.716882 
-43.993637 
-1589.365551 
137.410087 
717.514086 
229.769792 
335.848564 
167.844145 
-431.793208 
-129.298124 
-879.586692 
-211.235373 
-226.972829 
213.819799 
23.247328 
-82.993476 
-413.182320 
198.221012 
-334.182827 
214.625012 
-118.530211 
-306.683527 
117.037541 
-76.794604 
-98.704166 
261.528466 
194.684658 
-242.474746 
-124.284553 
-146.217442 
-102.669725 
86.572993 
396.190675 
-214.858711 
-298.265664 
31.214370 
-501.745711 
319.086174 
-92.673029 
-121.700943 
-46.024756 
134.321005 
633.585969 
474.757912 
-214.912796 
-319.584286 
67.093109 
-13.731976 
-115.491462 
436.268992 
-246.190696 
-24.497048 
117.567136 
38.196065 
-58.303205 
-91.152883 
29.324131 
294.814039 
236.629732 
247.498773 
-462.999683 
-163.444772 
25.475085 
-323.576772 
-61.028612 
-132.313845 
-626.941534 
223.091599 
358.641725 
84.901054 
35.345807 
-145.368393 
-484.017391 
211.341402 
-16.841082 
673.186058 
361.877338 
-619.130805 
177.325818 
108.867994 
-152.692177 
192.121612 
-580.549590 
36.135204 
196.933310 
-315.910589 
-190.389371 
-294.975068 
-210.645508 
-194.375547 
-881.086195 
-281.761762 
-223.818789 
-100.725330 
-180.382126 
170.704131 
315.995805 
-80.883249 
-261.082876 
-54.484207 
-429.537853 
157.248671 
-160.254226 
37.986278 
-636.517258 
-162.736518 
39.709699 
-342.142938 
88.531888 
-21.338810 
-485.199358 
315.986992 
368.589163 
-324.207603 
-25.810845 
-22.815902 
-213.544122 
-599.715509 
328.960514 
-636.470721 
100.785865 
-72.344145 
197.990314 
-78.689873 
-16.972105 
115.095438 
52.932561 
-155.002071 
1507.538553 
-430.198100 
351.070164 
-61.033707 
-120.692227 
26.801474 
159.531442 
185.730604 
-183.683709 
-203.285619 
-112.879371 
-302.860270 
87.208401 
-267.035353 
28.813229 
-148.173203 
-41.184080 
-505.933093 
-93.920051 
-129.201329 
247.248992 
-18.323655 
-248.923044 
-648.597138 
-312.378560 
64.565771 
-31.826214 
-21.341565 
-74.246649 
-657.148797 
-21.340151 
-372.793744 
80.432863 
18.346405 
38.191709 
-261.128873 
-627.436049 
-352.855689 
67.478198 
-187.456263 
-381.486516 
-1.495996 
-281.993085 
-21.341101 
-421.995151 
256.396876 
-238.680201 
-268.825186 
-665.554814 
-426.501396 
-364.188949 
187.087853 
-135.949185 
-188.300797 
92.595707 
-391.638112 
-325.044013 
-248.052532 
-21.332333 
-226.695294 
136.537023 
-412.926344 
-155.346446 
-175.046364 
-219.061969 
157.253369 
-61.028294 
-884.986452 
77.878196 
-618.403442 
-150.291767 
-710.152383 
-120.492829 
-338.367802 
-269.187753 
38.191282 
75.030986 
-510.428850 
-146.906261 
-137.649890 
-296.675243 
-103.263548 
-94.260773 
-387.101985 
-265.494846 
-91.572910 
-378.757830 
-167.876502 
-418.482683 
434.618189 
-597.385686 
42.047366 
-319.002196 
-316.943697 
-121.447869 
-319.004845 
38.319191 
-319.000123 
-647.903945 
-309.602477 
831.942184 
25.932142 
-319.944448 
642.303280 
-93.369469 
-644.256793 
-191.992009 
-63.184137 
1030.379181 
-655.748405 
516.432389 
47.367079 
-13.661863 
8.987757 
1132.708779 
190.729525 
-251.806481 
210.021192 
276.316166 
-17.359410 
547.010572 
534.282413 
242.083532 
276.879864 
-173.948478 
-187.439405 
850.702141 
528.881229 
188.928134 
-107.878134 
18.529760 
-63.121727 
170.601335 
149.914568 
-525.666583 
286.470544 
-10.832777 
-268.727702 
990.687169 
509.583645 
-101.790869 
45.434901 
153.077527 
370.852981 
963.377894 
86.264154 
-480.642090 
-132.172718 
256.471826 
-98.635984 
150.884427 
-227.404917 
-110.301493 
-385.964629 
-454.034013 
126.594866 
256.474912 
16.346012 
-732.218567 
-267.549756 
-476.031408 
-259.284870 
-446.188137 
-71.636709 
34.894579 
-486.157606 
-226.739082 
-480.459181 
437.929182 
328.680531 
24.952446 
-34.172010 
-303.310177 
-182.812141 
40.521631 
654.557174 
-34.810674 
-47.615931 
-23.098138 
-181.580472 
108.177501 
72.810880 
-349.986003 
-709.331927 
-362.753328 
-158.831097 
-116.621390 
534.288315 
-199.678894 
-176.149028 
-423.760523 
485.335816 
335.706743 
-155.258555 
162.024884 
375.528877 
-160.106865 
-344.045277 
32.718384 
-490.516370 
-311.038280 
-1.155112 
236.690502 
190.297812 
871.621975 
129.102814 
-690.610821 
232.935676 
90.822619 
-197.837692 
911.311563 
22.955447 
148.146279 
182.073799 
-103.340141 
31.066657 
97.708339 
269.125273 
-471.558637 
-61.324288 
-82.255132 
-28.531915 
990.688175 
-567.445894 
97.706939 
-149.734176 
326.803202 
-23.047302 
527.086939 
161.073598 
-43.132825 
2.294412 
261.734139 
215.748139 
-223.475854 
-555.295246 
-91.445657 
-321.991748 
-72.809113 
-86.884436 
230.960859 
-1127.634694 
17.552473 
-455.709458 
35.566951 
-327.303432 
-566.955188 
218.866577 
-205.294749 
779.379783 
-211.542502 
74.412669 
94.670548 
-224.755383 
449.779590 
52.478003 
216.777867 
77.984117 
-133.906348 
-309.079972 
177.092696 
-174.259874 
-421.075232 
98.595747 
129.155241 
202.399596 
227.513133 
276.980008 
-490.970051 
-236.307894 
-112.970277 
-247.738421 
13.037239 
-974.467940 
296.158259 
444.990776 
-180.781025 
-501.972687 
-508.295648 
-195.659293 
-306.146265 
-44.314906 
-523.314937 
-355.399227 
-65.740886 
89.982310 
-85.818398 
-251.759002 
-85.316423 
16.317353 
-127.450172 
187.104977 
487.105268 
25.877374 
514.437439 
360.758951 
474.749005 
-861.841262 
-745.124834 
-503.643179 
-11.880178 
129.699512 
633.498953 
117.754873 
-1112.837879 
-496.581330 
-68.031827 
63.920275 
-144.773141 
-333.473362 
-311.585775 
186.246413 
-176.521461 
-235.418391 
177.093513 
539.907437 
450.933337 
-412.040113 
-350.325064 
20.051703 
210.064047 
216.088671 
-143.677684 
-372.989737 
-627.147153 
94.657819 
71.463550 
89.880455 
112.181233 
-179.151081 
-133.145028 
-189.484883 
-69.472009 
-245.707878 
-102.466742 
-476.451262 
-336.327192 
112.613857 
-435.736238 
-125.199974 
514.437527 
335.843527 
-324.178447 
-596.819158 
147.457461 
-470.790781 
-278.947113 
-272.995775 
-617.905058 
188.395263 
199.692802 
429.929019 
-226.213095 
394.632722 
928.936994 
357.355022 
-263.316643 
-21.342278 
355.687431 
633.500695 
276.315773 
107.632535 
-139.860263 
614.213574 
140.035550 
98.057555 
-338.824249 
-115.740162 
127.864926 
437.497886 
-331.559122 
-528.437506 
108.051839 
-432.905121 
-573.360977 
-189.374938 
-416.829985 
106.063950 
-176.936722 
-714.413131 
-140.407445 
158.500444 
-197.884782 
-403.115705 
177.092816 
-131.651818 
-587.180101 
831.938661 
266.967934 
-59.698276 
355.689206 
-128.508580 
-297.944718 
-339.215433 
-46.146370 
-565.133425 
-268.776379 
-45.124883 
-479.509525 
-254.179471 
-643.405501 
-398.566649 
-231.483842 
-357.261822 
-146.474808 
-142.765979 
376.126207 
373.209157 
470.887414 
-83.955853 
-256.007225 
74.573487 
118.511698 
-208.379958 
-380.519496 
44.902106 
270.308725 
181.248136 
-74.055135 
-588.848689 
-370.721704 
93.238170 
-322.555683 
-354.758169 
107.583845 
62.234900 
164.485679 
-80.869948 
-226.625744 
-207.910206 
47.955446 
179.492185 
114.475666 
92.515130 
-305.549516 
-353.650487 
157.257268 
-100.715337 
-300.544867 
117.552473 
17.896960 
-255.505167 
-61.028683 
288.604949 
-83.793108 
201.825728 
-132.164336 
-86.234994 
316.004918 
-283.148664 
-312.372132 
-108.745667 
310.868343 
-31.756712 
50.315398 
179.191565 
2.086512 
375.877183 
206.268994 
-21.337192 
-896.942919 
-812.605904 
128.479460 
-28.439387 
-488.367219 
-2.323124 
-506.429877 
-228.655427 
-61.026904 
-516.076387 
-379.131805 
123.411925 
-262.787746 
-270.206731 
-1230.204226 
-352.343195 
-31.984381 
177.094867 
-31.413741 
-243.473746 
-21.347810 
18.343570 
200.949135 
-171.209947 
-113.557962 
-61.038397 
-61.034091 
-131.084911 
-234.330118 
-180.792856 
-104.433675 
-82.337680 
-179.858974 
177.098271 
-222.271076 
236.618423 
134.667107 
-236.993789 
6.117413 
-152.049258 
-184.041574 
-509.502361 
310.380860 
296.171668 
-11.908262 
-27.770548 
-311.332417 
-354.309796 
-98.382471 
-220.683875 
-415.398197 
-52.382551 
1748.782697 
-412.500815 
225.540533 
-80.868495 
-449.887908 
112.193011 
-153.161947 
31.631373 
-516.268536 
-44.149412 
-411.319277 
-450.532719 
-185.055807 
-350.532549 
-169.734190 
-120.661029 
-80.872068 
-370.971978 
21.140141 
91.143789 
49.589566 
-231.013513 
-238.523920 
-261.667864 
-314.387426 
252.960916 
-164.176566 
-80.870547 
-14.437637 
-388.935520 
-120.561051 
-42.720513 
-202.242631 
-140.403560 
-41.184345 
-547.582138 
-582.749399 
139.185728 
59.757826 
-25.442195 
-452.898694 
-41.184773 
86.442749 
-61.030486 
-206.441859 
-18.201060 
-254.891484 
-282.723085 
-310.905692 
19.715366 
-447.084951 
58.386716 
-76.614990 
-409.396004 
-215.976554 
-308.765997 
-359.976426 
-88.063217 
276.311352 
-234.048066 
-465.793886 
-401.894654 
-281.073667 
-181.232381 
42.229510 
-80.876017 
-100.722095 
-728.095846 
-100.719536 
215.560313 
-296.665931 
-482.144816 
-401.855821 
-237.993006 
193.341370 
-319.001463 
-4.534847 
-65.520835 
-256.162141 
-479.505622 
-120.564425 
-351.282118 
155.358171 
-220.809332 
-507.594733 
-376.277568 
124.372758 
36.679626 
-374.602108 
-253.950777 
-405.876737 
109.171743 
-318.996648 
54.987086 
271.116136 
-318.998398 
-97.988259 
-318.996391 
-485.625119 
-81.106528 
693.034839 
-565.789117 
-340.053438 
552.667398 
-131.050703 
-286.413371 
-1.489502 
87.869768 
276.319546 
-479.064825 
-57.421116 
299.862353 
-216.952858 
338.396740 
794.027478 
489.203061 
-157.185738 
344.246389 
236.633904 
404.017675 
331.423229 
712.884602 
534.656727 
294.168993 
-799.337468 
-171.564244 
433.850751 
605.267203 
225.763204 
123.023909 
94.629045 
107.401733 
493.851266 
135.313467 
-219.314130 
174.425482 
55.256750 
308.246088 
494.598382 
438.278196 
487.745164 
110.723819 
105.073764 
361.462796 
967.168370 
416.390112 
82.306944 
133.170927 
990.691287 
111.599858 
791.784631 
-109.033931 
379.863037 
-77.148530 
705.174718 
-279.887416 
673.192575 
66.219067 
-345.199021 
254.106683 
-115.173910 
8.743540 
8.983505 
-115.918495 
149.886803 
-344.071927 
-463.385323 
-198.264218 
283.132131 
220.983444 
117.325757 
-166.917193 
-443.142332 
-181.214538 
182.214637 
969.166680 
1324.237602 
-529.669184 
75.010222 
89.568591 
-16.393038 
68.124029 
82.292678 
-448.704049 
-390.653219 
-13.736449 
12.796275 
693.030719 
-45.973684 
1.681276 
49.907573 
316.001922 
378.470421 
-238.900406 
-337.308670 
335.848610 
-464.534968 
-388.244671 
731.756612 
-275.898805 
-51.323049 
302.315193 
-95.488191 
-153.969970 
792.255172 
233.048459 
-486.864834 
255.361529 
-129.580395 
-359.606486 
1189.119582 
169.670480 
-287.353211 
134.440964 
-62.786811 
312.463991 
137.408427 
517.707833 
-475.631683 
-383.209199 
71.950497 
19.699801 
1149.428058 
-432.005813 
177.086892 
150.159970 
451.228968 
73.477321 
318.155489 
51.116597 
147.495448 
-15.172453 
103.476174 
-36.367250 
-90.212150 
-518.992019 
-148.505792 
-150.366069 
-621.946445 
144.992265 
215.473245 
-341.332403 
-194.182980 
-473.500436 
51.416836 
-382.810450 
-501.736633 
-188.358203 
165.204993 
160.741550 
-409.963488 
231.459853 
17.768405 
193.802271 
87.507917 
602.654920 
415.214062 
-58.220575 
140.852620 
-256.871371 
296.152339 
-503.535888 
-494.757065 
427.993583 
-382.112802 
235.014544 
142.535506 
60.059565 
-434.975911 
-309.103042 
-239.551774 
-226.595600 
520.824607 
-748.374101 
355.694030 
296.161255 
-38.494383 
454.714324 
-333.250727 
542.612427 
-208.929773 
336.829798 
-417.455172 
-47.188938 
-340.111601 
-272.437800 
64.909869 
-169.689330 
0.510640 
42.516883 
314.876181 
513.309931 
91.863825 
506.784638 
316.009677 
281.766060 
157.259484 
-948.792507 
-542.531542 
-60.115968 
-385.669954 
582.598901 
395.377916 
-98.373947 
-1012.116990 
442.236714 
-353.833499 
179.014026 
291.111351 
-595.167519 
-594.173843 
120.887544 
-265.353689 
-159.083423 
375.530531 
439.779730 
-616.656750 
-60.653909 
160.273264 
-432.669607 
352.940641 
-249.039079 
-142.434220 
-749.104391 
-236.746705 
-94.903101 
-190.101079 
91.202830 
-310.391121 
-132.440746 
-386.924640 
111.393515 
279.874272 
-305.621593 
207.329447 
-568.777632 
-658.087242 
105.388029 
368.544014 
-165.905538 
494.594470 
871.625042 
-700.420997 
-479.701058 
-137.993086 
-493.083865 
-21.824137 
185.482758 
-1008.937717 
-82.378122 
-161.763997 
-144.618877 
-330.852329 
265.374666 
549.079601 
249.680097 
-319.344780 
474.751949 
296.159117 
236.632479 
216.786553 
106.160193 
-8.885909 
841.355395 
256.961300 
58.301493 
-747.792492 
-457.927841 
168.652790 
255.008104 
-476.508018 
-328.676980 
-381.661090 
-341.580854 
-397.760029 
37.334564 
-184.750289 
189.912667 
-442.713038 
-696.841551 
395.379314 
-29.417905 
234.615434 
-620.518018 
911.316253 
-292.820142 
-281.138102 
415.221176 
50.213985 
-317.975075 
256.470174 
189.007934 
-611.207612 
-438.723522 
107.649261 
-991.688410 
-187.192588 
-92.678484 
-494.013414 
-175.193062 
-416.056620 
-318.384492 
-254.741853 
-368.621747 
-741.696905 
-147.020516 
257.065036 
-42.313659 
-82.048451 
-261.171992 
-44.864471 
-23.182668 
-4.101007 
-316.433578 
-417.105098 
-16.101509 
-61.719331 
-33.808554 
-266.066047 
-210.068521 
-375.277196 
24.772002 
-570.112583 
-501.831329 
516.316655 
-196.363693 
-135.610636 
-21.340292 
-384.470215 
15.218599 
-146.950207 
307.854348 
135.700305 
84.602880 
-270.009724 
-176.671286 
-1.497319 
-21.339863 
306.178639 
-64.967948 
-148.366281 
-509.494030 
514.436194 
-41.934947 
-31.890379 
15.602345 
-671.496350 
-577.554442 
-61.031403 
-3.515779 
-270.385754 
-384.734651 
339.592963 
-181.667896 
-51.200643 
94.137589 
-77.010229 
251.480432 
112.557748 
196.930438 
-1236.769040 
346.997904 
-13.210714 
-177.735284 
-364.435047 
14.960248 
-631.310431 
175.310885 
-21.350408 
-294.654313 
-797.106590 
-85.383719 
-576.475521 
-394.254058 
-836.921556 
-21.886338 
-448.355973 
236.616943 
-177.065087 
-280.734435 
-120.566544 
435.067985 
16.779945 
-85.904317 
-249.350125 
-80.881154 
-61.034695 
234.472559 
-361.324808 
-56.906399 
-481.242526 
190.925839 
-12.441695 
157.254992 
-423.177001 
-100.729472 
-299.061443 
-86.957233 
83.357467 
-458.024471 
-50.672447 
-694.148792 
-107.487975 
454.905733 
73.311436 
-177.216304 
-341.263368 
-101.512678 
-354.983672 
-0.413166 
-0.855159 
-157.539819 
773.496054 
-504.408696 
100.257981 
-41.186014 
-172.929637 
232.549704 
-169.908055 
121.163838 
-425.313911 
-56.262562 
-80.020913 
-454.403012 
-166.618990 
-333.784928 
-144.130835 
8.709151 
-61.029009 
-534.370078 
-61.374299 
161.923075 
-1184.841568 
-325.683956 
-439.355375 
-351.732371 
-218.079212 
20.456518 
-523.495737 
-21.341308 
-328.734149 
-411.830531 
-21.343529 
42.279925 
-182.568677 
-21.344767 
-1.499892 
-19.046309 
-524.277620 
51.653797 
142.193344 
213.343492 
-424.599885 
18.346785 
-156.441027 
316.001823 
-203.886256 
-232.952500 
-147.723001 
-540.153454 
-725.171506 
59.011041 
-159.940782 
-299.401807 
-190.610984 
-137.401858 
-442.584898 
-176.718532 
-335.553917 
-0.464597 
38.190384 
-262.474808 
-52.559155 
-296.407996 
-454.323454 
-113.930390 
-30.045586 
-61.027121 
-80.868505 
-287.720606 
-80.868627 
397.767677 
-59.781374 
-117.485065 
-147.138779 
-471.233258 
230.751562 
-318.995565 
-74.013482 
-172.930686 
-370.120155 
-840.648532 
-318.992738 
-215.178399 
274.124671 
-244.813810 
-541.815012 
-469.143477 
93.479628 
-146.969109 
-201.976090 
-341.914094 
-75.835168 
-50.420396 
-319.001873 
406.023985 
-123.588331 
-319.000866 
72.007377 
-319.002252 
-653.605262 
-24.727413 
752.559728 
-215.024187 
-23.991620 
161.547761 
-427.643948 
-777.510772 
358.330658 
454.285733 
256.465702 
-311.488226 
-473.450341 
-387.513991 
572.438999 
314.617200 
239.803317 
8.678764 
-528.024195 
83.353213 
18.341409 
234.095468 
508.971144 
375.529770 
683.441633 
199.399160 
-961.784474 
584.405628 
788.356962 
276.297632 
339.745986 
37.398897 
-461.706953 
-71.386031 
366.093083 
-393.277500 
-248.724861 
164.150617 
41.073954 
307.062536 
673.187028 
208.818276 
95.067577 
37.960761 
360.065861 
250.115817 
772.931040 
-278.659342 
-278.051131 
-28.177543 
712.874319 
-352.463198 
529.363230 
192.939951 
-87.370855 
-609.216887 
413.416691 
-324.791023 
177.091380 
405.595103 
122.583091 
340.549223 
55.711917 
84.146112 
52.752586 
-228.953016 
422.687829 
-568.545666 
37.981363 
11.361424 
-390.120961 
93.423929 
65.961404 
-240.284535 
271.702778 
178.815660 
-197.288552 
300.713712 
1233.110389 
-33.848457 
-94.734325 
402.868233 
273.300742 
-19.220595 
-345.038034 
386.848746 
-5.753067 
-9.715613 
-222.910241 
1228.811478 
12.732696 
-125.013754 
-208.653634 
-128.502179 
549.015611 
-219.838506 
-15.642588 
514.436215 
-239.803556 
-374.023589 
141.583213 
-83.242716 
-50.805607 
182.629242 
95.299423 
132.871318 
554.125190 
4.807398 
-278.871300 
72.782877 
45.738678 
157.694605 
375.532023 
108.581529 
51.046016 
74.605648 
514.416176 
-157.577404 
335.843587 
126.567663 
-133.182959 
-279.586597 
115.578606 
158.620620 
58.031864 
-213.284213 
653.344570 
341.732119 
182.670734 
146.667841 
235.868820 
-96.948320 
395.526303 
-263.512999 
-406.088991 
-577.108517 
-508.136785 
-233.725058 
-146.573841 
-780.653513 
90.348927 
1.243898 
434.541341 
93.996641 
-388.342330 
-498.663093 
-108.352567 
-1071.849125 
-957.866401 
-163.818279 
-177.106329 
-556.733224 
-426.161909 
104.140860 
-256.404512 
-301.748743 
135.460531 
332.487216 
454.906336 
-304.671513 
332.727944 
-547.040899 
375.528561 
129.363493 
-632.636614 
289.069907 
-273.423945 
-31.682776 
-44.560644 
-92.570244 
-474.414216 
139.132595 
-82.909678 
-396.706014 
6.077299 
-339.700764 
296.154309 
554.124669 
81.480760 
380.924449 
50.481248 
-164.649319 
243.072887 
79.429875 
-785.578405 
-124.252830 
-402.322826 
89.786215 
-652.673484 
-102.938923 
-558.607434 
-396.708069 
112.355164 
595.106589 
226.621883 
-92.829898 
236.626802 
-56.871293 
157.249204 
49.120166 
-164.381704 
-135.489353 
-566.555318 
36.933846 
593.811428 
277.428726 
-721.176845 
195.571956 
-72.395678 
253.911752 
26.604246 
-698.409864 
-302.192372 
-13.927515 
-265.583474 
-33.389703 
335.842553 
-13.665945 
-848.167115 
-256.296265 
347.246306 
-281.631889 
63.802254 
-10.282252 
87.449326 
-530.937397 
-677.613365 
75.002961 
4.054498 
49.602285 
-329.000661 
-725.774718 
-659.872926 
-75.167924 
55.741107 
-231.569183 
-40.101672 
-79.149277 
-865.974444 
133.689642 
263.996040 
-469.593890 
534.280218 
1030.374380 
-710.360513 
-93.768891 
-90.078750 
-744.257111 
28.041473 
106.695956 
-997.790262 
35.014797 
-625.369248 
-374.184519 
-434.438616 
61.699814 
254.735241 
179.162739 
-566.558559 
315.999922 
137.406562 
58.031789 
177.095318 
468.413778 
-188.875292 
135.922683 
-92.547157 
-159.890300 
-578.076147 
-203.172332 
-78.605877 
391.799490 
-809.982331 
-205.106890 
-375.722867 
-234.317241 
-738.768742 
-254.232962 
48.456929 
29.347883 
-204.482400 
-655.335367 
474.751520 
-1.255790 
189.115358 
-38.548171 
1070.063548 
-200.163921 
-523.887481 
633.500946 
47.660686 
-102.255074 
256.470091 
294.835269 
-297.519079 
-553.857794 
132.446975 
-263.329216 
361.576246 
160.906329 
48.261789 
-4.553432 
-204.693253 
-91.534895 
-183.989013 
-362.315242 
-28.100609 
-170.562199 
-47.928017 
5.345362 
-827.692104 
-382.512950 
88.627754 
-17.647606 
-396.191119 
-269.603088 
-312.019067 
-213.056406 
-62.655756 
-138.352530 
-365.975520 
48.414398 
-493.789534 
-101.720905 
-367.377335 
34.865243 
601.558113 
38.117610 
-70.893791 
97.719434 
-192.462365 
122.979599 
50.897487 
302.670835 
-164.231124 
197.048548 
-283.096457 
-272.947708 
-61.031435 
-21.343512 
107.989489 
-236.175606 
-186.002095 
-636.501163 
435.062316 
-64.321703 
-150.362780 
123.054918 
-191.748331 
-60.705459 
-61.031346 
78.297842 
-221.597588 
-171.688276 
-79.296789 
-141.314082 
-190.160520 
-198.790081 
-318.318741 
125.492561 
-39.607695 
77.874244 
-17.623456 
-594.331843 
317.717162 
-79.085964 
-514.722809 
33.845450 
-501.141485 
211.573325 
-180.093510 
-179.283871 
-625.831976 
-94.997277 
-432.194916 
148.604471 
-141.218244 
-72.429250 
-292.790370 
77.874287 
73.698317 
-183.553262 
-100.718307 
435.061853 
-333.923729 
-58.206196 
-346.695663 
-41.187399 
-21.343181 
501.835340 
-297.835331 
-10.118985 
-184.050975 
129.057836 
313.876344 
316.000673 
-159.010244 
-21.343751 
-276.237863 
125.528062 
-271.068647 
197.116374 
76.284018 
-381.258674 
-283.326509 
494.594996 
372.681241 
-206.621496 
-271.761719 
340.601329 
-326.997562 
16.067829 
-5.584702 
131.552696 
206.627533 
-531.541988 
209.889759 
-21.344159 
-161.685709 
593.800285 
-192.185602 
138.765676 
-488.374408 
336.034036 
157.984854 
-186.758487 
-126.822015 
-186.203706 
219.794097 
95.260458 
-21.344038 
-628.012185 
59.159035 
443.030530 
-1357.386804 
-81.492024 
-56.359814 
-257.434477 
-123.249934 
269.051049 
-114.213072 
-1.501007 
214.427655 
-123.385052 
-140.407269 
-423.486483 
-641.080544 
-100.719316 
-120.563068 
-316.250579 
-574.681563 
-342.536764 
-36.156172 
-117.053561 
-255.227920 
-180.093427 
-267.387554 
117.562837 
-161.823464 
-174.567858 
-87.691749 
-572.922331 
-275.514402 
-140.576855 
-309.381479 
-285.681222 
57.031824 
-91.527529 
-458.139056 
-161.782260 
-61.970748 
-85.472868 
-140.405370 
57.230339 
-408.027178 
-352.016887 
87.949785 
-63.498974 
-76.888300 
-41.186789 
-61.030486 
-446.890559 
-1.499360 
-451.696969 
-331.567959 
313.236534 
-317.783786 
-468.947348 
-298.814314 
-318.999802 
-61.544387 
256.691219 
-254.632177 
-701.514338 
-318.999820 
-30.398400 
-626.212157 
-506.619916 
-163.875067 
94.931089 
-320.572384 
-339.587770 
-594.003079 
-100.826210 
87.133324 
-178.658510 
-319.000865 
246.727256 
-434.464549 
-319.000619 
-88.919690 
-319.000365 
-557.664063 
-425.014842 
-299.156252 
-317.224677 
-323.281001 
-318.697552 
-321.202998 
-323.726486 
-319.000000 
-320.312809 
-299.156251 
-317.419665 
-315.530979 
-317.581064 
-332.148692 
-316.302055 
-323.445932 
-313.718867 
-323.334764 
-329.005608 
-319.000000 
-322.233483 
-312.537257 
-319.000000 
-301.786297 
-315.530738 
-315.821250 
-307.734909 
-318.505771 
-317.136848 
-301.330097 
-313.833138 
-315.093635 
-321.606918 
-330.901592 
-320.154009 
-328.240723 
-325.415762 
-314.026987 
-315.103086 
-318.999999 
-320.685917 
-312.263316 
-324.884296 
-309.535825 
-310.336822 
-308.416859 
-312.705758 
-317.419453 
-318.515546 
-299.156250 
-306.300206 
-335.126229 
-325.189158 
-306.062619 
-317.759765 
-311.162960 
-315.957846 
-318.999999 
-312.712486 
-308.210761 
-308.860009 
-305.215069 
-317.110332 
-329.501170 
-324.385336 
-310.678663 
-329.480930 
-331.905631 
-320.063041 
-312.505411 
-317.820141 
-329.284221 
-317.952997 
-307.801264 
-307.033197 
-318.324226 
-308.286295 
-300.396484 
-321.005872 
-316.556013 
-311.875969 
-318.093050 
-321.647758 
-315.530979 
-319.519869 
-324.425859 
-313.761493 
-309.231615 
-319.000001 
-305.555329 
-307.883950 
-303.734186 
-297.833334 
-319.294770 
-323.269378 
-314.673766 
-319.000001 
-309.619744 
-315.855197 
-313.624202 
-323.079252 
-320.106119 
-319.984138 
-315.721783 
-317.352703 
-319.000000 
-317.795759 
-298.343137 
-306.746952 
-323.503202 
-322.407834 
-319.000000 
-317.692280 
-315.998463 
-309.577545 
-310.670840 
-306.900971 
-319.000000 
-318.867197 
-308.708373 
-307.205710 
-308.445635 
-324.611112 
-318.999999 
-317.057053 
-319.000002 
-322.252208 
-319.981566 
-317.769241 
-312.537989 
-327.915344 
-317.158948 
-315.569142 
-308.739188 
-317.531070 
-309.050968 
-314.494948 
-322.007264 
-313.483472 
-312.837824 
-321.129655 
-320.935306 
-337.603516 
-315.982797 
-309.798874 
-316.419035 
-324.462186 
-322.733868 
-316.400525 
-309.345825 
-317.664762 
-314.831940 
-323.422137 
-320.819936 
-315.968608 
-317.796842 
-317.329385 
-299.156250 
-309.200349 
-318.155234 
-322.659379 
-318.999999 
-311.313744 
-322.852646 
-322.757171 
-319.283544 
-315.805155 
-314.309006 
-325.651001 
-312.191413 
-321.882873 
-311.010136 
-316.689106 
-328.432204 
-324.531004 
-318.999999 
-309.078126 
-304.541890 
-317.692278 
-314.986266 
-310.194800 
-310.611638 
-314.735762 
-321.375081 
-316.191086 
-306.021075 
-323.944393 
-311.499376 
-324.459519 
-319.229300 
-320.323126 
-314.270615 
-321.529323 
-321.047828 
-306.503475 
-319.000000 
-319.791967 
-318.999999 
-316.459105 
-321.852733 
-326.341909 
-315.960443 
-321.893101 
-299.156251 
-321.850997 
-316.917225 
-328.306369 
-322.463190 
-320.253197 
-314.048571 
-298.253012 
-316.796918 
-310.499090 
-317.028689 
-312.708469 
-319.000000 
-331.022890 
-319.000000 
-318.599923 
-307.728540 
-325.058820 
-318.511016 
-320.921807 
-317.889399 
-306.706444 
-308.024927 
-316.023158 
-314.404148 
-313.342439 
-335.156074 
-333.029991 
-316.327189 
-322.497761 
-306.673101 
-319.872162 
-327.853330 
-322.124558 
-320.559848 
-309.358544 
-319.869792 
-310.782019 
-319.000001 
-319.000001 
-321.218579 
-311.080329 
-320.346247 
-320.485989 
-316.877823 
-318.472821 
-306.178592 
-328.506241 
-319.914348 
-311.448826 
-309.426339 
-317.737893 
-308.699127 
-324.933017 
-313.342219 
-319.000001 
-319.000001 
-318.999999 
-299.156250 
-317.692279 
-324.364011 
-321.578391 
-316.845617 
-323.980517 
-332.299800 
-308.998890 
-303.808514 
-303.936597 
-319.718695 
-318.259518 
-320.001997 
-316.568490 
-324.061562 
-321.562498 
-315.577876 
-317.468863 
-316.243974 
-326.708871 
-319.000000 
-314.026988 
-327.562287 
-331.293469 
-319.000000 
-303.818449 
-309.535825 
-319.000000 
-310.248339 
-314.681555 
-319.000001 
-319.000000 
-322.438201 
-322.117109 
-319.000000 
-315.964742 
-322.252206 
-316.287717 
-316.582758 
-326.490498 
-320.806314 
-322.907557 
-316.316635 
-319.463340 
-320.910971 
-315.720850 
-323.405717 
-322.469709 
-322.227041 
-320.225989 
-321.574309 
-325.340032 
-308.734459 
-319.045034 
-320.940419 
-304.702877 
-308.028915 
-309.155153 
-325.005733 
-320.106118 
-311.634145 
-318.626067 
-302.690440 
-312.503483 
-320.154007 
-326.948503 
-317.139479 
-319.000000 
-315.753259 
-311.274189 
-315.294094 
-308.114153 
-320.225989 
-320.821513 
-316.998003 
-328.577496 
-318.999999 
-319.000000 
-321.813942 
-318.222717 
-319.501124 
-319.000001 
-319.000000 
-309.183580 
-313.415920 
-312.011782 
-309.077944 
-311.127631 
-318.999999 
-318.041244 
-325.256044 
-327.520697 
-316.487751 
-305.093154 
-305.641921 
-317.060611 
-323.397807 
-317.185650 
-312.710729 
-319.000001 
-318.999999 
-319.000001 
-309.076629 
-314.857209 
-323.561047 
-317.320872 
-305.140359 
-323.308611 
-319.000000 
-328.761166 
-303.361961 
-311.282268 
-318.769078 
-316.036153 
-328.940337 
-330.575756 
-320.818177 
-318.999999 
-318.053585 
-319.376224 
-319.000000 
-318.999999 
-323.110281 
-319.718995 
-323.308612 
-318.999999 
-318.999998 
-312.912072 
-319.000000 
-323.619948 
-310.326461 
-305.671632 
-312.107193 
-319.000000 
-318.999999 
-319.000000 
-320.712348 
-323.226022 
-327.040645 
-314.854246 
-303.881660 
-321.154874 
-320.041187 
-318.999999 
-318.451269 
-316.378453 
-323.503201 
-313.789072 
-315.316873 
-316.886824 
-319.596764 
-315.146612 
-301.559203 
-316.553058 
-318.512622 
-319.000000 
-328.391761 
-320.149364 
-317.973595 
-316.218133 
-302.372679 
-322.410258 
-332.116362 
-323.598033 
-320.142556 
-315.049759 
-317.224790 
-316.120852 
-319.000000 
-317.984346 
-311.285044 
-325.043973 
-336.440795 
-333.921430 
-322.891752 
-318.651730 
-319.416545 
-316.944525 
-323.363935 
-319.000001 
-316.071594 
-315.920161 
-319.000000 
-319.663869 
-327.386445 
-319.000000 
-319.000000 
-323.885246 
-321.729647 
-316.628760 
-318.264305 
-312.569310 
-327.076663 
-319.000000 
-318.647290 
-319.000000 
-317.928854 
-320.744239 
-305.372061 
-318.984970 
-313.333647 
-318.723654 
-324.907796 
-318.325944 
-319.124501 
-321.294009 
-321.632597 
-314.982091 
-311.085961 
-314.778249 
-318.999999 
-326.801253 
-325.589787 
-305.823041 
-316.582759 
-320.746706 
-316.993480 
-319.000001 
-319.000000 
-317.970412 
-319.000000 
-319.882058 
-313.240598 
-307.474374 
-317.661475 
-319.776347 
-319.850265 
-319.000000 
-312.131412 
-318.996643 
-320.033892 
-320.125452 
-319.000000 
-318.846489 
-318.496882 
-320.664258 
-316.738097 
-317.815927 
-318.173072 
-324.248271 
-313.329694 
-310.972855 
-321.213793 
-318.107426 
-319.000001 
-317.918118 
-306.347787 
-319.000000 
-332.540784 
-319.000000 
-323.553997 
-316.869833 
