19.164387 
12.676982 
7.020115 
11.624240 
-0.588530 
4.246517 
-5.499568 
-25.403234 
-25.679296 
-23.221184 
-32.130330 
-7.684790 
-6.961540 
12.398444 
4.067536 
0.065568 
2.508344 
-10.799536 
-3.257379 
-7.915834 
-6.971093 
-3.257460 
-13.493712 
-7.126151 
-12.171037 
-42.363710 
-38.252081 
-52.070173 
-53.196381 
-53.008526 
-46.203244 
-38.340761 
-45.402873 
-51.535036 
-42.624180 
-27.744736 
-13.819430 
7.922816 
19.164244 
19.857165 
28.901963 
29.622140 
42.529682 
31.546644 
13.119421 
48.519724 
40.235907 
51.477690 
41.585999 
54.615796 
43.196764 
17.591658 
22.785728 
18.463398 
39.591332 
39.825383 
41.585673 
51.761879 
50.684056 
52.579468 
54.176163 
63.991274 
89.390567 
89.390626 
87.971373 
94.547272 
73.811482 
44.525126 
33.656871 
14.334867 
-7.830487 
8.025196 
1.689944 
-0.454378 
-18.280591 
-0.666279 
-17.411114 
12.135737 
27.530256 
34.646878 
50.348487 
51.425529 
53.171077 
30.279718 
25.459668 
26.705286 
24.887531 
19.163775 
4.386390 
2.934633 
0.658163 
6.457855 
21.520789 
19.929016 
24.132778 
41.585672 
35.343408 
12.649804 
40.913709 
39.109280 
11.779338 
32.390073 
19.036144 
11.441011 
19.163724 
14.508033 
-4.653976 
-13.216583 
2.448381 
13.634348 
19.163975 
18.702518 
21.914657 
33.678257 
37.285415 
34.496912 
41.584876 
60.561580 
59.205840 
49.305308 
48.192359 
49.522918 
64.008051 
40.813394 
41.586806 
32.919083 
51.327446 
60.245009 
75.644698 
80.594759 
57.649405 
68.440513 
58.529559 
43.167649 
36.091307 
23.493968 
5.354765 
6.416803 
-24.280469 
-19.770405 
-23.037172 
-29.183085 
-20.122160 
-10.492959 
-0.200551 
23.371841 
40.591444 
31.765542 
48.024891 
45.271693 
77.460382 
70.323714 
97.529321 
88.694639 
95.445058 
92.725320 
86.429464 
70.686689 
45.041611 
18.591448 
41.585790 
9.289265 
4.138957 
22.295980 
3.110400 
1.225674 
-24.595567 
-31.871926 
-46.815551 
-53.767755 
-50.588680 
-38.327418 
-21.952388 
-9.526097 
-3.257836 
2.347813 
14.193998 
30.660558 
15.484308 
27.334820 
49.710577 
45.041610 
63.439677 
56.314589 
61.700251 
51.515131 
57.130754 
37.128740 
19.801954 
21.668987 
26.842467 
24.806421 
19.997858 
21.734783 
7.953079 
16.624969 
19.164096 
5.352195 
9.025658 
38.653000 
36.663167 
42.992579 
41.585898 
76.030502 
56.098415 
50.412945 
36.296716 
33.887428 
51.015819 
52.482091 
55.549643 
60.143005 
92.631220 
86.295279 
86.429423 
100.931372 
123.052068 
108.591283 
121.181254 
99.020062 
85.073983 
85.091834 
77.124325 
64.716816 
51.210113 
36.971641 
36.830670 
37.722963 
20.426373 
19.326208 
9.994519 
29.482708 
20.534561 
20.485196 
22.432144 
32.893542 
10.363715 
21.348435 
6.482861 
15.210413 
7.953057 
19.164086 
12.270646 
21.350375 
38.194619 
38.718985 
32.487344 
51.513268 
32.867903 
54.402284 
62.845132 
42.640125 
55.643830 
45.466470 
50.642283 
43.924232 
62.160349 
52.797305 
41.586464 
30.375607 
41.586599 
18.703173 
37.341239 
25.823924 
22.003745 
27.065281 
27.963301 
22.654890 
22.802705 
29.798880 
2.234717 
17.547666 
9.471752 
-5.330161 
5.692252 
11.399519 
-1.035824 
9.456969 
9.595023 
21.077636 
41.586330 
22.055645 
32.170146 
29.454854 
30.375596 
26.964267 
31.272113 
41.586334 
57.559991 
37.299656 
41.586249 
42.333584 
36.768917 
34.547033 
29.674754 
27.463229 
44.130618 
29.757101 
12.220274 
39.012940 
25.065829 
21.359930 
38.139075 
34.174486 
35.273615 
31.211155 
43.334909 
35.170755 
42.573302 
41.317758 
30.330865 
37.930240 
7.666468 
1.092914 
13.004678 
15.199127 
-3.441811 
-1.783318 
3.759286 
0.568471 
-4.993095 
-2.428746 
-1.617640 
15.746298 
20.214601 
13.020999 
24.797610 
41.585736 
47.902090 
31.693032 
4.236512 
-7.621416 
-3.526058 
-13.043375 
3.729074 
11.337159 
19.164020 
41.585828 
38.306799 
36.515334 
44.865140 
54.292207 
30.375039 
50.082014 
45.268240 
54.871780 
46.552228 
31.250005 
19.164286 
12.987534 
-12.782160 
-29.471715 
-56.522227 
-46.160166 
-60.558614 
-53.081267 
-75.042986 
-54.082453 
-66.564697 
-70.523315 
-48.802188 
-60.012978 
-39.445222 
-3.840290 
2.063204 
20.006164 
28.149895 
24.322730 
41.586048 
19.347634 
15.395934 
1.922512 
21.792836 
12.791530 
2.631820 
4.226150 
30.138597 
19.163692 
11.738382 
1.859526 
19.165618 
19.163943 
21.957736 
26.296291 
35.533765 
30.374463 
41.585966 
25.019846 
30.374987 
39.680256 
23.052047 
15.871813 
20.364688 
-3.258355 
5.849697 
19.164148 
9.108701 
16.512071 
14.689901 
15.344320 
18.354181 
19.112994 
8.968658 
19.163290 
-7.571665 
-17.091673 
-9.509710 
-9.147765 
-25.141945 
-10.408664 
-22.370413 
-28.999415 
-25.898697 
-42.149772 
-36.801483 
-25.679922 
-14.816022 
-12.618286 
24.399716 
19.826878 
40.188954 
45.343720 
37.236438 
70.367582 
51.450595 
28.652050 
42.584717 
47.375409 
52.797002 
51.329498 
59.911820 
65.632946 
97.596502 
93.500805 
68.121229 
69.255980 
73.407502 
79.618412 
71.885860 
30.374965 
57.590525 
61.219541 
30.375122 
24.912258 
15.563698 
7.953354 
-3.257505 
-11.749717 
-11.703908 
-9.247870 
-6.319268 
17.619034 
-1.999067 
19.164224 
23.475475 
52.796837 
66.671552 
69.236548 
76.856071 
94.628503 
88.922687 
83.519469 
73.554897 
67.832179 
69.341267 
51.465780 
30.919411 
28.533027 
3.121938 
-33.131427 
-59.312516 
-68.465453 
-84.141884 
-106.335780 
-99.888997 
-116.550856 
-104.327851 
-92.945190 
-70.523374 
-51.984658 
-25.679641 
-12.512970 
25.660258 
8.481844 
45.969456 
29.188248 
34.071639 
30.375249 
25.555883 
18.581118 
9.218101 
6.352234 
-3.257619 
-17.063081 
-22.573188 
-14.704017 
-31.233340 
-21.727209 
-28.692611 
-3.520534 
-24.962798 
-4.939973 
-9.784135 
-3.589274 
-25.679225 
-4.943014 
-21.759836 
-3.257395 
9.227786 
-14.468136 
-2.982138 
7.620328 
19.167760 
-237.075594 
45.727606 
119.769552 
112.681807 
-86.560807 
66.251966 
171.963104 
41.589319 
-258.624434 
159.965057 
-197.989212 
126.766658 
-31.402360 
144.743003 
134.938079 
-4.062268 
13.569451 
-25.678142 
53.541681 
45.408003 
-3.256613 
-32.057827 
93.766144 
54.524131 
-92.601127 
-299.746646 
87.457105 
-68.413870 
28.690964 
152.656133 
-5.936228 
15.861549 
32.246448 
51.198841 
292.297410 
-22.801235 
178.721215 
64.004753 
88.576112 
-54.634699 
3.503469 
-120.246694 
33.272497 
448.183032 
-6.403249 
-24.193475 
143.641630 
19.161558 
61.042228 
62.553925 
89.312083 
194.897293 
18.462220 
118.006038 
35.098854 
86.428687 
137.585357 
5.941090 
-5.770421 
72.335701 
45.950946 
117.936456 
256.482357 
266.863881 
53.156581 
421.433143 
-46.981497 
2.889644 
206.117234 
278.344836 
79.199359 
125.253845 
289.878843 
111.964639 
153.732509 
663.383860 
-20.839319 
64.417589 
-40.019093 
340.117696 
243.661024 
171.921063 
3.408786 
362.357823 
139.576308 
200.838947 
680.612816 
-16.457695 
384.922163 
64.107755 
281.502561 
171.448627 
-64.621788 
312.398437 
467.606989 
-9.918774 
36.349488 
295.436789 
260.942835 
-89.534128 
33.169387 
122.992148 
61.339327 
333.074756 
284.968128 
-187.283221 
270.770041 
171.386863 
114.679469 
198.543708 
362.266978 
70.306637 
-10.522508 
-206.932521 
190.673317 
176.117574 
192.201287 
-210.834957 
-130.988574 
245.779381 
15.914161 
164.914106 
-361.833878 
355.493067 
-102.321677 
163.981812 
-57.510791 
267.685368 
26.906763 
105.233463 
-282.069961 
-176.515382 
192.732148 
86.294061 
-125.487494 
-52.127975 
-16.930637 
66.078495 
-304.160718 
132.742961 
64.709347 
201.243881 
5.474833 
195.281018 
-446.432757 
-481.662868 
-161.605381 
-46.370482 
54.017352 
-166.530221 
100.554551 
341.712349 
-81.027583 
59.505432 
-85.805810 
108.851428 
-40.426760 
125.191420 
-527.748688 
310.648625 
-36.255618 
-55.204325 
100.443960 
-53.430369 
209.194003 
195.395488 
-483.482607 
113.672643 
-180.255680 
-108.230087 
392.163088 
-126.550302 
256.961713 
41.587439 
120.062583 
324.699943 
-554.542780 
-118.662749 
-69.538926 
71.815544 
34.751229 
18.912246 
-81.096106 
95.171563 
-61.092208 
-375.491206 
74.631856 
-77.241571 
-19.211333 
79.516726 
-1.392726 
-92.238710 
-96.623089 
-25.681110 
221.758750 
467.602846 
-468.152920 
-40.971124 
-136.203396 
41.356548 
-110.242165 
176.116022 
197.907996 
-387.680493 
-135.246870 
37.525315 
-132.459695 
60.986916 
-116.127226 
-139.305096 
-276.856424 
-60.976178 
-69.129074 
153.694482 
58.938863 
-39.880487 
-85.675832 
216.602759 
-50.983701 
62.793563 
-160.514649 
137.551293 
-64.460148 
8.824792 
-161.126932 
30.238500 
103.195458 
-289.763190 
107.746136 
41.476663 
148.065451 
-93.622238 
4.522671 
146.930331 
-181.273145 
2.277932 
369.662948 
-14.026239 
127.282483 
41.587409 
220.962203 
-77.254887 
-283.146580 
242.693848 
34.317493 
-208.800818 
457.096650 
-329.872254 
277.268675 
-75.694766 
130.532369 
139.001967 
358.241311 
-271.304029 
194.609455 
-265.873189 
41.588397 
389.124927 
19.165326 
321.861533 
685.137865 
-345.035947 
239.128947 
-8.625804 
257.001379 
-166.607135 
-41.805548 
42.815367 
364.829302 
-394.108324 
87.785982 
154.133032 
-164.473212 
-126.948324 
27.041903 
-15.706064 
139.463670 
-93.266653 
149.325636 
131.272361 
-130.427050 
-36.703086 
49.878149 
-3.259541 
102.647208 
-252.207133 
321.858629 
132.059513 
-127.237050 
220.958250 
377.167610 
-188.420981 
-48.604631 
-410.355997 
-205.983304 
-91.118650 
-39.597131 
-42.013455 
350.900267 
-137.037716 
-84.732698 
247.607406 
303.239424 
-128.469694 
88.204890 
297.879735 
-132.650755 
158.531541 
290.984936 
162.033659 
118.389371 
-71.441992 
-155.208025 
-101.879885 
8.555078 
171.579361 
31.245320 
29.089628 
-100.749181 
-303.408838 
163.129383 
-17.838844 
-0.250607 
235.539889 
-71.775449 
42.288894 
333.071294 
7.334128 
236.617742 
66.484030 
107.167413 
-280.768401 
218.701548 
-196.577129 
-102.677339 
-3.256829 
277.017018 
138.689283 
-229.049820 
164.869497 
-125.082296 
-3.256492 
-0.383257 
-4.052286 
-19.700541 
-383.741175 
92.081250 
321.862973 
182.257659 
-129.813912 
33.567589 
-38.769577 
-167.138382 
24.893897 
-198.526447 
-1.007891 
24.093859 
-88.598684 
254.596511 
-93.640882 
10.059587 
-109.606523 
-119.294951 
-209.971453 
167.856547 
-210.994194 
176.246844 
389.129405 
141.070113 
-187.502360 
121.261839 
-45.319280 
-97.785083 
-218.644674 
-255.704126 
43.177718 
164.911390 
54.536241 
33.684368 
64.011925 
254.600548 
75.347882 
-72.709701 
-197.451261 
41.588730 
232.175682 
131.898328 
-196.829476 
-38.168505 
129.665385 
3.008788 
59.279161 
-25.678594 
-17.972867 
209.753280 
46.510154 
53.315874 
191.716117 
188.804917 
-89.483121 
95.840214 
42.014974 
97.645191 
147.936495 
-27.654340 
-19.949993 
-68.267665 
106.004731 
-305.293593 
249.760625 
-0.568626 
300.887240 
-192.071115 
190.190528 
164.904684 
-183.038159 
710.523042 
112.272010 
149.751163 
-375.593991 
-37.716057 
-22.977305 
-28.569551 
27.456940 
-154.382625 
-131.584885 
219.526758 
41.585926 
-217.275482 
-101.444865 
-57.175724 
-125.841228 
41.795072 
-108.193565 
216.840185 
93.839434 
183.521344 
38.149219 
52.796238 
-29.244035 
-132.512810 
52.796979 
-208.917370 
-363.022573 
30.376204 
7.953490 
-204.322603 
-155.468577 
71.367581 
-127.212139 
139.565230 
-279.876228 
-3.257562 
-107.259366 
30.374246 
-22.943718 
-115.325588 
45.190103 
98.811762 
-572.648324 
200.814964 
-274.174445 
-41.142190 
35.616853 
-193.923219 
-166.018738 
102.741013 
-376.742216 
-56.977712 
30.374712 
88.938990 
132.752101 
-374.206745 
-187.755495 
-34.351656 
186.623421 
30.373812 
19.163773 
-145.907844 
120.061596 
-130.961512 
-124.233448 
-102.806018 
-151.227902 
66.915008 
53.896976 
41.584305 
16.273724 
-153.655689 
-269.983813 
-179.778563 
-159.513965 
-46.355571 
107.982335 
36.468824 
-2.000912 
-180.392120 
-91.249754 
-157.051213 
-225.907936 
-108.541824 
-61.460223 
104.638402 
52.793637 
73.458667 
10.945077 
52.793193 
59.349492 
-149.003473 
-283.333077 
6.695588 
198.532637 
-101.468255 
63.335296 
353.808853 
517.019856 
-416.331523 
-184.880597 
238.327402 
153.689064 
-382.651180 
318.029470 
-72.818000 
120.586110 
118.779224 
301.855317 
570.874360 
51.463449 
178.343956 
344.275484 
136.998020 
-110.584484 
658.183212 
151.975973 
236.873120 
-62.677797 
176.534446 
-506.775904 
-77.365550 
251.525196 
32.347924 
213.098053 
64.775913 
349.881973 
354.201957 
137.876242 
410.728661 
389.759896 
159.820869 
288.221476 
499.866383 
7.066077 
-234.989128 
15.984206 
131.382898 
719.941452 
311.272635 
-207.983314 
75.139280 
422.754619 
-48.006306 
708.776341 
343.085210 
334.210150 
197.835374 
223.230448 
158.791629 
1173.887233 
127.074749 
107.947119 
101.538548 
-39.280889 
127.253602 
-68.547551 
318.889338 
309.612733 
-94.612764 
341.189071 
-9.302669 
313.473112 
303.111362 
448.604248 
169.595109 
32.735183 
55.693777 
226.267559 
232.928340 
844.426287 
-126.258613 
132.648137 
50.085398 
327.917530 
512.862256 
169.747013 
-24.443179 
233.304512 
314.142455 
-52.616613 
635.763945 
-109.365222 
326.000169 
244.613599 
424.999865 
265.883411 
-87.991091 
81.011735 
467.602887 
-141.981972 
118.475928 
167.632546 
226.317840 
-247.738224 
-138.397394 
305.112458 
-292.756037 
288.230256 
262.227290 
-503.984973 
382.504599 
16.711555 
238.656489 
86.430403 
291.745502 
-225.962705 
-0.130836 
-489.421489 
131.368338 
176.121102 
196.252471 
-407.921767 
-314.654299 
237.668262 
124.245260 
142.488640 
-428.253286 
355.495613 
-216.881552 
-10.452687 
115.693971 
181.761987 
-257.810802 
261.121793 
-358.639521 
-182.485500 
28.185216 
82.687185 
-98.447383 
-215.275862 
-199.929616 
-279.668768 
-152.059092 
55.307618 
-17.968667 
-7.471361 
-601.780858 
140.939577 
-580.364864 
-429.981909 
-269.571167 
-50.957900 
-129.904459 
-89.607751 
72.270871 
521.279632 
-136.853390 
185.039048 
-144.314933 
198.539432 
-159.516000 
84.548542 
-296.438886 
333.073211 
-185.790511 
-253.430428 
175.595176 
-48.629390 
-41.567290 
246.921952 
-512.791337 
181.404840 
-193.270106 
-172.846504 
422.239500 
-46.770400 
-120.351204 
30.376024 
164.903439 
425.184142 
-208.909786 
13.458854 
-321.981763 
-54.209711 
621.747834 
-165.235917 
-15.086529 
-102.532452 
0.224152 
-298.889703 
205.740737 
165.724779 
-51.313861 
298.130551 
138.078150 
-9.675836 
62.578828 
512.446560 
304.708564 
546.079004 
-596.142824 
-96.425645 
138.827345 
-1.213024 
107.489838 
321.861771 
-144.806446 
-585.848682 
88.632670 
-583.942560 
38.605860 
294.030382 
-161.028402 
-216.998630 
-221.252837 
-110.877326 
46.465216 
344.285838 
-95.104939 
64.012037 
-208.755580 
226.496854 
173.732599 
321.891009 
-111.966755 
99.291695 
-160.467350 
-64.468046 
-148.464296 
-171.958681 
36.432943 
-361.359118 
141.460004 
284.303093 
26.760532 
-76.621487 
-7.315692 
120.795662 
-7.071440 
-87.533545 
232.464414 
-145.436037 
24.497797 
153.698249 
658.190968 
-386.180445 
-130.066686 
-246.537334 
-67.486552 
-102.681809 
121.911850 
-705.400569 
154.245109 
-19.086964 
149.569334 
5.696830 
289.986650 
-304.684723 
53.494665 
-135.850826 
344.284758 
-14.466698 
232.174050 
108.854914 
267.830161 
-178.092449 
442.931137 
-52.826392 
412.537922 
-293.860745 
-289.109449 
38.678746 
432.100415 
-381.532559 
8.740376 
132.690756 
-88.340457 
-424.370302 
4.714929 
-271.540294 
176.561135 
-256.840657 
148.142551 
164.907958 
7.102039 
-125.290105 
-201.568245 
277.017707 
-149.597224 
-244.619980 
41.587983 
323.638800 
-160.627725 
590.924127 
42.335613 
-96.395070 
-172.055675 
-413.158214 
-162.391684 
18.548272 
-19.493317 
-266.704287 
321.796561 
-102.353300 
34.489829 
311.037639 
353.829001 
-255.112398 
157.089585 
221.147104 
-126.011118 
186.771266 
289.834162 
41.603204 
121.387983 
-7.197488 
-146.685889 
-175.192667 
-25.933085 
155.970893 
-260.301786 
-225.050137 
-236.527515 
-296.034525 
406.711302 
-155.502824 
31.659608 
162.870382 
-210.622851 
338.264599 
747.873689 
-735.772711 
286.849361 
28.476373 
-42.013993 
-237.081386 
258.543906 
-320.367731 
-96.080805 
299.436697 
209.749412 
259.482212 
-100.727559 
186.733359 
-352.294924 
232.170134 
-220.799278 
-70.250805 
46.584456 
-369.459389 
-155.421516 
97.640308 
184.069472 
121.063530 
-36.372141 
-316.851800 
88.249003 
301.690843 
-163.567946 
-15.685232 
-15.417972 
-227.652137 
41.585337 
-67.022144 
-345.893155 
40.952753 
-355.339444 
-191.886616 
204.294297 
-215.177308 
377.020897 
41.585735 
-92.735073 
-362.999100 
66.842294 
89.766041 
-9.784087 
-490.216133 
-0.998654 
223.405552 
30.376027 
12.161545 
101.623129 
187.328803 
164.906071 
-40.826563 
-41.821168 
-163.351745 
366.703097 
187.326610 
-5.355974 
-101.166769 
-272.193955 
349.337582 
318.557844 
93.946051 
164.906772 
-465.707289 
19.164430 
49.378203 
168.952773 
207.690887 
305.003317 
-213.247014 
-25.244356 
358.152673 
198.540180 
338.971068 
-230.208157 
-7.202800 
-396.394251 
26.325511 
-253.803959 
-84.632723 
-82.249551 
333.551185 
-58.183486 
272.352313 
187.327837 
-122.532242 
219.662572 
73.442285 
194.213904 
-303.811921 
-101.515582 
64.360173 
-247.246708 
65.764680 
-6.220776 
-114.758768 
25.685046 
-3.258190 
-414.283283 
70.644624 
-198.353508 
-317.996569 
303.401705 
-258.475574 
34.104613 
85.393857 
91.244460 
-74.394629 
19.164391 
-200.164244 
-336.026497 
41.586416 
-255.785917 
-449.678911 
52.797041 
30.375942 
-128.762012 
-194.774073 
-238.759509 
-12.028566 
39.881444 
-313.322487 
-3.258564 
-193.370248 
7.953010 
-148.544620 
-101.319745 
-129.440889 
94.783627 
-419.262527 
89.858212 
-380.979532 
-81.315184 
31.818456 
-10.623995 
-180.196228 
-1.426586 
-248.851041 
43.182586 
7.954249 
48.860381 
151.789480 
-347.536346 
-289.127359 
64.111760 
284.360556 
-3.256816 
187.330316 
-143.966671 
19.163718 
155.243730 
-123.344382 
-81.000802 
-198.032673 
-81.326541 
98.966014 
7.952744 
17.845412 
-106.561754 
-119.174488 
-231.658601 
-139.190389 
-78.850431 
-48.904842 
-24.148996 
-233.391630 
-232.634131 
-35.420803 
-113.939577 
-193.785832 
-3.061677 
6.707062 
-49.456807 
7.951697 
-127.473174 
97.171199 
-149.000007 
-5.861437 
-148.999643 
-267.826530 
-7.501541 
445.180246 
222.496058 
-285.131754 
240.187829 
-142.918967 
-322.245463 
305.418067 
-47.095564 
288.228558 
-427.819073 
321.326091 
-194.141306 
290.470402 
93.369125 
474.973773 
224.189961 
-125.965124 
-72.226747 
198.541039 
275.180647 
254.301841 
243.382420 
256.296911 
487.518082 
-277.468760 
107.872686 
-85.695650 
535.361961 
398.700591 
141.584060 
463.257792 
19.724653 
183.082497 
196.251791 
282.578364 
223.534899 
123.131086 
-241.078740 
288.226106 
422.865763 
216.510966 
107.213227 
269.449518 
119.049788 
720.592314 
461.500808 
279.013165 
-213.267323 
501.234610 
141.465130 
513.059166 
-149.001361 
420.059755 
-89.442690 
351.588585 
-66.488275 
445.178506 
222.558661 
-47.819549 
120.078289 
324.937309 
262.124795 
-40.630996 
30.533190 
337.135894 
-214.879649 
278.740312 
-73.650504 
-346.248822 
461.390715 
-296.859970 
204.706168 
168.297921 
-31.366042 
-21.748693 
318.101946 
1016.655306 
150.805155 
29.147429 
-6.416480 
248.692111 
258.106817 
4.032629 
-64.168058 
-99.852618 
-31.606649 
-40.468777 
321.860420 
66.490954 
465.188022 
283.154402 
149.959335 
308.177919 
17.316644 
-207.731765 
433.971388 
-75.234232 
165.132547 
204.028532 
-4.879380 
198.055473 
-188.502075 
122.298903 
-118.184256 
557.291151 
391.754105 
-479.071728 
-116.292196 
122.127106 
-106.587349 
153.698989 
384.254184 
-61.714229 
261.761170 
-313.477575 
-112.777500 
310.650129 
60.917038 
-329.769457 
14.103668 
431.120732 
99.041062 
-137.785175 
6.078913 
703.032442 
60.303402 
-9.734801 
-76.369500 
333.874805 
-255.730284 
109.091958 
48.984849 
200.696691 
139.655724 
-221.998407 
-14.474777 
109.399006 
-496.825689 
-106.487144 
-12.046987 
60.398340 
136.174985 
-37.941745 
-282.419326 
371.233805 
-293.944588 
-281.816129 
-172.051782 
-143.010718 
225.976122 
275.010547 
438.781979 
67.996044 
-143.077448 
52.706804 
-22.526554 
590.922731 
85.748505 
-235.911994 
-378.848939 
445.181982 
13.252524 
-65.989218 
107.618638 
170.004105 
1.824224 
62.796570 
-420.816463 
169.121520 
-11.796566 
-234.038983 
291.846447 
-154.639840 
-366.784348 
86.432340 
310.650611 
338.112821 
393.027029 
-136.428583 
-130.403299 
275.641490 
112.924268 
-523.490945 
187.137073 
-265.107279 
-59.563938 
-199.920180 
176.394577 
-16.119480 
71.505095 
429.225965 
-51.103669 
-120.359643 
-57.756726 
490.024022 
123.064936 
680.611491 
-437.484964 
-55.360311 
-295.612566 
-38.280814 
-41.820932 
377.912965 
113.280409 
-1112.487285 
-512.503044 
463.254382 
104.980651 
491.002376 
-194.613553 
117.523248 
52.469055 
-35.546830 
-67.908768 
433.967001 
-11.436992 
-527.185861 
-308.795421 
237.731108 
-314.086305 
-130.877809 
-51.275567 
326.148029 
14.853958 
-338.647059 
28.014929 
45.074641 
54.656585 
-145.527552 
163.298045 
154.445893 
237.647924 
-45.301241 
-122.862060 
-90.587404 
323.133150 
-345.994041 
68.094616 
-237.033601 
-96.598885 
198.539596 
725.453847 
-475.972430 
-67.960533 
-136.074721 
120.912056 
62.686758 
469.780898 
-669.838894 
170.498065 
-161.052358 
232.174121 
-223.136457 
332.167240 
-36.793487 
73.545566 
22.831052 
321.862241 
64.010660 
456.392604 
220.962470 
1.586034 
-109.876472 
349.920985 
-43.035791 
298.529541 
-267.106971 
-286.338805 
63.274230 
553.329304 
54.879641 
-131.609322 
-45.353049 
135.026305 
-253.482172 
305.870250 
-237.398725 
145.664837 
-164.878128 
-19.221908 
164.906087 
-223.661831 
-330.393647 
-49.880750 
366.701550 
89.157674 
-203.884202 
19.163246 
37.630798 
-29.189367 
590.920417 
18.414040 
-73.225200 
-186.789130 
-396.342246 
217.260011 
-29.387064 
53.210725 
-67.404141 
154.942168 
-240.141456 
99.236909 
-220.980564 
54.733887 
-274.948942 
4.216626 
212.259998 
-241.529159 
-158.053629 
-346.231219 
113.650368 
-108.068928 
59.782943 
-69.184014 
-93.359057 
166.977064 
-14.383754 
227.734804 
14.268044 
-485.813906 
-423.953868 
199.530520 
-153.041187 
-177.220630 
160.374409 
-83.901209 
97.045317 
658.187277 
122.515558 
90.794171 
87.635131 
44.226228 
90.999690 
8.309130 
-161.076096 
-217.901556 
344.281716 
153.696843 
60.656645 
-136.514988 
-280.543953 
-208.787022 
232.172973 
-205.097552 
25.191581 
-99.608687 
-11.311261 
-156.416508 
209.751243 
-33.170297 
75.208109 
-4.003028 
-148.744677 
151.311216 
-114.381247 
-17.941996 
123.301964 
372.190466 
10.933716 
-25.678702 
-62.816218 
-188.939785 
121.958629 
-99.713957 
-216.264524 
282.372684 
-133.607231 
229.599998 
64.009560 
105.728429 
-312.823423 
53.574671 
-34.122577 
-109.663034 
-196.683153 
-34.120783 
131.726973 
7.951282 
65.203555 
-2.626136 
108.852828 
120.060240 
-50.885861 
-26.146570 
-271.155958 
299.436447 
164.907383 
209.816762 
-77.248610 
-224.241130 
60.709637 
206.580443 
17.030120 
97.640299 
-3.958518 
19.166607 
66.938039 
156.167151 
90.990918 
286.516371 
-74.602629 
-257.247047 
167.889496 
52.793881 
-136.313992 
149.524605 
98.206708 
-353.922535 
-113.969407 
165.682734 
-78.073001 
-84.025825 
65.717781 
7.090753 
275.962635 
209.750893 
-372.071076 
289.703328 
-133.661704 
89.655571 
-219.172312 
178.589368 
-389.222326 
-440.808519 
-49.875995 
68.505693 
132.567612 
31.747011 
-3.259217 
-144.093463 
214.381221 
-17.931544 
-580.356847 
226.431948 
-311.726375 
-227.242412 
-64.355805 
107.414360 
-281.544434 
19.162395 
-243.574310 
-185.671338 
41.584020 
-391.994301 
-429.326016 
41.584729 
30.375048 
-275.959959 
-301.754460 
-106.246176 
113.814598 
-15.131112 
-322.715975 
-3.258550 
-140.483079 
-3.258712 
-40.134200 
57.558047 
-65.863167 
-93.191937 
-180.826701 
-151.586708 
-49.609488 
-96.011960 
125.063391 
-74.534404 
-19.699600 
-218.269125 
48.050213 
0.416150 
-3.257471 
-212.370010 
51.250793 
-353.877390 
-33.767876 
308.082025 
-33.209170 
-3.256661 
142.483601 
-162.469555 
7.952370 
29.419625 
-207.286935 
-83.055039 
-34.725292 
-275.254980 
128.398804 
-25.680371 
19.716415 
126.224267 
-79.644742 
-434.853362 
-130.080642 
-146.104585 
4.780581 
-233.594991 
-58.669917 
-8.138163 
78.843791 
-223.528066 
-281.633763 
211.640837 
-174.588171 
-44.910744 
-14.468668 
-102.710837 
-160.928910 
-148.999261 
74.720648 
-149.000638 
-283.539647 
-480.983511 
478.813005 
77.210061 
-118.095209 
320.562049 
-28.208738 
-413.573845 
-77.247418 
260.796674 
635.769833 
-75.760764 
202.467420 
-53.379337 
108.630601 
200.078168 
366.728409 
90.012548 
-249.447463 
236.172557 
187.328272 
123.618570 
371.555116 
400.336907 
176.516507 
297.278952 
-363.972074 
-85.321285 
289.999363 
486.806825 
278.960715 
-273.746323 
138.508483 
193.355973 
99.206572 
424.031945 
-395.046163 
204.513447 
-14.378109 
-69.637169 
658.187089 
529.820498 
-112.522810 
-102.341136 
33.385730 
451.637249 
904.597876 
216.731390 
-325.741706 
76.922132 
198.542999 
318.761511 
59.313864 
-45.802842 
6.587921 
-98.544419 
-83.505463 
319.772509 
422.760695 
345.212739 
-230.602740 
302.423327 
-289.475229 
124.013098 
-246.720595 
172.167369 
317.305114 
50.373234 
92.943291 
-50.153077 
288.629266 
513.852727 
57.743796 
124.341125 
44.877211 
-84.859073 
-148.771768 
471.906973 
427.944928 
-43.993148 
-99.993732 
166.631381 
330.046055 
294.053304 
17.516848 
-55.970444 
-125.702939 
365.113509 
51.318326 
220.963029 
221.572847 
38.289805 
-157.036115 
425.002222 
86.283421 
80.916179 
1.728381 
321.859529 
-84.080395 
213.334329 
70.180543 
101.725669 
-467.726883 
-136.776308 
122.441569 
0.032487 
815.137513 
165.482645 
-396.534463 
45.749552 
-1.336841 
-103.623865 
198.532729 
-7.471343 
-155.604982 
22.952245 
-164.848992 
50.191729 
456.393173 
-5.592469 
-441.622479 
-311.319344 
-46.891293 
63.522297 
265.802746 
206.746539 
19.159156 
14.777227 
31.966404 
-163.224139 
358.707472 
-343.055540 
-58.679195 
-66.495912 
-106.994951 
221.865393 
-98.987436 
-93.830624 
-255.372910 
-156.867375 
-52.487408 
-149.790204 
19.927940 
-537.182271 
35.736722 
-280.369941 
352.725669 
-339.010935 
-475.471513 
-37.091590 
-367.984801 
419.154537 
219.536340 
-139.750440 
40.172233 
-236.416290 
172.153170 
67.647079 
19.166075 
20.035134 
-37.123045 
-90.257584 
456.391314 
-214.287411 
-404.370479 
31.088435 
307.663622 
189.629508 
386.016838 
-446.282348 
-134.237306 
155.316265 
-121.873848 
119.795098 
-117.846102 
-451.400254 
220.960816 
327.465582 
436.792772 
-213.145179 
-26.653191 
-208.300085 
2.646814 
54.933510 
81.350466 
52.465016 
176.385998 
209.315435 
43.810411 
263.527731 
-87.354506 
-12.951512 
-47.807132 
28.236671 
374.596711 
2.612167 
680.609973 
317.873488 
288.229147 
-426.720554 
-198.080828 
-213.097060 
-133.463220 
-2.571959 
310.652293 
119.050360 
-221.968086 
-182.337840 
9.291786 
-35.977238 
218.356683 
-206.625338 
154.527296 
168.748612 
-516.875077 
216.302527 
321.861608 
245.640144 
214.236770 
-484.633605 
-171.430886 
147.748288 
48.707835 
234.428395 
-141.150600 
37.017682 
-200.987764 
-48.956706 
40.292447 
38.590455 
60.834577 
14.903265 
182.677029 
16.090481 
-65.406808 
-89.763889 
-57.515207 
-183.005964 
78.732578 
83.197074 
-152.152615 
-71.748049 
747.878381 
344.282321 
-264.141840 
-247.311595 
-76.820313 
156.726767 
469.344177 
47.767154 
-467.124716 
-34.079785 
228.753810 
-22.918551 
1.659764 
265.403402 
51.072819 
-45.797535 
-222.252448 
-3.257982 
-3.258145 
153.696511 
411.548222 
16.453095 
-149.064688 
333.063387 
-139.306679 
208.833409 
13.708767 
-142.119894 
45.617393 
324.593302 
-284.164152 
-46.222078 
140.711048 
92.701060 
-203.322836 
-47.976548 
-265.814009 
-50.121805 
8.865049 
56.386333 
64.008456 
-122.003633 
-158.097457 
-134.413030 
41.585971 
38.698446 
-952.708622 
153.695913 
554.151112 
194.831741 
344.281072 
149.956674 
-309.457811 
-50.055321 
-503.547190 
-40.824938 
-30.060511 
184.586123 
94.145342 
-6.268664 
-214.328547 
282.792700 
-261.875866 
144.981962 
-60.701706 
-135.603956 
154.535913 
-16.914263 
-109.984308 
234.017529 
230.395184 
-67.474723 
-119.748800 
-26.521767 
6.557586 
202.617584 
442.360069 
-93.256891 
-35.717666 
104.031683 
-330.748294 
149.033565 
33.148675 
-52.350255 
65.282107 
113.453176 
411.451997 
366.703679 
-127.260328 
-107.620936 
27.900606 
90.847389 
43.428564 
324.680767 
-10.932039 
-27.045596 
187.329255 
164.905729 
25.348050 
133.007771 
16.649196 
269.549605 
254.594414 
244.055613 
-159.349416 
3.683776 
-60.496255 
-130.827130 
64.008917 
13.746488 
-289.897998 
132.924855 
226.976550 
104.051508 
69.143435 
-88.508144 
-325.459042 
197.117997 
-137.632601 
321.858746 
377.213548 
-490.931284 
214.073405 
66.696434 
-109.558663 
114.854669 
-329.437269 
166.823014 
232.168301 
-213.850415 
-105.516522 
-119.002445 
-98.668791 
-12.077693 
-521.761473 
-184.455327 
-82.392256 
108.848252 
-13.059936 
215.304934 
209.744531 
30.373294 
-102.966597 
95.593850 
-170.992109 
164.902567 
19.165729 
67.453025 
-232.703840 
-22.565430 
91.999453 
-31.034756 
72.652036 
-25.679490 
-116.772667 
153.697101 
278.208747 
-99.090903 
109.545133 
10.492940 
-41.591507 
-297.323628 
325.712492 
-350.800509 
202.816773 
-81.437286 
130.201564 
36.382720 
105.542601 
26.350067 
110.134802 
-23.979110 
1022.105966 
-162.497347 
324.338452 
-3.259314 
-82.490728 
71.340364 
147.315150 
75.232285 
-79.643507 
-59.339425 
-25.803749 
-184.510637 
49.877811 
-263.785810 
34.511688 
-21.699825 
-3.257809 
-150.245066 
30.256744 
-28.703960 
184.572959 
72.276659 
-116.182027 
-312.768735 
-130.840915 
50.618674 
8.932503 
7.953741 
-15.334842 
-305.149942 
-14.468937 
-205.573140 
111.225827 
-3.256853 
-3.257580 
-95.557028 
-372.971091 
-146.989114 
42.088931 
-90.840376 
-277.828158 
7.953968 
-109.363476 
7.954041 
-189.704675 
110.344287 
-9.838461 
-22.238843 
-469.081783 
-223.834841 
-254.763585 
182.237993 
41.666341 
-105.121542 
89.571951 
-225.006161 
-128.742809 
-96.845701 
19.165245 
-137.719242 
139.745022 
-231.229332 
-141.287063 
-83.618743 
-52.408472 
97.641192 
-3.257707 
-566.719564 
52.798124 
-379.324374 
-22.306257 
-256.045098 
-92.742554 
-208.825807 
-48.765744 
52.796969 
96.380372 
-202.548367 
-124.092063 
-132.706659 
-136.387825 
-31.621553 
-92.112667 
-175.301557 
-143.086183 
-67.278292 
-160.135103 
-82.133653 
-240.550719 
397.652086 
-354.024814 
120.915455 
-149.000753 
-204.146249 
-122.487776 
-149.000630 
51.145492 
-149.001135 
-367.838519 
-130.917151 
490.019069 
-84.245439 
-142.506697 
402.901374 
-161.799031 
-283.533077 
-184.878206 
-88.133591 
658.186934 
-415.724148 
301.112738 
-47.387848 
29.354963 
-32.864314 
774.277379 
176.466756 
-212.738741 
203.835161 
131.270696 
-13.563074 
360.457158 
310.645411 
74.172084 
226.149279 
-209.433095 
-110.364162 
511.550861 
488.512357 
178.042682 
-168.249802 
-38.421501 
-4.936623 
184.304846 
210.369166 
-271.407790 
220.742844 
15.461454 
-192.165886 
703.027559 
508.633553 
9.646662 
77.845956 
214.380806 
290.866374 
765.842338 
147.994013 
-283.471187 
-138.254466 
131.273115 
14.347261 
154.367738 
43.588546 
-5.166674 
-64.220474 
-149.474948 
31.276886 
333.066473 
158.179614 
-288.232380 
21.447518 
-301.504107 
-47.692598 
-213.150749 
73.202733 
141.528660 
-256.915057 
-81.672386 
-326.138630 
466.588832 
266.669808 
107.507834 
117.487693 
-115.996079 
-103.333299 
134.246802 
446.200965 
-6.571116 
111.235967 
85.893053 
-62.107130 
223.948185 
107.703536 
-83.144457 
-393.631745 
-75.200355 
36.082352 
80.421191 
557.286525 
50.193672 
52.131225 
-188.271949 
424.998043 
338.465091 
-23.950913 
289.163928 
333.066978 
-53.774031 
-24.118097 
147.288830 
-263.275947 
-67.833617 
24.816432 
239.467920 
171.908824 
703.025603 
186.108887 
-211.159585 
318.412586 
106.564528 
-49.466915 
792.715195 
154.750548 
218.428264 
200.558435 
-1.840938 
146.623021 
220.947483 
408.958468 
-191.894054 
59.462580 
69.153220 
105.931749 
725.446673 
-284.615277 
243.367353 
-111.338841 
296.240671 
119.053645 
420.510036 
114.358009 
-7.747816 
161.764809 
215.423501 
378.623299 
5.238347 
-336.982660 
86.457313 
-194.270557 
10.849112 
-45.917635 
234.428984 
-546.995861 
95.028766 
-156.790108 
62.780425 
-270.343362 
-320.401973 
211.944578 
-200.870421 
529.263906 
-184.968301 
-0.125573 
-49.985046 
-107.815273 
240.355708 
52.723165 
377.912236 
167.448270 
-12.951222 
-106.701497 
198.533515 
-38.479815 
-204.511666 
130.172492 
208.039057 
138.855165 
182.315679 
213.857627 
-304.890038 
-18.646830 
-64.275837 
-147.274916 
194.332256 
-617.688616 
277.014315 
361.090783 
22.767926 
-342.708624 
-233.576000 
-119.610271 
-121.252679 
23.909988 
-194.481070 
-86.001218 
-36.716698 
55.967717 
-21.459088 
21.898235 
-52.766180 
29.863634 
4.455299 
179.343622 
360.522523 
-2.817025 
366.702410 
373.683570 
299.434730 
-452.190588 
-412.176686 
-230.976966 
39.091720 
99.214114 
590.921341 
211.525286 
-725.990571 
-220.673195 
21.582655 
81.124794 
57.514634 
-164.916642 
-177.469563 
246.491483 
-24.766492 
-36.045539 
176.113817 
460.038816 
351.005639 
-259.577251 
-237.909349 
113.301550 
255.156161 
288.196581 
36.076887 
-207.395483 
-401.965873 
78.595696 
148.307299 
123.804037 
52.167673 
19.123144 
28.707029 
-132.504672 
31.329970 
-126.795192 
32.802343 
-200.375975 
-156.550807 
25.329258 
-208.488727 
-44.549419 
366.702324 
310.649500 
-135.755602 
-475.804886 
191.271081 
-335.698706 
-62.934534 
-155.774210 
-351.691523 
184.486197 
104.182982 
196.510366 
-178.203587 
316.763219 
562.873980 
247.477400 
-261.653791 
-48.102550 
277.018015 
456.390317 
164.907675 
142.799397 
-110.890665 
465.233737 
143.279435 
65.178938 
-203.411250 
52.511857 
90.562945 
238.582226 
-196.561624 
-248.942121 
117.502196 
-241.527135 
-362.289824 
-105.278133 
-158.827256 
222.814657 
-69.012269 
-516.841965 
41.584004 
206.795628 
13.081224 
-155.632373 
153.691242 
55.561546 
-518.019859 
770.292790 
165.321088 
81.399360 
344.277803 
102.123478 
-124.554193 
-173.832234 
38.775809 
-439.675880 
-55.283013 
100.363343 
-164.301485 
-105.113977 
-337.747690 
-91.364289 
-92.263659 
-218.188219 
-72.922754 
-18.726711 
161.795203 
292.148767 
424.871951 
-75.025433 
-88.995896 
105.414915 
141.109876 
-75.779914 
-266.512427 
116.767485 
317.516679 
150.306955 
58.779917 
-191.153457 
-152.578027 
133.165917 
-183.160912 
-84.732769 
162.535137 
284.085370 
173.348476 
30.376327 
-59.962294 
-40.405937 
78.999963 
251.032837 
59.508848 
168.717234 
-170.107732 
-114.207175 
209.750917 
30.375061 
-101.084027 
162.347317 
-12.456556 
-137.041519 
41.585205 
244.298222 
11.057835 
234.131398 
-64.946535 
15.078179 
478.813159 
-72.636640 
-191.033215 
-67.447627 
368.223498 
25.393341 
83.745154 
152.451091 
-33.595616 
354.772609 
205.670006 
19.160806 
-661.915262 
-420.873538 
185.113451 
71.663569 
-224.568816 
126.463367 
-299.278934 
-102.613604 
19.153783 
-299.174122 
-123.728320 
203.560133 
-64.029899 
11.103742 
-647.489132 
-127.647644 
39.240372 
153.687946 
84.969873 
-99.473311 
19.157423 
41.580321 
187.905706 
-16.474606 
-116.828041 
52.797518 
30.363935 
-73.099100 
-29.427826 
4.463673 
-65.460227 
48.888874 
-113.271996 
198.535049 
-97.857889 
209.743252 
263.333746 
-139.662665 
20.414175 
36.525553 
-108.294875 
-206.710745 
148.341999 
333.065865 
88.899784 
46.568538 
-132.602207 
-103.018437 
34.967703 
31.317512 
-289.846663 
73.270258 
1098.566804 
-255.941245 
270.928269 
7.950435 
-265.764545 
247.566858 
-184.249100 
140.505268 
-303.491621 
38.871023 
-222.911509 
-204.409648 
54.068862 
-169.424363 
-33.570455 
35.034665 
19.163820 
-85.935497 
-48.417632 
116.520681 
210.754919 
-9.502557 
-143.017712 
-68.282536 
-169.221065 
199.953898 
-57.744533 
19.165282 
102.673013 
-228.238541 
30.374652 
-6.031300 
-36.035284 
41.587192 
86.432643 
-421.496350 
-283.937596 
114.933574 
111.425843 
-42.943645 
-253.389421 
86.429741 
140.890988 
108.849782 
-171.214631 
64.502337 
0.677779 
-210.203721 
-74.234210 
44.230106 
-188.633472 
130.340647 
22.983465 
-146.624147 
-163.655673 
-109.711756 
-231.602209 
14.994602 
277.013220 
-73.834547 
-266.473332 
-139.527225 
-52.191777 
-62.804336 
-22.608186 
75.217152 
52.794795 
-406.436165 
52.795048 
331.820126 
-170.240851 
-311.429567 
-282.087737 
-118.057541 
196.436699 
-149.002972 
76.072150 
30.641619 
-197.228406 
-200.186271 
52.793459 
-160.289025 
167.856147 
-77.843115 
-294.540550 
-136.247702 
164.932080 
94.573561 
-176.657941 
-110.369798 
-314.758870 
121.488369 
-149.003616 
63.427644 
275.262039 
-149.004316 
-45.443610 
-149.004002 
-257.068688 
18.966694 
467.598023 
-349.652322 
-231.688215 
281.388829 
87.257518 
-130.818631 
78.204150 
59.314157 
220.954672 
-260.630139 
96.285964 
282.018431 
-2.415901 
149.652756 
584.950947 
353.054561 
82.298228 
228.446055 
164.899752 
218.264522 
257.170786 
546.071260 
406.565451 
133.014789 
-518.098643 
-147.372022 
427.211103 
331.984003 
169.350215 
91.629642 
83.774845 
137.817969 
253.550074 
-6.625613 
-174.150766 
100.501296 
38.932320 
179.834979 
220.960102 
169.993323 
373.097540 
44.888102 
100.053080 
311.804374 
641.742865 
310.395550 
67.650943 
16.332262 
568.503638 
81.705621 
455.618562 
-130.146505 
368.030351 
-54.404323 
625.655397 
-224.116736 
411.551005 
150.671724 
-159.031699 
221.857038 
-70.132664 
-64.906937 
77.909473 
-70.057446 
184.078560 
-127.065441 
-206.930852 
-91.917768 
237.148583 
183.450286 
108.419950 
25.416795 
-141.607258 
-31.582510 
104.433804 
709.605584 
825.627484 
-301.112927 
52.965991 
77.647169 
76.118174 
220.269082 
90.693742 
-331.727638 
-189.928556 
-15.386564 
36.334225 
467.606063 
100.718441 
55.529562 
125.858691 
281.499386 
278.457154 
-112.379521 
-108.654591 
333.070485 
-188.956268 
-275.638324 
508.472143 
-54.691657 
-1.021897 
324.393108 
-32.650821 
-33.096428 
635.763420 
123.298880 
-299.459965 
191.693284 
-9.691088 
-217.040543 
703.026674 
182.895297 
-125.014388 
85.266423 
-28.547390 
241.626087 
131.262951 
373.961007 
-239.360694 
-287.913182 
131.565483 
-9.625183 
882.411772 
-248.437368 
176.111843 
91.882015 
360.132635 
182.603441 
265.953910 
-105.327579 
159.259488 
-44.461599 
98.719214 
-0.353168 
-53.283757 
-418.876559 
4.324026 
-31.813647 
-318.764013 
281.974103 
208.418196 
-125.879520 
95.032373 
-214.894697 
245.847083 
-188.583782 
-348.350846 
-121.089403 
171.030819 
155.995377 
-231.689115 
248.497749 
168.527071 
224.194533 
156.932584 
462.509188 
310.647277 
-79.477761 
125.514499 
-98.795121 
153.697109 
-298.568538 
-275.728681 
398.225537 
-126.479076 
273.540071 
139.717971 
60.174655 
-291.473710 
-114.816130 
-30.977443 
-50.454864 
386.938738 
-505.193797 
344.285639 
327.464915 
180.684399 
257.839213 
-11.994159 
403.970202 
0.660747 
202.507732 
-186.153192 
-30.510206 
-188.230601 
-79.590929 
76.720159 
5.291434 
168.316901 
128.309225 
358.867892 
535.140447 
50.493760 
402.806905 
142.480175 
266.299539 
120.057906 
-586.375999 
-369.899338 
-27.495512 
-205.355084 
470.857972 
254.587038 
20.109146 
-635.724560 
216.533040 
-152.246952 
170.369157 
153.944568 
-335.966527 
-273.910929 
67.746684 
-93.307664 
-5.281936 
265.797052 
367.014081 
-373.974916 
116.275822 
174.412354 
-204.676757 
244.947370 
-53.955165 
-33.460411 
-288.607627 
-85.720385 
53.742230 
-130.486354 
69.970653 
-151.584590 
-100.343319 
-206.655485 
56.613693 
128.374024 
-143.753595 
167.774737 
-370.448022 
-323.535289 
125.375464 
271.058096 
-59.735473 
377.912096 
568.500032 
-317.799847 
-226.776982 
-20.931518 
-299.683299 
78.741098 
145.126205 
-577.843691 
41.453118 
-140.680551 
2.588540 
-124.604036 
269.060454 
301.954606 
243.520199 
-129.378957 
366.702513 
265.804556 
176.119106 
198.537611 
194.860300 
-88.085200 
551.505772 
174.281663 
30.236516 
-545.637998 
-313.842645 
137.444659 
168.257285 
-225.582067 
-167.996845 
-266.358514 
-167.269198 
-64.656486 
82.841403 
-45.626471 
23.000790 
-306.220401 
-440.126773 
321.862675 
62.852904 
232.339168 
-390.708290 
590.920708 
-179.443443 
31.528738 
344.281410 
101.996322 
-148.563866 
176.119487 
126.046032 
-351.656349 
-349.378287 
146.694375 
-569.354675 
-98.688661 
-57.464966 
-357.285608 
-46.632368 
-284.276862 
-143.233273 
-63.966265 
-79.330931 
-437.885367 
-39.068007 
191.007349 
91.642402 
123.099871 
-123.833104 
-15.333464 
106.243690 
71.813430 
-73.224982 
-238.014236 
27.607584 
-57.368504 
92.695406 
-133.445115 
-113.131192 
-264.502714 
100.894747 
-229.601390 
-354.144554 
352.132058 
-28.668406 
-17.501980 
108.852883 
-156.559074 
68.385416 
14.021219 
250.235765 
10.704348 
89.959912 
-103.592017 
-14.277744 
75.217451 
19.162781 
198.464397 
-29.708031 
38.371843 
-352.298928 
299.435111 
-81.908634 
-57.477222 
-38.030398 
-363.408499 
-396.348808 
19.163753 
84.382194 
-89.925421 
-216.083971 
313.632745 
-7.359051 
108.773342 
92.693138 
-16.078559 
199.788882 
80.045393 
254.589993 
-532.984215 
468.295171 
-2.143708 
-95.089177 
-162.523093 
127.795161 
-284.440235 
259.652826 
41.577597 
-21.702199 
-564.592215 
-55.769013 
-291.503922 
-213.008465 
-616.503043 
28.284598 
-185.003692 
232.171867 
-147.036336 
-126.674737 
19.161485 
344.282234 
122.177812 
45.603148 
-106.570628 
52.791210 
41.593296 
224.201016 
-184.885136 
25.815889 
-270.250089 
193.735341 
99.303709 
187.329319 
-185.432972 
30.391472 
-102.375152 
-107.262301 
130.835419 
-263.794235 
12.886293 
-436.210724 
67.792904 
355.493968 
-15.874432 
-151.402446 
-177.095342 
63.313400 
-10.769781 
54.002888 
64.653740 
-134.171963 
591.663713 
-293.954084 
190.479763 
41.587775 
-42.148370 
264.881664 
-104.842150 
101.814476 
-211.031239 
-38.500055 
25.726760 
-189.253210 
1.859179 
-170.260714 
-25.816718 
73.624762 
86.430198 
-269.387875 
16.520494 
107.067266 
-591.844948 
-105.276634 
-229.637940 
-171.960062 
-58.691750 
-18.622479 
-185.832071 
75.220380 
-178.469813 
-208.552499 
-14.471921 
1.776676 
-128.642951 
-25.683147 
-25.680772 
128.546812 
-419.106626 
-28.045171 
134.846114 
93.762807 
-255.668154 
-25.683506 
-12.979794 
187.324935 
-77.426789 
-14.432574 
-123.608721 
-283.235204 
-380.316996 
22.015671 
-79.367706 
-140.859375 
-33.891840 
-0.574271 
-199.384420 
-30.648581 
-227.315533 
45.509202 
-3.260623 
-91.298670 
-44.769274 
-114.931973 
-357.292116 
-84.219700 
44.786554 
30.373204 
-14.470616 
-148.171092 
-14.470154 
234.849974 
47.359568 
-21.056272 
26.463187 
-222.733455 
222.924152 
-149.001295 
26.777241 
-33.837393 
-150.334769 
-453.818505 
-148.998573 
-75.912753 
229.914358 
-51.478096 
-245.389521 
-226.402978 
8.000816 
19.356750 
-131.963853 
-203.814223 
10.664861 
-15.668018 
-148.997287 
322.911777 
20.875760 
-148.997062 
129.732511 
-148.997555 
-390.601972 
93.044715 
635.767460 
-205.169882 
198.710070 
101.090190 
-205.400845 
-403.334245 
149.961614 
481.005635 
220.962233 
-43.422337 
-191.926127 
-291.396968 
546.099505 
-52.950548 
204.283211 
61.306749 
-316.539153 
52.792539 
41.587769 
340.050057 
321.106070 
333.075061 
513.145164 
349.420608 
-754.881716 
434.550195 
239.893486 
213.049882 
104.994304 
45.335422 
-169.363366 
35.995166 
313.854326 
-187.556384 
15.265639 
261.033813 
134.524448 
492.312704 
456.395115 
307.476806 
4.729974 
90.448506 
234.851199 
257.555123 
486.713101 
-184.465644 
-38.814042 
74.919362 
568.502063 
-74.226596 
487.424290 
376.471325 
96.463690 
-391.436529 
484.013810 
-234.813954 
220.961546 
159.675874 
68.669194 
123.127082 
60.513866 
228.716627 
137.875014 
5.846089 
333.365004 
-342.401258 
70.013607 
23.155201 
-194.680555 
169.619545 
4.182043 
-107.972309 
78.287437 
96.842817 
-155.164407 
309.100170 
1155.948450 
-117.815411 
36.317901 
221.838497 
300.203253 
67.088831 
-22.120694 
337.835487 
140.366331 
20.305720 
-83.247677 
882.404008 
194.565868 
10.834157 
-91.834630 
54.293754 
553.583518 
11.676863 
2.251478 
433.965053 
42.991920 
-166.909161 
325.264838 
76.471911 
135.260012 
28.464731 
240.700827 
159.696239 
344.278971 
-1.424453 
-234.451762 
-23.042459 
103.101783 
115.753381 
198.537155 
-12.663228 
90.772650 
48.696399 
468.432937 
-29.204326 
333.068652 
140.991749 
79.653629 
-144.261390 
113.274555 
-22.195852 
19.169654 
-63.792414 
490.023893 
261.204610 
126.444565 
45.144331 
302.001166 
-108.472599 
249.027064 
-45.187105 
-238.636240 
-268.140526 
-226.723516 
-123.849100 
-106.230979 
-588.726996 
19.521735 
-30.416575 
386.092954 
199.240736 
-102.604979 
-202.612703 
72.229211 
-587.243445 
-442.081123 
-74.555323 
-71.417648 
-400.745636 
-110.246012 
206.512448 
-299.302482 
-282.368102 
46.479631 
114.230553 
523.649474 
-130.036352 
305.371309 
-329.339056 
288.221727 
43.969173 
-273.393121 
252.152391 
-103.191381 
-72.091996 
92.939437 
-255.958154 
-418.807635 
290.347713 
10.691350 
-158.756718 
-20.219973 
-8.701450 
445.176690 
433.966097 
257.715480 
318.187291 
103.337539 
92.897932 
398.457085 
186.812731 
-415.111068 
-14.588830 
-240.266210 
196.038112 
-397.233608 
137.134545 
-334.116874 
-0.047170 
219.786315 
545.720407 
238.321007 
-24.946743 
321.859483 
75.257921 
142.487141 
105.876522 
-21.360951 
-122.731403 
-234.198425 
240.669203 
321.863638 
194.515458 
-517.446380 
301.475582 
6.694787 
361.779753 
245.327674 
-473.528236 
-86.853635 
63.813285 
-69.847926 
-12.066360 
422.760021 
205.470055 
-345.567382 
-54.212347 
393.144341 
-40.383125 
162.075871 
114.141606 
259.723569 
-211.863407 
-286.781367 
63.836201 
102.863415 
160.891475 
-160.264022 
-450.075782 
-235.612195 
15.490438 
185.911960 
52.790316 
152.983607 
83.122166 
-535.406077 
77.350339 
206.103961 
-168.866040 
377.915984 
523.655691 
-444.338305 
-146.649752 
107.711539 
-227.487600 
185.170825 
305.319347 
-415.477054 
55.530314 
-281.577081 
-159.472778 
-300.410522 
170.878321 
170.891743 
101.736134 
-353.421196 
411.545298 
265.805607 
131.272603 
288.226653 
94.962470 
-92.550175 
0.093018 
-41.943769 
-13.268010 
-295.484119 
22.596896 
-99.942835 
442.135077 
-488.243865 
-111.415570 
-99.300245 
-85.784124 
-392.045784 
-171.176139 
174.025896 
82.214040 
-167.215431 
-279.343930 
321.860534 
-104.645791 
94.616608 
9.091563 
725.455276 
-44.838147 
-306.593157 
344.282833 
51.198527 
90.374292 
220.962960 
245.627856 
-115.791801 
-307.696619 
38.785727 
-16.227235 
306.052142 
203.187628 
114.821783 
3.982827 
-140.899473 
-53.796820 
-216.795126 
-118.959113 
226.584957 
111.598684 
98.239529 
78.804872 
-559.592424 
-108.656212 
27.946460 
87.964267 
-146.219657 
-96.067721 
-196.247144 
-178.418252 
85.322511 
-95.071165 
-44.148266 
-122.588558 
-402.624438 
19.294607 
-247.523383 
159.705752 
541.898734 
121.153942 
-17.579194 
41.586952 
-171.684060 
111.692794 
149.540029 
278.207932 
81.934556 
118.650837 
-216.695857 
-128.637848 
52.797660 
41.586913 
175.546768 
-169.177182 
37.700023 
-424.036732 
411.546269 
-63.750803 
93.772023 
152.579731 
-49.901107 
17.463745 
19.164142 
137.913792 
-136.178736 
-147.150101 
22.758291 
-44.142915 
-22.292750 
62.183462 
-218.866835 
44.426106 
-48.231900 
209.750020 
-48.796047 
-212.062615 
303.888487 
14.288082 
-276.130499 
53.219176 
-323.166900 
141.791874 
-25.680978 
82.479481 
-222.722964 
-23.229986 
-208.297744 
28.206112 
164.832014 
15.241891 
-178.824100 
97.635239 
-22.534107 
35.045584 
19.162216 
411.540483 
-189.280605 
23.420741 
-193.792275 
41.584595 
30.372299 
374.301836 
-137.046367 
115.969421 
-117.534535 
65.879432 
216.962435 
277.010312 
8.653106 
30.371110 
-170.282140 
158.752389 
-190.480296 
302.460463 
106.383497 
-135.345621 
-184.638726 
445.173051 
320.541769 
-70.932960 
-112.148156 
321.108570 
-286.667261 
69.720550 
157.252966 
135.402969 
-83.094036 
-149.845840 
67.243956 
-25.681736 
95.252008 
319.746270 
-213.420978 
109.021234 
-231.778203 
137.703620 
143.596763 
-138.270470 
-21.314419 
-127.740478 
171.806852 
108.000235 
97.641294 
-211.770611 
24.476217 
209.558965 
-1002.424866 
23.316083 
-7.921924 
-124.989944 
-91.253886 
255.103363 
25.028921 
97.642768 
164.199408 
-36.601156 
-137.789606 
-215.391984 
-132.295282 
-48.099862 
-3.255524 
-140.980906 
-240.261875 
29.308677 
-99.129831 
99.624834 
-203.050413 
41.587135 
-175.800904 
254.594785 
-55.695541 
-81.619766 
96.803776 
-309.627686 
-99.867798 
-67.750398 
-116.968837 
-120.056806 
206.951448 
-73.499029 
-300.119991 
51.547652 
19.788743 
-82.648983 
64.007999 
71.440199 
-326.901927 
-134.161558 
13.921720 
-51.188532 
105.993900 
97.642001 
75.216399 
-293.343794 
52.798902 
-199.705578 
-85.666057 
108.515485 
-67.190065 
-216.846991 
-155.323701 
-149.000174 
80.369841 
153.235448 
-161.521400 
-303.846762 
-148.999575 
-40.912418 
-357.610977 
-214.327304 
78.452702 
-14.177464 
-55.001600 
-241.024640 
-422.755859 
-7.428356 
-24.872418 
149.584459 
-149.000923 
212.267733 
-251.722493 
-149.000567 
-91.686907 
-149.001052 
-256.817412 
-218.130311 
-149.000000 
-152.022102 
-147.306652 
-149.998478 
-147.019195 
-152.337086 
-149.000001 
-151.170810 
-149.000000 
-156.300614 
-145.596525 
-139.780822 
-152.937754 
-141.446020 
-148.962912 
-141.509541 
-152.527889 
-149.647432 
-149.000000 
-152.563945 
-149.244886 
-137.789063 
-137.598691 
-143.628637 
-153.599888 
-150.996724 
-147.161422 
-148.188850 
-143.301208 
-152.621339 
-150.302067 
-152.948511 
-139.477126 
-146.922169 
-151.369010 
-147.068002 
-148.514257 
-155.508656 
-149.000000 
-146.725033 
-143.506352 
-157.214172 
-155.464329 
-146.779054 
-137.467765 
-152.002383 
-151.132782 
-150.236783 
-137.789063 
-144.162702 
-148.847870 
-147.056465 
-143.729388 
-137.789062 
-148.506834 
-147.778245 
-137.789062 
-144.761130 
-146.641701 
-145.922325 
-148.770420 
-147.577291 
-157.474163 
-155.941441 
-145.884973 
-154.690333 
-150.781973 
-150.806209 
-148.128216 
-148.832853 
-156.580202 
-151.201944 
-145.637381 
-150.067690 
-147.682597 
-144.685470 
-138.489746 
-144.257522 
-145.298272 
-140.369746 
-145.540065 
-145.286010 
-145.596525 
-155.007559 
-147.503481 
-142.576776 
-139.747727 
-149.000000 
-149.248114 
-150.837801 
-146.185267 
-149.000000 
-146.883386 
-142.889577 
-147.553116 
-126.578125 
-148.393032 
-148.037066 
-152.163083 
-144.223436 
-149.156700 
-146.656517 
-143.131679 
-150.638331 
-149.000000 
-139.992770 
-139.907011 
-136.538888 
-150.499810 
-152.297149 
-149.000000 
-150.802938 
-145.150118 
-147.277061 
-143.819736 
-147.329401 
-149.000000 
-141.443492 
-146.803846 
-144.556613 
-152.844971 
-153.763275 
-137.789062 
-147.639541 
-149.000000 
-152.190758 
-146.935677 
-146.964865 
-145.349219 
-145.172430 
-146.820568 
-158.241774 
-142.801144 
-149.128736 
-145.395340 
-148.463532 
-154.201745 
-153.257546 
-150.191171 
-149.765440 
-151.220750 
-149.000000 
-150.758468 
-154.480878 
-146.772864 
-151.012564 
-154.337665 
-151.548073 
-150.707597 
-149.359656 
-149.034770 
-148.797469 
-151.789796 
-145.658801 
-148.535793 
-145.775788 
-137.789063 
-141.833934 
-145.594143 
-142.006500 
-149.000000 
-144.531389 
-146.770396 
-150.958649 
-148.063927 
-145.908923 
-149.857909 
-152.759562 
-156.275611 
-149.312611 
-151.657739 
-146.320442 
-146.900039 
-153.851715 
-137.789063 
-143.394532 
-141.958453 
-150.802938 
-146.674823 
-149.186572 
-151.427017 
-149.148703 
-150.532001 
-151.654266 
-144.967901 
-148.262967 
-146.895537 
-148.126789 
-152.606113 
-150.960533 
-148.233976 
-144.870919 
-148.694390 
-149.462344 
-149.000000 
-140.982054 
-149.000000 
-151.707187 
-153.834243 
-141.531371 
-150.484026 
-150.579067 
-137.789062 
-148.304815 
-140.766436 
-146.962143 
-155.370394 
-147.234201 
-147.829315 
-147.428812 
-152.314869 
-150.566187 
-148.793924 
-141.349009 
-137.789062 
-146.560715 
-149.000000 
-150.264802 
-151.286830 
-148.770419 
-144.769948 
-147.176169 
-152.862495 
-143.824647 
-139.574988 
-142.789606 
-143.221089 
-148.371021 
-152.980525 
-148.330017 
-149.651736 
-150.525586 
-145.308355 
-147.320801 
-151.973179 
-158.692969 
-145.080265 
-141.893560 
-149.405522 
-142.239195 
-149.000000 
-149.000000 
-150.583055 
-144.334841 
-150.731228 
-157.483119 
-146.601983 
-146.241629 
-146.664097 
-151.885320 
-149.335311 
-150.594386 
-148.979973 
-147.376974 
-141.743174 
-149.984370 
-149.012428 
-149.000000 
-149.000000 
-149.000000 
-149.000000 
-138.844605 
-146.616348 
-145.346172 
-146.233852 
-146.461408 
-156.758041 
-140.744489 
-150.039046 
-141.759943 
-150.806495 
-155.327108 
-149.135832 
-140.194295 
-149.094352 
-153.136183 
-148.271785 
-145.300786 
-152.497030 
-152.297148 
-149.000000 
-148.514258 
-149.232608 
-152.082006 
-137.789063 
-138.244446 
-143.505996 
-149.000000 
-146.144323 
-147.573778 
-149.000000 
-149.000000 
-151.303750 
-149.513783 
-137.789062 
-152.107133 
-152.190758 
-147.519624 
-152.425463 
-146.508370 
-147.752615 
-148.967403 
-151.663846 
-150.723667 
-148.614746 
-147.569763 
-154.806967 
-149.366409 
-153.273128 
-147.309746 
-155.138735 
-149.605750 
-145.850650 
-151.480676 
-154.854611 
-146.364183 
-142.939691 
-141.055472 
-149.018412 
-137.945762 
-146.404867 
-150.050230 
-140.392234 
-146.489665 
-146.922169 
-151.462759 
-146.940083 
-149.000000 
-152.881119 
-145.165921 
-148.477790 
-148.237025 
-147.309745 
-150.275430 
-146.924939 
-153.076207 
-149.000000 
-149.000000 
-152.609264 
-148.208977 
-142.897060 
-149.000000 
-149.000000 
-141.551672 
-143.841898 
-148.361941 
-148.600533 
-141.849320 
-149.000000 
-149.535377 
-147.818808 
-147.947520 
-145.471484 
-145.138583 
-141.898164 
-146.184718 
-148.195710 
-146.918047 
-144.390513 
-149.000000 
-149.000000 
-149.000000 
-146.571446 
-150.496005 
-145.893836 
-145.887377 
-153.115674 
-154.417729 
-149.000000 
-151.512540 
-148.524230 
-148.456545 
-149.704570 
-150.534450 
-146.779054 
-150.107367 
-151.639326 
-149.000000 
-146.616340 
-148.948375 
-149.000000 
-149.000000 
-151.123112 
-149.609784 
-142.459396 
-149.000000 
-149.000000 
-140.732194 
-149.000000 
-149.037474 
-145.805485 
-146.552526 
-145.105836 
-149.000001 
-137.789062 
-149.000000 
-146.496252 
-150.372555 
-151.539915 
-149.189873 
-149.142622 
-148.672866 
-145.378911 
-149.000000 
-146.842461 
-148.335118 
-150.499810 
-148.853280 
-146.895391 
-146.557499 
-150.324450 
-147.009582 
-149.000000 
-149.699609 
-143.367914 
-149.000000 
-154.508984 
-147.415386 
-150.119297 
-146.222799 
-148.831626 
-145.758938 
-147.900051 
-151.791949 
-147.922468 
-151.989714 
-149.686252 
-147.406888 
-149.000000 
-148.231473 
-142.730261 
-155.081805 
-158.853363 
-153.403441 
-151.821279 
-152.837040 
-147.315078 
-149.775952 
-150.056949 
-149.000000 
-148.321641 
-148.766690 
-149.000000 
-149.147296 
-155.092906 
-149.000000 
-149.000000 
-149.137550 
-146.765826 
-152.871014 
-151.806877 
-142.941892 
-147.532031 
-149.000000 
-149.048398 
-149.000000 
-150.010187 
-150.931172 
-149.101745 
-153.852040 
-143.478856 
-150.984325 
-152.351851 
-148.428327 
-144.873289 
-148.344117 
-148.623657 
-148.397517 
-147.344432 
-147.593928 
-149.000000 
-151.920337 
-151.611918 
-148.316873 
-152.425463 
-149.760454 
-149.513100 
-149.000000 
-149.000000 
-144.803801 
-149.000000 
-149.892020 
-145.400644 
-143.318461 
-149.618387 
-151.447212 
-152.243689 
-149.000000 
-148.585914 
-150.504424 
-148.502127 
-150.842236 
-149.000000 
-148.168475 
-136.830035 
-148.356639 
-149.641958 
-151.346748 
-148.163731 
-143.602469 
-148.866291 
-148.781930 
-152.768552 
-150.660182 
-149.000000 
-150.947967 
-141.133774 
-149.000000 
-149.697337 
-149.000000 
-151.723779 
-149.792557 
