-30.390574 
-23.280969 
-1.256521 
-14.949070 
-8.580452 
-9.091278 
-12.249923 
-5.525315 
-5.078105 
-3.876487 
-4.880511 
-4.362591 
-6.976117 
3.863282 
-1.205768 
16.747548 
25.479488 
16.254385 
20.234370 
19.329185 
17.032772 
20.234298 
2.468100 
7.642501 
7.428954 
-2.778510 
-12.844150 
2.530848 
2.690726 
5.497829 
4.159988 
12.121115 
16.605480 
19.524354 
22.706764 
27.825002 
16.871050 
13.679017 
7.578016 
3.916842 
11.488852 
-8.920295 
4.523262 
-18.865909 
-23.686526 
-17.461382 
-26.562731 
-13.868503 
-17.734424 
-23.847863 
-27.681336 
-36.655982 
-36.943378 
-32.368144 
-36.397475 
-34.183793 
-43.046860 
-28.433398 
-20.830634 
-21.020634 
-19.874450 
-5.657989 
-7.836478 
-12.243380 
-8.579161 
-12.407577 
-8.835358 
-10.768551 
-4.022288 
1.561126 
-0.898772 
10.416061 
4.849893 
11.931781 
1.794332 
4.817662 
6.233516 
7.175750 
16.370924 
18.748685 
25.168795 
20.034023 
30.669922 
18.939262 
9.468936 
14.086778 
14.677768 
7.578262 
5.834121 
8.525695 
4.870202 
14.750045 
14.005977 
11.079003 
11.891346 
20.234428 
6.167745 
-7.033741 
10.125555 
9.802371 
-5.369690 
-19.995788 
-12.757250 
-24.504897 
-30.390694 
-35.018879 
-36.233068 
-44.819296 
-45.031354 
-45.525598 
-43.047288 
-43.374088 
-43.201106 
-43.539596 
-44.846709 
-52.576385 
-55.703113 
-58.641048 
-66.899074 
-55.574987 
-43.191379 
-55.263268 
-43.047103 
-53.301078 
-43.046874 
-43.627721 
-45.311838 
-30.366797 
-24.852286 
-19.916031 
-18.741720 
-14.709444 
-7.536371 
-1.972710 
-7.711731 
-10.123392 
-16.060404 
-3.137074 
-0.139052 
-0.764008 
10.789840 
19.838817 
15.079255 
10.895823 
9.344099 
3.257262 
-4.277355 
-11.584018 
-8.601973 
-16.163903 
-9.103805 
1.002007 
0.229413 
-3.042992 
-4.983307 
-5.291653 
-17.734133 
-14.750618 
-24.556403 
-28.222631 
-17.734230 
-14.939872 
-10.134622 
-4.627984 
-8.875612 
-5.522513 
-3.633715 
-30.608825 
-19.646551 
-27.798028 
-17.373998 
-6.494662 
-10.485529 
-3.056513 
-24.062228 
-20.898221 
-12.645393 
-24.923986 
-17.188294 
-15.018111 
-19.489526 
-17.527949 
-17.879122 
-16.946800 
-15.530845 
-19.300296 
-8.219614 
-20.000160 
-34.563443 
-13.768698 
-27.565448 
-26.512350 
-26.401947 
-26.736499 
-30.390546 
-12.525081 
-17.734334 
-23.105142 
-16.500565 
-13.444509 
-9.599069 
-14.116668 
-5.078108 
-2.883089 
-5.659720 
4.687336 
12.116449 
6.324235 
22.310259 
15.671309 
11.698073 
7.415296 
9.114277 
-8.974912 
-5.078172 
-6.453356 
26.984416 
6.405830 
8.471794 
5.437999 
-3.153379 
3.484506 
2.655666 
4.051108 
-2.902558 
-14.535528 
-20.473603 
-24.477566 
-42.470719 
-27.597886 
-32.843919 
-21.428465 
-29.006750 
-20.806952 
-22.048285 
-32.199367 
-26.365629 
-22.047780 
-23.345570 
-16.631481 
-24.062541 
-30.390517 
-22.745267 
-26.174897 
-23.589061 
-10.781402 
-9.781201 
3.715795 
-10.066854 
9.472537 
16.149580 
-6.047192 
2.950462 
-0.775738 
-3.434844 
-3.400927 
-7.101325 
-11.406296 
-5.078158 
-11.406314 
-5.078139 
-16.374265 
-7.323385 
-10.770792 
-17.143042 
-24.895192 
-29.807016 
-28.412996 
-37.236696 
-33.211032 
-37.371813 
-36.413054 
-30.271499 
-38.484137 
-39.779799 
-44.431347 
-45.639178 
-32.801007 
-52.831058 
-46.711190 
-55.703266 
-50.629071 
-53.515140 
-47.907061 
-43.047025 
-38.707388 
-32.100782 
-17.734492 
-0.302578 
-9.521807 
-5.078230 
7.999404 
-0.564187 
2.542969 
-0.727739 
-0.520889 
6.997260 
-3.328137 
-0.136845 
6.053956 
-1.167481 
3.784656 
10.287276 
0.541280 
5.337202 
-2.801350 
10.330857 
-0.339560 
0.402735 
5.116377 
-3.165375 
-9.168640 
-24.357202 
-17.158880 
-31.148299 
-28.544630 
-27.131149 
-31.153087 
-46.673513 
-49.666454 
-54.848992 
-48.538779 
-47.601963 
-47.503128 
-47.975369 
-45.535956 
-41.482206 
-43.046754 
-27.352953 
-19.825807 
-12.548153 
-18.590817 
-7.539808 
-17.218192 
-12.407701 
-26.132895 
-24.062439 
-17.734400 
-20.358236 
-26.850547 
-18.140916 
-25.750044 
-30.390686 
-21.870050 
-11.117644 
-25.019450 
-25.997126 
-10.376574 
-17.734407 
-9.353435 
-23.095916 
-13.953470 
-16.666430 
-19.437537 
-9.956493 
3.388440 
-6.827796 
11.290915 
1.620652 
7.577919 
11.137787 
14.301611 
14.648456 
26.426780 
13.737352 
16.914429 
11.310287 
8.959377 
7.577944 
4.627345 
18.054054 
-1.582693 
3.396437 
-10.678370 
-7.448936 
-15.056341 
-7.083268 
-17.734698 
-13.270516 
-23.779529 
-36.718625 
-30.390959 
-24.328406 
-41.649478 
-39.556739 
-36.718825 
-43.047219 
-50.894482 
-66.250235 
-50.606118 
-66.810530 
-70.822936 
-68.780060 
-81.015691 
-73.500667 
-68.359385 
-57.345376 
-51.297644 
-42.123349 
-36.485661 
-22.251294 
-31.503878 
-38.035951 
-30.390424 
-56.887053 
-42.972487 
-51.781360 
-25.969464 
-32.686541 
-28.589965 
-28.978166 
-19.066900 
-16.176985 
-7.245406 
-2.677086 
-5.077701 
-6.521305 
-25.579220 
-8.557289 
-8.335985 
-7.196749 
-3.022138 
10.171900 
10.966463 
-18.602523 
-24.310097 
-20.328478 
-11.506235 
-11.406030 
-2.619771 
-0.912220 
-12.593677 
-3.421654 
-2.768960 
-10.231091 
-4.969169 
-10.186064 
-9.375830 
-6.185355 
-30.390453 
-19.425352 
-22.618145 
-17.734237 
-20.056756 
-6.178998 
-17.734267 
-24.062468 
-32.112808 
-29.885434 
-23.347572 
-34.459973 
-15.174636 
-32.624455 
-36.718849 
-44.894477 
-43.046943 
-43.419377 
-53.610380 
-52.223851 
-38.644802 
-54.817175 
-48.677426 
-52.477922 
-53.453752 
-43.852326 
-31.448404 
-32.579430 
-31.259043 
-32.881937 
-31.298911 
-30.390795 
-27.503964 
-32.459942 
-19.808758 
-12.793208 
-18.935420 
-19.735907 
-17.734526 
-17.734469 
-23.172771 
-17.734492 
-12.499904 
1.702508 
-9.537264 
-11.385617 
-20.951714 
-21.173769 
-24.062615 
-17.119337 
-29.314303 
-35.274614 
-40.976413 
-44.629078 
-39.986658 
-47.018743 
-35.473133 
-34.788753 
-50.956069 
-51.898900 
-40.609454 
-58.414197 
-42.329894 
-36.501671 
-16.990504 
-36.718890 
-41.194947 
-27.312049 
-30.390742 
-31.738607 
-24.062575 
-26.692445 
-27.026100 
-17.737140 
-66.862225 
-18.716460 
83.418884 
11.361275 
-21.688217 
14.749255 
36.391076 
7.576881 
-156.106906 
59.319971 
-94.627570 
90.947745 
-0.203231 
67.295997 
45.105971 
-14.865653 
19.415630 
7.577329 
56.605382 
4.827435 
7.577396 
-25.555895 
51.964851 
-47.825273 
-41.117363 
-151.414149 
-58.711324 
-10.820140 
33.770778 
72.178940 
-35.601479 
44.513504 
35.461119 
-64.841463 
134.800616 
-60.499291 
35.562309 
-30.388248 
-15.399358 
-84.443205 
-53.886131 
-79.895715 
25.245263 
140.897274 
-35.745384 
-46.417828 
-24.600741 
-43.045344 
30.755120 
129.142219 
-22.382962 
30.696212 
-31.575215 
0.722992 
-39.939177 
-30.388839 
54.233259 
-53.830513 
-88.387993 
-33.742763 
16.880930 
-60.873570 
73.654147 
78.454168 
42.470435 
164.153756 
-47.858245 
-19.549666 
31.853341 
154.560473 
86.331249 
-10.713989 
65.156293 
65.210819 
68.306394 
369.364536 
94.255711 
23.143133 
-30.949318 
66.599117 
121.702222 
-23.031162 
28.563988 
173.492582 
72.785069 
85.182026 
305.000639 
18.124953 
211.061642 
42.263611 
170.001624 
75.000092 
-86.403422 
132.086929 
279.687172 
15.859915 
45.136791 
121.326835 
105.660629 
-40.094659 
26.442701 
50.536366 
25.055462 
172.111249 
112.690123 
-139.948589 
140.253190 
112.495033 
45.968036 
32.893038 
145.883781 
-148.887774 
-30.919412 
-110.445972 
70.015386 
32.892509 
79.766301 
-127.684588 
-158.458389 
126.039729 
7.492466 
39.218058 
-205.310413 
121.485293 
-129.127369 
-15.230369 
-94.976305 
85.598777 
-50.692085 
-61.228575 
-187.986204 
-29.969077 
24.605745 
-20.811061 
-157.148571 
-125.196019 
-68.978611 
-85.292427 
-209.440455 
-11.553450 
-42.651230 
95.605297 
-58.371318 
29.140012 
-277.837206 
-314.739145 
-174.288708 
-89.004976 
-54.612406 
-73.325095 
-35.839003 
173.085184 
-69.629972 
2.221590 
-128.046161 
45.547980 
-86.926793 
2.530131 
-328.506769 
172.110499 
-72.034766 
-18.466879 
14.655443 
-88.439904 
-47.001058 
45.069177 
-218.502421 
7.197529 
-130.316701 
-65.013197 
208.985135 
-30.309548 
30.699918 
-5.076472 
1.251312 
124.092562 
-278.918301 
-180.056044 
-48.776051 
45.645874 
-7.353585 
29.214136 
-92.983352 
14.776136 
-81.415472 
-206.967812 
3.875315 
-66.050145 
-36.538794 
10.997673 
-10.044257 
-78.420683 
-61.533906 
-43.046002 
94.974048 
260.704309 
-352.542208 
-67.390426 
-91.700233 
-20.916698 
-61.246765 
45.547334 
135.922808 
-137.907626 
-132.874615 
-40.485211 
-125.363146 
14.065419 
-52.994857 
-118.951215 
-202.433277 
-89.287271 
-102.458216 
58.202570 
-46.703014 
-32.080162 
-93.569628 
58.860289 
-21.089332 
24.115492 
-101.108355 
54.882666 
-100.142726 
-101.555691 
-53.882168 
-82.115526 
13.550821 
-189.085824 
69.047975 
-4.773091 
7.176838 
-89.172398 
-23.347279 
69.190451 
-36.426394 
-16.829433 
129.630367 
-54.563586 
26.189401 
-5.080018 
146.795332 
-47.479972 
-144.523609 
97.162598 
-34.492747 
-197.616015 
149.216708 
-260.872992 
104.269826 
-103.860203 
80.771681 
-14.860287 
234.064849 
-157.339150 
69.563200 
-111.873333 
7.576870 
178.436220 
-5.078984 
115.155544 
301.129677 
-183.912171 
68.718408 
-60.801312 
103.143897 
-111.318347 
-7.219390 
-5.416610 
126.121277 
-153.156524 
-13.912862 
67.017316 
-138.059638 
-98.553205 
9.727100 
-16.734061 
101.438453 
-79.536261 
21.881470 
89.844197 
-67.253747 
-40.727771 
55.132888 
-17.734347 
46.486799 
-166.249846 
89.843226 
41.757783 
-30.593162 
45.546364 
163.249817 
-95.405344 
-129.083591 
-209.555553 
-134.282920 
-91.161253 
-66.721181 
-62.001887 
183.606509 
-65.181644 
-3.506513 
132.761935 
150.702051 
-46.156725 
-4.306853 
125.871712 
-57.881004 
70.363968 
74.486727 
110.680640 
98.039817 
-67.986495 
-136.743221 
-56.645517 
66.273514 
77.326174 
-28.678867 
53.257806 
-21.111276 
-137.038957 
87.109912 
12.649856 
-1.041548 
123.211083 
-68.651439 
16.515362 
159.453739 
61.464181 
114.212661 
58.021571 
76.785482 
-146.997010 
30.370828 
-134.113427 
8.945396 
-5.077504 
134.140908 
110.364329 
-107.057146 
41.217078 
-106.749517 
-55.702654 
-20.601049 
-26.195660 
-37.993891 
-180.291859 
-25.103565 
140.468607 
78.025787 
-41.019477 
-106.729089 
-68.237330 
-124.259968 
-2.458264 
-145.956581 
29.779367 
0.596663 
-101.257119 
77.186923 
-9.429543 
-76.665289 
-104.911961 
-120.709001 
-149.654196 
82.283273 
-99.690058 
79.403996 
191.092433 
74.136046 
-106.055450 
-4.035304 
-53.111940 
-68.562280 
-116.113040 
-148.224394 
-37.931232 
51.876650 
9.093694 
-4.243299 
20.233164 
140.471097 
9.592467 
-29.687975 
-103.270934 
32.893824 
203.752310 
12.069458 
-59.500667 
-78.086038 
119.921640 
35.062376 
50.303336 
7.579710 
1.645059 
127.813002 
35.598267 
6.488990 
134.832476 
149.926935 
-131.300215 
90.848799 
-11.061125 
108.827748 
69.877086 
-17.308482 
-9.007229 
-72.843038 
29.080233 
-142.899879 
68.260595 
-0.237699 
137.334669 
-73.395179 
95.878293 
-5.077112 
-133.853515 
322.641223 
48.590902 
92.899458 
-243.643954 
-3.249808 
-34.015753 
-37.099636 
7.671526 
-105.384475 
-76.134424 
62.431510 
-17.734505 
-183.208571 
-89.635113 
10.404096 
-128.701044 
95.063186 
-120.890303 
45.923749 
-0.972590 
148.068599 
1.921084 
-24.062304 
-86.912947 
-118.990784 
-30.390750 
-178.158330 
-212.951920 
-36.719129 
-43.047536 
-120.293179 
-137.778373 
5.512508 
-25.833939 
47.653387 
-159.372146 
-43.047135 
-69.538743 
13.905860 
-61.723292 
-76.341467 
-47.227525 
-40.061283 
-240.551169 
52.343836 
-100.380265 
-39.356519 
-2.748562 
-150.848746 
-109.779775 
29.883537 
-232.313544 
-84.057906 
-11.405706 
36.450012 
41.493674 
-229.097356 
-99.971521 
44.807193 
57.566490 
-24.062388 
-30.391209 
-58.640957 
64.531503 
-84.646768 
-94.336356 
-96.706204 
-65.614682 
-7.798405 
-9.388954 
-11.407173 
5.333353 
-126.611506 
-171.083810 
-102.507819 
-94.462465 
-64.160729 
33.912410 
-52.764241 
14.248938 
-70.716968 
-137.044690 
-124.036246 
-135.125300 
-54.318730 
10.102677 
-20.955512 
-24.062783 
-56.135622 
-53.870201 
-24.063994 
-4.792900 
-100.000838 
-140.105816 
-80.249029 
20.240211 
-128.977953 
-75.667477 
40.796558 
229.060287 
-196.438617 
-133.744515 
73.978641 
89.849590 
-261.141685 
19.203224 
-136.670735 
38.688037 
-68.615781 
87.982624 
242.811094 
-89.775581 
69.780141 
89.849057 
11.131353 
-110.890765 
330.317291 
-17.017383 
102.870400 
-84.297894 
-23.389147 
-255.816525 
2.101535 
45.585314 
-75.242917 
68.221876 
-16.449963 
56.487203 
-31.958452 
-135.779482 
168.832570 
211.339384 
87.620576 
20.235949 
228.215296 
-90.625638 
-106.336569 
-55.312817 
142.373092 
320.503989 
146.005498 
-122.936321 
-41.868423 
146.794737 
-1.126547 
332.888633 
135.623395 
184.777982 
46.730676 
71.185130 
52.663668 
482.184247 
-39.654464 
38.347031 
27.658551 
-58.149314 
7.843078 
-37.113958 
131.809287 
64.333107 
-150.290928 
160.755687 
-11.918627 
151.381332 
80.523712 
151.235993 
-19.957890 
-50.764337 
-83.923894 
94.525060 
61.884059 
429.211720 
-70.346449 
62.138667 
39.086926 
168.928759 
292.502396 
119.093776 
-5.370336 
10.965660 
115.324440 
-53.737576 
317.651008 
-106.272905 
146.226603 
81.114964 
196.996825 
118.919392 
-58.249658 
8.238379 
178.434617 
-170.575318 
29.879911 
135.270915 
105.068103 
-123.700703 
-29.221072 
111.559783 
-119.831090 
159.451666 
108.569730 
-325.536022 
226.059748 
16.969499 
145.553113 
83.517997 
190.970003 
-110.396921 
-33.421982 
-231.090361 
60.533311 
96.170700 
110.039994 
-200.346930 
-230.594806 
56.476072 
73.866099 
77.187634 
-268.700157 
121.483198 
-66.203061 
52.766192 
78.615739 
91.781435 
-107.264820 
98.244420 
-241.522269 
-177.845785 
37.178093 
-50.521211 
-22.822583 
-108.820423 
-208.808629 
-77.331154 
-221.931453 
9.880843 
-107.120041 
-10.467785 
-368.140919 
56.020323 
-341.375823 
-309.644105 
-213.999130 
12.840186 
-110.928748 
-105.369961 
10.565673 
157.571596 
-102.931440 
38.776267 
-93.799594 
70.861438 
-55.600430 
16.219970 
-228.825686 
210.081004 
-176.207496 
-166.226722 
84.211238 
40.120432 
24.169214 
102.398788 
-279.325020 
72.515196 
-46.538940 
-175.064739 
187.398058 
-35.032269 
-36.997854 
-11.408009 
112.002946 
153.394195 
-133.025411 
29.671470 
-157.793504 
-109.289875 
370.386892 
-70.598588 
55.346148 
-11.392495 
-27.839780 
-228.441449 
147.933151 
23.517420 
-32.863757 
157.690167 
47.770517 
-36.946566 
68.579054 
248.046508 
107.451723 
292.342954 
-351.526351 
-141.957103 
-2.051639 
-47.992558 
-11.419836 
159.452100 
-65.393333 
-293.434571 
56.033308 
-321.841773 
33.087909 
192.970324 
-101.012074 
-171.661877 
-155.578128 
-114.583386 
-88.219033 
216.405142 
-62.150127 
-27.859505 
-73.665807 
117.639827 
-1.193669 
60.380347 
-92.628477 
21.632055 
-58.461213 
-49.929680 
-156.798913 
-79.048113 
-27.307463 
-172.773207 
82.609526 
139.666293 
-56.885937 
-97.122904 
16.153208 
43.584035 
-42.728733 
-126.973050 
56.804769 
-70.352693 
-12.180500 
96.174774 
368.281027 
-285.892637 
-94.361458 
-129.795411 
56.638033 
-96.986664 
37.017810 
-390.771165 
84.067804 
14.192439 
54.420300 
-147.422349 
257.000056 
-158.503968 
-33.266772 
-84.600719 
89.845847 
-11.403952 
102.502755 
96.172523 
96.473615 
-113.170602 
277.936104 
-21.519269 
194.096288 
-218.305093 
-112.424535 
-26.125491 
276.378216 
-235.383339 
-49.936446 
64.988277 
12.433271 
-326.464323 
-0.378044 
-140.975704 
68.540849 
-142.677953 
22.555605 
89.842967 
42.586110 
-92.801093 
-223.662067 
89.843264 
-126.098583 
-244.761425 
7.577587 
91.072831 
-66.052536 
317.656129 
21.499419 
-84.419911 
-114.294379 
-260.972826 
-88.071395 
79.341311 
-37.499319 
-150.564961 
223.499012 
-16.403959 
-20.715518 
50.587337 
120.330354 
-120.924183 
24.110792 
122.288366 
-100.913422 
96.822782 
133.463151 
-40.480903 
61.974726 
41.332592 
-76.699392 
-49.318776 
7.357251 
85.918932 
-192.709249 
-64.522280 
-149.008263 
-209.103680 
180.155923 
-99.356673 
-12.164147 
82.789218 
-133.463182 
197.253164 
393.596495 
-359.416236 
117.681268 
5.724037 
0.606325 
-138.643213 
140.420977 
-141.599982 
-84.597710 
153.126679 
58.205878 
188.190241 
-20.229305 
124.871127 
-79.746659 
102.501303 
-160.402478 
-7.773294 
-2.437065 
-260.079826 
-108.124508 
26.563519 
128.119675 
-8.653134 
-49.327103 
-152.304781 
13.881534 
124.149090 
-123.236230 
-49.277158 
-6.843471 
-103.416519 
-68.359952 
-63.221998 
-130.453403 
-18.702684 
-172.625145 
-108.479575 
113.897865 
-138.503122 
133.480659 
-68.358566 
-51.784823 
-229.553973 
-52.941535 
27.142655 
-27.413301 
-323.326414 
-41.647112 
149.596576 
-43.046439 
0.235768 
-13.118064 
20.236589 
89.842808 
-63.633999 
-6.819571 
-65.639742 
115.157692 
13.910115 
24.810511 
-86.499047 
-112.718433 
86.184619 
98.534224 
18.934639 
13.909618 
-246.335844 
-43.044473 
-12.014563 
19.455742 
96.329970 
119.082063 
-75.518964 
-0.226231 
140.348099 
20.236013 
221.581219 
-124.167705 
23.724648 
-154.465156 
11.802929 
-126.229765 
49.431868 
-58.148830 
273.710801 
-24.379149 
115.032351 
64.531569 
-83.883260 
120.853301 
16.455422 
74.235733 
-142.434196 
-97.157947 
62.005625 
-106.593896 
25.382026 
-39.533038 
-37.072406 
-66.021594 
-24.061879 
-187.526438 
31.692432 
-114.704845 
-178.482416 
61.488621 
-132.424015 
33.783354 
44.815296 
-3.285492 
-24.975267 
-30.390093 
-101.954199 
-177.533164 
-17.735281 
-136.388839 
-162.280168 
7.577377 
13.905591 
-131.994547 
-84.471762 
-124.626712 
-120.167366 
-30.005829 
-218.338684 
-36.719974 
-111.843771 
-43.047547 
-122.623494 
-144.534624 
-47.122526 
-44.191887 
-254.117410 
49.134207 
-183.596004 
-105.091023 
-50.120201 
-56.422342 
-85.172387 
-55.558025 
-188.827540 
-38.803490 
-43.047039 
-51.568127 
66.407942 
-203.926528 
-194.861519 
-62.822673 
85.885244 
-43.048145 
64.531613 
-48.417540 
-17.734276 
33.170291 
-29.351960 
-91.420011 
-109.670548 
-41.594160 
46.546576 
7.578752 
-5.245551 
-67.275365 
-61.363827 
-172.112120 
-105.931948 
-38.347393 
23.135625 
-57.741142 
-185.334165 
-139.530367 
-67.327641 
-127.496103 
-166.108861 
13.485943 
-34.677892 
-21.712846 
13.907737 
-43.551038 
76.091136 
-99.998308 
-27.530773 
-99.998464 
-194.654358 
-2.182633 
210.077992 
20.882342 
-94.281117 
151.044384 
-79.227830 
-144.567002 
48.499777 
-25.763958 
83.515596 
-120.963190 
45.023182 
-151.014313 
186.917018 
-49.918881 
203.646859 
52.259986 
-60.423283 
-89.772110 
7.577887 
23.679648 
62.524148 
20.234204 
24.511963 
161.014711 
-301.103274 
-65.302139 
-37.602917 
143.743841 
99.157120 
30.892015 
44.142226 
-34.169101 
20.275305 
15.080119 
105.185392 
-11.920615 
34.930734 
-132.557661 
70.859332 
181.043834 
37.274774 
-103.361853 
30.562412 
-39.236507 
258.016083 
111.682198 
28.865132 
-202.108571 
153.124905 
13.619159 
175.829954 
-71.366354 
222.695796 
14.301866 
116.486385 
-86.965197 
241.718757 
43.202366 
-43.384972 
-69.153322 
26.070910 
44.030563 
-40.326319 
-124.217139 
196.134902 
-60.104597 
110.564824 
-52.415482 
-58.838093 
237.371894 
18.404845 
24.518759 
49.333133 
47.365427 
-65.445813 
138.118577 
500.960724 
4.066050 
28.127064 
-121.888704 
74.623638 
166.747482 
-110.676823 
-3.193193 
-36.563869 
6.122886 
-74.036228 
77.187465 
30.025679 
130.904184 
72.797761 
28.249828 
125.674530 
-42.303459 
-121.174377 
191.093589 
-27.323324 
158.230874 
16.063675 
72.787564 
39.338443 
-135.995497 
-8.272747 
-6.514292 
134.140603 
159.024474 
-296.002779 
-27.630140 
137.616343 
-59.806319 
64.531098 
186.719678 
-26.055054 
75.870778 
-162.088102 
-75.920266 
159.453319 
51.239881 
-134.231052 
37.198267 
256.803557 
32.704513 
20.234193 
-60.876625 
431.562498 
80.446866 
23.732365 
-62.017853 
160.612558 
-156.039393 
106.168614 
-69.888626 
35.285566 
58.607512 
-54.815719 
-73.929432 
25.045151 
-285.848019 
-129.431282 
-53.523276 
-8.725716 
69.672969 
-103.339293 
-147.954897 
96.703063 
-106.665669 
-247.421325 
-117.126791 
-77.827942 
114.674170 
20.330881 
125.743967 
-31.934653 
-64.074830 
-3.241007 
15.903920 
191.093662 
56.451005 
-126.599464 
-187.796163 
127.812829 
4.565047 
-150.206579 
71.171765 
-75.901627 
-30.103679 
-19.087919 
-133.215106 
50.754021 
-20.517504 
-150.920545 
90.172132 
-65.739502 
-201.212011 
-17.734888 
121.484510 
50.400300 
-35.130067 
-150.314126 
-32.854638 
14.829516 
1.434706 
-236.926041 
-31.646917 
-98.981157 
-88.654875 
-136.150779 
81.617484 
-21.959531 
-20.319447 
186.092617 
-1.404091 
15.787673 
-75.143593 
286.015398 
-18.109660 
342.969083 
-197.642785 
19.883403 
-107.672425 
-57.013326 
5.264557 
165.781443 
-57.377964 
-575.948060 
-282.680331 
185.027494 
-48.074872 
164.128168 
-232.148959 
54.562010 
60.941013 
-106.691261 
-152.882833 
317.656412 
-50.582603 
-83.968616 
-89.614278 
81.484129 
-182.756889 
-49.121107 
-103.519466 
220.357578 
-52.694432 
-155.360967 
-10.460211 
39.958252 
-75.089795 
-168.468347 
6.008139 
94.182814 
62.283883 
-39.922080 
-20.760676 
-87.923437 
93.036407 
-90.245308 
4.151408 
-14.247092 
-108.034013 
96.171993 
254.374949 
-163.420062 
-90.595245 
-94.110994 
-7.585847 
20.846771 
78.477729 
-311.534903 
16.628169 
-81.019290 
2.818895 
-141.424480 
185.572924 
-1.346261 
-31.395807 
-28.155904 
127.812411 
-11.406279 
216.406150 
58.203064 
-42.780384 
-77.968538 
89.573434 
-71.266780 
95.449882 
-110.056289 
-191.699061 
39.975122 
173.171543 
1.651067 
-79.860700 
-64.944971 
-56.167129 
-128.511398 
70.571188 
-23.241328 
15.499658 
-115.912985 
-104.229933 
26.562597 
-66.319043 
-130.819583 
-38.296506 
165.781356 
-55.638290 
-183.011686 
-30.390473 
-36.632613 
58.140218 
165.781378 
-66.249881 
-16.996169 
-139.769530 
-53.725625 
31.487805 
4.509519 
48.111609 
-132.178138 
23.675892 
-164.810829 
84.189810 
-116.667956 
-97.747229 
-166.194523 
0.984111 
48.200120 
-160.735522 
-139.077393 
-147.315440 
23.831213 
-21.819186 
-56.230130 
-107.994817 
-88.405186 
45.791383 
5.410290 
60.056105 
-48.272350 
-207.457973 
-224.583407 
101.487758 
-52.055257 
-73.248048 
8.330116 
-46.620176 
32.777035 
267.031368 
-47.395361 
-3.375784 
-1.573835 
10.536938 
36.200229 
72.150019 
-168.462197 
-89.386177 
140.468811 
96.171807 
33.176706 
-140.651705 
-190.583804 
-106.750049 
216.406330 
-63.260520 
-31.278555 
-25.678223 
-138.218301 
-101.620048 
115.156302 
25.590676 
44.358907 
21.406238 
-126.937324 
31.941533 
-8.042533 
70.521002 
64.614163 
118.180463 
-0.531425 
7.578115 
-146.669972 
-139.946227 
27.027277 
-62.482528 
-61.847346 
50.464588 
-56.496457 
-9.726387 
-17.734417 
-26.046082 
-142.286760 
22.365214 
6.461549 
-77.848399 
-109.188552 
-32.663374 
-6.738307 
-36.718660 
71.879142 
-25.461978 
26.562648 
13.906200 
-64.940314 
-54.309704 
-96.210874 
51.874953 
39.218836 
50.050236 
-126.999983 
-138.101752 
31.851998 
72.374132 
-16.497878 
64.531258 
-48.979619 
-5.078080 
-60.418829 
27.655613 
16.003209 
42.739872 
-143.434337 
-161.471844 
-33.303810 
39.218823 
-118.159096 
28.598590 
-125.633673 
-234.599125 
-179.985694 
24.016750 
-157.146555 
-94.899826 
-50.240074 
-0.688104 
94.009031 
26.562460 
-162.749711 
36.784248 
-115.633033 
37.370902 
-92.979786 
3.980200 
-177.934484 
-238.392447 
-106.351129 
-28.293847 
42.833864 
-47.226373 
-43.046756 
-120.958194 
53.097780 
-81.694074 
-296.369416 
71.826697 
-141.495706 
-71.490468 
-0.701833 
-86.700018 
-148.529195 
-24.062418 
-157.952882 
-122.185324 
-24.062441 
-263.897947 
-132.176882 
-36.718681 
-30.390648 
-169.638858 
-110.083726 
-72.199053 
-13.726716 
-84.952309 
-145.749862 
1.250023 
-112.926153 
-11.406185 
-43.420661 
-15.650376 
-98.375154 
-100.232608 
-164.756667 
-71.101144 
-116.752089 
-98.537756 
74.618980 
-122.160762 
-63.718902 
-140.427732 
-84.349811 
44.265932 
-11.406209 
-73.876592 
21.861651 
-165.932355 
-75.225043 
76.490131 
11.287597 
-5.078259 
64.531120 
-110.927662 
-11.406147 
41.859246 
-120.515154 
-120.225757 
-39.004373 
-128.904730 
40.040160 
-43.046942 
-35.324965 
-7.445917 
-59.275449 
-183.434421 
-102.768557 
-97.002629 
-43.544523 
-176.953553 
-34.850597 
-62.540479 
35.837891 
-49.711985 
-112.031238 
11.158985 
-71.600817 
-4.104942 
-49.374970 
-112.965658 
-119.780518 
-99.999967 
-29.547271 
-99.999994 
-137.032954 
-179.543066 
229.061542 
-8.501482 
-55.039282 
141.612783 
-15.498505 
-195.230690 
-59.502053 
128.641205 
355.622754 
-93.749136 
163.172388 
-52.933273 
42.380601 
78.764278 
227.858070 
35.815572 
-98.512131 
97.725255 
102.497643 
-3.213199 
122.572577 
159.450658 
22.983656 
95.820239 
-115.466337 
-33.867433 
156.589803 
224.545800 
125.875549 
-114.425946 
23.027434 
54.751949 
49.964189 
155.029405 
-214.322689 
86.940231 
14.673001 
-30.664751 
368.280111 
215.398682 
-143.611277 
-80.086938 
55.698691 
190.688711 
361.241798 
27.751999 
-136.234598 
-136.750847 
32.889445 
98.222293 
5.558620 
-61.032710 
-6.665040 
-149.046694 
-102.532164 
102.155979 
172.107253 
154.143817 
-92.198839 
173.110489 
-112.492701 
-2.633378 
-74.354150 
115.216741 
123.611190 
60.581832 
-4.131539 
-30.273047 
140.181761 
221.215699 
81.520556 
96.205006 
7.319743 
-67.490899 
-49.485583 
225.098532 
168.861103 
3.972804 
-61.567750 
86.118694 
149.607882 
19.881558 
-0.626593 
14.623477 
1.708438 
127.456222 
19.041310 
108.827752 
139.938045 
10.901869 
-64.519882 
305.000467 
67.835702 
14.842996 
14.130750 
134.141751 
-70.212812 
113.014808 
35.627241 
28.229670 
-242.938450 
-23.973505 
42.616339 
13.979277 
355.626212 
55.958508 
-251.884679 
-38.334509 
11.997140 
-28.807425 
45.548241 
-18.984025 
-112.004578 
-7.796221 
-153.715055 
-0.030854 
127.811084 
-68.898105 
-229.431784 
-207.913887 
-27.143907 
30.128414 
58.200686 
26.498602 
-55.701697 
-36.644791 
-24.487015 
-130.830272 
135.195189 
-275.267649 
-47.266597 
-22.094683 
-66.481054 
-14.551557 
-136.665588 
-80.981477 
-163.548683 
-111.919198 
3.823713 
-116.087987 
-30.424717 
-356.289655 
12.293196 
-104.785547 
53.557547 
-208.916381 
-270.785272 
-92.615889 
-205.413725 
113.611458 
35.599715 
-137.649485 
-47.375892 
-83.162688 
-3.303670 
58.520506 
-30.390592 
-56.735544 
-107.724200 
-49.550836 
203.750366 
-130.091991 
-238.164095 
-9.518242 
91.143121 
61.070869 
88.395447 
-228.741830 
-99.877169 
-31.500696 
-89.714645 
41.414192 
-50.740570 
-280.683385 
121.483757 
140.469084 
141.938595 
-188.181732 
-34.178136 
-128.591987 
-7.058860 
-55.660260 
75.909385 
-35.464309 
22.648888 
101.995662 
-15.731431 
121.637178 
-23.950057 
-14.399749 
-36.426394 
-8.139170 
89.549306 
-15.362075 
254.375019 
103.412535 
45.548210 
-191.235721 
-115.656572 
-82.461974 
-124.323730 
-59.779061 
134.141682 
55.142824 
-103.415729 
-34.819814 
-26.354938 
-38.763300 
41.223878 
-90.126610 
37.132528 
-10.201520 
-197.074374 
91.144740 
127.813244 
70.485843 
111.782664 
-213.791119 
-114.283277 
7.742977 
-14.107998 
87.123604 
-106.517776 
-58.427662 
-106.092738 
-37.817142 
26.238620 
23.092636 
-2.819575 
16.376181 
70.958977 
-47.954299 
-49.968899 
-92.580483 
-62.515285 
-93.731802 
27.769362 
-10.725246 
-108.503402 
-67.588458 
317.655737 
102.499541 
-163.752516 
-92.241833 
-104.108550 
-69.597715 
122.207112 
-6.888900 
-210.290256 
-64.950868 
79.135705 
-26.116488 
-99.275787 
74.709171 
-64.454436 
-22.735257 
-72.899441 
-5.079425 
-5.080093 
96.170872 
165.780769 
8.011487 
-111.012765 
97.704819 
-115.584339 
43.667800 
-46.190920 
-112.453662 
-34.097915 
126.134763 
-144.975678 
-54.808290 
-0.658729 
-36.192513 
-159.675088 
-108.122104 
-79.888667 
-27.094740 
-59.694434 
-61.790516 
-11.407308 
-113.578057 
-90.640814 
-65.453719 
-5.078982 
-5.008093 
-424.817003 
45.545454 
152.545259 
43.905147 
121.483788 
122.749779 
-197.436117 
-13.537893 
-280.352772 
-72.230748 
-17.665450 
58.464552 
-51.209515 
-21.047794 
-135.605166 
76.627439 
-125.029901 
44.196188 
-48.912904 
-85.511808 
31.145129 
-63.783562 
-24.110968 
77.169170 
95.762730 
-36.650628 
-23.222651 
-70.552833 
-35.917011 
50.460551 
133.717921 
-110.545850 
-15.031099 
54.481495 
-128.766398 
94.418985 
-15.923298 
-5.909536 
-33.968301 
3.177853 
177.608376 
153.124185 
-117.106551 
-22.714754 
6.185381 
-13.020257 
-17.745485 
161.097961 
-114.359989 
-23.487084 
45.547821 
64.531823 
-31.792067 
-27.641332 
-24.496408 
109.248469 
64.531296 
26.559695 
-139.412957 
-12.637166 
-76.790930 
-100.763169 
32.891381 
-13.923943 
-144.716926 
24.526567 
103.641905 
-21.989279 
-15.886300 
-39.253880 
-156.385517 
81.570610 
-48.376480 
89.845046 
143.237798 
-292.216345 
48.965788 
2.692128 
-65.237402 
48.640961 
-219.152752 
22.118558 
64.532754 
-114.617070 
-29.168403 
-113.324721 
-65.794988 
-79.544608 
-249.110286 
-101.829225 
-87.338913 
-30.387005 
-36.441354 
37.834172 
51.877270 
-36.721963 
-79.269242 
-15.847123 
-123.843564 
51.873395 
-11.407765 
-8.048832 
-187.747407 
-50.537595 
39.747184 
-71.185332 
-20.401741 
-30.387969 
-131.637489 
39.217734 
129.128598 
-110.232774 
42.190018 
-7.745944 
-78.726949 
-164.758818 
133.924956 
-213.907193 
55.378598 
-85.622019 
32.246703 
-47.119629 
7.559037 
18.366549 
65.538437 
-62.478009 
481.986250 
-139.625886 
134.259919 
-55.702455 
-55.645298 
25.753975 
-7.122758 
-1.098959 
-62.417912 
-66.366736 
-21.358323 
-41.325660 
21.809508 
-110.039797 
1.185665 
-40.444942 
-30.390860 
-107.750335 
-54.611323 
-18.208215 
103.567906 
18.380375 
-60.841733 
-179.138678 
-86.804371 
-14.114482 
7.674041 
-17.735528 
-45.709105 
-163.551780 
1.250127 
-129.497388 
58.342761 
-5.079471 
-11.406135 
-106.836375 
-173.347787 
-116.509669 
-0.051477 
-112.253678 
-130.877470 
-5.077228 
-83.670572 
-5.076963 
-150.915468 
82.712336 
-35.722791 
-40.184416 
-215.133987 
-124.453093 
-106.429237 
23.610538 
-21.578359 
-54.425250 
-22.043392 
-111.952608 
-132.703221 
-97.415960 
7.578041 
-94.479899 
62.816683 
-157.134199 
-51.207515 
-56.216033 
-73.916434 
64.531446 
-17.734173 
-261.989714 
-11.405994 
-197.124098 
-48.473240 
-207.576978 
-54.387223 
-129.718576 
-61.899267 
-24.061329 
11.807204 
-140.236078 
-75.304291 
-68.395284 
-88.926474 
-41.977872 
-79.165496 
-125.252681 
-72.997643 
-30.437428 
-165.775679 
-46.011318 
-109.213776 
119.034882 
-204.027488 
-20.718608 
-100.001830 
-92.296564 
-71.193713 
-100.000410 
3.992440 
-100.000608 
-212.229388 
-120.211481 
279.688229 
-31.042835 
-118.830556 
173.201740 
-91.245145 
-151.372333 
-140.499013 
-22.823387 
279.688822 
-268.928235 
172.047147 
-41.535385 
-39.923800 
-82.560183 
449.285811 
109.395344 
-151.691109 
113.510821 
83.516150 
10.985438 
170.197931 
210.078987 
81.657014 
30.403483 
-110.931049 
-76.027261 
271.577386 
137.109803 
29.658867 
-176.032333 
-52.922701 
-30.381661 
76.823871 
87.635167 
-138.295211 
94.306006 
-15.249686 
-48.507228 
431.561155 
230.613674 
-64.105182 
6.446538 
104.534260 
119.416645 
404.765798 
77.935524 
-150.498118 
-51.567226 
70.859309 
-55.536242 
24.105325 
-11.108117 
36.606919 
-183.847801 
-141.393161 
115.547762 
146.796838 
0.140476 
-193.623183 
-0.876826 
-245.730915 
47.768654 
-61.261675 
10.183340 
45.655085 
-65.059736 
-31.009714 
-98.591682 
228.195736 
117.582431 
113.712399 
109.574829 
-69.076209 
-30.431638 
16.780172 
236.042810 
33.604327 
95.698235 
30.904828 
21.090259 
111.427476 
70.564298 
-143.853076 
-135.268645 
45.088831 
35.619793 
9.951521 
222.734919 
110.371054 
2.319343 
-71.064258 
210.499537 
192.661302 
6.370663 
150.494739 
222.734907 
-59.695514 
-13.292017 
35.398012 
-61.470908 
-44.529588 
25.637404 
69.537543 
70.874309 
216.406684 
53.481941 
-80.196614 
80.207131 
-5.467724 
-30.428842 
406.248798 
46.792464 
79.891171 
82.513922 
-30.636004 
-31.790413 
96.171050 
111.225388 
-120.024681 
-43.837262 
-18.102292 
16.331214 
317.654379 
-119.552959 
83.514841 
-108.246987 
57.899046 
11.163217 
202.786151 
-7.911551 
-94.720692 
13.729718 
86.948007 
170.854650 
-62.872117 
-210.279289 
-1.193402 
-91.793026 
-62.912868 
-44.816582 
118.898218 
-266.113011 
-11.399223 
-135.847576 
-47.383944 
-131.839399 
-195.660168 
28.260437 
-95.502466 
176.730571 
-197.297466 
-9.348009 
-8.690017 
-96.469969 
75.377690 
-8.812016 
70.860346 
27.928947 
-7.213631 
-81.933845 
7.579079 
-57.149360 
-181.086477 
146.927822 
86.843992 
-19.674135 
74.215406 
86.171281 
-124.185418 
-56.843576 
-89.744540 
-66.301198 
80.172261 
-331.399622 
83.516578 
134.141676 
11.588840 
-150.304743 
-184.459618 
-74.889073 
-33.481251 
-6.339851 
-174.042232 
-69.026843 
-13.565976 
46.808579 
-45.920287 
-28.208077 
-41.161884 
63.605404 
-111.052739 
92.479177 
179.923693 
21.070966 
165.781342 
129.419188 
115.156268 
-269.058894 
-226.653647 
-123.600995 
-23.771498 
-11.659061 
140.468894 
119.496748 
-311.592527 
-51.375680 
-60.833709 
-2.864635 
-89.766478 
-96.607070 
-98.777806 
114.491829 
-74.255521 
-35.978065 
58.203357 
135.610463 
153.969459 
-122.613862 
-86.744497 
64.346841 
50.569950 
-33.803787 
-3.042118 
-167.988680 
-279.036193 
14.323038 
24.531500 
52.265474 
14.216537 
25.530671 
-90.621590 
-87.308124 
14.538546 
-101.955691 
3.248533 
-107.742901 
-105.822861 
-9.260627 
-96.165924 
-75.929728 
70.859243 
172.109203 
-89.110819 
-163.229250 
24.983720 
-175.271536 
-174.799701 
-107.363092 
-231.225564 
-34.724910 
50.701985 
66.818651 
-92.614367 
111.889697 
226.292036 
57.349183 
-164.094278 
-5.078469 
102.499688 
178.437854 
64.531116 
46.793209 
-102.946740 
152.976232 
60.009484 
-17.559552 
-72.025353 
-7.339754 
-42.985348 
101.730024 
-86.184181 
-199.116777 
-41.905480 
-139.372122 
-222.102168 
-92.352828 
-45.155765 
60.248101 
-88.132990 
-279.646482 
7.578685 
65.751388 
30.989120 
-80.257514 
70.859908 
-52.890747 
-252.819407 
317.656672 
65.623697 
-65.019067 
64.531815 
-39.248475 
-94.510147 
-77.542334 
134.931114 
-185.178361 
-38.637081 
-24.615962 
-140.993594 
-14.692010 
-225.476720 
-76.282535 
-43.060531 
-218.853249 
-23.311615 
-29.632894 
38.472755 
90.393629 
165.574579 
-73.089426 
-40.428044 
35.681090 
0.780642 
-74.828850 
-110.213830 
16.172438 
189.186213 
106.683371 
72.896613 
-82.498585 
-19.201271 
9.728008 
-12.239558 
-77.893533 
20.135742 
124.639035 
33.684777 
-68.359738 
-62.536625 
24.759110 
-10.849949 
42.793730 
-9.806260 
25.906955 
-91.509982 
-101.416309 
39.218431 
-43.047082 
-97.789934 
26.994544 
21.432020 
-147.249655 
-68.359841 
57.983492 
48.587007 
95.445726 
21.625325 
-51.972434 
140.468524 
-65.951221 
-81.158367 
-91.549450 
62.541609 
-62.211021 
3.721076 
35.140568 
-10.201324 
125.092650 
61.166331 
-17.734344 
-416.404648 
-326.229828 
3.241338 
-48.430989 
-65.588139 
16.470347 
-155.865823 
-109.170660 
-24.062282 
-183.065196 
-1.284539 
66.140806 
-110.612840 
3.258762 
-203.212631 
-91.412505 
-11.537811 
45.547968 
6.626640 
-43.951064 
-17.735059 
-5.077332 
119.448840 
-59.752938 
-149.245332 
-11.406710 
-11.406043 
-2.030489 
-52.749256 
-1.291734 
-58.514973 
-46.623351 
-58.415486 
70.858965 
-101.185049 
102.500387 
90.252402 
-46.593237 
25.177747 
-39.438511 
-58.145159 
-45.558232 
11.603024 
121.483331 
33.472281 
33.548957 
-72.966170 
-115.310401 
2.485291 
-2.577475 
-124.547884 
-14.640011 
397.450542 
-160.036435 
65.954701 
-11.406837 
-134.664078 
47.835013 
-94.237665 
-29.429703 
-148.555323 
-4.161253 
-123.845296 
-67.342518 
12.673473 
-96.541657 
-50.434272 
-86.805405 
7.578210 
-87.953116 
-57.210133 
45.917700 
2.559705 
-73.253215 
-86.363852 
-66.487940 
-103.331718 
84.024562 
-35.217066 
13.906263 
8.835990 
-137.101601 
1.250654 
-17.907535 
-34.007081 
-17.734440 
13.906399 
-222.788571 
-102.739457 
42.285837 
22.485422 
-43.995254 
-115.740184 
13.906096 
11.985568 
7.578447 
-110.709387 
-48.142163 
-56.263466 
-130.767936 
-56.341386 
-13.665885 
-60.463844 
64.769537 
5.727221 
-89.371269 
-103.619220 
-4.185088 
-106.037595 
-36.749849 
115.156599 
-27.723872 
-134.812053 
-71.726663 
17.209731 
-24.868110 
-36.650563 
7.578313 
32.891132 
-234.878807 
39.218903 
139.198584 
-164.162398 
-187.613307 
-140.815590 
-91.748915 
18.193590 
-99.999655 
-16.179003 
32.433139 
-114.895909 
-139.414599 
26.561972 
-162.983201 
8.534668 
-38.889338 
-171.838312 
-119.216953 
131.029436 
-13.875837 
-134.838095 
-102.567128 
-106.808608 
-4.694520 
-99.999660 
-29.111340 
72.015166 
-100.000004 
-93.825343 
-99.999802 
-181.568248 
-89.590859 
248.044175 
-194.726416 
-124.907591 
211.499824 
-40.032458 
-140.688726 
88.996434 
19.291474 
83.514125 
-178.253506 
28.084632 
86.915237 
-10.625694 
128.608260 
234.490621 
175.530261 
-45.750960 
73.219622 
1.248827 
139.422057 
119.842796 
165.780514 
232.486183 
68.874717 
-340.368368 
-84.128906 
239.693651 
168.985497 
73.328353 
58.765646 
-19.340697 
-6.788044 
120.911003 
-18.157228 
-71.515010 
21.856024 
20.690031 
41.161428 
108.829302 
129.875845 
127.744462 
62.051755 
-12.705989 
101.109889 
226.335253 
125.502189 
-30.738514 
-65.811786 
216.407477 
-63.088762 
235.212978 
-25.399970 
89.263647 
-46.604754 
250.857635 
-143.982195 
153.126366 
61.125973 
-122.891928 
-16.685608 
-109.931151 
-58.169583 
27.800534 
-89.525616 
33.950127 
-153.059503 
-206.636450 
-77.059412 
145.047132 
44.654466 
37.702125 
-124.384724 
-119.403469 
-27.084555 
40.434363 
292.707148 
384.786306 
-187.224782 
15.112690 
36.788139 
58.721114 
61.561220 
-3.863205 
-183.246621 
-152.490638 
-106.314260 
4.868327 
172.108398 
26.268230 
-3.922801 
-21.157856 
142.998441 
177.908078 
-54.187053 
-87.001450 
146.796047 
-123.177344 
-142.999288 
281.036848 
-45.432651 
-14.127505 
154.237080 
-28.357365 
-37.629776 
241.719414 
88.831696 
-164.793748 
86.438046 
-46.257485 
-136.931453 
342.967831 
56.078191 
-132.903219 
63.052738 
-3.316241 
126.535164 
108.829248 
156.589021 
-160.613081 
-165.060190 
60.528322 
2.851378 
368.281252 
-158.883672 
83.515279 
58.356075 
188.641582 
47.618169 
175.177251 
36.120589 
99.150549 
-51.552654 
-46.714046 
-20.975204 
-73.304158 
-117.988091 
-44.556399 
-83.173704 
-204.570055 
70.905887 
61.827429 
-63.218113 
21.036643 
-98.476934 
45.399914 
-124.120812 
-198.181284 
-29.593182 
51.016108 
29.154444 
-147.804291 
122.012911 
71.355929 
118.509058 
24.306624 
200.442818 
159.452384 
-50.506749 
33.302832 
-68.725424 
70.858942 
-186.963671 
-145.347597 
166.016581 
-151.566160 
99.153760 
66.835097 
4.818185 
-192.263471 
-94.113755 
-18.820363 
-73.092206 
192.444022 
-296.916215 
191.092752 
159.451343 
55.297924 
154.179059 
-37.545924 
157.839056 
-84.851094 
109.604224 
-140.458358 
-36.911306 
-132.717272 
-95.138905 
-19.881478 
-61.110652 
54.105287 
66.692546 
156.806792 
191.927501 
7.721493 
229.196777 
127.811940 
72.449444 
89.842113 
-332.314086 
-166.985102 
-39.372363 
-102.424610 
178.413162 
153.124298 
5.460295 
-310.515872 
108.945079 
-137.351933 
60.167993 
83.478375 
-194.931473 
-182.400271 
-8.627727 
-111.338836 
-58.808985 
108.827250 
102.553769 
-243.438462 
-2.225280 
51.823932 
-147.900917 
124.545786 
-43.972907 
-36.003010 
-194.499944 
-22.650710 
17.632698 
-28.457314 
60.240752 
-98.610301 
-32.881494 
-116.604829 
-8.864225 
63.005974 
-63.189280 
49.946596 
-176.392306 
-142.781574 
49.341612 
96.400627 
-77.730887 
184.763956 
267.030698 
-186.643447 
-110.758174 
-1.329996 
-151.481873 
26.800521 
54.639211 
-344.585272 
37.048410 
-30.576700 
-4.401287 
-42.321773 
73.274674 
175.965287 
114.155947 
-61.791789 
140.466672 
108.826531 
70.858103 
108.826000 
116.827903 
-48.014982 
252.072671 
89.932802 
-42.956484 
-205.629652 
-162.840151 
46.547265 
150.316510 
-156.487097 
-74.199246 
-119.263937 
-112.532110 
-120.375834 
28.595662 
-64.637399 
11.586021 
-118.866437 
-242.796494 
102.499637 
34.190632 
115.831436 
-154.498502 
216.406117 
-118.225200 
-58.137502 
140.469388 
39.840143 
-98.826778 
45.547467 
48.500077 
-205.339679 
-162.139632 
47.918293 
-313.567067 
-61.876857 
-44.605028 
-189.599885 
-68.527313 
-184.739819 
-61.932865 
-5.783967 
-121.461796 
-239.425841 
-14.578902 
118.234365 
10.668576 
11.884223 
-81.792291 
-12.842347 
14.218477 
8.244313 
-70.006898 
-116.243105 
3.944245 
-10.977503 
-10.561163 
-104.525669 
-90.063333 
-134.270196 
-4.268570 
-150.224020 
-200.699370 
89.843492 
2.642541 
-34.314207 
7.578390 
-129.252025 
6.021792 
-6.706002 
94.225099 
-56.480499 
37.470001 
-57.922323 
-27.557170 
-5.078759 
7.577705 
89.048946 
34.514652 
-8.737191 
-147.248091 
102.499504 
-59.643245 
4.371586 
-5.835551 
-260.392622 
-254.723527 
-30.391040 
36.471743 
-92.832643 
-134.569397 
114.371397 
-46.571234 
18.608646 
-34.429337 
-53.910128 
96.334918 
64.485600 
51.874004 
-331.767988 
147.191364 
21.665479 
-48.406373 
-105.080301 
29.037147 
-190.559483 
41.755635 
-30.390654 
-120.296231 
-301.746047 
-84.022439 
-191.070767 
-169.466568 
-272.171911 
-56.121795 
-104.520915 
26.562732 
-72.537847 
-115.727168 
-5.079811 
115.154839 
14.176062 
-33.541426 
-99.571999 
7.576515 
7.576144 
83.258694 
-100.000588 
-11.261514 
-146.316617 
43.082955 
1.990538 
13.905334 
-68.358315 
-24.063498 
-125.003519 
-67.900204 
21.831367 
-124.621610 
-21.916755 
-214.226355 
-52.419475 
58.200961 
-4.965493 
-91.089572 
-134.011347 
-28.497871 
-70.084010 
-18.034537 
13.631483 
-55.165732 
219.891452 
-116.715573 
34.997017 
-36.719957 
-75.513046 
165.446709 
-41.653009 
8.764076 
-153.499938 
-30.798103 
-26.129853 
-129.324277 
-26.495698 
-114.022315 
-41.873963 
-34.110711 
-11.407171 
-219.072942 
-11.652058 
17.388653 
-339.332022 
-129.309196 
-115.624425 
-139.034718 
-36.522066 
1.255743 
-159.293893 
-24.063177 
-112.117609 
-126.920191 
-36.719818 
-30.527721 
-33.582540 
-43.046820 
-43.047060 
11.858561 
-163.815834 
6.004191 
31.500512 
34.985386 
-147.285423 
-30.390865 
-2.991142 
39.218779 
-99.302193 
-54.002248 
-49.582876 
-159.658805 
-192.932531 
-18.820339 
-90.374976 
-54.726048 
-81.095533 
-69.005524 
-159.126348 
-98.598873 
-162.473046 
-4.836111 
-36.717934 
-105.342862 
-34.820564 
-106.162186 
-189.601494 
-35.767484 
67.383187 
-43.046597 
-30.390101 
-137.161721 
-36.717861 
120.780062 
-7.988276 
-68.748056 
-36.490026 
-114.089848 
67.605860 
-99.999819 
-23.170357 
-43.026072 
-86.613529 
-251.110741 
-99.999980 
-117.617174 
62.180395 
-84.884164 
-171.271767 
-156.043521 
-39.997698 
-22.383051 
-128.535674 
-131.482182 
-24.521776 
-32.402117 
-100.000995 
101.709465 
-34.484421 
-100.000096 
66.610387 
-100.000469 
-204.926322 
26.221852 
229.062418 
-147.476788 
77.098275 
-48.794170 
-222.327210 
-195.999114 
-5.501210 
196.153331 
45.546656 
-47.046582 
-243.720210 
-260.303904 
115.208548 
-103.495310 
24.194241 
-15.235795 
-358.315082 
-52.547204 
-55.704291 
65.489229 
148.829423 
70.858534 
193.715940 
92.633760 
-465.998806 
221.854212 
230.516688 
41.665249 
39.048888 
-123.291690 
-158.311041 
-34.053378 
38.207895 
-149.890618 
-72.055364 
96.862900 
11.322018 
160.323886 
241.717689 
86.043649 
-86.456120 
54.233585 
119.435769 
101.612235 
233.703529 
-200.933770 
-33.949715 
-108.253933 
254.373875 
-4.455355 
92.052351 
48.329201 
-4.601636 
-218.653075 
138.621173 
-7.524476 
83.515547 
179.260395 
61.849509 
-18.195618 
-4.215788 
102.657473 
125.330079 
26.760026 
183.814394 
-212.463622 
-2.180188 
71.346960 
-49.654581 
78.504382 
116.327050 
-3.596498 
40.568065 
74.481468 
-37.584784 
194.212125 
464.258038 
71.234657 
9.033792 
141.798052 
129.030623 
87.408110 
41.130275 
192.647946 
84.963045 
-68.906310 
-58.851767 
456.875492 
31.969360 
-29.593258 
-32.375475 
14.750077 
194.463567 
2.154619 
-48.357629 
254.374911 
-36.910603 
59.656549 
114.769589 
69.056977 
49.058576 
5.299071 
60.734384 
88.159818 
153.124610 
39.325953 
-49.837472 
9.275208 
10.876710 
36.251000 
58.202638 
-38.649772 
183.541352 
17.509641 
98.819173 
-1.862917 
235.390292 
193.329621 
21.822788 
-82.840982 
120.309941 
55.968655 
32.890528 
-3.907761 
235.390777 
180.283967 
24.777830 
-48.581708 
180.257580 
-54.043691 
80.886314 
-102.477169 
-188.174427 
-140.273627 
-160.993051 
78.548502 
-35.248115 
-298.594001 
42.677147 
-65.383131 
123.531710 
67.300191 
-82.785877 
-78.470390 
30.050414 
-217.696020 
-157.187968 
-165.405240 
-35.048566 
-165.149493 
-77.213629 
94.725654 
-108.878823 
-147.569030 
22.922610 
141.707989 
222.734459 
-97.386192 
119.306059 
-201.262023 
127.813072 
70.778772 
-209.602345 
78.086907 
22.852971 
-31.564182 
-77.519116 
-50.708417 
-142.459750 
185.709917 
-38.339712 
-56.837403 
23.620437 
-80.193023 
70.859655 
124.647553 
34.034739 
185.001482 
-33.463484 
24.346869 
70.286084 
-22.226906 
-241.744880 
-78.439666 
-151.191489 
65.226723 
-179.358631 
-23.429191 
-271.055364 
-30.506556 
77.971323 
213.355078 
67.997120 
-45.270139 
140.469644 
23.466047 
102.501918 
115.518514 
3.800093 
-49.690781 
-169.508675 
74.989678 
178.438235 
50.458107 
-204.090416 
101.987120 
62.136140 
87.904990 
-41.105463 
-228.688199 
-20.882412 
42.137826 
-113.015317 
-83.113739 
108.828364 
83.521054 
-121.091938 
-78.237703 
69.670928 
-111.792042 
68.425132 
-16.880967 
52.346537 
-209.021011 
-281.663681 
-41.773218 
87.660764 
12.503938 
-152.024838 
-276.104266 
-158.786398 
-35.189541 
52.617317 
-9.257019 
19.391051 
-60.075992 
-257.520363 
-18.040753 
117.311792 
-124.716727 
172.110011 
292.344453 
-272.675798 
-68.151427 
-38.263496 
-122.343722 
140.088116 
56.337878 
-306.859996 
70.105148 
-183.798218 
-124.521887 
-123.334961 
6.654348 
-9.556533 
171.278464 
-194.405331 
77.188029 
70.859522 
127.812738 
121.484510 
103.100729 
11.290739 
44.745386 
52.278788 
-12.729931 
-181.899031 
40.653177 
-86.011746 
150.076775 
-279.659257 
-133.700902 
-44.367651 
-68.699539 
-291.654008 
-52.857122 
117.279172 
-7.216867 
35.841027 
-205.698997 
102.500607 
-42.676903 
-30.278473 
-0.991585 
342.969291 
-46.161262 
-222.386585 
140.469436 
-51.389719 
14.524149 
83.516620 
21.500922 
-16.548777 
-103.397524 
80.352419 
-78.848516 
192.941119 
77.667947 
-7.885445 
-37.570442 
-65.945442 
0.138204 
-144.549485 
-153.360087 
123.932153 
-2.554915 
-75.390510 
-64.871329 
-270.576781 
-49.937850 
57.119298 
65.084758 
-127.283600 
-109.431083 
-67.732534 
-166.811709 
-8.301058 
-128.998210 
-46.063597 
55.386449 
-320.823879 
-82.240358 
-91.285800 
26.640436 
167.360539 
-19.085769 
-94.186159 
-30.391545 
4.361037 
-14.766036 
54.952201 
75.525182 
32.326927 
-44.540532 
-105.652286 
-158.727033 
-36.719753 
-30.391307 
-55.742575 
-105.423636 
-136.841266 
-228.250579 
165.780844 
-82.189549 
7.406959 
-5.744261 
-20.504807 
-1.374813 
-43.047332 
-15.213080 
-40.644029 
-46.425452 
-18.804027 
-65.347071 
-83.893532 
-35.526787 
-57.794571 
32.157337 
8.483629 
26.562264 
4.809289 
-160.908425 
154.930625 
-13.574568 
-181.180063 
5.347110 
-165.908610 
-35.462287 
-49.374957 
-47.887416 
-134.060749 
-62.119176 
-128.965784 
7.793584 
88.350129 
-21.247623 
-103.490255 
51.874874 
-26.345222 
-25.146703 
-55.703239 
64.531378 
-84.136742 
-97.407584 
-113.931073 
-68.359377 
-68.359444 
125.379342 
-167.499770 
20.377534 
-126.224005 
-0.243707 
91.363594 
89.843443 
-2.309419 
-30.390510 
-148.647268 
39.232319 
-64.383856 
122.444728 
49.012447 
-111.897521 
-135.245981 
108.828502 
100.842497 
-30.817053 
-56.622720 
13.217098 
-99.546443 
59.394373 
104.159903 
11.690712 
-22.702516 
-125.471054 
55.955799 
26.562517 
-34.378474 
23.662151 
-104.252068 
6.749718 
-86.405564 
77.684032 
82.753378 
8.129847 
-69.426720 
-71.223233 
70.377393 
7.652487 
-5.077579 
-103.812482 
51.032988 
39.797544 
-420.162801 
-31.479528 
-42.116556 
-62.566933 
-62.657270 
46.885751 
-0.554942 
-5.078052 
38.890388 
35.326199 
26.563170 
-115.253474 
-163.533461 
1.250369 
7.578889 
-178.554496 
-93.036459 
-52.049962 
-75.840863 
71.539017 
-110.664409 
20.234820 
-132.206006 
115.156284 
4.228881 
-42.169509 
97.549704 
-188.526121 
-45.700857 
-46.996604 
-121.746299 
-83.445588 
30.003751 
-152.651399 
-118.716840 
-36.520787 
58.529503 
-45.744222 
13.906281 
76.892731 
-85.619785 
-167.196860 
68.051318 
-23.984615 
42.322771 
-5.078190 
7.577958 
-224.118745 
13.906318 
-188.985289 
-1.692944 
141.797857 
-50.484392 
-144.784684 
-194.482016 
-100.000279 
6.701896 
88.697995 
-63.548351 
-267.072325 
-100.000323 
-82.678513 
-279.708805 
-133.166427 
17.030877 
75.292456 
-58.069961 
-156.251091 
-115.634168 
-45.129726 
-9.309176 
-52.026681 
-100.000589 
142.942363 
-188.270490 
-100.000584 
-64.201208 
-100.000775 
-174.654251 
-117.858510 
-93.671875 
-97.088403 
-102.320976 
-101.061983 
-106.541468 
-100.311438 
-100.000000 
-100.541340 
-100.000000 
-102.917140 
-99.770639 
-101.543211 
-102.775893 
-93.118267 
-100.261453 
-99.617058 
-100.736583 
-100.630976 
-93.671875 
-100.386529 
-97.884522 
-100.000000 
-95.032198 
-99.275329 
-100.890192 
-95.049219 
-100.074148 
-98.995708 
-97.007121 
-97.933219 
-95.842397 
-101.959463 
-98.175229 
-100.105126 
-101.070193 
-102.681462 
-98.724489 
-101.960892 
-100.000000 
-99.841654 
-100.522705 
-100.584540 
-101.165050 
-98.996695 
-100.791821 
-96.649002 
-100.148449 
-101.374430 
-100.000000 
-98.063979 
-104.753336 
-96.847625 
-96.691720 
-99.604492 
-94.525777 
-100.436707 
-100.000000 
-101.969892 
-98.822791 
-89.156899 
-95.655135 
-98.342627 
-105.108713 
-99.647935 
-92.992720 
-105.923371 
-100.193265 
-96.224223 
-96.537191 
-99.407807 
-97.220481 
-99.064769 
-96.906928 
-95.444860 
-100.081873 
-98.579103 
-100.000000 
-98.287956 
-98.163004 
-98.358608 
-101.272746 
-103.799269 
-99.770639 
-102.018241 
-104.560486 
-95.272373 
-96.931533 
-100.000000 
-99.100869 
-97.106598 
-96.391561 
-100.000000 
-102.328944 
-100.664880 
-101.465502 
-99.999999 
-99.408460 
-98.425793 
-98.814715 
-101.676021 
-100.555181 
-99.881742 
-96.477699 
-98.872496 
-100.000000 
-99.041164 
-101.399338 
-100.756999 
-101.330679 
-102.379609 
-100.000000 
-100.051554 
-87.956530 
-96.384440 
-101.864799 
-99.818814 
-100.000000 
-97.906381 
-99.790041 
-98.654374 
-101.159205 
-101.197747 
-100.000000 
-100.031355 
-100.000000 
-100.215026 
-100.876778 
-99.492494 
-97.939281 
-97.969858 
-100.932157 
-96.046268 
-100.421668 
-100.624217 
-98.913245 
-95.816077 
-99.217035 
-106.201995 
-99.591678 
-101.481752 
-101.111605 
-100.000000 
-98.414802 
-95.374947 
-98.278379 
-96.411950 
-100.205250 
-96.897787 
-102.149369 
-93.297402 
-99.754888 
-103.853777 
-103.466382 
-99.637629 
-97.583219 
-101.590989 
-93.671875 
-95.003966 
-100.379116 
-97.606695 
-100.000000 
-95.801817 
-103.027831 
-99.294633 
-99.004392 
-97.769117 
-100.076988 
-103.162020 
-96.007981 
-100.406661 
-90.070769 
-96.292444 
-98.051310 
-100.283735 
-100.000000 
-96.835937 
-102.688360 
-100.051554 
-101.501357 
-98.964704 
-97.331802 
-99.902391 
-95.931512 
-103.670979 
-98.847677 
-100.574926 
-96.186342 
-102.720710 
-101.586803 
-101.978789 
-99.994084 
-100.123500 
-102.106215 
-98.803959 
-100.000000 
-99.644579 
-100.000000 
-99.521092 
-95.048788 
-98.074604 
-97.590323 
-98.421157 
-93.671875 
-99.471263 
-101.625014 
-105.886767 
-94.651170 
-98.168764 
-100.637191 
-99.281752 
-96.863420 
-100.169861 
-102.210537 
-96.926145 
-93.671875 
-94.087494 
-100.000000 
-102.890293 
-99.214850 
-101.983260 
-102.952452 
-98.943753 
-95.362967 
-96.770481 
-99.783847 
-100.295755 
-98.317431 
-99.399886 
-100.355875 
-101.812795 
-100.495691 
-101.523293 
-97.397600 
-99.870652 
-99.315992 
-100.115769 
-99.610595 
-96.277674 
-103.108112 
-101.926926 
-100.000000 
-100.000000 
-97.504023 
-99.160118 
-98.496778 
-100.245409 
-103.650044 
-100.079091 
-102.398738 
-97.509157 
-102.161242 
-100.372111 
-97.218198 
-101.409271 
-99.374672 
-98.854005 
-101.387386 
-100.000000 
-100.000000 
-100.000000 
-100.000000 
-100.051554 
-100.747843 
-100.661403 
-98.447478 
-101.083867 
-101.714220 
-96.390395 
-97.237065 
-96.459327 
-99.849671 
-99.813930 
-101.625934 
-101.265083 
-100.572353 
-97.774783 
-97.627537 
-99.366838 
-99.797310 
-94.700543 
-100.000000 
-98.724489 
-99.157065 
-96.362105 
-100.000000 
-101.195791 
-94.415049 
-100.000000 
-100.643350 
-99.942071 
-100.000000 
-100.000000 
-102.188512 
-99.081158 
-100.000000 
-98.617243 
-100.215026 
-101.480165 
-99.379935 
-96.652404 
-100.893620 
-100.229793 
-100.027516 
-99.930487 
-100.996974 
-98.571913 
-102.907544 
-100.794862 
-99.965124 
-99.951668 
-101.142929 
-97.795117 
-96.427814 
-97.891761 
-101.712197 
-96.505525 
-98.907766 
-95.210582 
-100.273798 
-100.555182 
-99.793673 
-100.302188 
-93.233107 
-98.064799 
-100.105126 
-99.926585 
-99.674148 
-100.000000 
-98.686403 
-97.104858 
-98.329190 
-101.367352 
-99.951668 
-99.970604 
-100.654618 
-104.208871 
-100.000000 
-100.000000 
-98.634504 
-98.628119 
-105.100317 
-93.250000 
-100.000000 
-97.766274 
-99.230582 
-97.274085 
-99.257668 
-99.770674 
-100.000000 
-100.655972 
-99.564094 
-100.037207 
-96.454899 
-96.170379 
-98.251751 
-98.685615 
-99.927824 
-98.957871 
-97.479662 
-100.000000 
-100.000000 
-100.000000 
-96.977718 
-98.960953 
-101.039087 
-102.605451 
-97.180485 
-101.577409 
-100.000000 
-98.078565 
-100.154449 
-98.184267 
-98.046279 
-98.892657 
-98.996694 
-100.408662 
-101.232236 
-100.000000 
-100.092443 
-98.815520 
-100.000000 
-100.000000 
-98.885353 
-98.779812 
-101.577408 
-100.000000 
-100.000000 
-101.234583 
-93.250000 
-99.891067 
-95.209568 
-100.318931 
-97.801898 
-100.000000 
-99.604492 
-100.000000 
-100.228037 
-98.950630 
-96.017939 
-96.387084 
-95.543747 
-100.966700 
-98.019093 
-106.328125 
-99.601828 
-99.938644 
-101.330679 
-99.127343 
-100.266766 
-93.197268 
-96.537203 
-101.044982 
-100.000000 
-100.510924 
-98.107899 
-100.000000 
-100.726529 
-99.954689 
-99.860404 
-102.784050 
-97.378499 
-103.573900 
-104.084219 
-99.763891 
-100.602696 
-97.763687 
-99.969989 
-101.278657 
-100.000000 
-101.818994 
-96.773388 
-100.225491 
-100.000000 
-99.379753 
-100.886219 
-99.602680 
-100.599572 
-100.944296 
-103.596073 
-100.000000 
-100.589323 
-98.919698 
-100.000000 
-98.165833 
-100.862440 
-100.000000 
-100.000000 
-100.818116 
-99.830277 
-99.884219 
-100.786007 
-97.056863 
-103.058654 
-100.000000 
-101.110450 
-100.000000 
-99.434972 
-100.305486 
-97.999289 
-99.821687 
-97.850275 
-97.816615 
-100.539597 
-101.143926 
-101.962768 
-99.521009 
-98.400117 
-97.126091 
-101.505166 
-98.752489 
-100.000000 
-100.241200 
-101.973338 
-101.376428 
-99.379935 
-100.941523 
-98.459659 
-100.000000 
-100.000000 
-100.631855 
-100.000000 
-99.526809 
-101.741177 
-98.976031 
-100.645041 
-98.083355 
-98.806800 
-100.000000 
-99.361979 
-100.801757 
-100.113376 
-101.387605 
-100.000000 
-100.414546 
-97.117445 
-100.028135 
-95.860318 
-100.068383 
-100.443616 
-101.916523 
-97.849612 
-100.790252 
-98.816403 
-100.936106 
-100.000000 
-99.901445 
-99.853127 
-100.000000 
-102.263478 
-100.000000 
-99.175469 
-100.602998 
