-1.780901 
12.313389 
23.053848 
5.669506 
12.654353 
-12.034209 
11.500387 
-8.944615 
-1.780993 
15.314762 
-0.943582 
11.587550 
-21.124181 
-9.336863 
-24.192907 
-12.742838 
-23.990437 
-42.135322 
-25.218630 
-56.155518 
-70.939351 
-72.093689 
-69.298321 
-58.404707 
-65.925458 
-62.442718 
-93.739055 
-52.860679 
-38.033745 
-42.147129 
-16.940098 
-17.632217 
-1.187245 
7.078159 
24.789210 
9.346453 
11.636523 
10.126773 
21.656142 
11.316299 
1.838673 
-26.027550 
-17.583868 
-25.958857 
-31.355407 
-12.106493 
-36.765512 
-1.847020 
-25.218841 
-20.034666 
-9.361524 
-54.630190 
-51.404036 
-47.923986 
-65.953910 
-78.525524 
-95.531275 
-99.618375 
-120.892060 
-128.716229 
-135.431758 
-111.335463 
-97.545268 
-98.952726 
-90.160577 
-99.737329 
-68.161193 
-80.370822 
-50.788170 
-42.748907 
-46.220411 
-35.465080 
-46.122234 
-25.758133 
-36.493493 
-20.516158 
-8.861243 
24.882389 
13.811567 
10.677078 
5.292321 
15.334855 
39.889393 
-17.666341 
-7.234280 
6.389114 
16.599881 
21.656469 
7.889788 
41.992832 
34.412470 
61.500310 
44.724703 
29.211729 
29.746205 
21.656377 
25.064605 
13.584520 
63.265637 
27.998286 
25.639734 
30.102131 
32.937925 
19.280290 
-1.781322 
-22.263281 
-29.769073 
-21.607468 
-11.623331 
-10.583870 
-1.781199 
3.447966 
-3.228433 
4.788159 
-5.922097 
-9.130326 
-25.219398 
-12.701616 
-17.262118 
-10.614255 
0.157869 
-4.439976 
-1.781560 
-17.638590 
-25.219052 
-25.271855 
-39.783331 
-41.208949 
-41.740061 
-41.113805 
-33.121937 
-52.303117 
-46.480988 
-31.470212 
-26.304782 
-39.661346 
-64.779929 
-52.536916 
-59.628660 
-42.381999 
-43.016812 
-24.486535 
-6.722490 
-23.562337 
-21.209220 
-33.890672 
-27.093321 
-55.598788 
-41.795459 
-50.672129 
-26.913076 
-27.501837 
-9.657361 
-8.666913 
-18.376128 
8.668687 
-25.218786 
-6.922297 
-16.390192 
-34.206339 
-25.218774 
-22.343520 
-5.793883 
5.392822 
15.403863 
30.641290 
15.600326 
-1.340729 
3.307463 
-7.213270 
-11.045125 
-13.489980 
-13.959668 
-2.836478 
-25.218594 
-7.640541 
10.026908 
2.615161 
3.401974 
-8.400788 
-23.414337 
-22.467520 
-39.442927 
-27.505488 
-27.012239 
-54.458102 
-59.793418 
-83.577574 
-82.886357 
-83.647699 
-84.348667 
-64.277952 
-72.558672 
-58.074816 
-48.656360 
-57.665733 
-48.656362 
-48.575587 
-53.123414 
-40.175647 
-36.838783 
-50.539219 
-48.656423 
-33.171548 
-41.498453 
-22.659453 
-3.878691 
19.572408 
17.882034 
6.102776 
0.061215 
-29.315517 
-38.218897 
-55.736982 
-48.656411 
-53.696757 
-62.719152 
-56.493913 
-46.128483 
-65.119499 
-88.836255 
-78.043355 
-65.008376 
-37.053859 
-26.456421 
-48.013098 
-54.487711 
-63.021548 
-83.442027 
-67.294702 
-65.370732 
-42.310730 
-41.508276 
-41.351718 
-22.987323 
-37.491651 
-38.041920 
-29.699343 
-15.241592 
-10.081319 
-1.780969 
-1.780993 
-6.831972 
-6.892194 
-14.676769 
6.647195 
-1.288640 
42.297754 
7.780178 
24.203020 
13.468185 
3.587435 
1.007886 
-12.396287 
-6.062795 
-4.421817 
10.132740 
-1.780977 
21.656615 
-13.499780 
-1.781014 
-34.051302 
-20.966916 
-16.123944 
-2.054980 
-4.936849 
-14.314754 
-8.265468 
-17.802810 
-27.614807 
-40.075666 
-16.778597 
-15.756689 
-14.989195 
-19.539837 
-20.693822 
-32.591273 
-33.636128 
-39.977970 
-23.538281 
-25.218942 
-13.363690 
-17.666418 
-16.319159 
-25.219034 
-13.628234 
-7.379262 
-1.781562 
29.020399 
29.270803 
45.093394 
48.999831 
25.562757 
20.707929 
10.669505 
14.123249 
-1.834341 
-13.932409 
-11.040323 
-15.801684 
-19.526845 
-39.207148 
-9.027354 
-39.057666 
-33.230760 
-33.365189 
-7.787502 
-3.238567 
-19.340268 
-29.389309 
-29.660912 
-16.830116 
-28.927277 
-21.897286 
-34.879076 
-20.907818 
-33.108984 
-22.988842 
-41.970341 
-56.391544 
-66.031490 
-67.149760 
-62.578339 
-34.282045 
-42.921526 
-27.790224 
-14.305581 
-1.781161 
37.126391 
27.685229 
38.811040 
46.002550 
52.642322 
48.973084 
51.741549 
28.417578 
9.937685 
21.656383 
23.745236 
-1.945742 
-15.370840 
-13.500148 
-25.218594 
-14.172858 
-0.583610 
-5.592998 
3.239406 
0.795536 
-1.781189 
4.251794 
-18.157603 
-24.141826 
-14.842881 
-11.957057 
-21.385004 
-4.426497 
-17.343993 
2.453107 
-12.118916 
-1.781253 
-1.049311 
-11.302936 
0.006736 
2.965300 
-3.899495 
9.257734 
17.137827 
24.925501 
21.655988 
29.478412 
29.721128 
14.876164 
23.203659 
10.947343 
1.337009 
-8.446736 
13.149680 
-1.781326 
1.291869 
-19.815469 
-36.937594 
-48.656361 
-50.974526 
-44.253836 
-50.856335 
-48.656156 
-25.219187 
-39.108827 
-76.000213 
-40.801587 
-51.313713 
-30.800805 
-41.278354 
-48.656277 
-61.107475 
-48.656151 
-39.280563 
-41.525336 
-34.296064 
-47.248403 
-40.817577 
-41.228811 
-35.523501 
-25.218642 
-51.123241 
-53.221444 
-49.122396 
-29.828267 
-28.892676 
-40.694097 
-39.478774 
-48.679860 
-50.075792 
-54.413999 
-56.468897 
-48.656231 
-46.103580 
-52.566008 
-51.076747 
-36.425719 
-43.910437 
-36.721413 
-44.682583 
-33.583240 
-44.031990 
-40.562305 
-32.306540 
-6.529447 
9.937519 
-1.988460 
-1.402437 
-21.448551 
5.588827 
-20.061972 
-34.331312 
-26.173410 
-36.509174 
-37.182832 
-27.045107 
-48.656270 
-35.172478 
-40.557076 
-48.656356 
-27.221941 
-20.528160 
-13.500067 
-13.500056 
-10.643361 
-18.551909 
-12.770741 
-28.825490 
-5.249931 
-21.212956 
-25.218803 
-19.298329 
-25.218911 
-31.751276 
-47.901007 
-37.798451 
-25.627595 
-42.864391 
-21.210551 
-35.876497 
-19.825132 
-14.249872 
-21.331685 
-27.866046 
-19.172433 
-3.218564 
-15.259954 
-25.218703 
-35.380732 
-42.055721 
-61.690789 
-57.914769 
-70.349711 
-71.281479 
-83.812557 
-107.250064 
-99.913058 
-118.968799 
-113.787681 
-88.236878 
-102.195917 
-82.989604 
-84.741864 
-77.992618 
-48.656310 
-22.905497 
-27.509111 
-16.799710 
-38.950024 
-39.134633 
-17.759837 
-4.221553 
15.849905 
20.932907 
32.194186 
10.250413 
14.180324 
-13.478547 
25.562006 
10.015135 
21.940177 
-13.500134 
-32.792290 
-29.377145 
-48.656170 
-35.193244 
-60.375012 
-38.501602 
-28.823035 
-25.217542 
-317.959944 
153.512054 
150.758220 
148.958329 
23.533669 
36.502015 
225.427390 
21.657664 
-214.791430 
313.231584 
-260.845804 
238.874232 
-62.801776 
278.679017 
143.329153 
-42.535663 
87.581065 
-1.781325 
67.039789 
-49.195193 
-1.781961 
-49.473769 
113.546897 
96.905448 
-81.022646 
-376.534114 
66.567241 
-105.398337 
45.571451 
-7.278736 
13.952626 
-45.741523 
-11.667273 
-59.676701 
363.537791 
-144.362634 
142.858792 
-25.218681 
44.885643 
-84.838555 
-62.668906 
-113.987965 
53.227518 
490.669220 
33.444552 
-68.237425 
25.094832 
45.096291 
-25.083812 
138.624905 
7.313033 
101.375257 
-25.949178 
51.288877 
-60.834321 
-48.651498 
-74.288711 
-101.140712 
-168.619673 
8.248360 
6.497540 
108.665779 
109.699587 
232.196161 
44.573175 
289.689868 
-183.930747 
-21.656582 
125.821136 
138.736185 
128.280328 
131.834122 
119.764125 
45.445722 
131.599832 
720.344449 
35.253616 
-4.075981 
-75.972313 
423.259184 
202.063989 
199.067419 
19.058132 
438.646729 
95.932019 
121.400301 
572.440495 
-21.408232 
350.626544 
-33.288343 
374.002160 
278.576815 
-70.624308 
321.799756 
420.095770 
-84.822925 
15.015406 
81.107187 
300.194265 
-144.105888 
-52.932876 
72.655515 
116.234762 
326.346171 
195.697586 
-262.713351 
252.931959 
58.067781 
76.243762 
244.311036 
297.330977 
16.627997 
-190.801215 
-173.963653 
182.732829 
138.844429 
57.518193 
-353.632248 
-212.540932 
255.533212 
45.923931 
174.000039 
-352.582518 
326.343636 
-319.810058 
76.241488 
-214.056374 
231.752477 
-10.243643 
-172.365814 
-224.742685 
-281.314440 
104.170287 
-31.348099 
-178.352066 
-259.846867 
-168.185085 
-22.423918 
-345.567595 
27.971732 
-69.896568 
114.199639 
-70.784142 
37.965831 
-603.100617 
-667.376986 
-318.042871 
-194.035962 
61.979624 
-217.102228 
130.939316 
206.190485 
-77.288288 
65.239547 
-110.721487 
138.844360 
-102.651173 
-57.235840 
-443.586628 
349.778218 
-185.655236 
-30.771824 
53.760798 
-214.369522 
242.205385 
17.524232 
-540.821534 
34.366281 
-104.880465 
-201.296239 
449.758157 
-264.528557 
324.049857 
-36.942095 
103.682873 
329.385479 
-811.006592 
-202.646348 
-219.616220 
99.339513 
19.735264 
55.020969 
14.401181 
161.053130 
-105.429084 
-468.355324 
130.235579 
-116.864061 
20.988881 
65.654401 
79.591923 
-112.278509 
-74.242900 
-25.220781 
156.401212 
490.402094 
-476.816640 
-77.044958 
-102.743756 
40.829410 
-94.330865 
162.278403 
250.606972 
-375.803356 
-97.729582 
37.662278 
-93.334618 
-37.137741 
-238.208107 
-311.017690 
-408.406325 
11.350978 
-78.396064 
209.154278 
65.498222 
1.344422 
-180.541938 
299.158960 
8.245705 
77.487609 
-168.742510 
6.085480 
-157.933571 
-24.166954 
-305.255745 
-36.791699 
-16.892330 
-328.732008 
66.189388 
8.428852 
87.758492 
-250.099724 
-67.028090 
34.422117 
-201.993173 
-80.213601 
371.126747 
-45.350117 
72.983258 
-95.531967 
91.968086 
-87.578855 
-495.921335 
71.755374 
-49.582127 
-241.235228 
381.832507 
-323.056935 
249.116824 
-42.777427 
10.110457 
63.681186 
316.727232 
-439.943216 
21.693337 
-323.396055 
21.653870 
314.624207 
21.654661 
338.061119 
634.829906 
-388.591519 
177.155900 
-97.418101 
109.188141 
-191.758082 
-128.047788 
-38.273525 
425.999111 
-458.073326 
56.264290 
117.389348 
-321.987140 
-290.807720 
-290.251786 
-99.360853 
-11.957594 
-301.351001 
-24.573770 
68.530825 
-231.862391 
-43.573785 
70.424237 
45.093853 
109.183068 
-430.345206 
408.374985 
24.527770 
-153.876991 
326.342770 
461.500095 
-183.773994 
80.702097 
-519.604114 
-250.524249 
-226.059315 
-101.785859 
-86.770874 
150.839343 
-202.952526 
-23.403042 
199.081408 
288.563750 
-49.326336 
-14.679601 
231.426903 
-252.028115 
141.369303 
433.377981 
166.999212 
62.533416 
-106.841102 
-359.472781 
-192.075480 
-138.689708 
151.020333 
-66.306079 
-57.762006 
-132.387631 
-343.888645 
80.840500 
127.038633 
8.820355 
175.833920 
-133.736241 
-104.835247 
349.783639 
3.856878 
243.832864 
43.664952 
183.115888 
-328.341720 
116.889389 
-311.721855 
-116.462209 
21.657492 
361.502892 
134.036463 
-297.574011 
25.773028 
-188.496931 
21.657291 
-9.742435 
-94.991769 
-213.140745 
-415.844713 
-75.017981 
361.500376 
128.780125 
-249.256840 
93.223753 
-169.845925 
-200.326548 
-1.346016 
-196.851196 
-112.898155 
-99.253854 
-147.459343 
408.376201 
-243.479753 
56.080541 
-58.053484 
-55.316378 
-169.571697 
101.619587 
-221.834950 
184.116900 
314.624626 
165.877739 
-106.388120 
2.574658 
-59.949324 
-100.611711 
-252.395351 
-242.825938 
64.643578 
80.250593 
22.433495 
-18.829369 
-25.218466 
127.125676 
-66.381167 
-76.111867 
-204.951178 
-48.657923 
244.308508 
216.825507 
-226.000430 
-41.555352 
59.912359 
7.785778 
59.034056 
-1.783609 
-12.770675 
150.559913 
24.640325 
82.009315 
181.744989 
132.332926 
-156.118530 
15.861084 
15.012463 
209.152118 
101.023289 
44.593031 
8.066675 
-81.389659 
76.247224 
-291.974185 
212.416666 
0.915342 
238.590191 
-308.791583 
108.323366 
115.405887 
-171.472113 
825.122546 
108.745052 
262.481187 
-525.405401 
-40.228493 
-41.085604 
-136.491655 
-26.893389 
-141.908523 
-247.379902 
237.983271 
9.938640 
-188.988705 
-121.193302 
-158.588469 
-150.691181 
-25.944681 
-81.560149 
279.996795 
172.141186 
244.805458 
64.657924 
-13.496357 
70.124345 
-260.021988 
-36.933918 
-389.265111 
-361.914373 
-36.934253 
-60.372184 
-297.890368 
-248.963581 
51.572004 
-188.528886 
67.755081 
-308.176337 
-48.653438 
-196.001566 
-1.779638 
-12.660005 
-68.494908 
39.835020 
15.087455 
-720.526691 
52.526215 
-389.526298 
-165.742057 
-80.081363 
-194.794621 
-212.273103 
63.159696 
-470.808420 
-150.908467 
33.374985 
2.256251 
58.220993 
-505.222431 
-145.365539 
-29.969278 
261.206070 
33.374359 
21.655310 
-117.842215 
174.000262 
-186.476982 
-114.062316 
-218.882212 
-177.169977 
96.888443 
80.948274 
-1.781389 
46.223297 
-131.284681 
-288.278887 
-335.903613 
-200.267352 
-94.121741 
55.661555 
18.265161 
166.270337 
-135.380605 
-24.934519 
-147.155120 
-236.028521 
-196.241105 
-124.085052 
69.149490 
-1.778636 
8.219586 
75.124854 
9.937877 
-2.614334 
-200.997699 
-336.058065 
-19.128839 
162.281968 
-126.072649 
61.104196 
406.126552 
494.437248 
-558.795229 
-163.499483 
119.059965 
138.844556 
-490.199654 
300.415568 
-175.972480 
80.090137 
117.745984 
361.283084 
497.063963 
32.691022 
126.036840 
267.751062 
72.991869 
-153.299582 
572.439159 
177.659593 
145.786065 
-44.023371 
72.438612 
-632.380324 
-60.933487 
217.682306 
-130.764649 
152.453304 
-70.736908 
357.629350 
314.345725 
25.224948 
363.254742 
439.666506 
91.493023 
256.033913 
451.622375 
-19.303772 
-309.153573 
8.322045 
90.823353 
623.770388 
90.565470 
-238.609395 
58.939425 
302.908841 
-91.594260 
619.387254 
272.969597 
424.162005 
173.269556 
205.872962 
89.347132 
1181.813503 
-12.210779 
109.763729 
78.920106 
-93.370901 
43.597479 
-141.751504 
246.195376 
264.664001 
-223.888639 
349.743783 
-45.266972 
313.389438 
259.684134 
325.674628 
86.772429 
-29.281091 
-7.613231 
266.932676 
190.509945 
972.972379 
-159.896799 
215.942097 
19.760819 
265.584269 
433.310044 
93.747821 
-53.849026 
209.059418 
320.959582 
-121.039456 
595.872258 
-133.491664 
371.307754 
213.160091 
323.999365 
194.503803 
-111.079028 
107.357236 
420.091403 
-156.033588 
154.053552 
173.327573 
211.741898 
-199.298662 
-207.652498 
273.673936 
-366.096218 
279.467562 
148.560281 
-606.016113 
453.115003 
-58.290683 
319.329571 
103.687921 
301.366180 
-194.271078 
-93.008426 
-516.695861 
126.433143 
162.281426 
191.074599 
-439.787029 
-317.368142 
249.286660 
120.963808 
150.563894 
-547.625037 
326.346258 
-354.670273 
-13.754393 
108.323658 
173.494198 
-253.690957 
282.278368 
-418.066009 
-186.231942 
10.460309 
21.394728 
-167.500263 
-407.062022 
-312.101911 
-302.400038 
-266.508327 
34.717348 
-39.133602 
-68.921047 
-619.788365 
58.848608 
-684.315376 
-558.945357 
-281.757141 
-95.276708 
-250.865319 
-130.482038 
20.034222 
415.921289 
-164.891862 
60.280215 
-276.936219 
138.844362 
-204.761227 
-21.097583 
-398.643924 
256.029562 
-189.829532 
-332.120645 
132.830284 
-67.059289 
-55.993383 
166.368240 
-561.155978 
159.322290 
-244.446756 
-295.454827 
422.938088 
-105.305971 
-152.749545 
-48.654958 
91.973294 
313.417826 
-358.636748 
24.622121 
-417.354597 
-130.813535 
626.168931 
-224.689885 
-43.210857 
-71.125388 
-8.983357 
-362.136190 
133.897492 
148.912267 
-120.103085 
305.884195 
156.427043 
-38.883594 
50.366374 
466.971516 
216.285431 
525.565485 
-643.177768 
-161.606159 
71.407912 
-3.634327 
55.302386 
338.063743 
-156.531518 
-573.156487 
100.113673 
-649.072858 
64.556103 
260.472554 
-234.182377 
-245.789686 
-332.180992 
-170.806626 
6.954816 
408.377050 
-110.209617 
-48.654147 
-244.417729 
182.638595 
105.846226 
281.203225 
-186.488839 
197.726633 
-135.990350 
-116.939369 
-118.887591 
-187.705209 
-23.914131 
-430.451477 
77.569966 
190.908129 
-40.074899 
-124.676435 
-29.933001 
67.853813 
-35.026524 
-173.509662 
125.555847 
-188.847027 
-68.439493 
138.843873 
666.188150 
-433.948838 
-178.329124 
-293.722607 
-148.399847 
-238.458690 
47.824011 
-778.626595 
75.637119 
-118.944182 
29.283696 
-141.245692 
366.394920 
-328.587683 
-57.763577 
-156.146197 
314.624345 
-25.221240 
338.060997 
91.968987 
226.359785 
-207.785371 
396.759336 
-83.400287 
370.371002 
-382.570019 
-307.980554 
16.471944 
376.897757 
-385.016977 
-36.589106 
114.646525 
-120.273512 
-554.251663 
-45.663075 
-313.347146 
157.209265 
-300.632694 
102.020867 
173.997400 
-10.340160 
-211.931528 
-273.134666 
244.310652 
-239.125938 
-320.145882 
-48.658695 
241.584217 
-215.072173 
572.435475 
-63.502236 
-115.273996 
-197.486651 
-475.659599 
-142.629193 
-14.830233 
-31.127361 
-257.497078 
379.738113 
-119.903736 
-104.609161 
241.068474 
353.420317 
-263.004639 
187.195620 
173.389563 
-164.688732 
194.271004 
171.779196 
31.322571 
148.744674 
-54.177322 
-220.240882 
-193.257789 
-22.865802 
141.824470 
-244.043474 
-270.690873 
-222.735993 
-343.406926 
373.010655 
-181.027629 
43.462127 
64.343064 
-282.458135 
316.878535 
736.500516 
-797.074376 
281.901234 
18.227196 
-62.744344 
-332.122935 
323.181225 
-338.085488 
-160.628685 
338.062149 
162.281263 
261.443788 
-112.032631 
101.432703 
-388.500636 
291.188563 
-233.309478 
-108.603197 
64.334883 
-400.000939 
-171.908674 
173.999807 
152.102999 
68.121927 
-145.058805 
-381.431450 
50.049246 
232.467548 
-108.128983 
-76.654776 
-35.265082 
-226.239035 
-25.219702 
-193.676752 
-383.374213 
-110.874512 
-409.645789 
-300.227940 
168.003941 
-320.663266 
290.443744 
-1.782561 
-53.049194 
-429.646049 
36.709476 
96.732488 
-22.114456 
-488.719876 
-31.106155 
204.120273 
-25.219854 
-35.599459 
45.845955 
150.562769 
150.563444 
-94.443356 
-103.739868 
-163.461931 
314.624160 
103.686938 
-8.726514 
-126.001310 
-272.622404 
291.599769 
269.759894 
33.614056 
150.564869 
-488.110029 
-1.780117 
-44.349325 
110.412842 
150.401558 
259.751377 
-220.111275 
-75.610678 
198.635173 
162.282169 
310.208146 
-342.932708 
-33.293489 
-478.265967 
-28.184380 
-306.230585 
-149.287418 
-148.551998 
256.627942 
-65.275513 
235.261176 
150.564004 
-194.069036 
286.915256 
-68.865302 
200.668615 
-367.598580 
-155.507765 
-27.698389 
-218.118273 
2.448343 
-51.901307 
-146.138977 
-69.595717 
-13.499549 
-422.831447 
-1.929884 
-197.735348 
-387.537873 
264.596793 
-284.028078 
45.799454 
54.407010 
90.341078 
-182.749658 
-36.936540 
-268.992449 
-416.446581 
-25.216811 
-266.416146 
-547.441555 
-25.218246 
-13.499586 
-239.065227 
-183.069550 
-325.148844 
-115.977069 
-50.676777 
-411.373887 
-36.936247 
-256.634298 
-48.655422 
-227.668742 
-206.042131 
-183.488459 
14.947924 
-507.121242 
61.026013 
-459.173488 
-139.836536 
-88.099007 
-131.170832 
-233.077638 
-57.779452 
-280.719071 
-18.379078 
-48.655501 
-4.746003 
129.658343 
-393.546848 
-280.932991 
7.534023 
241.824001 
-48.653985 
127.126518 
-174.447940 
-25.217911 
206.932105 
-235.922025 
-198.202917 
-201.105128 
-116.427317 
17.824538 
56.813138 
-78.695307 
-113.316825 
-157.782738 
-276.348628 
-196.605982 
-156.494009 
-106.497861 
-76.647336 
-282.732473 
-275.240911 
-3.933986 
-184.532960 
-251.653756 
-61.846972 
-34.678716 
-69.878587 
56.812901 
-145.070309 
19.879530 
-201.000189 
-32.296381 
-200.999906 
-270.161053 
-61.003904 
490.404456 
-37.580958 
-345.744935 
480.362538 
-157.638893 
-390.174172 
73.999764 
38.441959 
349.782215 
-213.455407 
181.859377 
-42.057421 
356.369242 
118.038574 
561.429013 
146.497913 
-193.051621 
28.033281 
174.001367 
180.219362 
171.014477 
256.030304 
220.520179 
466.253945 
-208.870060 
38.418238 
-234.087190 
403.020228 
277.737266 
101.164336 
353.654440 
109.840103 
140.545834 
51.882512 
278.170499 
97.912102 
111.547213 
-214.301573 
396.655580 
267.837852 
48.087305 
122.709187 
308.444371 
-17.414455 
637.010017 
306.923950 
484.463703 
-299.053759 
478.687711 
33.941288 
438.199642 
-271.965197 
375.953404 
-99.193058 
384.168058 
-124.211433 
408.374607 
-31.908589 
-223.310598 
-9.420230 
270.549899 
91.277656 
21.316250 
-113.557615 
211.845907 
-170.686731 
350.442692 
-40.851392 
-334.238197 
428.873210 
-55.518188 
31.553717 
238.492103 
-81.215397 
-61.481273 
278.489835 
1239.330108 
213.625779 
-0.225111 
-50.648540 
227.207802 
301.439997 
-168.969671 
-129.118962 
-106.958457 
-86.743352 
-163.760996 
291.189866 
-73.742997 
455.420651 
247.824812 
136.502335 
195.486051 
-40.181185 
-380.513029 
361.503038 
-216.497123 
160.680502 
204.180776 
86.220584 
192.876033 
-78.725818 
-17.004260 
-340.134794 
490.410917 
344.557386 
-480.412606 
-300.482501 
275.052843 
-169.792332 
209.157314 
284.798798 
-69.487471 
261.734930 
-326.736575 
-202.354033 
279.470675 
174.677458 
-224.664426 
7.419376 
426.429261 
95.052259 
21.652493 
58.604334 
783.375053 
96.321880 
38.011597 
-226.256345 
507.529022 
-411.107034 
155.732084 
33.672732 
150.087793 
27.651985 
-156.398400 
-89.233761 
14.391680 
-529.478489 
-196.842010 
60.019832 
-59.779789 
79.516880 
10.042776 
-210.096313 
206.399981 
-141.653144 
-140.831471 
-253.310649 
-152.936716 
307.048619 
185.783341 
385.954841 
56.302540 
-206.835619 
76.664701 
36.087340 
525.559479 
158.071268 
-175.760824 
-280.160298 
502.127456 
-30.604540 
-133.328540 
246.938811 
-31.180641 
-7.600872 
2.396108 
-258.774431 
126.525811 
-193.861311 
-369.110728 
110.158516 
-157.012383 
-578.364223 
-25.219970 
273.610105 
104.541358 
297.301797 
-259.844435 
-241.933269 
129.681500 
-36.909809 
-530.576125 
93.036446 
-135.341036 
-307.006073 
-182.732944 
112.103427 
24.654327 
-24.085722 
477.236584 
-113.377964 
-133.953647 
-140.217930 
279.470742 
21.432524 
525.562901 
-481.244287 
-23.272967 
-265.288901 
-81.938726 
-161.318504 
373.218644 
40.618036 
-1147.300252 
-546.529400 
512.868126 
-0.259892 
365.175302 
-315.553446 
56.687603 
140.115937 
-19.316428 
-299.077507 
338.062644 
-73.090652 
-258.812374 
-208.918658 
194.711687 
-303.669532 
-159.962265 
-84.355533 
371.734842 
-108.019867 
-290.229256 
-36.369394 
-80.852927 
-38.711289 
-229.952056 
66.647425 
146.703564 
157.990051 
26.465910 
60.594776 
-198.554247 
231.082570 
-429.251372 
49.329997 
-239.217228 
-176.874649 
138.843320 
689.623139 
-530.559905 
-209.729500 
-88.775073 
160.469684 
-74.609500 
298.389016 
-712.427493 
135.017591 
-133.163219 
63.122434 
-318.385950 
350.036069 
-48.170691 
51.623223 
0.616085 
314.624733 
-72.094883 
314.622693 
162.279793 
-302.703073 
-198.044798 
257.696405 
-104.748568 
155.501481 
-97.325210 
-414.416670 
35.283290 
538.362880 
-135.169753 
-184.624703 
-79.981524 
98.553300 
-249.520994 
98.589919 
-358.506506 
-6.615440 
-137.087384 
-49.943748 
127.125161 
-263.452759 
-309.044531 
-19.987504 
220.875918 
-1.823886 
-213.238784 
-48.656249 
13.193446 
47.275058 
572.438625 
-63.501313 
-168.805116 
-177.952461 
-415.600920 
86.489781 
-56.022156 
54.767927 
-56.809640 
144.104170 
-134.802084 
-151.108748 
-236.235390 
30.019260 
-364.784339 
-115.681409 
146.542008 
-278.269917 
-293.439286 
-293.156960 
-72.851053 
-140.834665 
-7.714210 
-20.106103 
-117.306031 
25.157303 
-198.138119 
115.578550 
-99.056817 
-498.534661 
-568.671446 
133.411914 
-217.299219 
-227.029399 
114.381682 
-59.399102 
67.751296 
806.811982 
94.164277 
-41.148877 
106.949278 
20.889438 
210.751035 
59.525500 
-217.526205 
-257.363064 
220.872956 
138.844724 
50.706727 
-187.924305 
-405.096690 
-288.501224 
291.186195 
-335.235531 
-71.710326 
-26.869454 
79.769996 
-212.783523 
197.437245 
-148.456023 
-7.056982 
-116.947880 
-264.578650 
104.879650 
-120.618228 
-54.135490 
53.629648 
252.541192 
-30.411790 
-48.655085 
-151.925444 
-351.145405 
9.188026 
-204.786172 
-256.569425 
260.597658 
-138.032065 
119.957532 
-1.781353 
-66.602041 
-469.968246 
22.982585 
-68.970091 
-189.701938 
-294.704050 
-116.174263 
176.939438 
-36.934582 
-34.953572 
-111.976562 
115.404756 
127.124397 
-91.759595 
-76.270321 
-363.634681 
291.185977 
103.688182 
104.528085 
-226.001977 
-309.320267 
83.515297 
54.140943 
-58.520150 
103.685672 
33.369971 
-95.533861 
72.877617 
1.079539 
1.756149 
233.105499 
-167.442413 
-394.698963 
12.058900 
56.810653 
-147.638637 
166.246823 
-49.953159 
-478.937566 
-362.327231 
17.753573 
-204.392415 
-139.353087 
16.477079 
-6.243140 
165.205136 
103.686011 
-426.128065 
-80.856644 
-158.226694 
19.309927 
-259.143114 
69.733454 
-430.311627 
-439.061119 
-75.069023 
77.009019 
142.082207 
110.708118 
9.936855 
-230.499913 
78.418027 
-28.633474 
-719.277894 
133.053894 
-316.806937 
-238.443173 
17.045058 
75.332310 
-344.242646 
21.656925 
-345.125779 
-244.479290 
9.937955 
-454.582131 
-477.919142 
21.656557 
33.374918 
-264.714811 
-227.347178 
-165.956126 
-49.433693 
-153.223606 
-291.423464 
-72.093040 
-108.677850 
-48.655305 
-166.716974 
74.388373 
-120.995115 
-244.952208 
-244.126760 
-127.388477 
-197.199198 
-142.151649 
103.055269 
-129.347122 
-11.676400 
-293.415106 
-86.440277 
32.391128 
-48.655165 
-177.885173 
106.265373 
-313.960170 
-197.434178 
240.542088 
51.884996 
-1.781315 
174.000621 
-46.302340 
-13.499690 
-111.164878 
-296.297331 
-193.923256 
-159.999883 
-294.649448 
194.433619 
-25.219846 
0.773416 
82.292737 
-122.999302 
-381.769834 
-190.013735 
-203.560578 
10.616361 
-323.422658 
-90.384349 
51.588359 
93.523011 
-160.689267 
-324.477168 
29.198174 
-119.416070 
-80.147417 
-13.498902 
-51.359739 
-240.954150 
-201.001299 
-81.806010 
-201.000409 
-325.769259 
-405.152999 
455.247489 
-45.886248 
-199.383814 
376.637751 
-164.503625 
-487.300374 
-150.998327 
134.949046 
619.313687 
-92.192623 
129.577005 
-194.340955 
77.644196 
129.025183 
465.890497 
142.154754 
-370.395036 
133.708035 
68.533908 
-13.433158 
395.195246 
326.342426 
183.996530 
296.126637 
-403.100341 
-89.686598 
431.027375 
456.759885 
210.968234 
-372.022713 
34.035781 
102.879999 
219.629769 
418.206810 
-429.913439 
143.138974 
-70.505296 
-114.164627 
713.061147 
558.342331 
-233.327964 
-218.254701 
54.674209 
353.445591 
921.423490 
197.695418 
-408.977187 
-73.451564 
162.281489 
320.803967 
113.554631 
-82.761009 
73.077055 
-218.578136 
-166.280930 
256.116439 
279.469915 
304.929218 
-132.619242 
252.004714 
-396.648287 
-23.070385 
-208.558078 
142.041755 
337.355585 
126.338345 
56.536946 
-95.728043 
397.660731 
528.375100 
140.859224 
108.756115 
25.159106 
-110.126196 
-219.031357 
331.360621 
291.921697 
-138.309469 
-146.040501 
235.161150 
398.291335 
124.963237 
-312.083527 
-49.326158 
-109.337102 
410.181186 
-27.362258 
185.725015 
187.354683 
1.158767 
-287.272346 
524.007770 
62.116282 
-59.669120 
-45.731520 
291.193988 
-46.035584 
209.646191 
-58.801717 
101.529047 
-568.374025 
-192.215148 
69.028315 
-69.879813 
759.936398 
99.950181 
-506.563363 
-65.879231 
-92.921125 
-257.989458 
115.411865 
-61.970775 
-220.278075 
-74.112199 
-246.861983 
2.874252 
549.004490 
-12.809422 
-552.052894 
-352.182584 
-94.235725 
88.257917 
302.911851 
199.358667 
-25.211505 
-53.878718 
-34.360166 
-129.233503 
395.336924 
-430.278318 
-29.629016 
-133.243793 
-166.443002 
207.424300 
-101.890155 
-191.826154 
-334.978623 
-147.329164 
-62.665835 
-140.422840 
-22.218030 
-583.321118 
-95.064636 
-244.316349 
307.260389 
-418.765052 
-515.391166 
-114.701603 
-412.348405 
468.142347 
134.740131 
-138.474900 
44.712262 
-201.067388 
68.307105 
68.520415 
-25.210881 
-8.673828 
-136.671378 
23.415794 
502.128631 
-226.985395 
-489.083390 
17.543194 
359.039976 
145.401587 
447.903536 
-484.311444 
-197.812400 
108.832554 
-175.693955 
113.630926 
-43.245065 
-606.558813 
185.724803 
367.367841 
440.104248 
-210.298003 
-192.422787 
-260.469422 
57.007500 
-31.154617 
88.183224 
0.193127 
142.291692 
238.157214 
64.797464 
330.078840 
-69.267532 
-104.132410 
-54.934045 
40.391990 
385.541289 
-34.331193 
525.564628 
219.166495 
291.189860 
-469.197119 
-207.661928 
-195.316323 
-269.103544 
-54.647907 
302.908322 
152.630202 
-116.550346 
-238.062563 
46.219409 
-160.681824 
150.239345 
-183.295336 
138.784103 
111.783647 
-696.942827 
101.110930 
220.876776 
224.525178 
314.625410 
-481.013899 
-353.834150 
107.256530 
-14.741559 
260.121301 
-149.653047 
-142.475801 
-312.245109 
-106.289853 
-6.042087 
3.620481 
-51.620483 
-100.806509 
240.911254 
-6.783582 
-145.815182 
-130.906735 
-137.797628 
-222.088957 
26.387951 
-5.862299 
-233.597711 
-163.229599 
666.188933 
302.909236 
-359.800657 
-213.803784 
-82.250523 
11.050649 
362.657686 
-74.832419 
-472.987815 
-145.217214 
157.568044 
-109.829227 
-177.958578 
355.647164 
-24.891062 
-104.085522 
-228.677589 
-60.373012 
-48.654221 
138.846260 
455.253621 
13.034751 
-167.586862 
305.462073 
-179.997118 
180.740773 
116.296475 
-238.635982 
96.223889 
312.197984 
-353.482627 
-104.896932 
239.865034 
-63.043181 
-262.420340 
-154.113616 
-201.451940 
-117.239801 
-137.354197 
-37.398442 
-48.658050 
-208.000632 
-187.708004 
-142.405107 
-1.781166 
-18.663670 
-1042.005610 
162.276399 
664.060063 
146.724830 
326.341519 
223.987079 
-422.470614 
-128.598926 
-433.916395 
-36.318264 
28.145955 
200.854385 
3.874403 
-2.067818 
-258.617367 
221.744044 
-175.135269 
93.965666 
18.229566 
-195.579133 
49.881400 
-50.046528 
-153.026095 
207.719825 
220.271314 
-137.868321 
-253.462071 
-36.559772 
53.585124 
147.548442 
309.304634 
-218.915597 
-151.441598 
123.025873 
-367.463462 
120.476907 
-59.790582 
-91.406029 
18.209615 
192.060791 
451.921228 
338.063195 
-81.614283 
-187.055889 
-11.151046 
102.507195 
55.376744 
384.598719 
-123.206361 
-85.961655 
185.718684 
197.440507 
63.164810 
14.012913 
-78.127272 
161.504637 
150.565424 
227.419240 
-252.139092 
-16.458910 
-81.396591 
-171.285209 
-25.214786 
78.362850 
-305.811611 
61.917215 
291.310322 
115.187009 
91.995644 
-66.516021 
-352.304603 
205.612599 
-52.024984 
314.628868 
557.060063 
-436.836177 
170.785431 
10.922643 
-78.643668 
104.260844 
-343.686341 
108.416230 
174.001473 
-306.149176 
-86.915626 
-139.114152 
-12.105149 
-12.574254 
-456.233031 
-316.235811 
-127.853099 
-1.778859 
-76.508233 
123.981760 
150.554169 
-48.654539 
-113.460320 
49.018043 
-183.783445 
127.121457 
-13.513315 
120.586304 
-363.493760 
-59.471170 
73.200805 
-107.665917 
11.641758 
-25.216693 
-172.436033 
197.435756 
126.553661 
-123.258801 
5.247561 
-83.833213 
-109.178374 
-436.498335 
243.049584 
-271.307023 
154.322803 
-114.218413 
144.577021 
-39.096867 
30.416849 
13.336529 
-65.690964 
-130.715750 
895.717757 
-296.985859 
289.627577 
-13.493382 
-140.796187 
-8.247766 
149.615638 
73.387520 
-111.155707 
-118.552354 
-21.261020 
-80.994973 
76.400847 
-308.855621 
-3.480917 
-21.825797 
-48.653101 
-243.544247 
-118.096059 
-11.749528 
227.516760 
7.805824 
-78.284190 
-340.723171 
-169.949223 
-23.934372 
-36.797578 
-48.652250 
-50.179974 
-380.690247 
-1.781347 
-317.809866 
36.944446 
-1.777781 
9.938150 
-112.405152 
-370.938900 
-274.953882 
42.272614 
-150.542533 
-249.236094 
-13.497016 
-165.833067 
-13.500144 
-296.991187 
124.384712 
-26.266514 
-111.935528 
-450.345454 
-271.885398 
-242.021138 
80.234355 
9.288456 
-110.318707 
-1.679882 
-243.860541 
-260.260386 
-173.410618 
-1.781531 
-166.650004 
21.210664 
-286.657757 
-148.463092 
-137.964729 
-69.462769 
150.562070 
-25.221092 
-604.366131 
-13.500085 
-497.805355 
-91.327719 
-318.781994 
-134.227511 
-211.521637 
-165.173607 
-60.374025 
71.079176 
-289.764784 
-259.829933 
-161.220884 
-192.213068 
-32.792626 
-151.537087 
-233.825671 
-87.328031 
-133.996445 
-413.224694 
-23.342408 
-264.366749 
278.725700 
-363.327512 
104.144358 
-201.000113 
-230.726513 
-196.535788 
-200.996761 
-68.546557 
-200.999213 
-383.683900 
-147.823535 
443.526390 
-121.667205 
-200.476770 
484.048563 
-221.988664 
-289.462170 
-200.997101 
-171.077596 
619.312052 
-527.267862 
259.752670 
-126.960435 
22.570324 
-93.579284 
859.293767 
214.755719 
-359.485465 
181.810089 
115.407543 
-34.604510 
339.813449 
349.783003 
126.515488 
214.471658 
-273.864134 
-197.336698 
538.149461 
432.547475 
71.327476 
-99.231265 
-19.542537 
-11.519165 
196.474971 
123.946186 
-414.766133 
234.971522 
-49.242617 
-189.006325 
736.501597 
528.032760 
-67.447461 
-28.791807 
163.387733 
315.810272 
778.140931 
121.576860 
-403.999083 
-123.913944 
162.278996 
29.120886 
134.573744 
-51.480928 
78.172026 
-90.403977 
-194.083262 
180.065438 
349.780338 
129.835530 
-399.731253 
-52.755975 
-344.731908 
-16.315743 
-222.037796 
1.988666 
73.097105 
-317.952739 
-104.058043 
-354.196367 
346.461023 
250.877868 
61.780046 
8.147198 
-168.194186 
-95.626778 
121.981171 
482.317062 
-11.208002 
-76.077738 
54.949766 
-169.341569 
197.654925 
93.729950 
-221.918059 
-442.807313 
-217.260760 
-70.444591 
22.945759 
443.527427 
-15.053863 
-50.579590 
-140.918434 
373.995790 
249.932374 
-74.706089 
105.372025 
326.338461 
-91.140930 
-63.428944 
32.907482 
-262.955984 
-109.010390 
-32.797583 
153.059658 
160.969364 
642.752321 
126.071035 
-347.451782 
211.053749 
67.965467 
-112.577305 
666.182655 
16.693814 
123.794816 
150.163736 
-95.313063 
59.674724 
162.274334 
383.918446 
-280.340899 
-67.958485 
54.675323 
75.139910 
783.373065 
-368.321751 
138.846882 
-152.483900 
329.489021 
134.238833 
330.226122 
94.968044 
-70.172931 
43.571242 
147.420737 
323.949333 
-65.684765 
-328.906068 
12.102687 
-262.444143 
-14.364941 
-41.717103 
186.615217 
-606.760550 
34.885202 
-255.373347 
50.407789 
-147.036167 
-372.798698 
206.231126 
-201.417621 
626.477176 
-234.082765 
48.280951 
-78.374835 
-181.207171 
279.342395 
-15.794289 
232.600396 
25.580951 
-87.845846 
-205.455088 
185.720771 
-80.837129 
-311.912464 
154.692241 
164.575355 
114.541431 
176.548153 
168.719547 
-354.910350 
-64.124743 
-45.779482 
-142.224606 
128.909481 
-669.048484 
291.186660 
367.363784 
-15.968659 
-319.970949 
-250.215624 
-169.632123 
-128.191863 
37.376579 
-292.232897 
-146.403929 
-97.993988 
17.906426 
-51.915559 
-24.827251 
-70.592570 
68.215249 
-39.751417 
202.193294 
384.410345 
15.169604 
361.496441 
325.728954 
338.060228 
-554.514004 
-430.878327 
-337.316538 
-8.607334 
90.132868 
455.248089 
100.568087 
-790.406806 
-305.407514 
-31.517892 
119.657926 
-140.788059 
-211.797784 
-213.024580 
210.862948 
-121.817156 
-221.144091 
138.843679 
416.668258 
323.998061 
-319.583368 
-299.601012 
65.422581 
208.156671 
145.522499 
-53.444546 
-210.716834 
-439.251686 
43.726486 
86.266795 
22.511103 
35.383879 
-4.649489 
-85.285399 
-202.160159 
22.990658 
-192.277489 
14.571570 
-299.658186 
-241.211227 
33.107070 
-237.934438 
-140.234048 
314.623340 
302.904798 
-149.906781 
-406.717424 
80.963540 
-385.845486 
-93.424806 
-185.033884 
-446.557980 
163.923977 
114.007188 
153.989859 
-192.412270 
284.654610 
506.957546 
218.670233 
-284.500184 
-48.659039 
314.622938 
478.685571 
115.404779 
-8.311441 
-188.137010 
387.509144 
100.707909 
62.433503 
-160.706332 
-9.381105 
62.542903 
259.380218 
-182.738898 
-330.725594 
78.063983 
-271.166236 
-447.042122 
-99.944371 
-126.328865 
73.161369 
-44.815302 
-523.636108 
-48.659683 
125.757581 
-87.612340 
-245.601718 
115.403552 
31.723890 
-536.662114 
595.871802 
135.238562 
34.931371 
361.499459 
36.496955 
-200.202493 
-195.214846 
-7.650642 
-416.615233 
-93.897202 
-16.912571 
-283.979613 
-170.741926 
-433.715550 
-182.484746 
-119.097487 
-243.958302 
-105.026045 
-24.136624 
123.103613 
237.525681 
377.116885 
-76.967711 
-159.288167 
59.268169 
64.259307 
-114.066570 
-219.294311 
23.675725 
254.258413 
118.718037 
26.793219 
-261.356956 
-173.435946 
98.466314 
-109.758032 
-96.520264 
148.941863 
167.369782 
137.975835 
-1.784053 
-117.420412 
-131.293467 
42.732660 
193.891623 
87.099677 
131.650964 
-205.023703 
-183.451736 
150.562445 
9.935988 
-118.782120 
136.703174 
4.811478 
-113.497106 
21.656868 
226.050597 
-30.568880 
148.739328 
-64.258764 
-37.918627 
314.625639 
-185.377887 
-126.411859 
-141.100620 
305.162548 
36.735832 
37.427275 
103.505735 
-62.763922 
267.654019 
129.439478 
21.658069 
-627.264302 
-529.127856 
134.065643 
-20.007332 
-234.320749 
-30.171586 
-351.361065 
-130.469527 
9.937413 
-338.833031 
-166.225666 
174.432316 
-107.362929 
-121.237937 
-631.362559 
-185.731286 
76.025979 
162.280456 
13.658898 
-118.517021 
-1.778145 
-1.775833 
157.850437 
-59.741289 
-95.311365 
-36.938762 
-25.218061 
-83.453344 
-38.498625 
-64.300475 
-127.198025 
25.625137 
-133.606698 
115.406579 
-99.191901 
150.568434 
158.898235 
-111.427963 
9.839856 
-47.975849 
-128.875496 
-243.807552 
152.852118 
185.715904 
22.943278 
24.281745 
-182.024129 
-192.186444 
-10.116832 
-94.862451 
-311.797510 
25.082073 
1023.160932 
-260.467849 
201.474228 
-60.372320 
-256.412092 
91.063885 
-152.669407 
17.099938 
-366.412686 
-16.162236 
-236.229786 
-205.643823 
-51.970306 
-181.722758 
-52.705462 
-11.526884 
-13.500284 
-175.426398 
-29.130581 
28.319955 
89.812077 
-60.840097 
-216.728941 
-209.224094 
-219.635858 
153.215429 
-108.334613 
-36.938569 
37.136751 
-266.835016 
-36.937373 
-134.045074 
-90.600962 
-36.939606 
-36.939387 
-443.362058 
-306.495395 
42.095303 
24.637539 
-90.561295 
-290.565042 
-36.940962 
73.233872 
-48.658409 
-188.373859 
20.267484 
-124.570273 
-244.895274 
-161.966875 
-26.097821 
-231.758374 
18.137568 
-81.399385 
-265.319812 
-203.304683 
-220.787770 
-234.777343 
-54.729382 
127.122077 
-94.688073 
-277.676978 
-242.778631 
-73.044418 
-68.392213 
-12.560867 
-25.221601 
-1.785824 
-419.793928 
33.373491 
241.178721 
-224.579690 
-379.177334 
-329.283394 
-144.312702 
104.942145 
-201.002171 
-6.754295 
-44.411890 
-238.857060 
-255.442312 
9.936284 
-199.360912 
79.353085 
-152.528526 
-323.309274 
-174.864994 
134.099138 
39.855070 
-247.331736 
-154.961727 
-333.010403 
59.971246 
-201.002267 
21.709021 
150.869372 
-201.001809 
-119.891903 
-201.000790 
-318.953548 
-35.791626 
490.403306 
-489.067194 
-375.875900 
368.868585 
-116.725799 
-337.162859 
-26.003953 
-136.462058 
56.810740 
-329.386269 
-16.000799 
155.346431 
-143.441578 
-6.293499 
498.741610 
280.693526 
-74.893579 
181.342168 
80.251259 
221.078636 
168.025484 
502.123783 
438.734917 
134.541057 
-711.397406 
-186.630305 
335.177422 
391.296349 
200.477992 
166.654686 
5.412339 
51.209852 
271.171790 
83.873215 
-135.250112 
110.989446 
94.440135 
140.227274 
420.099672 
247.804790 
280.644666 
34.208553 
51.470283 
288.148900 
703.510314 
250.497941 
34.500216 
5.654799 
642.755754 
27.932309 
526.560392 
-173.198447 
284.380838 
-5.444321 
610.654766 
-226.694903 
431.817278 
122.590500 
-130.482393 
163.515040 
-113.365611 
17.289982 
107.892135 
-142.653153 
209.327890 
-240.838613 
-218.300535 
-48.308103 
238.344323 
206.712345 
48.687266 
-108.468683 
-252.688931 
-101.732401 
152.240182 
759.188802 
958.765706 
-299.934770 
54.741078 
45.525906 
68.967507 
144.183469 
-34.346439 
-412.267534 
-299.548641 
-113.635277 
-11.915487 
443.526573 
-25.138192 
-6.713505 
13.217341 
273.992240 
289.399327 
-121.496553 
-134.153611 
349.777300 
-301.633481 
-272.189429 
501.033918 
-95.378167 
-32.457107 
314.095424 
-73.471804 
-6.525653 
595.879091 
207.010581 
-379.723638 
194.277090 
-4.292328 
-106.886319 
806.832389 
116.060100 
-151.584691 
-8.133730 
14.654135 
237.091239 
138.841873 
434.664374 
-312.685563 
-326.427465 
28.602798 
-3.420677 
806.829468 
-267.000817 
138.857265 
24.009322 
391.946829 
125.223640 
289.248075 
11.139638 
219.356851 
-18.510741 
129.201685 
14.106390 
-64.645739 
-328.634958 
-158.217681 
-208.989301 
-415.504275 
111.760713 
203.350960 
-196.596701 
-86.642810 
-363.901916 
149.872199 
-246.123247 
-460.469948 
-130.403731 
97.690099 
297.302026 
-247.623864 
207.561657 
127.016855 
153.304804 
122.258690 
434.443650 
373.224984 
-46.488103 
105.818742 
-211.509589 
185.719767 
-358.151001 
-355.490862 
325.192287 
-313.381591 
97.496848 
149.581787 
45.279928 
-357.379492 
-249.853325 
-187.572792 
-138.936094 
424.137341 
-559.559723 
361.501142 
256.030007 
50.186887 
276.062888 
-123.180195 
355.644103 
-164.375503 
179.131891 
-341.137176 
-74.764976 
-263.352161 
-214.245147 
-44.732090 
-78.067966 
198.174512 
88.707619 
292.914009 
378.177421 
66.659305 
420.887194 
314.626366 
214.480023 
103.686877 
-669.353357 
-411.845939 
-50.011047 
-257.219028 
407.279781 
314.631464 
-9.764823 
-732.087864 
109.899243 
-240.425676 
185.527799 
174.381959 
-281.886054 
-359.074410 
67.985513 
-235.469077 
-55.732862 
373.221611 
310.690582 
-477.559694 
-40.114986 
163.044629 
-300.866009 
281.298659 
-101.263510 
-90.343532 
-334.642166 
-140.016280 
6.356336 
4.571482 
136.494048 
-175.886956 
-76.300990 
-227.932078 
75.211194 
178.633842 
-139.949313 
109.905380 
-404.974865 
-440.919989 
174.293360 
188.512148 
-77.071386 
326.347708 
689.622016 
-407.488306 
-257.595380 
-57.162712 
-269.479131 
36.887690 
166.341663 
-707.914896 
31.489370 
-83.798625 
30.528362 
-149.922007 
226.655058 
411.339162 
195.533805 
-149.438251 
408.380713 
185.723508 
150.562274 
138.848617 
178.561396 
-59.972299 
568.491435 
150.977573 
7.584339 
-466.223221 
-340.138990 
165.949551 
224.648675 
-268.784586 
-119.554353 
-239.092401 
-186.514248 
-219.956730 
-14.664660 
-147.234307 
68.512313 
-345.452216 
-500.598558 
314.630287 
44.445045 
214.664673 
-406.753420 
619.318392 
-231.869846 
-198.576178 
338.069617 
59.392902 
-191.103141 
68.537901 
86.519393 
-504.468591 
-341.565255 
-80.875111 
-641.120663 
-69.746061 
-115.000110 
-430.200184 
-61.236948 
-308.031628 
-132.282078 
-97.430803 
-191.160189 
-478.820355 
-49.786552 
248.145580 
114.321484 
-27.642707 
-123.241216 
-24.177035 
46.184357 
-21.542486 
-217.200740 
-287.415879 
16.667794 
-27.530002 
21.915365 
-123.868788 
-173.079201 
-290.319990 
105.115039 
-271.749449 
-273.362507 
333.864995 
-25.196620 
-36.544974 
-1.784722 
-263.197838 
-11.815198 
-15.597527 
255.360762 
64.257541 
36.663533 
-117.757190 
-50.972810 
21.656762 
45.093374 
162.823877 
51.314573 
-5.949548 
-338.504851 
338.063432 
-4.919651 
-10.765563 
17.226206 
-451.317620 
-482.374112 
-25.219345 
80.927156 
-120.661986 
-286.212633 
283.479337 
-95.517405 
146.837694 
9.981791 
9.391258 
134.765898 
67.419265 
150.564756 
-735.684132 
177.663696 
59.273890 
-108.662439 
-238.517066 
87.282896 
-438.555984 
145.347627 
-25.212897 
-177.181742 
-631.374315 
-17.549367 
-399.581094 
-321.478134 
-695.721624 
-24.214911 
-223.002797 
127.140129 
-117.102999 
-165.678081 
-1.768563 
267.754768 
70.474308 
-75.904942 
-181.230816 
-13.488415 
-25.208966 
156.884595 
-213.485000 
-56.741800 
-221.402617 
113.978756 
20.350515 
127.131775 
-218.577540 
-13.482261 
-175.313637 
-56.136638 
101.525969 
-220.752714 
-121.363034 
-518.737113 
58.548265 
302.908788 
2.856447 
-95.216066 
-279.285230 
-106.922049 
-211.813788 
8.000336 
-17.937005 
-103.931520 
615.198309 
-295.139034 
125.968767 
-48.656874 
-98.604003 
295.237118 
-79.279170 
66.646862 
-293.670755 
-72.652474 
-91.301058 
-366.339607 
-110.249026 
-258.963993 
-94.411415 
-4.874330 
-1.779166 
-412.987642 
47.079235 
112.851529 
-702.341558 
-189.514967 
-318.945078 
-315.599061 
-155.670188 
54.193291 
-319.167901 
9.938394 
-219.622456 
-266.033423 
-48.657803 
-9.103892 
-85.524055 
-25.217840 
-25.219262 
58.066450 
-472.102029 
123.207526 
87.001973 
99.923982 
-354.428127 
-1.781572 
-34.890700 
127.123807 
-133.730128 
-167.679325 
-167.954364 
-379.827552 
-395.730999 
-4.491872 
-165.259572 
-130.760678 
-105.505935 
-84.728893 
-267.351779 
-90.603167 
-231.645374 
36.462197 
-36.937677 
-128.653090 
-29.311826 
-125.993335 
-383.331526 
-53.141264 
25.475322 
-36.935928 
-72.089149 
-216.715112 
-60.372991 
236.416029 
-3.749409 
-196.577305 
-36.574420 
-271.895545 
225.593413 
-200.993020 
7.904271 
-70.674885 
-223.791049 
-559.081280 
-200.995129 
-150.831769 
254.973999 
-125.141177 
-398.504480 
-325.030860 
34.650694 
-29.313576 
-195.777440 
-250.825297 
-47.855149 
-33.870874 
-200.991963 
235.066869 
-40.377330 
-200.994294 
87.429434 
-200.990849 
-473.240727 
34.294548 
666.186919 
-146.697895 
88.661755 
-9.849770 
-204.052394 
-460.341494 
136.499754 
583.506564 
115.406347 
-85.170672 
-328.898120 
-295.251729 
434.737782 
38.605174 
188.053200 
20.257344 
-466.766169 
86.416767 
-1.781054 
220.494807 
292.913299 
443.531419 
509.259445 
346.949121 
-814.626097 
333.958107 
526.605470 
240.166331 
102.381548 
-33.735031 
-152.112966 
53.657964 
338.221255 
-253.516152 
-42.913146 
194.630337 
60.680717 
368.431204 
431.812483 
184.299558 
-65.455715 
41.076997 
192.815213 
166.419423 
448.946933 
-267.457314 
-116.905011 
-26.421287 
455.249868 
-205.139015 
420.965521 
228.909497 
9.776749 
-474.925812 
334.043925 
-216.980013 
162.281432 
310.488190 
42.500302 
171.781148 
-7.793801 
182.215919 
196.699749 
-72.438410 
374.508317 
-269.625988 
28.496719 
73.274614 
-148.850281 
88.769946 
63.702425 
-71.314636 
16.945299 
128.101131 
-177.068896 
398.932230 
879.858756 
-72.197477 
-76.460092 
326.420835 
272.864240 
84.394378 
-103.065778 
278.244430 
103.270903 
-156.830330 
-72.811521 
853.686637 
47.477565 
-27.264504 
-163.695709 
36.499874 
452.656629 
-36.529297 
-35.941237 
548.999812 
-107.171870 
-77.337268 
182.151633 
-46.562738 
7.809463 
57.356961 
170.829475 
156.950319 
267.749991 
-34.300763 
-182.108495 
-167.222015 
-1.718875 
-30.669751 
68.531770 
-123.936351 
54.210707 
22.842749 
213.629600 
-41.152851 
466.970530 
186.155076 
-33.957992 
-256.637825 
66.067983 
66.849316 
-25.218762 
-74.108627 
420.094715 
293.904672 
52.420259 
-45.847847 
286.446519 
-77.500790 
264.506165 
-128.782215 
-349.757267 
-371.681600 
-252.157145 
-31.812034 
-17.351295 
-627.945296 
141.582527 
134.418062 
401.338687 
158.620340 
-195.603550 
-316.327387 
107.645161 
-624.179667 
-552.377220 
-160.517572 
-68.477152 
-422.704698 
-190.737173 
101.876460 
-29.846337 
-256.306148 
-54.721815 
195.747078 
502.126162 
-271.248655 
238.461927 
-388.833070 
384.938561 
-61.037859 
-496.765232 
286.558565 
-28.639313 
-44.278342 
-3.263109 
-194.333081 
-442.980933 
147.703581 
15.549172 
-309.440056 
36.451126 
-220.341184 
326.342804 
291.188135 
123.284194 
288.563563 
20.213744 
63.523233 
322.150802 
-16.704477 
-584.511349 
-71.427724 
-389.003929 
35.150384 
-363.716247 
-91.468117 
-499.389236 
-187.454255 
20.755439 
464.994444 
166.242173 
-22.914861 
338.063003 
66.692548 
56.813185 
76.584971 
-136.810940 
-53.914445 
-384.147553 
73.256772 
220.875294 
52.715999 
-528.130448 
244.966379 
55.975583 
187.758441 
2.616696 
-436.245446 
12.100158 
35.863232 
-236.042957 
-33.068258 
349.781310 
132.446720 
-329.905316 
-182.901659 
353.581552 
-89.825501 
-0.595646 
79.013800 
112.668428 
-283.796415 
-385.444294 
-66.182379 
18.311796 
135.641782 
-258.678106 
-519.097222 
-286.514502 
-115.097432 
163.933498 
63.250403 
-15.801187 
-54.819521 
-454.706237 
101.623056 
154.489165 
-151.801189 
162.281585 
525.562765 
-519.846168 
-51.738591 
-78.115456 
-299.380100 
179.056137 
110.196370 
-556.852644 
47.174351 
-359.495053 
-248.452848 
-336.368904 
152.546652 
35.664142 
179.998479 
-410.880412 
338.062006 
138.844103 
174.000038 
115.406756 
63.564466 
-68.934240 
226.103004 
-137.278393 
-73.137350 
-392.304404 
-54.175238 
-65.919793 
528.327311 
-538.655360 
-193.465620 
-51.804705 
-92.879583 
-391.877172 
-202.910445 
78.373430 
152.556074 
-146.829831 
-335.093694 
220.874357 
-164.320110 
106.947699 
46.162681 
595.874646 
-129.919681 
-394.002698 
314.625037 
28.374123 
-6.012294 
162.280877 
161.500036 
-179.957746 
-347.962756 
179.859160 
-163.880212 
282.186401 
151.260371 
31.403622 
-17.294856 
-225.283953 
-23.121197 
-153.940081 
-245.628977 
139.440573 
81.749719 
129.374639 
-8.902090 
-523.040984 
-97.464738 
-11.205238 
17.112541 
-144.677008 
-191.809305 
-205.458724 
-199.234065 
4.018709 
-111.342302 
-106.609392 
19.529257 
-530.096283 
14.368801 
-311.286204 
114.816031 
433.984751 
15.616225 
-128.627816 
-72.092526 
-128.390922 
42.744530 
94.070293 
188.965907 
54.878144 
19.883333 
-201.806650 
-142.235627 
-48.655204 
21.656980 
40.209144 
-193.613355 
-41.390923 
-363.499085 
361.500862 
22.820902 
36.144853 
88.374878 
-60.324672 
-36.249050 
-48.656037 
-15.135444 
-119.718950 
-171.680286 
67.638125 
-143.823144 
-177.213557 
13.211742 
-198.878474 
31.182660 
-71.421427 
150.561800 
85.376747 
-266.918130 
289.561310 
-63.126952 
-333.286395 
0.465040 
-306.924543 
132.457422 
-25.219260 
-62.541465 
-228.176166 
-41.969222 
-180.162615 
49.511841 
47.910349 
-63.105516 
-249.479486 
103.687471 
-80.098140 
-4.472045 
-25.218416 
314.625158 
-109.401273 
-84.994570 
-306.604740 
-1.781027 
21.656761 
290.767330 
-150.999552 
21.875586 
-171.841038 
15.131612 
121.291495 
174.000817 
-12.766987 
-13.498378 
-157.507558 
50.698353 
-231.239500 
194.741560 
83.095598 
-225.003839 
-155.219431 
302.907128 
201.192053 
-132.726881 
-139.218125 
207.098538 
-242.100097 
11.374850 
80.362625 
41.252650 
-69.391205 
-158.423735 
99.709354 
-25.218279 
2.871550 
75.507588 
-218.079262 
95.332666 
-353.665426 
315.703113 
133.982184 
-111.829715 
-186.825442 
-154.865974 
197.561009 
53.924526 
-13.499382 
-312.849612 
70.147719 
220.152839 
-874.461871 
-44.263626 
-45.126834 
-97.661148 
-181.359786 
206.999136 
47.332467 
-13.499881 
82.600092 
116.184920 
-1.781061 
-262.216997 
-253.378743 
-13.500074 
-1.781217 
-233.494119 
-257.937363 
41.818203 
10.747145 
76.102973 
-130.483884 
-1.781225 
-221.182326 
174.000310 
-26.788318 
-151.660395 
133.070421 
-358.740750 
-285.601102 
-110.678439 
-25.445633 
-133.973386 
115.730371 
-110.269289 
-219.980697 
-86.202457 
16.962888 
-94.856915 
-1.781403 
56.335931 
-232.800684 
-192.245627 
-27.190758 
-87.248720 
25.475758 
-1.780842 
9.937411 
-346.998976 
-13.499651 
-301.604464 
-102.231558 
76.164824 
-133.387595 
-246.116474 
-258.529010 
-200.999887 
1.245167 
250.725394 
-197.041078 
-473.769052 
-201.000373 
-24.378473 
-448.753906 
-375.432122 
-101.214502 
-37.142059 
-194.319249 
-312.212662 
-288.033416 
-149.857805 
-166.957220 
-80.889890 
-201.000471 
164.640189 
-317.465140 
-201.000026 
-152.241964 
-201.000300 
-400.727092 
-280.705511 
-189.281250 
-202.596616 
-202.619956 
-198.227240 
-204.217779 
-200.775250 
-201.000000 
-202.349177 
-201.000000 
-204.708576 
-197.491712 
-198.058303 
-207.763584 
-192.358621 
-196.898427 
-196.289545 
-203.723465 
-202.845514 
-189.281250 
-204.987362 
-199.846111 
-189.281250 
-191.980751 
-198.435365 
-205.368306 
-181.114460 
-206.367938 
-199.990967 
-201.975523 
-197.302660 
-198.020194 
-204.846671 
-199.280339 
-194.709094 
-198.313991 
-208.115502 
-194.491880 
-206.225457 
-201.000000 
-201.941036 
-196.284912 
-195.912753 
-199.201179 
-203.518134 
-188.063981 
-199.888545 
-200.117778 
-198.037778 
-201.000000 
-190.890787 
-211.626361 
-203.483027 
-201.007186 
-211.986329 
-194.213468 
-213.728516 
-201.000000 
-206.921465 
-201.232245 
-197.308635 
-202.081770 
-198.554400 
-211.140691 
-203.174894 
-196.886516 
-200.372567 
-202.993680 
-200.667801 
-202.589356 
-199.224487 
-208.679253 
-195.283152 
-195.717036 
-196.788175 
-184.863350 
-195.943270 
-176.000001 
-199.865197 
-197.393747 
-195.074694 
-200.152997 
-197.848666 
-197.491712 
-201.665900 
-200.470360 
-193.648894 
-192.218618 
-201.000000 
-202.542245 
-197.517794 
-189.541989 
-201.000000 
-203.998628 
-201.584319 
-200.912724 
-201.000000 
-199.269830 
-195.042541 
-198.210672 
-194.732717 
-202.664543 
-202.867419 
-200.085447 
-203.255596 
-201.000000 
-187.515691 
-197.219407 
-192.641978 
-192.845764 
-196.672116 
-201.000001 
-209.742937 
-180.938736 
-204.264569 
-197.993805 
-199.130924 
-201.000000 
-196.057202 
-206.581728 
-198.065907 
-202.545763 
-198.816944 
-201.000000 
-200.324890 
-201.000000 
-204.289020 
-206.359545 
-199.735147 
-197.183852 
-198.068312 
-200.676029 
-197.672630 
-203.500195 
-205.108635 
-199.550846 
-202.962991 
-202.894984 
-193.269294 
-192.535767 
-202.546700 
-202.043451 
-201.000000 
-196.378115 
-203.976171 
-193.840021 
-201.398332 
-203.213665 
-195.804424 
-199.609779 
-192.005641 
-204.845225 
-202.289299 
-209.421887 
-197.261849 
-197.309675 
-202.109218 
-189.281250 
-194.021934 
-197.957120 
-199.916554 
-201.000000 
-194.568422 
-204.573709 
-197.271396 
-203.599462 
-193.338641 
-202.233499 
-207.624681 
-196.197043 
-199.486969 
-197.190244 
-196.830941 
-207.756845 
-200.840042 
-201.000000 
-195.140625 
-193.909933 
-196.409603 
-198.384344 
-202.109365 
-194.538875 
-195.320488 
-194.559187 
-208.002004 
-200.471758 
-200.235831 
-195.137266 
-201.247250 
-200.451818 
-203.191854 
-198.984189 
-197.382543 
-202.915224 
-195.643624 
-201.000000 
-203.852700 
-201.000000 
-203.262322 
-198.546828 
-203.325479 
-196.835880 
-200.208405 
-201.000000 
-201.702732 
-206.636127 
-204.400205 
-200.209790 
-201.136356 
-196.379370 
-201.894532 
-197.118793 
-202.752258 
-203.537398 
-193.359695 
-201.000000 
-192.849786 
-201.000000 
-203.399242 
-196.922076 
-202.081770 
-202.392784 
-200.645883 
-195.599104 
-195.345920 
-194.022468 
-195.791939 
-196.868611 
-201.695191 
-204.758636 
-203.542846 
-200.341189 
-204.528823 
-194.659140 
-203.105157 
-201.659092 
-201.553479 
-187.592856 
-193.800700 
-204.991855 
-196.599925 
-201.000000 
-201.000000 
-203.949148 
-200.294520 
-198.827050 
-205.388125 
-191.056100 
-193.392467 
-192.629669 
-204.460654 
-204.151006 
-193.998757 
-194.454763 
-203.037141 
-200.488639 
-201.720736 
-198.763054 
-201.000000 
-201.000000 
-189.281250 
-201.000000 
-197.242936 
-202.996395 
-198.787301 
-198.661720 
-204.940621 
-209.426641 
-193.924480 
-197.130758 
-193.943449 
-201.521861 
-202.390188 
-199.600709 
-204.412549 
-200.776093 
-203.179512 
-199.891144 
-200.916915 
-194.917742 
-190.105715 
-201.000000 
-194.491880 
-202.445855 
-207.985841 
-189.281250 
-207.101363 
-199.201180 
-201.000000 
-201.093424 
-198.978944 
-201.000000 
-201.000000 
-201.971128 
-198.065995 
-201.000000 
-201.243958 
-204.289020 
-201.742120 
-203.074405 
-204.571646 
-202.003118 
-197.395102 
-200.006723 
-195.967558 
-202.392491 
-197.691728 
-205.846883 
-204.818574 
-202.109562 
-192.803497 
-200.799364 
-202.156561 
-197.891102 
-200.004747 
-203.610845 
-196.351888 
-190.967644 
-191.493102 
-203.277335 
-202.664543 
-201.546807 
-202.579142 
-191.368766 
-200.616281 
-194.709094 
-203.509578 
-197.816711 
-201.000000 
-201.740821 
-202.939048 
-197.736795 
-204.036844 
-192.803497 
-201.632915 
-199.939001 
-206.779950 
-201.000000 
-201.000000 
-196.369935 
-202.075023 
-206.732581 
-200.999999 
-201.000000 
-194.391738 
-202.301604 
-198.582216 
-201.408767 
-196.342996 
-201.000000 
-201.424791 
-200.669357 
-202.396966 
-196.740788 
-195.325392 
-191.318308 
-194.605813 
-199.843594 
-200.021765 
-195.928188 
-201.000000 
-201.000000 
-201.000000 
-194.496461 
-200.581771 
-197.090206 
-203.654384 
-193.502598 
-204.873177 
-201.000000 
-200.659561 
-196.729743 
-203.589283 
-202.272855 
-205.346654 
-203.518134 
-201.309978 
-206.994551 
-201.000000 
-197.880265 
-202.841230 
-201.000000 
-201.000000 
-205.400950 
-201.775793 
-204.873177 
-201.000000 
-201.000000 
-201.202123 
-201.000000 
-201.239912 
-200.643080 
-203.724655 
-196.929443 
-201.000000 
-200.267578 
-201.000000 
-204.621162 
-202.573719 
-200.040547 
-199.791282 
-191.037786 
-203.124494 
-194.344590 
-201.000000 
-197.567511 
-201.421835 
-205.345764 
-205.860347 
-201.686739 
-193.238918 
-205.262133 
-196.874110 
-201.000000 
-200.110066 
-200.375719 
-201.000000 
-201.551455 
-205.034529 
-195.056325 
-204.511766 
-192.400660 
-207.878472 
-207.522139 
-202.576426 
-203.870545 
-198.081462 
-206.388642 
-201.592634 
-201.000000 
-202.631603 
-200.993263 
-205.082512 
-201.000000 
-203.235372 
-202.313235 
-199.507420 
-198.650061 
-208.318942 
-203.525087 
-201.000000 
-195.240668 
-202.564624 
-201.000000 
-191.649159 
-202.918504 
-201.000000 
-201.000000 
-206.743108 
-200.244588 
-204.391367 
-198.693467 
-193.664178 
-204.703208 
-201.000000 
-199.273847 
-201.000000 
-198.308864 
-203.984334 
-201.289871 
-203.695024 
-201.675327 
-198.188786 
-205.859929 
-200.272694 
-205.633873 
-201.834313 
-198.644208 
-198.984591 
-196.499672 
-196.925847 
-201.000000 
-204.856392 
-202.063317 
-195.645628 
-203.074405 
-201.945968 
-200.615395 
-201.000000 
-201.000000 
-204.638461 
-201.000000 
-199.105253 
-196.253795 
-202.580994 
-199.830790 
-198.959287 
-201.794066 
-201.000000 
-198.141531 
-206.023959 
-201.104114 
-203.057321 
-201.000000 
-202.171218 
-197.058990 
-195.948148 
-201.807396 
-203.618536 
-202.776325 
-203.447822 
-198.620826 
-199.644511 
-199.538832 
-200.698971 
-201.000000 
-206.897724 
-194.966962 
-201.000000 
-202.206883 
-201.000000 
-197.330102 
-203.137602 
