-74.015692 
-68.746795 
-64.819249 
-73.645227 
-83.648796 
-96.732812 
-92.583450 
-118.849119 
-122.453232 
-141.722696 
-145.731769 
-128.939702 
-130.462601 
-120.055849 
-106.443493 
-96.619435 
-89.807731 
-96.097074 
-74.015682 
-91.829343 
-82.898670 
-74.015729 
-79.665146 
-89.920803 
-103.944243 
-86.260372 
-116.350751 
-86.074601 
-67.124545 
-84.126635 
-46.962825 
-51.442918 
-47.239715 
-63.846221 
-65.941475 
-72.400671 
-61.659519 
-47.382290 
-25.578216 
-8.158657 
-2.540732 
8.748300 
16.070595 
9.991720 
-3.514527 
1.719654 
4.257724 
21.900292 
-1.359535 
16.708406 
14.303855 
-5.242436 
-7.721691 
-30.876112 
-37.940711 
-36.981579 
-49.797039 
-60.119268 
-78.852980 
-84.513711 
-83.095218 
-88.434586 
-97.577948 
-75.752388 
-84.216490 
-87.188414 
-81.442554 
-103.519441 
-105.577322 
-107.009882 
-89.947361 
-83.185320 
-97.586150 
-83.844180 
-86.315220 
-83.964234 
-79.717761 
-59.665091 
-52.038004 
-49.313714 
-16.127749 
-36.348034 
-36.371525 
-64.115384 
-57.122505 
-51.764163 
-43.355856 
-74.015606 
-60.642449 
-55.962571 
-59.091712 
-40.916537 
-30.890851 
-19.052723 
0.120300 
22.859486 
1.934766 
3.280388 
-0.078678 
7.249834 
-12.053089 
-5.579414 
11.101240 
-4.940792 
-1.359418 
-21.774907 
-18.155921 
-59.399443 
-72.869185 
-78.083184 
-74.015760 
-74.736425 
-74.363433 
-72.019126 
-94.382862 
-72.350660 
-74.015307 
-77.854436 
-74.512289 
-74.355507 
-53.435925 
-56.719361 
-49.796930 
-53.984516 
-49.796790 
-48.407937 
-22.279592 
-13.063180 
6.280515 
-2.022060 
-12.920898 
-25.709177 
-32.884638 
-39.219792 
-25.950743 
-73.194728 
-68.046620 
-91.514290 
-109.483916 
-114.992670 
-122.307856 
-130.777943 
-113.271844 
-118.845758 
-122.414483 
-122.948094 
-115.765718 
-110.203731 
-85.081075 
-68.680247 
-48.912340 
-40.791767 
-30.506283 
-38.394203 
-30.061235 
-23.397093 
-25.577866 
-9.439723 
-10.926852 
-28.548451 
-25.577981 
-25.205009 
-24.591208 
-18.122130 
-7.004516 
-2.843891 
6.113363 
10.506858 
16.405362 
13.542994 
29.408638 
42.964196 
44.734283 
51.431445 
34.968984 
28.914100 
26.717149 
12.235919 
16.951269 
5.965882 
13.288840 
31.612481 
31.090572 
37.524510 
41.606491 
32.648123 
35.086968 
11.807791 
17.907423 
24.520448 
40.580164 
36.505414 
27.613195 
7.960040 
22.859539 
31.072317 
47.078160 
56.144299 
74.418224 
86.038175 
93.943689 
76.881020 
71.296838 
69.507253 
46.391740 
34.807657 
32.206890 
39.975223 
28.034480 
18.541013 
-3.766890 
-20.327610 
-16.041004 
17.558867 
22.859181 
29.796805 
29.317479 
28.528310 
41.330652 
37.998555 
40.537334 
37.211762 
24.433102 
48.691303 
36.117038 
28.455369 
15.147195 
14.513841 
-10.245522 
-1.861181 
4.102290 
-10.405251 
-2.176008 
-18.323770 
-36.995478 
-62.721439 
-79.503793 
-64.377725 
-51.606481 
-55.422647 
-25.578247 
-25.578314 
-34.646470 
-45.525163 
-53.278349 
-56.248384 
-72.365263 
-20.741217 
-81.332666 
-45.252997 
-27.253195 
-27.514907 
-19.948157 
-26.098740 
-10.189357 
-10.730064 
-4.154929 
-1.359433 
-1.359398 
-37.687572 
-25.578232 
-35.986699 
-42.407837 
-85.325423 
-74.262083 
-84.145799 
-90.479877 
-77.187168 
-79.029531 
-48.834343 
-97.355378 
-70.254093 
-75.150235 
-98.317088 
-90.826573 
-73.994475 
-93.111840 
-93.961015 
-119.190358 
-101.637188 
-98.234599 
-87.492901 
-65.867977 
-84.979972 
-74.015747 
-42.460098 
-28.179124 
-25.578295 
-18.622181 
-5.721242 
-1.359497 
-15.083517 
-29.574042 
-36.589475 
-62.662852 
-67.200346 
-36.298597 
-39.138712 
-56.601435 
-6.742317 
-24.564759 
-50.373786 
-57.446974 
-38.817202 
-40.067456 
-42.073448 
-54.436748 
-33.770431 
-40.351145 
-30.200223 
-19.864500 
2.473353 
-16.877709 
-15.875892 
-7.662794 
-3.682406 
5.761790 
8.166646 
7.441446 
12.165318 
16.692720 
41.631328 
70.495465 
70.015770 
91.153805 
71.950938 
59.493637 
71.296754 
79.420302 
75.140775 
47.076627 
47.132084 
30.346706 
35.110182 
35.007009 
52.505842 
47.078056 
47.077957 
42.106256 
41.150443 
32.088185 
10.750126 
22.859185 
21.986465 
29.013967 
76.928547 
72.560022 
80.852214 
71.296708 
58.641453 
39.451256 
28.106626 
0.685975 
20.621130 
5.170978 
28.962108 
-9.121923 
2.288156 
-4.219294 
-25.578383 
-6.657263 
-88.396053 
-81.205057 
-96.236276 
-123.281393 
-100.370618 
-102.448397 
-90.247609 
-74.015955 
-87.397029 
-78.577875 
-111.816071 
-113.404391 
-142.294941 
-175.937211 
-142.407728 
-139.527468 
-146.671772 
-127.902339 
-132.927430 
-146.671967 
-146.672337 
-123.644911 
-138.858942 
-97.511928 
-98.234850 
-98.234202 
-74.975846 
-105.500131 
-72.288752 
-77.947476 
-77.704066 
-65.865964 
-49.797141 
-67.203452 
-49.796163 
-44.728959 
-43.233450 
-60.923992 
-62.022781 
-41.019228 
-41.063967 
-26.296693 
-1.360132 
-39.972333 
-47.238492 
-34.118867 
-23.243069 
-19.819379 
-53.423470 
-40.893268 
-57.004695 
-1.880024 
-17.484654 
-15.938822 
10.750218 
27.199751 
15.499121 
19.082657 
-32.422390 
-51.234362 
-43.423226 
-92.039954 
-105.881236 
-161.815967 
-192.785454 
-193.740209 
-173.427612 
-170.890428 
-155.948841 
-141.464044 
-125.431315 
-73.967702 
-93.034784 
-124.630395 
-107.174702 
-123.720652 
-61.760121 
-72.000718 
-98.234430 
-71.377999 
-72.923530 
-74.015769 
-39.280000 
-52.002319 
-25.578295 
-13.468736 
-0.332211 
-6.458681 
-13.395820 
-40.706022 
-25.500520 
-54.401117 
-49.797265 
-60.412025 
-25.578291 
-45.438330 
-47.056936 
-40.279011 
-47.270401 
-50.950928 
-22.868242 
-31.006269 
-54.850788 
-51.496088 
-31.037588 
-50.995644 
-19.693605 
-0.550713 
-31.950906 
-13.469038 
-21.313110 
-34.692710 
-19.262573 
-8.164009 
-19.571072 
-21.108466 
-13.468980 
-37.687739 
-10.871258 
-25.578254 
-62.397159 
-36.836180 
-28.741062 
-30.106634 
-17.461473 
-12.489943 
-13.469056 
23.683941 
7.382331 
17.890040 
-8.488455 
21.345540 
28.158512 
49.000400 
20.818807 
16.062127 
-2.140396 
-15.117354 
-30.428174 
-51.544577 
-50.624013 
-35.139975 
-32.332423 
-25.578439 
-40.410070 
-25.111262 
-1.359468 
-2.477754 
-13.469129 
6.812414 
0.786878 
-1.357683 
-156.785553 
-38.037656 
155.331544 
72.453660 
-5.927932 
-2.164680 
229.387101 
-1.357834 
-246.430826 
202.670590 
-143.273825 
136.529293 
-22.288306 
194.989403 
107.769016 
-19.813971 
-20.967898 
-49.795844 
89.356369 
35.785284 
-49.796892 
-91.881020 
77.124020 
54.182835 
-117.526178 
-294.099792 
-35.677492 
-122.158718 
92.520457 
136.277267 
-30.009012 
77.801225 
-3.938334 
-22.331405 
257.688906 
-64.887536 
37.103087 
-49.797913 
-4.416254 
-187.393514 
-117.889532 
3.183831 
17.542300 
358.414927 
-25.178602 
-11.360761 
105.550410 
-1.360709 
-12.816950 
163.277166 
-30.983679 
3.088841 
-26.336705 
-7.373926 
-113.135171 
-25.579184 
126.153595 
-143.048259 
-71.256895 
-73.267721 
-22.745832 
-36.766113 
162.724779 
229.457202 
77.578044 
211.940230 
-78.111923 
5.435736 
95.944336 
178.140738 
-92.508481 
131.803367 
186.063100 
-81.865801 
81.816440 
403.849342 
152.037002 
-47.914276 
-233.126739 
193.699335 
210.360878 
-11.748927 
-153.434428 
230.259508 
65.446053 
54.638853 
398.248747 
-6.155433 
314.885643 
43.623606 
307.832888 
23.144897 
-163.931397 
215.835110 
398.248885 
-56.388723 
-169.922404 
178.735062 
105.906555 
-117.559232 
-86.677229 
-9.960451 
-16.061899 
216.608779 
74.334301 
-268.015919 
143.304115 
42.283780 
63.443054 
119.734047 
111.980073 
-40.672251 
-104.847141 
-282.039946 
76.429153 
71.295264 
50.996560 
-372.716049 
-274.465098 
174.056015 
-3.610597 
180.281022 
-361.579283 
289.265369 
-278.159180 
83.334990 
-242.659469 
72.528425 
-29.704421 
-120.023903 
-254.551023 
-260.709171 
100.073602 
39.290581 
-309.563617 
-27.383348 
-205.292270 
-30.792419 
-308.665745 
-28.595927 
-74.772808 
35.152475 
-130.412464 
132.497399 
-475.229866 
-656.333103 
-173.153580 
-159.573850 
42.303654 
-186.191454 
13.071895 
215.093162 
-87.160901 
43.472405 
-195.809040 
119.732833 
-128.532218 
-84.288692 
-578.156273 
252.938249 
-146.253203 
-191.200414 
73.814983 
-173.230389 
70.335276 
115.837509 
-568.414459 
-66.617697 
-110.746455 
-181.618358 
305.788296 
-218.000651 
65.356920 
-49.798236 
34.964301 
255.501963 
-595.852905 
-252.071838 
-133.085752 
-25.270168 
1.456250 
-44.227480 
-182.092121 
64.248361 
-152.707225 
-401.808318 
149.712022 
-124.964911 
-102.201927 
2.853870 
-55.151169 
-71.667221 
-69.134490 
-49.795761 
233.050882 
313.485244 
-470.055357 
-49.407491 
-142.433982 
-7.438772 
-158.937340 
95.515137 
157.336780 
-454.114842 
-129.771612 
-37.064998 
-246.446678 
56.754022 
-165.625052 
0.753987 
-317.230853 
-84.887534 
-191.547771 
313.484853 
101.729823 
73.719678 
-265.872160 
228.193530 
-49.047626 
-36.172458 
-173.763924 
123.652806 
-95.691613 
-45.295041 
-143.538991 
67.973983 
-2.379931 
-243.605828 
164.732576 
-29.798645 
122.220391 
-191.931507 
-6.773858 
113.901152 
-166.773633 
-94.102564 
277.648991 
-127.990076 
-6.224853 
-49.795742 
47.078924 
-86.418495 
-230.215815 
81.309258 
-76.981753 
-219.496791 
303.334486 
-266.711206 
111.849808 
-81.294697 
53.452371 
-18.228198 
271.553834 
-298.520946 
-38.986214 
-174.722636 
-74.016238 
277.155965 
-74.015957 
277.156690 
589.897343 
-382.407496 
165.345987 
-112.995006 
134.795585 
-165.747766 
-186.465593 
-2.463918 
202.368535 
-240.674554 
-48.073435 
-15.327866 
-221.098094 
-64.147372 
-304.552228 
-31.472094 
69.620312 
-142.008721 
59.493484 
180.280558 
-90.720361 
-15.593320 
41.728610 
-25.578831 
21.111693 
-405.507468 
277.156242 
97.721063 
-11.634565 
71.296149 
62.416104 
-199.807347 
-45.336600 
-448.650336 
-144.011009 
-266.049441 
-120.793831 
-73.637457 
106.327201 
-233.716341 
104.157358 
90.348983 
244.072606 
-76.628645 
-33.205790 
260.320716 
-308.594377 
87.766664 
242.798151 
162.193747 
-0.234703 
-81.846464 
-252.176752 
-106.585200 
128.991878 
17.840725 
-61.762436 
-38.802428 
-190.214896 
-244.680467 
198.133382 
82.863356 
-95.358425 
86.477566 
-150.428260 
-111.725485 
361.921246 
-22.235300 
95.088206 
46.419471 
70.142913 
-253.685616 
141.838680 
-150.033754 
-66.640581 
71.295499 
277.155635 
143.722562 
-213.256167 
26.660300 
-208.833536 
-1.360055 
-58.232171 
-79.848513 
-89.597946 
-290.968548 
-114.142640 
301.375038 
64.312529 
-122.163554 
-18.562189 
-142.141477 
-161.497619 
39.016418 
-103.114311 
-27.222412 
-25.018908 
-194.481891 
204.500510 
-79.313283 
-17.252269 
-178.672256 
-186.443154 
-165.161417 
34.491723 
-204.304823 
29.760905 
301.375568 
198.497545 
-273.435605 
-32.186958 
-5.057496 
-108.973347 
-277.067277 
-317.515081 
-76.251985 
131.844137 
-9.115099 
-176.420537 
-25.578390 
156.062988 
-15.122901 
-154.098170 
-185.786296 
-74.015560 
204.500203 
85.819504 
-157.166224 
-75.349439 
126.456636 
55.287081 
-24.264059 
22.858800 
-17.252949 
156.062509 
42.714527 
-45.820262 
99.681016 
274.979705 
-156.463786 
-60.235874 
-22.438775 
180.281326 
6.055328 
19.117411 
-35.215531 
-88.356744 
42.949652 
-276.781396 
85.246885 
-73.978089 
248.349082 
-170.742425 
188.891049 
95.515956 
-140.320001 
471.996940 
125.935772 
196.796876 
-469.362786 
81.349337 
-169.032084 
-72.783792 
46.119399 
-180.781241 
-3.240576 
139.253193 
-25.577212 
-104.318375 
-54.724069 
-74.177954 
-164.029826 
83.246980 
-56.341425 
180.677547 
36.076756 
216.183304 
-69.323425 
-25.576464 
-28.274325 
-256.205310 
-13.467266 
-202.337987 
-360.444027 
-13.466974 
-13.467631 
-270.638310 
-225.869378 
133.078999 
-68.697061 
78.352329 
-293.221369 
-49.795648 
-19.636062 
-37.686435 
-131.391213 
-92.398111 
-1.725562 
24.656918 
-532.505350 
83.895452 
-278.824892 
-113.219993 
-75.418640 
-265.349262 
-165.023803 
69.728534 
-400.600479 
-164.126102 
-74.015892 
35.788854 
45.560261 
-387.292005 
-206.841041 
-78.927835 
37.101760 
-49.797037 
-49.796956 
-262.674719 
-61.906960 
-172.521783 
-194.950284 
-221.005473 
-173.040084 
-3.741802 
-63.891473 
-110.344340 
-78.245228 
-151.710591 
-293.491320 
-243.395218 
-178.460103 
-8.448168 
57.644194 
-206.211944 
-93.552890 
-132.326962 
-126.534039 
-159.021072 
-330.485853 
-170.413836 
-106.791842 
73.483618 
-146.672653 
-145.012436 
-95.680490 
-134.563291 
-55.136609 
-183.001261 
-314.969089 
-171.620701 
22.860928 
-169.118200 
89.238652 
215.943196 
385.594257 
-475.179415 
-325.084577 
13.037104 
95.516273 
-443.454237 
67.266877 
-286.202073 
-75.130661 
116.186621 
170.602772 
269.318470 
12.741858 
74.859540 
83.406620 
13.836612 
-159.838222 
422.468702 
76.010932 
211.397929 
118.705134 
-88.217636 
-524.714769 
-97.465960 
134.306299 
-31.104665 
121.622665 
-68.108150 
113.549450 
91.611099 
-66.964295 
234.041470 
259.365554 
90.233583 
119.731650 
251.424864 
-113.986941 
-435.288911 
-40.148648 
107.824601 
491.988104 
-0.040204 
-214.881894 
-55.876834 
313.484812 
-9.486278 
680.624256 
223.340036 
365.549995 
132.599197 
158.030352 
26.272615 
906.845412 
-67.494381 
183.082071 
67.975296 
-71.510109 
-13.711139 
-192.937249 
51.946108 
213.633425 
-280.982623 
191.832495 
-49.331947 
278.873222 
201.725499 
277.716303 
-4.524801 
-97.786017 
-66.956718 
274.971058 
129.744669 
711.936018 
-190.100082 
121.010185 
61.995866 
142.435290 
378.718311 
118.940316 
-106.623054 
97.974432 
291.011792 
-242.515805 
470.907888 
-172.056128 
406.570135 
175.054109 
178.665935 
126.381438 
-135.134534 
-15.400268 
325.596624 
-158.339370 
238.109625 
18.263598 
236.586144 
-168.289275 
-157.338899 
246.092755 
-228.770939 
277.159718 
115.142061 
-612.762555 
458.260921 
-139.326805 
299.577699 
180.288000 
203.003811 
-79.192272 
-190.798069 
-358.191660 
119.499758 
216.612221 
232.553549 
-359.818984 
-319.533312 
214.953286 
40.009096 
156.063719 
-458.388951 
192.390886 
-284.420796 
37.183690 
69.153726 
156.397062 
-177.043027 
229.537089 
-399.955447 
-274.926426 
-47.948777 
37.280394 
31.491884 
-268.321060 
-372.729751 
-224.272857 
-381.706506 
-33.642578 
-117.155293 
45.900556 
-478.969091 
53.017443 
-592.973944 
-446.399953 
-351.514784 
-25.712854 
-197.259361 
-66.452409 
-29.382707 
185.105118 
-76.907773 
59.640909 
-215.784540 
47.082723 
-173.466334 
-100.664585 
-262.561917 
240.831892 
-103.148749 
-257.267984 
-34.415350 
-36.303344 
-5.727758 
62.505864 
-494.350813 
66.353132 
-263.605566 
-302.398919 
276.186008 
-121.617941 
-76.470773 
-74.018708 
89.462042 
219.575922 
-355.000991 
-47.707756 
-295.620729 
-79.470995 
555.224236 
-132.833495 
-16.206871 
-9.777980 
-15.563982 
-192.739013 
153.902443 
196.192976 
-122.143365 
161.351501 
45.107009 
-82.712884 
126.969972 
386.141466 
151.533682 
543.561591 
-606.460695 
-226.921832 
-25.476199 
-32.131369 
75.359832 
349.813054 
-77.347562 
-411.106219 
-96.892050 
-568.516166 
83.737976 
354.618726 
-229.670668 
-171.973536 
-236.512652 
-169.905619 
69.339704 
543.564665 
22.783607 
79.375949 
-180.863414 
156.896381 
61.699264 
194.081908 
-181.155946 
134.576100 
-3.001623 
-20.219523 
-80.795024 
-162.387116 
-15.581955 
-420.232455 
13.481299 
214.442648 
-42.989888 
-126.701322 
-3.751871 
9.018356 
43.901671 
-116.195403 
87.428079 
-184.115484 
-27.268699 
143.958899 
616.221907 
-501.056987 
-127.520468 
-234.208163 
-22.789818 
-277.411185 
66.226095 
-742.562542 
66.089791 
-144.360404 
63.654046 
-214.142113 
470.480027 
-269.141428 
-188.127860 
-177.856059 
156.061927 
-86.125583 
349.813621 
95.514479 
112.588703 
-213.617424 
278.259179 
-41.000000 
317.456532 
-461.538507 
-273.037508 
-7.440657 
297.569543 
-355.362533 
-3.209239 
53.338102 
-111.753335 
-531.973019 
-83.867677 
-295.071308 
22.314721 
-177.921541 
76.511923 
83.404608 
1.024701 
-273.656824 
-237.215325 
349.808276 
-222.328944 
-282.491344 
-49.801225 
160.379392 
-110.063189 
567.777259 
-66.748612 
-136.430990 
-243.102776 
-456.978800 
-89.292230 
115.184937 
-98.262105 
-191.605407 
389.091099 
-114.080527 
-124.351843 
109.322712 
266.523411 
-241.758611 
194.336232 
149.052272 
-173.513793 
146.994074 
133.245629 
-43.755699 
178.898547 
-146.213262 
-181.203919 
-167.324838 
12.331780 
143.231514 
-83.271103 
-238.934023 
-216.726974 
-442.528245 
347.679916 
-169.650232 
116.047289 
39.940878 
-185.423983 
283.235292 
591.998835 
-670.467369 
176.487496 
22.221034 
-24.690775 
-242.148067 
232.604186 
-316.884490 
-137.549880 
252.935298 
119.731484 
204.057250 
-208.264087 
-22.377422 
-221.752124 
277.153628 
-235.360140 
-39.040967 
-21.205047 
-391.977022 
-148.851706 
228.716013 
140.318937 
36.616056 
-246.409939 
-310.346949 
65.729723 
252.495329 
-85.046334 
-110.425598 
3.928669 
-136.588603 
-1.359829 
-184.519061 
-357.827543 
-119.053642 
-321.281363 
-221.112867 
99.457667 
-346.911499 
173.067747 
22.859852 
-108.469696 
-425.498814 
-58.107631 
36.849388 
-57.468896 
-484.272304 
-76.647073 
161.107151 
10.749312 
-55.094914 
0.179931 
143.957630 
156.062383 
-89.209046 
-8.696098 
-73.156393 
252.937347 
107.626269 
-2.472315 
-157.161626 
-274.487825 
188.245405 
198.374315 
63.582327 
83.409055 
-323.766950 
-49.796161 
-103.024060 
65.478929 
164.009788 
121.035616 
-193.424402 
-124.593973 
173.182945 
59.188320 
261.488617 
-243.225125 
-23.075047 
-379.203132 
-46.918932 
-305.099054 
-61.331316 
-89.283836 
227.539980 
-0.101337 
169.228238 
131.843512 
-184.670830 
133.921303 
-52.445425 
195.089520 
-244.962162 
-90.077175 
39.439392 
-75.196378 
-75.492290 
-51.624857 
-142.795637 
-51.275167 
-86.124672 
-378.700045 
-79.688383 
-190.641765 
-380.201407 
255.451493 
-174.557132 
5.991423 
116.579344 
-17.905345 
-225.004124 
-74.015626 
-192.002124 
-370.106590 
-74.014852 
-278.844969 
-456.785370 
-25.579514 
-13.468561 
-358.368789 
-201.658028 
-263.651671 
-184.623079 
18.897232 
-441.009833 
-49.797927 
-148.868490 
-61.909040 
-114.257431 
-147.834523 
-204.116777 
-53.708684 
-480.142221 
35.548768 
-445.605460 
-164.770598 
-51.873843 
-185.691888 
-261.791171 
-237.393322 
-287.375586 
6.135018 
-49.798831 
-46.249574 
96.485938 
-390.490268 
-215.821911 
-8.890921 
167.184339 
-49.797282 
180.280077 
-107.226333 
10.749459 
123.725792 
-167.654633 
-192.754842 
-161.428077 
-161.275847 
-15.831145 
-49.796881 
-87.248731 
-161.451501 
-136.536543 
-331.622804 
-162.566117 
-120.637129 
-166.599765 
-135.925019 
-240.237530 
-246.820737 
-9.065355 
-169.067692 
-271.242010 
35.190794 
-68.572223 
-27.436080 
-37.688259 
-28.728587 
32.151443 
-182.999190 
-56.741293 
-182.999090 
-266.717295 
27.288231 
386.144397 
171.669288 
-277.208763 
79.536229 
-12.931510 
-357.607738 
204.502538 
-52.324271 
216.611546 
-388.242612 
266.850677 
-146.954309 
244.129252 
-17.449352 
322.716679 
60.821394 
12.185767 
-65.262766 
95.518027 
143.221295 
179.915872 
22.861983 
104.619060 
120.391627 
-483.089018 
-135.521972 
-84.932048 
384.829568 
188.128419 
167.013841 
247.797815 
111.735859 
81.263539 
65.147532 
30.071606 
169.055187 
-54.994347 
-402.866696 
119.736546 
321.244225 
98.899635 
-42.654413 
72.933608 
77.406678 
426.635345 
353.629303 
-1.818832 
-225.338476 
228.721852 
139.706199 
229.708116 
-186.991648 
66.645073 
-159.536049 
49.967566 
30.493911 
277.159326 
-53.460502 
-44.753215 
-103.789703 
227.552409 
147.576155 
-58.315696 
-49.545905 
240.832526 
-170.076084 
318.098254 
-135.289149 
-397.470713 
251.545370 
-154.893199 
250.314734 
-84.299709 
-128.338855 
-149.507807 
253.698207 
624.394445 
-11.049696 
-120.248247 
-152.840180 
58.305837 
77.549591 
-151.649420 
-139.423987 
-215.887195 
-96.487187 
18.670995 
204.502042 
-12.939164 
267.434121 
127.662632 
88.251199 
211.022391 
-52.585442 
-164.235046 
422.470441 
-111.736615 
-30.591399 
21.388606 
70.130443 
63.520678 
-229.559220 
-82.884413 
-118.435913 
434.578700 
397.105030 
-509.908627 
-82.313544 
110.021029 
-206.748678 
-1.360271 
309.929435 
-82.294781 
145.500739 
-289.982157 
-204.729492 
386.139726 
133.715451 
-351.289307 
-30.674959 
255.958319 
-71.876406 
-98.233786 
-11.315390 
592.000415 
73.392779 
16.239022 
-148.085951 
197.138174 
-160.204575 
130.131492 
-37.800367 
162.870239 
82.569038 
-110.148595 
-183.856661 
15.591394 
-637.486704 
-77.943897 
-66.269126 
-27.039952 
-0.601486 
-199.162942 
-216.954896 
370.733018 
-108.105635 
-183.966320 
-190.127813 
-220.374584 
195.931992 
214.770256 
361.626653 
62.924131 
-222.425263 
-130.289907 
-98.679937 
422.469739 
-83.811783 
-276.047901 
-463.722355 
289.264754 
-20.542641 
-142.485456 
147.075265 
18.920969 
-3.313677 
51.091368 
-351.136622 
245.640180 
-91.087251 
-318.433639 
148.791776 
-173.374822 
-365.417951 
-1.360770 
168.170465 
258.384439 
309.066444 
-66.641614 
-110.145447 
95.185880 
-120.888616 
-372.713993 
85.359491 
-369.563989 
-136.194363 
-321.700270 
45.354483 
-61.556663 
-20.939685 
223.655148 
-108.124233 
-102.249823 
-134.996699 
604.109919 
13.215889 
616.215566 
-394.240956 
43.969674 
-377.615547 
-155.242527 
-114.004227 
180.280659 
-133.194692 
-862.248322 
-521.847714 
426.084710 
-3.290974 
259.426866 
-246.695804 
131.244274 
43.232130 
-36.529187 
-68.973932 
349.810315 
-193.283403 
-378.365947 
-329.529108 
129.370537 
-365.811537 
-163.535606 
-64.667905 
184.313845 
13.020006 
-279.733660 
146.379450 
11.265265 
-20.684200 
-136.658829 
81.369914 
97.257055 
339.412402 
-74.840465 
-192.593411 
-136.305610 
148.065117 
-338.847079 
20.727595 
-209.351121 
-158.269532 
386.137833 
713.091401 
-315.791409 
-62.389167 
-190.074750 
207.329172 
6.256039 
441.644640 
-746.635334 
69.691909 
-245.045315 
80.135869 
-226.430527 
271.674864 
14.811578 
4.360645 
27.017092 
398.247305 
95.512554 
470.903644 
143.951214 
-142.157034 
-130.472139 
218.301427 
-140.857567 
132.496881 
-271.886925 
-451.387757 
39.923041 
560.262299 
47.621247 
-197.337232 
-133.438257 
16.018787 
-233.382655 
290.583236 
-219.835241 
-30.403407 
-232.589132 
-122.068067 
83.405586 
-197.081142 
-300.470515 
-216.330770 
374.031852 
11.841623 
-201.901026 
-25.577395 
-15.660230 
-70.953400 
301.375781 
10.750216 
-132.275802 
-202.403040 
-338.151128 
5.247653 
-96.137627 
6.615098 
-135.392835 
113.500680 
-339.537886 
-13.407770 
-375.656879 
-29.519124 
-321.614051 
78.018336 
39.132219 
-168.249053 
-322.515062 
-463.477642 
11.524025 
23.107801 
-61.308644 
-131.497064 
-196.266995 
58.558076 
-71.763042 
113.443147 
-74.987667 
-239.213845 
-500.492480 
69.217297 
-211.689440 
-218.942510 
0.562808 
-175.279615 
-34.313194 
277.155896 
4.048984 
-2.926562 
-53.031703 
-8.147278 
129.879867 
55.655152 
-207.730256 
-270.565813 
83.407130 
34.968396 
-35.225258 
-232.187576 
-300.014281 
-325.084294 
228.718503 
-245.479121 
-150.094326 
-102.606852 
-185.390357 
-160.178597 
156.062312 
-185.010948 
-49.193983 
50.770541 
-131.226672 
55.896967 
-121.455610 
-56.921241 
106.133423 
203.601690 
-100.311449 
-1.358432 
-74.769780 
-260.953744 
11.741503 
-119.137906 
-220.007910 
108.919566 
-3.454858 
143.469751 
47.079018 
-32.667508 
-408.873301 
-76.260694 
-106.322082 
-63.233341 
-252.019078 
-38.770802 
-34.790471 
-1.356755 
-9.817536 
61.079407 
204.500294 
83.407488 
-31.314046 
-106.029368 
-300.541253 
204.501209 
34.969997 
138.121508 
-157.165494 
-293.674668 
-83.854716 
127.152477 
-46.344310 
131.845412 
-56.606707 
10.749441 
-29.543041 
66.127964 
23.476288 
226.722895 
-158.192328 
-230.346458 
5.454873 
34.969370 
-167.537508 
35.257168 
-122.478699 
-426.416708 
-203.014920 
115.710785 
-49.471643 
-155.673208 
94.050015 
8.419713 
260.525163 
-13.469771 
-329.075441 
52.049200 
-122.797857 
-32.588879 
-233.697340 
-27.805287 
-301.117018 
-519.812359 
-182.316959 
24.438582 
9.882197 
-52.306843 
-74.015809 
-222.957319 
212.646570 
-62.892499 
-443.445833 
119.312870 
-374.017327 
-215.186798 
-162.769349 
6.342528 
-282.956530 
-37.687400 
-316.021606 
-140.973069 
-37.686453 
-381.175171 
-346.517409 
-98.234211 
-74.015614 
-251.004730 
-342.009563 
-132.104797 
-7.671574 
30.290326 
-330.841058 
-61.906434 
-230.180850 
-98.232652 
-98.873387 
52.997219 
-213.784866 
-147.799671 
-292.654236 
-164.895119 
-76.600317 
-97.736148 
173.988975 
-255.696437 
-46.217866 
-208.453246 
50.311417 
-45.988325 
-110.343034 
-217.059391 
67.597307 
-407.475462 
-159.612557 
35.442819 
-62.413416 
-98.234136 
-37.688090 
-241.763973 
-98.234842 
-18.789068 
-201.922576 
-103.690751 
-51.191575 
-320.560795 
-58.051630 
-74.015778 
-81.929586 
44.613201 
-70.174399 
-423.483337 
-164.080344 
-256.475133 
-8.760091 
-254.843906 
-76.006392 
-171.534911 
28.084108 
-229.073995 
-288.846126 
132.986434 
-151.698218 
-63.607134 
-61.907652 
-185.560224 
-241.841115 
-183.000993 
20.232878 
-183.001763 
-315.637048 
-486.169235 
349.811201 
-84.380120 
-310.299411 
346.534277 
-208.527817 
-533.400638 
-157.168505 
25.535928 
422.467550 
-159.531066 
50.880267 
-280.249046 
14.089735 
44.895910 
197.178289 
67.116554 
-330.862042 
112.127746 
95.515826 
-29.220581 
318.715875 
265.045046 
49.524696 
141.049892 
-212.125988 
-32.767288 
394.771567 
407.343540 
163.298315 
-164.642306 
127.999909 
27.469978 
174.436842 
185.818990 
-215.416366 
182.769103 
-46.660081 
-9.614192 
567.780903 
435.133273 
-175.685346 
-248.462203 
177.819657 
246.997526 
655.656892 
390.988211 
-181.252573 
-69.783038 
47.077000 
226.242589 
178.426983 
-61.651416 
48.878702 
-234.465657 
-80.870246 
244.000493 
325.591955 
352.417724 
-154.882406 
300.465105 
-302.188720 
197.221574 
-4.295779 
112.155620 
294.143723 
190.171653 
198.291370 
86.636829 
277.273685 
461.326126 
118.719615 
176.105373 
122.889760 
-51.009054 
-0.468456 
294.098601 
231.286667 
-9.592343 
-53.365662 
148.259135 
281.722990 
163.547036 
-62.789401 
-80.115760 
-200.933543 
271.466478 
-11.532941 
47.073039 
129.905374 
-7.042732 
-126.950743 
307.830363 
-77.372746 
16.355369 
-16.750408 
95.512751 
-72.186084 
-46.225735 
-31.889013 
46.676154 
-411.671943 
-72.516447 
122.031162 
-38.783933 
470.903060 
41.278384 
-418.127296 
-184.747219 
-149.131006 
-258.886269 
22.860099 
-44.073841 
-250.057023 
-93.665011 
-244.463481 
-31.870293 
349.813059 
-85.372726 
-532.178858 
-346.057986 
-57.732280 
10.960805 
119.729785 
179.714514 
-49.798215 
33.672019 
1.038038 
-172.645905 
289.155684 
-376.323447 
-28.691485 
-0.702901 
-159.221674 
20.874899 
-191.458180 
-263.570885 
-220.289247 
-237.883342 
-64.391368 
-112.674153 
-105.274958 
-520.547868 
3.320360 
-145.325997 
131.203359 
-336.331515 
-329.447257 
-182.130472 
-421.899729 
326.887852 
235.582563 
-123.653853 
-73.187215 
-169.745103 
55.360460 
82.648694 
-74.017070 
-36.923597 
-152.402034 
-78.852558 
374.030930 
-103.775359 
-468.725554 
-26.610873 
192.436149 
118.218227 
281.900484 
-307.235068 
-212.230735 
-26.064395 
-255.338462 
-36.174354 
-16.572719 
-459.434963 
71.299248 
174.226968 
178.993759 
-321.350533 
-118.196715 
-216.303435 
-64.478402 
-135.757906 
-44.297180 
-73.988405 
60.677816 
60.042846 
-27.709326 
115.255177 
-117.531238 
-86.663019 
-97.496465 
-21.260557 
165.993467 
-72.885199 
422.472506 
260.583812 
180.282292 
-446.472417 
-245.571789 
-206.828316 
-238.070838 
-39.193629 
192.389681 
96.310114 
-229.880075 
-250.861850 
-19.737664 
-139.535153 
38.536828 
-153.084868 
45.151050 
74.922260 
-470.715541 
84.434875 
277.155904 
92.392120 
115.697576 
-478.328167 
-259.539888 
24.765187 
-62.152641 
158.585566 
-73.478979 
-68.138145 
-202.292966 
-20.290908 
43.884880 
-1.039357 
38.101002 
-101.748247 
184.833819 
-35.945503 
-89.257810 
-66.533049 
-125.962259 
-103.339185 
-72.785157 
6.399704 
-224.757347 
-98.029469 
616.217549 
301.373466 
-350.591051 
-179.780633 
-135.446618 
-1.043164 
197.736466 
-71.461506 
-464.537057 
-30.782779 
144.553617 
-46.819589 
-147.969278 
244.680580 
-38.149654 
-24.955377 
-227.055530 
-74.017823 
-49.797614 
143.952676 
422.468677 
85.095080 
-126.710505 
243.542539 
-206.150909 
127.840932 
49.222342 
-178.635669 
68.761009 
307.056904 
-284.339718 
-115.734181 
48.311921 
-6.657645 
-168.847514 
-119.685619 
-183.084019 
-125.596685 
-116.658706 
-49.899456 
10.749246 
-214.577572 
-131.835340 
-131.616543 
-1.359473 
28.243014 
-667.312427 
95.515394 
522.184212 
81.523550 
240.827225 
75.331192 
-330.097177 
-89.765796 
-323.770068 
-97.708131 
-63.202903 
93.899682 
-1.636544 
-18.307812 
-174.887342 
31.663218 
-140.744348 
-40.078292 
-102.942558 
-175.552193 
94.146774 
-44.103469 
-124.429547 
50.036798 
106.056170 
-135.380622 
-133.230607 
-41.752460 
20.886576 
146.368208 
84.197264 
-247.204662 
-92.536852 
-36.278587 
-300.373813 
72.088274 
-75.181246 
-168.546126 
30.819078 
100.780742 
205.964245 
228.718202 
-153.377373 
-255.511307 
-1.384882 
-28.552290 
-83.168110 
324.608228 
-198.486240 
-140.158002 
95.514969 
83.406008 
-35.370831 
-25.744087 
-62.733775 
114.083271 
107.624234 
68.684032 
-351.664893 
-16.928936 
-121.585911 
-222.495694 
-1.358900 
-69.272821 
-324.101228 
73.049743 
135.196750 
88.337098 
-9.129446 
-135.952662 
-316.106994 
46.870811 
10.446727 
228.721084 
350.567243 
-390.370999 
19.610214 
34.498903 
-150.175445 
49.191115 
-298.836305 
-8.203117 
131.846406 
-242.324054 
-106.588256 
-204.245269 
-96.401399 
-90.744715 
-399.744298 
-304.348805 
-118.118837 
-25.576112 
-118.773040 
92.301438 
107.627983 
-61.905643 
-167.432408 
-114.092282 
-111.534637 
10.748399 
-110.341643 
11.372292 
-299.245775 
-87.530720 
5.459291 
-109.875567 
-16.821869 
-74.014352 
-189.810229 
107.626853 
152.176665 
-128.492227 
41.864654 
-105.431166 
-170.665628 
-371.213629 
222.919951 
-231.438259 
23.927289 
40.804838 
44.620942 
-8.099513 
7.805259 
20.245318 
43.218058 
-64.388539 
605.722172 
-199.151629 
253.356465 
-13.468062 
-39.472963 
58.180928 
81.936773 
38.574252 
-114.310706 
-73.034551 
-85.441971 
-76.338982 
4.352332 
-198.840504 
34.780673 
-65.468628 
-74.015952 
-240.230510 
-121.872508 
-28.472882 
276.260414 
-14.848464 
-85.259260 
-357.110564 
-93.596685 
18.667015 
-4.930805 
-74.015560 
-114.654581 
-348.020506 
-37.688634 
-194.312052 
-78.466647 
-37.688440 
-61.907712 
-198.394367 
-334.973054 
-249.865379 
-54.725916 
-133.749592 
-258.055117 
-61.907122 
-150.470028 
-49.797674 
-189.113455 
154.686599 
-88.323581 
-122.906204 
-454.710985 
-173.044646 
-254.092202 
43.023636 
-44.452067 
-136.687740 
56.104331 
-211.030931 
-180.783426 
-154.207393 
-25.579466 
-145.950215 
-0.820043 
-243.022099 
-110.620144 
-82.542633 
-101.641475 
10.749279 
-74.016530 
-479.915626 
-61.907616 
-428.524142 
-135.646420 
-326.055376 
-116.899640 
-145.446932 
-146.416497 
-37.687901 
-43.508836 
-220.842271 
-208.867378 
-164.106390 
-210.245177 
27.531830 
-109.568569 
-266.073311 
-136.083527 
-14.436824 
-264.353910 
-56.900454 
-185.765306 
204.970821 
-274.652842 
116.310227 
-182.998320 
-153.376074 
-177.674972 
-182.998404 
-15.791695 
-182.998997 
-339.791791 
-84.286641 
337.707599 
56.711473 
-242.265698 
382.185976 
-290.557737 
-260.340489 
-350.911507 
-141.851652 
495.128531 
-393.426644 
184.976347 
-94.335473 
-88.860525 
-76.857434 
725.260999 
52.949199 
-275.188787 
174.876371 
168.175213 
9.794222 
274.782122 
386.143920 
-75.943158 
155.968433 
-80.920490 
-100.651449 
420.893296 
403.671797 
126.081329 
-185.242637 
-53.395853 
-62.943879 
86.801712 
122.399886 
-347.224732 
223.149293 
44.045516 
-129.190538 
592.001608 
528.606849 
-78.712579 
59.840649 
269.825823 
273.698824 
622.480914 
223.006111 
-256.769001 
-345.015728 
119.735567 
19.783297 
113.161155 
-77.300284 
4.147438 
-126.237155 
-92.912155 
111.356743 
265.046645 
262.653337 
-292.978328 
111.077131 
-260.995939 
-0.450435 
-161.010092 
166.786918 
129.569934 
-265.334582 
-58.621125 
-341.926328 
432.127958 
256.395003 
-22.957038 
-24.316764 
-78.056416 
-19.096626 
142.698081 
432.000485 
-143.795515 
48.822629 
91.947171 
-168.842432 
52.335193 
1.998841 
-181.866312 
-422.950583 
-149.708378 
45.059406 
-27.654888 
337.700912 
51.192619 
-26.044978 
-137.379604 
281.998677 
150.721253 
-50.732236 
154.642425 
168.169413 
-155.227212 
-159.931867 
-62.912888 
-374.965071 
-13.684637 
-91.997076 
84.268263 
140.232015 
543.559589 
48.219941 
-293.878605 
57.495113 
23.068208 
-89.803622 
543.559512 
48.603589 
103.361742 
154.224117 
-145.838908 
87.890723 
71.297266 
230.450860 
-169.483046 
13.444129 
55.938589 
-49.261724 
495.124630 
-377.282405 
95.513767 
-297.895400 
346.355155 
8.501722 
190.821760 
43.588428 
-97.227334 
125.316515 
202.606140 
327.837760 
-92.176882 
-405.291349 
149.827840 
-229.830944 
-54.370335 
-98.835050 
270.223823 
-576.554729 
-20.695201 
-178.901788 
46.860057 
-184.936738 
-193.349824 
105.946221 
-322.779617 
507.587446 
-186.837794 
-97.660236 
-267.429397 
-157.884034 
240.285699 
-65.098255 
192.388822 
-8.785686 
-69.864669 
-206.931780 
71.296363 
-17.310228 
-332.152293 
86.545890 
134.797282 
44.470415 
-14.655007 
238.355438 
-269.519734 
-144.288104 
-30.474577 
-77.455650 
193.551822 
-570.713751 
265.045507 
343.758457 
-52.560554 
-356.116318 
-229.746612 
-108.770929 
-132.483881 
52.817033 
-223.084329 
-187.419603 
-159.989877 
51.476219 
23.191625 
-5.182008 
-155.573625 
-97.032990 
-26.347607 
68.668275 
266.439975 
-61.595950 
192.389793 
316.403697 
204.501691 
-440.208816 
-330.432188 
-250.618411 
-24.406512 
136.498174 
470.906344 
99.717677 
-783.388385 
-246.954251 
60.139124 
77.766908 
-52.030119 
-112.769770 
-177.406240 
95.851134 
43.645267 
-153.174764 
143.952916 
312.138450 
413.587770 
-347.812805 
-271.802838 
-6.698162 
111.483126 
265.694336 
-76.388808 
-235.649441 
-463.435963 
75.934890 
89.456753 
56.843441 
-19.844784 
-68.487657 
-36.328821 
-237.868562 
-16.954745 
-202.970476 
-36.929990 
-200.452524 
-239.146695 
-30.306248 
-294.991084 
-73.200268 
301.376446 
216.610832 
-153.209511 
-485.699414 
-9.958661 
-395.388988 
-141.521962 
-271.005452 
-364.735949 
134.662582 
-27.291483 
-27.660382 
-201.251342 
236.027583 
302.001440 
165.552855 
-290.300918 
-170.889406 
107.628324 
277.159309 
59.189542 
-119.307841 
-202.322472 
317.152416 
-28.520367 
-8.458338 
-242.664457 
16.148381 
-53.935846 
144.894406 
-172.951476 
-256.423401 
-90.669132 
-249.136334 
-347.158531 
-102.208696 
-146.036648 
111.738523 
-135.562052 
-542.417722 
-49.794988 
69.878895 
-53.857465 
-183.303283 
95.516631 
-56.788102 
-446.495916 
713.095579 
65.523786 
56.132089 
325.594551 
139.916451 
-140.381429 
-188.202176 
128.818455 
-401.636898 
-67.818247 
13.954825 
-191.735582 
-192.788969 
-348.349305 
-218.152618 
-215.824595 
-361.648981 
-138.235616 
-22.577077 
43.211480 
186.631439 
345.238637 
-85.288230 
-174.773241 
10.828973 
99.410987 
-88.320087 
-234.655609 
84.299944 
191.695407 
41.799942 
-0.881198 
-243.761848 
-236.136126 
12.479050 
-121.967738 
-67.352281 
-6.771493 
187.246117 
80.504650 
-13.469673 
-78.171933 
-155.525218 
43.589888 
165.476957 
35.805659 
108.119996 
-224.075666 
-142.874568 
107.623370 
-25.579802 
-197.170732 
24.462967 
-170.160810 
-170.079363 
-1.361187 
95.634839 
-101.895835 
93.072884 
30.610676 
-65.253896 
374.029953 
-143.928184 
-263.677081 
-107.533881 
201.200777 
26.346766 
-62.842130 
103.996998 
-50.199414 
215.535066 
166.972883 
-49.800047 
-561.419761 
-316.205557 
137.158951 
14.550255 
-238.942244 
32.514552 
-393.802486 
-159.915452 
-37.689553 
-273.652317 
-195.159395 
237.389184 
-49.448870 
16.591566 
-525.920439 
-138.590176 
-40.343929 
107.620955 
27.954355 
-158.355972 
-25.579667 
-1.358053 
160.481152 
17.263379 
-154.261199 
-13.470451 
-37.688744 
-144.856293 
-92.582543 
-99.688637 
-128.719653 
50.450892 
-91.821899 
95.515618 
-233.707986 
131.846393 
207.238184 
-164.414603 
68.675487 
-8.711836 
-157.916229 
-279.936107 
128.767590 
313.479819 
-49.513592 
49.077230 
-209.430939 
-126.128979 
-6.296541 
16.921565 
-253.123081 
52.015114 
912.519274 
-309.682434 
199.376611 
-37.685868 
-239.298548 
-57.333221 
-176.079429 
47.655154 
-320.536100 
69.097315 
-263.653903 
-251.221914 
-32.100506 
-120.531925 
-57.536079 
-38.833388 
-37.687075 
-143.008420 
-7.278196 
95.955337 
155.634966 
-33.195668 
-221.812891 
-119.489738 
-222.654636 
63.530218 
-96.062332 
-37.687582 
101.476641 
-154.746803 
-25.577772 
-111.541232 
-96.392275 
10.750378 
10.750835 
-434.891977 
-330.511574 
4.889130 
79.226122 
-140.229674 
-256.788390 
10.748765 
36.080770 
-1.359544 
-167.046309 
102.775801 
-121.873937 
-260.896880 
-5.181617 
0.617293 
-194.203645 
-7.467388 
-37.802405 
-162.242101 
-79.671648 
-63.566986 
-218.632107 
-49.237246 
228.718516 
-100.642046 
-331.139509 
-194.659062 
-46.423442 
-163.861700 
-35.814229 
71.295293 
83.405379 
-340.459652 
71.297567 
182.617782 
-248.874518 
-377.401433 
-324.683853 
-160.177479 
153.403273 
-183.000599 
-18.272806 
-116.362658 
-172.191346 
-238.960046 
59.188988 
-150.766046 
23.274169 
-155.308050 
-171.241315 
-129.420094 
97.451819 
81.288498 
-201.026637 
-170.867104 
-298.969470 
-27.542673 
-182.998846 
75.612595 
174.600522 
-183.000131 
-68.210893 
-182.999893 
-241.201016 
-95.035020 
495.122371 
-223.412707 
-176.875964 
299.702028 
1.509465 
-215.443233 
-2.168506 
103.662171 
95.511684 
-320.599204 
16.729097 
151.793459 
-30.318398 
187.895803 
362.993116 
272.639745 
-28.657596 
129.469312 
107.623963 
237.127434 
122.011033 
398.249808 
343.506799 
65.446702 
-524.315610 
-138.409285 
125.681130 
146.800428 
18.346675 
-42.049882 
-85.877487 
-22.628986 
129.044880 
-103.874535 
-146.367122 
29.621970 
-21.756889 
119.314054 
143.956351 
176.509843 
92.243441 
-29.196102 
-33.177772 
145.946777 
444.411064 
78.173570 
-35.660438 
-41.712013 
398.252878 
-87.754689 
311.617010 
-79.781969 
147.542781 
-213.271592 
394.561588 
-172.958640 
349.812541 
-106.231599 
-212.869814 
-42.517787 
-93.559050 
-68.626086 
11.396783 
-151.266585 
59.264985 
-269.771891 
-243.757660 
-48.477801 
141.783783 
126.432246 
115.054496 
-71.728477 
-188.856495 
26.054569 
52.029664 
504.211638 
594.421807 
-245.171072 
5.714888 
131.705338 
-57.845897 
47.347981 
24.478297 
-232.614274 
-207.828206 
-77.857888 
16.242316 
192.390105 
-48.089030 
48.459789 
24.233136 
101.163439 
192.815014 
-91.723862 
-160.021362 
313.482335 
-161.099761 
-253.517546 
377.516677 
-44.012509 
-12.940110 
267.178614 
-69.029804 
-88.243420 
398.250266 
77.519502 
-267.328607 
150.053326 
-106.305415 
-193.980463 
616.219950 
118.773764 
-248.393062 
60.158635 
-96.607874 
152.474053 
-1.358986 
208.739056 
-265.945064 
-246.959374 
-53.838413 
-22.717836 
374.032319 
-245.664051 
119.735046 
114.121716 
221.273778 
93.170675 
153.754670 
-21.954507 
88.424175 
-131.317214 
31.517814 
-87.680386 
-158.776163 
-227.872545 
-151.130583 
-107.605950 
-325.551153 
79.926863 
121.215346 
-92.936773 
-109.354398 
-277.689418 
64.459404 
-286.104959 
-346.629028 
-67.201742 
65.823931 
126.590850 
-113.622503 
254.712902 
-28.221472 
28.598118 
92.397354 
303.145096 
240.825024 
-28.045145 
67.764249 
-140.391214 
71.294318 
-246.429850 
-333.344832 
270.768838 
-175.383321 
8.933077 
79.506182 
-13.407619 
-260.251998 
-148.827224 
-37.912927 
-74.235290 
276.522852 
-268.607511 
192.388883 
234.774237 
19.164166 
220.382258 
-119.797417 
302.806174 
-76.554109 
145.537675 
-296.163543 
-19.030508 
-219.545138 
-95.332549 
12.432372 
-141.221951 
-17.029272 
14.649576 
221.252341 
244.284178 
50.956102 
341.165558 
252.937144 
163.158766 
156.063778 
-441.228416 
-230.003725 
-34.945235 
-256.797023 
310.857331 
301.375458 
-58.902379 
-612.474188 
209.818507 
-214.296182 
76.117964 
175.692983 
-292.707809 
-274.334707 
59.526588 
-158.455471 
-69.495384 
192.391774 
177.947070 
-287.947128 
-6.527830 
156.737899 
-214.651523 
192.193059 
-96.488302 
-101.704664 
-446.389159 
-123.702254 
-53.769458 
-51.500225 
-21.996977 
-193.189716 
-75.066512 
-141.920737 
29.689680 
121.903236 
-127.708005 
57.534046 
-269.120218 
-326.554028 
-26.488553 
151.926525 
-202.138272 
337.702172 
398.249571 
-301.142094 
-186.847640 
-17.095606 
-223.300322 
32.621849 
50.674243 
-576.925132 
-60.402320 
-50.657679 
-96.809159 
-162.573583 
97.401260 
298.445777 
75.073639 
-183.623947 
83.406368 
22.858160 
95.515276 
143.954027 
196.273268 
-53.319923 
311.604547 
167.827636 
9.112947 
-392.382796 
-197.532122 
76.872237 
212.537603 
-197.606099 
-94.341526 
-222.011306 
-124.437694 
-267.289053 
6.164974 
-100.328741 
-0.378597 
-233.452402 
-376.271505 
180.282289 
81.576040 
178.403413 
-353.107089 
495.125054 
-225.179025 
-90.747489 
252.938030 
125.760746 
-222.351405 
47.079422 
-15.080715 
-313.812289 
-251.812956 
216.608688 
-489.766928 
-67.512623 
-173.722995 
-307.628846 
-161.598080 
-270.260203 
-248.043872 
-147.206201 
-278.635826 
-376.180786 
-55.441935 
112.099150 
-14.470444 
-61.160315 
-199.506821 
-146.250770 
19.368272 
-15.787343 
-269.015970 
-247.833624 
-81.873290 
-166.033971 
48.087045 
-236.641397 
-218.796980 
-278.779284 
-21.325355 
-271.577345 
-264.660198 
128.623558 
-206.996797 
-138.231155 
-146.671553 
-270.779950 
-44.171707 
-59.022372 
55.076197 
-126.851291 
-39.489013 
-154.282258 
-141.365916 
-110.343989 
-122.452366 
108.385296 
-54.382323 
-79.131669 
-299.254459 
277.156455 
-107.412852 
73.540231 
-175.301131 
-420.024207 
-334.158482 
-49.795796 
-45.966930 
-185.666874 
-384.572628 
76.788056 
-96.093353 
-31.492659 
-76.254431 
-41.603804 
100.941119 
-21.360381 
59.185537 
-799.064743 
261.261833 
45.148899 
-104.031226 
-230.888414 
112.266608 
-321.724765 
69.108340 
-74.017245 
-241.855052 
-414.299007 
9.980317 
-289.055277 
-266.366253 
-579.361473 
-92.471560 
-198.310231 
59.185585 
-63.538976 
-172.729716 
-49.799153 
204.500600 
82.185086 
-7.629847 
-215.865382 
10.749856 
-1.359251 
192.771351 
-170.085589 
-34.666872 
-266.566927 
-13.126023 
-7.847328 
59.188538 
-152.726313 
-74.014991 
-199.999947 
-88.609861 
-24.688932 
-242.185908 
-41.230783 
-351.567938 
-29.136774 
119.737579 
7.923171 
-196.638668 
-248.387588 
-94.206541 
-197.980068 
-103.750691 
-21.909301 
-140.983838 
410.691147 
-231.477999 
-27.508837 
-49.798538 
-173.338494 
238.976339 
-115.596560 
42.886811 
-268.212360 
-14.943396 
-89.365925 
-350.946455 
-119.217696 
-303.986951 
-33.768400 
-67.942553 
-25.579665 
-296.980247 
-81.164017 
66.671656 
-596.992470 
-267.797641 
-232.607038 
-220.826478 
-94.885191 
-22.225113 
-311.150607 
-37.688521 
-185.296907 
-243.214055 
-74.014125 
-2.715844 
-266.964734 
-25.577929 
-25.577055 
-50.878213 
-212.357137 
-50.764857 
78.868485 
136.217992 
-160.877742 
-25.578682 
-47.314277 
180.282199 
-109.593477 
-188.640897 
-73.369525 
-291.233175 
-383.626968 
-38.841617 
-80.578329 
-153.658265 
-174.865739 
-59.786526 
-228.630905 
-124.476617 
-148.636750 
11.505657 
-13.466788 
-180.043289 
-21.002001 
-179.224769 
-295.517046 
-80.466044 
25.126384 
-61.904084 
-74.013473 
-196.681616 
-86.123430 
219.276443 
28.669110 
3.952322 
-71.541029 
-276.405293 
62.948740 
-182.998691 
-39.040114 
-138.192354 
-193.465836 
-514.218427 
-182.999917 
-169.118140 
137.605680 
-189.703199 
-353.104775 
-297.010595 
90.312861 
-145.619213 
-184.937735 
-194.862794 
-101.505320 
41.272585 
-183.003004 
202.976926 
-81.134346 
-182.999762 
54.784712 
-183.001190 
-462.859362 
-54.922757 
519.347226 
-114.145008 
23.341866 
-21.051335 
-280.466414 
-397.481340 
204.503417 
385.311285 
95.520146 
-60.007585 
-124.303272 
-187.883035 
355.903970 
-2.153421 
-31.305973 
-105.924157 
-408.342326 
187.308893 
-1.356599 
182.768222 
193.602360 
313.489144 
283.602613 
266.051149 
-645.613546 
322.502351 
368.949943 
225.784125 
173.913856 
-129.377960 
-28.321690 
19.434339 
127.539195 
-124.353743 
28.146933 
52.718976 
106.068182 
267.172384 
470.909928 
308.386152 
-143.999923 
32.497389 
186.716065 
176.087328 
337.539589 
-204.809160 
-38.202042 
-243.745573 
180.283199 
-232.444544 
153.864205 
148.385740 
98.746201 
-381.290355 
194.594000 
-139.575677 
71.297140 
214.523754 
-33.470793 
123.359830 
20.969629 
50.996575 
139.479209 
34.919525 
304.769994 
-383.783362 
-52.216885 
44.724476 
-163.409280 
50.933336 
-5.574185 
-37.813340 
8.173330 
97.130270 
-39.692665 
315.700279 
399.759560 
31.221238 
-45.831054 
168.461060 
142.126924 
123.734555 
-152.729589 
205.219195 
14.471795 
-140.996867 
-117.869124 
858.401021 
73.206043 
-41.845451 
-188.389280 
-40.923012 
351.960751 
-27.198325 
-51.941389 
374.025959 
-94.228982 
-115.242744 
46.803354 
-44.694818 
-26.929756 
-152.829889 
39.422664 
138.111285 
325.589980 
-53.374546 
-292.164621 
-75.082648 
-3.232671 
-153.473591 
71.294424 
-23.504548 
-5.043130 
-36.824593 
115.432486 
-27.097036 
361.919755 
262.650454 
-46.176041 
-223.199038 
101.349582 
-30.028745 
47.079221 
-151.179626 
337.705404 
197.913618 
-4.269038 
34.993758 
349.355514 
-176.541003 
273.657572 
-60.756700 
-284.861833 
-344.890377 
-267.934322 
-98.558984 
-68.827618 
-746.688797 
-30.057904 
179.454889 
235.697244 
137.144401 
-144.189674 
-225.029509 
-40.778768 
-555.505934 
-393.283514 
-203.512928 
-209.170621 
-251.814821 
-10.363379 
115.217469 
-182.106896 
-162.621245 
48.342429 
95.870882 
240.830088 
-190.378277 
149.580193 
-347.029319 
192.390513 
-57.514894 
-416.696838 
232.935019 
-32.094408 
67.831534 
-137.130647 
-159.097805 
-464.044772 
227.618815 
-45.814146 
-194.894083 
24.861008 
-216.542850 
386.136323 
319.538387 
58.346858 
271.852981 
-125.317297 
-14.221211 
171.290285 
44.176640 
-475.251090 
-156.037014 
-383.599845 
68.676563 
-283.035078 
-50.216276 
-362.493755 
-134.862309 
58.863799 
398.235884 
103.150075 
-101.057494 
519.339908 
159.111438 
107.622334 
76.805678 
12.388890 
75.998280 
-200.462716 
223.158556 
325.592335 
97.136907 
-447.925262 
5.249415 
69.476252 
240.589250 
49.639519 
-258.387182 
0.223029 
-2.209080 
-131.885516 
-60.061384 
410.357875 
116.747269 
-300.863392 
-104.724584 
238.328294 
-184.888962 
-30.891880 
190.346308 
99.913016 
-189.847431 
-321.643916 
34.401399 
99.224537 
159.141706 
-128.794897 
-336.304711 
-167.113822 
-102.026292 
86.780502 
159.674338 
-81.700036 
-109.237079 
-304.701213 
159.255063 
172.568188 
-79.065507 
119.733758 
422.468324 
-450.810203 
19.222782 
-53.652359 
-223.954872 
170.381911 
128.543116 
-447.370486 
-46.384732 
-295.964511 
-141.582802 
-254.527339 
59.017007 
11.762788 
152.904158 
-302.549277 
204.498730 
168.170613 
10.749045 
22.857555 
15.245863 
-166.143588 
18.972453 
-116.239243 
-157.843790 
-242.111220 
36.472227 
-89.838179 
353.715413 
-471.195740 
-335.580940 
-41.035779 
-49.187511 
-430.654576 
-242.144997 
124.661875 
57.363920 
-177.979368 
-284.953288 
252.937204 
-74.769235 
24.099472 
26.825101 
325.594339 
-151.262917 
-152.298658 
180.281609 
-119.948881 
2.780078 
119.735486 
101.167957 
-69.323050 
-198.451531 
18.318329 
-118.531031 
137.367336 
126.461175 
-81.724963 
-33.100312 
-171.051094 
-99.425791 
-167.570683 
-209.614040 
82.370769 
-4.614945 
91.151091 
-85.034695 
-444.239823 
-247.763630 
-160.982123 
-36.397006 
-186.702536 
-192.420936 
-201.960452 
-216.134533 
-105.777105 
-110.742568 
-127.183164 
-14.815016 
-433.961655 
-36.535492 
-163.803561 
52.720597 
224.393592 
73.662784 
-38.141743 
-1.359437 
-86.171245 
-0.909179 
57.688951 
190.605677 
6.532686 
65.682977 
-128.668114 
-103.446007 
-61.906915 
-49.796988 
-47.101998 
-106.282533 
-159.211853 
-221.750011 
131.843414 
-46.080612 
156.023871 
30.631980 
31.339595 
111.233076 
-49.796273 
46.398041 
-67.781279 
121.898867 
-1.790208 
-160.293057 
-152.782393 
-29.908861 
-68.582820 
-18.495425 
75.108999 
83.407208 
38.754547 
-275.334133 
222.777569 
40.269201 
-237.716896 
-8.073134 
-312.132740 
61.007408 
-74.014511 
-184.290887 
-154.631974 
-40.728101 
-163.103488 
3.217364 
-9.137894 
-108.666678 
-169.099369 
59.188310 
-38.104696 
-38.218311 
-74.015443 
59.188314 
-110.121632 
-126.266085 
-137.586150 
-122.452071 
-98.234354 
187.936103 
-157.165391 
-80.457156 
-140.500119 
59.558138 
45.779648 
10.750199 
-86.881002 
-49.796336 
-77.704606 
-42.038416 
-49.767170 
70.237080 
58.223303 
-190.472090 
-72.839587 
143.952671 
139.502899 
-53.251888 
-119.479058 
118.587503 
-218.544959 
-13.219359 
66.128957 
-57.573358 
-10.867088 
-177.405038 
155.383510 
10.749542 
-71.618711 
157.407632 
-192.095687 
93.710811 
-242.256998 
191.120048 
35.161286 
-137.828610 
-186.763078 
-136.936861 
138.106925 
10.533343 
-37.686798 
-259.965310 
85.677251 
80.618801 
-499.262221 
-36.881631 
-158.810834 
-97.508809 
-171.090223 
137.712931 
-89.303236 
-37.686827 
27.667862 
-34.307239 
-61.906540 
-297.892823 
-274.518766 
-74.015645 
-74.015869 
-175.870091 
-283.153811 
22.867966 
-130.769938 
-112.967377 
-181.081290 
-61.906751 
-209.747638 
-61.906926 
-9.940760 
-125.054328 
16.747343 
-442.603414 
-186.407574 
-79.063310 
-123.651778 
-163.531585 
125.763166 
-158.918074 
-206.630308 
-23.145514 
41.135510 
-60.911865 
-146.672123 
86.276978 
-140.134203 
-176.014140 
-33.289530 
-9.200342 
56.869843 
-49.797003 
-25.578009 
-198.534223 
-13.469438 
-252.665222 
-104.867360 
214.835689 
-212.509503 
-242.023998 
-160.858583 
-182.999758 
-67.956941 
184.267617 
-302.390668 
-344.856849 
-182.999213 
-78.842424 
-300.225118 
-314.505740 
-115.353294 
-53.849580 
-215.714640 
-223.632919 
-265.678172 
-98.638631 
-235.152487 
-131.571363 
-182.999677 
113.195351 
-219.785021 
-182.998534 
-193.430423 
-182.998488 
-373.229696 
-265.898696 
-170.890626 
-188.347873 
-179.854463 
-180.826519 
-187.181605 
-187.436800 
-183.000001 
-180.671929 
-183.000000 
-187.043331 
-177.634259 
-183.351123 
-190.138725 
-180.415727 
-179.115030 
-179.200382 
-183.776936 
-186.915870 
-170.890625 
-185.637361 
-180.741346 
-182.999999 
-174.767706 
-186.831082 
-182.021440 
-181.234017 
-179.281062 
-184.681610 
-178.248416 
-178.802318 
-178.750116 
-170.044574 
-183.673566 
-181.326355 
-186.432024 
-182.440139 
-182.844584 
-191.124525 
-183.000000 
-182.324859 
-186.239329 
-181.807263 
-189.707116 
-179.782478 
-171.806574 
-179.782018 
-183.632945 
-174.996653 
-170.890626 
-176.953914 
-182.994669 
-180.669702 
-181.578003 
-194.352539 
-171.160389 
-176.955413 
-183.000000 
-187.515148 
-181.827716 
-179.510431 
-173.008113 
-179.824022 
-195.187374 
-182.351922 
-170.845306 
-179.414842 
-184.318681 
-183.736422 
-175.182836 
-177.247752 
-186.129262 
-179.907476 
-183.768110 
-174.223934 
-183.099908 
-177.656078 
-171.647461 
-179.760416 
-170.926961 
-175.815570 
-175.955021 
-186.204876 
-177.634259 
-182.864487 
-189.280385 
-178.896652 
-171.556932 
-183.000000 
-184.752978 
-180.103454 
-186.016859 
-170.083333 
-181.113739 
-182.679035 
-178.093761 
-183.000000 
-179.328871 
-184.692861 
-184.815939 
-184.842005 
-188.392732 
-181.936511 
-175.345234 
-181.329411 
-183.000000 
-172.901412 
-186.104037 
-177.116581 
-185.566582 
-185.505533 
-183.000000 
-186.756419 
-184.123001 
-185.715511 
-186.533027 
-181.763737 
-182.999999 
-184.898660 
-180.381175 
-171.274164 
-181.937551 
-188.800734 
-182.999999 
-182.670535 
-183.000000 
-188.030382 
-185.899241 
-185.182566 
-179.056652 
-182.114946 
-181.298625 
-181.415694 
-187.125945 
-181.253174 
-183.996045 
-180.637241 
-188.337712 
-184.118190 
-182.442021 
-178.187518 
-184.911061 
-183.000000 
-183.933619 
-183.700568 
-172.172928 
-190.725300 
-193.903031 
-178.537166 
-187.536971 
-189.191412 
-186.642159 
-181.030742 
-184.468881 
-180.527475 
-182.648828 
-182.875918 
-183.000000 
-175.900552 
-174.775215 
-189.370511 
-183.000000 
-175.991555 
-188.248639 
-183.831301 
-185.037639 
-180.651062 
-176.235529 
-180.782137 
-176.414208 
-180.532480 
-179.078448 
-179.621616 
-185.807017 
-188.423931 
-183.000000 
-176.945312 
-172.934473 
-186.756419 
-187.976458 
-177.405200 
-178.375971 
-181.519940 
-190.473736 
-185.208685 
-182.187298 
-183.265382 
-181.325330 
-187.209546 
-181.059847 
-186.264003 
-185.524127 
-185.422756 
-184.495188 
-181.990261 
-183.000000 
-178.601361 
-183.000000 
-188.882737 
-180.333606 
-184.902513 
-183.752175 
-181.467156 
-183.000000 
-184.630467 
-169.396155 
-181.693731 
-184.199238 
-186.911212 
-180.648787 
-181.694820 
-184.525646 
-184.158997 
-186.100847 
-177.646521 
-183.000000 
-179.563372 
-182.999999 
-182.522058 
-186.221838 
-185.117487 
-180.438307 
-183.200850 
-187.052528 
-172.351485 
-181.435585 
-184.305010 
-180.540389 
-182.235722 
-190.310487 
-186.863978 
-181.471438 
-186.942326 
-176.307445 
-180.760506 
-184.247987 
-184.713750 
-183.561774 
-180.066316 
-182.150612 
-181.392012 
-183.000000 
-183.000000 
-182.133416 
-173.880114 
-179.794397 
-191.586729 
-186.156586 
-191.949800 
-174.337302 
-186.271470 
-189.169466 
-178.782957 
-171.001544 
-186.005252 
-174.651826 
-186.739559 
-181.404389 
-183.000000 
-183.000000 
-183.000001 
-183.000000 
-173.839752 
-183.554207 
-187.103169 
-189.460462 
-175.594959 
-189.125751 
-182.324903 
-180.727698 
-176.590857 
-184.741678 
-175.547380 
-181.039670 
-179.879975 
-182.495052 
-185.517131 
-177.524247 
-184.042965 
-183.915488 
-182.276350 
-183.000000 
-182.844585 
-184.643418 
-193.614346 
-170.890625 
-183.145702 
-176.790449 
-183.000000 
-178.500471 
-176.135330 
-183.000000 
-183.000000 
-190.539018 
-185.896298 
-170.890625 
-183.282307 
-188.030381 
-184.437041 
-179.153279 
-186.676455 
-183.227554 
-179.585476 
-172.149083 
-186.486503 
-181.734209 
-179.304069 
-180.512946 
-179.800559 
-185.907713 
-179.478358 
-184.038763 
-183.008434 
-182.031460 
-183.119339 
-185.763101 
-173.429654 
-176.712079 
-171.574338 
-183.258122 
-176.283358 
-183.553159 
-183.274464 
-175.056645 
-178.846919 
-181.326355 
-188.648842 
-174.019468 
-183.000000 
-181.875714 
-181.276616 
-178.608401 
-181.126657 
-179.478358 
-183.308873 
-180.603540 
-186.747283 
-183.000000 
-182.999999 
-181.947185 
-179.028627 
-183.176547 
-182.999999 
-170.890624 
-168.442072 
-177.272547 
-173.428195 
-181.384462 
-185.831461 
-183.000000 
-184.673484 
-183.115868 
-190.155411 
-173.910294 
-177.068743 
-179.687787 
-179.273319 
-177.232316 
-181.208380 
-180.327057 
-183.000000 
-182.999999 
-182.999999 
-177.269746 
-187.334177 
-186.440772 
-178.295247 
-176.678919 
-185.305886 
-183.000000 
-187.843262 
-178.312606 
-176.459806 
-181.137593 
-180.130309 
-179.782477 
-182.891374 
-186.493764 
-183.000000 
-181.877255 
-182.077707 
-183.000000 
-183.000000 
-179.668470 
-180.959538 
-185.305886 
-183.000000 
-182.999999 
-171.334974 
-182.999999 
-185.267043 
-169.046816 
-181.280213 
-178.793763 
-183.000000 
-182.243163 
-183.000000 
-184.732866 
-186.590143 
-183.367901 
-184.846178 
-183.004998 
-182.821810 
-179.200755 
-183.000001 
-176.870619 
-183.577617 
-185.566582 
-184.014426 
-180.771353 
-183.781722 
-181.291595 
-186.123309 
-183.000000 
-182.526560 
-183.127043 
-183.000000 
-186.151017 
-179.698460 
-185.175961 
-180.342545 
-172.375910 
-183.992011 
-191.588192 
-182.834554 
-180.430367 
-187.901764 
-181.921249 
-181.655315 
-183.000000 
-188.455540 
-172.223746 
-189.773683 
-181.533631 
-185.743247 
-189.136836 
-186.198135 
-180.105935 
-184.384540 
-187.252423 
-183.000000 
-182.132845 
-180.233571 
-183.000000 
-180.094600 
-192.702445 
-183.000000 
-183.000000 
-182.048975 
-184.770375 
-180.728666 
-180.675885 
-177.396205 
-183.367391 
-183.000000 
-183.864649 
-183.000000 
-185.409031 
-191.419248 
-174.635857 
-187.672722 
-176.514271 
-184.768369 
-186.922289 
-184.912933 
-181.220005 
-183.443850 
-184.177043 
-179.058196 
-180.661208 
-180.593829 
-183.000000 
-182.285650 
-185.324379 
-183.147158 
-179.153279 
-181.423490 
-182.511203 
-183.000000 
-183.000000 
-180.570855 
-182.999999 
-182.216202 
-185.843467 
-177.105074 
-182.566162 
-187.305574 
-177.495293 
-183.000000 
-175.907694 
-178.339518 
-181.656745 
-184.967955 
-183.000000 
-183.999766 
-184.092381 
-184.011329 
-180.489765 
-183.274237 
-183.734810 
-178.835258 
-182.995315 
-181.459296 
-177.026054 
-183.563103 
-183.000000 
-184.569041 
-171.684870 
-183.000000 
-188.388717 
-183.000000 
-185.326730 
-182.570158 
