40.766034 
45.296624 
16.756827 
-26.632470 
-104.831765 
-118.997840 
-182.499756 
-222.904808 
-162.202810 
-94.996130 
-72.779767 
-18.718009 
-12.100541 
-3.946087 
5.229577 
-31.371476 
26.809962 
61.755275 
176.078289 
200.076082 
265.426721 
311.390874 
224.288332 
199.363155 
143.878888 
56.191895 
-8.194647 
39.554727 
48.757205 
-56.247081 
-103.640825 
-132.076106 
-180.383169 
-223.888596 
-218.996251 
-143.931298 
-79.335854 
-44.297476 
40.765429 
23.480665 
11.413597 
-36.174621 
13.912554 
7.324616 
36.011567 
172.804291 
253.596228 
332.197791 
243.734445 
220.000166 
166.368579 
65.610382 
44.807824 
34.422889 
79.010905 
-27.075077 
-94.546838 
-123.219707 
-222.320513 
-262.572986 
-277.681087 
-241.229947 
-137.035171 
-87.867050 
9.690747 
29.525229 
-21.281832 
-39.891046 
-39.062495 
-45.305301 
46.166534 
155.427774 
270.968192 
238.629096 
191.172314 
156.466903 
142.672887 
111.809445 
27.321786 
36.965025 
76.373059 
35.200144 
1.793315 
-98.720082 
-173.237796 
-218.429624 
-254.684122 
-229.859243 
-202.227699 
-130.032094 
-32.982996 
-2.082645 
-18.257045 
-24.116063 
-98.662030 
-94.546388 
-120.566751 
-35.969837 
166.727905 
282.482120 
216.599606 
212.232835 
162.244156 
83.969571 
40.765850 
12.620805 
28.825753 
-31.401115 
-71.968141 
-131.504273 
-229.858778 
-216.856912 
-218.583178 
-211.390883 
-193.755179 
-178.031933 
-94.546233 
-97.529721 
-61.711821 
-56.821465 
-34.278292 
-23.860643 
-26.889710 
3.490446 
108.422806 
174.700674 
265.208984 
281.614484 
256.815930 
176.485730 
65.419785 
18.424782 
43.916581 
48.336285 
37.121840 
-101.111044 
-208.846898 
-233.980474 
-285.735582 
-251.295514 
-196.136903 
-181.230680 
-120.327804 
-99.851390 
-100.599694 
-67.696164 
-2.294020 
-21.053389 
49.440175 
88.640810 
203.050716 
262.847662 
230.812304 
189.523003 
156.122918 
147.804034 
40.765652 
27.437648 
24.394125 
-49.387524 
-26.890705 
-128.332109 
-222.092874 
-230.668176 
-240.672675 
-210.011277 
-195.462474 
-164.609493 
-115.540436 
-83.212511 
-50.347472 
7.792632 
-6.663979 
12.116165 
40.764768 
91.507384 
189.712896 
228.169919 
254.079805 
217.310741 
201.026791 
118.244533 
59.037810 
66.916365 
68.558441 
105.087900 
61.885489 
-34.865336 
-149.913732 
-184.770321 
-192.726085 
-194.284891 
-217.731845 
-136.745153 
-94.546925 
-85.541544 
-26.890716 
4.038260 
-17.119285 
47.399891 
91.844449 
149.856818 
243.734373 
242.295106 
217.394339 
160.230877 
85.833383 
60.230676 
45.859626 
40.459800 
-10.261907 
-64.906290 
-59.240435 
-147.799794 
-229.859201 
-238.081964 
-168.968076 
-197.805930 
-177.750992 
-74.712127 
-94.413975 
-33.381315 
-28.759234 
-9.160514 
12.060324 
6.510361 
-7.643739 
126.630832 
161.371040 
199.662612 
217.598867 
216.181449 
185.469774 
132.582607 
55.447425 
32.856514 
-1.323118 
29.359714 
-23.017253 
-114.530998 
-196.031097 
-229.859298 
-266.430013 
-223.837831 
-229.359022 
-173.387064 
-116.550395 
-55.561369 
-119.783500 
-87.134655 
-43.397747 
-66.400269 
45.911654 
152.352137 
209.591938 
245.387174 
233.019483 
142.249914 
108.421711 
40.765594 
40.765259 
-0.357099 
5.365834 
-52.992288 
-102.043510 
-106.077082 
-218.975374 
-243.620200 
-207.534521 
-249.156127 
-239.769114 
-151.638134 
-96.450264 
-88.334948 
-56.854602 
-70.048904 
-94.488634 
-60.909189 
-12.130267 
60.886077 
243.733989 
245.413808 
259.066938 
170.743749 
142.249727 
147.017961 
98.060111 
108.421590 
23.018000 
-20.480073 
-26.890505 
-146.416165 
-221.911733 
-227.324730 
-270.030069 
-266.646333 
-197.409220 
-169.334641 
-148.304259 
-83.127554 
-83.235028 
-133.505612 
-73.768180 
-43.713277 
11.661061 
106.767587 
223.102553 
333.171841 
302.831359 
275.944300 
231.743759 
173.142035 
107.856371 
77.383624 
25.257636 
51.116194 
-8.058319 
-31.175410 
-206.345966 
-223.166495 
-261.906050 
-211.622287 
-172.019674 
-168.579678 
-79.555117 
-115.455367 
-79.725269 
-26.890500 
-38.616421 
2.123683 
-2.316645 
123.663577 
208.288440 
238.510466 
321.821188 
261.181933 
209.906716 
176.078617 
142.251056 
88.053385 
44.984892 
33.999436 
6.938224 
-102.932771 
-197.404373 
-251.341036 
-299.400825 
-306.484111 
-229.858228 
-178.136052 
-133.899977 
-153.910230 
-190.629919 
-93.813558 
-86.248429 
-51.568108 
-14.737124 
53.551692 
165.410514 
243.735545 
321.963374 
203.564896 
185.624441 
135.320844 
127.802574 
97.378824 
89.742326 
79.808079 
40.766278 
-20.270963 
-140.123908 
-250.125772 
-285.060426 
-272.387446 
-241.732674 
-188.338376 
-81.980756 
-162.201525 
-51.369556 
-67.410616 
-60.717060 
-26.889567 
-21.575303 
11.393761 
136.189917 
243.736072 
311.392484 
285.766053 
142.251774 
223.088669 
169.185753 
127.209113 
88.547704 
74.595781 
9.052547 
-26.890151 
-145.959256 
-195.919624 
-214.107023 
-241.433531 
-218.641059 
-179.633623 
-103.365317 
-94.544860 
-82.425216 
-149.648821 
-144.132893 
-86.115432 
-56.971384 
-20.380853 
35.252376 
160.526067 
310.201972 
253.054396 
232.847916 
142.250659 
42.585016 
18.106525 
22.712225 
-83.136401 
-110.734050 
-132.240315 
-178.397576 
-171.660935 
-211.090979 
-227.139882 
-118.851328 
-56.581201 
40.765976 
17.796087 
30.633944 
-2.739851 
6.541620 
32.963513 
3.045883 
39.731525 
173.524602 
282.528896 
309.155359 
209.906824 
243.780746 
232.412568 
142.250630 
148.792667 
120.374384 
74.594277 
6.938039 
-63.996577 
-129.991708 
-151.154535 
-138.827530 
-86.102372 
-146.573979 
-94.546428 
-100.957198 
-26.890005 
-0.085566 
-89.412841 
-109.900066 
-80.093918 
-34.795045 
22.101492 
135.994758 
231.102228 
265.560825 
337.670547 
296.137007 
225.947439 
157.311276 
106.283577 
74.594313 
63.556101 
-50.499790 
-86.126186 
-148.303849 
-235.066237 
-294.306328 
-229.859015 
-229.859050 
-171.723593 
-162.202702 
-136.716719 
-87.350161 
-49.406307 
-84.135468 
-80.895424 
-66.615005 
6.937618 
181.381293 
301.580412 
311.727110 
251.440538 
302.933468 
253.166335 
175.922901 
150.235836 
83.037311 
25.096941 
-60.736169 
-57.513925 
-177.607787 
-204.063346 
-249.314469 
-263.807130 
-229.859674 
-191.057915 
-140.171647 
-94.547177 
-4.510070 
-60.719422 
-14.144742 
5.147298 
-26.892675 
-502.691435 
-11.927102 
164.612775 
295.404500 
-27.980682 
358.750482 
478.513484 
176.076814 
-630.620428 
420.561635 
-208.283355 
272.969019 
136.205853 
476.845487 
303.482018 
127.172715 
-200.749432 
-229.860743 
99.270611 
-5.682164 
-26.893851 
-125.586852 
68.034000 
182.890742 
-453.806596 
-1149.320802 
311.099244 
-54.432089 
215.212457 
406.092663 
158.116272 
-73.885299 
322.044736 
-288.386666 
937.440435 
-230.202180 
420.745779 
-94.548442 
-226.158659 
-336.107447 
-354.540651 
-517.882327 
140.029873 
1077.404993 
203.760122 
14.036932 
26.296305 
40.764741 
120.972550 
421.413841 
224.591814 
-20.800240 
30.192379 
117.659733 
-7.390302 
243.733180 
283.565949 
-277.808617 
256.864411 
44.137078 
-137.618335 
-123.060260 
196.576254 
696.678551 
123.242356 
782.288212 
-148.341639 
-139.567306 
295.642324 
530.081480 
16.262754 
462.079164 
483.557111 
-249.890438 
204.880594 
1576.139217 
163.310617 
127.371579 
14.099092 
803.997225 
785.395680 
759.744659 
-72.062246 
582.030166 
476.813494 
731.626994 
1427.716184 
-5.643790 
1141.335842 
-134.175283 
611.330976 
725.485255 
-284.827122 
560.666234 
1292.403264 
-145.099323 
-52.039128 
732.322499 
373.324023 
-204.528821 
161.746663 
326.634819 
-141.904376 
954.121432 
216.831665 
-621.497371 
767.819109 
784.126763 
92.804150 
548.185033 
350.986209 
-312.201323 
-50.179997 
-555.380319 
387.913875 
311.389804 
405.040349 
-1119.064561 
-765.476469 
416.570283 
-88.675386 
277.560725 
-1172.082548 
514.356469 
-321.638721 
328.018300 
-240.654175 
361.834186 
-19.480514 
262.221768 
-759.201838 
-767.670944 
546.232880 
20.385121 
-35.715719 
-32.127999 
-260.263944 
-68.073016 
-405.905512 
11.851922 
42.880358 
229.980622 
-271.483257 
-56.512146 
-832.947765 
-1879.995780 
-244.674209 
-596.981317 
226.335455 
-645.025985 
461.652144 
717.746961 
-358.707703 
261.237784 
-154.141911 
514.358614 
-457.718166 
332.529613 
-1044.901876 
1021.780963 
61.676221 
-148.051826 
634.928635 
121.285369 
696.026679 
240.059595 
-1164.841663 
23.419722 
-395.533098 
-353.602397 
680.634067 
-427.452303 
537.253966 
-196.034417 
-26.893646 
698.206360 
-1279.977155 
-533.862415 
-169.878681 
-226.447269 
336.219404 
417.710496 
-136.082736 
293.403028 
-228.945462 
-603.820289 
788.523877 
-152.501930 
155.486498 
495.361351 
12.602054 
-14.091666 
165.302152 
-94.546801 
606.597503 
379.045412 
-1438.862084 
-589.314646 
-387.807791 
-254.023940 
6.460350 
176.081035 
463.121245 
-842.846689 
-432.049771 
-78.483985 
-597.320280 
227.986551 
36.274085 
-558.194593 
-832.279234 
-183.328404 
-448.219551 
784.985793 
268.293716 
153.526874 
-171.563087 
193.230352 
10.311069 
76.684519 
-247.467355 
3.932880 
-210.826231 
-263.260254 
-429.896875 
-161.882361 
-262.309650 
-680.973628 
163.478683 
-90.909827 
274.557146 
-250.923831 
-166.929818 
325.508903 
-387.746678 
-75.894959 
759.670915 
8.084021 
364.631535 
108.420397 
311.387603 
-179.038669 
-850.306810 
509.956273 
-320.396124 
-400.515376 
767.518540 
-935.752672 
271.591329 
-99.911058 
-71.926567 
247.074223 
710.878016 
-663.812629 
178.285177 
-302.579982 
-26.895680 
683.495472 
40.760520 
818.807467 
964.400338 
-618.524472 
946.222722 
-79.627860 
480.931323 
-447.751466 
-185.367563 
54.859633 
714.314170 
-463.379024 
-100.614139 
353.892486 
-807.048441 
76.209983 
-507.239179 
-139.927170 
158.415058 
-182.844650 
192.652884 
243.731885 
-194.119376 
5.855034 
11.914321 
-26.892780 
288.451588 
-1272.532849 
818.810914 
355.906714 
-109.479369 
649.671136 
936.081545 
-659.307634 
-21.763534 
-1227.788459 
-848.950061 
-186.324747 
-542.323774 
-171.713868 
505.624482 
-662.994254 
372.900248 
471.836077 
773.506667 
34.261217 
221.180029 
856.244497 
-679.208505 
562.494723 
859.917298 
422.446158 
194.665196 
83.224551 
-616.158907 
-344.043540 
-97.909787 
490.495990 
-8.193736 
72.973624 
-407.494409 
-786.814060 
170.277550 
84.012521 
-145.672844 
69.460996 
-608.155712 
-186.922370 
784.982164 
-181.884781 
756.712100 
-12.593724 
489.940168 
-256.411688 
630.214903 
-538.191739 
-200.822213 
-26.891655 
1089.436896 
466.809655 
-428.380559 
684.018407 
-471.166505 
108.420658 
192.475662 
-172.785863 
-389.329271 
-937.427472 
-355.587589 
412.874604 
-17.980499 
-421.283633 
176.304929 
156.899577 
-435.241947 
144.520759 
-453.682151 
-84.760499 
-73.781092 
-311.305279 
886.468917 
-407.457184 
59.793393 
-141.387309 
-203.809514 
-165.743628 
207.392806 
-317.814881 
461.203356 
615.844164 
304.996470 
-605.794922 
-41.065843 
-82.772158 
-280.655722 
-782.488070 
-602.750125 
24.373858 
74.593119 
271.805274 
-412.014704 
-229.860929 
-26.892371 
206.742304 
-289.830684 
-188.299741 
-26.891674 
1021.780760 
519.425142 
-579.418228 
-133.266573 
217.698600 
285.265366 
90.061729 
277.558972 
186.647537 
142.247459 
224.672056 
-31.870206 
359.983187 
587.026298 
-254.782507 
173.505198 
339.578122 
615.840439 
396.349706 
142.845066 
-9.704346 
-434.100927 
113.198558 
-806.638272 
436.866758 
-222.669733 
1013.453572 
-277.718463 
241.678657 
446.701107 
-314.640824 
1075.114777 
429.590893 
623.183578 
-1311.104160 
229.421285 
-78.581322 
46.351591 
437.636931 
-284.855504 
-78.636108 
429.973857 
6.936213 
-525.676684 
-110.830981 
-148.287553 
-356.320816 
26.606298 
-300.916500 
449.031704 
324.704465 
243.884195 
-51.008119 
-26.892339 
56.727988 
-588.876720 
108.419923 
-435.094826 
-129.800114 
142.247737 
6.935486 
-380.500520 
-298.125738 
297.620351 
207.062400 
293.633339 
-484.236254 
-94.549674 
-285.316955 
-26.893575 
-236.164283 
-428.685872 
-278.642817 
37.789892 
-1434.626455 
238.195726 
-654.796554 
-196.897325 
-307.090583 
-624.498300 
-527.741475 
-262.353519 
-999.532513 
-391.859966 
209.902704 
332.859011 
290.868494 
-695.237992 
-543.825830 
153.089686 
431.699783 
209.902286 
108.419146 
-458.874335 
142.247368 
-218.769792 
17.603057 
-911.882531 
-287.834600 
260.341975 
435.218192 
74.591683 
-86.549361 
-439.842508 
-724.589725 
-647.884044 
-606.198876 
102.423189 
617.494063 
-327.233808 
-274.339078 
-588.395603 
14.543583 
-356.153173 
-768.097155 
-406.444418 
194.300170 
347.455748 
6.938181 
-93.963767 
23.376668 
-196.029490 
-92.985568 
-399.000228 
-681.981995 
-421.158565 
-26.887938 
-187.575925 
280.256200 
1166.098074 
1195.713316 
-709.056161 
-435.078191 
601.792766 
379.054994 
-668.084333 
1061.019578 
-172.929620 
556.396842 
352.798830 
1085.721132 
1159.963501 
138.881488 
477.973349 
1157.103839 
213.504027 
-322.036486 
1698.342641 
152.184446 
255.751880 
76.650504 
181.609086 
-1061.949727 
-59.454226 
192.338752 
97.687417 
-0.577056 
57.945705 
814.453642 
868.820351 
394.906035 
806.304173 
863.303672 
291.707407 
582.027500 
1146.510986 
32.010133 
-635.293977 
-64.425267 
-94.575948 
1838.088680 
814.492834 
-528.588234 
-222.273444 
954.140863 
217.468921 
1866.238709 
802.038545 
973.868466 
808.243455 
421.842319 
657.334142 
2645.547694 
-321.030667 
710.356280 
-143.335092 
36.298198 
-29.280210 
-241.117467 
300.972071 
414.405395 
-118.931512 
751.606509 
-87.839274 
931.987626 
611.653281 
966.560436 
577.492297 
275.716709 
591.900255 
434.142781 
357.414781 
2488.771171 
-297.459710 
85.992090 
-310.959795 
667.080108 
251.934393 
-64.762175 
-452.337561 
251.122691 
457.943525 
-397.906825 
1495.378201 
-259.703295 
991.678224 
808.779015 
755.669237 
357.558027 
-262.360878 
369.711906 
1190.915553 
-544.611044 
588.740490 
-81.936282 
669.128289 
-500.781984 
-427.415773 
264.441336 
-432.604828 
852.623152 
589.733878 
-1599.461169 
1449.926926 
-85.125147 
429.510032 
209.900405 
412.346152 
-233.392776 
-248.145814 
-758.128822 
484.342596 
514.366019 
719.696567 
-1216.876791 
-938.381840 
685.842834 
-151.330282 
412.880814 
-1091.301730 
717.325025 
-922.056199 
38.677226 
286.521267 
579.234843 
-564.873851 
323.592042 
-962.359365 
-483.333344 
-223.306654 
478.344435 
-314.300895 
-961.789481 
-1007.378633 
-276.229957 
-602.571984 
238.179569 
190.880916 
39.103414 
-1642.586519 
330.522697 
-1755.363481 
-1238.525957 
-645.967885 
-285.785125 
-653.679676 
-809.909764 
154.993686 
230.748747 
-161.336604 
-21.905798 
-530.440236 
176.082685 
-330.090106 
-7.757781 
-592.952442 
649.674638 
-358.400461 
-623.811366 
281.114426 
-39.555533 
177.415645 
452.993990 
-1648.665843 
320.853398 
-312.613007 
-624.750536 
1255.648458 
-465.313799 
-91.750121 
108.428938 
379.063269 
1188.504748 
-852.957713 
403.553774 
-951.615115 
-576.294855 
1720.414424 
-260.237765 
12.676881 
-293.912564 
-294.240436 
-1012.181833 
-11.883803 
211.532080 
-420.659999 
460.745093 
249.320397 
166.057330 
-18.358776 
1596.878778 
384.382369 
1833.673582 
-1399.255241 
-223.725295 
-157.423653 
270.896476 
60.650299 
582.027515 
-272.698127 
-1144.583760 
297.646637 
-1523.964756 
105.018061 
620.787226 
-830.259254 
-446.067755 
-855.022566 
-129.159001 
167.228598 
1427.731877 
-553.250883 
-148.664055 
-589.290317 
692.817562 
273.083367 
626.675333 
-302.393420 
101.154499 
-149.626915 
313.473082 
-307.747400 
-114.133828 
-183.382630 
-986.002536 
460.406644 
531.282416 
64.987143 
-381.316447 
-80.902574 
118.031671 
33.333948 
-395.957573 
485.787043 
-570.903080 
132.325539 
514.349181 
1630.674225 
-582.697230 
-25.754263 
-190.777810 
82.635515 
-559.818464 
651.426864 
-1562.177295 
714.439182 
-124.585988 
254.239417 
-297.752040 
792.736188 
-918.726357 
80.474765 
-422.897302 
683.500994 
-196.036347 
480.523819 
40.759105 
592.759881 
-143.608226 
975.506294 
37.106963 
706.642808 
-945.067036 
-450.744937 
-7.763803 
666.514136 
-905.267902 
-286.384547 
-162.827590 
133.841426 
-1025.304136 
-179.548972 
-416.415961 
5.096264 
-610.476291 
158.262563 
345.230863 
69.455333 
-387.915568 
-608.682780 
548.204819 
-601.369601 
-434.144166 
40.776909 
198.804323 
-360.106734 
1089.449441 
142.277661 
-476.405553 
-701.303621 
-1132.619318 
-466.654703 
-279.309455 
151.115867 
-638.914150 
1030.464179 
-309.406217 
94.476372 
790.691051 
583.377002 
-506.264341 
180.858233 
512.160470 
-628.870719 
312.654013 
531.769413 
2.373024 
405.667062 
-19.737795 
-504.444311 
-393.823587 
-251.273000 
403.679929 
-150.090125 
-687.855481 
-196.321640 
-755.386143 
732.784196 
-240.380240 
163.475430 
363.649254 
-364.434920 
764.216038 
1833.653105 
-1851.045164 
667.070200 
65.294439 
38.973123 
-719.876759 
757.433141 
-1461.034750 
-323.215185 
548.183284 
345.218032 
731.198087 
-498.821805 
-23.114157 
-1012.424206 
1021.776656 
-549.227975 
-105.769492 
4.958935 
-1176.955980 
-408.497669 
548.186487 
6.225777 
-89.691954 
-546.113040 
-1173.419549 
72.612076 
154.171375 
-168.400821 
-115.242081 
52.315948 
-703.294442 
-229.856975 
-496.249128 
-946.587151 
310.248409 
-562.595057 
-510.599274 
407.631085 
-594.023650 
619.414771 
-26.891999 
-354.279463 
-921.365294 
-263.767649 
318.815825 
-74.303636 
-1202.858898 
209.982551 
467.315459 
108.432076 
232.569006 
166.102231 
954.129566 
751.146386 
-194.070583 
24.776357 
-593.880954 
886.477679 
345.227818 
316.170857 
-290.745586 
-603.292571 
636.423346 
717.362074 
55.833755 
615.858630 
-1215.113315 
74.589622 
-212.456514 
354.096555 
488.537466 
400.949087 
-425.286369 
-96.823330 
688.219174 
649.684896 
700.912786 
-700.219075 
-229.490211 
-862.009031 
184.371561 
-752.866112 
-452.413591 
17.778749 
671.706458 
-163.207448 
564.361309 
345.208412 
-549.992671 
983.136444 
-22.161595 
540.645145 
-693.159848 
-426.303161 
307.861195 
-273.715346 
-113.424569 
-73.611248 
-289.928314 
-32.992669 
142.249572 
-715.280611 
208.328402 
-561.138237 
-1448.698794 
717.284089 
-628.225728 
282.482890 
324.293816 
54.393715 
-163.513551 
40.770154 
-212.772797 
-806.119733 
6.935313 
-603.413495 
-1211.413045 
-229.854879 
-162.202113 
-568.801366 
-590.284241 
-769.996596 
-545.010315 
140.886468 
-796.916540 
209.904677 
-286.043671 
-128.368221 
-429.921665 
-373.184144 
-279.738159 
165.780321 
-679.067134 
244.849219 
-730.956576 
-153.539641 
-196.138737 
-457.115319 
-434.307444 
20.492916 
-824.263001 
-185.821897 
-196.021905 
-45.230981 
407.490941 
-801.970701 
-909.556028 
-142.231593 
766.685829 
-297.511645 
480.532998 
-280.406418 
-60.718808 
775.481645 
-448.790101 
-105.274026 
-563.929155 
-133.725778 
89.985094 
-297.515959 
170.853859 
-263.736570 
-572.353497 
-599.741425 
-223.508528 
-407.948245 
-356.972962 
175.304717 
-691.928650 
-723.663741 
141.492504 
-159.913725 
-690.174445 
-104.930628 
-339.250510 
34.862191 
-196.033567 
-302.099931 
297.707945 
-399.006159 
-154.438863 
-398.998926 
-647.529184 
76.402794 
920.303316 
-34.174928 
-703.815154 
780.538250 
-134.963500 
-673.982785 
467.018664 
106.904911 
1190.939838 
-347.314631 
805.384112 
273.860844 
954.780173 
549.043361 
1424.836661 
585.851361 
176.385404 
52.668776 
412.899525 
202.545869 
462.689295 
176.093858 
431.631195 
903.916789 
-753.677718 
21.305362 
-672.571483 
1035.091470 
644.719178 
262.488231 
637.763914 
290.382690 
324.203208 
14.277374 
694.376808 
499.803986 
385.455437 
-464.349938 
852.650956 
760.111469 
75.240340 
529.340443 
770.909157 
-138.547401 
1114.426147 
723.940747 
408.732663 
-500.427643 
1021.789876 
-185.999941 
1213.887518 
-1193.252810 
648.004555 
-316.529892 
863.348865 
-97.473973 
886.471765 
280.462558 
-391.664298 
120.851590 
213.968238 
801.746254 
316.173311 
-314.497696 
885.910799 
-496.730884 
391.295457 
-77.298012 
-647.691664 
1121.650314 
-9.388504 
315.222838 
371.681328 
145.114057 
-427.052860 
372.399221 
2872.448941 
146.905807 
-30.442336 
-119.615854 
508.668938 
611.803193 
-144.858803 
-223.295364 
-351.791642 
-144.727143 
-197.766495 
683.488807 
-422.553561 
873.637727 
568.927642 
863.916659 
746.926591 
103.562778 
-884.053976 
1292.406493 
-382.657358 
-123.016281 
265.598403 
266.387848 
475.704591 
-431.473435 
77.136300 
-607.052737 
784.980077 
685.939080 
-1240.923996 
-749.510838 
487.097659 
-920.056116 
311.394190 
956.774935 
-201.309152 
369.954388 
-672.908710 
-158.876943 
852.620390 
686.945564 
-608.991377 
55.209793 
961.822547 
178.496036 
108.419186 
-18.156113 
1765.984895 
366.274984 
-121.389928 
-298.196515 
615.182699 
-786.383648 
585.514613 
-343.547924 
112.524442 
128.723026 
-186.302331 
-401.870075 
105.042349 
-1124.972277 
-437.925328 
4.954939 
-243.789509 
207.793422 
188.476381 
-763.610856 
628.268390 
-99.753706 
277.038658 
-493.270276 
-60.085530 
1008.241662 
529.757172 
1300.851443 
-81.696637 
-286.373750 
183.949132 
414.651920 
1157.084349 
738.359393 
-476.737078 
-558.461404 
954.115899 
-64.827803 
-323.911687 
570.735422 
17.462638 
393.944780 
540.725229 
-890.363174 
89.423022 
-584.567433 
-379.709166 
434.702909 
-310.639947 
-724.500701 
311.387620 
835.719095 
456.022920 
1060.203229 
-638.812294 
-45.221442 
560.177531 
256.932106 
-826.354763 
271.378722 
-624.074432 
-341.233229 
-423.701866 
237.848772 
-63.042441 
186.073376 
660.281630 
-171.448656 
-201.046722 
-229.323776 
987.944948 
-224.639697 
1224.748809 
-783.636510 
10.495522 
-703.201290 
-166.436614 
239.367551 
683.498703 
72.169416 
-3162.834209 
-1442.657984 
1203.160082 
96.819294 
866.627328 
-269.364838 
278.718543 
86.289003 
-409.282064 
-718.163244 
954.133226 
-203.085505 
-633.534214 
-643.745296 
432.190195 
-970.018722 
-518.128520 
-54.356920 
790.301531 
-228.283777 
-100.010724 
228.068433 
23.596106 
-8.327609 
-465.689398 
-28.211757 
140.308477 
332.470455 
361.538895 
52.171004 
-450.743034 
423.700595 
-568.896585 
-53.866835 
-419.070477 
-403.290956 
176.080616 
1360.065976 
-975.780022 
-548.539161 
-221.469619 
225.819702 
-14.281629 
956.779916 
-1388.515849 
365.287756 
-394.599553 
458.926343 
-339.263676 
550.906505 
140.525059 
-87.297843 
109.374909 
683.505994 
209.907695 
683.504814 
514.363425 
-991.719738 
-463.641872 
892.138106 
-70.101989 
457.193857 
-133.827250 
-467.439052 
436.388118 
706.173519 
-356.974191 
-511.846478 
-58.179684 
423.592526 
-744.391483 
451.148416 
-642.873595 
-254.417773 
-320.189978 
-193.651511 
209.913610 
-372.297557 
-394.014970 
-448.248117 
954.134419 
83.406526 
-605.901546 
176.091439 
77.362652 
-81.945627 
1630.693393 
286.590511 
-150.179972 
-374.547423 
-798.571442 
302.671535 
-276.442392 
118.861917 
-290.129776 
157.986100 
-620.733955 
-259.379259 
-351.688741 
1.830527 
-527.029440 
-340.522076 
183.346909 
-600.559186 
-796.360565 
-756.674316 
-24.230082 
-285.194823 
-43.591682 
-157.314916 
-303.468465 
-138.854249 
-379.446591 
85.195308 
-428.908639 
-1249.528366 
-834.898415 
296.148108 
-175.272422 
-331.229112 
122.507111 
-116.505867 
-6.647048 
1427.716591 
81.351840 
145.874808 
175.423241 
331.589249 
833.240207 
157.311132 
-339.027051 
-389.554718 
818.807643 
514.356734 
295.194491 
-733.243909 
-989.094420 
-579.413345 
412.871216 
-489.439536 
-148.626759 
-194.323634 
-160.252353 
-583.510206 
277.557230 
-185.269638 
217.113194 
-312.755851 
-752.541312 
300.079433 
-70.011674 
216.674031 
208.428108 
301.193469 
51.055131 
243.733019 
-286.941212 
-929.670955 
380.792599 
-130.938636 
-314.259253 
409.647310 
-614.740246 
321.155425 
-94.548848 
-240.142124 
-703.628803 
222.891599 
-259.970251 
-731.887438 
-1033.723663 
-223.279073 
241.613619 
-26.896730 
-231.700381 
-95.493121 
243.732203 
277.555128 
-255.331451 
-148.443344 
-1047.744858 
818.812167 
412.899604 
294.233065 
-326.831748 
-487.615020 
518.210213 
276.099848 
123.525043 
-60.723239 
-652.713751 
-26.881898 
61.498932 
288.589777 
194.055449 
510.671132 
-287.320232 
-761.791509 
515.721726 
176.071594 
-425.682132 
193.832527 
126.247316 
-743.907304 
-895.717909 
342.693730 
-648.569921 
-60.098697 
655.877893 
210.885102 
484.952892 
277.559873 
-346.929081 
-142.343345 
-469.336527 
-71.986082 
-482.978801 
436.426006 
-564.852004 
-1213.712408 
-295.078545 
239.640513 
13.825387 
-15.011228 
-162.211694 
-526.370738 
310.845253 
-249.486835 
-1436.302099 
369.145840 
-420.475035 
-178.216099 
27.759548 
60.499617 
-733.563276 
-26.896407 
-640.749940 
-349.695431 
40.759681 
-1003.816832 
-529.847494 
277.561087 
209.904144 
-451.989648 
-895.546549 
-307.882033 
-254.663647 
-386.214467 
-776.598243 
-229.862118 
-243.768650 
-26.891916 
44.816534 
146.529235 
-421.993624 
-154.548831 
-568.254037 
-458.469762 
-218.519361 
-126.483039 
341.986142 
-282.991431 
-216.291785 
-340.035773 
6.688811 
191.073915 
40.764935 
-250.485488 
-177.001602 
-628.624055 
-628.421292 
421.551925 
-133.129276 
176.073196 
277.561204 
-265.903870 
6.938419 
-427.413744 
-472.326556 
-321.470848 
-169.620619 
-337.786981 
238.504776 
-26.885998 
-78.991220 
143.301672 
26.354142 
-901.621331 
-375.738598 
-111.416872 
234.091423 
-616.875421 
-49.111463 
-18.225087 
138.053791 
189.674563 
-709.843521 
306.728218 
-219.393218 
303.786647 
142.255126 
-143.690516 
-482.997122 
-398.996243 
52.333476 
-398.999103 
-479.131693 
-665.423081 
1360.062353 
-316.921722 
-811.412098 
395.235210 
-63.010689 
-1541.323865 
-579.413285 
868.983619 
683.501396 
-790.250435 
166.137780 
-895.613144 
110.388716 
126.122505 
907.310676 
442.574241 
-1107.492282 
370.159116 
412.877186 
-84.641551 
784.448374 
649.672352 
659.913189 
442.468679 
-1099.653929 
-290.042374 
1614.393774 
1485.557567 
318.841384 
-753.172000 
165.043675 
527.883918 
321.273973 
693.723585 
-731.184421 
738.655733 
-163.505239 
-452.215335 
1698.346413 
1159.350547 
-798.718434 
-412.589958 
267.376422 
555.158322 
2033.856324 
907.913505 
-1149.560988 
75.794046 
412.876545 
992.022181 
377.181472 
65.359494 
498.596438 
-322.886272 
-308.458624 
789.932749 
1157.092694 
587.519212 
-181.358777 
706.381087 
-798.093344 
-255.689643 
-366.932574 
501.997924 
549.900844 
18.402336 
161.104270 
-252.604070 
674.177871 
1137.815305 
482.382138 
343.908156 
165.893537 
-215.854180 
-539.696938 
744.057459 
2736.867404 
-831.574147 
-625.220708 
599.289277 
1055.496872 
403.420987 
60.290391 
32.625281 
-463.679861 
1088.818413 
46.853954 
514.354791 
32.877740 
-108.513386 
-613.900453 
827.832098 
57.849580 
-306.502414 
254.463529 
582.016104 
-308.214232 
196.554914 
488.230919 
-61.355319 
-926.402759 
-318.272647 
484.120967 
-225.816437 
1089.429372 
320.409757 
-1476.313251 
-442.165701 
290.719585 
-260.947828 
717.323870 
-203.691576 
-528.567728 
39.052250 
-655.732994 
496.676922 
818.803955 
-199.140558 
-1454.958507 
-351.429362 
-218.963721 
49.385772 
379.043833 
350.914983 
40.763184 
-49.285778 
20.852005 
-471.412770 
828.181326 
-615.928929 
-48.183241 
-91.348248 
-603.953158 
158.385154 
-330.979742 
-246.018605 
-582.422413 
-205.834905 
-89.562171 
-160.756498 
412.362627 
-804.939827 
-297.114543 
-655.407832 
289.861891 
-499.563530 
-997.273657 
-247.048351 
-713.717396 
816.441328 
270.708688 
-130.647070 
-218.034226 
-389.254706 
141.876057 
-68.798938 
108.415277 
186.960897 
-245.982628 
-126.932002 
1157.091049 
-383.538972 
-1249.746086 
285.379379 
1089.059136 
418.760305 
483.289532 
-378.123140 
-420.265569 
165.545846 
-143.024129 
360.889035 
133.001827 
-1473.509414 
176.077497 
700.410772 
1010.271471 
-453.876606 
-604.997380 
-105.625097 
25.815425 
407.101810 
64.829428 
296.909790 
57.399409 
1149.135545 
-38.545748 
764.011242 
3.845989 
64.332390 
-85.980642 
89.718097 
984.931918 
226.509196 
1224.751026 
641.530451 
1157.095733 
-921.415312 
-473.655573 
-223.733203 
-392.933884 
-349.397313 
784.985991 
557.962029 
-691.566802 
-351.855685 
-155.733213 
103.626756 
632.032009 
-220.336156 
196.694665 
-54.711326 
-1183.155643 
499.760899 
615.846727 
904.326307 
924.810355 
-923.868608 
-639.844606 
318.239908 
376.999548 
504.673538 
-165.481067 
-366.772765 
-671.643386 
-24.021527 
45.192338 
49.291936 
-92.066225 
246.572428 
395.261626 
-42.074329 
-436.781561 
-114.322467 
-25.001141 
-380.349584 
17.962112 
-176.623999 
-744.097558 
-375.386635 
1968.970246 
446.705258 
-848.534252 
-254.028152 
-459.545462 
-197.571034 
865.136840 
-516.095640 
-977.058731 
-82.167835 
634.876732 
-192.158059 
7.802931 
503.465719 
434.393514 
-265.559954 
-951.000828 
-162.202558 
-162.201256 
311.390271 
1292.405962 
-744.947230 
-653.057691 
996.369700 
-352.228748 
12.385779 
418.751756 
-204.124630 
-257.486924 
504.425991 
-618.573740 
-89.308560 
281.604872 
-32.344852 
-962.620694 
-276.147137 
91.565307 
108.019196 
-39.344086 
-182.447975 
142.249280 
-271.759533 
118.646862 
-595.126266 
40.766363 
-78.522829 
-2670.880312 
379.048486 
1586.944300 
72.360000 
818.813373 
-38.166737 
-839.562904 
-452.923526 
-339.792138 
69.025986 
-252.255396 
61.921599 
-15.752772 
-233.042249 
-344.146696 
1318.569535 
-68.553070 
-13.307967 
152.576934 
-260.024160 
176.309029 
-26.832176 
-124.133303 
229.776117 
977.027579 
-404.333695 
-210.042812 
-216.977221 
-21.066027 
589.318748 
1141.271663 
-1042.482137 
17.929497 
-13.052232 
-539.314903 
735.365098 
-83.624152 
125.278815 
-172.283190 
263.759242 
635.218607 
277.559612 
-472.459252 
150.872632 
130.532032 
41.878921 
432.745959 
927.646275 
125.839546 
-165.628771 
548.186828 
412.873740 
26.926393 
584.304144 
119.059084 
-218.588777 
209.905777 
554.439647 
-307.907638 
212.461930 
26.447617 
-594.130153 
-26.890215 
213.282836 
-748.638574 
-120.461129 
309.412062 
-76.699399 
58.190416 
-109.173168 
-380.444826 
328.794843 
-367.067400 
615.843788 
584.133238 
-1316.587369 
359.328640 
-14.431325 
-284.055979 
17.188366 
-445.854856 
402.387307 
412.877112 
-457.644980 
224.606133 
-653.458882 
-270.713461 
50.582239 
-926.515028 
-881.240695 
-95.633569 
-94.545555 
-148.441207 
154.422967 
142.254554 
-297.511531 
-245.009024 
88.944562 
-418.508430 
142.252558 
-162.194967 
30.854973 
-904.166044 
243.886797 
52.398362 
17.436754 
-43.966898 
40.768473 
-449.743721 
683.498064 
467.608659 
-33.019763 
-20.086201 
-143.167590 
-10.343824 
-179.496714 
261.612379 
-128.370861 
71.128689 
-277.687271 
398.963588 
14.548974 
358.456388 
238.573263 
-433.896930 
-441.887307 
1740.635680 
-355.815224 
820.101958 
277.563631 
-252.092419 
-543.170332 
229.693624 
492.589406 
-128.868020 
137.101209 
-363.798271 
-90.802462 
-102.842102 
-188.477713 
42.571336 
8.928907 
-26.889557 
-132.479109 
-191.822021 
244.830607 
-497.315778 
566.921925 
-404.424327 
-566.017734 
-291.745425 
147.689036 
-80.879553 
-60.719861 
-3.589453 
-398.968111 
-94.546197 
-665.934597 
752.093119 
74.593102 
-229.858939 
-396.222534 
-511.468013 
-282.092393 
516.365501 
-191.857080 
-729.758451 
6.936241 
-376.583816 
6.938344 
-439.848881 
119.854910 
-61.029595 
-55.508502 
-790.517652 
-590.500346 
-671.348518 
90.737032 
-78.942196 
-368.780880 
-102.177316 
-491.498266 
-217.014308 
-402.873196 
40.765630 
-341.407392 
-94.241900 
-773.114965 
-117.237798 
-136.086153 
-375.632898 
480.531445 
209.905620 
-1713.758178 
-26.891743 
-431.636567 
-266.432162 
-764.799259 
-159.367508 
-516.545653 
-646.266760 
74.594731 
254.476809 
-483.550396 
-590.002148 
-385.424629 
-403.228297 
-473.726066 
-64.149883 
-440.863298 
-504.790928 
-255.762412 
-725.062397 
-57.770230 
-667.038686 
468.835734 
-831.949597 
109.861741 
-398.998320 
-374.751637 
-401.109906 
-398.996172 
-241.264729 
-398.997891 
-857.536881 
-520.944185 
1055.602292 
709.746191 
-241.921323 
1161.815207 
-335.277990 
-614.297465 
-471.172008 
-543.618861 
886.459691 
-1238.148681 
434.687390 
-319.055847 
-21.458424 
-61.139628 
1876.432407 
797.737159 
-457.594651 
434.640860 
176.072977 
240.018648 
857.411723 
717.322060 
302.576368 
589.449254 
10.537144 
-391.324655 
1539.773808 
824.086367 
125.184471 
-164.244992 
4.992236 
141.675727 
449.493007 
714.521316 
-669.193776 
719.963679 
163.875642 
-711.699377 
1630.686443 
1338.084433 
-331.901692 
-396.517425 
321.306742 
632.356944 
1936.279435 
119.174032 
-945.015222 
-531.711093 
243.735160 
-312.019253 
124.340014 
233.904099 
-216.426514 
-240.426930 
-238.835049 
145.699587 
784.983473 
-311.490204 
-762.992901 
111.465747 
-663.527110 
-212.698900 
-299.341135 
88.901350 
444.866352 
-896.289354 
-559.389007 
-882.099836 
878.997676 
593.924302 
743.085714 
-178.331070 
-693.521651 
-121.710581 
43.958732 
702.955470 
629.801267 
-208.176135 
7.470672 
-200.635905 
197.694798 
163.543593 
319.234933 
-596.871266 
-59.371503 
-55.867974 
138.925006 
1326.234265 
228.430596 
399.862531 
-90.960350 
611.329343 
573.383841 
50.984896 
501.964870 
717.326732 
-98.049250 
-248.910693 
277.327459 
-1135.582287 
-348.849259 
40.253588 
124.424590 
620.313403 
1563.031274 
463.494118 
-500.312242 
1123.526203 
507.154522 
-135.016162 
2374.905691 
518.685156 
758.640626 
611.134168 
193.764691 
224.962124 
446.704703 
752.500092 
-538.068810 
140.212614 
-15.407385 
220.859902 
2036.633317 
-605.753244 
514.353580 
-402.531612 
679.592216 
176.342149 
896.484665 
390.118121 
-126.673914 
220.121123 
164.359913 
630.544427 
-82.061582 
-1028.463407 
389.620719 
-40.502381 
-126.353237 
-146.025250 
637.920733 
-826.078658 
432.599966 
-679.406716 
-94.060461 
-765.794242 
-1071.545992 
653.042802 
86.952387 
1794.664116 
-705.497196 
-76.268190 
-11.286077 
-490.662614 
397.631975 
-59.672120 
446.709601 
-248.100644 
-320.972881 
-736.351735 
582.019002 
-98.134032 
-676.476495 
272.281003 
235.070205 
165.387811 
376.610026 
526.534784 
-706.279840 
-293.105798 
169.499494 
-654.512859 
339.612910 
-2058.036447 
987.954383 
1174.007947 
150.240079 
-972.756652 
-562.599454 
-302.020161 
-218.595660 
151.135075 
-583.121472 
-490.097217 
-297.783835 
-167.498684 
-290.010629 
18.028173 
141.402222 
-180.919042 
-113.436719 
535.892144 
701.755759 
-41.730246 
446.703768 
880.977971 
683.503939 
-1155.655352 
-1009.613233 
-388.767439 
370.016625 
358.210635 
1563.031248 
82.086831 
-1611.015987 
-737.556309 
68.458153 
220.959457 
73.102448 
-662.562468 
-413.058035 
775.087298 
-398.845304 
-496.786070 
-26.890367 
1143.921387 
823.323711 
-687.164861 
-458.540994 
114.511915 
632.246479 
523.136883 
263.566829 
-786.848079 
-974.247858 
325.909317 
228.668428 
385.157359 
487.817402 
81.547838 
29.508250 
-225.502802 
92.748673 
-475.619034 
247.832203 
-784.099180 
4.478251 
-251.898157 
-586.279368 
-372.329143 
818.808128 
649.668708 
-199.768559 
-689.990998 
-81.688325 
-586.665980 
-211.907991 
-360.239817 
-494.838059 
35.795713 
100.147827 
425.998984 
-191.923020 
622.809793 
1178.709228 
621.493887 
-114.806286 
108.418475 
751.154902 
615.843072 
514.359358 
-58.650808 
-288.704222 
501.638588 
242.226118 
-148.766323 
-203.554910 
-176.084865 
257.089680 
463.793365 
-149.076318 
-525.892436 
296.615337 
-813.633424 
-761.938764 
-305.375163 
-331.748374 
229.713485 
-87.250940 
-1152.288605 
40.767122 
380.378172 
-20.521205 
-456.132732 
379.047498 
20.492033 
-1031.398721 
1157.094545 
312.933758 
172.739308 
886.472103 
-74.245311 
-292.785651 
-504.511036 
197.219410 
-832.715981 
-98.091662 
142.758753 
-499.132014 
-289.231298 
-1003.658416 
-472.495632 
-491.185942 
-484.605144 
-218.627400 
13.421125 
595.782888 
540.185827 
878.200414 
-41.519431 
-372.979267 
129.941199 
98.121215 
-189.410087 
-596.330850 
159.334777 
481.807404 
445.738508 
-145.960915 
-687.132802 
-164.911558 
353.757150 
-369.999417 
-220.721277 
209.354933 
607.752850 
399.362580 
-297.516975 
-592.386702 
-109.568476 
296.391475 
260.570659 
26.141026 
166.938249 
-493.441373 
-531.286658 
345.217915 
-94.548365 
-503.272723 
273.681969 
-407.404133 
-254.674427 
311.391028 
529.081756 
-72.974040 
507.922622 
-85.041316 
-70.359852 
1089.439590 
-412.352984 
-247.201769 
66.466705 
954.876064 
-31.809477 
163.861878 
-6.251051 
-43.635086 
692.406460 
506.872238 
-26.889424 
-2356.795326 
-1185.504251 
337.984653 
49.889145 
-535.554845 
-294.016696 
-820.290593 
-74.083153 
6.938613 
-787.281642 
-317.005214 
420.816143 
-271.949163 
-210.144775 
-1510.939555 
-193.912958 
112.328449 
277.564310 
34.430788 
-314.018459 
108.416021 
243.736928 
612.291321 
222.456682 
-410.109646 
74.588660 
74.599478 
-28.473993 
-254.662431 
-254.860921 
-219.806872 
-179.805077 
-160.557377 
277.565660 
-329.231102 
-196.032255 
195.673372 
-78.175392 
60.303291 
-261.801148 
-382.211625 
-485.322819 
265.309331 
548.195299 
57.872093 
-24.663723 
-683.590382 
-464.968925 
56.219844 
-163.139159 
-939.865539 
-230.752987 
2234.046915 
-563.052843 
429.239073 
6.938874 
-651.178892 
583.101387 
-557.708973 
309.119841 
-979.557291 
159.533680 
-866.582337 
-449.547125 
-29.446664 
-661.631994 
21.547847 
-128.534682 
40.769252 
-371.875508 
4.916304 
87.463218 
-78.030484 
-110.194777 
-536.887190 
51.415915 
-445.543508 
275.860708 
-227.858215 
209.906842 
138.450169 
-320.455764 
74.595219 
-98.602336 
-175.975615 
40.766729 
108.421345 
-451.060823 
-592.613576 
43.837312 
406.960568 
19.930149 
-392.545127 
243.732333 
62.579733 
311.386376 
-305.690137 
70.343288 
-364.007677 
-162.046582 
-251.875055 
42.512025 
-213.645258 
168.534475 
-57.756059 
-400.075440 
-172.976124 
-722.844556 
-509.735845 
-30.712823 
345.215108 
-73.798699 
-648.522939 
-392.289834 
-431.476836 
-124.865740 
-48.127989 
74.589885 
-94.549707 
-1142.869346 
40.762018 
1187.789075 
-391.956971 
-674.774476 
-629.715346 
-197.657078 
394.724951 
-399.001457 
-48.173956 
32.889049 
-756.811338 
-362.765052 
142.246321 
-553.835521 
119.193755 
-353.495778 
-1145.435153 
-372.490244 
848.947746 
11.785930 
-391.211327 
-314.060011 
-847.190089 
190.268606 
-398.997083 
-55.967791 
154.478610 
-398.997543 
-213.436991 
-398.999016 
-628.294535 
-312.907100 
1326.228482 
-475.698173 
-497.253536 
1318.041855 
-17.930167 
-729.432110 
-399.006878 
-220.315312 
412.871585 
-726.602969 
-9.438116 
664.663116 
139.044460 
673.065789 
1085.935852 
919.182593 
85.311366 
1235.055976 
683.498170 
710.912715 
785.988002 
1089.440729 
1321.627837 
702.994103 
-1376.404308 
-109.107977 
2286.057291 
1351.310334 
737.059392 
740.548211 
620.261054 
588.807679 
672.570176 
83.302371 
-199.106018 
378.429727 
365.857257 
97.656835 
886.478860 
451.505945 
449.401616 
580.443804 
-11.105536 
496.109765 
1133.807588 
646.624391 
55.303050 
-567.181958 
954.130295 
-149.669775 
966.009165 
-715.241735 
943.177266 
-257.345674 
953.156117 
-401.398095 
1089.441104 
801.695986 
-426.972699 
567.432627 
-122.966201 
-323.318156 
45.040327 
-48.191461 
-114.851878 
-692.545891 
-1146.647215 
-706.596523 
910.830228 
596.129852 
-247.190666 
-403.487361 
-793.138521 
20.154257 
547.906217 
1706.473545 
1185.281374 
-835.605628 
163.373391 
-66.970618 
-85.202596 
423.814514 
534.228403 
-576.328515 
-605.431954 
145.648657 
390.334121 
987.951777 
562.282318 
35.132154 
316.651470 
467.001104 
735.927704 
-86.300689 
-362.031729 
649.673426 
-814.605175 
-444.379869 
307.203511 
-558.393238 
21.189085 
701.350999 
125.868738 
-668.110601 
818.812226 
652.445241 
-946.300192 
436.730007 
-427.489961 
-537.309273 
1360.062169 
-36.571354 
-770.772902 
614.784624 
-331.734959 
606.380368 
176.072425 
930.024747 
-649.936279 
-418.202224 
302.754667 
-4.105967 
2239.587953 
-496.500025 
311.392099 
724.210733 
755.353792 
685.120310 
667.342802 
50.771675 
370.807447 
-124.562593 
-55.430091 
-566.334553 
-42.041478 
-949.566366 
-40.623639 
-126.470596 
-1328.416802 
509.092960 
595.030478 
-585.065029 
92.951536 
-1237.150542 
-163.552923 
-83.673288 
-921.309298 
-376.357129 
63.008238 
351.695685 
-438.006572 
464.570775 
98.706784 
657.797129 
509.333026 
991.401632 
582.010276 
198.047831 
107.334056 
-133.148825 
-94.552791 
-841.782770 
-486.268880 
882.677010 
-587.953774 
441.055409 
618.727148 
499.833157 
-557.438321 
-27.313739 
-640.955270 
-128.446504 
945.990971 
-1226.842312 
852.645937 
801.902204 
300.950310 
747.648967 
-373.087869 
474.831440 
-142.640054 
258.132064 
-890.114918 
-389.933568 
-883.768831 
-605.288368 
6.810978 
-783.820595 
359.070036 
233.171539 
663.059622 
760.936163 
59.116833 
1242.576985 
886.474310 
174.982367 
345.224563 
-1543.360792 
-1030.744707 
-166.114357 
-528.529926 
1273.325940 
886.475545 
637.368376 
-1533.539135 
873.931384 
-156.590664 
815.535012 
973.593636 
-773.273431 
-705.984795 
214.554876 
-66.219996 
-56.358389 
582.023622 
772.238049 
-543.330296 
-441.470117 
262.030291 
-596.565326 
450.946628 
-406.853253 
-281.737271 
-595.996883 
-522.770114 
194.547396 
61.210784 
295.213067 
-198.558713 
-19.447068 
-795.510393 
-5.634703 
280.570001 
-323.383474 
-22.253323 
-626.005427 
-1080.197948 
507.350531 
1312.133295 
-279.209882 
987.957661 
1901.313738 
-667.598638 
-657.150080 
-32.906461 
-737.887095 
37.378815 
-92.558485 
-1903.119130 
-222.522074 
-227.859470 
-87.160756 
-212.855646 
475.603777 
870.581223 
693.915175 
-485.449003 
954.128969 
176.082885 
412.877415 
176.084116 
143.848203 
-343.882076 
1506.302019 
242.243657 
176.971714 
-641.565918 
-610.749003 
315.364072 
1214.833635 
-766.129672 
-171.434434 
-129.305469 
-368.257643 
-372.563305 
175.766001 
-250.072999 
29.473052 
-742.710345 
-1506.907002 
548.193886 
-67.148077 
326.301957 
-1174.176037 
649.674677 
-540.964761 
-43.945647 
683.505278 
380.365755 
-183.550884 
446.706866 
322.667314 
-662.818006 
-650.329153 
1368.515534 
-1143.074460 
-155.310076 
-4.768152 
-493.810361 
199.941732 
-533.618309 
-1.603797 
-38.970243 
-1039.906851 
-996.364003 
348.548725 
412.334033 
330.555348 
260.669282 
5.432818 
129.779958 
344.542171 
-56.426791 
-152.483988 
-458.386196 
-43.729586 
-52.254611 
-165.783992 
-673.424325 
-486.233001 
-642.383193 
159.486476 
-323.139474 
-578.175504 
732.797775 
-250.457501 
-147.152037 
108.420265 
-446.013369 
125.910088 
-557.474083 
460.398219 
479.041164 
64.508848 
-28.242357 
42.132912 
277.560911 
40.766837 
659.926494 
136.950381 
149.310645 
-940.246082 
548.187231 
-164.863898 
12.508271 
251.918456 
-787.324229 
-946.956818 
-94.545222 
291.291804 
-117.236828 
-359.369323 
76.198816 
-221.145858 
151.353154 
249.195417 
-135.313837 
631.126958 
331.750730 
412.873792 
-1270.079267 
154.930262 
400.339598 
-417.008240 
-753.147144 
113.061144 
-1128.713213 
150.562443 
40.760392 
-366.318076 
-950.464212 
-66.689050 
-811.681026 
-273.730495 
-772.444044 
-255.236023 
-363.953610 
277.562702 
-466.246818 
-556.445890 
-297.514677 
277.562191 
198.480702 
-269.502699 
-505.688028 
6.924973 
40.760966 
419.754652 
-471.167471 
61.388575 
-548.618124 
128.610786 
14.515358 
209.905009 
-263.686182 
-26.889889 
-465.210302 
41.677882 
-83.400775 
-565.870407 
80.365479 
-858.327208 
-69.174172 
920.293251 
-32.795170 
-514.584069 
-210.995386 
75.030328 
-229.320082 
432.783319 
233.293002 
-350.234581 
621.131792 
-535.714956 
274.667599 
209.903567 
-365.111649 
216.953673 
-578.659083 
-104.759057 
-563.135511 
-67.087390 
-170.442877 
-515.092187 
-191.320915 
-520.805316 
-175.683272 
-82.374961 
-162.204381 
-577.291068 
34.120404 
-47.010687 
-937.078584 
-337.547489 
-670.875793 
-978.843497 
-339.267753 
238.444297 
-451.983962 
-94.544509 
-504.612936 
-531.645957 
142.250398 
-32.670010 
-410.904435 
74.593614 
108.423758 
-0.867559 
-360.848116 
-133.304050 
336.125084 
338.024186 
-254.193835 
74.597021 
-149.913080 
-60.717157 
-52.447323 
-161.511883 
-343.284473 
-730.884817 
-1255.307144 
25.444695 
-565.553935 
-148.288695 
46.454463 
-121.247054 
-653.015472 
-24.034094 
-19.509213 
67.485559 
-297.513069 
-90.301365 
75.332512 
-363.313543 
-730.605029 
192.747330 
236.586757 
176.081635 
243.741743 
-617.769485 
209.911494 
560.462407 
126.118320 
31.788633 
-543.567599 
-579.216861 
220.172980 
-398.996324 
-305.937481 
-33.316654 
-266.217599 
-816.840146 
-398.997041 
-281.088154 
539.829055 
-134.764073 
-635.465052 
-372.176833 
-59.300554 
8.493835 
-84.767922 
-368.577316 
137.778550 
79.821985 
-398.998486 
569.633272 
87.647632 
-398.992533 
493.597829 
-398.999019 
-1110.841112 
379.172271 
1427.715493 
-146.886134 
-223.494496 
-52.906778 
-358.798374 
-740.265130 
394.827466 
896.481814 
446.695465 
-397.938583 
-558.357726 
-370.346346 
1054.947685 
181.855696 
298.111325 
89.128154 
-1117.510254 
361.417022 
108.421797 
851.362233 
449.072620 
649.668983 
1221.537605 
634.856198 
-1186.598077 
1155.308548 
1389.748498 
596.119081 
556.549839 
-152.438730 
4.761959 
-140.033720 
658.848870 
-433.232383 
-122.782269 
137.811504 
-271.534092 
495.535109 
1292.408844 
67.208490 
-177.866100 
-34.659602 
416.126160 
762.832917 
908.221362 
-342.826296 
-294.820643 
-206.543370 
1427.718126 
-454.480196 
888.436120 
448.275120 
250.238538 
-1164.365876 
1035.100119 
-189.977362 
514.359776 
571.709684 
101.676081 
509.298085 
294.369394 
492.777240 
150.115809 
38.189359 
544.293988 
-1094.494830 
45.758859 
-249.544042 
-507.800038 
-39.829840 
-95.499571 
-170.027102 
125.201568 
198.211836 
-222.746164 
673.012607 
2260.742017 
77.486756 
-66.701922 
74.796121 
356.007618 
173.073870 
-676.224764 
290.660783 
-55.927570 
-125.033040 
-192.816406 
2104.276584 
871.498441 
342.315812 
-307.328456 
214.415520 
1155.952060 
132.062315 
82.865418 
1021.777928 
-198.530928 
-420.998411 
100.944063 
-67.261842 
143.808621 
-298.170553 
58.296470 
239.864196 
480.533075 
58.940610 
-319.621687 
341.402451 
132.405000 
62.715039 
108.426772 
244.841057 
-63.494141 
225.326700 
458.941119 
-207.049671 
1123.276499 
788.701608 
-204.482990 
-246.570391 
398.922116 
327.061944 
311.397769 
17.151551 
1157.100238 
663.769861 
333.529618 
213.211286 
367.716097 
-120.426161 
169.372861 
-134.446042 
-698.970208 
-761.027326 
-571.965454 
-286.673468 
233.219913 
-1390.061945 
-220.928987 
-364.634370 
630.945024 
296.584229 
-122.388049 
-269.804122 
106.236243 
-1559.182216 
-917.164352 
15.669314 
-387.860769 
-92.406331 
-139.179963 
297.070185 
-273.379976 
-624.031346 
523.743040 
396.379594 
1055.611224 
-321.523568 
852.254731 
-830.314111 
683.496949 
243.730738 
-781.531079 
562.576593 
-351.366373 
-392.110616 
-296.141635 
22.993377 
-756.105473 
497.857434 
-85.151445 
-679.861429 
447.901540 
-320.876053 
649.670121 
818.805625 
-42.891767 
617.685275 
22.536487 
78.506628 
761.184528 
362.310554 
-907.794437 
278.838225 
-609.464352 
522.419058 
-674.024346 
17.749724 
-523.847276 
43.641812 
301.065767 
1356.757315 
265.043298 
15.594885 
412.875361 
389.979812 
209.906839 
-237.854917 
-451.107615 
-39.192253 
-619.463814 
507.286710 
818.814119 
753.251745 
-1637.823066 
-571.909108 
-36.663920 
946.612935 
146.898443 
-222.676660 
-353.870837 
-139.179719 
-19.406403 
-32.742219 
784.984911 
594.646289 
-998.886514 
-386.251434 
563.832821 
-280.711946 
115.484504 
383.823810 
298.059701 
-386.568017 
-831.614107 
228.211498 
-36.758133 
236.400788 
-345.660841 
-815.658379 
-1039.469740 
-331.593644 
233.780696 
-89.866317 
-225.669003 
-2.503098 
-964.927062 
94.505479 
380.167123 
-295.946551 
784.981363 
1292.404783 
-1676.441457 
-68.935944 
21.171006 
-785.152580 
39.490263 
112.867649 
-1482.496842 
1.106525 
-902.802340 
136.363055 
-631.930232 
221.930550 
160.717154 
692.875631 
-754.084099 
683.498409 
649.671710 
311.389801 
717.327215 
569.585498 
-158.858319 
193.054027 
-332.718667 
-39.713195 
-335.885357 
19.799999 
-369.789836 
650.352109 
-1207.532273 
-530.793231 
-262.204628 
-46.511301 
-1159.907348 
-87.762577 
84.685120 
-249.128107 
-173.719658 
-968.434198 
683.502094 
89.297407 
458.328743 
-75.926522 
1427.719671 
-146.386410 
-779.132530 
920.296936 
99.130487 
146.994822 
379.047419 
719.584587 
35.650028 
-575.211096 
332.539063 
-37.568241 
799.063795 
239.795160 
128.450776 
118.645611 
18.759980 
331.669125 
-425.484600 
-452.202518 
41.304104 
45.224825 
92.182916 
153.833834 
-947.453863 
-630.479477 
248.160066 
258.772210 
-454.730664 
69.213079 
-329.885900 
-105.768716 
20.802181 
-336.467273 
-499.121168 
-25.333815 
-719.860754 
1.469767 
-322.903628 
69.747392 
865.759812 
325.023874 
-329.432537 
-162.206085 
-120.669066 
277.703116 
314.394321 
370.090620 
-258.380909 
394.846672 
-361.793547 
-519.395074 
-26.894599 
40.761765 
64.504803 
-35.003528 
-54.687880 
-940.266546 
886.463507 
-274.084431 
-92.613718 
4.098987 
-609.684504 
-487.001625 
108.418297 
263.263309 
-434.947760 
-338.987455 
-240.450369 
-118.948815 
-192.990500 
-215.645474 
-393.950634 
56.213856 
112.843690 
209.899557 
-62.833690 
-800.716112 
598.856975 
361.112312 
-651.057793 
185.685196 
-899.135731 
140.926032 
-94.553014 
-290.229279 
-654.641596 
-55.898263 
-770.041333 
203.500205 
-647.958363 
141.984377 
-401.761556 
412.873341 
236.363664 
-79.333825 
-162.206736 
548.186231 
-490.545858 
194.332384 
-666.433124 
176.075346 
209.910479 
791.154025 
-146.421890 
323.787191 
-260.660753 
372.905869 
425.577798 
818.817380 
140.129689 
142.245741 
-117.239677 
230.521688 
326.777538 
639.836808 
-49.879089 
-557.965466 
97.659625 
683.509619 
394.234790 
100.264090 
-300.607892 
653.796475 
-319.666352 
151.124755 
287.409518 
58.930165 
302.014227 
-871.965139 
307.560594 
-297.515003 
85.415241 
758.256923 
-199.560230 
-40.342568 
-847.076028 
519.438356 
335.967712 
-235.526097 
-242.370746 
-142.496887 
87.339638 
73.199127 
6.933408 
-877.477154 
142.489146 
277.749767 
-2249.777731 
32.350169 
-525.806120 
-433.367067 
-229.753112 
482.434429 
-273.802755 
40.763088 
-68.445984 
32.528706 
142.249116 
-839.224073 
-887.005866 
-263.687746 
-229.858069 
-454.270131 
-836.181997 
52.320818 
-247.085071 
-26.862347 
-553.319965 
-162.201497 
-428.063820 
277.561854 
-376.700320 
-295.080212 
-217.129549 
-679.696240 
-254.671377 
-368.327730 
-519.139616 
-447.830091 
314.263809 
-26.431582 
-673.058614 
-398.309104 
-107.230543 
-288.280452 
-162.202118 
137.440461 
-532.304445 
-739.360004 
196.106626 
21.201925 
90.726809 
-196.031646 
-229.857644 
-742.936613 
-263.690299 
-606.245098 
-508.712509 
501.988847 
-312.315562 
-750.863677 
-261.119188 
-399.000373 
118.754856 
494.860672 
-411.817257 
-1123.590699 
-399.005312 
16.633011 
-468.406132 
-618.151875 
-266.456887 
99.811544 
-195.720534 
-531.659357 
-652.578944 
-86.419171 
462.179197 
-382.515899 
-399.002958 
444.969220 
-722.622820 
-399.004139 
-195.938816 
-399.004320 
-768.817147 
-619.021869 
-365.171875 
-405.235826 
-399.479894 
-400.377220 
-408.303846 
-413.551286 
-399.000001 
-419.757139 
-399.000000 
-429.090276 
-394.031617 
-381.729345 
-392.556168 
-369.190281 
-399.473344 
-389.220958 
-407.555386 
-403.272251 
-399.000000 
-404.664910 
-400.128716 
-365.171877 
-380.449923 
-388.312798 
-419.779087 
-398.035695 
-398.520459 
-401.167882 
-369.833858 
-405.568617 
-402.416392 
-402.197032 
-399.258712 
-394.915066 
-408.167949 
-406.235052 
-393.315316 
-413.564321 
-399.000000 
-400.393799 
-393.295400 
-390.352606 
-410.752203 
-390.405048 
-387.620471 
-417.326554 
-397.693315 
-394.621744 
-365.171874 
-394.738877 
-394.418406 
-384.378915 
-385.198277 
-430.713867 
-405.546840 
-417.735589 
-399.000001 
-390.148481 
-388.944688 
-393.806988 
-397.941828 
-394.200827 
-424.926475 
-389.891917 
-375.323962 
-393.552421 
-401.832455 
-400.254735 
-403.840114 
-382.454493 
-399.202520 
-391.790118 
-400.799468 
-383.907252 
-396.444773 
-389.759760 
-367.286134 
-388.536528 
-396.002784 
-380.084910 
-398.703003 
-411.074986 
-394.031618 
-413.924276 
-402.896970 
-385.471055 
-386.326318 
-398.999999 
-395.823274 
-399.112304 
-417.902187 
-399.000000 
-400.423631 
-405.466701 
-378.316705 
-399.000000 
-394.994767 
-397.772809 
-401.932739 
-407.094960 
-414.511413 
-396.818466 
-392.515134 
-411.819055 
-399.000001 
-390.564199 
-411.783660 
-378.874356 
-402.487108 
-406.532396 
-399.000001 
-398.581832 
-393.946954 
-398.894714 
-411.451757 
-396.344574 
-399.000000 
-396.687698 
-410.263645 
-397.624172 
-406.885113 
-416.629557 
-398.999999 
-383.240360 
-398.999998 
-403.657860 
-405.759264 
-379.540183 
-387.984055 
-390.698976 
-381.351056 
-386.514876 
-369.675590 
-390.508789 
-391.607706 
-384.223801 
-409.334129 
-407.106933 
-380.587083 
-397.258733 
-400.077279 
-399.000000 
-399.710930 
-412.487744 
-382.031204 
-388.480958 
-388.280999 
-394.101560 
-404.538257 
-367.273780 
-398.556240 
-396.049407 
-390.654107 
-393.689148 
-385.891128 
-383.944529 
-365.171874 
-373.834600 
-387.308036 
-392.066041 
-399.000002 
-383.471465 
-403.105723 
-403.552716 
-397.708856 
-391.938378 
-407.536142 
-397.573933 
-410.787640 
-395.354415 
-407.735769 
-386.690990 
-397.342134 
-400.420949 
-365.171875 
-382.085937 
-397.479842 
-398.581833 
-407.569194 
-402.272018 
-400.167737 
-405.433806 
-416.132225 
-413.322277 
-397.685354 
-402.519241 
-390.225992 
-410.415345 
-415.234558 
-422.169014 
-402.717477 
-393.118486 
-412.393489 
-392.862338 
-398.999999 
-409.961215 
-398.999999 
-400.959601 
-399.734368 
-418.779559 
-385.093500 
-411.683563 
-399.000000 
-403.029570 
-386.102808 
-406.272825 
-387.226733 
-408.937162 
-396.933234 
-400.098893 
-400.560108 
-401.489461 
-395.252676 
-368.540663 
-399.000001 
-398.462161 
-399.000000 
-389.961382 
-399.504222 
-397.941826 
-389.731242 
-380.187932 
-399.735883 
-396.796965 
-388.670775 
-400.378531 
-397.880923 
-401.600232 
-408.232297 
-406.867263 
-395.222279 
-398.463101 
-405.041094 
-412.552635 
-392.802359 
-407.439015 
-402.064890 
-364.982011 
-395.030697 
-375.561679 
-399.000000 
-365.171875 
-384.472498 
-381.897520 
-402.738273 
-417.155027 
-406.942276 
-396.082932 
-423.035946 
-403.868449 
-403.310251 
-420.066102 
-393.640409 
-395.495368 
-377.854129 
-408.400571 
-400.443536 
-399.000000 
-399.000000 
-398.999999 
-398.999999 
-398.581832 
-408.229302 
-395.156783 
-397.823276 
-387.186447 
-403.409790 
-397.418438 
-401.267196 
-373.777000 
-412.361159 
-396.991437 
-398.253591 
-398.776825 
-398.888384 
-390.017199 
-391.426367 
-396.057430 
-386.917920 
-401.678528 
-399.000001 
-393.315318 
-396.021820 
-415.705472 
-365.171875 
-370.501267 
-374.668872 
-399.000000 
-391.664139 
-388.896444 
-399.000000 
-399.000000 
-405.345014 
-398.790282 
-365.171876 
-406.776372 
-403.657859 
-387.109161 
-402.603017 
-390.810218 
-396.286161 
-399.416025 
-396.279808 
-399.449570 
-389.959918 
-399.503344 
-402.723490 
-392.316994 
-417.332526 
-399.392032 
-400.632858 
-381.721323 
-401.414859 
-402.591714 
-390.662663 
-382.654540 
-387.982309 
-374.693930 
-396.776159 
-380.683287 
-396.757332 
-410.347494 
-388.110899 
-389.084171 
-394.915066 
-404.386788 
-384.367463 
-399.000001 
-410.037437 
-395.955713 
-382.562572 
-397.561467 
-399.392032 
-379.946539 
-403.394826 
-407.799499 
-399.000001 
-399.000001 
-403.737233 
-391.373004 
-404.382725 
-398.999999 
-399.000001 
-377.779374 
-390.407758 
-376.396797 
-375.840183 
-406.450194 
-399.000000 
-391.008453 
-398.211645 
-394.722038 
-374.937663 
-385.897453 
-387.326477 
-389.501633 
-390.997367 
-397.990051 
-400.425148 
-399.000002 
-399.000001 
-398.999999 
-391.350149 
-405.089016 
-400.831054 
-399.186714 
-386.525511 
-400.049136 
-399.000001 
-403.236464 
-402.177676 
-395.858013 
-395.650434 
-405.596217 
-390.405051 
-399.739085 
-407.904719 
-399.000000 
-381.776827 
-392.793665 
-399.000000 
-398.999999 
-399.628349 
-400.982363 
-400.049135 
-399.000001 
-399.000000 
-384.601266 
-399.000000 
-403.549706 
-377.440860 
-393.932808 
-387.249663 
-399.000000 
-365.171876 
-399.000000 
-399.683285 
-398.200114 
-399.637649 
-401.766180 
-403.295244 
-409.234360 
-398.310109 
-399.000001 
-389.365692 
-391.635253 
-402.487106 
-402.908713 
-405.227150 
-401.975215 
-400.062457 
-398.410923 
-398.999999 
-403.987298 
-385.008492 
-399.000000 
-403.787912 
-399.367531 
-392.753614 
-395.817089 
-376.876679 
-398.854089 
-408.011975 
-406.000492 
-403.929398 
-412.057569 
-396.853022 
-383.875115 
-398.999999 
-408.223300 
-378.110990 
-408.381399 
-428.731750 
-395.794284 
-404.686772 
-402.091405 
-396.292652 
-401.304128 
-408.579077 
-399.000000 
-396.977631 
-400.580145 
-399.000001 
-381.760172 
-409.601668 
-399.000000 
-365.171875 
-395.335581 
-392.078816 
-404.513919 
-404.922631 
-393.693583 
-402.877791 
-365.171874 
-404.818440 
-398.999999 
-394.378689 
-412.718003 
-384.906956 
-393.614334 
-388.699676 
-397.665347 
-405.674618 
-397.141534 
-401.167783 
-394.324407 
-406.239232 
-391.114761 
-386.255697 
-395.730838 
-399.000000 
-387.368160 
-403.683756 
-392.043273 
-402.603017 
-396.967610 
-398.536610 
-399.000000 
-399.000001 
-398.826576 
-399.000000 
-407.337114 
-402.600870 
-388.670916 
-404.895768 
-413.809472 
-399.278435 
-399.000001 
-399.375649 
-398.371148 
-400.325161 
-402.358867 
-398.999999 
-402.208075 
-399.096570 
-401.012791 
-373.288317 
-402.470266 
-391.183958 
-391.983994 
-394.973208 
-401.792043 
-392.777758 
-397.453722 
-399.000000 
-402.829625 
-385.470457 
-399.000000 
-385.587302 
-398.999999 
-394.107889 
-403.384898 
