252.414404 
242.301301 
217.270163 
201.370704 
100.857170 
132.370053 
43.416076 
-68.829736 
-105.866374 
-138.560533 
-291.728059 
-245.891202 
-368.634292 
-258.182017 
-398.246357 
-370.430731 
-271.994382 
-398.679597 
-464.147323 
-395.093805 
-325.911886 
-285.007693 
-26.187043 
371.875542 
469.211336 
517.632310 
321.731488 
431.826460 
363.802293 
139.721931 
151.251815 
53.948510 
-74.589278 
-258.314796 
-402.785964 
-302.959562 
-478.890520 
-340.008824 
-285.007261 
-274.063821 
-329.939277 
-309.297022 
-331.817494 
-224.973390 
-197.949838 
180.145193 
191.771605 
497.912523 
431.555203 
397.283408 
347.186991 
125.921796 
185.144939 
56.478584 
-61.247614 
-139.422462 
-285.007792 
-180.913750 
-375.212030 
-568.002752 
-386.613354 
-443.191146 
-173.294844 
-329.119340 
-157.332445 
-72.031948 
-131.253214 
47.130528 
132.947841 
194.605893 
313.996543 
388.417855 
420.172072 
317.477321 
302.208870 
133.107426 
31.099472 
54.344280 
-115.740825 
-128.638641 
-129.191544 
-51.919039 
-30.586490 
-433.296985 
-481.653648 
-432.076046 
-408.622991 
-285.009381 
-218.869666 
-146.342478 
-120.595939 
-52.126342 
-36.543365 
-77.597796 
12.800251 
252.412402 
308.597629 
246.529817 
446.901874 
428.496159 
200.242651 
165.049668 
131.192664 
-49.137056 
-105.868397 
-188.410985 
-242.440859 
-402.361726 
-388.993938 
-565.745975 
-464.150965 
-559.082163 
-518.772590 
-465.392737 
-403.589140 
-479.537405 
-464.148098 
-392.653438 
-244.013640 
0.196260 
452.579175 
587.377501 
789.836558 
783.820575 
789.834472 
566.612427 
376.824839 
357.644048 
305.279283 
206.624936 
67.909409 
-167.762678 
-220.122580 
-399.810618 
-310.316705 
-470.761966 
-405.738674 
-426.074157 
-509.788090 
-505.132284 
-467.315921 
-503.338299 
-21.540722 
301.107778 
630.656735 
868.091171 
929.850019 
674.792610 
526.445124 
448.103170 
487.332683 
226.771475 
230.808817 
126.094907 
25.272902 
-82.288788 
-285.009404 
-189.955367 
-388.855433 
-541.002375 
-464.149353 
-545.662793 
-459.700886 
-346.317958 
-253.950041 
106.939868 
91.375192 
384.682861 
466.842516 
472.158462 
472.282304 
437.108369 
339.309235 
367.991864 
162.842627 
207.628888 
10.276374 
-81.373054 
-268.094535 
-257.176481 
-363.896842 
-401.700289 
-461.292691 
-299.892050 
-363.128758 
-423.122886 
-286.021668 
-254.826757 
-181.738428 
33.420668 
215.152007 
356.022709 
333.228326 
529.675949 
521.124868 
478.526730 
431.553915 
353.779111 
215.405807 
127.626271 
115.299190 
-48.666109 
-105.866887 
-270.553391 
-374.534407 
-268.841833 
-407.679955 
-436.072386 
-338.248364 
-370.871576 
-430.691094 
-600.872592 
-372.948109 
-411.346515 
-285.008254 
-81.504651 
294.213885 
176.357966 
369.529290 
509.090753 
323.605796 
589.071032 
478.748243 
524.189830 
664.340156 
384.185940 
177.371416 
176.098760 
-192.687814 
-146.404925 
-169.801378 
-186.435600 
-256.989462 
-268.190004 
-444.486405 
-377.922259 
-773.475968 
-538.676535 
-535.043174 
-408.153922 
-464.147725 
-464.147329 
-626.520705 
-348.015436 
-120.711585 
302.145459 
427.362776 
895.040892 
676.016656 
736.050669 
681.722268 
424.597015 
342.042586 
227.145992 
117.511541 
160.058909 
-75.440334 
-195.436454 
-105.866550 
-464.146669 
-285.006382 
-559.078020 
-392.948151 
-403.156157 
-506.528257 
-532.000275 
-521.426853 
-694.512813 
-326.541742 
-49.526393 
263.557728 
630.671554 
891.373909 
767.901444 
768.850968 
611.538399 
295.993012 
283.189144 
29.329406 
39.522858 
73.274162 
-96.724828 
-208.445477 
-296.592978 
-374.577785 
-332.765080 
-369.512450 
-285.007292 
-455.456219 
-488.486518 
-464.148031 
-529.832323 
-325.479736 
-153.250449 
302.797099 
551.265635 
745.755003 
786.594105 
671.077472 
746.055042 
554.436922 
260.207621 
373.266458 
33.294329 
-73.634203 
-248.659665 
-142.371470 
-184.142725 
-310.488836 
-257.586408 
-369.405994 
-397.664007 
-495.084083 
-421.708588 
-407.911017 
-414.339398 
-112.363555 
306.300008 
552.039864 
737.667022 
723.152607 
883.342073 
667.265815 
554.062514 
506.019765 
182.787936 
124.863077 
73.274527 
213.821542 
75.012287 
-219.753035 
-170.634705 
-257.588154 
-352.148059 
-328.516610 
-459.785474 
-464.148770 
-285.007331 
-116.237603 
2.931127 
226.812036 
425.580405 
700.266202 
963.388069 
866.941784 
764.535291 
657.837108 
567.997089 
431.554355 
352.034415 
119.482021 
3.522724 
-201.775437 
-306.904593 
-337.677493 
-375.847119 
-509.111337 
-343.620313 
-433.080219 
-464.148974 
-346.586695 
-604.101676 
-332.992373 
-102.887776 
83.288586 
296.819098 
630.413610 
574.681075 
789.834207 
602.339887 
567.840099 
284.571670 
159.097269 
8.828503 
-120.846595 
-280.397238 
-160.662050 
-464.151176 
-328.692931 
-476.154550 
-553.719489 
-464.148998 
-487.271983 
-461.940328 
-404.624586 
-464.146818 
-464.148719 
-413.467601 
-243.206315 
-85.322262 
138.918868 
336.687253 
487.947636 
521.125103 
459.546949 
341.986062 
350.570768 
217.489657 
312.925901 
259.660844 
146.767884 
82.434877 
-155.705318 
73.276469 
-170.844517 
-314.488530 
-388.994375 
-202.211116 
-425.185269 
-362.931110 
-532.643284 
-504.049506 
-309.849643 
-624.060814 
-554.650872 
-464.149467 
-704.168105 
-712.751014 
-513.331808 
-694.959776 
-662.586218 
-657.107046 
-653.407732 
-422.442128 
-453.874641 
-149.398344 
308.026343 
548.325333 
700.265806 
628.858895 
477.825679 
296.910875 
443.101795 
301.414795 
219.655053 
37.090128 
-27.463470 
57.600324 
-97.486746 
-374.577023 
-270.247325 
-236.658431 
-285.007521 
-282.994424 
-163.890174 
-285.006949 
-374.577167 
-358.781196 
-286.406406 
-219.793908 
-455.723271 
-137.404970 
-423.443372 
-374.576544 
-424.900860 
-285.005894 
-177.076529 
86.490926 
415.493938 
692.023268 
666.088911 
864.798852 
806.566639 
636.618997 
482.090735 
574.133330 
274.586864 
302.074273 
4.504007 
-148.332306 
-195.435438 
-455.084839 
-615.530875 
-535.538171 
-582.905578 
-649.139963 
-671.689451 
-732.857559 
-643.286790 
-677.751908 
-643.287069 
-269.529852 
218.335385 
408.669980 
743.225031 
749.319167 
593.375342 
521.126982 
523.709510 
191.277008 
99.058997 
45.044420 
-105.866504 
-39.095797 
-38.855994 
-85.227144 
-344.447544 
-543.965795 
-488.564522 
-448.750393 
-506.807886 
-317.597103 
-252.582834 
-327.382188 
-464.148243 
-360.415134 
-320.459689 
-285.008108 
-73.868037 
-16.296654 
504.447800 
793.996624 
968.969776 
-1188.459671 
1317.501944 
295.302254 
-67.014630 
30.525267 
425.572437 
884.658534 
-105.869910 
-1119.605024 
1252.215925 
-785.195796 
877.996716 
-1326.634518 
1445.021625 
1098.482552 
-90.511301 
12.720966 
-464.151049 
-2.910022 
70.339506 
431.558003 
-491.294754 
1105.320505 
1347.055804 
-640.755766 
-2370.787693 
1323.585572 
16.094332 
1018.171964 
480.173954 
-785.350715 
121.477219 
133.226049 
-796.175538 
1412.187070 
-648.422508 
322.806172 
-643.275044 
-526.803456 
-435.765306 
-1272.552799 
-1001.278967 
860.427366 
3442.265232 
65.893165 
518.310056 
1023.265649 
610.711539 
561.351894 
522.724088 
983.763334 
1016.543441 
101.281736 
218.262365 
-1296.989514 
-105.842856 
-665.234438 
-623.251574 
-951.124476 
-489.367368 
-382.116088 
-557.331307 
162.556837 
1610.073983 
-1224.310833 
1240.032737 
-173.935022 
125.864623 
867.114255 
2110.292651 
908.291009 
283.540254 
1488.599158 
513.063673 
533.883362 
4104.336301 
-278.590515 
312.836625 
-621.396677 
1745.754556 
1144.018006 
1449.651158 
-1033.274185 
1154.307292 
685.803829 
851.665550 
2133.397049 
-369.874596 
1704.520407 
-204.553527 
1763.164409 
1406.381321 
251.762589 
1765.607487 
1864.672342 
102.057605 
-29.318775 
1701.012735 
1983.566924 
-519.792366 
-675.055206 
278.027721 
154.756399 
1237.678890 
720.787234 
-1648.761561 
1896.926027 
315.730160 
-73.466878 
1416.816541 
1803.016499 
-621.253504 
-230.024856 
-956.282173 
832.448498 
789.819571 
1487.975525 
-2065.373909 
-766.126710 
1178.216472 
70.002833 
162.827437 
-2137.514135 
610.687514 
-1776.549899 
1143.418858 
-894.539859 
993.694999 
-1187.096333 
-331.873333 
-619.379738 
-2465.419925 
928.732628 
442.471242 
-1015.273452 
-949.283660 
-382.880006 
0.898491 
-1411.036764 
76.646971 
213.240726 
739.514916 
-335.526240 
1479.213843 
-3538.391202 
-4721.843845 
-433.639435 
-1058.671305 
562.349430 
-1778.144704 
1414.347578 
585.709719 
-420.715016 
226.190316 
-559.792473 
73.274734 
-565.659143 
1127.891751 
-1728.961387 
2312.538257 
-660.483234 
-855.746667 
697.306448 
16.275881 
1884.692329 
1356.437085 
-2923.822632 
-783.529007 
245.503745 
-553.734425 
1395.244007 
-566.181393 
1855.346460 
789.859251 
1327.272109 
2465.377585 
-3012.271617 
-887.831757 
885.804547 
1372.007169 
1088.096962 
830.479230 
-721.345920 
225.240496 
-482.755541 
-2487.521843 
1066.132782 
-651.657508 
-126.784532 
180.815838 
103.712159 
-271.983345 
-807.179041 
-285.000278 
579.293243 
2222.973951 
-2141.793424 
293.622756 
-555.621891 
1102.438446 
430.821689 
2133.395981 
1067.156939 
-1447.186458 
-625.661743 
166.804006 
-1089.030911 
-381.266141 
-1370.779583 
-24.555387 
-1203.870087 
-401.132164 
-1305.083189 
252.415949 
788.171648 
-828.394458 
-896.126999 
1435.184489 
-399.802670 
-485.479418 
-823.430456 
38.460708 
-195.459763 
672.110172 
-786.871153 
1255.086344 
-398.979415 
-2141.722528 
134.837401 
-80.337564 
1446.412575 
-977.854827 
-636.102052 
1090.687866 
-1273.121739 
-749.292062 
2524.529569 
-436.693700 
601.038224 
-464.143050 
73.272699 
-1124.627048 
-1302.557280 
777.962542 
-638.385372 
-1013.916487 
2301.190370 
-986.142476 
647.387419 
293.792117 
210.855727 
-460.153620 
2161.315730 
-1331.197813 
107.566984 
-1434.377493 
-285.009294 
1237.690246 
431.558057 
1058.553622 
4573.716785 
-720.568112 
1841.605771 
300.887418 
1239.131520 
-1012.086584 
-848.725172 
645.006294 
1750.823079 
-1198.584244 
-748.121116 
660.017456 
-633.127971 
-1015.808729 
-574.486799 
-442.595248 
20.254193 
-1536.960959 
197.930835 
1237.690386 
-648.428442 
-350.015918 
-278.453521 
968.977078 
811.458603 
-3833.207418 
2670.817094 
875.645257 
-213.676695 
968.987225 
998.836709 
-1533.732071 
-521.556615 
-2300.333367 
-1696.013435 
-1597.388292 
-469.042235 
89.317917 
6.126307 
-1363.208485 
1428.701541 
350.171069 
1506.587152 
-425.505134 
638.957274 
1562.879791 
14.133825 
531.382552 
1916.903660 
1336.039693 
-195.961917 
-594.183549 
-1425.596767 
-458.112821 
-201.430599 
1231.852170 
-1435.544723 
-95.820507 
-251.059838 
-2091.211447 
309.227919 
64.737088 
-277.255117 
706.479857 
-649.554006 
-931.757849 
789.858068 
-661.330827 
296.439030 
574.587900 
246.584006 
-1038.910127 
1222.208944 
-994.102246 
-470.513185 
789.843207 
3566.520936 
338.105547 
-1695.491573 
797.265724 
-720.919964 
-464.146050 
91.903471 
720.532999 
-1067.258709 
-2754.845119 
-653.331373 
1058.551006 
-231.028824 
-869.557339 
-434.026144 
-87.608868 
-404.410510 
371.541090 
-246.557491 
-351.537979 
-316.153609 
-137.191587 
3208.230094 
-2110.008623 
985.753684 
680.096696 
-698.088767 
-459.783525 
434.752407 
-1635.101564 
280.873065 
341.971595 
862.607151 
-1130.399796 
692.671464 
-701.452236 
-1311.430052 
-1806.178604 
-1161.031989 
-192.318187 
1237.662831 
-8.119014 
-456.204194 
-464.152595 
-285.013321 
-195.004276 
-981.762348 
-1223.894021 
73.270153 
2043.806151 
910.664243 
-529.849573 
-432.329299 
-560.419663 
159.936399 
165.238960 
341.993543 
459.545866 
-16.291168 
77.902300 
494.140255 
1325.339736 
489.863378 
-376.080790 
-162.083138 
973.635480 
1954.268807 
230.511573 
-1.959367 
-448.582975 
-1495.299370 
253.388763 
-1686.763957 
550.877725 
-867.611624 
1526.342316 
-1504.134252 
1082.676784 
2133.400597 
-1521.993221 
4617.542634 
213.253362 
1555.186152 
-1924.947630 
363.157803 
25.219971 
-695.275651 
910.885920 
-323.263322 
-35.147645 
1558.015788 
-643.279264 
-1269.672404 
-301.585540 
-1296.652454 
-61.434958 
183.843943 
-296.180580 
1763.746516 
1063.690974 
321.866716 
-692.800195 
-464.135275 
1163.600639 
-431.701284 
-464.152194 
-684.277152 
-719.821376 
-285.000117 
879.417891 
-560.730368 
-1129.339990 
1539.465735 
-1762.648585 
643.141910 
-1577.793439 
700.271414 
-981.038173 
-105.857873 
-292.124070 
-624.744913 
393.403344 
-133.243019 
-3899.672651 
139.058550 
-2050.104009 
-398.747396 
-564.436715 
-1619.231209 
-1370.385589 
225.125917 
-1798.711856 
-898.591599 
521.137971 
485.527081 
-143.879489 
-2185.976342 
-1075.107579 
-141.596553 
790.820693 
341.993546 
162.852682 
-879.649913 
-195.431471 
-420.997377 
-176.970880 
-1807.581757 
-1328.592188 
1519.736049 
-626.945650 
162.857513 
-365.143054 
-674.888690 
-1627.678903 
-2969.282501 
-1292.660622 
203.418428 
432.030118 
-300.906168 
244.917363 
-2058.847789 
665.910050 
382.229958 
-966.913808 
-95.299867 
52.960634 
1642.713394 
-195.426268 
-100.476060 
1009.389395 
-195.428001 
-174.890990 
-911.995311 
-2184.456594 
37.216655 
1148.133804 
-1178.305113 
1718.458464 
1150.237245 
2221.477183 
-2492.384658 
330.049044 
-486.504891 
73.292385 
-2530.485217 
1658.008321 
-1652.792099 
-213.396447 
290.781640 
567.350059 
2681.599912 
107.198936 
1302.416424 
1775.132823 
421.844306 
-302.493027 
4820.497091 
2184.006183 
2643.265497 
-688.200980 
828.812169 
-2510.875718 
-1050.610523 
23.399870 
-159.870448 
835.934889 
-817.522041 
1367.247173 
1988.400702 
-1097.316466 
304.635098 
1155.800753 
-154.656638 
252.423613 
2126.699639 
367.171858 
-3065.098448 
-936.044600 
2665.424102 
4296.601569 
956.073901 
-2058.927407 
-699.947215 
3387.375976 
-19.579929 
4259.725554 
1973.146039 
1198.797168 
-156.245048 
1112.689071 
-226.233077 
6611.901773 
140.967696 
148.423556 
486.406861 
218.439636 
628.005636 
-610.753097 
1672.582478 
700.144434 
-1512.642494 
156.180719 
-630.792677 
2141.191884 
811.435907 
3064.733079 
481.328281 
-1410.099517 
-496.519803 
1889.956354 
232.482108 
5626.618156 
-681.688888 
880.404041 
-1979.132088 
2633.284963 
1445.252024 
2040.148060 
685.967337 
819.881296 
1739.245759 
-599.024893 
3745.649288 
417.736422 
3191.545847 
2209.309013 
1763.160068 
-578.662658 
-620.890397 
1108.116403 
789.839774 
-838.310369 
1592.171659 
-42.233319 
2019.060866 
-1900.737089 
-2776.549325 
987.757276 
-1153.625469 
968.980327 
1818.880888 
-1990.013883 
2159.982340 
152.664615 
1135.675945 
73.282592 
2247.701274 
14.962065 
-907.538605 
-1219.957387 
146.693678 
1148.116732 
2747.822284 
-2822.685762 
-1997.808132 
2769.655633 
-262.162227 
879.423765 
-556.405397 
2760.374528 
-1261.243225 
468.859131 
1017.944733 
554.178073 
-478.482523 
1492.986773 
-1477.777965 
-1456.907425 
828.564920 
2443.798187 
139.901226 
-882.319985 
-231.048523 
-2405.783483 
-1267.454197 
-143.348830 
-671.275999 
1055.155044 
-3141.979741 
875.180349 
-4412.478691 
-3086.335896 
-1102.915270 
-331.141873 
634.236729 
-238.769768 
-763.372504 
1153.012688 
-281.508363 
1803.644102 
-172.581684 
73.264369 
433.434092 
435.574018 
-1010.852994 
1058.532063 
557.853715 
-915.935056 
-1388.890755 
200.042245 
-502.879544 
1364.772574 
-2538.613339 
183.057968 
-470.095820 
277.752478 
758.174944 
-2286.692312 
1157.043354 
610.697561 
1372.040274 
728.750539 
-2491.142119 
-386.623449 
-805.562794 
-730.897992 
4066.793668 
158.119436 
-1032.038902 
104.778149 
-1763.469398 
-1986.706951 
-204.204368 
2558.876244 
-789.236368 
410.462777 
-337.768240 
-153.767800 
-391.742028 
3476.947662 
511.750569 
3924.788662 
-2290.371106 
-1442.109735 
394.526527 
1153.761158 
309.761242 
2133.391249 
-1077.086802 
-3718.584806 
33.381055 
-3540.825101 
208.965687 
764.691741 
-984.230037 
-2555.677490 
-381.830283 
-2207.732760 
-303.989999 
1954.243355 
731.280719 
-834.381813 
-588.031633 
234.509663 
1382.851348 
2465.292805 
-623.037141 
-284.870056 
-604.063457 
638.615442 
-821.432756 
-431.961247 
-732.799208 
-2619.527341 
360.186266 
765.448953 
-139.458793 
-939.943237 
-697.380983 
980.498139 
-578.430846 
-58.799602 
1092.295686 
-1296.698701 
-369.704144 
1327.249680 
2043.814625 
-1553.778193 
-709.663207 
-694.878257 
-174.631780 
-205.673456 
-99.988452 
-3295.650860 
-162.884035 
-710.756598 
-111.914753 
757.008554 
1840.261770 
-1508.866977 
-162.152923 
-1694.703889 
879.408767 
-374.578299 
2670.811153 
-285.000154 
2916.506511 
121.034592 
1040.673559 
97.898364 
2664.054217 
-2180.316417 
-810.107157 
-758.950460 
700.860900 
-2258.925524 
-376.207608 
685.744724 
-432.508137 
-3697.123541 
-1194.267146 
-2090.741301 
428.989197 
-557.389552 
1576.993019 
162.855772 
-1232.745327 
-1880.728789 
-925.676765 
1595.975599 
-163.443320 
-2210.180120 
73.278312 
399.874000 
-975.211957 
3029.089107 
234.497364 
-1543.256802 
-1231.393035 
-2227.557326 
-1405.015961 
619.728113 
898.412319 
-861.648421 
1376.284973 
1858.655132 
367.657879 
1134.604540 
2115.614057 
-113.502211 
1229.973953 
1200.088795 
-378.359904 
624.063643 
1141.711536 
309.387456 
545.176364 
-581.010593 
20.771619 
-88.947555 
-1031.290168 
95.798099 
334.234202 
-841.572771 
-1811.180114 
-2584.197764 
1722.176180 
-795.487915 
466.677069 
268.628433 
-404.099865 
914.552532 
1775.099217 
-3358.467114 
1639.550132 
305.737755 
-669.414460 
-2709.807357 
277.327140 
-2327.878391 
-2262.013339 
-285.010067 
341.976049 
906.081273 
-1051.052258 
-1658.961637 
-2345.129330 
2849.947633 
-429.549288 
-1198.170622 
-571.131093 
-3555.802914 
-226.072004 
1595.968933 
815.367530 
-232.554724 
-2197.294227 
-2253.049941 
347.203833 
905.384745 
-262.446247 
-448.945204 
-468.196079 
-927.515197 
-464.137574 
-850.419020 
-1555.775676 
1146.489429 
-1065.696204 
-902.393819 
1126.663948 
-525.292281 
1145.927908 
789.845045 
-783.844134 
-2106.902089 
158.879447 
-1353.331643 
-560.356968 
-2694.973859 
-398.206952 
-266.954622 
341.998642 
647.853165 
388.626189 
700.279902 
162.846589 
-506.888288 
-139.184279 
930.960398 
1058.560419 
700.270847 
215.640277 
-816.446698 
-816.388997 
1026.851472 
1964.687170 
192.139235 
2133.395158 
-2087.601329 
-643.280931 
-710.773382 
1538.594130 
900.725286 
1367.063250 
-744.547170 
-1338.942987 
1635.014716 
879.408070 
1425.016933 
-488.223823 
-38.413539 
-2409.675697 
1083.344985 
-1813.601023 
162.849179 
-754.349761 
1907.715789 
-455.668530 
1530.991479 
-285.008669 
-1089.473414 
3269.391419 
-237.532410 
912.631194 
-1071.206528 
-650.894490 
-357.483964 
-535.756093 
-149.129164 
616.548684 
-742.780015 
1171.700379 
-195.441161 
-1492.802720 
960.648065 
-841.678454 
-3011.298365 
1006.741248 
-419.405682 
341.061342 
366.900442 
588.724026 
-954.345558 
-553.726888 
-598.747120 
-2297.177291 
-553.726406 
-1518.812432 
-3627.191204 
-643.293538 
-464.152900 
-2209.025387 
-31.480415 
-1181.631843 
-1304.566567 
-371.119709 
-1076.772198 
1237.683197 
-966.911692 
162.838848 
-821.066360 
-26.864778 
-945.980959 
-357.468225 
-2264.288657 
746.045969 
-2769.972288 
-1188.654275 
-43.710826 
-829.677613 
-834.482289 
-305.696948 
-1238.330732 
-1283.124330 
162.845877 
442.858119 
369.035261 
-2605.881338 
-2115.627986 
382.368314 
2423.609608 
-195.437897 
-374.578410 
-650.691604 
-643.293108 
242.096858 
-919.085792 
889.342728 
-1396.259879 
166.075003 
-473.753117 
789.835996 
-150.726266 
-1423.769758 
-2097.741722 
-842.785720 
-1163.911098 
-388.615165 
-947.046853 
-174.937898 
-1313.693151 
-1042.690288 
639.023521 
-1253.047754 
-1679.868080 
444.047228 
-560.629711 
622.341127 
879.411280 
-944.010798 
-618.202735 
-911.990744 
-1035.662221 
-911.995733 
-1629.860283 
710.965166 
2581.236770 
926.851229 
-2066.421889 
2968.961113 
-695.668188 
-682.759746 
-338.758988 
1292.320257 
789.836595 
364.827897 
599.548258 
882.507680 
1748.672120 
385.247264 
3276.799470 
-15.537405 
726.219807 
-146.922148 
-16.290211 
-660.786498 
893.028206 
252.419539 
1075.624131 
1628.762881 
133.812548 
-1223.598384 
500.678965 
4040.153824 
1616.685442 
1065.460727 
2757.826713 
2275.492779 
1132.883100 
1163.887339 
1684.969948 
597.949714 
1225.934875 
225.799057 
1864.694995 
1598.815670 
-373.129948 
1140.885278 
1959.690056 
415.299167 
2286.676612 
2080.017742 
2466.642307 
-2223.953249 
2491.680684 
991.063842 
1148.945262 
-2353.436307 
-40.926664 
-514.522578 
1079.069345 
-477.685378 
2133.387593 
-410.356034 
-996.955341 
-188.836664 
620.318714 
833.676395 
545.142906 
-467.436805 
2249.875886 
395.984055 
2369.656739 
1947.884269 
-747.646741 
2633.688835 
518.714081 
224.380574 
751.505333 
436.406199 
-925.799092 
1131.911329 
5754.292308 
549.607215 
399.085985 
574.809246 
763.090347 
788.806294 
-31.048051 
-19.695154 
-198.767095 
-1641.529898 
-391.256742 
1595.947660 
-1669.331087 
1149.503899 
-86.432900 
1667.607763 
1310.959782 
-174.033626 
-3414.957930 
4462.209014 
-1360.562770 
-732.526303 
-239.180299 
191.698503 
63.243295 
-487.738729 
-147.669075 
-1837.936436 
1685.506257 
758.018508 
-1912.189017 
-2395.862845 
650.883586 
-2471.112608 
-105.881927 
628.565314 
-557.404206 
3246.168794 
-1076.743047 
-316.165996 
1506.364391 
1672.277191 
-1577.909773 
512.355194 
1429.386306 
1013.804189 
431.592646 
852.868219 
2850.007911 
895.468940 
-96.384818 
-2172.447736 
1619.812447 
-1780.808273 
279.433344 
255.565646 
29.216435 
810.370331 
-61.660737 
-1895.210220 
-853.207647 
-2741.041707 
-880.248251 
592.544850 
636.088418 
1971.067196 
1325.658002 
-699.621025 
1039.991870 
413.355261 
745.265213 
-1088.324197 
-1115.673867 
2202.874750 
1968.351740 
2379.106973 
1099.599800 
-430.933707 
-161.122264 
-304.594949 
1775.125410 
-51.493503 
-1414.560915 
-893.157359 
2222.952116 
93.681231 
-1521.920765 
1566.731098 
-430.164505 
818.428628 
559.331020 
171.847874 
2306.592066 
-747.442553 
-2655.704401 
86.002403 
-430.059899 
-3420.665554 
-105.861375 
476.340066 
-407.376071 
3017.077027 
-778.962219 
-1273.499668 
-43.805318 
-896.895072 
-1657.212035 
450.276983 
-1380.672426 
-988.311824 
-276.987954 
530.359056 
79.674647 
-202.121392 
2289.585464 
-963.765730 
-803.307895 
87.610079 
789.828861 
-351.284793 
1148.108045 
-1486.878178 
1174.885084 
-990.885910 
-1115.401965 
499.511342 
3029.085318 
-86.064980 
-4708.437885 
-2356.375831 
2814.006599 
168.659690 
919.780300 
-971.552729 
909.950161 
589.519572 
-1023.034778 
-1201.996350 
1864.684672 
66.845414 
-1258.338323 
-856.289809 
2469.710663 
-2156.363559 
-1684.917776 
416.380466 
439.931939 
-3.555006 
-1649.042286 
379.126064 
-1024.774664 
-83.740817 
-831.013151 
838.079395 
373.798808 
1806.494781 
1967.844981 
705.563131 
-1417.217590 
394.687006 
-1151.975722 
433.796109 
-276.729745 
-1237.783404 
789.852209 
4641.367646 
-2331.408892 
-874.347121 
224.108629 
836.713531 
-1011.886300 
883.234148 
-3869.139808 
-425.549752 
-808.300609 
212.389744 
-1197.935932 
710.011154 
732.534022 
-112.386981 
168.409637 
2491.657957 
-822.420562 
700.267345 
-105.845841 
-3575.269923 
-1048.054069 
825.833719 
-730.359286 
-343.219183 
1.952061 
-2877.894367 
283.611261 
2593.912647 
394.793534 
-1220.451559 
218.634258 
1060.821701 
-685.343351 
1094.244714 
-1947.599244 
221.894318 
-164.578800 
-98.464468 
879.400518 
557.124224 
-9.714424 
-311.457863 
3208.231670 
-408.342493 
-692.710435 
789.835620 
904.567747 
372.184338 
3924.796796 
521.118456 
-569.495954 
283.103762 
-660.057554 
510.694641 
-1164.657126 
362.235065 
-660.257826 
1618.426354 
-1349.336283 
-1701.502875 
-1348.643010 
-1472.046433 
-2227.496847 
-236.053546 
911.309970 
-1530.559174 
-1134.757004 
-1729.273157 
-251.932724 
-1083.236959 
-875.775956 
-506.482534 
-132.766679 
-361.035060 
-827.533543 
1256.951824 
-89.330701 
-1101.148153 
-2585.706632 
984.607193 
-634.775490 
-413.263146 
686.174393 
46.475879 
655.578259 
3566.511835 
263.007858 
982.886422 
986.548125 
-805.492703 
2659.642177 
389.257805 
250.875020 
-390.320915 
73.268251 
1058.541476 
726.094676 
-1022.425487 
-1193.907998 
-2536.192014 
1416.837163 
-1533.536285 
-370.393107 
760.868269 
746.906924 
-869.812678 
341.976249 
-826.553748 
132.229783 
-132.597309 
-1787.526951 
-105.186574 
-1044.196598 
250.908307 
2187.133379 
413.353006 
-41.550923 
1237.695864 
-503.304264 
-1634.177628 
564.270659 
-1101.701456 
-608.134205 
1842.642769 
-376.364109 
716.421873 
-105.862018 
-814.700959 
-2119.404254 
-243.604494 
-29.287206 
-376.000123 
-1323.410992 
-628.944820 
505.740161 
-374.585426 
-1378.172364 
-628.940222 
341.990467 
-16.284122 
-366.870572 
-1025.412962 
-2048.270948 
1595.962223 
700.279297 
-551.670099 
-1485.224887 
-2037.346813 
304.276617 
287.802179 
-486.471424 
1058.535849 
-945.583952 
-643.304572 
-148.228886 
987.927838 
194.797605 
660.241500 
-694.471726 
-1825.799115 
2299.061483 
879.356455 
-881.635512 
-225.881032 
-495.620169 
-3163.181893 
-2522.838497 
220.185398 
-820.055652 
-885.671212 
1042.749322 
1181.091443 
848.971409 
-16.307227 
-2800.563956 
-2159.650301 
-265.127632 
-461.606033 
-1445.381380 
-432.083423 
-1385.707945 
-1930.749070 
-920.518868 
-221.080266 
647.675378 
-807.458788 
-285.026239 
-710.925614 
62.759398 
-241.608093 
-2145.738895 
908.420159 
-636.146307 
-851.184242 
157.125916 
-236.039597 
-1179.921880 
789.813601 
-2238.463969 
110.117300 
879.382270 
-2488.405660 
-1164.291993 
700.250083 
341.969323 
-129.000641 
-1559.273605 
-415.620758 
368.745597 
-307.443674 
-1354.141990 
-285.012280 
-729.519368 
252.415916 
-456.176357 
395.073579 
-1599.722832 
-877.139020 
-2514.732322 
-846.334021 
142.688796 
-178.679190 
1502.025295 
-1196.955165 
53.644615 
-921.014889 
-397.105147 
-48.369685 
252.422011 
-830.875314 
624.233956 
-52.166860 
-1555.948055 
1790.131490 
412.274410 
610.705207 
1058.557159 
-430.512605 
521.125503 
-429.569118 
-1279.495132 
-2058.785919 
-722.611534 
-928.808767 
1100.409292 
-464.138421 
250.874794 
238.066327 
-380.570652 
-2203.549007 
-794.425399 
-1568.823109 
55.317343 
-1926.351927 
-1416.217474 
-474.374891 
-111.199452 
310.462182 
-1726.824345 
302.229027 
-270.729228 
-290.090513 
-553.718826 
-260.604386 
-1218.511280 
-911.982234 
159.746406 
-912.007066 
-1327.966028 
-1638.083334 
2043.796322 
-436.322189 
387.117983 
2356.551736 
-948.051613 
-2232.833012 
-2154.044505 
309.194991 
3208.227482 
62.313536 
1527.112270 
-2019.987600 
425.799581 
754.738225 
1095.766412 
20.916053 
-1104.988504 
1663.207348 
1327.246064 
1664.137590 
1919.192604 
1506.388261 
3004.625537 
2411.111059 
-2138.003401 
-1174.355966 
2190.222645 
1410.853625 
1009.159948 
-2180.677202 
654.107128 
325.231029 
336.908878 
1072.805007 
-1201.694735 
1024.910524 
-1419.837384 
-2181.332943 
3566.549840 
2591.423676 
-1159.301480 
-842.986519 
1184.346435 
524.044138 
2498.047340 
1476.196497 
-2315.447473 
165.881850 
252.432741 
704.953375 
568.878313 
276.140822 
640.290321 
-10.663078 
396.203357 
1798.992014 
1506.414451 
963.692522 
-1476.644270 
479.352998 
-1326.976702 
835.079317 
59.389302 
266.950668 
606.831709 
1457.035536 
621.306129 
-273.149439 
52.411144 
2947.977235 
-1510.081712 
-115.210777 
-0.002839 
-507.952624 
-2090.618135 
1076.860121 
4072.956902 
-1299.333075 
-1086.641260 
358.733087 
1896.898197 
1380.361755 
-2740.400622 
695.539620 
-1712.527128 
1673.474902 
-77.043925 
252.387736 
769.187127 
-582.260097 
-1335.640707 
3769.527449 
1602.844384 
0.454091 
-2111.177069 
1506.380691 
-818.312931 
644.866478 
-260.235823 
87.127073 
-2022.781219 
-957.301601 
2481.982640 
-1642.360487 
3656.078080 
1776.948797 
-2333.769178 
-1074.693683 
-314.643710 
-1.387083 
1148.114185 
-1128.329636 
-815.774162 
659.835697 
-963.226098 
1054.204755 
1595.958658 
-289.291481 
-2760.357178 
-1124.949096 
-1218.956056 
752.790868 
2043.816548 
1267.874536 
968.963250 
-780.291193 
401.107629 
-1071.608264 
3564.291609 
-1462.364600 
-447.634745 
-900.495738 
-58.493497 
2243.383187 
-176.345410 
-1926.158643 
-423.137794 
-690.076781 
-1219.712397 
288.815862 
548.984835 
-2445.899640 
-177.078665 
775.229750 
-255.937296 
1584.374482 
-124.787085 
-1299.949384 
-1136.946183 
2780.162043 
3117.332696 
-1125.068014 
-379.003308 
-1625.309499 
1757.309835 
1.073452 
-643.284090 
716.660471 
-1813.360141 
1182.888479 
3029.073595 
-476.449098 
-1972.554816 
1479.553033 
1756.186817 
-511.741650 
2007.554477 
-258.132194 
-194.792356 
-23.387812 
-1124.587130 
-868.599535 
-295.298218 
-2174.265710 
610.688454 
2491.686943 
1743.528466 
-1090.087377 
-1577.346729 
-1895.873770 
243.749856 
-1390.282304 
-2135.898036 
304.774748 
930.267747 
1985.622266 
1544.392125 
1555.084209 
-31.608159 
414.173737 
685.678471 
660.389773 
1887.933000 
-78.323024 
3566.515266 
1814.000297 
2760.376954 
-1016.049735 
-642.896810 
-791.670810 
-1357.626761 
-1417.711763 
610.698037 
27.129702 
-1359.859351 
-1760.316649 
845.034633 
-922.919838 
-698.268216 
-620.084787 
498.630554 
290.075471 
-1392.892817 
1070.885156 
700.258874 
1139.490987 
3405.288447 
-1064.536518 
-1670.858689 
912.259386 
1883.423555 
1138.468068 
860.411471 
69.536683 
-1446.619843 
404.886370 
-311.509748 
507.272997 
945.990095 
626.257502 
625.955301 
720.423961 
-464.352507 
-8.484645 
141.980065 
-935.086018 
-161.776544 
1798.381810 
-651.256453 
-418.600618 
4641.352196 
1775.107709 
-1111.638657 
-476.706167 
-427.944194 
406.420562 
1469.281678 
45.766036 
-2259.068447 
-335.394074 
382.192349 
-1301.662078 
-345.488410 
1052.588423 
636.586663 
-392.408385 
-1377.862088 
-374.585534 
-285.013480 
252.408377 
1237.682905 
-746.145585 
-913.144570 
1724.303723 
-425.205665 
434.905108 
1872.094308 
-1232.123284 
-208.868427 
1549.333195 
-2093.036347 
-791.609848 
567.401131 
1162.800463 
-1713.557931 
226.563200 
142.641720 
-1453.425428 
-1039.093835 
-35.160964 
-374.568777 
-1897.562683 
-1354.185139 
-1354.547449 
-464.140792 
638.979222 
-2797.051166 
789.841248 
2062.043439 
-427.673473 
2670.820456 
43.422817 
-1023.973112 
744.619561 
-1701.322133 
67.355285 
-153.276998 
1084.823855 
-606.839801 
272.555300 
33.730140 
1138.552837 
173.663610 
-476.355359 
-236.046608 
-650.988503 
1245.037236 
466.325186 
-885.132229 
1261.344044 
-55.621130 
-1478.530685 
-959.128404 
-799.974507 
1003.404211 
152.121768 
168.079451 
-1440.498390 
176.328124 
-52.214137 
-887.213234 
753.684156 
561.063912 
-79.619096 
-264.793345 
-293.398944 
2044.578590 
2312.532594 
-385.385052 
-815.918656 
-194.899511 
-9.294243 
276.064509 
2060.313283 
151.735593 
-34.092533 
252.412033 
521.118221 
-375.237176 
306.029468 
-795.300878 
-52.129662 
341.976907 
912.156614 
-2201.217083 
-732.254917 
907.026940 
-689.284576 
-105.875601 
-371.531948 
-1336.252471 
-264.861297 
1303.339188 
347.118526 
91.410829 
-596.825271 
-1409.839412 
-400.707659 
-624.881627 
1058.537388 
202.050983 
-1796.529313 
-201.520775 
566.089151 
-536.342685 
-146.400835 
-1895.044932 
495.571892 
700.254639 
-1281.786339 
-932.059409 
-1967.240527 
-1455.145607 
-737.356526 
-1123.325356 
-1149.658455 
-759.643947 
-285.009716 
-583.114265 
460.429651 
1416.827961 
879.399891 
-642.916339 
609.814993 
-1283.906666 
1237.673272 
341.989209 
-770.015554 
-3109.470411 
-356.089954 
-1037.686558 
-274.875495 
-54.451914 
431.534124 
-861.614191 
2133.366973 
1424.651147 
-573.853635 
-407.568240 
-264.378932 
-240.180620 
-888.524207 
23.898815 
-16.307329 
843.357168 
-165.043403 
1118.490323 
-311.761792 
-21.257159 
495.316112 
-466.474410 
716.706326 
3481.839378 
-559.717943 
1880.298980 
-195.439441 
-301.454858 
-2921.971879 
389.706973 
-950.343188 
-361.221490 
-236.566706 
-19.577218 
-283.223547 
-30.796695 
-652.908973 
487.926020 
264.540971 
-464.151050 
-637.014063 
51.142197 
643.971172 
-32.053595 
527.949559 
-1505.501625 
-935.083480 
-910.867087 
-36.838442 
-539.132217 
-464.152633 
-953.805379 
-1314.867088 
-105.870485 
-1692.459996 
1025.578482 
700.264416 
-195.432550 
9.827731 
-1043.780443 
-505.139317 
598.164487 
-898.060527 
-1378.357919 
-285.007472 
-855.084595 
-374.566687 
-1200.701846 
973.868784 
133.472086 
-643.878845 
-2461.014919 
-1388.707731 
-1571.459474 
706.696118 
26.933533 
-1166.349259 
664.539749 
-364.773954 
849.975803 
-845.022985 
-285.002789 
-544.481872 
39.670375 
-1385.429173 
1094.988043 
45.310275 
-408.740710 
2133.394443 
700.270040 
-2452.290811 
-374.569555 
-2695.046392 
-1870.897021 
-1590.057714 
-692.935562 
-1878.888258 
-1485.227946 
-374.572703 
596.593577 
-950.954038 
-1246.988419 
-701.574126 
-878.403827 
-1488.350634 
230.911914 
-1687.007888 
538.041015 
-269.779334 
228.311091 
856.502935 
-1569.128724 
935.688463 
-1785.218873 
-59.844058 
-911.993783 
-891.755406 
-1391.710290 
-911.988483 
-869.111923 
-911.992522 
-1869.414777 
-1441.176742 
1416.869644 
-482.196279 
-1699.382400 
2222.872991 
-1188.458512 
-1963.065821 
-1198.587140 
-922.121164 
3208.243254 
-3872.241299 
145.676607 
-540.311310 
725.110386 
654.580934 
4192.968281 
1463.798416 
-949.511422 
1858.636385 
1148.112530 
395.099036 
1039.931699 
2491.672693 
756.975499 
2198.407010 
-1392.283735 
-1150.666802 
2527.519893 
2331.535580 
-5.352848 
-785.022701 
-315.956119 
-352.897164 
1260.124821 
1062.873884 
-2624.347178 
532.111880 
49.878472 
-328.894757 
4641.345301 
2215.236661 
-784.456044 
200.956699 
1149.695699 
1857.698884 
4061.557984 
1162.743944 
-798.455200 
478.513625 
1148.085014 
162.514577 
871.675777 
734.029226 
425.792709 
-676.898077 
-1261.097481 
1197.307807 
1864.673382 
-281.246719 
-2132.708583 
390.094510 
-1219.226369 
-115.027846 
-1341.195972 
362.631043 
-365.709186 
-2372.397285 
-1115.141443 
-1340.838234 
2094.981727 
1712.282105 
1075.766182 
-418.479263 
-1177.962881 
-369.045193 
1102.356664 
2356.392438 
1407.546709 
-144.507168 
-92.574591 
-428.661942 
665.915628 
1817.628758 
1527.820167 
-1024.406596 
-1872.956350 
-150.212923 
1210.041465 
2581.278048 
666.921880 
367.910266 
-468.518393 
1954.272448 
1376.772075 
-1230.167284 
660.153337 
2402.121087 
73.388991 
330.994042 
-134.146994 
-2369.488311 
-1043.434669 
515.982248 
925.145341 
918.500846 
2312.526871 
91.426872 
-1201.208561 
2382.712686 
-357.705731 
-1146.916655 
3745.646556 
-317.645948 
499.551985 
1112.672500 
-1543.540713 
353.285605 
1506.369391 
2557.509025 
-2085.685909 
-156.197439 
409.153449 
732.019777 
4462.214800 
-1115.682099 
1148.115204 
425.209226 
1133.293313 
82.798815 
1261.994744 
65.910659 
-298.892608 
2.200995 
486.773809 
769.313086 
-0.935432 
-2263.164136 
-793.266687 
-1382.165312 
-555.325075 
-584.939479 
191.442596 
-2804.214306 
-814.650806 
-875.821961 
-419.251748 
-1042.021458 
-1815.679783 
493.250110 
-558.563568 
2772.946729 
-234.092973 
859.867121 
1520.536913 
-793.852896 
410.771709 
1406.657852 
1864.707142 
860.746016 
-507.963783 
-364.996714 
789.859358 
218.032562 
-1038.409915 
324.708746 
1344.205711 
472.655816 
132.005382 
315.427441 
-1074.908533 
-1187.646104 
-651.974095 
-993.004415 
268.959541 
-3820.015075 
1416.855209 
1640.774410 
-123.004617 
-1273.087615 
-2043.640592 
-1275.555691 
-398.025639 
952.245734 
-1368.657028 
-419.054981 
-346.725396 
823.845503 
295.488528 
10.755943 
582.711561 
503.020936 
270.708751 
1470.866033 
2349.950836 
221.402475 
1327.265824 
3904.321034 
1595.971161 
-3761.182245 
-2903.600236 
-599.198834 
688.867233 
-17.425087 
3029.075750 
-73.920384 
-4162.604561 
-1602.471075 
127.262067 
34.828181 
168.332350 
-1458.991744 
-108.124833 
1126.317142 
-555.760177 
-415.960945 
252.405462 
2986.213981 
121.037530 
-642.629132 
-1073.361183 
661.758405 
981.808512 
1613.374153 
615.080792 
-1720.441033 
-2065.277392 
945.480866 
1629.123247 
981.048295 
-515.242546 
-402.367581 
93.695465 
-768.805801 
-386.636631 
-1054.662157 
560.192634 
-605.838101 
55.375075 
-536.241755 
-1999.441533 
-1160.150572 
969.002821 
1864.694794 
-1423.487712 
-3095.395966 
-249.580097 
-2352.450497 
-20.465710 
-1122.695502 
-2400.085088 
375.258249 
1876.531965 
79.432052 
-229.575443 
1601.981080 
3278.788820 
1434.286093 
-541.788424 
431.578632 
1237.697276 
4103.953511 
1506.426686 
1211.028971 
-285.194222 
2072.332735 
707.948840 
1222.804396 
-582.036306 
-773.393613 
536.709895 
2202.815205 
-827.118529 
-843.063723 
1505.563428 
-1262.777504 
-1867.861148 
-800.584355 
-642.518433 
672.532074 
98.634833 
-2103.445323 
-285.021653 
240.976391 
36.773832 
118.193592 
1327.241406 
-738.974994 
-1401.165802 
3029.078153 
410.917665 
94.589355 
1595.928528 
-243.210450 
-400.290741 
-665.592245 
-173.047327 
-1577.117206 
335.696091 
-407.115987 
-1470.559155 
-528.776308 
-2871.103872 
-1165.384638 
-19.789639 
-792.604141 
-747.532125 
-60.965826 
876.461347 
1613.759005 
2125.439480 
-573.496955 
-587.417961 
268.582225 
753.706344 
-224.058791 
-1237.211249 
-232.765719 
200.503401 
636.883736 
62.704519 
-1312.162722 
-1164.141085 
111.412598 
-1100.783442 
-1032.871091 
489.660218 
1298.900131 
667.650708 
610.700981 
-1729.238783 
-467.966321 
120.877285 
884.432882 
-36.071864 
443.368530 
-1724.617247 
-975.019112 
1237.688845 
521.147326 
-891.793538 
937.358951 
-31.558491 
-2058.415038 
-284.992355 
536.052250 
360.102830 
691.988768 
336.917135 
-700.245480 
1775.124028 
-203.381182 
-73.719074 
-370.545176 
1649.555871 
564.764552 
-33.330439 
777.723353 
258.935090 
1905.044172 
408.439406 
73.279371 
-2770.629021 
-2445.881393 
1525.777246 
762.198422 
-796.627117 
-204.290584 
-2325.112796 
198.925384 
1058.529447 
-1404.217764 
-497.924018 
985.833440 
727.556406 
34.903713 
-3109.747622 
-1405.037033 
907.537985 
2670.804875 
1144.042767 
-987.894234 
521.100181 
431.595848 
883.499053 
-104.217753 
-714.716662 
-195.431198 
-195.429886 
57.885635 
-1007.551455 
-180.913531 
21.963505 
-663.785772 
-139.758934 
1237.661830 
-872.802902 
341.947084 
2266.218253 
-138.371815 
-317.765272 
561.799577 
-703.253669 
-1971.987793 
880.938864 
1775.020577 
307.499490 
-141.632250 
-1026.520886 
-1652.801393 
433.925620 
-408.339578 
-2186.180820 
-266.413470 
5340.449130 
-1642.043264 
1074.380192 
-374.566745 
-1800.524294 
1034.469327 
-906.557843 
17.897857 
-2980.039059 
140.689041 
-1816.778499 
-1379.313053 
-1163.823173 
-1341.239520 
-471.703700 
-256.038718 
-464.151600 
-1957.110682 
431.346463 
609.936140 
-578.587225 
-935.604462 
-1151.217518 
-90.991058 
-148.474086 
970.477270 
-970.487355 
1058.566387 
-79.845973 
-1995.741488 
700.259635 
-169.581500 
-822.826080 
-105.873590 
-195.439908 
-2565.916032 
-1178.386734 
-10.978401 
-236.096065 
-218.622065 
-887.664871 
-105.862791 
1487.998943 
431.554147 
-138.482690 
115.054230 
-747.501401 
-983.312199 
-1115.586066 
-281.018255 
-1212.883270 
-57.033048 
-1029.775667 
-1495.571491 
-665.976918 
-1362.193566 
-1549.103402 
-177.636707 
1416.826327 
-438.881672 
-1075.603749 
-1036.522671 
-126.963205 
1421.393555 
1088.420186 
521.129583 
-195.445483 
-1810.008090 
-195.429810 
2260.285139 
-1410.760098 
-2186.626411 
-1672.622283 
-631.108771 
27.137900 
-911.994790 
-66.963614 
-701.266056 
-1630.772047 
-1470.047915 
-374.559312 
-1124.278005 
901.973255 
-876.917720 
-1620.458018 
-1215.200291 
1151.220476 
262.291638 
-1110.481949 
-1174.483142 
-1332.926281 
221.126711 
-911.977014 
-703.352067 
1092.268492 
-911.978544 
-1253.231724 
-911.990126 
-1738.238437 
-527.012350 
1327.285270 
-2051.125632 
-3641.439924 
1067.576726 
-1545.490342 
-917.112306 
-434.247234 
697.073391 
969.028520 
-1473.653270 
1707.069670 
2694.796558 
77.537561 
1157.748718 
2993.017780 
2432.682442 
272.161903 
1304.814979 
1058.584953 
1634.065427 
2468.366388 
1595.998573 
2340.844438 
905.581452 
-3877.574038 
188.851452 
1952.052672 
665.455629 
1007.228762 
-177.831348 
-607.136727 
2262.824884 
1452.404367 
81.900246 
-1004.978717 
-44.107448 
-135.457556 
1474.682840 
2223.018027 
1961.968033 
1712.749674 
-92.845642 
2703.589592 
787.496506 
2551.722043 
2063.646951 
-560.920745 
850.953721 
2133.436704 
-169.451431 
1528.978176 
396.631066 
1024.531451 
3258.623378 
3271.473558 
-1912.927847 
1595.975993 
-137.183343 
-1065.306062 
-158.784969 
-1214.792865 
-143.729513 
1038.547632 
136.349827 
1615.653121 
-1084.655069 
-2629.422792 
0.208171 
1226.108682 
684.582598 
977.111126 
-261.741094 
-2033.432401 
-911.437082 
-42.292671 
2351.274861 
2982.089332 
-2001.791637 
-484.716114 
1059.283617 
945.971213 
2148.561307 
1547.732327 
-438.742817 
-980.130520 
-382.396595 
579.795923 
2760.336799 
508.149642 
825.643791 
215.554084 
1763.138935 
1023.413953 
545.187893 
-1473.003921 
1775.079257 
-1288.450717 
-2123.548699 
2199.294968 
-1173.931586 
-527.854145 
1190.178743 
-1009.436349 
-655.565714 
2312.502262 
943.098026 
-1105.282408 
646.198862 
-270.934745 
-1800.538061 
3924.744271 
857.260548 
-254.195411 
504.269817 
478.996097 
1683.270796 
1147.961140 
2768.417136 
-603.269049 
-1691.273781 
316.567200 
589.474375 
4820.453853 
-461.365487 
431.495449 
-53.295459 
986.279458 
714.514618 
1357.205594 
402.475168 
170.221280 
-667.795707 
695.479980 
-22.219067 
-809.972373 
-2372.675119 
-550.464029 
-1011.157412 
-2898.577400 
-62.801885 
30.895308 
-436.196612 
-905.465227 
-1026.697284 
578.561625 
-1571.088154 
-1603.408378 
-552.437111 
1260.693325 
39.041679 
443.010436 
2610.406114 
926.948302 
1000.458474 
242.561791 
2873.338525 
1685.504624 
-30.230813 
-173.315432 
-95.544447 
610.680212 
-1029.939569 
-356.185082 
1839.957001 
-1334.678060 
906.248797 
790.752009 
-29.450312 
-1753.013317 
-1168.934729 
-208.773082 
-946.381442 
1324.371104 
-1291.422797 
1327.277639 
1237.712698 
63.703448 
1010.188370 
-1329.206143 
3150.547028 
67.973102 
2423.447819 
-674.115224 
-8.335690 
-634.689491 
243.332293 
983.492228 
1022.476673 
673.577571 
1609.604683 
756.048542 
2163.602152 
-646.008783 
1256.833972 
1595.981568 
1978.319144 
1237.709558 
-3829.426802 
-931.119706 
283.583826 
-1283.435931 
2547.344546 
521.157937 
-437.508095 
-2638.261644 
1358.525215 
31.829707 
228.115462 
1119.102624 
-2051.857822 
-920.815358 
775.098244 
-1086.599622 
27.053042 
1864.701843 
1837.799503 
-1646.468356 
57.652846 
1167.774187 
-2558.360713 
2173.154191 
-586.643167 
-1041.038806 
-2398.657332 
-335.869817 
-391.728375 
1354.837275 
1597.049098 
-1019.745694 
169.204620 
-729.812661 
109.003691 
2191.022448 
-260.584620 
1514.394297 
-1847.798466 
-1663.674746 
4.070083 
453.019221 
-537.664559 
1685.543319 
1954.244780 
-2269.870640 
-736.268690 
-860.665243 
-1953.972659 
720.150465 
501.657365 
-3052.782671 
-274.552934 
1365.644504 
64.616861 
-934.339397 
1189.569590 
1852.691852 
1059.486122 
-854.747755 
2133.377665 
431.564344 
1327.259155 
2491.672960 
570.679891 
-193.672444 
1847.907475 
1623.194900 
651.442838 
-1992.653825 
-1796.160246 
24.496371 
372.787725 
-1022.966106 
-907.846115 
-1274.734964 
-1595.362010 
-371.313147 
-1649.083754 
-173.512937 
527.562988 
-1012.184813 
-1975.434111 
1595.950850 
-326.602385 
1440.508300 
-1441.192071 
2670.819188 
-1012.962810 
33.958393 
1685.546045 
839.829039 
-2137.639168 
252.412213 
330.061741 
-2550.897486 
-896.015331 
-800.034501 
-3172.389605 
125.914443 
144.278215 
-2066.302440 
-944.305999 
-1798.654096 
-1704.653769 
-735.938910 
606.785624 
-1844.543689 
-525.636200 
643.075099 
1142.503090 
-657.460098 
-421.021030 
135.416417 
208.021864 
576.107094 
-924.238146 
-1728.859517 
-461.258081 
-1166.619859 
316.691320 
-471.616442 
-1065.240026 
-1777.878579 
-623.135332 
-2322.534813 
-1681.003536 
1037.278517 
-1850.488062 
-798.562127 
-105.871975 
-1134.837071 
748.311054 
964.861837 
-158.098794 
-241.892557 
-707.510675 
-408.806626 
391.165749 
700.256135 
73.265042 
889.626952 
-75.493160 
-70.727147 
-1771.890142 
1595.967232 
-793.888801 
-249.090256 
-982.255952 
-1382.540082 
-2552.809617 
-284.996360 
-251.572807 
-949.066808 
-1086.239693 
1838.137080 
-925.751748 
1032.327363 
127.693969 
-537.797447 
443.186697 
1039.544801 
1058.557585 
-3386.395644 
1344.037878 
773.174716 
217.338638 
-509.727961 
138.120545 
-1645.176025 
-81.328802 
-105.891592 
-182.451301 
-2342.378127 
-1461.426656 
-2434.915924 
-1772.781446 
-2928.547676 
-823.387644 
-543.180922 
341.966574 
-446.573524 
-1381.968928 
-285.023563 
700.265632 
599.980500 
-292.660111 
-1030.703005 
-374.586713 
-284.965596 
943.066964 
234.475372 
284.326613 
-541.044511 
480.447237 
-318.627112 
521.137361 
-1057.603567 
-195.440585 
-645.458957 
-558.606882 
-241.619529 
-1079.311142 
-244.582832 
-2495.024933 
-164.056484 
2043.864985 
664.008020 
-658.409411 
-748.608958 
71.885726 
-524.606892 
-78.306537 
-736.851769 
-1254.687877 
2403.817546 
-1110.040917 
525.294840 
-285.039686 
-581.109235 
1759.523653 
127.352998 
-287.602804 
-1263.518110 
-963.621656 
-691.395025 
-665.685711 
-17.216358 
-1662.793779 
-134.060783 
-337.751429 
162.863473 
-1106.703322 
855.351068 
320.405637 
-2413.048476 
-1195.118895 
-1385.079922 
-1102.120981 
428.543558 
614.523687 
-1695.554252 
-195.407897 
-1031.826566 
-1575.846069 
-464.114520 
1086.878549 
-1584.852094 
-464.125470 
-464.132458 
138.634934 
-1115.825712 
145.755538 
562.165227 
853.164169 
-1532.646051 
73.289873 
155.580676 
1237.702226 
130.148469 
-570.466902 
-183.267947 
-1418.858841 
-1438.513231 
-128.920965 
-494.636519 
-955.206175 
-510.916274 
-395.352510 
-1914.685332 
-709.085410 
-2062.439353 
-438.212367 
521.124473 
-863.223042 
476.318891 
-690.994915 
-1708.009998 
296.295695 
1188.477227 
-195.440550 
-374.577470 
-589.680055 
-553.736536 
923.734835 
337.784189 
-176.617127 
143.506290 
-1353.004459 
1108.052800 
-911.998350 
-719.086607 
-340.643168 
-1632.449210 
-3318.865595 
-912.022281 
-590.235647 
421.528383 
329.235564 
-1137.098328 
-1705.317618 
437.427786 
-576.473381 
-1103.518530 
-878.244469 
-1391.844452 
321.173577 
-912.034378 
1380.762917 
369.750645 
-912.022253 
115.476530 
-912.024241 
-2151.350082 
192.672536 
2670.801191 
-2026.394804 
725.088419 
791.924039 
17.449356 
-1956.243995 
1954.248156 
3297.494531 
2402.095825 
1035.272299 
-1523.469003 
-1939.172169 
2217.993128 
504.283443 
192.568443 
52.548794 
-2914.613984 
614.780389 
-105.870759 
667.816009 
1956.772353 
1148.112350 
3140.909662 
1778.520906 
-4634.290640 
2037.421296 
2221.669933 
1435.477329 
859.171785 
-354.168085 
-608.936919 
-72.232977 
1650.071430 
-1502.081085 
-1530.657311 
125.831259 
237.085424 
3038.596619 
2670.812297 
584.729746 
-846.881660 
829.918408 
2740.410987 
1638.552556 
1875.075472 
-1424.015584 
-165.483126 
-567.565446 
1595.971070 
-790.221617 
2646.262084 
2711.446595 
1013.593346 
-1762.911777 
1653.076751 
-1015.718788 
1506.405607 
2198.502854 
-999.661975 
675.159847 
-1093.516500 
872.581367 
1342.769203 
-316.384908 
1413.396718 
-1501.642722 
-281.343368 
451.111650 
119.859391 
1233.149944 
501.596023 
-1239.669155 
-97.125212 
611.913512 
-938.907296 
1479.328733 
3780.026131 
-383.754163 
-534.862052 
465.572232 
1504.541584 
950.635488 
1795.045735 
1296.210996 
607.693747 
-294.197758 
405.282511 
5537.072800 
1279.577206 
155.047640 
-527.516074 
330.043811 
2881.631990 
-453.444603 
-1319.324934 
2491.684690 
-14.525009 
-1600.733219 
1319.918088 
-281.104448 
-415.096587 
-516.925370 
1547.776067 
300.322212 
1416.835652 
99.746835 
-1581.877008 
-1423.584475 
295.502729 
-252.721401 
1595.984249 
-290.571395 
501.600954 
326.935051 
1539.758134 
-338.812104 
3208.240665 
1000.763298 
108.390026 
-844.117162 
1275.907159 
862.632515 
789.824840 
-282.616714 
3208.246498 
1542.246470 
649.158350 
157.587421 
1540.057812 
-285.134671 
1166.484702 
-884.463882 
-2547.306920 
-2127.208167 
-1261.293623 
-672.365335 
24.740731 
-3309.357110 
-232.954762 
264.067142 
1193.419445 
-346.578228 
-673.227954 
-909.531299 
-165.278128 
-2423.307511 
-651.982930 
-1304.722273 
-783.076943 
-1524.298369 
-335.272733 
762.471777 
-990.542551 
-1407.783219 
885.930029 
1126.963550 
2760.380878 
-1183.320752 
2452.386793 
-1476.145543 
700.267997 
1214.032460 
-2345.227445 
740.305613 
-449.316428 
-7.341097 
142.683753 
-2119.363101 
-2559.806700 
912.353104 
-146.550881 
-758.748151 
417.791077 
-285.259290 
2849.951463 
2178.173458 
1864.462437 
2225.343434 
103.308474 
657.852498 
2198.238900 
1771.922796 
-2586.078220 
-261.524527 
-1036.683133 
929.666057 
-1220.988389 
-502.222987 
-1585.860541 
-56.981882 
260.009499 
2776.171068 
1429.122656 
266.054222 
1595.969863 
54.133414 
1416.838541 
137.404191 
-252.953589 
-882.485478 
-1752.955799 
807.108124 
1237.687763 
705.426826 
-3090.328151 
791.009380 
236.473974 
517.110229 
1523.314865 
-2502.365057 
368.718118 
431.641952 
-837.299160 
-375.313094 
1506.397146 
1255.012176 
-2165.981522 
-844.432021 
1355.809209 
-1720.505115 
-23.237459 
795.128895 
444.819478 
-2421.972198 
-1319.419481 
-466.796815 
248.266345 
1354.943390 
-949.359550 
-2430.185426 
-1084.784650 
-432.993067 
1348.699340 
801.203024 
-128.025494 
-343.385579 
-2763.654173 
-356.262940 
1182.510127 
-1315.592949 
1864.676665 
2133.386899 
-2714.991012 
-985.236707 
126.056107 
-2045.982834 
1740.002143 
1820.975776 
-2379.698361 
18.434663 
-1395.657920 
-1164.276628 
-806.095014 
264.506069 
974.698908 
560.063815 
-2111.178959 
2133.393048 
610.695915 
1327.256869 
2670.808209 
187.102278 
-105.665226 
576.912832 
-342.213949 
-97.530393 
-916.290207 
-363.013412 
-0.455181 
1968.663359 
-2066.053438 
-796.149775 
-863.372319 
-946.699768 
-1472.691568 
-978.741414 
929.057201 
218.685070 
-904.488223 
-2095.502014 
1954.247809 
-527.231654 
629.055148 
626.283549 
2849.950014 
-645.723342 
-1255.177010 
2133.384858 
771.451704 
1005.596269 
431.550202 
521.120896 
-442.848565 
-1703.321174 
487.519756 
-404.947244 
1900.504330 
342.586584 
-516.452031 
-644.335964 
-2311.950718 
-1166.042112 
-459.486720 
-1938.988914 
194.754759 
-17.527206 
99.006624 
-34.420054 
-2690.184733 
-509.304209 
238.988003 
234.202160 
-1479.615080 
-1065.075066 
-1043.280386 
-1700.178973 
-484.615264 
-923.931417 
-264.838250 
-862.960720 
-3528.895048 
-315.233507 
-1254.874124 
271.845131 
2224.032860 
325.293199 
45.590618 
968.973757 
-889.698915 
-234.514032 
662.611631 
1584.255285 
117.706795 
737.235465 
-1583.264359 
-1090.745155 
521.128600 
-105.867528 
181.165396 
-1439.235172 
-406.502883 
-1962.949955 
879.411385 
18.568553 
-127.236751 
420.458863 
-121.212375 
194.399756 
-464.139801 
191.144642 
-950.472113 
-119.368085 
230.605774 
76.520861 
-535.320890 
263.271688 
-1363.332561 
159.584001 
605.307015 
1058.558204 
-1113.531862 
-2210.761174 
1641.567464 
65.862513 
-1579.163755 
228.374166 
-2721.835861 
776.942625 
73.284185 
-333.262457 
-1157.417280 
-335.380090 
-1572.561609 
-624.226683 
137.852606 
-979.482930 
-491.094174 
341.994732 
-327.615325 
-495.488529 
-105.852820 
1237.709914 
-576.240860 
-161.765560 
-1235.420672 
-285.001110 
-284.999035 
1161.268722 
234.502610 
557.640790 
-459.962485 
301.074622 
1297.511792 
879.402855 
302.792241 
-195.430212 
-1038.837114 
496.169033 
-700.023405 
921.875778 
588.925650 
-1079.678676 
-1198.731141 
2402.109215 
1756.776197 
231.559063 
-182.190956 
1442.996676 
-1155.976913 
394.459958 
355.392688 
-151.918433 
528.503886 
-1095.966910 
779.756004 
-285.004284 
-438.537518 
641.145226 
-905.860475 
553.997705 
-1152.629640 
1107.308850 
571.871098 
-475.762946 
-199.862200 
-734.243320 
1285.712598 
-379.226500 
162.842123 
-1230.955545 
149.005297 
893.980181 
-3608.929206 
-98.990626 
-668.022771 
-665.828378 
-65.721304 
521.816629 
-352.572592 
-16.290318 
339.285694 
-10.172895 
-195.442191 
-1136.319866 
-1346.955669 
-374.573837 
-374.571501 
-1325.941451 
-1366.869990 
-70.283230 
-230.234551 
749.089314 
-866.837393 
-464.140592 
-585.896026 
1954.247955 
-415.216303 
-287.050452 
214.359806 
-1076.607586 
-1518.538100 
-527.434783 
-943.364278 
-988.351804 
340.197735 
-587.679228 
-1526.753518 
536.876818 
-442.498874 
-879.615006 
521.125675 
849.023569 
-1107.371251 
-768.896695 
-426.877188 
-156.937080 
682.877265 
-195.439961 
-285.012524 
-1454.580732 
-195.437516 
-580.162378 
-901.060849 
48.494512 
-822.193908 
-1591.014832 
-759.121932 
-912.000115 
493.946114 
802.117437 
-1487.299514 
-2011.778711 
-912.003848 
203.347309 
-2266.577100 
-1539.230579 
-224.751978 
-524.676617 
-150.263668 
-1015.727709 
-1705.775368 
240.794023 
-820.030448 
-181.249441 
-912.005500 
805.616262 
-1363.759886 
-912.002389 
-162.214655 
-911.999219 
-1839.471009 
-1144.795105 
-822.429686 
-928.546313 
-942.874412 
-880.646889 
-972.625891 
-940.782986 
-912.000004 
-899.717562 
-912.000002 
-965.003189 
-941.137725 
-882.043586 
-963.856231 
-822.988026 
-892.100940 
-872.147589 
-962.860347 
-979.045029 
-822.429690 
-904.351964 
-896.376600 
-822.429689 
-822.637769 
-910.128443 
-948.093808 
-864.683383 
-834.159173 
-942.389138 
-841.773731 
-840.540332 
-904.522192 
-950.845337 
-928.958053 
-932.302933 
-909.856339 
-970.005792 
-804.653223 
-913.813890 
-912.000006 
-970.104705 
-910.056674 
-922.447505 
-893.106060 
-914.009682 
-839.767376 
-942.687794 
-857.526840 
-956.775285 
-822.429695 
-864.657227 
-818.397397 
-904.446573 
-873.426247 
-995.972166 
-821.109991 
-876.745091 
-822.429690 
-923.253685 
-851.255701 
-923.859388 
-837.076634 
-920.755196 
-946.869111 
-945.137656 
-874.073732 
-919.758395 
-908.175985 
-905.989997 
-853.317068 
-945.121821 
-851.328388 
-903.681775 
-817.761719 
-863.660818 
-903.764759 
-813.697382 
-923.569496 
-938.430719 
-875.582494 
-848.359832 
-901.104868 
-959.559995 
-839.226625 
-917.868071 
-960.184762 
-898.102275 
-859.076718 
-912.000004 
-909.132499 
-946.912269 
-883.230193 
-911.999992 
-915.998483 
-860.842666 
-887.574328 
-912.000003 
-849.145279 
-921.672154 
-929.088805 
-886.173004 
-880.948281 
-898.179783 
-888.266824 
-934.343603 
-911.999992 
-926.331929 
-845.800530 
-871.864139 
-919.379735 
-944.209164 
-912.000002 
-923.985436 
-932.240760 
-879.269754 
-888.357930 
-915.585024 
-912.000001 
-898.365917 
-844.392452 
-916.003495 
-896.762622 
-940.699576 
-911.999999 
-919.776462 
-911.999997 
-884.683381 
-919.798341 
-923.514791 
-882.831911 
-944.351300 
-883.282906 
-887.956605 
-940.939262 
-911.187774 
-926.285045 
-948.133317 
-879.062495 
-902.205459 
-895.465058 
-908.929702 
-882.944649 
-912.000003 
-935.761268 
-882.593045 
-869.869933 
-959.689768 
-915.230486 
-905.056757 
-933.366583 
-941.846727 
-930.655370 
-923.043859 
-936.187363 
-919.170036 
-835.863494 
-887.650217 
-912.000002 
-914.588392 
-881.060406 
-933.613663 
-912.000002 
-826.843442 
-898.225797 
-921.249253 
-941.393539 
-881.803907 
-922.745306 
-953.669714 
-904.607292 
-890.837016 
-910.054021 
-915.303057 
-920.575589 
-940.006628 
-822.429689 
-867.214840 
-850.256784 
-822.074325 
-916.625221 
-920.033996 
-865.605765 
-867.669311 
-925.480923 
-886.565929 
-890.893572 
-952.906801 
-889.322307 
-916.774104 
-879.803176 
-944.987097 
-923.203993 
-905.878413 
-902.221638 
-907.639068 
-911.999995 
-941.005867 
-912.000003 
-910.895304 
-861.048768 
-916.837091 
-935.609092 
-892.137552 
-911.999998 
-920.053319 
-853.954915 
-899.230566 
-941.065608 
-947.696314 
-875.547262 
-905.975902 
-895.395954 
-908.639051 
-896.292852 
-883.785080 
-912.000003 
-906.261395 
-911.999999 
-896.364613 
-917.379951 
-926.646943 
-900.250912 
-888.756270 
-922.205024 
-946.870048 
-838.384115 
-893.912973 
-891.612693 
-897.931833 
-982.218786 
-922.943827 
-904.450021 
-928.080875 
-863.384787 
-882.641453 
-928.119377 
-940.228651 
-907.300132 
-879.309333 
-913.040822 
-921.731042 
-822.429686 
-912.000000 
-934.400452 
-884.369034 
-868.891469 
-907.149163 
-869.527941 
-924.511444 
-913.710338 
-900.881824 
-956.115182 
-897.738873 
-859.602552 
-952.414250 
-896.621795 
-946.888313 
-893.817432 
-912.000001 
-911.999998 
-912.000002 
-911.999999 
-923.985434 
-897.816196 
-914.501003 
-893.633865 
-918.773450 
-980.399064 
-905.256305 
-871.276431 
-851.972882 
-906.626063 
-882.625103 
-920.035189 
-892.399895 
-921.705184 
-896.306009 
-931.978765 
-905.928265 
-887.972612 
-933.260496 
-912.000002 
-900.194892 
-909.311717 
-937.986839 
-912.000002 
-923.067294 
-893.106058 
-912.000001 
-886.114985 
-894.382439 
-912.000000 
-911.999996 
-916.127446 
-875.713627 
-822.429686 
-896.374052 
-884.683382 
-930.621044 
-909.655311 
-913.824359 
-924.051997 
-894.510596 
-859.443334 
-984.975784 
-940.559744 
-896.924184 
-917.207303 
-910.859604 
-927.132919 
-900.763655 
-934.373595 
-902.776797 
-863.744423 
-891.995362 
-931.965389 
-872.318982 
-840.142759 
-879.310208 
-934.942375 
-880.948283 
-944.832859 
-933.625111 
-881.991863 
-884.574447 
-932.302931 
-943.605033 
-921.216961 
-912.000004 
-963.474894 
-871.282331 
-906.206784 
-912.250914 
-900.763657 
-904.709570 
-919.085339 
-940.623597 
-911.999996 
-912.000001 
-893.024290 
-900.974618 
-923.713510 
-911.999996 
-912.000001 
-874.362812 
-908.769750 
-909.497743 
-890.147777 
-925.577050 
-912.000000 
-871.905034 
-897.472806 
-932.024576 
-932.357789 
-864.865933 
-838.622780 
-918.531443 
-901.926274 
-939.239393 
-880.313952 
-912.000001 
-911.999998 
-822.429690 
-903.257650 
-921.740012 
-944.319844 
-889.731049 
-912.899356 
-931.113097 
-912.000000 
-932.554508 
-906.382494 
-891.451818 
-897.270268 
-917.864393 
-914.009681 
-925.619246 
-905.876768 
-912.000003 
-896.816561 
-908.746710 
-912.000001 
-912.000001 
-883.111527 
-903.374489 
-931.113097 
-912.000000 
-912.000002 
-883.465990 
-816.458336 
-931.030735 
-896.223502 
-911.418199 
-880.887388 
-912.000003 
-906.401854 
-912.000000 
-920.562166 
-911.993223 
-901.522527 
-901.646389 
-910.182133 
-898.269384 
-902.432790 
-912.000003 
-895.240475 
-881.290228 
-919.379740 
-911.929656 
-880.221244 
-904.381312 
-893.342188 
-939.082945 
-911.999998 
-903.428738 
-906.498687 
-911.999999 
-905.181094 
-901.465927 
-907.419154 
-873.076355 
-844.970366 
-927.971865 
-907.117378 
-892.188842 
-891.807403 
-897.024380 
-890.748338 
-920.534534 
-912.000000 
-934.772220 
-858.592589 
-942.333733 
-901.153597 
-958.761757 
-929.587066 
-920.858042 
-892.509621 
-901.416733 
-908.985870 
-912.000000 
-910.566832 
-891.479630 
-912.000002 
-887.461101 
-911.776334 
-911.999997 
-912.000000 
-912.065951 
-913.845244 
-917.738988 
-912.565997 
-882.647337 
-932.116476 
-912.000000 
-915.049962 
-911.999998 
-930.930560 
-903.359097 
-927.362350 
-922.058764 
-909.469215 
-908.251415 
-961.856487 
-920.086417 
-924.781956 
-920.035560 
-920.280720 
-880.748463 
-926.403676 
-905.081497 
-912.000001 
-947.555880 
-906.325422 
-870.840979 
-909.655311 
-883.510187 
-875.015900 
-912.000000 
-912.000001 
-914.125419 
-911.999999 
-885.201260 
-875.748533 
-928.606006 
-912.155520 
-934.686476 
-922.214181 
-911.999999 
-878.150140 
-903.993128 
-910.203289 
-934.881023 
-912.000000 
-931.544389 
-904.204994 
-931.923432 
-911.914793 
-914.108469 
-847.553510 
-875.813812 
-913.704248 
-914.520263 
-895.653999 
-937.983842 
-912.000002 
-892.966006 
-855.784262 
-912.000001 
-962.507624 
-912.000000 
-896.969576 
-900.858498 
