-164.796926 
-126.758339 
-156.999098 
-168.913392 
-165.771980 
-153.904269 
-159.249821 
-194.865552 
-164.796891 
-170.868826 
-159.608002 
-120.398950 
-177.440444 
-170.898322 
-165.316222 
-186.904212 
-164.610151 
-157.872831 
-164.796897 
-174.065808 
-168.090612 
-164.796907 
-169.221916 
-132.713349 
-66.135108 
-136.890468 
-116.567381 
-88.735145 
-106.093963 
-69.747610 
-53.909848 
-66.429304 
-97.534537 
-122.072049 
-65.179487 
-51.717317 
-52.756603 
-29.425027 
-53.859781 
-55.779584 
-36.447527 
-96.432646 
-16.666367 
-58.848019 
-72.311371 
-59.697816 
-67.660755 
-25.683941 
-53.859772 
-52.480330 
-36.699034 
-72.495691 
-60.990517 
-20.925273 
-64.681989 
-59.774207 
-53.859931 
-51.456287 
-58.676107 
-38.360697 
-45.571886 
-62.421394 
-6.666981 
-19.475919 
-11.325795 
-33.996263 
-27.617004 
-61.376385 
-50.750842 
-59.059650 
-44.457470 
-63.514062 
-19.025432 
-55.761035 
-70.431031 
-37.894919 
-34.559420 
-10.668034 
-2.207548 
12.113166 
48.923127 
52.930979 
110.585728 
80.227723 
119.247446 
142.033827 
200.785366 
223.483737 
298.758777 
264.193640 
196.715485 
195.749749 
225.984251 
219.473977 
216.321007 
278.952635 
222.192727 
218.819098 
267.141585 
274.611924 
240.492315 
267.359417 
256.852906 
204.202037 
223.484024 
168.428223 
179.861249 
125.470020 
152.289167 
105.741832 
112.546610 
112.587224 
99.518020 
76.114013 
65.786928 
16.874826 
1.608959 
40.782126 
40.097185 
9.639016 
7.807949 
29.857093 
57.078212 
19.713855 
57.078022 
1.945234 
-4.939817 
7.264668 
15.721417 
27.002795 
12.126523 
-15.047761 
-22.878555 
9.410450 
-16.335521 
-35.137011 
-7.518638 
-5.511374 
-33.552082 
-6.078543 
46.344230 
6.809657 
49.978854 
31.059601 
11.101204 
17.354321 
22.543485 
-0.441883 
-36.675825 
-42.006272 
-20.438201 
-21.297280 
-8.625370 
-12.235199 
-30.838350 
-8.421779 
-53.859601 
-28.958534 
13.127943 
-65.470377 
1.609095 
-56.671709 
-43.732479 
-34.299721 
-17.065522 
-52.680228 
-69.364468 
-96.831757 
-110.683055 
-133.519895 
-105.464283 
-85.900017 
-117.514414 
-101.646261 
-109.328493 
-109.328462 
-80.155061 
-74.774780 
-73.409132 
-115.498175 
-113.340482 
-117.588348 
-84.109711 
-65.805399 
-83.392929 
-83.013491 
-79.691728 
-37.093408 
-80.035040 
-50.396181 
-32.462470 
-70.674046 
-75.378157 
-59.314719 
-81.594083 
-76.792326 
-53.859559 
-76.461374 
-127.362381 
-80.171063 
-96.180036 
-94.937075 
-53.859772 
-38.921391 
-98.607615 
-63.807315 
-87.940812 
-64.505421 
-56.004194 
-49.762778 
-89.507963 
-108.038950 
-7.742923 
-76.415766 
-53.859662 
-27.501940 
23.795935 
16.586536 
72.236105 
65.365980 
22.370368 
14.584844 
-4.506263 
20.626601 
39.559798 
68.926334 
23.477662 
90.970550 
60.127000 
83.677534 
82.941793 
113.155471 
129.600431 
100.651218 
110.970373 
53.266768 
-2.969366 
32.662487 
38.016079 
64.665459 
84.812488 
112.546904 
63.050734 
77.524435 
47.919679 
60.189345 
-25.390619 
47.071507 
-45.663434 
26.946810 
38.228936 
-19.308553 
0.371975 
1.528453 
38.473846 
39.123094 
80.409842 
57.077995 
57.077879 
-26.125218 
1.609125 
-5.746526 
37.443243 
57.719823 
-13.081773 
13.681945 
3.614056 
-14.165056 
1.281859 
27.248990 
15.687657 
6.410024 
35.723317 
-23.085020 
45.360372 
36.552760 
32.413933 
-0.235560 
-7.744450 
-38.999604 
1.609060 
-23.173443 
-44.189798 
-50.525450 
-81.594153 
-70.494314 
-73.175052 
-53.859750 
-26.162534 
-104.673076 
-53.859735 
-11.333317 
-16.624533 
-33.979383 
-24.391676 
-97.581807 
-81.258318 
-114.153283 
-118.597421 
-76.549681 
-147.550308 
-165.505949 
-120.396555 
-134.551982 
-79.856257 
-115.099218 
-39.499248 
-53.534365 
-53.289576 
-114.566179 
-44.040263 
-67.990452 
-89.425822 
-95.891268 
-150.521482 
-97.151615 
-159.797745 
-60.083934 
-132.430110 
-120.054423 
-141.869645 
-89.634342 
-133.451082 
-98.781541 
-62.905512 
-135.704153 
-123.740381 
-109.328641 
-124.937456 
-127.664522 
-183.182765 
-167.766319 
-170.035211 
-166.169978 
-182.288712 
-173.092432 
-164.797107 
-164.797178 
-157.783075 
-185.325888 
-152.129090 
-188.834809 
-164.797101 
-181.181776 
-114.464380 
-144.016570 
-163.099508 
-141.176541 
-109.328249 
-81.214187 
-134.305140 
-108.918503 
-148.841920 
-160.200163 
-157.592394 
-122.143969 
-165.862161 
-107.931947 
-100.277064 
-109.328386 
-86.793839 
-152.663460 
-92.707250 
-49.102406 
-95.582212 
-62.637027 
-54.944054 
-31.026585 
1.609097 
-37.480210 
-20.209932 
26.185348 
12.833211 
96.126999 
101.665555 
91.651945 
133.227376 
57.078883 
110.354985 
75.473736 
140.281955 
168.017144 
195.072202 
208.327956 
207.487774 
251.219096 
223.484295 
203.378000 
225.332213 
214.008176 
218.559138 
197.337436 
183.068270 
195.750900 
173.216043 
168.016373 
220.162586 
120.622893 
140.417021 
121.887612 
80.858116 
98.529856 
50.677584 
112.547409 
70.724575 
57.058674 
63.539724 
131.891068 
136.836362 
78.626362 
43.843177 
2.246375 
40.068176 
-15.731436 
26.708104 
1.609527 
-7.940143 
-17.166842 
14.634614 
-24.018756 
13.433561 
24.129874 
3.594050 
55.774971 
6.091568 
-36.998308 
-4.657304 
13.827454 
29.343718 
-6.956795 
48.162799 
4.846669 
23.383075 
32.215403 
21.299905 
-11.603001 
11.072403 
30.834374 
6.866387 
-81.593644 
-21.990264 
-57.475949 
-109.328474 
-68.423497 
-106.684729 
-53.859838 
-26.125116 
-22.592905 
-43.272297 
1.771561 
-45.362295 
12.402646 
-64.690170 
-81.594197 
-107.506996 
-53.859970 
-70.195543 
-142.619244 
-127.069695 
-122.860477 
-112.595897 
-109.939359 
-66.493287 
-121.120993 
-102.718395 
-68.263146 
-94.420697 
-73.630190 
-80.565990 
-96.318814 
-81.594029 
-53.867637 
-160.075370 
-146.764549 
-146.331857 
-147.701890 
-140.071920 
-81.593965 
-81.594052 
-100.290469 
-109.328516 
-84.052624 
-66.358482 
-113.308482 
-100.302704 
-170.704252 
-110.350819 
-109.328405 
-109.703411 
-119.476463 
-65.088312 
-137.982601 
-100.661454 
-76.898848 
-51.825803 
-32.384030 
-80.700898 
-98.009540 
-155.105482 
-123.683760 
-138.664325 
-106.260409 
-131.893647 
-125.559767 
-109.328326 
-116.448421 
-84.523243 
-53.859518 
54.037085 
29.343494 
56.991251 
108.501601 
112.547101 
-133.567986 
348.540657 
344.247720 
233.670727 
23.193997 
106.998828 
520.222293 
223.484097 
-40.049369 
489.690710 
-216.659949 
354.172697 
201.466745 
497.000268 
334.013437 
135.729900 
192.190359 
168.015556 
264.798395 
206.896276 
168.016196 
81.396472 
143.652596 
239.155523 
56.205089 
-377.816702 
-74.705142 
46.915842 
383.719527 
247.905341 
8.893942 
216.444694 
176.892528 
70.604906 
523.407743 
-66.380764 
183.214664 
-53.859593 
139.954640 
-207.776715 
-141.925976 
-124.918758 
-19.737836 
510.261345 
-108.013650 
-195.692376 
105.155848 
1.609221 
143.145824 
413.142209 
-85.746053 
293.480953 
-3.592459 
216.727752 
-165.281877 
1.607988 
51.816251 
-100.076868 
5.439001 
-119.778894 
63.850793 
-199.855347 
252.075216 
-0.397088 
73.865089 
164.200675 
-75.341466 
-96.178548 
79.763504 
256.407987 
150.975097 
44.626266 
334.506102 
6.525958 
120.126586 
899.390289 
137.561729 
38.112897 
-30.427944 
597.955774 
258.288103 
69.602540 
-22.442026 
409.674594 
253.720781 
198.785499 
972.310435 
-86.854497 
637.328936 
212.429017 
461.998359 
198.411381 
-31.988301 
451.398526 
556.295931 
32.681161 
-83.754314 
261.955073 
426.247109 
-250.203434 
21.463841 
2.467454 
-55.568955 
278.954193 
329.896603 
-313.720123 
306.143293 
152.084970 
139.683183 
112.544987 
392.800328 
-341.670979 
-218.229774 
-589.053921 
142.122082 
57.078636 
221.047748 
-591.814116 
-95.657722 
343.621915 
167.290378 
140.278152 
-691.874508 
556.297581 
-357.162363 
-11.883537 
-330.315015 
278.237622 
-22.716835 
-264.358034 
-234.435291 
-445.763048 
270.693383 
-220.216999 
-424.915929 
-347.866541 
-199.525671 
-34.633170 
-157.584084 
66.612453 
-107.595432 
230.110245 
-54.589571 
68.905545 
-783.252291 
-1027.428360 
-246.672626 
-274.997867 
42.281121 
-197.611578 
50.954786 
450.566830 
-7.654512 
-131.250907 
-156.699662 
334.420964 
-121.637864 
57.085140 
-685.591533 
639.500017 
-27.371432 
-304.564231 
147.771718 
-331.748204 
-1.296599 
185.880458 
-635.577882 
-104.134034 
-137.876734 
-205.353700 
621.094475 
-33.738669 
323.778703 
1.610094 
57.079201 
301.977579 
-940.420157 
-361.781320 
-171.240034 
177.655405 
56.531272 
-158.572452 
-216.860586 
199.043395 
-78.715518 
-545.438824 
87.178534 
-20.762813 
-174.525139 
103.651908 
-31.482356 
-89.630944 
-156.729601 
1.610606 
242.546672 
334.422835 
-836.648691 
-218.099245 
-255.589969 
165.930682 
-134.196713 
112.547242 
312.001496 
-523.123106 
-101.015255 
-110.727494 
-260.732686 
-6.202302 
-416.743704 
-265.090411 
-475.065793 
-35.293248 
-354.429260 
168.014258 
-4.439157 
-18.730253 
-304.562938 
244.753128 
-119.778157 
-20.045457 
-242.502319 
51.471139 
-169.589577 
-196.650460 
-287.668836 
-55.231633 
-59.748951 
-466.920370 
-0.362915 
-162.844809 
65.514383 
-285.585355 
-280.690563 
136.751829 
-90.075733 
-289.307248 
388.490631 
-117.740453 
10.332953 
-109.327635 
112.547189 
-26.200557 
-496.741471 
241.431153 
-134.843116 
-353.015551 
425.667255 
-373.883855 
263.228728 
-309.754335 
163.368693 
-124.194857 
624.411610 
-508.860611 
-126.263553 
-188.442496 
-109.326221 
473.095829 
-109.325241 
195.752248 
836.553524 
-497.115410 
122.566982 
-286.829310 
350.766343 
-268.704153 
2.695999 
165.628135 
376.412272 
-350.668618 
118.742606 
190.220645 
-232.967254 
-259.255817 
-285.909946 
22.883190 
-27.081397 
-260.496548 
76.261303 
334.423385 
-36.795945 
34.352501 
172.691708 
168.016529 
164.156015 
-779.449970 
473.093621 
141.569606 
-95.057112 
334.422519 
609.914738 
-211.296528 
-66.455364 
-547.878680 
-297.069758 
-190.756442 
-160.549801 
-123.919876 
155.767530 
-208.318001 
266.842255 
356.193291 
494.951409 
-76.862221 
12.765209 
441.280463 
-354.139618 
224.346081 
371.560434 
361.821757 
105.232174 
-103.702780 
-384.249785 
-167.047875 
114.200019 
219.032206 
2.693642 
-20.388449 
-167.001588 
-176.416156 
268.270659 
152.549150 
-14.661645 
324.807795 
-188.800073 
-70.581907 
445.358333 
14.079320 
412.068663 
25.612934 
187.177866 
-432.736895 
362.268256 
-194.034246 
-145.182438 
1.608530 
584.031401 
394.504647 
-352.807855 
-61.925206 
-514.252691 
-109.328443 
39.440664 
-63.292383 
-105.171908 
-542.854760 
14.177124 
362.155256 
213.845140 
-216.755012 
-230.336409 
-16.359167 
-106.504031 
42.156212 
-199.448149 
-100.075490 
-71.465316 
-181.183123 
306.688106 
-169.998448 
-41.725638 
-283.181308 
-47.629470 
-354.683101 
177.150720 
-136.968202 
292.374013 
251.221120 
241.220773 
-285.563618 
116.807197 
102.472245 
-147.286660 
-317.534385 
-362.227608 
-99.373469 
84.814023 
-114.186519 
-184.282607 
-53.854390 
251.219621 
4.953650 
-159.152963 
-251.216776 
1.611222 
639.502951 
202.430683 
-100.079656 
-221.407964 
166.102974 
-9.526767 
115.480543 
168.017203 
27.614363 
195.752214 
63.116359 
153.519103 
186.535476 
165.085294 
-229.925699 
80.043313 
-1.798904 
500.830245 
108.260509 
161.774892 
-25.415846 
-154.899099 
122.828595 
-481.386390 
33.006634 
-152.331429 
202.795997 
-194.442285 
178.426583 
223.485299 
-258.746609 
922.194578 
32.838417 
302.593525 
-662.540060 
58.912188 
-139.802676 
-106.646691 
32.329034 
-247.160275 
-90.268844 
262.134204 
1.608199 
-304.689081 
-228.686990 
-106.464436 
-186.573833 
115.626538 
-93.267508 
319.855904 
242.122584 
391.129298 
-73.513480 
1.608368 
100.221846 
-298.795105 
1.606147 
-457.960151 
-186.722519 
1.605654 
-53.863475 
-346.228222 
-180.154530 
214.638255 
-285.693590 
-106.899072 
-297.473616 
-81.596940 
-141.331374 
-81.597252 
-11.592622 
-164.724257 
-35.122553 
-17.294119 
-797.384985 
165.517829 
-245.081800 
-137.156584 
-271.718172 
-396.579430 
-239.262348 
199.982996 
-575.486649 
-262.532615 
-109.329044 
46.822532 
-45.142300 
-584.541307 
-179.388937 
5.549975 
278.405602 
-109.330108 
-53.859457 
-372.689556 
306.686831 
-312.351575 
-156.660304 
-526.049200 
-182.149201 
52.945218 
123.756998 
112.547369 
-11.005139 
-13.396170 
-462.048288 
-493.319657 
-391.870950 
-12.741065 
189.172883 
-201.732609 
102.802398 
-210.182600 
-117.552389 
-230.618997 
-545.742938 
-207.624849 
145.840905 
139.676474 
140.283086 
47.025226 
11.028584 
140.281154 
-26.889152 
-247.998556 
-447.680694 
17.350259 
278.948598 
-22.000108 
-76.400075 
383.393233 
439.953329 
-448.247654 
-159.256175 
443.612797 
306.680740 
-605.494481 
216.360336 
-280.085552 
405.768722 
299.317430 
547.984050 
608.387618 
190.762345 
282.158881 
861.371631 
270.420584 
-324.289920 
1027.776466 
-63.668881 
462.677725 
-308.907827 
304.061545 
-700.370330 
-264.443872 
225.586073 
29.324543 
154.093561 
-77.173163 
271.710114 
172.164735 
14.542406 
590.831845 
355.250546 
61.783027 
112.544962 
680.118682 
-165.973118 
-260.204890 
-172.759453 
199.217953 
929.275390 
477.376199 
-591.160594 
103.002943 
556.296860 
172.978279 
643.104210 
477.928445 
446.424012 
145.478239 
292.753121 
27.980100 
1526.999011 
219.931440 
-109.717261 
281.948527 
17.658464 
78.972382 
-433.568485 
716.831053 
76.042318 
25.666578 
460.879091 
-185.067201 
303.821077 
508.884626 
734.204168 
65.058763 
104.454770 
40.926925 
348.579820 
504.763372 
746.395417 
-334.634213 
312.941520 
-256.481503 
347.992460 
508.212286 
42.811564 
29.466750 
-51.791709 
366.966184 
-135.528299 
1083.247985 
-467.408884 
374.967553 
344.038815 
225.333260 
390.113360 
-201.011899 
60.736658 
473.093354 
-245.813652 
-229.736998 
220.857594 
20.728008 
-375.160101 
-155.704533 
250.977032 
-594.799250 
334.420785 
330.415483 
-655.853815 
471.864629 
-122.969169 
176.146098 
-53.861772 
171.650784 
-229.983310 
138.667464 
-683.601605 
141.329089 
168.016704 
137.388669 
-743.308922 
-633.542162 
238.709840 
252.028135 
140.279574 
-769.207102 
722.701599 
-322.796709 
40.930211 
323.916945 
212.602221 
-324.658288 
320.138916 
-643.660523 
-218.288669 
232.196584 
-66.405022 
-199.178510 
-147.889931 
-561.979366 
-403.036061 
-209.491936 
162.206859 
-241.068595 
-206.524849 
-1147.132780 
423.361094 
-1030.310116 
-785.410039 
-461.491566 
-50.223500 
-73.560242 
-300.881213 
273.630167 
565.407409 
-345.740852 
246.113925 
-274.232241 
389.890368 
-260.361127 
63.070078 
-381.052972 
445.357603 
-94.952890 
-452.674369 
238.158227 
-63.372477 
-90.950305 
282.989196 
-747.447462 
353.200997 
23.023436 
-149.370561 
476.656749 
227.811198 
75.569103 
-53.857160 
140.282762 
414.691579 
-293.790824 
166.365552 
-472.341710 
-76.178908 
810.708598 
-414.469901 
-126.239579 
-230.219867 
238.477176 
-751.500232 
594.887858 
201.170257 
-219.277603 
369.383985 
181.854884 
-29.210230 
132.545741 
750.436360 
625.217149 
445.358364 
-832.521425 
-131.365587 
-5.826917 
-46.611033 
-190.298456 
251.219352 
-452.403159 
-1334.748257 
50.669191 
-992.182484 
-253.113912 
383.446696 
-314.390014 
-478.424882 
-474.327558 
-220.974386 
-83.465418 
362.158639 
-215.196316 
-212.868834 
-243.197439 
220.465417 
211.798432 
130.495782 
-169.024491 
-33.565275 
-334.739960 
-123.309179 
-277.546628 
-399.680288 
-234.515822 
-336.293615 
309.143657 
470.581276 
137.039508 
-389.429361 
-170.720035 
288.764066 
-43.736320 
-220.781474 
217.901550 
-249.428423 
64.316643 
445.358511 
861.374308 
-730.449301 
-10.994603 
-431.448429 
158.493424 
-120.261428 
40.312331 
-1180.585550 
-51.471044 
136.806663 
428.054332 
-55.449577 
561.870694 
-504.004555 
346.564023 
-86.973486 
473.093269 
29.342364 
195.748958 
112.546490 
260.398506 
-111.717829 
812.431312 
-287.032569 
457.355493 
-437.637596 
-318.567688 
-150.044177 
728.520512 
-675.924584 
-170.919011 
-10.921626 
-322.330656 
-680.092428 
174.332593 
-437.328838 
278.453954 
-498.360076 
235.314771 
84.812311 
59.420026 
-33.983279 
-476.940459 
140.281388 
-342.064996 
-556.528160 
1.607865 
21.620254 
-273.154483 
694.970490 
47.833422 
-195.109997 
-185.727709 
-599.879793 
-166.073896 
-17.717725 
58.453240 
-604.265000 
657.972730 
-232.271983 
126.993852 
407.458022 
383.177046 
-468.963795 
167.587199 
266.493257 
-329.643262 
-11.565032 
357.012602 
-13.534403 
39.895903 
-8.482455 
-414.090809 
-179.332350 
34.479008 
180.678664 
-458.615346 
-360.560268 
-597.033288 
-520.572458 
742.621385 
-209.808447 
-84.154377 
112.998100 
-588.520586 
503.854080 
1083.248409 
-971.715727 
364.362849 
-4.799207 
-74.152392 
-336.345725 
490.237939 
-297.650281 
-333.198939 
473.091957 
84.812200 
345.262658 
-295.096713 
351.192786 
-573.421647 
306.686002 
-409.816771 
-189.351935 
137.721998 
-769.278081 
-143.633686 
-81.596813 
276.678439 
8.175796 
-10.198429 
-26.008021 
151.885554 
130.788213 
-332.517664 
-107.911404 
5.318462 
-148.179432 
-53.860634 
-235.866627 
-391.872812 
202.363159 
-409.497163 
-254.057600 
248.387818 
-375.989393 
365.685695 
-164.797625 
-87.076759 
-657.019578 
205.482545 
201.687469 
22.581317 
-1167.622873 
137.915614 
330.449660 
-109.330368 
-84.670425 
98.544927 
57.078377 
140.280174 
-46.260606 
-46.400822 
-253.711667 
306.685913 
195.750844 
14.634317 
-307.167782 
-409.341329 
460.850270 
349.600832 
-6.292712 
195.751497 
-982.961393 
1.607395 
166.795752 
331.822426 
186.117411 
344.614982 
-390.052987 
-32.944194 
493.931044 
223.485876 
353.512775 
-461.500527 
261.614329 
-452.486056 
9.711508 
-572.712624 
17.212541 
-270.722368 
799.405562 
-168.198002 
46.561097 
306.687714 
-124.513394 
535.871694 
175.255103 
102.587395 
-372.171827 
-382.303910 
-52.945788 
-385.015616 
146.686801 
-86.422429 
29.608985 
-277.433979 
195.748392 
-489.731405 
154.882974 
-252.052948 
-320.479024 
355.532093 
-401.557246 
376.322034 
-107.914069 
182.129177 
-70.566786 
84.811191 
-7.803420 
-528.003607 
57.079307 
-431.356802 
-415.167109 
112.546379 
84.812868 
-141.233452 
-216.027155 
-373.643840 
48.105178 
89.867527 
-515.025493 
29.343734 
-434.215691 
1.610862 
-146.534527 
-37.630376 
-159.758426 
85.715165 
-630.550740 
96.737015 
-370.857870 
-242.859179 
139.524146 
-0.944933 
-29.158211 
-98.638467 
-310.525360 
-4.671477 
1.609731 
30.633971 
156.656438 
-449.271481 
-465.592751 
72.489865 
281.807249 
1.610299 
84.812303 
-350.032769 
-81.593799 
219.961591 
-138.176657 
-99.189348 
-330.883776 
-63.696951 
191.694176 
-109.328230 
-179.857795 
-398.507036 
-346.972574 
-419.115853 
-267.068122 
-143.385341 
-205.534612 
-9.041543 
-566.367307 
-225.598239 
-142.691329 
-208.799271 
-310.701455 
-199.032584 
-279.548854 
-0.797110 
-137.063513 
-198.155348 
193.756967 
-248.000639 
-36.386174 
-248.000950 
-563.319095 
-201.886290 
750.440116 
17.223693 
-577.270520 
615.435310 
-163.563124 
-521.732990 
343.667683 
2.398784 
278.956174 
-396.726781 
319.472045 
-172.715719 
308.659947 
100.241618 
587.561586 
12.937194 
-218.656551 
60.756987 
417.625696 
251.485973 
396.606622 
334.421645 
401.971226 
741.334413 
-352.426703 
59.235357 
-68.494299 
478.574734 
511.666166 
-26.417827 
456.208880 
438.399610 
331.220279 
320.305500 
516.440627 
215.564086 
68.324940 
-138.488885 
445.354412 
526.354610 
49.234602 
379.557134 
386.384771 
200.179105 
857.324845 
769.493768 
246.352426 
-535.880979 
639.499498 
117.522571 
711.975320 
-281.469623 
192.245151 
-657.083328 
270.806016 
45.611538 
362.156584 
145.397196 
-445.059772 
172.277418 
478.932507 
104.126649 
-35.605285 
24.016982 
262.369830 
-145.029284 
314.338461 
-11.535971 
-426.868561 
521.888705 
-31.324404 
293.785757 
324.424982 
-78.966956 
15.400574 
446.473685 
1453.041953 
150.752626 
-87.202287 
108.176135 
327.860111 
269.694384 
-441.805753 
46.006977 
-32.412541 
-167.027354 
-53.859593 
473.096939 
129.110257 
590.950974 
277.265480 
136.584000 
327.119930 
-87.526307 
-262.636122 
528.564297 
-287.847936 
-77.666899 
228.138204 
-32.655729 
306.013375 
-122.576874 
10.514685 
-318.272522 
556.298055 
551.620325 
-376.002907 
-523.972471 
193.210783 
-278.827721 
112.549350 
322.070049 
-181.390857 
407.673140 
-299.253537 
-137.298864 
417.623860 
22.829597 
-227.130455 
-129.480829 
499.017765 
140.674990 
-109.329615 
125.374347 
1027.783896 
-197.583997 
76.111482 
-288.607480 
378.197110 
-363.160439 
177.153391 
59.449399 
239.143580 
194.325307 
-338.171345 
-314.385377 
-14.825525 
-688.419747 
-63.784141 
-32.922145 
-0.194325 
145.482785 
64.404829 
-335.054662 
603.024115 
-131.231492 
-117.900853 
-431.058634 
-317.015061 
273.262553 
632.723873 
603.223915 
225.357021 
-161.577788 
-62.668928 
110.730790 
916.843098 
238.042024 
-430.439135 
-743.738439 
445.355515 
-22.111583 
-166.091091 
308.561755 
-142.236980 
-80.427750 
277.081665 
-555.656946 
17.163514 
-106.502207 
-436.357077 
94.054631 
-145.812683 
-819.791886 
1.608009 
251.219700 
265.018563 
568.593124 
-251.128017 
-485.073937 
88.112556 
170.378137 
-564.773783 
173.696096 
-297.573478 
-211.787105 
-307.515686 
131.591025 
-42.463562 
9.631526 
542.669100 
-47.524308 
-471.428590 
-124.229447 
223.481056 
172.645179 
528.563111 
-568.770936 
-256.411641 
-460.824012 
-55.973628 
-247.360380 
223.482429 
46.814165 
-1438.553323 
-682.618490 
582.274514 
16.938286 
481.177538 
-303.253452 
218.794950 
8.769054 
-69.938578 
-88.039925 
223.484534 
-108.184716 
-713.936229 
-407.783192 
175.613292 
-436.300444 
-2.390763 
-83.814591 
126.094806 
-191.074967 
-545.883176 
-43.773754 
-98.580928 
240.994788 
-262.928067 
52.833506 
58.033283 
65.957998 
-104.238203 
-43.159593 
-290.499681 
376.152548 
-495.402163 
-35.111255 
-376.550318 
-221.558316 
-109.326022 
1027.783470 
-769.269687 
-323.882623 
-259.061243 
263.324575 
-42.022194 
585.919744 
-1056.617680 
23.619162 
-73.585655 
505.611080 
-229.579686 
178.391618 
-97.878203 
121.825645 
58.047121 
639.503232 
140.285503 
362.159161 
334.424288 
-417.514758 
-262.101521 
451.855270 
-80.553720 
258.833993 
-163.485726 
-529.227874 
245.922414 
871.970856 
-152.512437 
-94.853936 
-99.509076 
247.185962 
-302.476413 
107.107872 
-539.708277 
276.238437 
-5.303260 
-70.281171 
417.624444 
-257.088438 
-351.153056 
7.542815 
251.219655 
10.131378 
61.782729 
112.546626 
-54.191648 
16.369747 
972.311705 
284.499584 
-354.503610 
3.622088 
-586.012305 
344.109637 
52.026478 
56.476602 
-44.345420 
150.457354 
-248.129137 
-274.929238 
-160.917841 
57.044558 
-614.905033 
-209.521914 
225.608739 
-153.984541 
-339.112351 
-421.891202 
10.799186 
-56.832113 
-275.891764 
-189.155850 
-286.526496 
-81.567601 
-315.788653 
144.543377 
-288.170854 
-609.224095 
-658.543548 
-38.095516 
-443.024972 
-358.785730 
54.056437 
-17.939423 
31.371878 
916.842117 
-65.001040 
58.926478 
196.554741 
179.987522 
326.933498 
95.319504 
-205.190630 
-223.456209 
528.561968 
306.685314 
22.363075 
57.354349 
-451.129301 
-632.582182 
362.154464 
-500.777783 
-332.486835 
-51.494459 
185.676262 
-378.969603 
-26.125474 
-73.080034 
-58.198922 
19.676561 
-324.250901 
-42.178552 
-229.529782 
-186.416303 
-130.108339 
629.057728 
19.868740 
-53.858629 
-169.999767 
-371.069812 
19.371773 
-78.457063 
-373.289085 
498.831704 
-382.250640 
333.014649 
-109.326201 
-106.030580 
-644.909749 
-57.054567 
-63.329606 
-273.302835 
-571.178471 
5.135989 
248.951267 
-137.063422 
-37.404557 
-69.418785 
84.814000 
29.343506 
-107.186770 
-221.041082 
-713.493323 
694.967308 
251.218446 
164.352396 
-188.835726 
-323.859671 
-23.374193 
263.774814 
40.900088 
251.217331 
-150.931766 
1.614182 
213.304962 
-2.420309 
17.934816 
618.042154 
-149.540721 
-433.302684 
177.851225 
278.951647 
-193.737254 
143.360726 
-13.869921 
-385.070354 
-315.264779 
297.685716 
-258.030996 
-241.336242 
298.342253 
-123.270168 
169.733350 
140.284510 
-364.501117 
53.530196 
-154.806598 
113.575295 
-275.787549 
183.344527 
-582.685113 
-632.349204 
-181.689697 
339.224206 
179.651273 
-153.409837 
-26.122167 
-79.789875 
282.240381 
-80.477150 
-539.209457 
222.204502 
-459.298847 
-445.067649 
-91.632629 
338.560296 
-344.082511 
-26.122796 
-529.792199 
-128.799680 
-26.124869 
-948.853936 
-761.710468 
-53.857870 
-81.592139 
-239.749942 
-552.690411 
-214.074262 
20.600333 
-208.860812 
-455.964748 
-109.326678 
-276.746529 
-109.327413 
-88.291201 
72.507014 
-175.167303 
-181.330279 
-199.305242 
-121.549472 
-103.143843 
-79.133373 
80.519665 
-129.625898 
124.055782 
-145.854789 
84.629331 
-162.418875 
-109.329283 
-88.583614 
-34.951553 
-322.326356 
-377.156820 
457.554045 
76.511885 
-53.861073 
195.750189 
-210.406613 
-109.329121 
-241.460518 
-354.324090 
116.600592 
-173.073049 
-398.271642 
-11.301880 
168.016818 
111.517346 
102.263964 
-316.867555 
-369.458951 
-194.264315 
-124.179595 
3.520920 
-427.044545 
-164.248729 
181.392348 
65.599396 
-164.454796 
-501.724159 
153.787744 
-20.787555 
-134.620233 
140.284036 
-142.894246 
-413.112603 
-247.997170 
-109.215511 
-247.995225 
-650.142493 
-760.573240 
611.761410 
-226.346192 
-243.943089 
396.134401 
-29.769490 
-633.474378 
-248.005489 
64.218592 
805.901683 
12.656846 
124.060550 
-239.751237 
186.545809 
27.530948 
415.416796 
322.144271 
-489.263500 
152.442616 
57.078325 
-236.832144 
688.679727 
334.424652 
294.774562 
467.478502 
-500.794313 
-65.504504 
390.601541 
447.572006 
421.230481 
-420.278586 
229.087503 
-31.306597 
-10.626997 
395.494414 
-152.048786 
161.920000 
-200.802415 
-249.982535 
805.911988 
590.639639 
-146.551979 
-534.850697 
-67.792291 
216.736343 
1196.611552 
188.523553 
-562.730132 
11.194231 
57.078644 
454.555482 
-21.044239 
-135.105496 
44.642712 
-83.321965 
-173.826500 
46.431132 
389.894036 
339.039963 
-156.499774 
447.217295 
-654.650504 
-187.568486 
-328.148363 
15.090514 
287.463001 
62.494650 
-158.606016 
-197.044035 
376.913437 
613.138360 
175.705568 
34.218591 
47.400952 
-268.208133 
-166.539080 
435.817306 
30.605468 
-297.617902 
-35.132437 
310.301157 
528.089254 
249.161999 
-558.335756 
69.779207 
-229.213718 
439.566502 
-77.900947 
168.010902 
-128.792286 
33.442204 
-361.405192 
402.833368 
-182.526582 
-197.526453 
-45.177272 
362.155691 
-124.198728 
179.250589 
210.156429 
133.014773 
-472.896839 
-301.863944 
67.575509 
-93.544755 
916.843806 
185.045384 
-348.051690 
131.359747 
147.309254 
-2.422890 
334.421137 
-72.867557 
-152.021247 
-206.765498 
-195.110811 
167.416158 
916.854443 
90.576726 
-762.875330 
-189.177223 
-160.124394 
168.522352 
500.830229 
298.638885 
168.021459 
179.758785 
69.845890 
-124.667592 
515.456863 
-377.608674 
-99.954915 
-49.810612 
-259.777687 
80.803606 
85.627725 
12.554472 
-304.997286 
-186.138784 
-116.640459 
-269.874412 
-38.568680 
-487.211037 
72.558121 
-148.873500 
220.119083 
-441.685016 
-537.680492 
-104.041302 
-346.332925 
420.434225 
128.477495 
-114.391829 
37.020168 
-64.317591 
150.003451 
149.303886 
-53.858666 
-29.322764 
-3.165586 
-100.248216 
861.370416 
-253.733303 
-591.687995 
-160.394074 
368.431446 
48.711217 
668.573063 
-630.616731 
-214.374269 
182.924731 
-134.628077 
-9.945510 
-104.080348 
-673.707982 
112.540196 
292.820116 
481.065115 
-404.212849 
-197.224892 
-323.671075 
93.855946 
158.891950 
-120.962051 
-38.983534 
83.650586 
332.484260 
-43.515940 
348.951746 
-118.056844 
-190.767020 
-146.779541 
76.105287 
280.555788 
-123.395624 
473.088080 
299.022937 
195.749821 
-514.641333 
-316.256527 
-442.078803 
-182.713685 
-177.748922 
223.483510 
198.718016 
-219.420774 
-167.928043 
-171.657666 
-102.007445 
123.562827 
-281.675602 
226.660465 
166.856520 
-893.988374 
299.274224 
362.156669 
203.550868 
136.590940 
-598.402542 
-366.252655 
205.111312 
-48.335918 
193.546543 
-204.570130 
-313.402692 
-349.912171 
-125.847308 
74.914048 
-140.720979 
-16.780077 
-334.078342 
109.762215 
-35.609174 
-45.229155 
-112.319064 
-60.502603 
-414.233856 
18.058845 
20.393495 
-414.257691 
-323.765068 
861.369516 
223.484931 
-544.384979 
-130.523919 
-10.082586 
-1.290003 
275.125751 
-133.466621 
-595.528106 
-178.669415 
233.346591 
-106.258515 
-434.612784 
582.853631 
-74.995186 
-136.486521 
-283.211870 
-53.860676 
1.606495 
223.485724 
417.626240 
193.374543 
-14.224513 
428.486006 
-246.562195 
426.001205 
57.026873 
-356.818792 
105.896142 
435.255865 
-504.059901 
-220.270719 
323.120061 
-11.885060 
-378.842332 
-222.898506 
-360.167520 
-83.947434 
58.158540 
-95.996369 
168.021835 
-52.886287 
-328.527149 
-191.717239 
278.957769 
40.576094 
-1551.573970 
389.894295 
1040.889824 
120.824359 
584.035428 
254.921921 
-653.454980 
-279.019442 
-424.797276 
125.365626 
13.353219 
240.833386 
-22.432424 
-132.414906 
-251.319260 
286.556919 
-264.267834 
11.230135 
-4.898747 
-363.911562 
124.776047 
-71.286157 
-257.569566 
253.446642 
572.371959 
-179.568948 
-547.815003 
-72.859546 
0.875489 
340.124784 
415.090158 
-261.611271 
-214.946674 
-1.414314 
-644.507779 
126.122057 
74.786997 
-64.525291 
-77.844462 
169.915233 
457.836078 
306.684874 
-159.122091 
-304.585985 
-63.493908 
31.122401 
59.303547 
515.299350 
-105.655802 
-240.038985 
195.749422 
140.277387 
133.506249 
76.092272 
-233.447806 
77.422126 
-26.130055 
207.302727 
-112.828314 
42.729289 
-271.070514 
-312.742184 
-53.860567 
240.189084 
-332.740807 
5.628386 
233.877453 
31.954756 
205.336247 
-2.449152 
-386.200209 
82.601270 
-99.471985 
140.279804 
980.977049 
-431.742024 
159.008176 
-59.131274 
-88.042614 
165.890480 
-393.685915 
3.958786 
84.814414 
-398.708587 
-112.159795 
-106.546590 
-63.624626 
16.946850 
-429.244261 
-337.560193 
-339.531066 
-109.326732 
0.327038 
131.602240 
84.806165 
-137.066132 
-138.894474 
-3.557095 
-136.555139 
29.344966 
-81.603751 
44.000039 
-455.071861 
-18.241550 
177.833300 
-56.759319 
-106.672683 
-109.335333 
-34.792793 
168.016235 
72.358874 
-307.611211 
92.022483 
-123.644338 
-100.225696 
-600.917394 
210.505078 
-358.952441 
163.709460 
-178.550547 
176.886763 
-142.888344 
11.500888 
45.646230 
-95.755080 
-211.614898 
725.089443 
-319.402261 
286.115331 
-109.331270 
-297.286542 
111.156224 
145.847188 
169.753686 
-138.035169 
-242.734879 
-333.150601 
-7.374326 
127.865248 
-310.027789 
-102.526277 
-146.301207 
-26.131167 
-22.017768 
-161.806364 
-79.227198 
711.117299 
-3.179491 
-50.205997 
-386.389564 
-130.161406 
-16.182334 
24.899110 
1.610648 
-41.192560 
-499.485986 
-26.121470 
-340.321911 
153.711502 
-26.123678 
-53.861238 
-261.720225 
-495.489649 
-357.710777 
-61.657523 
-121.429734 
-529.189160 
-53.857739 
-354.259865 
-53.856290 
-378.499108 
255.122242 
-0.221760 
158.189107 
-663.375724 
-226.174490 
-435.574776 
77.529341 
183.413828 
-164.254062 
-73.650340 
-236.411438 
-314.668378 
-258.050752 
1.609785 
-139.837827 
-7.677088 
-427.827767 
-244.313640 
-206.738989 
-180.575046 
140.281963 
-53.856867 
-970.025827 
-26.121852 
-749.720807 
-55.124360 
-354.376948 
-99.319459 
-205.317429 
-115.821954 
-26.123432 
88.558764 
-452.900488 
-331.934427 
-188.765721 
-234.132514 
112.701189 
-239.096891 
-190.242011 
-121.922301 
-53.857061 
-719.118132 
-94.572317 
-366.377536 
548.595652 
-360.584591 
264.109469 
-248.002260 
-268.845693 
-246.582888 
-248.001190 
-3.221431 
-247.998291 
-458.089277 
98.373213 
473.100673 
394.295883 
-310.651054 
771.556161 
-344.286362 
-633.914790 
-307.161731 
-257.138017 
750.440712 
-794.222742 
392.195370 
44.446404 
-149.982884 
110.734593 
1191.723423 
293.501958 
-280.401614 
192.757801 
334.425623 
188.466312 
764.981819 
639.500335 
80.410669 
688.923832 
58.492046 
286.891850 
1066.891464 
699.812698 
371.686597 
141.406994 
289.992917 
-16.744608 
419.050096 
422.060261 
-39.809340 
637.496352 
109.878567 
5.528834 
889.100549 
941.569289 
169.472636 
52.327391 
390.051510 
305.640304 
986.553287 
240.018939 
-142.920805 
-223.571001 
278.944346 
-171.152562 
90.072629 
-206.875673 
-10.036102 
-286.141849 
-249.895930 
-55.487782 
278.942172 
223.514444 
-534.810547 
13.210383 
-504.317509 
-83.666927 
-66.084391 
45.759534 
-21.718218 
-474.689381 
-107.671403 
-381.809765 
664.160560 
273.465112 
-118.824074 
-94.749857 
-368.224130 
-260.491347 
476.067359 
461.469777 
140.629510 
-173.457439 
339.490961 
-407.364420 
135.844659 
298.532953 
92.414507 
-370.775582 
-505.765546 
-230.995117 
-179.526985 
389.894766 
92.929281 
-90.389179 
-25.106180 
284.502351 
157.790854 
104.991504 
295.165366 
223.487400 
-217.447927 
-326.330796 
-100.727337 
-626.473170 
-209.919916 
-129.464384 
224.948972 
51.180766 
473.101428 
101.393533 
-590.657796 
139.204233 
-39.030564 
-206.788763 
639.508239 
-51.222492 
17.343315 
158.941819 
62.266528 
-46.737999 
1.617125 
532.194059 
-312.718084 
113.838916 
90.583215 
-141.286270 
1027.797631 
-449.051320 
57.094582 
-127.069303 
440.365384 
65.663063 
456.455310 
337.019501 
-298.677118 
65.290665 
187.807743 
-30.076337 
-232.575669 
-494.107433 
42.567179 
-204.127195 
-5.690225 
-32.142803 
369.409770 
-795.747626 
-30.626027 
-406.992470 
-270.091101 
-204.384002 
-260.239675 
67.874956 
-307.387946 
706.049189 
-44.609464 
-44.173485 
-111.617960 
-296.638323 
411.365311 
172.469904 
112.551647 
-81.099909 
-282.168401 
-518.502162 
57.076272 
-107.872933 
-349.671219 
126.443539 
349.295586 
157.119098 
505.727461 
159.633908 
-387.837202 
-448.950450 
-54.392255 
-296.632937 
30.328990 
-1046.303350 
278.949416 
334.418098 
9.071947 
-378.617361 
-611.694166 
-142.492379 
-203.607474 
2.770457 
-458.709951 
-624.188125 
-201.788796 
8.132838 
155.075712 
-505.289868 
-200.627556 
193.763543 
153.994596 
497.328045 
645.713196 
58.845409 
611.760185 
560.591472 
805.901714 
-770.193743 
-568.520151 
-383.578381 
157.019673 
404.335304 
861.370121 
40.588083 
-1043.368563 
-375.801918 
141.663410 
296.943769 
41.925019 
-269.419503 
-95.337134 
339.879407 
-104.510077 
-183.516634 
334.418637 
797.148853 
339.964525 
-324.762050 
-173.924341 
-32.826796 
465.478570 
345.471157 
134.032206 
-264.766512 
-452.152743 
235.240901 
359.720167 
185.940042 
184.807827 
15.222865 
-19.338309 
64.115006 
131.596014 
-363.378163 
-12.828023 
-252.675958 
-175.249529 
241.050042 
-383.796049 
-26.799908 
639.498960 
389.893998 
-321.703936 
-477.719793 
235.407777 
-533.567803 
-180.747772 
-433.426067 
-600.170790 
255.940965 
199.181112 
309.079457 
-262.402983 
297.247348 
989.912158 
564.448249 
-38.164263 
57.081851 
334.425019 
694.971870 
417.630244 
7.946165 
-283.184267 
493.869664 
230.902697 
93.472688 
-233.829863 
-67.794522 
424.223145 
410.226914 
-228.005652 
-520.897874 
48.199835 
-328.572848 
-319.261906 
-177.584729 
-353.668397 
49.205437 
-70.943274 
-653.133708 
1.611285 
109.882015 
-259.342449 
-317.763422 
112.547299 
-28.825678 
-546.784395 
805.907201 
203.186920 
47.650255 
306.687747 
-40.915463 
-432.691006 
-363.681801 
240.814805 
-650.952620 
-182.554774 
-166.210694 
-416.545393 
-235.372650 
-553.636632 
-586.595961 
-408.997495 
-238.216997 
-0.179662 
41.811193 
251.381808 
229.806541 
267.270059 
-155.132318 
-180.839116 
140.438876 
250.178597 
-115.962755 
-353.442161 
-54.272638 
263.192346 
232.275991 
-14.743261 
-376.335730 
-268.942794 
268.365440 
-200.516464 
-143.242582 
7.899480 
94.225477 
40.108819 
57.074060 
-133.487645 
-178.552664 
82.004107 
117.390608 
66.738437 
79.172223 
-110.002431 
-140.856394 
251.218305 
84.811773 
-191.676329 
207.099505 
-195.830183 
-100.094031 
-53.857256 
414.863813 
-83.010666 
168.467072 
-18.677604 
-136.568412 
528.562812 
-135.614893 
-247.966949 
-161.364056 
275.053451 
187.492957 
171.135298 
158.001614 
99.289123 
393.503914 
232.090495 
-109.322858 
-608.542580 
-454.265927 
216.059828 
-106.096950 
-478.403636 
-40.237367 
-397.232782 
-290.782263 
-26.119483 
-419.585456 
-319.799380 
231.174117 
-238.045524 
-160.762383 
-754.267548 
-306.092489 
-184.867183 
195.755869 
-35.439592 
-175.015014 
29.350387 
1.616815 
188.584303 
-62.021725 
-78.148260 
-53.856112 
-53.855227 
-209.253148 
-366.326681 
-195.754518 
-318.974880 
-40.616626 
-189.924015 
1.612964 
-378.002851 
306.696252 
223.433004 
31.818348 
32.005998 
-134.004206 
-148.931410 
-471.095293 
336.814039 
168.028837 
-130.888402 
10.861737 
-275.709317 
-263.511770 
-64.120609 
-5.559757 
-202.784598 
8.337655 
1263.959273 
-328.248850 
116.717749 
-81.591590 
-506.382517 
92.146666 
-339.858365 
-103.703839 
-401.404936 
-19.737147 
-334.068591 
-201.629847 
-227.124122 
-145.482136 
-183.953002 
-20.657390 
-81.592566 
-245.955425 
55.856392 
377.984549 
108.751650 
-169.204053 
-58.486400 
-213.956278 
-103.201687 
395.319965 
-97.355726 
-137.060534 
206.756623 
-137.109134 
-164.797424 
-86.556086 
-257.892464 
-164.797350 
-26.125175 
-479.814726 
-227.634369 
301.299430 
37.752390 
88.789879 
-289.954571 
-26.124966 
71.859592 
1.608756 
-128.897242 
92.050284 
-119.579021 
-359.224888 
-213.164278 
9.460379 
-526.047680 
-34.069606 
19.010931 
-313.169724 
-250.631378 
-196.959782 
-359.698061 
-83.353801 
528.562779 
-99.602629 
-340.678717 
-373.540239 
-222.405295 
-82.669019 
31.342128 
140.280278 
1.608776 
-503.503432 
57.077890 
-12.779649 
-223.804629 
-427.447222 
-88.859164 
-202.577497 
2.299198 
-247.999419 
-157.784994 
62.063339 
-199.621786 
-404.764506 
84.814221 
-222.422449 
225.945792 
-141.634010 
-348.417415 
-142.017351 
125.715334 
202.371740 
-261.885515 
-43.221879 
-294.810179 
174.877999 
-247.996758 
205.456191 
251.076989 
-247.996372 
-23.822613 
-247.997716 
-382.362247 
-10.268201 
972.303700 
-756.454928 
-258.328246 
537.840056 
-39.016991 
-669.949266 
106.989609 
339.403933 
223.472445 
-249.866540 
-6.711499 
174.815962 
-276.793816 
-24.083404 
673.317627 
408.697787 
-91.234795 
341.669273 
140.272313 
613.921271 
331.696993 
750.430806 
626.906394 
298.415680 
-962.289610 
-115.052915 
205.982281 
643.968464 
222.524288 
313.632520 
-158.058558 
-105.032662 
131.642503 
84.492407 
-234.427257 
198.848854 
-56.666939 
-87.342828 
278.950511 
134.810747 
603.960613 
13.825376 
-1.247676 
321.691061 
650.254425 
202.783879 
280.610714 
32.311259 
694.972119 
54.090435 
437.358980 
-181.297364 
237.862666 
-560.013698 
755.832206 
-287.753357 
584.028076 
291.030032 
-65.313558 
360.206504 
-319.990200 
73.158476 
-178.061055 
-276.163345 
98.125469 
-491.675708 
-444.196362 
-384.460865 
183.289324 
372.297799 
-2.826693 
-35.909976 
-175.263021 
-130.639088 
272.472870 
1084.209788 
1055.755231 
-233.147106 
172.649196 
296.498270 
233.471364 
87.181139 
-6.724217 
-419.679334 
-175.763159 
-8.731339 
180.050119 
722.719135 
-77.001945 
198.072279 
-19.776893 
521.174043 
399.347483 
-290.927129 
-135.833822 
278.955216 
-412.538144 
-631.785301 
724.056381 
-97.085389 
168.909181 
553.053316 
59.709950 
221.346809 
1083.258733 
425.279442 
-510.479367 
384.173466 
137.594772 
150.725138 
1138.719020 
97.762906 
-259.468290 
54.904023 
-3.199390 
657.036371 
168.009269 
514.415364 
-557.968358 
-257.574368 
-37.564736 
118.935587 
1083.263393 
-358.623856 
57.083916 
191.404294 
496.133925 
227.483371 
357.121063 
29.730821 
450.968631 
82.063910 
102.934391 
81.832763 
-1.508891 
-323.374195 
-12.536797 
-168.051367 
-663.245876 
313.180635 
131.923134 
3.342344 
-143.481657 
-414.766950 
223.467950 
-387.492067 
-746.711963 
-374.367406 
73.883117 
166.481351 
-390.647183 
244.469346 
48.682122 
219.724677 
133.120023 
541.283186 
694.973674 
56.180771 
157.148685 
-250.433123 
168.015986 
-612.618479 
-507.040137 
260.050186 
-485.517438 
16.090497 
231.685458 
47.599709 
-624.882431 
-378.878039 
-392.887046 
-156.187604 
512.570068 
-608.797118 
750.431469 
181.876091 
-98.363558 
433.035825 
-236.980277 
490.847752 
-71.192795 
140.752387 
-548.944216 
-159.264846 
-349.005419 
-315.713694 
115.893188 
-114.563351 
-8.857084 
116.851843 
338.743759 
401.835288 
140.021243 
641.370685 
334.419021 
120.998350 
362.149245 
-928.458798 
-616.648015 
-196.745529 
-281.423743 
636.652971 
639.499815 
-55.810703 
-886.914736 
227.066028 
-243.271312 
-31.274575 
349.914160 
-338.359752 
-620.017125 
12.900469 
-58.085646 
-69.867799 
334.421835 
277.371840 
-551.232179 
-44.411011 
146.953479 
-236.794205 
526.814468 
-233.096621 
-56.976701 
-484.052005 
-332.626664 
35.753731 
-107.157901 
107.342073 
-8.601665 
-108.968766 
-289.509311 
56.749569 
250.472810 
-415.713566 
30.429936 
-425.196682 
-491.991113 
298.709405 
349.813209 
-21.348391 
667.235675 
1194.188704 
-416.702997 
-241.056929 
12.316104 
-442.747463 
-190.477468 
94.259553 
-1112.162532 
124.779513 
-191.601841 
-114.698681 
36.286682 
118.110288 
472.998155 
343.757360 
-238.823138 
417.623747 
278.952617 
168.015025 
417.624987 
511.925668 
16.924818 
730.822039 
395.343982 
148.178432 
-592.824259 
-298.057598 
212.608266 
426.556926 
-320.089350 
-194.396228 
-268.047111 
-276.820714 
-365.838127 
66.742082 
-159.011554 
45.331132 
-489.086365 
-509.417349 
417.625069 
61.663357 
106.457034 
-429.819910 
972.307346 
-288.714617 
-391.262027 
805.899639 
297.005159 
-173.232940 
334.416265 
491.587600 
-649.716080 
-196.075910 
-469.885896 
-801.074101 
-30.465558 
-134.408613 
-610.958246 
26.501214 
-163.115149 
-114.268156 
-47.860581 
213.883700 
-607.878870 
-62.218984 
459.597834 
20.964348 
-216.313821 
-294.806747 
100.936833 
247.354327 
-169.587248 
-160.283339 
-393.361863 
28.444710 
47.622391 
130.190810 
-233.814243 
-247.111820 
-309.400182 
107.288385 
-311.202816 
-266.806616 
202.828525 
-145.242423 
100.550845 
1.612118 
-234.885950 
143.136853 
-42.060000 
293.167722 
38.006996 
-5.592603 
-171.258952 
-102.671504 
57.079947 
112.549570 
178.788181 
-24.628721 
-39.426633 
-395.925470 
306.691666 
-30.213962 
8.902552 
-13.789717 
-618.633875 
-599.345094 
1.614259 
12.564720 
-267.031664 
-300.103997 
545.145065 
-193.908089 
55.017674 
-19.678085 
-143.018792 
200.127922 
138.671154 
140.283585 
-965.617787 
256.416509 
20.467674 
53.125501 
-298.403016 
46.854343 
-714.120045 
230.115256 
-53.857371 
-244.496337 
-744.771155 
-8.810364 
-567.259007 
-263.369509 
-689.810218 
-121.813360 
-267.911718 
140.283511 
-75.238061 
-214.191185 
-109.335452 
112.547227 
114.681702 
-68.676829 
93.265941 
-109.319832 
-109.331637 
154.622414 
-277.587234 
-38.148313 
-295.237950 
126.155276 
9.160273 
140.276010 
-251.465127 
29.354527 
-159.838700 
-89.317175 
24.631826 
-349.134656 
-86.226081 
-420.093869 
-11.066676 
334.436804 
33.698575 
-72.580023 
-306.154129 
-36.138993 
-259.985784 
-58.950797 
-101.206236 
-255.195345 
514.809171 
-474.355225 
273.497543 
-53.864902 
-144.768047 
491.617876 
-103.824384 
40.144821 
-465.883842 
-119.642127 
-245.407892 
-415.809117 
-104.611741 
-321.760933 
-87.084680 
32.927171 
-53.860473 
-460.474201 
128.534523 
127.158887 
-693.703639 
-332.040723 
-498.755127 
-361.816622 
-61.295871 
21.704591 
-469.586292 
-26.125967 
-266.509139 
-431.725791 
-53.856282 
-73.276767 
-85.805197 
-53.859030 
-26.127736 
19.779582 
-579.277242 
141.217799 
149.909376 
206.116015 
-348.926065 
1.611720 
-113.292973 
29.345076 
-132.821361 
-352.886321 
-17.340687 
-526.543165 
-411.516030 
-161.521636 
-17.936445 
-277.444537 
-130.727511 
-16.503346 
-117.736379 
-73.408847 
-217.596849 
-27.071652 
-109.327994 
-211.942255 
-92.598287 
-286.169806 
-167.207318 
136.096367 
-31.679138 
-81.595095 
-109.326666 
-418.051101 
-81.596479 
351.260706 
-13.100979 
-220.464876 
-94.961163 
-195.035214 
465.465806 
-247.998313 
-123.005441 
-134.472796 
-300.599718 
-654.178988 
-247.997654 
-137.614912 
136.152715 
-176.983448 
-457.563580 
-266.359608 
42.791611 
-165.379645 
-188.745325 
-164.289182 
-24.094244 
67.694367 
-247.997091 
272.318414 
-135.334902 
-248.000323 
66.565373 
-248.000245 
-715.318882 
-136.740757 
639.496106 
-110.924172 
282.529405 
-162.046696 
-94.567600 
-425.242418 
343.662312 
626.240068 
112.543229 
177.526799 
-453.592457 
14.527788 
587.832023 
-43.510040 
-188.241203 
-206.788500 
-592.994026 
223.151972 
1.605660 
358.346281 
395.416326 
667.234390 
888.792435 
352.739888 
-697.335061 
346.123567 
1020.339024 
67.615946 
185.323682 
-307.665272 
-192.325068 
-212.974916 
-24.879363 
-471.563186 
-186.786478 
-114.009721 
35.342585 
193.769728 
223.484157 
271.128169 
44.371104 
541.688222 
234.814759 
82.891537 
247.285268 
-635.194262 
-69.058948 
-383.042000 
584.030163 
-662.500830 
325.177698 
252.887773 
81.951390 
-248.000699 
349.264389 
-96.770346 
-53.861253 
-1.531404 
-147.196228 
17.092298 
202.696258 
-416.509227 
119.478950 
-140.211883 
217.714387 
-526.652002 
-433.939972 
-70.718096 
-302.239827 
0.628456 
-91.058663 
-323.123881 
-99.621477 
341.130262 
-59.149534 
294.280033 
1205.043809 
-149.663394 
24.234681 
546.183265 
-29.044342 
-340.274841 
-258.342093 
220.350605 
-332.351857 
-251.661552 
-287.937641 
1083.246658 
257.002460 
-80.284321 
-32.926004 
-40.920457 
410.036844 
49.665545 
-23.141952 
584.029723 
-356.896721 
64.322686 
113.957873 
68.072319 
-120.545584 
-50.198586 
177.792894 
-101.578354 
473.093955 
42.657531 
-105.351513 
-146.366228 
261.726917 
-52.926047 
334.426420 
55.909500 
-3.577296 
-100.156920 
335.690778 
148.196031 
556.300989 
412.109991 
47.214795 
-126.703348 
324.388990 
31.790954 
168.023620 
-208.750280 
916.848909 
305.291800 
321.646558 
-13.692619 
638.300676 
-124.395793 
477.045320 
-130.808735 
-472.511294 
-501.619522 
-479.527546 
35.853574 
84.730717 
-899.578919 
82.734641 
237.237234 
706.889814 
-31.323220 
126.252347 
-362.953513 
304.459632 
-504.677410 
-312.195418 
-113.226805 
-64.309821 
-350.740544 
111.994122 
160.798247 
-141.597195 
-150.823441 
5.922824 
487.109407 
473.095757 
-257.169431 
336.528810 
-407.656574 
445.357729 
-160.019038 
-389.291196 
566.701169 
87.433649 
96.072094 
-39.556667 
-24.641089 
-608.366693 
370.008988 
133.329390 
-333.181219 
-49.863247 
-399.400382 
223.487830 
625.638463 
169.965238 
172.269849 
-60.959500 
-30.834705 
262.270048 
186.519086 
-856.100964 
-86.534614 
-652.320134 
160.091506 
-611.000320 
-170.520882 
-485.234846 
-233.552341 
-92.517986 
558.728547 
-7.701290 
-31.372016 
251.222228 
-102.631057 
84.816967 
265.373432 
-517.790129 
8.958915 
-250.582389 
130.770057 
417.627557 
196.498786 
-739.480827 
176.645590 
-120.295903 
480.638250 
-49.173268 
-271.114358 
-115.280786 
212.600485 
-384.726113 
-192.617741 
168.016135 
88.861677 
-122.269842 
-97.243347 
18.611574 
-324.253891 
-224.178821 
152.977783 
227.914318 
-215.305471 
-486.068487 
48.515441 
-38.164365 
193.475352 
-151.380162 
-603.871420 
-526.042563 
-240.509654 
244.185287 
-79.066233 
-83.532675 
244.655726 
-252.018558 
76.349915 
182.655296 
92.919139 
57.078233 
639.500068 
-790.914208 
141.731075 
-40.610403 
-310.649660 
514.760584 
6.283031 
-527.677435 
-25.038514 
-193.874807 
-84.318822 
-483.602387 
112.264495 
68.250893 
537.341296 
-541.926332 
417.625416 
389.891412 
84.813019 
57.079152 
203.824183 
-15.097752 
-89.686265 
-152.291999 
-141.894278 
-151.436867 
23.734738 
-12.789112 
797.813184 
-760.864861 
-573.833908 
2.590326 
61.380390 
-695.861404 
-311.868030 
198.352023 
88.207871 
-236.760012 
-558.804295 
362.157894 
-23.827121 
243.933109 
403.888079 
639.501201 
-319.492101 
28.545211 
445.358187 
-9.030813 
42.602648 
500.828376 
491.582263 
15.099119 
-96.040063 
407.224619 
-0.580642 
471.691845 
506.280818 
-63.603157 
-23.070344 
-174.215403 
-112.156714 
-99.879263 
-697.481997 
10.678395 
50.058638 
81.907683 
-184.571246 
-594.920816 
-227.829569 
-116.665971 
-189.153887 
-319.501485 
-257.109445 
-220.963792 
-425.571728 
-284.621859 
-562.926756 
-290.753044 
-92.808043 
-597.223463 
-35.456703 
-386.978784 
-30.696322 
327.191556 
363.561844 
45.029900 
112.550912 
71.807015 
-57.645056 
350.324982 
354.402421 
-89.156836 
297.632192 
67.409805 
-42.413782 
140.285861 
112.550603 
105.282222 
-23.151284 
-28.531790 
-218.410826 
306.689871 
-56.628533 
158.553707 
273.691703 
-46.702932 
158.230214 
57.079473 
9.311974 
-231.238847 
-166.589608 
-99.944846 
-177.249962 
-173.956911 
-169.294011 
-166.069403 
409.916344 
247.663192 
84.812977 
-128.395396 
-384.939689 
415.812737 
126.566881 
-452.643743 
47.547508 
-123.674970 
-28.703821 
-53.859013 
-263.344483 
-155.073519 
-82.903031 
-306.765785 
-12.085954 
-473.296590 
-115.831169 
-72.176371 
29.343287 
16.274920 
-152.713278 
-53.858300 
306.684626 
-96.444535 
9.084330 
-385.556775 
-53.860129 
1.609071 
249.287103 
-336.750270 
59.671936 
-164.214486 
-109.329478 
29.910480 
29.342664 
-260.133277 
-192.533393 
-302.337095 
-105.177734 
-29.077144 
34.380241 
102.147860 
-99.434407 
-278.150758 
278.950483 
139.105546 
-171.683375 
-359.528019 
206.168107 
-345.661581 
-46.320503 
-58.600133 
-57.274687 
464.101607 
-169.679222 
89.478150 
-164.797532 
-127.898824 
152.249475 
-222.163328 
153.935659 
-506.719651 
419.124461 
297.206523 
-105.255020 
-182.465066 
-149.558122 
198.097291 
-156.244315 
-109.330117 
-434.163251 
163.761089 
214.486971 
-1360.628677 
-17.533760 
41.280025 
-113.137986 
-97.444162 
299.479958 
190.500461 
-109.330904 
264.419558 
287.033147 
-81.594809 
-610.202187 
-556.847018 
-81.594977 
-81.594699 
-356.140613 
-247.372164 
-5.867542 
-273.770597 
-117.119602 
-37.407422 
-53.860963 
-143.193162 
84.811925 
-198.504831 
-134.430154 
139.650763 
-482.952553 
-264.066235 
-337.959642 
-174.241250 
-294.876408 
76.120537 
-260.106085 
-364.519088 
47.270590 
97.996000 
-60.240648 
-109.326559 
36.487772 
-243.737574 
-182.720219 
213.740194 
-183.340581 
196.499411 
-26.122158 
1.612187 
-276.765181 
-26.122683 
-192.115652 
-174.990010 
542.764659 
-244.987856 
-389.940510 
-203.666750 
-247.998308 
-51.168570 
424.065121 
-371.642671 
-687.686967 
-247.998148 
-384.949985 
-550.130672 
-527.544359 
-295.276065 
-215.036654 
-183.636084 
-387.056676 
-573.771280 
-404.108751 
-188.320328 
-97.038861 
-247.999288 
211.199436 
-387.054680 
-247.997897 
-389.948412 
-247.999708 
-548.215677 
-328.950274 
-247.999998 
-253.445931 
-259.941394 
-237.566790 
-239.257906 
-250.410256 
-248.000001 
-258.252635 
-248.000002 
-258.568984 
-241.611907 
-222.824195 
-236.569259 
-252.384989 
-246.436254 
-246.327456 
-239.497070 
-251.055248 
-248.000002 
-255.854931 
-255.248319 
-220.265624 
-234.392242 
-254.542932 
-246.169898 
-250.726438 
-255.668123 
-231.623713 
-239.549637 
-261.734589 
-254.239602 
-242.265654 
-247.952777 
-251.480949 
-251.130151 
-263.954704 
-262.029839 
-243.744855 
-247.999999 
-250.343345 
-240.485968 
-243.162237 
-247.413509 
-245.065483 
-220.381426 
-253.724028 
-245.803116 
-228.949183 
-220.265625 
-244.209437 
-266.715596 
-252.223484 
-260.450504 
-247.999997 
-230.290126 
-245.579462 
-247.999996 
-230.645172 
-242.443947 
-236.018869 
-241.204703 
-253.898149 
-257.637781 
-249.797910 
-237.645153 
-250.083516 
-251.927467 
-248.483934 
-243.380101 
-241.726590 
-242.490931 
-226.489275 
-237.762485 
-241.631822 
-243.717659 
-234.301458 
-221.999022 
-234.647764 
-253.375952 
-231.189143 
-249.337437 
-250.016171 
-241.611910 
-261.877696 
-245.648299 
-239.756749 
-249.079633 
-248.000002 
-268.058907 
-258.821119 
-242.633726 
-247.999999 
-244.063694 
-240.391261 
-224.629858 
-248.000000 
-245.135701 
-248.407212 
-249.812901 
-239.879780 
-253.881322 
-255.919242 
-228.187844 
-255.362057 
-248.000004 
-246.821409 
-241.532623 
-228.841118 
-249.616651 
-244.970017 
-247.999998 
-247.245088 
-202.132530 
-237.855203 
-241.345140 
-244.318002 
-247.999998 
-249.557974 
-252.111266 
-261.919782 
-256.041810 
-245.672461 
-248.000003 
-255.694359 
-248.000005 
-253.988835 
-240.431929 
-238.388157 
-238.968449 
-221.121488 
-240.140458 
-230.363757 
-230.419313 
-244.018174 
-240.460803 
-234.301958 
-248.406738 
-252.535402 
-228.342123 
-236.066547 
-249.842305 
-248.000002 
-251.600349 
-260.545025 
-235.233954 
-262.713449 
-258.984385 
-256.573550 
-246.525450 
-235.133268 
-249.466015 
-246.985906 
-250.319043 
-240.635995 
-224.136720 
-232.698700 
-220.265623 
-233.108005 
-241.787546 
-229.244111 
-248.000007 
-233.583740 
-251.358315 
-251.454487 
-230.046760 
-250.840606 
-251.591583 
-243.606532 
-254.348210 
-242.956426 
-255.160644 
-237.193502 
-236.297930 
-235.265656 
-220.265625 
-234.132810 
-233.507742 
-247.245088 
-242.067633 
-259.166901 
-246.940019 
-252.850792 
-240.679529 
-255.660629 
-244.559690 
-254.377130 
-224.487308 
-243.829930 
-254.461170 
-249.863653 
-246.875636 
-243.889077 
-246.555069 
-236.868629 
-248.000001 
-253.824170 
-248.000000 
-247.364217 
-262.515800 
-238.738458 
-258.906429 
-248.022703 
-247.999998 
-249.718622 
-265.510544 
-258.115014 
-257.692976 
-250.786963 
-252.948516 
-255.545283 
-257.454608 
-251.451874 
-255.771633 
-246.796145 
-247.999997 
-256.503891 
-247.999999 
-247.284576 
-240.027599 
-241.204702 
-238.513809 
-243.072385 
-241.096340 
-240.518712 
-235.061248 
-246.147071 
-256.520194 
-255.089293 
-255.235975 
-252.517202 
-246.388790 
-252.233298 
-258.716321 
-252.918593 
-259.890092 
-254.056205 
-246.024106 
-225.430373 
-243.033909 
-234.109426 
-220.265623 
-220.265625 
-245.741162 
-235.485743 
-239.549863 
-251.426090 
-248.501289 
-256.179334 
-267.707438 
-259.232311 
-250.600029 
-249.825824 
-235.873778 
-255.922000 
-227.363429 
-246.860421 
-248.397096 
-247.999999 
-247.999998 
-248.000001 
-248.000001 
-247.245088 
-242.761814 
-242.493656 
-248.204382 
-237.103291 
-264.827874 
-229.263437 
-248.573478 
-239.459071 
-249.395676 
-244.193157 
-253.339773 
-238.195060 
-261.621119 
-236.596435 
-252.608464 
-243.373531 
-233.329537 
-237.713560 
-247.999999 
-232.446508 
-237.221892 
-252.636138 
-220.265625 
-234.847028 
-247.413510 
-248.000001 
-249.950954 
-247.257344 
-248.000001 
-248.000005 
-243.187175 
-250.817106 
-247.999999 
-250.353317 
-253.988835 
-247.978717 
-253.162199 
-241.286895 
-242.595946 
-246.625612 
-254.412242 
-240.811131 
-243.492167 
-244.031283 
-255.322247 
-257.258563 
-257.161051 
-248.707730 
-253.255824 
-240.278865 
-249.754314 
-251.023497 
-247.707730 
-247.734586 
-220.815461 
-238.964585 
-255.015574 
-253.881321 
-242.011143 
-252.693070 
-239.039536 
-248.643020 
-251.480949 
-251.209776 
-234.789190 
-248.000003 
-238.912831 
-251.384535 
-233.022894 
-248.842526 
-248.707730 
-240.786542 
-243.900884 
-252.342624 
-247.999998 
-247.999999 
-235.532005 
-255.581142 
-234.649443 
-218.416673 
-248.000002 
-235.513401 
-251.007387 
-257.909294 
-246.158039 
-242.182026 
-248.000001 
-244.806041 
-252.354010 
-246.700837 
-248.043192 
-241.815785 
-224.655596 
-248.950498 
-244.632889 
-246.272840 
-261.586492 
-248.000003 
-248.000003 
-248.000000 
-242.742998 
-250.524995 
-242.383406 
-239.015055 
-240.687124 
-240.012321 
-247.999999 
-246.805482 
-230.661344 
-243.642149 
-248.148759 
-251.820919 
-245.065481 
-243.918117 
-247.108906 
-248.000003 
-246.222558 
-245.514719 
-247.999999 
-248.000002 
-250.549495 
-249.571625 
-240.012321 
-247.999999 
-248.000001 
-233.358251 
-218.416666 
-249.980943 
-235.163495 
-246.494094 
-238.366369 
-247.999990 
-248.000001 
-248.000001 
-243.792321 
-253.259023 
-246.032342 
-248.950715 
-230.454131 
-238.537566 
-226.737805 
-275.734367 
-252.717059 
-244.064443 
-249.616650 
-246.769804 
-245.198490 
-271.622213 
-234.991709 
-245.609851 
-247.999998 
-246.411901 
-234.989663 
-247.999995 
-246.168785 
-248.663500 
-237.508822 
-242.689500 
-236.799602 
-271.726207 
-249.047577 
-270.052573 
-254.226523 
-259.787292 
-257.539908 
-241.904192 
-248.000001 
-251.561039 
-236.327654 
-258.026334 
-272.375916 
-255.962244 
-251.409284 
-250.229381 
-248.379356 
-254.224433 
-254.611493 
-247.999998 
-248.525196 
-250.642423 
-248.000000 
-244.132484 
-248.824555 
-248.000001 
-248.000001 
-249.153308 
-267.048921 
-251.853991 
-244.912134 
-242.965041 
-258.666331 
-247.999999 
-250.329954 
-247.999998 
-242.162635 
-260.385140 
-253.476995 
-251.039592 
-245.233011 
-251.690286 
-251.790648 
-246.526602 
-246.539398 
-249.488839 
-229.724880 
-233.408408 
-248.160874 
-246.484390 
-248.000000 
-257.707675 
-248.317909 
-235.821998 
-253.162201 
-263.352767 
-247.233555 
-247.999998 
-248.000002 
-249.553417 
-248.000001 
-252.022857 
-238.731652 
-248.515468 
-247.931163 
-253.272478 
-246.746154 
-247.999996 
-249.324393 
-240.016156 
-239.928940 
-256.456661 
-248.000000 
-241.088919 
-241.279374 
-239.056338 
-246.884945 
-250.769797 
-244.228577 
-236.913287 
-236.714883 
-230.370104 
-248.473621 
-237.687291 
-248.000000 
-244.736609 
-235.779221 
-248.000000 
-253.521515 
-248.000000 
-252.844804 
-250.489871 
