-425.691583 
-375.664267 
-380.980525 
-404.548071 
-572.734713 
-358.222528 
-51.121264 
-215.627823 
358.293003 
750.033505 
432.829154 
130.821878 
-588.281512 
-955.108410 
-944.736547 
-418.496207 
7.613986 
134.515760 
96.964411 
129.966192 
344.692127 
358.292038 
456.376658 
583.167689 
760.187611 
472.770429 
134.306735 
164.367855 
201.532276 
-186.607422 
-110.169012 
-224.821867 
-142.547036 
-453.491864 
-154.783688 
39.424567 
149.515957 
-264.697382 
96.962185 
-191.943181 
-80.807166 
-239.944579 
355.610365 
63.479776 
57.605836 
405.103548 
882.301776 
1106.589880 
880.946204 
533.709666 
-79.537861 
-1086.867248 
-1262.196230 
-989.182543 
-566.204930 
-615.577359 
-425.694351 
215.411933 
201.348076 
240.420786 
-12.785639 
392.855977 
262.872171 
344.049838 
118.869506 
269.747437 
6.901211 
-25.773334 
-66.352373 
-72.443299 
-136.263230 
365.424267 
384.922948 
291.919122 
-317.217780 
-979.640851 
-1233.092370 
-692.689249 
-393.515728 
-89.810310 
8.526112 
157.995217 
274.866677 
183.746776 
12.530118 
31.131778 
149.912606 
96.961528 
233.585655 
167.899701 
331.279685 
227.625344 
66.440746 
-106.390923 
-118.430984 
96.961599 
53.590486 
-28.668925 
245.517204 
451.249238 
116.947859 
121.804596 
252.088588 
126.196743 
358.287681 
184.187751 
116.877931 
-639.451317 
-1389.858105 
-1577.049411 
-1471.009093 
-863.909509 
-378.468202 
-239.039266 
-194.181209 
-88.101348 
96.961752 
196.310488 
80.540707 
214.271946 
395.896950 
552.701502 
358.290193 
210.342943 
96.961369 
165.913867 
98.437567 
120.520529 
136.847849 
40.147303 
-155.087427 
-321.592721 
-353.671321 
-39.409876 
-191.456702 
-332.126584 
-425.018257 
-457.737586 
-601.307406 
-464.950983 
-356.365702 
-156.200836 
-250.643415 
-277.102219 
-337.397564 
-119.122162 
269.750885 
402.516952 
670.336780 
218.847213 
-241.253693 
-713.112647 
-879.434218 
-726.130649 
-468.573446 
20.963698 
96.960701 
444.788205 
468.513234 
349.883508 
358.287617 
170.844825 
154.499122 
-27.932135 
-225.023249 
-432.447489 
-428.454582 
-283.121441 
-595.707051 
-435.219023 
-476.128543 
-906.831664 
-1150.453150 
-1005.557199 
-687.025093 
-229.699703 
-57.704139 
241.796847 
264.789649 
420.076672 
323.445458 
139.917998 
-367.325908 
-429.036453 
-55.443366 
172.600591 
346.344554 
524.717296 
375.990717 
172.957490 
-2.760884 
29.797451 
21.764115 
-73.472501 
-164.369235 
-259.537856 
-164.368555 
-44.267710 
-129.823677 
7.723257 
-117.017253 
-5.636596 
96.959339 
-88.726101 
-64.568218 
287.644460 
447.033918 
584.154840 
914.521847 
908.266977 
720.494316 
915.607582 
971.946040 
421.845051 
-425.695745 
-995.049951 
-1192.259530 
-646.407805 
67.242070 
509.868987 
483.400869 
383.669755 
307.458290 
542.027279 
340.595103 
76.958166 
-14.895980 
-94.719470 
-312.618648 
-423.101309 
-259.780600 
-267.852293 
-444.762759 
-402.587785 
-436.823936 
-391.669470 
-483.598067 
-215.211464 
-15.917745 
130.953564 
-33.701512 
96.962662 
21.423500 
-9.697226 
50.250556 
193.051521 
246.758322 
303.345133 
45.843682 
-45.695739 
146.605280 
301.570069 
586.223643 
916.573555 
703.325593 
594.174136 
45.698402 
-556.357274 
-1209.677450 
-1209.677582 
-948.349298 
-724.533050 
-433.243347 
-294.257237 
-530.590796 
-424.414893 
-366.735911 
-98.452044 
-177.917098 
-46.701735 
-213.907525 
-199.714622 
-517.136418 
-922.935828 
-864.639558 
-655.242947 
-390.805828 
-24.791978 
112.783063 
21.204785 
-425.693709 
-826.109274 
-890.497644 
-798.997978 
-164.365476 
300.855109 
363.778587 
880.946813 
840.583462 
372.694280 
-164.365852 
-747.998056 
-875.314978 
-1274.527416 
-809.517938 
-677.377092 
35.250986 
54.315027 
194.236659 
103.409965 
-492.931703 
-874.635804 
-1319.764657 
-1226.720254 
-657.712372 
-91.846931 
675.973346 
829.626104 
659.974759 
205.626139 
-257.367669 
-679.256272 
-1001.892313 
-738.037765 
-239.640216 
31.293538 
368.968742 
325.247073 
290.894840 
247.613323 
-228.962586 
151.610125 
-54.763338 
-32.128013 
104.007000 
-303.026276 
111.587422 
96.961722 
195.978246 
469.955751 
274.502593 
555.580268 
336.291170 
374.488962 
466.471378 
387.265344 
488.954297 
619.618221 
534.508922 
366.210142 
352.178606 
506.373206 
227.625484 
29.509426 
-623.189612 
-1096.443342 
-1442.277295 
-779.356770 
-425.694902 
-126.499479 
-114.547355 
-319.990204 
-143.246168 
-108.001150 
56.856596 
439.908463 
320.043220 
383.126660 
233.792326 
96.961234 
513.451289 
-303.198261 
159.500728 
159.576414 
44.780142 
318.527711 
101.936912 
193.658843 
358.288782 
10.499648 
414.272658 
35.577895 
153.563209 
250.450650 
54.221477 
136.513755 
159.273312 
96.961938 
467.598023 
212.215839 
-33.702669 
96.960371 
-489.596407 
-876.078509 
-1086.840678 
-1209.681099 
-687.024723 
-212.229703 
-329.875600 
263.137766 
35.797385 
211.196785 
270.176667 
358.291250 
480.786904 
358.291524 
322.618418 
293.262535 
-54.916045 
-197.074254 
-268.390914 
-352.700715 
-369.875024 
-33.699892 
-218.079335 
-283.310931 
-274.855371 
-58.172752 
238.539817 
735.444229 
687.989052 
769.359968 
64.808940 
-564.087774 
-1037.878152 
-687.022434 
-217.717486 
231.504739 
377.628470 
615.725475 
457.200129 
537.673748 
370.000665 
653.484080 
321.303321 
284.002150 
193.715512 
415.790042 
227.626949 
131.133485 
56.366915 
-8.726200 
29.080909 
-51.170177 
-246.094985 
-294.460125 
-126.554703 
155.551917 
227.862930 
-164.365557 
153.926460 
52.863104 
96.961956 
260.134010 
506.915561 
488.952277 
488.953180 
313.347306 
861.833151 
674.413965 
607.343009 
655.090831 
247.040614 
-556.360369 
-1195.234069 
-1471.008772 
-1166.837742 
-839.566043 
-382.562293 
-242.570848 
-492.745979 
-143.922352 
-204.981057 
-174.959341 
-4.350446 
161.879569 
433.742914 
373.790964 
185.971925 
45.379384 
-33.705365 
-193.073240 
-91.174786 
-134.231303 
-67.093459 
-235.725751 
-200.849218 
96.960289 
-33.703718 
-168.451632 
96.960268 
-343.789012 
-11.972456 
-521.848108 
-238.416521 
-426.685496 
-350.953242 
-164.366475 
42.179381 
210.977273 
470.932346 
512.021096 
987.111716 
360.401253 
-269.012960 
-916.556803 
-1033.866459 
-926.257210 
-672.028503 
-323.571746 
-210.265235 
99.892493 
200.947060 
431.566863 
227.628024 
343.520601 
254.116264 
-33.699632 
28.251348 
-295.027399 
-221.756896 
-43.801485 
-425.681761 
-3449.368436 
-928.762912 
138.808397 
360.460380 
-309.766115 
506.393486 
720.420217 
-425.684895 
-3968.753218 
377.082310 
-2428.428736 
973.172577 
-669.827733 
1584.128479 
1431.809742 
-242.737110 
655.150362 
358.305614 
1143.547312 
397.006847 
619.641216 
499.769642 
1651.537628 
-632.747603 
-708.672900 
-3412.258874 
-598.836589 
-2408.009687 
-1152.929449 
920.604899 
-1230.819194 
356.895904 
791.851010 
-565.755350 
2821.839905 
-1116.872321 
970.548444 
-164.329317 
955.912380 
-625.634635 
-164.694008 
-1056.442425 
710.150548 
5594.603357 
592.879385 
-193.749128 
2619.466184 
880.977567 
-357.785414 
-289.968547 
32.154196 
-1233.356717 
-727.840458 
714.230892 
-949.329374 
96.972994 
1005.308329 
-1747.268545 
-0.448002 
-61.793525 
-34.369832 
-332.520024 
1533.548672 
1600.736985 
-513.261115 
3329.022054 
-1177.349272 
-1350.044206 
773.561466 
-908.584196 
-540.381932 
1275.814810 
2806.542895 
-117.792701 
666.975924 
8375.018538 
-21.833554 
549.617653 
-680.806721 
1898.079209 
3420.421938 
999.556439 
-572.610645 
2712.766362 
1402.905674 
2022.992401 
7283.468930 
1008.074851 
4622.695886 
1130.885046 
2875.730904 
1166.230859 
-1367.600102 
2532.751995 
5062.193174 
-434.501447 
792.065588 
2715.434011 
2304.049971 
-806.836689 
-1180.194103 
1914.598308 
-1456.158348 
3494.224141 
2597.762757 
-2182.731525 
3106.126310 
1546.222178 
667.594294 
2187.605999 
4291.802949 
2793.034142 
288.493600 
-829.258470 
2154.643926 
2187.597822 
2212.671868 
-3308.796649 
-2850.061894 
1746.497518 
68.078986 
1011.598946 
-4082.604666 
1926.269485 
-1741.760828 
686.291266 
-495.682441 
2428.870501 
48.146721 
432.862762 
-3825.527718 
-2704.393662 
962.689197 
633.005188 
-2240.598052 
-711.060502 
-1085.721086 
630.591514 
-2873.655353 
1022.433046 
578.751943 
527.510515 
-147.112534 
62.341744 
-6100.148475 
-7156.818163 
-1515.732739 
-977.717813 
420.681158 
-1044.085875 
206.672031 
2589.050433 
-761.683357 
-119.953057 
-1442.525983 
1926.267330 
-1229.589608 
-55.131406 
-5277.001954 
3494.225227 
146.062893 
-45.558719 
2010.235580 
-211.756020 
2820.479883 
1709.787660 
-4633.416807 
1217.852403 
-526.850445 
-545.289422 
3070.897402 
-1176.326433 
1448.986102 
-425.686752 
227.662701 
2520.705290 
-6876.738458 
-2049.080657 
-2025.269468 
152.234430 
917.204580 
610.143222 
-943.145173 
1589.729652 
-507.376404 
-4295.426402 
2227.941637 
-825.359265 
-786.613105 
1717.745293 
807.733432 
-901.728870 
-751.168728 
358.324535 
2975.373969 
3755.603745 
-4902.781750 
-1151.138020 
-441.724928 
431.485727 
-1200.928842 
2056.983912 
991.456105 
-3117.563242 
-756.957282 
430.250984 
-808.301716 
-268.015201 
-707.784980 
-1910.285426 
-2624.209272 
-716.587286 
-467.449303 
1403.624150 
500.114140 
-181.771766 
-3321.536856 
1670.843895 
-453.784294 
-123.790246 
-1243.074595 
1502.457134 
986.930099 
-209.476857 
-1097.609133 
359.490836 
1384.591065 
-3541.996675 
870.537661 
-1011.076992 
-55.312952 
-1255.301719 
-1038.847957 
2213.285545 
-1533.361400 
-23.187133 
2991.452781 
-540.835755 
1055.867360 
358.292226 
1403.595309 
-2560.395678 
-3373.969086 
1754.821268 
-451.293209 
-3312.037832 
3419.355033 
-3731.625816 
2401.423628 
-136.010072 
580.863627 
-87.360791 
5198.406638 
-3334.263865 
2651.387582 
-3190.453400 
-164.367895 
3363.557734 
-164.364551 
3886.225182 
7497.407337 
-3995.848610 
2247.995313 
-55.016231 
1966.061295 
-2569.188136 
188.320972 
-1177.669350 
1991.222456 
-4527.768937 
-1837.610197 
1018.296549 
-1463.742053 
-393.868890 
-1298.339460 
-251.882844 
2755.176746 
-1585.251684 
1688.803982 
2056.922088 
-2371.286715 
-425.737885 
1144.681947 
880.945774 
1226.787180 
-2594.502551 
3102.230096 
-114.345791 
-2480.689391 
619.611328 
785.122806 
-3143.113382 
580.758617 
-5186.752080 
-2518.743337 
-1480.437778 
-523.706741 
-490.492091 
3434.836559 
-953.140913 
-679.496216 
2132.533116 
4188.823168 
-204.119939 
231.544092 
2030.742324 
-1866.560505 
1362.178869 
2558.661755 
95.031101 
949.497051 
-27.851790 
-2303.013757 
-1463.792864 
618.305924 
908.809556 
1440.912124 
441.180135 
-1329.508793 
-3203.707534 
528.565956 
13.126166 
-687.324056 
1488.684492 
-1263.769747 
-801.078653 
4016.880345 
275.025832 
2659.757491 
1017.814611 
2171.243974 
-3582.541656 
1916.521486 
-1098.168022 
-1973.658384 
-687.023785 
1795.583308 
827.838273 
-1745.886387 
-576.521263 
-1723.658631 
96.957771 
-522.633365 
-870.805367 
-907.524656 
-4281.234895 
-280.649122 
1926.253494 
33.170040 
-1714.705548 
711.001912 
-240.155350 
-1463.974660 
-602.125915 
-688.385155 
-1161.884223 
527.778630 
-2444.772061 
2840.909416 
-1217.872907 
-580.865806 
-904.573980 
-1309.192467 
-2782.920545 
107.493378 
-1606.306488 
1149.304992 
4670.194997 
736.967376 
-2011.981682 
152.129171 
-701.302679 
-1089.143184 
-2309.881547 
-3265.785066 
-481.586179 
1795.586572 
1197.822112 
373.644247 
96.958866 
2318.228173 
-90.989868 
-618.706516 
-1995.335767 
96.956572 
1795.604206 
1565.796400 
-1723.605000 
-1225.182554 
618.161645 
-26.666797 
633.078796 
96.977983 
-25.527717 
2056.954616 
812.039125 
329.777406 
422.069114 
2599.211468 
-593.734625 
745.250841 
600.422913 
1926.267905 
1601.556288 
232.473433 
-405.050386 
-721.964563 
1491.365742 
-2548.222442 
1031.284379 
134.359710 
3426.370707 
-2494.215946 
1239.155699 
1664.926385 
-2150.994975 
7239.396723 
878.766295 
1889.561247 
-4672.442708 
-662.085994 
-554.099687 
-765.534035 
1106.523377 
-863.441101 
-1309.204148 
1888.723866 
358.292023 
-2387.061606 
-1277.279938 
-795.146499 
-3098.654680 
-439.843648 
-1628.087543 
2317.553451 
1300.285981 
2470.930282 
-378.397601 
488.963724 
-494.842535 
-1649.630673 
488.962958 
-1395.907779 
-4233.458706 
227.640348 
-164.361035 
-2727.024167 
-577.806826 
598.466131 
-2057.921755 
677.764454 
-3897.067809 
-164.348845 
-1999.887658 
-33.685039 
-726.980771 
-637.258293 
416.978180 
-1269.564820 
-6243.251051 
1046.325513 
-2585.283053 
-1200.217018 
326.660816 
-2265.479134 
-1228.388881 
1315.900340 
-2844.157386 
-747.190822 
-425.672732 
638.990898 
216.198557 
-4072.137931 
-1666.444446 
-304.146577 
2378.081511 
-164.336351 
96.984262 
-1620.174365 
1795.622038 
-2233.067208 
-1630.895324 
-905.873392 
-2167.298208 
382.251554 
-554.423315 
-425.673214 
777.408846 
-399.021639 
-2729.092253 
-2563.881042 
-1381.159570 
-1079.404318 
1061.768984 
-944.867885 
321.015883 
-2082.679143 
-645.729098 
-2185.180860 
-3132.556932 
-1250.472514 
-1150.353239 
892.880927 
96.965136 
-1346.614495 
267.808881 
227.642929 
-760.885476 
-1863.003707 
-3047.442814 
-550.899138 
1403.644166 
-888.322121 
174.137223 
3512.793602 
4314.287295 
-6317.867892 
-1723.589167 
1671.832975 
2187.594174 
-3501.473095 
1919.578636 
-1241.933566 
1091.182956 
3240.004928 
5270.718447 
4550.053948 
829.103127 
1339.446104 
2840.941053 
232.928301 
-3238.392802 
4408.925331 
126.848580 
3227.093456 
-502.775513 
1150.525446 
-6049.068115 
-333.309930 
4583.197164 
246.255702 
2238.294180 
-112.777095 
2929.117223 
2836.697105 
1243.195977 
4782.231339 
5186.542137 
271.480999 
2187.590760 
3482.846886 
431.995116 
-3117.033813 
1138.855411 
-463.097981 
7635.524749 
3325.177179 
-2040.102043 
-236.376818 
1926.300007 
-346.381823 
7627.365357 
3588.758110 
4863.162495 
-352.161808 
2062.899874 
1889.393354 
14600.697895 
525.352401 
1337.877008 
1306.362592 
-181.495146 
907.710911 
370.404934 
706.479964 
4249.124497 
-1412.024288 
4337.203950 
-3.606759 
3232.199919 
2937.479325 
4749.993013 
286.770779 
-532.108016 
-157.107146 
3255.299820 
2317.636672 
7665.198820 
-2614.476903 
2637.447769 
219.056827 
3179.152340 
6103.018786 
2198.310405 
-768.199931 
641.752744 
3229.017710 
-1031.677842 
7544.820585 
-1748.435211 
3157.287367 
2750.592030 
3015.111084 
3376.870191 
-69.025270 
36.831958 
2710.241908 
-684.043597 
269.374259 
2496.296678 
429.573888 
-2051.523531 
-108.429080 
3330.776027 
-2997.525937 
4278.163594 
2813.914267 
-6192.266602 
5137.497031 
-881.246380 
1415.159179 
880.859134 
4654.363388 
-1712.814785 
355.637530 
-4549.831379 
1993.446247 
3755.481884 
1905.570150 
-3457.163963 
-3510.049512 
2572.044010 
399.247602 
227.557936 
-6168.074573 
2971.541478 
-574.618298 
433.482297 
1878.987872 
2196.254157 
-2166.107090 
3708.885948 
-2602.469140 
-2968.877637 
51.131460 
-663.739088 
-218.647611 
-1977.607904 
-3056.736509 
-1610.649501 
-1312.438235 
742.182450 
1003.435148 
-47.692450 
-6775.269033 
-342.215622 
-6691.778811 
-6333.844490 
-3153.187835 
621.076570 
-4693.467679 
-1364.308738 
1345.829596 
4770.979983 
-1867.909970 
816.312276 
-2031.772247 
1142.256560 
-2777.033551 
49.813922 
-3442.155234 
3755.515084 
-1849.979927 
-2989.779626 
1527.687421 
675.759720 
1074.233937 
1792.105019 
-6103.453306 
-191.980518 
-3342.965161 
-2460.569678 
4448.007510 
-194.133561 
-3622.734846 
750.291751 
2383.561789 
3627.149218 
-2964.826669 
-723.251062 
-3236.334623 
-702.279026 
6750.040812 
-3426.864780 
-1873.594045 
-1147.234576 
-258.448762 
-2581.963516 
2928.043242 
112.911226 
-1544.087710 
2828.838135 
1715.425646 
-804.682355 
1250.983791 
3494.158683 
2354.266551 
5715.440781 
-6961.396078 
-1276.007893 
1692.040867 
-733.666813 
233.252153 
3886.157153 
-2301.484696 
-5369.266965 
1611.741056 
-7473.500779 
634.558192 
4761.984677 
-3082.537908 
-2311.165683 
-2995.890625 
-857.907666 
280.049070 
4408.810249 
-1330.016543 
654.415044 
-177.336764 
3386.457767 
1778.389401 
2637.924233 
-1467.416395 
3318.133463 
-676.426832 
-748.471615 
-198.302927 
-782.783111 
-402.488592 
-4061.610968 
1708.278073 
3121.234528 
716.409267 
-1627.273739 
-539.731755 
1300.949140 
-95.203206 
306.815113 
1345.160424 
-743.909047 
1522.074254 
1926.241773 
8328.785437 
-4672.522710 
-858.122424 
-2929.789569 
-950.013687 
-883.717281 
1031.469403 
-8410.010293 
1176.300076 
-997.898165 
241.664950 
-1239.414380 
3187.687776 
-3293.788402 
-217.900110 
-1113.340539 
2579.564808 
-1471.029240 
2056.908797 
96.943405 
3400.010325 
-2577.904995 
5939.501299 
-809.072874 
3561.133612 
-3613.392414 
-1579.104005 
-699.563769 
4903.965529 
-4623.057530 
-1282.415898 
767.111660 
-769.573542 
-5243.312579 
-301.962732 
-1483.471454 
452.341947 
-2976.499706 
1159.515701 
-33.758506 
29.610399 
-2025.664395 
-3596.833636 
2579.535727 
-1938.773491 
-2734.838692 
358.242858 
2567.820542 
-2850.488130 
6238.111597 
1481.949366 
-432.783812 
-2724.987351 
-5399.131195 
-2741.903660 
601.363998 
-1084.363091 
-3428.704028 
3662.427152 
-1213.728231 
-1633.689669 
4214.761439 
3873.301148 
-3348.686042 
2251.955791 
3853.807197 
-1405.385844 
1478.583651 
1957.355015 
-435.807413 
2972.681421 
184.391574 
-2247.128484 
-1991.135481 
235.715640 
1202.637479 
-2702.423943 
-3504.276302 
-3358.165676 
-5582.946156 
4398.158263 
-2393.194722 
-1772.936020 
-787.127403 
-3642.655967 
4111.698626 
8590.104922 
-9374.617720 
1610.382517 
-984.519960 
-224.716551 
-3922.480241 
3087.581936 
-4165.029757 
-1033.737873 
2056.911160 
1926.242113 
3484.030354 
-865.247415 
1445.272023 
-2559.908314 
2840.884866 
-2710.057762 
-1204.681031 
-200.389213 
-4626.661449 
-2390.905071 
2056.908176 
1968.980295 
645.483942 
-1772.431421 
-3330.411361 
1134.077302 
3164.576221 
-2730.903970 
-1239.087101 
-516.161809 
-1391.495346 
358.261387 
-1168.864826 
-3439.154921 
424.674179 
-3204.135107 
-2496.177362 
1593.321110 
-3821.701492 
1044.164651 
96.954899 
-504.549433 
-5053.605591 
592.732600 
596.407902 
-1014.221224 
-3999.225061 
-188.136964 
2347.895124 
-164.381488 
-6.443988 
-185.055109 
1664.921777 
2579.571337 
13.480671 
280.205289 
-506.385731 
619.619292 
1795.579411 
1463.700437 
-1584.213689 
-3180.339954 
3907.827684 
2838.976236 
742.124022 
750.312300 
-4574.265789 
96.978429 
-140.922094 
1271.708102 
1975.650347 
2576.589172 
-2397.662116 
117.557407 
2687.490204 
880.989993 
3583.213088 
-3635.578984 
-184.259590 
-3804.000477 
-548.810065 
-3157.910449 
-741.422733 
-2054.160250 
1721.613460 
-1576.930551 
2598.561377 
1273.003055 
-2422.614662 
2363.824549 
-512.913743 
2259.986007 
-3490.561520 
-1332.439815 
815.694146 
-1492.672827 
-709.251273 
-1738.660734 
-388.881878 
-223.607542 
227.679661 
-4362.550712 
193.795167 
-3084.376057 
-4131.751795 
3080.250020 
-1847.409095 
159.266054 
388.809268 
-441.747822 
-1626.632226 
96.984775 
-3007.003325 
-3322.494358 
-33.689000 
-4662.880768 
-5039.329223 
96.980529 
-33.696589 
-2835.218442 
-1910.507341 
-4041.866458 
289.780707 
781.114923 
-4108.005578 
-1732.352390 
-1737.463850 
358.270744 
-2291.290365 
-2368.409700 
-2947.717805 
-11.091457 
-5557.780558 
803.103248 
-4671.268276 
-2173.647389 
875.741006 
34.471407 
-2027.432587 
-1414.668547 
-3564.581086 
483.123774 
488.912828 
246.743949 
1895.450574 
-4246.429880 
-2644.697501 
753.505064 
3452.962895 
619.586159 
2056.914421 
-1155.569995 
-33.720808 
2752.273064 
-709.292915 
-1651.236292 
-1678.051911 
-1761.171977 
2033.818983 
96.949836 
-6.873589 
-2404.775704 
-1544.943672 
-2768.277313 
-2524.470587 
-1383.338482 
-499.477095 
-1154.299495 
-3027.999703 
-3287.713823 
-266.695917 
-1384.753642 
-2355.978527 
249.423475 
437.088158 
-1578.457391 
488.979339 
-519.679047 
1238.235948 
-1862.980301 
828.852858 
-1862.977895 
-1851.716527 
-1157.546484 
5454.216038 
1252.377498 
-841.697224 
4964.402457 
-725.251092 
-2097.487848 
1482.012226 
192.239686 
3494.233974 
-2085.109829 
2295.856329 
-52.490924 
3216.250705 
-411.974907 
4381.491793 
1909.963478 
-680.723937 
-951.127376 
1142.281108 
660.893862 
892.145535 
1664.927365 
1465.104634 
6951.329380 
-3525.619206 
487.015313 
-116.543309 
3345.460856 
4554.518525 
11.880956 
2271.737626 
863.555092 
1155.412598 
1941.519130 
3879.472736 
416.855920 
1040.309213 
-2422.736407 
4278.194243 
4489.117244 
996.415024 
387.135903 
1898.106092 
70.590712 
7585.805985 
5291.686193 
1328.338179 
-4385.739669 
4408.860443 
862.531338 
5815.754385 
-1028.666525 
3160.061626 
-2320.345993 
3489.932566 
-624.738499 
4931.531798 
1992.637159 
-1354.894245 
-62.746885 
3393.906690 
1424.420933 
-725.559276 
-156.695784 
2413.362583 
-1597.661053 
2850.816246 
201.432711 
-2875.452180 
4673.633945 
-371.408479 
60.840011 
2554.087786 
-1178.404988 
-359.462133 
3914.450002 
9713.846136 
1376.670895 
-499.205666 
-977.392676 
1921.785384 
2895.434261 
-240.753164 
-31.296952 
-89.279308 
-362.167711 
-1718.408070 
3363.585075 
1999.148153 
5183.163635 
3276.344427 
2457.655871 
1739.852380 
-268.190516 
-2581.460210 
3363.582016 
-1280.550629 
-23.332698 
910.127453 
-1270.285545 
1678.079918 
-2736.051462 
483.086434 
-2579.042694 
3232.890196 
4767.748425 
-3086.633778 
-1294.271909 
2929.490773 
-2051.998661 
1926.263030 
5264.087329 
-1134.349582 
2507.027740 
-3602.078993 
-663.647122 
4278.202566 
1322.271851 
-1847.259655 
1219.999160 
5062.901181 
1563.882768 
96.961488 
-304.037553 
7022.137741 
2077.938631 
1429.301006 
-1829.823109 
3135.155437 
-3944.404486 
1897.051585 
494.643499 
-16.229505 
476.019045 
-777.551241 
-1457.878084 
451.881447 
-5784.410935 
-1451.987340 
43.268413 
230.189164 
2261.070158 
-1275.653363 
-1901.698776 
2366.526158 
-1762.371458 
-1910.230551 
-2048.930861 
-2192.474852 
1444.961813 
1821.273486 
2738.902839 
442.407853 
-1877.198011 
560.165518 
1314.800625 
5715.510259 
1344.473711 
-2834.597116 
-2039.787085 
3232.892450 
456.738029 
-754.921174 
2765.449078 
-815.837343 
535.469750 
53.492523 
-3532.879568 
444.162156 
-791.813809 
-4186.233713 
2612.442147 
-797.153634 
-5210.589728 
96.943038 
2448.885052 
1331.790380 
2467.309480 
-1479.678901 
-2454.566264 
1498.402459 
1866.363948 
-4102.567505 
2046.570496 
-3052.300756 
-944.716387 
-1864.357031 
466.783618 
266.479539 
586.010911 
4168.655240 
43.243614 
-1405.184695 
-1654.814185 
5454.181634 
1007.818428 
3886.228359 
-4952.560602 
-1850.364275 
-3040.478037 
-1494.569608 
-711.974264 
3624.885032 
-46.387781 
-10762.780233 
-5207.529027 
4685.784717 
173.781255 
3016.863248 
-2486.834255 
555.146851 
1324.494789 
487.451854 
-1896.584176 
4670.207407 
-565.381666 
-2350.820284 
-2275.940627 
2147.040746 
-2747.318220 
-2226.333613 
-581.421237 
1794.305918 
213.946882 
-2561.336239 
778.861828 
651.313533 
-694.148193 
-2601.183013 
446.740689 
1791.143035 
534.401510 
-875.574360 
-487.940182 
-2267.306646 
3669.690149 
-3296.806288 
789.225693 
-2212.349020 
-1864.193988 
1403.584026 
8590.111583 
-6201.677402 
-1268.720515 
-2426.065728 
2327.786955 
-277.468698 
2552.317933 
-7660.950044 
-22.826287 
-2436.435475 
1631.696217 
-3548.537706 
3760.760615 
-1706.828918 
914.140521 
116.696462 
3886.206835 
-164.374177 
4147.550375 
1664.923951 
-1704.652901 
-2527.396347 
3861.933791 
-671.813324 
1677.447116 
-2978.440999 
-3817.893072 
1163.511923 
5747.940720 
-1760.217450 
-1119.666010 
-742.093313 
1108.402610 
-3294.491813 
2330.017767 
-2984.147513 
1265.315906 
-1509.500786 
-907.823015 
2056.945283 
-1607.781321 
-2824.188936 
668.515512 
4408.898626 
119.073802 
-231.135701 
358.317279 
-953.438805 
826.224170 
6760.856416 
-748.000242 
-787.150920 
-952.956808 
-1152.474727 
2421.170569 
-1711.300645 
324.540368 
-1219.571393 
2275.013830 
-2592.641025 
397.380876 
-1799.521599 
-1967.173026 
-2941.142492 
1116.014606 
905.472550 
-2433.375637 
-2504.933327 
-3971.419190 
-488.345357 
-1546.322437 
-565.342228 
-1670.243043 
-947.774122 
626.570447 
-293.151361 
136.906310 
-1284.899670 
-3417.833802 
-4448.707504 
1577.453290 
-1822.514169 
-2099.762745 
687.138889 
-406.375499 
1096.036908 
7022.145092 
-646.507834 
-433.566019 
1288.755671 
1197.741553 
1385.804737 
2293.998883 
-1836.378635 
-2552.514190 
4408.861452 
2579.564971 
1112.474164 
-1113.928357 
-3440.416786 
-5626.097584 
4408.868708 
-2330.564973 
-805.414823 
-388.109306 
-1705.455431 
-2229.702723 
2318.237505 
312.026411 
1916.744703 
-122.550703 
-3416.408573 
1476.072238 
46.124336 
-397.342950 
1305.525256 
3491.794333 
499.121726 
96.960395 
-1626.160093 
-3569.798486 
1579.751503 
-1342.890248 
-1836.380539 
2711.280855 
-2592.309044 
1267.719698 
358.282881 
-786.678609 
-3324.195855 
-23.260200 
-1283.994371 
-1616.386672 
-3122.476364 
-667.380344 
944.200575 
-1340.344867 
-246.351782 
-1305.037515 
-687.006193 
488.954070 
-858.006011 
82.345185 
-3105.155747 
2840.904355 
1534.260338 
1324.667788 
-1305.511727 
-2166.107547 
462.430980 
2384.052744 
-547.375395 
2840.894692 
23.437086 
-1471.033284 
-174.197714 
910.898445 
1208.308205 
1401.222338 
-1744.681782 
-3776.374225 
980.133895 
4016.831705 
-1583.474820 
1314.778969 
-1112.426013 
-4126.457797 
-2147.849447 
978.165736 
-3486.307882 
-1890.532335 
-372.139970 
-518.400533 
3083.649759 
2318.244735 
-3190.517186 
668.237318 
-1482.486725 
684.397635 
-827.150798 
1159.475261 
-3777.028956 
-5772.286489 
-1102.845414 
1223.180976 
1379.105477 
673.818428 
-295.031189 
-1643.522132 
2051.694380 
-449.208087 
-5529.744551 
2285.446475 
-2543.142302 
-3058.757696 
-74.270126 
686.883254 
-2858.758178 
-295.034066 
-4257.019666 
-1610.023916 
-164.347227 
-5945.591277 
-4113.259692 
-33.688431 
-687.000950 
-3325.081415 
-2438.201141 
-1298.163913 
14.604781 
-2358.730889 
-3446.869266 
488.969580 
-2255.397541 
-164.362383 
-746.360033 
458.805510 
-1365.198294 
-2511.184684 
-3219.219001 
-536.747379 
-2309.763266 
-2510.783249 
1945.322643 
-969.626307 
825.898420 
-3070.338565 
-45.461506 
177.263272 
-295.027284 
-2344.152221 
669.421817 
-2434.248845 
-1611.572366 
2400.550440 
660.969769 
-687.022291 
1272.935703 
-1464.639889 
-425.698446 
104.724800 
-4171.535467 
-971.086246 
-1118.931323 
-3364.185074 
599.333853 
-164.369131 
595.921246 
273.366524 
-1364.240668 
-3936.460110 
-1364.848766 
-1618.796753 
-1711.050806 
-3073.177832 
-788.172976 
-1137.730323 
526.669530 
-1254.268926 
-3130.503207 
1520.751187 
-976.087774 
-1468.587788 
-295.034020 
-2163.145329 
-2770.041282 
-1863.003028 
-1531.142909 
-1862.998331 
-3667.488977 
-3952.669228 
4539.464020 
682.365107 
-960.775248 
4642.108985 
385.670055 
-4466.558578 
-1444.923464 
3196.454976 
5454.119658 
-1979.941917 
1651.851668 
-1627.256129 
1584.232558 
1753.157775 
4237.937930 
1587.938050 
-2756.799454 
2054.213174 
2840.847508 
1010.825437 
4055.883742 
3494.202662 
1712.616091 
3327.565955 
-3512.507432 
-1315.359757 
4256.148146 
4931.731705 
2159.455825 
-4359.838325 
500.699674 
1811.546106 
1261.256681 
4350.117187 
-2581.775333 
1907.286426 
-282.607967 
-521.821954 
7544.790720 
6067.451885 
-1062.055240 
-1842.594983 
-714.012150 
3645.443903 
7877.132494 
1769.115057 
-3156.596479 
-381.430857 
1142.299594 
3353.115174 
1207.298861 
-571.766461 
-163.017199 
-417.515392 
-2210.295734 
3017.524885 
3494.202623 
3399.115956 
-2588.289553 
1962.317714 
-3622.717383 
629.202123 
-1260.024091 
2616.664742 
2661.998004 
510.314041 
1576.230255 
-237.251698 
3057.808648 
5291.384650 
1371.432358 
783.726510 
1108.444208 
-1610.757409 
-943.945901 
4717.375303 
5257.711930 
-1584.981062 
-1779.939216 
536.816962 
3031.777756 
1302.022108 
-1340.030907 
-1055.222449 
-298.133299 
2052.760406 
1062.153895 
96.978948 
3689.551811 
450.429959 
-3177.466505 
5663.295072 
669.430238 
185.962654 
-603.858296 
1664.955720 
-1092.782206 
2836.060213 
106.765174 
481.416929 
-3996.943195 
-1157.858395 
637.809820 
911.309031 
8851.502572 
1981.103250 
-6303.453722 
-486.186895 
-532.711872 
-1854.788269 
358.351240 
-2922.700656 
-2224.177722 
-242.552852 
-2168.299671 
1445.965590 
4931.544037 
-71.249667 
-6327.132371 
-4417.589048 
-500.248764 
925.460813 
3755.539309 
2267.643729 
97.011848 
-1107.645463 
751.661015 
-2555.744057 
3072.867357 
-4525.861931 
-2079.774613 
1116.639821 
-1957.171287 
2971.381207 
-919.270721 
-1219.047507 
-2665.241871 
-3415.295666 
-1566.579289 
-1557.507332 
-633.392859 
-5456.283930 
1024.526101 
-2259.507852 
3644.874908 
-3054.369066 
-5429.830462 
-736.523672 
-4679.100329 
3620.109724 
2086.435843 
-1729.464613 
-1282.919174 
-2335.986562 
866.752670 
558.832401 
-164.422425 
199.717140 
-1707.740252 
-2451.361205 
5454.182557 
-2039.520995 
-3985.002538 
253.211695 
2230.196169 
1003.954481 
4592.902890 
-3323.294449 
-1476.896791 
684.134966 
-2766.670095 
1593.690707 
-1691.034077 
-4515.555706 
619.658436 
2187.558308 
3686.971203 
-2829.816101 
-415.499963 
-2727.587588 
-1433.815522 
94.747150 
1013.820345 
95.845665 
1203.893412 
2392.176270 
198.631706 
4478.237303 
-302.019201 
-177.328520 
-1597.877364 
104.034927 
3560.511262 
422.557097 
6238.221547 
4393.927375 
4016.878861 
-5510.509322 
-1771.491253 
-2549.910369 
-1667.529979 
-1390.123899 
2971.555377 
1626.244737 
-3082.400920 
-2424.650198 
-463.656169 
-932.678759 
1807.172163 
-1739.062755 
1772.520087 
130.875891 
-5407.310967 
1356.314928 
4670.169060 
2837.835513 
3877.443561 
-3921.130505 
-2219.520050 
1473.135259 
-296.059946 
2259.828770 
-1866.006176 
795.287231 
-1711.938766 
-1501.123085 
827.268438 
215.598555 
-23.241150 
995.389502 
2444.319166 
-1058.734174 
-1828.270958 
-2193.495987 
-205.607944 
-1249.558077 
1381.928156 
1637.899971 
-1849.457839 
-1014.558464 
8590.091992 
2971.540451 
-3776.342389 
-3880.978105 
-355.280389 
1002.563904 
5250.925225 
-507.027970 
-5209.189689 
-1137.335098 
3179.555713 
246.904484 
31.408023 
2864.686916 
-46.068054 
-275.637224 
-2507.289319 
96.968591 
358.269969 
1926.264553 
5454.166468 
-135.198178 
-1494.934353 
2472.062300 
-2199.288384 
1215.996245 
-253.030065 
-2000.179895 
590.995810 
3259.363211 
-3122.509014 
197.263998 
1634.464428 
498.157858 
-3173.586910 
-1729.018630 
-2735.513488 
-1164.829710 
83.496601 
489.180404 
880.937866 
-1537.043477 
-2729.070795 
-1024.548350 
-1471.030271 
575.286368 
-11615.797637 
619.570236 
5658.895801 
2559.791373 
3624.853134 
1203.211025 
-4480.414886 
-829.957777 
-3937.400857 
-74.575468 
-1238.342836 
2266.881600 
83.354966 
-623.831609 
-2270.556775 
3493.705546 
-2453.541166 
65.839420 
-1710.722666 
-1179.773758 
1747.548426 
-632.029929 
-705.385054 
2527.720437 
2776.362047 
-1467.649500 
-2175.071308 
-937.849559 
221.581456 
1970.711503 
4638.325902 
-2010.197784 
-1428.829921 
53.571165 
-2558.778972 
2100.998992 
-597.716669 
-598.796333 
-388.683543 
766.908234 
3186.048580 
3102.242182 
-2526.165022 
-2598.248679 
1187.387098 
322.231408 
1090.443639 
4195.007537 
-1285.734671 
-228.820081 
2318.275179 
2318.280864 
-348.356839 
208.163303 
-60.929186 
2457.686164 
2318.283645 
1989.227984 
-1881.335348 
-1100.162017 
-1847.875868 
-1957.244830 
96.994974 
69.365735 
-3911.795189 
677.988434 
2329.441265 
227.681214 
235.213281 
-1051.285995 
-3080.827492 
1296.186892 
-1578.153190 
3886.243270 
3110.368319 
-4541.569925 
2206.187718 
-201.243342 
-116.386772 
184.803264 
-4007.228171 
841.399276 
488.956236 
-2113.574880 
-1268.912426 
-1838.327478 
-1130.085975 
-1045.498615 
-5479.377669 
-1669.482691 
-1447.979321 
-425.662646 
-765.022299 
1806.140491 
1795.601815 
489.000197 
-1816.560634 
758.742062 
-1179.505603 
227.534593 
-33.758574 
241.667119 
-3953.597148 
228.676913 
779.903050 
349.528865 
1572.395877 
96.961024 
-2222.370998 
1142.255264 
3152.622010 
-2270.100860 
1911.317419 
-289.516153 
-690.798868 
-2847.057726 
4019.643742 
-5260.258482 
769.458723 
-1531.466240 
1279.073429 
-558.483903 
1196.012230 
-54.727140 
1052.582156 
576.065071 
9737.586079 
-1790.992009 
3912.953518 
-295.038325 
-641.457574 
-1821.693377 
1528.301613 
1849.575686 
-178.604669 
161.699644 
-1795.299888 
-1603.021407 
-561.027859 
-1988.445103 
-433.440639 
-741.385021 
-164.354992 
-1561.008369 
-190.145107 
58.482949 
869.176570 
1122.050656 
-836.315029 
-2839.645830 
-1850.052695 
325.153162 
-303.444950 
-295.029491 
-81.445736 
-2967.096294 
-556.393826 
-2831.965187 
3075.744593 
-687.015632 
750.267660 
-928.504206 
-4851.194018 
-2008.462326 
1381.105541 
-1977.716023 
-2872.522275 
-1209.687396 
-1382.911709 
-687.038958 
-2168.939984 
1243.335378 
-114.449823 
-1633.885595 
-5702.163887 
-2538.523080 
-3228.659005 
1428.316899 
507.852214 
-2017.789137 
1985.030263 
-2202.734913 
-1663.127777 
-1672.761667 
358.260187 
-1401.311160 
1688.446215 
-1920.638422 
-1615.255167 
-1961.219336 
-479.132730 
1795.563943 
227.594615 
-7164.524895 
227.601661 
-4184.548010 
-661.801438 
-4310.169046 
-1101.754009 
-1698.339678 
-1094.594154 
227.606869 
20.313096 
-3074.317775 
-962.387996 
-1042.635878 
-1601.659342 
151.054416 
-2059.135586 
-1765.901630 
-2030.458403 
-106.797255 
-1575.045061 
-607.993329 
-2740.401856 
4436.790561 
-3715.672499 
1758.762267 
-1863.015632 
-1546.549829 
-1663.928462 
-1862.977479 
-347.174626 
-1862.997604 
-4162.848907 
-1833.243942 
5192.915944 
-1379.220193 
-1924.548405 
3574.852687 
-1192.969494 
-3942.994225 
-2559.833248 
-761.793960 
5715.560386 
-6426.270934 
2682.245813 
-459.828463 
-1196.051177 
-499.065241 
9340.836383 
2823.504030 
-2118.553009 
2423.504802 
2187.602990 
673.373075 
1366.854828 
3494.248732 
1016.409266 
1823.845740 
-4571.295336 
-1020.506813 
4156.102104 
4358.161152 
1071.851932 
-1545.451007 
-805.460976 
147.042151 
851.194908 
1509.111434 
-3105.706970 
1728.744960 
-560.240396 
-2605.550285 
7544.765913 
5884.721219 
562.352674 
1051.388402 
1351.294274 
2829.889585 
8715.884485 
3198.331497 
-3507.972184 
-685.176543 
2187.561810 
-1095.952088 
836.334766 
-666.250742 
565.603606 
-2336.679146 
-815.178786 
3021.169482 
2971.542728 
2034.115566 
-3063.798827 
1731.280790 
-3192.352405 
1184.838013 
-1194.264466 
-1564.648973 
1658.989523 
-1635.921921 
-4.813812 
-3419.446479 
3966.579262 
2353.198294 
813.272075 
280.394981 
-1890.176224 
-508.228748 
1428.570844 
4491.004271 
-269.476811 
-479.795722 
41.832465 
-1420.897938 
2445.240815 
1425.418445 
-1015.935398 
-3885.144337 
-1728.339927 
-528.448345 
-202.747496 
6630.134665 
149.734429 
977.638636 
-1590.558039 
2318.223849 
3044.663424 
-178.979262 
2382.552231 
2448.896715 
-393.706351 
-2137.044888 
1250.256325 
-3707.648950 
-981.154268 
-923.501238 
742.772610 
594.122039 
6760.834987 
2375.357136 
-3121.748941 
2433.695637 
602.493430 
-1120.797067 
7544.767686 
786.773527 
1506.325498 
2529.714178 
-367.897416 
314.835435 
1926.263440 
4051.647768 
-2852.512271 
-396.472632 
333.397635 
-135.504502 
7022.141998 
-3350.933557 
2187.607325 
-1550.834258 
2138.102508 
371.325865 
4752.186605 
1783.937715 
-29.796925 
972.466566 
1884.816124 
3099.245609 
-786.103767 
-2559.974734 
766.185291 
-2086.471561 
461.282957 
273.851112 
1410.148196 
-5701.185121 
989.453801 
-3557.098002 
888.098362 
-2854.476671 
-3668.670041 
1984.780915 
-1722.745080 
5407.213528 
-2436.034249 
273.619177 
-23.127794 
-2542.183190 
2470.415883 
-219.692594 
3232.917621 
19.991224 
79.258155 
-1982.782157 
1926.257743 
-650.400270 
-3415.443744 
447.903244 
2446.869896 
707.687553 
1467.275123 
736.400698 
-3669.861925 
-802.850356 
-594.634387 
-2790.521898 
1686.376446 
-6249.026862 
2579.532167 
3298.244043 
174.808374 
-2948.443938 
-2529.076662 
-1303.020370 
-1393.951495 
677.821740 
-2252.575228 
-1785.735780 
-2066.342770 
924.603209 
103.788983 
-1206.454406 
91.922040 
219.886769 
-774.993681 
3260.817829 
4677.062465 
-885.451454 
3363.523245 
2326.673096 
2579.561685 
-5839.655040 
-3839.220398 
-3258.385259 
860.506960 
1014.836914 
3886.194577 
1622.709605 
-7629.732136 
-1857.564377 
-1158.459299 
849.083994 
-1134.818031 
-2135.636542 
-2383.874174 
1583.141788 
258.204213 
-767.948598 
1142.270047 
3521.605309 
3250.326590 
-2541.475987 
-1292.498612 
1903.554162 
1934.764596 
1843.639738 
148.483812 
-2903.387364 
-3595.884129 
1101.328656 
760.678422 
258.722282 
2353.167232 
517.712853 
95.686988 
-632.923224 
1301.040650 
-1269.146453 
367.346312 
-2589.800011 
-1270.249796 
1899.869617 
-1459.814682 
-81.825668 
2710.237916 
3232.882471 
-1255.040933 
-2240.536422 
1595.020012 
-3632.729890 
-232.921801 
-1322.455574 
-3704.624067 
647.206412 
834.389505 
2195.215269 
-1044.324862 
1428.286840 
6125.669718 
1455.445546 
-1899.149370 
358.277537 
3363.545634 
4670.183972 
1664.926319 
1065.537972 
-2299.714269 
3902.908619 
792.659848 
126.139567 
-2743.037688 
-132.319635 
228.967684 
1587.591711 
-2795.267409 
-3318.386837 
801.578899 
-3154.690992 
-3485.037636 
-1890.618269 
-1433.116213 
1218.671970 
-691.812090 
-4751.466597 
358.292161 
833.529212 
-1326.241799 
-1732.716967 
1403.613118 
312.924453 
-5685.484631 
7806.147881 
1685.729843 
-173.986228 
4408.891244 
785.113339 
-1284.236721 
-3420.165039 
-801.373093 
-3839.091487 
-1681.531020 
796.221086 
-2825.973113 
-1614.797495 
-5296.095576 
-2161.995186 
-783.409753 
-1373.413782 
-951.433387 
-1317.566598 
2426.766112 
2734.111770 
3064.118088 
-427.336167 
-1040.644273 
1543.365621 
1340.316875 
-375.435354 
-3096.623317 
884.587081 
2179.407583 
2248.759445 
-180.817842 
-2549.125069 
-258.471251 
1631.481751 
-1099.816999 
-862.186982 
1509.103531 
2715.327659 
2827.228357 
-33.745241 
-1546.132420 
960.124815 
-1034.534128 
1630.978560 
879.339047 
1230.537153 
-2137.763623 
-1409.260870 
2056.896633 
-556.385754 
-1493.805532 
1294.954738 
208.496986 
-608.599144 
880.935597 
2785.746100 
-405.307240 
2248.638217 
-804.964584 
-861.025140 
2840.904342 
-1459.204685 
-1323.841944 
-1548.793538 
3932.862803 
-994.347392 
916.577170 
1685.452541 
-803.837637 
2255.014276 
1191.764365 
358.304912 
-7154.905221 
-4802.887868 
1670.404619 
-507.064225 
-2776.813403 
926.813435 
-3133.176648 
-794.763264 
-33.686406 
-2616.177433 
-762.656789 
916.376059 
-1152.723872 
-464.724859 
-5929.976359 
-1157.261406 
298.275200 
1011.656584 
867.017498 
-674.439913 
-425.690231 
-164.363229 
1702.099661 
-496.276652 
-559.626686 
619.626229 
619.612512 
-1392.800106 
-1723.639032 
-854.892887 
-1495.121633 
683.777595 
-1174.679855 
1664.894024 
-2916.487677 
2056.930913 
1232.613926 
-1889.648382 
-481.177626 
-76.804230 
-865.733741 
-1682.087618 
955.154572 
1011.553330 
637.996012 
426.416163 
-2045.647156 
-1454.232657 
8.281715 
107.637234 
-2618.137783 
-240.112215 
10097.845417 
-2341.465660 
2776.657089 
-33.721424 
-1703.302549 
1875.749446 
-1629.562399 
985.612560 
-3868.426595 
-417.540353 
-3430.235671 
-2693.551299 
178.816353 
-2082.358201 
-1046.634872 
-75.431585 
-164.375847 
-1550.109515 
-873.224364 
516.894332 
2130.937265 
-635.026451 
-2824.951823 
-1060.420150 
-2267.816022 
1626.427687 
-786.430564 
227.644076 
-127.939006 
-2651.222653 
227.635464 
-1519.533311 
-324.334115 
-425.696377 
-425.680226 
-4460.353966 
-3306.168430 
519.892640 
863.530997 
-659.240543 
-3178.194324 
-425.704500 
-102.661584 
-164.373018 
-2209.245226 
-772.243154 
-722.867379 
-2247.575150 
-1042.118013 
-322.753828 
-2199.903906 
-269.719333 
-352.189330 
-1981.034412 
-2715.683250 
-1809.685607 
-1525.078953 
268.159536 
2840.884587 
-1375.647644 
-3143.678126 
-1611.393383 
-735.364999 
-1162.148108 
-1096.524763 
358.263889 
488.925166 
-4387.650969 
-33.735811 
3122.977872 
-1902.689456 
-3169.138611 
-2647.711789 
-1325.919604 
1415.176137 
-1863.017505 
-370.876073 
107.364550 
-2106.165193 
-1675.066908 
-295.037291 
-1469.093460 
1646.983151 
-929.691047 
-3471.075496 
-2347.220013 
2294.969118 
82.604952 
-2366.626032 
-406.238162 
-2430.866027 
862.656551 
-1862.995431 
332.880170 
2073.703039 
-1863.003219 
-115.809239 
-1862.988716 
-3746.580730 
-703.766227 
4931.607240 
-3388.173453 
-3091.102546 
3450.079778 
571.036693 
-1399.865759 
924.588686 
1334.551673 
2449.043807 
-3187.528800 
1460.564721 
1599.938238 
68.497598 
2151.409940 
5014.593325 
3468.860248 
214.826836 
1927.297717 
1273.012925 
3331.399193 
1224.555648 
4670.287631 
5264.356687 
1010.126462 
-6863.909514 
-1836.928118 
4772.304913 
4138.894630 
1731.257439 
955.742561 
1203.174938 
1072.513727 
2643.084869 
493.500675 
-700.404018 
947.481321 
792.617703 
2538.821674 
2710.257987 
2706.718783 
1043.268916 
892.794470 
1195.816942 
2927.038522 
4434.112072 
2551.839279 
-136.584672 
-1814.537978 
5976.847173 
-799.664366 
5269.767199 
-1332.653140 
2873.036650 
-1960.990966 
6408.397644 
-2189.371354 
4670.205356 
508.847914 
-2534.486561 
-259.899298 
-445.594781 
-102.874348 
2658.872550 
-1770.952221 
1571.044276 
-1233.288860 
-3767.670296 
-612.410768 
3037.514045 
1749.359164 
1647.882147 
-1004.500218 
-2561.556003 
698.812732 
626.421830 
6384.816257 
9093.270159 
-1986.122098 
350.232703 
1285.098741 
-569.602817 
1856.294439 
1228.128384 
-3232.990846 
-2143.839113 
-1959.891906 
155.809512 
4800.901949 
1002.198754 
797.032623 
409.382453 
2875.773242 
2763.026570 
321.415577 
-1284.528951 
3755.562572 
-2019.035352 
-2095.092247 
5035.291378 
-184.470832 
107.661484 
3989.011633 
-659.318705 
-162.958312 
5192.847407 
1099.233677 
-2904.155264 
751.999813 
-33.343166 
-2086.741380 
7806.050693 
2128.048202 
-2071.186848 
1131.030093 
-1277.772780 
3189.195718 
880.741019 
4116.047362 
-2508.851820 
-3267.677551 
523.804662 
673.106567 
7283.469962 
-2808.642979 
2187.449367 
1031.669739 
4387.944391 
1019.211653 
1714.020395 
-181.608227 
2347.409826 
-560.975039 
857.459211 
-736.653122 
-1487.299573 
-3242.186306 
-562.735087 
-1798.513559 
-2395.447946 
699.236046 
2574.767692 
-1593.566663 
-1011.905816 
-3154.753675 
1249.335396 
-1667.638408 
-3285.289573 
-1505.138575 
1176.800094 
1662.637919 
-1516.156548 
2927.097380 
1514.519233 
1629.780181 
1538.396407 
4370.157440 
4016.945449 
596.562890 
825.870444 
-1454.062446 
1926.271018 
-2892.957760 
-3488.960629 
4507.799146 
-1878.679609 
1352.066546 
430.065598 
1100.867740 
-2264.850651 
-1819.614757 
-731.396058 
-677.427518 
4612.519362 
-5276.821933 
2318.291976 
2056.951751 
1034.851125 
3242.999976 
367.953403 
4092.188511 
-1063.675930 
1295.962197 
-1955.381726 
642.172114 
-2912.834321 
-1057.390075 
-313.550825 
-309.899178 
1082.607365 
1698.723203 
3186.860118 
4565.395850 
305.577591 
5016.957441 
3624.906952 
3064.036423 
2318.283356 
-6061.102261 
-4347.139131 
82.918272 
-3192.504422 
3542.224336 
3102.203953 
-17.510838 
-8239.513478 
1927.339939 
-2549.976633 
1921.603223 
1634.280640 
-3101.244758 
-3050.462771 
456.383568 
-1972.285052 
145.051278 
3755.472612 
3613.967622 
-4336.929819 
991.651461 
2410.088367 
-1229.637247 
1842.686810 
-480.948000 
-479.955566 
-4010.791219 
-1514.633565 
-908.080020 
-1093.965388 
170.793877 
-1771.637172 
-679.466932 
-1894.537012 
-86.577133 
1944.852481 
-714.400392 
1055.423178 
-3253.823058 
-3134.688375 
986.804927 
2583.018849 
-1514.744975 
3494.236128 
6238.225679 
-3680.902549 
-2400.288145 
-66.237250 
-1971.788691 
809.367265 
981.866126 
-6924.370692 
684.739427 
-1222.483268 
-936.655164 
-1806.635478 
2724.499175 
4093.445082 
2492.006527 
-1035.344205 
2840.972209 
1664.984305 
2971.639252 
2971.635482 
2546.315672 
-667.895499 
5762.771456 
698.587969 
-74.023613 
-5195.745777 
-2131.017600 
1817.269459 
3661.341174 
-3360.733209 
-139.991288 
-3397.451409 
-1104.404226 
-2812.265752 
1341.925977 
-50.428104 
401.531343 
-2883.291574 
-4832.702076 
3363.550605 
792.560956 
3471.183880 
-3195.858513 
5454.170973 
-2131.331057 
-405.442992 
2971.508044 
378.827348 
-2479.957937 
1664.903964 
1063.831013 
-3274.712960 
-2609.191846 
1975.209209 
-5665.726515 
-1973.544535 
-1965.221670 
-4046.947154 
-702.584806 
-2855.741125 
-2188.262250 
-1141.314096 
-1951.123479 
-5046.822440 
-523.193223 
2520.162079 
600.652244 
676.816391 
-2468.594936 
-1711.283066 
443.850499 
478.340385 
-1660.588790 
-3393.825585 
-90.908891 
-2248.023571 
1005.819546 
-1200.434809 
-1198.994667 
-4145.493862 
111.919927 
-3008.333966 
-3516.979786 
1887.159052 
-1205.069216 
-1773.088499 
-425.695955 
-2649.126502 
-303.660971 
862.983025 
2275.023015 
-639.399379 
983.501346 
-1270.708975 
-932.225569 
-687.012135 
-425.685380 
1598.630456 
126.652308 
-75.446450 
-3674.780787 
2318.262752 
-1598.482595 
-623.471874 
-684.441392 
-4238.585539 
-4705.214415 
358.280879 
189.610704 
-1744.772144 
-3491.843294 
2034.614419 
-1007.940592 
96.967098 
233.882562 
-615.469065 
2338.959324 
254.881680 
2579.562178 
-7661.275900 
4825.316976 
254.112396 
407.176924 
-2443.791868 
1525.413957 
-3208.394557 
2381.146748 
358.289281 
-1826.151106 
-5317.560367 
-792.505190 
-3707.275538 
-2657.270480 
-5331.629073 
48.857908 
-1607.579586 
1272.936219 
-1304.489940 
-1608.218370 
96.948770 
2579.576931 
1594.816713 
38.887958 
-2305.266655 
96.970671 
96.999300 
1874.019184 
-1026.787628 
-346.741328 
-2822.690868 
1276.628976 
837.484896 
1534.171161 
-1405.605450 
-164.303742 
-1325.269939 
-953.184900 
1788.917412 
-2041.840872 
-710.148837 
-4897.297809 
891.091301 
2971.543456 
381.815729 
-1704.564152 
-2402.610394 
-68.832524 
-1166.413199 
217.441711 
589.178481 
-923.371322 
4156.291236 
-1955.437125 
597.356849 
96.925725 
-1844.804978 
2763.189155 
-1102.682379 
824.338819 
-3187.236685 
-166.677328 
283.279830 
-3400.685592 
-906.613150 
-2195.763445 
189.161253 
-97.343537 
96.953995 
-4591.543851 
-292.484219 
1641.577127 
-6907.894259 
-2628.457039 
-2282.774463 
-2405.773905 
-1353.256816 
405.629601 
-3502.795220 
-33.733946 
-3098.337393 
-1728.643658 
-164.384616 
115.546453 
-1922.166243 
227.599623 
227.582390 
-477.020566 
-3604.075428 
1256.854829 
1827.980447 
1396.910548 
-3091.356085 
-164.414214 
-141.942277 
1534.204266 
-799.703752 
-771.377799 
-485.875279 
-4150.305467 
-4859.977143 
463.917478 
-937.527632 
-1686.056394 
-1849.813441 
-89.980535 
-2677.937186 
-667.712919 
-2414.330103 
341.525966 
-556.384852 
-1554.493767 
883.866786 
-1746.253807 
-4177.551689 
-433.843537 
923.577013 
-425.694401 
-425.720752 
-1862.234366 
-295.039269 
3448.924783 
-235.579565 
-1325.651607 
36.027981 
-2772.680956 
1889.705327 
-1862.976437 
647.280536 
-1212.503220 
-1329.365153 
-5989.784553 
-1863.012983 
-2474.621413 
2415.403671 
-1826.967647 
-3794.687526 
-3276.480325 
605.158563 
-657.284511 
-1269.161537 
-2551.907917 
-280.193137 
-625.424750 
-1862.993450 
2461.040213 
-1022.904652 
-1862.986171 
496.642701 
-1863.000441 
-5503.559716 
196.628721 
7022.133930 
-520.016178 
2660.864459 
495.100643 
-2265.155491 
-4394.728560 
1760.732174 
5302.014805 
2448.884573 
-581.107463 
-3194.752641 
-3873.058077 
4019.533875 
806.465187 
1954.504475 
754.177088 
-3942.755941 
1752.841997 
-948.364393 
1416.473316 
2717.265040 
2710.228927 
4170.202293 
3791.665516 
-9038.379612 
2800.944845 
4805.677991 
2018.290537 
180.793457 
-685.366313 
-1413.122979 
58.215329 
2302.225465 
-983.763323 
441.713207 
2994.463967 
1992.928812 
3413.490511 
4670.204096 
2066.827636 
-819.075484 
822.097831 
3586.383266 
1986.918325 
4534.512909 
-3454.592152 
-320.644729 
-1841.481117 
4408.898238 
-1769.123992 
3119.669906 
1777.203992 
1018.012388 
-4966.273439 
2477.726677 
-2797.436681 
2187.586323 
3331.922679 
702.827236 
1764.792274 
-146.453177 
2458.443707 
3170.975061 
-316.130928 
3753.734445 
-2573.229504 
1932.445643 
1219.241311 
298.101586 
1149.395965 
57.223357 
-514.837193 
-259.795855 
2020.907092 
-849.639892 
2854.461588 
10619.752370 
-3.308788 
909.086209 
2701.921937 
2684.579759 
1347.238701 
-843.947553 
3576.524708 
518.280949 
-1133.434525 
-130.941414 
9374.101378 
826.350051 
28.109794 
-789.006067 
227.628172 
3452.355522 
-424.003410 
715.125499 
5976.852944 
-1986.231378 
61.645662 
496.069205 
575.321066 
-636.535008 
285.588408 
1447.520678 
1246.740154 
2318.264950 
1171.011283 
-2188.463583 
-1921.912286 
800.764839 
-283.346781 
1664.936829 
-601.596532 
1808.363786 
-107.979520 
2356.099961 
-847.968922 
5715.560714 
2829.981926 
71.065771 
-1057.802387 
746.830806 
1085.870933 
880.978878 
-108.746192 
5454.200967 
3566.759921 
-774.940050 
43.602145 
1010.563704 
-1431.854227 
2832.035847 
-1503.209494 
-4437.065947 
-2900.068032 
-1827.077499 
-1067.100842 
-749.979360 
-5774.017117 
1565.382076 
1713.144018 
2704.364293 
1150.414230 
-2483.136371 
-3045.983129 
16.302734 
-5729.989184 
-3856.722953 
-2126.013827 
-727.319672 
-3066.218631 
-1391.330658 
463.333864 
-955.745886 
-2454.928003 
-646.047748 
3007.024601 
4800.845416 
-1059.064948 
2321.274390 
-3149.263109 
3102.180609 
280.451744 
-5094.278127 
2719.167499 
368.821611 
706.640251 
-672.468447 
-817.124159 
-4468.796193 
1102.586329 
-138.858534 
-1897.658273 
313.911029 
-2133.897439 
3232.892740 
4278.209432 
744.499312 
3681.859168 
501.216142 
888.744730 
3354.032795 
600.423716 
-5458.736003 
-729.255302 
-3764.221588 
647.772906 
-3570.298071 
-376.928506 
-5725.528450 
-2407.944754 
-30.061219 
4780.848926 
1802.725685 
-183.179621 
3886.203292 
1270.115127 
2056.934553 
1120.420860 
-1296.307655 
1455.578420 
-3401.697915 
-35.322400 
2840.925153 
676.317692 
-5013.040446 
1778.672949 
962.525541 
1742.397230 
-769.830189 
-4457.456290 
132.306445 
-70.632145 
-2677.049785 
-467.299963 
3494.245064 
2139.904916 
-3587.751121 
-983.460864 
2224.165192 
-2106.401302 
456.870390 
1265.541052 
1531.061118 
-2423.636390 
-4284.862517 
-281.367683 
-647.689990 
1129.138397 
-3356.593205 
-4824.941751 
-2806.286630 
-172.415794 
2029.923564 
1126.537922 
-184.397218 
-406.656352 
-2481.018489 
1171.371761 
1913.622943 
-323.527430 
3232.900909 
5454.188518 
-4311.408660 
-18.367864 
-1535.658094 
-4053.020145 
1743.032284 
352.951519 
-5011.672471 
615.846044 
-3144.616236 
-2520.942874 
-3192.812837 
1488.705486 
2.451567 
2727.544785 
-4030.327436 
2318.259000 
1664.922615 
2187.578403 
2187.586349 
2325.278027 
-425.452794 
1058.325495 
-877.330698 
393.602542 
-3713.261352 
1170.521467 
381.203740 
3846.734028 
-5539.954074 
-2564.856396 
-1074.711517 
-783.962022 
-4454.749322 
-1980.401224 
1316.031148 
900.259871 
-303.222414 
-3528.173844 
2056.938600 
-794.556804 
1886.520139 
1765.813654 
6499.516183 
-643.332439 
-2183.492697 
3886.249712 
62.483410 
345.844021 
2187.603664 
924.522109 
-1237.950043 
-3386.025243 
2579.586299 
-1413.291413 
3174.769407 
1911.479757 
102.171228 
48.580801 
-1610.760413 
-1190.189168 
-1326.919871 
-3794.242450 
857.653501 
341.370835 
870.001553 
-885.191539 
-5130.909071 
-1346.897988 
-1043.591019 
-347.406133 
-1371.185800 
-1708.399686 
-1984.700192 
-2775.848400 
-1353.219371 
-1843.593550 
-1058.640336 
2107.416658 
-5774.274041 
464.405505 
-2359.863463 
1054.850100 
3336.855221 
414.886310 
-838.099337 
96.966395 
-1277.458193 
-518.946490 
320.718505 
2857.484846 
-170.944153 
804.322567 
-1476.238642 
-818.168705 
-33.711658 
96.957246 
52.327584 
-2184.011211 
-1189.152604 
-3117.409217 
2579.567501 
-99.009554 
38.527652 
354.313629 
-20.822101 
986.406051 
-164.372977 
103.050866 
-768.359492 
-1550.102340 
228.944390 
-544.908163 
-1637.149789 
574.253347 
-1149.844009 
1433.604917 
788.349633 
1011.607754 
56.129392 
-1454.679057 
4508.828703 
527.079509 
-3045.312312 
32.697565 
-2651.534557 
1048.237527 
-425.700274 
-76.727446 
-1731.344260 
-536.066752 
-2223.580078 
784.302586 
1080.446806 
-1092.078272 
-2710.644737 
1011.598229 
-131.362242 
-460.406127 
96.949833 
3624.883588 
-894.829598 
-124.822849 
-1608.558462 
96.938810 
96.959424 
3043.198512 
-1863.026067 
-97.104354 
-1779.530497 
502.462857 
2212.573970 
1272.930011 
415.439153 
-687.021961 
-1608.665615 
1086.080561 
-1425.471818 
1443.937715 
1566.886787 
-2331.754312 
-2039.660358 
2971.600968 
2765.663132 
-808.388020 
-1429.251074 
1259.736610 
-3148.578723 
558.851187 
777.199963 
1149.256757 
-114.881245 
-2303.059322 
1661.260551 
-33.721140 
1145.851985 
1675.060819 
-2421.424337 
1551.970832 
-3472.234103 
4117.504816 
1024.054255 
-163.133253 
-1953.022119 
-2379.750063 
1693.852451 
-422.353523 
-164.364805 
-2630.892525 
401.302373 
2727.089879 
-10298.986819 
-75.969159 
-644.010436 
-756.162251 
-1414.626504 
1618.354778 
562.323161 
96.965327 
1182.431706 
1700.207568 
488.948313 
-3329.092138 
-4514.435392 
619.627242 
488.974758 
-2340.107828 
-2816.281765 
-513.080874 
-603.541559 
-77.697939 
-727.179626 
96.966164 
-1479.290270 
1011.614031 
50.704079 
-733.202245 
1424.526428 
-3315.161374 
-2269.261932 
-312.931134 
92.340108 
-1663.239200 
793.196461 
-841.044441 
-2125.584114 
-548.793764 
203.165398 
-571.010925 
-164.362636 
1495.146601 
-2228.783562 
-2622.528697 
-289.819564 
-1189.805042 
1215.849094 
96.962930 
358.281760 
-3025.107750 
227.625292 
-2501.679399 
-1106.653351 
1963.179171 
-1568.058350 
-2747.753652 
-2598.422567 
-1863.001664 
72.410539 
2211.880473 
-2030.247577 
-4573.260998 
-1862.999613 
-1057.896920 
-4802.196960 
-3498.930924 
-344.956281 
659.625588 
-1644.333319 
-1731.455738 
-2881.255884 
-1327.579861 
-1745.308341 
-815.126008 
-1863.013919 
1624.639129 
-2680.371966 
-1863.019592 
-1551.547566 
-1863.011999 
-3987.679610 
-1438.191228 
-1863.000002 
-1790.659550 
-1938.821978 
-1833.481112 
-1744.466604 
-1900.696362 
-1862.999999 
-1858.666778 
-1862.999999 
-1961.675411 
-1866.512762 
-1724.632821 
-1934.207299 
-1744.136037 
-1857.086139 
-1841.836130 
-1805.780152 
-1829.562864 
-1862.999991 
-1869.708277 
-1817.442451 
-1732.335931 
-1741.188734 
-1760.790257 
-1830.465821 
-1879.189083 
-1836.679864 
-1835.323294 
-1738.996056 
-1816.086442 
-1831.293088 
-1898.059036 
-1837.776265 
-1860.097761 
-1853.708843 
-1927.408243 
-1861.668673 
-1905.993522 
-1862.999999 
-1851.718197 
-1811.866586 
-1931.119477 
-1922.483021 
-1871.710456 
-1727.949233 
-1856.577745 
-1873.576685 
-1851.915944 
-1732.335938 
-1776.085749 
-1857.125562 
-1753.394234 
-1831.007530 
-1862.999993 
-1835.679630 
-1832.942348 
-1732.335931 
-1770.986006 
-1763.416638 
-1820.996142 
-1775.046145 
-1822.181585 
-1958.847892 
-1915.617078 
-1748.822912 
-1901.911723 
-1866.354135 
-1808.309711 
-1955.198586 
-1911.874962 
-1920.259722 
-1773.993502 
-1767.790827 
-1812.959481 
-1811.825393 
-1764.049519 
-1461.752446 
-1884.527056 
-1830.132149 
-1651.752723 
-1911.509574 
-1881.721490 
-1717.846087 
-1914.477972 
-1904.797918 
-1814.211808 
-1790.883129 
-1862.999990 
-1865.946237 
-1882.744790 
-1869.020857 
-1863.000000 
-1855.430920 
-1889.825824 
-1811.955025 
-1863.000004 
-1894.347316 
-1857.671012 
-1876.117382 
-1876.192924 
-1817.179715 
-1861.769382 
-1848.589627 
-1825.368407 
-1863.000001 
-1818.314882 
-1822.220465 
-1777.896392 
-1882.621698 
-1895.340604 
-1862.999990 
-1897.817136 
-1872.089316 
-1844.489262 
-1862.287993 
-1859.855501 
-1862.999987 
-1879.244154 
-1863.563369 
-1860.698078 
-1877.003012 
-1904.102145 
-1863.000002 
-1872.151535 
-1863.000007 
-1859.706790 
-1815.779547 
-1867.062396 
-1820.449973 
-1874.424047 
-1843.997379 
-1834.737917 
-1851.515372 
-1852.208888 
-1849.872175 
-1837.552161 
-1887.142931 
-1938.512995 
-1845.096141 
-1881.384390 
-1881.177040 
-1863.000002 
-1866.393741 
-1934.647545 
-1864.106068 
-1917.591379 
-1896.720892 
-1911.702736 
-1845.971086 
-1916.931523 
-1868.544246 
-1869.319106 
-1937.211863 
-1856.710994 
-1887.469951 
-1840.173947 
-1732.335938 
-1825.102015 
-1870.533204 
-1865.999413 
-1862.999994 
-1881.109716 
-1910.543761 
-1669.558716 
-1890.673945 
-1832.680683 
-1919.790843 
-1816.421392 
-1925.689181 
-1878.522695 
-1899.189273 
-1829.625526 
-1763.397602 
-1940.397121 
-1732.335940 
-1862.999999 
-1825.800929 
-1897.817130 
-1798.428141 
-1877.529831 
-1895.824435 
-1800.173732 
-1923.203561 
-1857.333477 
-1895.915208 
-1854.285124 
-1848.270128 
-1852.634644 
-1875.135216 
-1910.178836 
-1702.623183 
-1843.770904 
-1929.001033 
-1757.948788 
-1863.000002 
-1855.937618 
-1863.000003 
-1832.334530 
-1974.474848 
-1869.292575 
-1818.067959 
-1880.538920 
-1862.999994 
-1854.321799 
-1948.461375 
-1806.631650 
-1909.838942 
-1830.897149 
-1823.905086 
-1925.912311 
-1896.182851 
-1865.947969 
-1811.496025 
-1812.205797 
-1732.335938 
-1836.343903 
-1863.000005 
-1822.793105 
-1757.326023 
-1905.710205 
-1852.174082 
-1790.500017 
-1908.189652 
-1771.593051 
-1820.807940 
-1837.494956 
-1874.946248 
-1882.477917 
-1904.874667 
-1860.511830 
-1871.135810 
-1877.122895 
-1796.243165 
-1858.612969 
-1836.514370 
-1885.127885 
-1890.006693 
-1809.319016 
-1839.795717 
-1875.634056 
-1862.999996 
-1732.335938 
-1974.597612 
-1840.612043 
-1825.108244 
-1855.597054 
-1901.751624 
-1825.633524 
-1953.690581 
-1902.378625 
-1822.416507 
-1868.444574 
-1854.392984 
-1898.523516 
-1820.618999 
-1909.135868 
-1807.212264 
-1862.999997 
-1862.999996 
-1863.000003 
-1862.999999 
-1758.442120 
-1900.826085 
-1825.247300 
-1855.320751 
-1851.386467 
-2009.888615 
-1816.015867 
-1860.588791 
-1753.828209 
-1876.991896 
-1886.769940 
-1908.140541 
-1827.800126 
-1899.091530 
-1852.498714 
-1864.835407 
-1846.684545 
-1873.324863 
-1808.148289 
-1863.000000 
-1861.668673 
-1865.762088 
-1951.777278 
-1732.335935 
-1864.248115 
-1783.108016 
-1862.999995 
-1834.014604 
-1824.497607 
-1862.999994 
-1863.000000 
-1806.893569 
-1860.739493 
-1732.335940 
-1866.054786 
-1859.706784 
-1846.557260 
-1898.393155 
-1829.072551 
-1838.543586 
-1857.802270 
-1896.148132 
-1887.675125 
-1867.447383 
-1849.759781 
-1901.084277 
-1823.014907 
-1920.274971 
-1830.358944 
-1888.430806 
-1796.114694 
-1813.075268 
-1870.810582 
-1893.373931 
-1789.071430 
-1807.234668 
-1773.142597 
-1885.350070 
-1817.179718 
-1862.705909 
-1902.211405 
-1770.809550 
-1867.815267 
-1860.097766 
-1875.957534 
-1831.759848 
-1863.000001 
-1933.929958 
-1792.656296 
-1846.533992 
-1906.775326 
-1830.358949 
-1854.420439 
-1792.958859 
-1893.772843 
-1862.999997 
-1863.000000 
-1854.478761 
-1838.974803 
-1743.642832 
-1723.624994 
-1862.999996 
-1874.033793 
-1771.083009 
-1828.208620 
-1858.946032 
-1854.343108 
-1863.000004 
-1790.558262 
-1833.428646 
-1875.322613 
-1843.997520 
-1804.789659 
-1863.667500 
-1885.762638 
-1809.758576 
-1845.959023 
-1897.874129 
-1863.000002 
-1863.000008 
-1863.000000 
-1881.401386 
-1860.602449 
-1862.644668 
-1797.404553 
-1930.399648 
-1851.800396 
-1863.000001 
-1875.196825 
-1886.170933 
-1866.352420 
-1822.513109 
-1891.628032 
-1871.710461 
-1890.723152 
-1841.660026 
-1862.999995 
-1859.490687 
-1885.940198 
-1863.000005 
-1863.000004 
-1886.873882 
-1832.159156 
-1851.800405 
-1862.999995 
-1863.000000 
-1778.200365 
-1863.000002 
-1890.525751 
-1843.534171 
-1872.197434 
-1817.613313 
-1862.999997 
-1863.000000 
-1863.000006 
-1860.856171 
-1921.512949 
-1866.843994 
-1857.075833 
-1868.507283 
-1853.030531 
-1820.634703 
-1993.664074 
-1878.839276 
-1878.668489 
-1882.621700 
-1851.791340 
-1837.800715 
-1912.457637 
-1756.663292 
-1840.618234 
-1863.000003 
-1856.475024 
-1814.739399 
-1862.999998 
-1828.800246 
-1832.399009 
-1851.569377 
-1857.664342 
-1758.831632 
-1876.495948 
-1878.452907 
-1810.088482 
-1900.850770 
-1843.046851 
-1890.116818 
-1890.369487 
-1863.000001 
-1891.027543 
-1762.328884 
-1928.490015 
-1977.841461 
-1890.230331 
-1901.016702 
-1889.653025 
-1813.091073 
-1860.715520 
-1840.126200 
-1862.999999 
-1828.000758 
-1851.810143 
-1862.999998 
-1844.710111 
-1923.963070 
-1862.999999 
-1862.999999 
-1873.508115 
-1865.291019 
-1881.027280 
-1893.528439 
-1821.997495 
-1938.360920 
-1863.000003 
-1841.493567 
-1863.000001 
-1827.514904 
-1892.287639 
-1849.123711 
-1906.078422 
-1839.246575 
-1870.096009 
-1894.633451 
-1891.913285 
-1847.771101 
-1869.117168 
-1833.105692 
-1792.569381 
-1871.574336 
-1844.604655 
-1862.999998 
-1839.376961 
-1853.501894 
-1802.787449 
-1898.393155 
-1888.946915 
-1832.224374 
-1862.999996 
-1863.000000 
-1801.634288 
-1863.000001 
-1920.988837 
-1778.901804 
-1810.720001 
-1889.960003 
-1869.197616 
-1817.522272 
-1863.000000 
-1861.184014 
-1829.879642 
-1841.839274 
-1930.060588 
-1862.999998 
-1881.834578 
-1829.560178 
-1837.577986 
-1880.489592 
-1887.240435 
-1808.635459 
-1868.758484 
-1857.836923 
-1860.410541 
-1850.167697 
-1873.603882 
-1862.999999 
-1865.720844 
-1790.214654 
-1863.000003 
-1872.056266 
-1862.999999 
-1867.105032 
-1871.994657 
