22.194475 
94.687774 
155.960083 
337.792700 
399.839237 
508.677244 
531.458005 
361.852539 
296.647577 
144.402314 
-13.382520 
-7.006842 
-124.959598 
-182.436740 
-182.974501 
-147.433260 
-179.851871 
-159.675126 
-160.774092 
-159.503829 
-137.656479 
-69.289241 
-73.145854 
-11.236142 
-19.066275 
-67.763477 
-88.013991 
-7.086508 
-76.276989 
-44.446489 
-17.869546 
-13.928868 
-20.007702 
-59.190249 
-137.944816 
-67.390097 
-79.197768 
-109.767962 
-69.288715 
-97.477783 
-36.388459 
44.626599 
112.688630 
100.855255 
34.393095 
118.932861 
108.659569 
202.475847 
113.679980 
183.211937 
269.990849 
27.701463 
14.844537 
-3.534013 
11.516332 
32.828170 
-69.288432 
-53.504901 
-151.131019 
-146.945805 
-173.869383 
-185.792007 
-59.989257 
-44.890216 
-88.314476 
-124.198760 
-197.851690 
-206.575800 
-168.110631 
-205.353063 
-264.525695 
-112.198591 
-84.961127 
-73.319792 
-152.098579 
-96.084344 
-216.999076 
-69.891503 
-61.152637 
-100.042032 
19.085794 
104.755096 
74.442178 
-63.179793 
-36.034580 
-3.601324 
23.273610 
22.194549 
-31.995277 
-43.517962 
-54.582122 
-54.042540 
-50.800780 
46.785194 
140.134367 
296.647963 
304.194876 
223.209661 
369.093486 
339.337450 
255.533519 
241.002820 
180.267101 
114.950913 
22.194992 
-79.631380 
-148.916194 
-223.860786 
-194.031574 
-245.136515 
-252.258249 
-216.078764 
-193.077411 
-124.898604 
-184.075776 
-163.179279 
-69.288877 
-146.292583 
-105.702571 
-154.515297 
-82.915142 
-35.770539 
-69.287322 
-14.198371 
-69.289375 
-61.667685 
-60.508454 
-47.509096 
-34.841878 
-70.312807 
-72.593350 
-152.848579 
-201.531628 
-156.324193 
-87.964275 
-239.828355 
-209.573446 
-180.088356 
-178.706856 
5.696538 
61.689249 
-32.124144 
112.204823 
173.093031 
151.140366 
175.517893 
184.026923 
27.277947 
59.439084 
4.445094 
5.842153 
1.736022 
24.492211 
-61.904149 
-42.146366 
7.279359 
-69.290479 
15.866406 
-113.083180 
-212.574838 
-69.290380 
-130.941675 
-97.626554 
-43.272274 
-24.955544 
-27.364052 
-50.785718 
-127.444957 
-165.460511 
-93.320245 
-26.101196 
2.689779 
11.836728 
14.480603 
22.194733 
-0.676167 
-21.993213 
21.373534 
14.942711 
-20.087157 
42.232368 
34.627449 
66.729765 
132.937259 
83.797864 
28.045293 
54.005723 
36.947424 
-37.721282 
62.943527 
34.939253 
96.822803 
88.411072 
97.961509 
22.195584 
31.804333 
22.195509 
-27.514608 
-102.536574 
8.320334 
53.145520 
161.006244 
296.648973 
340.552533 
404.344490 
456.252781 
387.788341 
222.140507 
140.079454 
16.061060 
-103.745289 
-149.939324 
-147.918139 
-205.124274 
-206.514736 
-235.501970 
-246.158670 
-258.053778 
-219.363593 
-219.610314 
-328.700126 
-185.333077 
-212.111383 
-144.171580 
-100.930414 
-113.293952 
-104.955399 
-96.987353 
-124.722642 
-100.884289 
-164.767251 
-76.104515 
-140.030594 
-170.573125 
-156.108175 
-170.686676 
-189.183490 
-100.671739 
-117.600133 
-71.285427 
-69.289129 
-69.289106 
-168.361080 
-73.726415 
-125.955992 
-72.928453 
-60.503715 
-23.150870 
-111.000536 
-27.934221 
-53.313691 
-81.637121 
-60.566549 
-47.611788 
-24.573383 
-55.600460 
25.392257 
-23.546430 
22.195599 
-69.288885 
-69.288792 
-118.494985 
-86.517726 
-60.764112 
-108.873741 
-124.216029 
-90.456273 
-56.407954 
104.247748 
213.848463 
209.050484 
254.113434 
331.530031 
324.176510 
307.037560 
222.481010 
60.939654 
78.133904 
-22.998467 
-66.268063 
-69.288608 
-127.989928 
-124.856239 
-131.653164 
-160.772719 
-91.446290 
-101.728034 
-69.288340 
-28.710003 
-97.054447 
-69.288221 
-102.832249 
-137.105126 
-99.616442 
-140.760062 
-139.579007 
-61.664580 
-87.926769 
-108.728047 
-49.740955 
-11.245075 
-46.142636 
31.838693 
90.639315 
66.490951 
88.622651 
186.877095 
114.175063 
49.054652 
36.878588 
0.201420 
41.113907 
-19.107226 
-43.112712 
-64.768311 
-33.370567 
3.112573 
64.365148 
5.318592 
26.822986 
-72.978866 
-17.412291 
-70.617802 
-102.439300 
-59.191054 
-116.339009 
-66.136567 
-69.289328 
47.354430 
-28.854344 
-97.121553 
-53.101826 
-54.606126 
-106.642141 
-11.372610 
-65.989799 
-69.289603 
22.194642 
15.315873 
-32.559272 
-43.977308 
-5.248862 
-23.547409 
26.491546 
49.873138 
-2.550404 
-14.969567 
4.299914 
-69.289378 
16.858673 
-49.891295 
-19.535113 
58.693974 
166.702228 
229.488232 
409.165494 
385.079687 
462.603665 
358.086458 
296.648471 
208.022284 
36.490068 
29.397345 
9.648759 
-125.832916 
-124.658095 
-165.767849 
-158.782814 
-69.288943 
-148.852040 
-97.344584 
-160.823681 
-94.634681 
-113.208497 
-230.968165 
-182.710802 
-46.124344 
-160.773731 
-74.016333 
-114.135264 
-115.031314 
-115.031140 
-141.950468 
-117.037458 
-88.647739 
-115.030534 
-69.288773 
-130.297901 
-102.832131 
-22.730743 
-35.358686 
42.674497 
13.195672 
-115.033932 
-60.711179 
-69.289360 
-46.526919 
-43.422709 
29.736451 
15.647078 
38.610607 
20.714571 
33.159019 
67.936157 
-30.817477 
-19.658203 
-47.656998 
-7.527915 
-18.711724 
70.821265 
55.033772 
58.869098 
138.873291 
22.294024 
-14.980078 
22.195231 
-93.393757 
-32.651679 
-1.117724 
-25.183380 
-41.877247 
8.087850 
-52.699186 
31.730338 
-60.632304 
-133.582254 
-61.598991 
-34.960162 
22.195126 
-24.165122 
3.356809 
28.537991 
129.224956 
95.346162 
79.221850 
20.399627 
124.548529 
132.979008 
155.531819 
22.195017 
112.575382 
116.440214 
113.679792 
102.158092 
140.491378 
113.679590 
67.936803 
52.026345 
40.388740 
109.471016 
47.680447 
152.159513 
-3.430718 
67.937466 
78.533420 
67.937616 
-63.110209 
-57.950552 
-87.693098 
-18.099376 
-8.943287 
156.383777 
272.311254 
447.189643 
566.103425 
561.895428 
536.863279 
401.507213 
247.741752 
16.210209 
-115.031099 
-174.384443 
-185.521817 
-213.287580 
-200.212778 
-250.536317 
-161.090217 
-206.515689 
-206.515683 
-163.980732 
-160.773132 
-276.469779 
-170.552184 
-181.520993 
-111.167840 
-145.023044 
-92.104312 
-69.289244 
-85.196649 
-68.999739 
-97.329878 
-143.530157 
-146.478254 
-47.696237 
-50.974824 
-62.204095 
-138.972264 
-156.872687 
-214.023971 
-151.342952 
-265.684834 
-94.384260 
-64.870869 
-21.140228 
22.195046 
72.764292 
59.566644 
67.937362 
135.455012 
67.937623 
63.717058 
162.106582 
22.198375 
-635.409820 
162.057469 
-26.075121 
48.033163 
69.729152 
-5.249046 
78.958763 
-160.774732 
-441.867801 
397.553392 
-378.651201 
191.540447 
-85.146383 
515.564756 
278.528955 
-57.468677 
254.146247 
22.198974 
97.209510 
207.165241 
22.195729 
-271.596955 
54.996533 
66.434917 
-58.139557 
-1009.890831 
244.397545 
-400.043472 
-66.321306 
-40.884061 
-247.461873 
-134.203315 
83.319116 
-210.219693 
452.602261 
-237.131571 
148.616737 
22.195909 
206.973866 
-119.768908 
63.850179 
-259.900391 
214.351056 
881.189565 
-89.798342 
-176.766153 
271.144046 
113.678594 
12.786361 
-336.791926 
341.691033 
201.519264 
87.945546 
146.626555 
-288.322480 
113.677135 
-171.028731 
-174.271860 
-343.861546 
-222.682559 
-207.763511 
367.848994 
35.680793 
301.228584 
-354.934339 
812.002648 
-483.055832 
-91.219839 
135.650356 
252.061494 
281.288568 
479.055455 
360.207472 
155.384945 
468.658572 
1231.494568 
-12.878373 
112.039697 
-366.273929 
519.638816 
30.120302 
69.012357 
-460.791055 
115.269214 
-60.859488 
192.418062 
433.875538 
-375.749418 
592.467797 
-54.072676 
775.414501 
247.017838 
-43.074070 
469.646420 
616.841035 
-266.728146 
-474.474349 
373.625999 
316.297166 
-384.346867 
-605.871905 
209.344861 
94.615074 
571.115966 
205.847751 
-586.858899 
431.329062 
6.207038 
-50.407246 
159.434135 
878.437469 
122.999523 
-263.717491 
-328.829269 
491.069672 
296.649311 
345.821357 
-964.514553 
-619.857404 
308.247419 
-210.372476 
67.932640 
-587.695619 
296.658785 
-538.401754 
439.696633 
-331.203602 
375.294229 
7.051073 
-332.095818 
-521.593323 
-589.919899 
221.430519 
231.451189 
-326.944758 
36.128089 
-490.855232 
143.230011 
-592.227152 
182.016614 
76.514859 
628.718141 
68.179679 
714.531406 
-1182.385340 
-1053.399350 
-153.806731 
-229.941821 
-68.554234 
-328.832315 
-6.912863 
88.808134 
-256.820770 
231.304348 
-296.249597 
113.682247 
35.327463 
40.820372 
-610.889851 
296.650723 
-149.919538 
194.617722 
177.395674 
-141.239328 
384.726947 
627.846681 
-1091.319252 
223.987423 
0.900300 
-463.064876 
637.985704 
-411.462813 
689.311870 
-69.287749 
67.944962 
545.498222 
-1509.098552 
-120.152948 
-201.302750 
150.338723 
365.267192 
84.463201 
-283.064535 
161.400776 
-276.387189 
-624.553867 
73.158411 
-523.627143 
-68.878651 
32.127489 
280.078395 
-199.185497 
-120.186113 
22.202107 
299.210913 
982.785491 
-556.434346 
-298.248531 
-316.381027 
182.738442 
-48.082069 
525.362511 
208.972325 
-292.517213 
-214.688724 
72.969680 
-407.472907 
-37.146889 
-460.580274 
-261.076192 
-809.035111 
-389.911717 
23.182413 
388.129962 
435.639416 
-84.547634 
-261.930329 
660.922518 
-176.941750 
101.850790 
-306.078287 
42.689138 
-190.321115 
83.638127 
-11.929108 
465.796672 
447.733833 
-486.151975 
188.749552 
4.322677 
92.831339 
-162.293121 
10.126448 
189.219752 
-426.311690 
620.921535 
1015.998893 
-72.567309 
151.262910 
-252.262275 
22.188186 
-255.722958 
-580.798697 
121.164742 
200.835302 
-154.470622 
629.941020 
-224.393061 
568.349831 
323.470453 
611.525586 
-10.446836 
315.359705 
-478.227133 
235.944122 
-565.826208 
-69.293062 
342.393476 
-69.293658 
525.362778 
1512.731464 
-421.006357 
431.425264 
87.362156 
416.703612 
-645.175222 
131.152220 
-82.884240 
563.362338 
-630.606369 
-257.186490 
223.049953 
-152.224558 
-419.387260 
30.989542 
17.697065 
109.723211 
-359.991362 
386.105635 
159.424254 
-383.508005 
-239.760367 
-199.793208 
22.196700 
239.582090 
-183.089326 
708.325300 
472.735384 
-419.409380 
113.679013 
141.115379 
-556.823303 
-16.317702 
-975.564767 
-417.799648 
-446.914669 
-212.108632 
-295.704111 
314.176243 
-308.469406 
-122.721905 
438.640872 
710.935684 
-58.382050 
-69.767591 
399.092987 
-347.725319 
215.703248 
886.202289 
207.931527 
157.049576 
-146.280608 
-134.784326 
-409.058283 
-46.576201 
260.928391 
53.596621 
-153.930336 
-338.609826 
-712.156392 
-12.839511 
52.959022 
-87.028004 
327.275049 
-121.395636 
-135.568524 
571.102427 
-184.255423 
416.160707 
88.928946 
135.190807 
-989.237069 
202.310943 
-269.162889 
-239.486690 
22.196716 
433.876630 
-52.303610 
-267.203665 
326.509238 
-5.245828 
-69.287672 
-156.627377 
211.294341 
-395.771494 
-808.839769 
202.932494 
342.393200 
-180.858267 
-285.559207 
104.239843 
-156.147326 
-353.891796 
72.433199 
-226.312692 
-479.847942 
-153.352273 
-402.639316 
525.359828 
-315.158525 
42.206353 
147.469828 
-333.808588 
-321.186659 
267.668666 
-147.827154 
220.987004 
525.363397 
265.932725 
-279.649279 
124.247338 
-180.109486 
-523.910244 
-591.273728 
-621.643618 
-45.013146 
250.907161 
121.981618 
-145.539884 
-69.296274 
113.680692 
160.662937 
-20.428791 
-721.298174 
479.605852 
571.088233 
246.782838 
-883.501118 
-22.584001 
106.057764 
-39.612547 
72.561532 
-206.524149 
-140.754435 
159.425626 
1.706380 
324.096516 
358.301952 
298.212861 
150.047460 
63.500058 
-22.750387 
-23.544541 
-92.789059 
150.597731 
-188.953379 
-125.565737 
6.732153 
-498.911097 
500.166904 
3.865356 
631.679262 
-309.133092 
220.552925 
113.683374 
-470.959552 
1664.139398 
35.045938 
490.701982 
-755.208082 
-192.536872 
87.934735 
-305.007956 
-76.991940 
-495.300352 
-489.771033 
266.186060 
-115.035116 
-256.602215 
-171.654798 
-371.983446 
-176.671147 
-118.144239 
-166.968692 
599.448439 
164.838664 
93.661881 
-52.295308 
-69.288117 
413.068676 
-224.048323 
-69.286298 
-110.118560 
-675.812471 
-69.287945 
-23.544580 
-431.971111 
-432.696143 
74.899182 
-510.981783 
122.128710 
-629.701874 
-23.547511 
-212.218374 
-69.291930 
-139.257304 
-221.570784 
139.085377 
85.320494 
-925.388185 
14.405073 
-596.504652 
127.908982 
-32.484507 
-358.311252 
-219.071232 
161.165481 
-720.363954 
-171.518739 
479.619344 
146.552667 
26.245011 
-703.897561 
-295.704248 
16.857521 
408.184307 
433.877695 
250.904313 
-114.422071 
-23.546190 
-105.489287 
-54.485398 
-148.518376 
-329.525098 
284.215846 
-469.883835 
-69.291042 
146.321615 
-196.508118 
-288.874609 
-479.286910 
-375.185804 
-95.456280 
249.198293 
156.233409 
159.355082 
-457.661154 
-143.204179 
-183.910211 
-18.170683 
-123.884100 
-141.891685 
773.106880 
-69.286340 
-243.811248 
165.049509 
-23.547346 
127.662530 
-298.001601 
-476.760145 
-0.598756 
754.075624 
-85.799900 
-42.315645 
674.120986 
663.346975 
-756.134662 
43.542479 
135.536612 
342.391051 
-612.491385 
277.679957 
-291.820068 
94.655218 
320.928080 
399.051105 
730.745576 
-54.286871 
80.597948 
296.649030 
20.765007 
-429.526120 
799.816969 
202.450180 
501.167305 
140.242621 
-68.845302 
-991.291113 
-56.471276 
634.806120 
195.498121 
414.106553 
-209.413985 
126.384988 
491.986186 
105.385946 
521.443323 
558.531112 
7.047853 
250.906233 
394.452895 
69.841223 
-803.670655 
79.428064 
101.437499 
1209.880653 
339.791744 
-444.010071 
192.682135 
479.613180 
-153.111891 
931.285108 
578.273810 
811.658447 
-232.245396 
415.969005 
-33.113148 
1806.139184 
268.963478 
-58.782023 
-59.966668 
54.021893 
276.745462 
-784.168188 
618.704033 
348.652209 
-66.628550 
233.824001 
-398.211505 
404.462239 
334.957134 
406.392442 
-309.075153 
-117.354259 
113.988089 
383.841958 
221.515391 
168.759504 
-499.658051 
533.794810 
-332.795484 
396.282912 
483.517946 
-15.070240 
94.505283 
-76.732527 
546.918914 
-257.454037 
1348.720208 
-830.693330 
279.316651 
519.026277 
92.331916 
394.643249 
-327.578167 
174.712538 
479.616598 
-286.994630 
-64.077539 
-19.409583 
474.831852 
-388.235498 
-472.425956 
199.756888 
-546.939608 
388.131206 
497.813600 
-720.427145 
522.638937 
-365.093552 
622.608452 
159.419415 
899.909572 
12.821501 
-153.106653 
-822.141211 
118.255615 
113.677109 
274.457649 
-1074.920754 
-411.531640 
430.845566 
182.937150 
159.419982 
-921.011547 
479.617025 
-517.505835 
215.549982 
118.920196 
260.096969 
-90.555397 
651.191342 
-734.274770 
-157.876482 
458.986666 
299.491109 
0.015454 
-449.238613 
-555.807536 
-442.004480 
-249.041771 
-64.193649 
-303.719504 
-147.003512 
-879.548292 
116.271504 
-1550.911523 
-990.449139 
-464.244982 
-199.076834 
-58.384277 
-173.865424 
411.409878 
979.842859 
-185.160440 
460.065400 
-270.372705 
205.167477 
-281.882926 
174.927928 
-411.979986 
525.360507 
372.911092 
-376.022033 
-403.088915 
-65.802486 
-337.708118 
403.570151 
-1046.345958 
124.159945 
-396.123250 
-262.845105 
324.262073 
21.839465 
232.673782 
-69.289341 
136.561286 
136.237172 
-1266.442299 
-12.210823 
-639.338742 
23.592358 
995.076051 
-489.993902 
-186.502313 
-58.425624 
51.399259 
-537.369643 
355.620297 
401.906432 
-153.785645 
444.164815 
-54.884016 
224.304609 
313.429150 
1028.523435 
630.894636 
982.782639 
-1100.003642 
-1.475044 
-210.817997 
56.345337 
129.631622 
250.905695 
-391.461738 
-841.205776 
-389.245740 
-575.880165 
-181.477298 
526.049243 
1.790492 
-364.177493 
-459.531447 
-264.308419 
257.200116 
799.810095 
-233.492274 
-81.486859 
-388.487597 
190.429945 
191.246958 
426.201287 
-201.132674 
442.797699 
-387.282697 
-132.106366 
-9.428499 
-176.443119 
-20.626450 
-539.029403 
46.861268 
292.786309 
192.539931 
-254.432168 
-382.893783 
135.244732 
-18.491681 
-48.271720 
322.414649 
-380.051735 
72.429505 
479.619499 
1074.268486 
-785.902979 
-100.903117 
-636.242620 
-351.020990 
-254.392738 
14.889064 
-1386.678002 
256.463173 
-278.704098 
446.046893 
-157.077519 
842.466699 
-480.814194 
-134.887618 
-10.072183 
525.362321 
67.940710 
1165.753284 
205.167869 
1046.289202 
-397.023422 
484.129309 
-389.495788 
812.829152 
-940.860357 
-725.505924 
-220.019971 
446.093656 
-709.596821 
4.136113 
74.957014 
-389.047391 
-580.082037 
61.821171 
-704.436603 
227.424550 
-377.877885 
501.539771 
113.679444 
119.407002 
416.292154 
-301.000418 
1714.656828 
-277.640904 
-936.426195 
342.389865 
178.182325 
-159.657131 
616.844845 
-249.210088 
-36.037982 
-399.600734 
-621.051328 
244.818524 
168.630539 
-104.257322 
-528.077735 
492.403447 
-524.525538 
317.497677 
626.676122 
644.708862 
-171.036161 
614.387863 
-89.045869 
-154.545590 
451.732113 
317.165764 
-56.705689 
20.294856 
-503.984633 
-477.867422 
-393.592874 
-24.613025 
34.294509 
108.988009 
-566.801516 
-388.232920 
-704.121331 
984.024823 
-73.567123 
186.067015 
-191.094086 
-396.426181 
249.129646 
1257.237365 
-1292.176617 
510.448080 
10.453123 
78.427385 
-1009.357228 
606.264658 
-248.455511 
-550.443099 
250.910409 
159.426312 
142.482489 
-384.905245 
61.069446 
-346.792180 
388.136430 
59.037282 
-618.290327 
274.097629 
-1025.506124 
39.935988 
799.815952 
385.855556 
-66.374778 
-420.712656 
-224.228363 
362.953406 
339.755770 
122.307125 
-361.067910 
-14.021866 
-110.447354 
-69.290547 
-315.148893 
-492.403131 
-38.495135 
-382.620343 
-297.652373 
-128.900072 
-746.221044 
274.175089 
479.617037 
-389.237472 
-914.725790 
-2.112221 
74.155663 
-131.986601 
-1121.020959 
-42.536658 
-51.643452 
67.938899 
-178.992327 
51.524786 
-23.543816 
-23.550579 
-184.202115 
-239.280735 
-119.209277 
250.902053 
67.934101 
232.106324 
-297.999795 
-467.057777 
333.413825 
361.852960 
-10.702350 
67.937577 
-626.770261 
-160.776724 
45.290838 
508.570712 
222.904331 
729.388174 
-306.899259 
-440.996899 
379.766035 
22.196691 
240.831972 
-290.446049 
-218.713957 
-915.933859 
-75.117779 
-751.647479 
30.091301 
-313.194895 
713.692923 
-56.875735 
111.645468 
67.937161 
173.341825 
990.579328 
405.511230 
280.117175 
-252.251130 
-84.038202 
165.657214 
-188.782367 
7.166022 
-256.053859 
-114.845411 
213.495617 
-23.547029 
-687.503858 
216.930347 
-225.954320 
316.481249 
588.048743 
-230.552482 
209.234009 
5.598783 
286.618186 
-109.326478 
-115.030543 
-66.875439 
-770.107155 
-69.288026 
-29.976912 
-682.015193 
525.359206 
159.419386 
-593.508109 
-484.006470 
-205.726730 
-394.601378 
72.510367 
-904.743698 
-160.776596 
-305.488069 
-69.289661 
-355.384957 
-33.315796 
-287.739909 
-75.495806 
-849.337516 
150.460239 
-999.003303 
-215.827181 
80.165402 
343.616770 
-286.873414 
-255.380616 
-246.625589 
85.090421 
-69.292137 
102.087369 
232.097183 
-728.947145 
-482.338634 
70.213349 
760.087298 
-69.287331 
67.935807 
-652.576605 
-69.290083 
-78.639401 
-702.865056 
-372.425481 
-441.478381 
-345.412685 
-79.790066 
-23.546982 
-256.957247 
-394.706783 
-492.703883 
-946.118201 
-326.590733 
-244.725137 
-190.095523 
-149.510460 
-533.231686 
-557.208778 
426.268473 
76.214164 
-428.306146 
-98.544148 
-58.086466 
-118.536104 
-23.545658 
59.203798 
-50.320730 
-297.999466 
59.807681 
-298.001318 
-580.306402 
-108.302795 
571.090699 
24.123054 
-714.831009 
590.421929 
-151.582206 
-628.066373 
-298.008368 
8.092834 
937.033324 
-675.675185 
411.144500 
122.491751 
1018.196005 
703.417816 
838.869547 
571.224210 
440.160346 
178.583809 
433.862978 
228.792459 
415.781875 
479.613144 
216.234029 
611.929536 
-743.744092 
71.122774 
-615.351757 
1116.317730 
363.331680 
293.841648 
721.672767 
-55.872538 
137.762825 
-72.782192 
38.682425 
-40.746692 
222.104143 
-218.615087 
388.128744 
579.907127 
-24.561148 
605.274362 
620.599297 
-64.734424 
929.911550 
440.932808 
525.669198 
-364.361377 
525.352605 
-407.570626 
678.366487 
-747.622173 
601.853584 
167.998193 
188.293521 
-463.761005 
616.847243 
173.941381 
-630.312549 
138.603562 
222.122726 
155.877161 
-126.107830 
-288.836377 
127.638697 
-242.597512 
319.944590 
6.160973 
-498.579768 
768.698210 
-187.784685 
179.480030 
287.146147 
-159.474035 
189.831113 
177.605906 
1986.468384 
578.988646 
23.904443 
-558.892499 
45.609009 
657.393363 
-1.953450 
-221.572250 
-329.254125 
-152.981791 
-186.426944 
433.880552 
157.355963 
921.640796 
131.441564 
433.878517 
298.323440 
101.841679 
-741.436439 
525.366527 
-58.661518 
107.871401 
446.390901 
-14.275050 
-17.243589 
-255.230060 
179.803107 
-530.918379 
388.144500 
69.502360 
-1148.726016 
-440.492380 
478.196114 
-475.414379 
342.396496 
530.364443 
-240.774439 
571.240673 
-576.990190 
129.000567 
388.112837 
657.181414 
-964.327256 
74.565389 
706.435610 
-0.926767 
22.180082 
-264.787105 
1714.642686 
317.964375 
352.183527 
-356.267128 
1270.998304 
-595.020799 
502.345613 
-103.519985 
600.751289 
24.643739 
132.589138 
-322.545448 
16.692312 
-705.705614 
-482.896981 
531.597801 
-89.111858 
-83.591552 
539.518850 
-300.314326 
194.684779 
350.828099 
-189.835535 
-40.975323 
-142.135008 
617.751387 
54.178403 
287.590711 
130.445892 
-59.997372 
484.122049 
160.426065 
1623.168628 
216.700076 
300.236563 
-194.544526 
1348.720458 
228.445895 
-302.714732 
263.676119 
12.643740 
188.512425 
27.232735 
-457.562604 
232.021067 
-619.435608 
-817.827856 
323.950694 
-222.394216 
-807.283845 
-252.264532 
182.286586 
85.543195 
110.760894 
-576.565604 
-656.726802 
-41.413390 
-30.550135 
-905.450757 
-69.380221 
-203.958218 
-748.527860 
-352.968491 
-31.883068 
-32.455650 
-79.619162 
601.727321 
-184.763729 
-166.538507 
-22.025868 
571.099567 
101.736806 
1348.712296 
-836.165425 
-354.077231 
-302.417991 
27.257746 
-195.356085 
571.103626 
230.235160 
-2254.915017 
-1007.694739 
572.336954 
47.341174 
938.513097 
-606.103795 
328.685086 
33.562512 
3.232721 
-602.933000 
754.065993 
573.300359 
189.910868 
-279.062411 
440.381812 
-464.011034 
-469.444556 
-345.148974 
756.962172 
-93.446754 
-146.785980 
253.755133 
-301.926867 
-281.426545 
-232.744675 
273.314649 
167.364246 
585.314998 
572.196286 
184.951025 
186.158968 
57.328316 
-681.429932 
193.313147 
-310.956606 
-306.758264 
388.134927 
799.811314 
-822.034643 
-462.585849 
-174.670361 
-132.770310 
4.012787 
531.043618 
-824.595688 
-112.674582 
-419.015459 
-117.328343 
-676.400193 
684.188002 
333.190715 
88.883970 
459.333027 
799.813563 
616.842232 
1165.752711 
845.557111 
-640.636057 
-186.308383 
446.898703 
-410.398352 
155.835736 
35.553669 
-1018.132503 
102.283728 
866.310200 
-147.358536 
-246.458702 
51.387453 
-216.213247 
-141.270237 
605.228638 
-361.177801 
-136.006802 
-261.108638 
-288.630249 
67.935641 
-314.594680 
-423.069894 
-232.583690 
525.354136 
-53.727678 
-679.246633 
-69.287355 
-140.067843 
101.095288 
1165.744800 
43.531642 
-250.152135 
-421.060709 
-26.421122 
-238.943054 
-185.202685 
108.940236 
-218.730348 
189.329263 
-403.309147 
54.918044 
-442.384080 
-0.482469 
-672.241263 
-119.774169 
474.604613 
-365.266948 
-394.822590 
-388.464956 
319.236707 
-232.063216 
7.537835 
171.123358 
-191.150614 
266.784892 
-564.537650 
-68.813519 
-326.208813 
-794.867293 
-889.736393 
339.028782 
-190.828120 
-379.130655 
171.179612 
58.019692 
231.410709 
1165.752816 
277.616773 
236.062956 
226.226299 
-79.051726 
755.096895 
265.529962 
-652.421986 
-535.406331 
342.395656 
113.681496 
197.258890 
-363.300090 
-662.874058 
-444.395801 
433.879940 
-787.013276 
-74.080171 
36.720873 
-305.614967 
-462.520149 
342.390420 
-291.295086 
-93.119472 
126.554671 
-521.198175 
199.652004 
158.726801 
140.437525 
-145.488884 
329.516714 
-154.414368 
113.679065 
-303.724247 
-438.079339 
37.005622 
1.440294 
-92.263019 
608.798621 
-74.848134 
300.330867 
-69.290463 
189.911172 
-675.176127 
52.839693 
-242.831465 
-470.379622 
-399.238140 
-397.349091 
480.253288 
-69.281528 
98.733468 
-49.851521 
113.680360 
433.885712 
204.192991 
320.020347 
-587.076502 
708.333019 
616.837903 
120.289864 
-834.726946 
-235.689847 
596.650568 
184.574349 
-530.265070 
159.435745 
479.614798 
-160.782756 
297.358557 
494.349557 
449.765455 
67.833301 
-481.486625 
-761.830159 
176.720240 
159.449400 
-550.856787 
414.614828 
-400.055564 
-813.231995 
-829.595201 
75.251992 
-481.351524 
8.818475 
95.633908 
-109.669546 
407.958051 
-115.032422 
-566.834077 
-474.294995 
-414.986219 
-126.481727 
-380.631345 
204.650833 
-707.802852 
-1343.437731 
-240.044457 
-251.831988 
31.667352 
175.396459 
-160.775717 
-468.573703 
-135.291926 
-259.230279 
-1387.609227 
321.316322 
-530.311030 
-220.718357 
149.958831 
-108.675004 
-522.683495 
-69.289323 
-612.942361 
-550.121428 
-69.285785 
-937.613851 
-189.967733 
-69.285953 
22.196690 
-232.375050 
10.447737 
-312.677092 
-28.941138 
42.977303 
-567.558857 
67.936196 
-301.937207 
-69.286543 
-215.107812 
-16.700812 
-564.840433 
-191.540265 
-484.498008 
-125.181147 
-283.367898 
83.197401 
-4.183117 
-218.145798 
-236.088683 
-631.201813 
-362.223437 
163.615884 
113.681741 
-193.879110 
119.879910 
-813.454950 
-310.215065 
388.718689 
183.139440 
296.650195 
433.873853 
-3.563349 
342.389593 
58.848605 
-319.787291 
-302.017816 
15.329788 
-245.376825 
569.164057 
-69.289374 
-149.119754 
49.878947 
-156.629163 
-529.277340 
-329.449211 
-206.618185 
287.621723 
-424.094916 
56.364780 
63.057058 
12.885400 
-493.170652 
-747.094525 
47.958596 
-175.968516 
44.265135 
-115.031279 
-97.462191 
-327.057916 
-298.003573 
-120.397562 
-297.997518 
-163.410937 
-554.888098 
388.148641 
93.564502 
-383.193091 
184.184721 
-727.181728 
-714.611030 
-737.120001 
34.271285 
616.846725 
-826.250038 
195.334560 
-328.011509 
259.488635 
50.742211 
303.938910 
439.650619 
-650.782757 
474.164868 
67.955504 
-11.966876 
504.592866 
296.655598 
170.836769 
365.129602 
-658.699544 
-369.483631 
333.307994 
770.741053 
319.874199 
-901.069812 
81.619158 
160.839884 
-139.089313 
669.044365 
-374.607299 
422.950905 
-59.878066 
-31.190254 
1257.242134 
1435.250316 
-54.830631 
-186.145629 
11.902129 
825.891417 
1129.202308 
634.629311 
-779.362032 
178.518496 
205.168958 
175.635902 
20.289526 
141.337563 
-576.824453 
339.519651 
-390.571984 
685.572791 
296.650794 
236.026173 
-165.499862 
-71.262623 
-547.249811 
283.775453 
-444.107774 
653.844007 
350.899502 
286.505448 
38.557388 
-307.805466 
111.488482 
759.756372 
16.874535 
211.795270 
-74.659513 
-458.194566 
-479.708642 
1241.731151 
1039.774450 
-116.150838 
-407.963936 
173.051848 
455.041973 
352.087609 
-227.535498 
-205.666134 
-21.151553 
719.494328 
-37.542880 
525.358865 
179.216395 
-250.050037 
-635.633060 
775.415033 
-298.116829 
249.302268 
71.078377 
571.113806 
-472.970571 
500.539617 
300.664852 
549.651179 
-877.962775 
-578.698522 
220.557383 
292.702468 
2538.026207 
539.919153 
-977.006902 
402.679848 
549.469208 
276.324451 
662.611999 
331.879126 
-129.978413 
-22.749069 
-180.617186 
26.876886 
159.448539 
-219.398686 
-465.954712 
-204.420666 
-328.781321 
36.323126 
845.601556 
192.132549 
-69.280316 
-28.588167 
-44.059505 
-106.331614 
375.337597 
-290.305000 
228.889103 
-293.478691 
67.113917 
552.703123 
-131.921917 
-335.589258 
-388.450799 
-598.023178 
-227.303032 
-399.265389 
-124.642342 
-835.467599 
300.355981 
-6.071986 
239.718392 
-346.699099 
-648.463737 
-731.121040 
-334.678680 
517.258342 
372.742737 
-512.653719 
-453.444720 
-337.426255 
-18.226475 
5.317721 
-69.276932 
179.684628 
-722.297066 
-685.964228 
525.372255 
-338.770720 
-662.902878 
98.119661 
347.797791 
78.418856 
776.678204 
-890.060757 
-122.478846 
37.206754 
-236.284210 
302.032229 
-84.775107 
-805.942020 
296.644700 
548.216995 
404.846442 
-409.757228 
-231.358507 
-346.569260 
-317.913324 
-168.655400 
-182.232750 
74.692986 
285.279791 
714.323853 
55.314589 
392.493548 
-316.295741 
-38.305708 
-41.725098 
61.197035 
-80.683509 
17.509576 
1348.737729 
968.883744 
845.566500 
-499.483034 
-1.492463 
-20.357353 
121.330517 
-550.519575 
205.168933 
78.839408 
-329.517015 
-336.111252 
210.539202 
18.460252 
175.281204 
-467.033679 
129.740728 
129.330439 
-584.915097 
160.300675 
982.802186 
376.511891 
699.203711 
-478.918636 
-289.938351 
-44.086918 
152.459164 
133.411649 
-380.933328 
-142.509866 
-412.718493 
128.310219 
126.427282 
132.490548 
48.736100 
340.358487 
355.048902 
36.875979 
-500.421919 
-443.478486 
293.887936 
-541.255433 
170.447461 
92.941017 
-247.613323 
-296.292790 
1531.688553 
525.359328 
-498.620578 
-316.064688 
-300.402284 
183.364156 
279.267934 
308.840823 
-803.937981 
129.819360 
691.783081 
-109.694426 
107.697063 
207.407735 
3.917304 
20.145056 
-208.144618 
-69.302766 
-69.295820 
205.157774 
708.320309 
-156.032623 
-27.336997 
426.420982 
-255.526513 
433.199679 
-204.783811 
-297.033587 
29.506415 
628.031876 
-820.657741 
-608.898171 
-328.630513 
749.821955 
-663.223201 
88.792386 
-545.436796 
142.273161 
246.857355 
295.333384 
342.392891 
-401.418315 
-304.982174 
-425.394042 
-69.296157 
210.634963 
-1199.125534 
-69.285141 
618.936255 
157.299282 
159.432057 
-54.043895 
-523.533923 
-8.803565 
-1813.203635 
-199.308468 
-120.102124 
350.428066 
-16.567592 
-35.655327 
-332.940634 
146.619730 
-628.124946 
817.861240 
-525.694369 
-383.226460 
80.608391 
-207.992653 
-133.088765 
392.266974 
427.267105 
-205.039700 
-258.536541 
-432.964913 
-283.189573 
203.763820 
509.283836 
-600.140645 
-13.216857 
82.636935 
-277.058933 
290.576190 
-28.662104 
-38.737028 
-14.028512 
-122.608675 
315.625845 
799.817029 
-291.055370 
-301.244129 
131.572852 
-111.225391 
-19.414707 
614.774329 
-346.747351 
-256.859471 
616.845470 
250.912878 
-135.316608 
356.488394 
-339.513845 
921.825534 
250.913764 
-81.987068 
-511.741053 
-62.383934 
-263.732887 
-88.318984 
-69.275431 
69.306563 
-688.646523 
284.341772 
189.173210 
-77.634947 
-115.293371 
-181.809629 
-802.342526 
225.660216 
-133.558095 
250.914294 
173.726780 
-612.477112 
32.312193 
273.410988 
-305.048710 
-51.471043 
-689.526011 
-55.494192 
159.414619 
-273.856343 
-405.705486 
-411.422941 
-217.841568 
-79.384341 
-617.262845 
-358.806989 
-269.696452 
-69.289657 
-6.716305 
315.766060 
159.409387 
-115.036696 
-231.068419 
-84.200949 
-256.798054 
-23.532466 
-23.541767 
-280.050659 
-737.147087 
-37.583384 
94.296093 
72.333911 
255.468413 
-160.795923 
-320.874644 
67.941303 
928.452722 
-368.828720 
171.503941 
131.954664 
-184.719331 
-35.687918 
374.394831 
-755.449607 
-36.084307 
-238.448454 
12.786783 
-9.958689 
3.846116 
192.319789 
297.977392 
-132.030284 
1349.450930 
-259.337820 
347.318713 
-160.761807 
-94.135879 
-265.546720 
309.615589 
31.788507 
-59.740892 
-128.695592 
-274.690456 
-419.129677 
-74.067715 
-428.155929 
-66.514524 
-349.551742 
-115.023699 
219.635651 
375.082605 
11.619959 
186.057742 
339.784775 
-139.072225 
-355.013867 
-256.059947 
-72.240313 
-145.204597 
-115.016859 
-6.494262 
-388.550960 
-69.275985 
-225.716593 
71.504007 
-69.281907 
-115.028146 
179.031476 
-803.200269 
-314.543280 
-155.323228 
-312.332845 
-514.352955 
-115.021492 
-324.500983 
-160.763785 
-233.468328 
224.547837 
28.441308 
-105.143341 
-562.021409 
-69.172474 
-364.682659 
233.439667 
131.488052 
-306.533684 
15.210662 
124.981560 
216.251905 
-314.895330 
22.196996 
-403.171678 
-29.767387 
-365.480830 
-199.532632 
-339.346742 
-212.770724 
342.395432 
250.915809 
-1037.809234 
-160.771862 
-415.658096 
-321.442149 
-78.650876 
-222.608474 
-334.436022 
-409.328346 
-115.031415 
347.902643 
-265.826444 
-414.042386 
-218.409444 
-286.568907 
-285.682046 
-88.594155 
-332.038383 
53.186329 
-338.753556 
-373.585153 
-248.993637 
-370.981167 
257.458748 
-770.459011 
101.570177 
-297.999213 
-426.982820 
-239.236204 
-297.991141 
-295.771285 
-297.992347 
-631.908264 
-257.937996 
662.591151 
-347.997601 
-186.725102 
509.607565 
44.626716 
-593.261760 
-395.576583 
-259.023015 
891.302749 
-680.604349 
46.750188 
-360.073993 
386.911949 
2.964360 
909.079573 
296.564001 
-473.779438 
106.679575 
67.940708 
61.142023 
250.390712 
571.103756 
-9.058909 
-300.860743 
-89.194292 
-392.556115 
506.368172 
521.133148 
577.819251 
-570.696450 
70.577570 
-233.048921 
125.294490 
301.051294 
-793.591586 
393.535886 
-32.723598 
-146.591695 
799.811207 
882.116664 
260.895554 
157.370548 
357.374048 
578.297187 
1494.514214 
-212.423213 
-352.292750 
192.293075 
388.130665 
59.279347 
346.841709 
454.064617 
-104.587349 
631.135321 
-626.929422 
54.679195 
388.132076 
-143.831745 
-599.551600 
-320.019160 
-583.403874 
-196.583228 
-173.328741 
119.321691 
71.025921 
-571.386892 
-79.399928 
-273.488152 
727.937112 
529.250897 
342.391355 
395.148925 
-606.401659 
-321.332527 
-8.926433 
1322.149279 
689.842948 
-195.019919 
-38.693898 
190.716058 
89.227276 
34.910852 
-109.383068 
-658.798146 
-55.078980 
-277.033240 
-102.873379 
754.070888 
25.855273 
-107.130283 
-378.230001 
677.833480 
504.264126 
-17.456313 
167.272796 
571.098465 
-219.960784 
-162.685023 
398.188474 
-226.365642 
-433.157802 
53.591209 
710.606027 
426.098882 
1394.460747 
353.233605 
-587.079604 
722.741061 
232.309370 
97.938965 
2080.591316 
396.143171 
499.761071 
437.903400 
-193.571215 
0.226550 
388.137362 
574.275028 
-161.260608 
102.323996 
-161.158084 
23.438488 
1348.715083 
-341.496162 
388.138556 
64.936164 
424.438562 
77.146907 
516.306649 
-403.155065 
5.628456 
245.115947 
77.251778 
529.128327 
-60.352177 
-586.959973 
77.866819 
-334.577304 
-389.281300 
-165.165544 
594.621942 
-864.060579 
135.228189 
-331.717172 
117.613182 
-510.711925 
-664.222752 
119.316838 
-35.649980 
701.844079 
-331.821391 
131.467031 
163.348013 
-497.465815 
561.718590 
140.912956 
754.070684 
287.248475 
178.653947 
-172.110783 
22.194257 
-339.865426 
-539.738239 
-50.962096 
408.620362 
-166.031741 
441.926914 
54.273645 
-375.418661 
135.253619 
-314.779022 
-186.716013 
280.259958 
-777.588123 
433.870896 
342.390268 
14.344536 
-553.670518 
-439.467474 
-202.669448 
-526.505527 
-187.580196 
-895.342827 
-32.396921 
72.992324 
36.850560 
-329.835180 
58.954709 
-481.886070 
248.244758 
-234.931815 
471.918084 
577.940455 
239.081305 
662.587902 
444.436079 
1074.265420 
-694.447841 
-915.820278 
-661.436265 
-117.818877 
-41.660620 
662.588503 
265.472707 
-1371.951390 
-523.636681 
-371.231268 
65.048476 
-26.057510 
-553.616893 
-222.017126 
337.261898 
-292.738629 
-221.750098 
296.650247 
897.636294 
378.985628 
-533.095563 
-0.898712 
285.702231 
362.803086 
494.996477 
469.880299 
-454.532464 
-660.170242 
234.350650 
201.328461 
347.918000 
-78.198709 
-136.264795 
363.046139 
-87.230471 
20.486754 
-174.125598 
-347.538944 
-741.523498 
-453.725482 
-395.201484 
-376.432489 
-295.654903 
296.649587 
388.134270 
-436.918544 
-737.137657 
138.558175 
-401.762659 
-244.235656 
-340.664449 
-514.823330 
546.001579 
503.061542 
315.548891 
-542.879161 
664.997306 
1118.947570 
549.771361 
-522.492757 
-69.287656 
159.422261 
525.359619 
250.907100 
444.931845 
14.647562 
959.317441 
298.015098 
99.887769 
-154.869738 
261.799145 
460.177113 
969.472107 
-395.934196 
-351.896509 
286.670814 
-199.809521 
-623.953485 
-188.922712 
-204.781647 
349.661484 
-77.585391 
-671.730102 
22.195383 
357.614407 
-58.425347 
-255.533697 
205.163807 
-272.245324 
-723.473865 
845.553984 
710.465378 
75.935998 
342.389579 
-346.786726 
-254.688822 
-156.479395 
-146.474215 
-674.585945 
110.675671 
-35.152930 
-12.986982 
-53.561014 
-754.152143 
-510.256269 
-179.272693 
-173.844782 
-144.610841 
53.312697 
561.036445 
380.307559 
482.162198 
-399.851329 
-368.461494 
75.524884 
16.295994 
-552.221553 
-515.380151 
-106.226229 
459.852073 
-24.544092 
-165.138228 
-570.382469 
-584.898148 
221.632372 
-424.431878 
-153.744446 
203.467836 
169.559616 
282.653304 
-160.773582 
-237.742559 
-311.190292 
117.253269 
242.786210 
-216.882386 
154.458977 
-381.861470 
-322.421637 
67.938354 
-160.772052 
-359.766608 
57.066800 
222.512386 
-493.162374 
-69.284969 
262.720834 
151.998513 
325.469905 
-148.792784 
154.391094 
525.361398 
-341.498658 
-220.501255 
-228.073480 
483.874066 
-57.204688 
43.222328 
314.864257 
-76.834697 
694.857531 
141.053932 
-160.771182 
-2024.763124 
-732.550903 
218.032968 
275.701780 
-584.074743 
417.212894 
-687.375645 
-171.465632 
22.196454 
-622.141147 
-3.556547 
238.713371 
-322.192701 
-164.696571 
-1472.858415 
-349.921862 
-140.680514 
388.132594 
-23.535446 
-64.807664 
342.392396 
388.135987 
302.942422 
282.653813 
-375.789163 
-23.545826 
-115.027886 
-124.163837 
43.544791 
-136.339593 
-51.069967 
-253.515319 
-176.546040 
250.908283 
-183.640597 
67.937488 
235.633848 
-159.983196 
-10.781871 
-197.459536 
-307.893966 
-53.895164 
537.347655 
433.871413 
-6.875255 
-190.485966 
-109.238122 
-580.959179 
116.867274 
-263.968879 
-267.721508 
190.692401 
1970.889272 
-414.564897 
360.442775 
67.934446 
-455.104549 
664.304339 
-309.271697 
181.888954 
-747.668305 
-176.036228 
-371.510280 
-333.208082 
-243.949925 
-968.613989 
-101.147058 
-84.414152 
67.942250 
-245.784605 
115.322865 
38.201571 
-400.744715 
-322.568536 
-235.112995 
-199.549788 
-332.185130 
359.909034 
-208.462561 
67.939972 
268.403062 
-678.718105 
-23.544186 
235.298248 
-370.738888 
-69.288903 
754.072127 
-436.186919 
-559.762905 
-59.209441 
110.514006 
-132.567963 
-259.673216 
799.814934 
306.743723 
525.361044 
-28.474952 
-19.001149 
-106.790597 
-277.111937 
-294.252496 
1.949473 
-131.307327 
621.385473 
-63.681422 
-288.604789 
197.316740 
-305.575551 
-215.737885 
-246.255328 
-115.031919 
-49.315019 
-342.664165 
-488.924052 
-424.666569 
-288.321650 
-184.903993 
-160.773995 
-69.289610 
-1072.061561 
-23.546623 
977.392962 
-278.131294 
-225.046364 
-247.084050 
-214.149392 
436.790191 
-298.000025 
96.139138 
350.387683 
-348.708280 
-498.348161 
-115.031047 
-629.320907 
248.306465 
-162.354239 
-1066.156331 
-238.370242 
572.890794 
-136.029931 
-220.826262 
-202.403179 
-894.547893 
342.431002 
-297.998836 
-81.993507 
348.138905 
-297.998804 
-273.596896 
-297.999644 
-812.891078 
-131.820199 
891.297323 
-473.799352 
-93.352969 
200.933858 
-203.593745 
-170.324760 
92.332110 
-259.589145 
22.201814 
-844.213609 
1.819341 
36.086502 
-321.667117 
91.797680 
963.156909 
405.997329 
-111.303366 
44.346199 
250.904268 
838.940483 
722.296309 
1623.172445 
986.051057 
-1025.740347 
-1159.990197 
-305.271526 
218.371061 
308.721817 
35.798333 
-273.518573 
32.352795 
356.577903 
442.776106 
92.232273 
-100.415012 
512.685941 
183.715317 
815.612530 
479.617063 
804.544560 
-361.047763 
357.986450 
-27.015831 
202.899531 
885.518845 
1132.678429 
-142.339137 
-251.140017 
754.072172 
71.494348 
641.019437 
-119.756276 
383.588243 
-406.639178 
1586.720117 
-14.078381 
708.325448 
-194.115085 
-250.665580 
-145.903026 
-385.429453 
503.671548 
937.564633 
117.061276 
351.703509 
-174.169532 
-767.166628 
-39.045445 
749.098551 
995.632671 
955.158797 
670.817574 
-189.320180 
483.156791 
201.226299 
910.391456 
456.548028 
-551.533898 
186.141934 
156.215345 
-104.216114 
-87.771335 
-131.545699 
-906.813952 
-450.276640 
-160.160658 
232.353820 
1485.945757 
126.919824 
242.673884 
214.822187 
287.497696 
313.075096 
369.141285 
336.180086 
662.583053 
-161.525842 
-478.219728 
1005.380883 
-257.679482 
-1.293890 
437.202163 
166.676805 
-179.395889 
1348.719898 
-65.523158 
-979.178749 
-191.425164 
-234.562660 
-445.436225 
799.815502 
255.135008 
-219.168309 
109.962094 
-344.246534 
782.229757 
22.196883 
1023.349111 
-526.206751 
-378.886557 
268.376106 
107.103647 
1165.763247 
-690.571638 
22.205607 
-30.179848 
531.933338 
77.676398 
503.385759 
48.251597 
56.126734 
-318.651847 
-240.917876 
-24.401585 
-463.023987 
-828.182893 
551.867248 
-83.532621 
-575.091067 
253.674922 
462.953779 
591.108342 
525.198519 
-413.356586 
178.387879 
-313.854230 
-747.665220 
89.490075 
339.784236 
238.754955 
-108.070883 
60.534563 
51.722884 
831.736227 
-242.165712 
598.907859 
296.649845 
-150.090914 
-205.776920 
-251.082431 
113.677411 
-933.991146 
-826.028563 
697.206217 
-33.874592 
297.644491 
600.892073 
-131.294690 
-424.335181 
82.378501 
-244.282995 
733.111312 
1329.151930 
-165.687211 
22.195959 
342.392218 
-19.718100 
339.706277 
53.931525 
999.389604 
377.334604 
-63.799385 
-270.919222 
-368.353887 
-929.520103 
-424.339049 
-231.351792 
-93.299386 
38.824313 
-172.292492 
197.151344 
480.121307 
-198.459341 
771.091533 
662.585851 
484.638464 
1348.716379 
-842.524053 
-309.716631 
-38.979916 
-413.526846 
364.945710 
250.908488 
-34.793327 
-843.303047 
520.061209 
-138.274097 
220.833912 
2.587871 
-488.073610 
-513.155579 
-121.422204 
-340.336927 
64.919801 
296.647571 
194.082694 
-859.104890 
328.486589 
155.517437 
-842.850107 
161.566864 
-51.291209 
-87.174343 
-547.612024 
-475.168841 
-295.532257 
-39.840042 
462.197344 
52.577960 
175.222646 
-316.046960 
43.865361 
227.350798 
54.420374 
333.450349 
-480.020107 
-332.735520 
82.385328 
304.117739 
-202.085148 
754.068288 
891.295468 
-489.884641 
-77.762618 
-5.612155 
-642.445414 
-119.304227 
546.579716 
-1139.983857 
245.539429 
-433.700360 
-438.884551 
-19.467821 
251.245708 
269.908766 
140.316661 
-206.066418 
708.327924 
296.649935 
296.649632 
982.781562 
303.928392 
-4.169669 
1288.249877 
676.603379 
365.845821 
-730.271049 
-467.855633 
62.119189 
480.610251 
-761.401090 
-600.247990 
-968.448949 
-291.359037 
-451.016248 
-105.048915 
-207.651424 
14.134349 
-444.345750 
-568.179129 
708.328966 
86.136339 
380.917162 
-305.989407 
799.812853 
-429.415604 
-169.007854 
479.615927 
436.048114 
-644.077917 
205.165779 
287.502102 
-820.640546 
-362.139412 
-423.793574 
-831.045336 
-258.887583 
-279.121953 
-1053.235489 
-211.133340 
-404.662346 
-524.855231 
-253.624463 
-99.017688 
-822.824082 
-23.854618 
374.199368 
56.885578 
-379.700568 
-359.145066 
-34.693574 
253.946870 
27.666600 
-483.325062 
-465.279653 
-63.986051 
-140.370412 
397.740101 
-140.616339 
-458.717528 
-129.713301 
-121.671377 
-480.908310 
-158.903730 
189.813389 
-343.081479 
-213.578262 
-69.291162 
-646.078076 
246.480039 
-358.243693 
-7.207478 
-267.659966 
207.262973 
-357.239335 
-73.731201 
-206.515389 
-160.773126 
222.750390 
254.179554 
-13.192399 
-541.957606 
250.907467 
-44.992185 
195.545842 
39.937792 
-355.478208 
-489.832834 
113.679847 
200.317571 
-434.510029 
-580.549940 
126.736737 
-185.522682 
-205.849256 
11.116774 
-500.322468 
177.902483 
401.697333 
250.908545 
-915.521733 
253.765286 
-10.234969 
175.642643 
-332.624615 
171.478750 
-304.181037 
237.591011 
-69.288900 
-312.128579 
-521.074672 
-31.527981 
-398.327462 
-228.585804 
-228.416606 
-472.347715 
-176.112268 
159.420784 
-85.716555 
-110.249076 
-69.285719 
250.907007 
106.147860 
-23.490249 
-393.650521 
-115.029964 
-69.290780 
273.115106 
-346.794355 
-234.619500 
-659.394905 
333.485126 
81.108023 
159.424717 
-400.918153 
22.194985 
-425.906024 
2.106167 
83.768314 
-130.966478 
285.420248 
-311.757198 
-83.971491 
571.100996 
-141.829387 
-491.448611 
-283.357434 
161.734834 
-179.794110 
-100.465017 
-95.610327 
-310.951558 
57.759536 
-290.532253 
409.989535 
-23.541502 
-235.302566 
536.649392 
-295.338924 
160.827027 
-528.245055 
-476.288206 
98.537483 
-134.225013 
-286.793712 
-499.476631 
-10.467616 
76.456915 
-23.545443 
-427.379076 
23.595234 
48.975354 
-456.486882 
-83.866048 
-378.803372 
-533.448754 
100.058258 
15.226535 
-472.315748 
22.194768 
-434.747427 
-243.411971 
342.388572 
-74.418686 
-644.077487 
-115.032179 
-206.515474 
-336.797958 
-465.198806 
-21.159593 
415.255350 
36.800203 
-323.135014 
-252.258842 
-291.048922 
67.935023 
11.689346 
-194.181683 
-409.977778 
-620.528357 
-697.816576 
43.957810 
130.368063 
-372.381535 
-73.021101 
-203.866778 
-347.819925 
-114.315619 
-441.747588 
54.208147 
-160.775060 
-403.936832 
97.125552 
-728.036793 
-412.843892 
-89.181460 
456.980123 
-23.548273 
-115.034289 
-549.822485 
-115.032587 
345.306300 
10.055847 
112.793560 
-131.240213 
-451.314284 
160.711448 
-297.999952 
-136.940794 
42.099806 
-576.762754 
-741.800741 
-298.002082 
-160.761439 
-285.682497 
-293.107950 
-500.045614 
-176.316976 
-83.906073 
-121.240906 
143.331294 
-431.319546 
-86.005092 
351.129245 
-297.997673 
342.486561 
-34.758476 
-297.997295 
-60.599889 
-297.998708 
-808.571103 
21.952793 
525.358967 
-306.041236 
268.741735 
-247.923032 
-828.549332 
-746.131485 
92.333686 
1032.976093 
205.164308 
-426.027027 
-112.892904 
-459.894669 
944.598430 
137.912063 
771.865215 
-152.971466 
-583.931069 
-30.681550 
-69.288942 
77.166361 
673.859743 
662.585488 
65.973208 
166.273689 
-1338.850687 
375.888592 
546.108362 
103.983416 
69.267413 
-165.545775 
3.028874 
129.524434 
270.309018 
-531.219836 
-195.917092 
294.636935 
457.206925 
755.539731 
891.297704 
384.085411 
201.550948 
-13.179116 
76.736361 
521.141589 
1123.023195 
-512.820422 
-388.546531 
-90.458997 
433.875904 
237.915365 
384.659027 
460.924316 
129.810486 
-520.992477 
484.837930 
-595.777940 
342.390380 
63.673703 
511.508206 
698.112330 
163.146049 
413.452415 
-436.377663 
123.818714 
1090.661139 
-601.062093 
71.738156 
122.612495 
-318.087102 
581.652860 
603.758910 
643.294935 
227.680415 
-43.257843 
-122.013954 
656.695798 
1132.205612 
-912.500856 
-104.157462 
327.682237 
420.267654 
243.160787 
-864.287005 
698.950379 
-102.921846 
75.955754 
-401.836215 
1165.748037 
-58.449201 
-214.929882 
-194.190228 
-54.043080 
775.439002 
-108.076883 
-8.033599 
388.131900 
-45.447591 
-416.154395 
447.195920 
6.870165 
112.362605 
-316.278497 
89.561196 
514.516428 
525.358548 
-417.191507 
-581.753655 
379.034065 
102.812079 
133.537718 
616.843564 
-61.262047 
-279.984028 
35.799654 
196.067405 
-141.465989 
571.101417 
220.758139 
-265.030217 
-651.964260 
334.982113 
24.225515 
-160.773632 
-154.165294 
342.389641 
31.629044 
8.831618 
192.413256 
338.541633 
-433.266279 
206.731665 
-53.153523 
-54.740461 
-614.018011 
-754.198482 
420.249735 
-319.964241 
-760.187449 
-472.141261 
7.060005 
668.332111 
-37.840462 
-522.759417 
-618.955497 
-75.209048 
-1740.758314 
-1421.194554 
-429.687221 
-53.228423 
-603.341688 
-980.804454 
398.874847 
-245.237783 
-146.554472 
-226.004379 
382.561440 
571.099626 
-461.153617 
481.097628 
-554.592178 
525.359177 
137.485965 
-309.602607 
363.110430 
203.958802 
-16.437335 
-170.070725 
-216.481134 
-332.646272 
885.657087 
137.398585 
45.797809 
149.787207 
499.999890 
388.132619 
662.586101 
659.141090 
631.581916 
141.050666 
258.411937 
847.115600 
694.636980 
-601.741401 
-264.508928 
-240.570886 
583.905126 
-975.839629 
644.629215 
-844.456555 
-223.580637 
3.413047 
802.824484 
729.052213 
-300.035531 
342.389986 
-22.076902 
67.936898 
490.717642 
143.595970 
-204.248050 
-422.231191 
854.081518 
433.875283 
88.594484 
-665.747792 
174.818122 
199.844911 
387.891873 
174.189704 
-1242.021709 
-277.689082 
-124.556098 
35.112921 
-177.548359 
479.617005 
412.869348 
-615.146532 
-104.789618 
865.246797 
-522.986951 
70.661414 
-22.530526 
2.533254 
-690.847493 
-907.581044 
-224.447715 
266.449493 
55.355952 
-617.978788 
-831.746746 
-431.721838 
-20.564831 
-136.413557 
-354.896940 
185.036341 
177.407195 
-742.721009 
411.834412 
330.550218 
-211.791254 
571.101364 
799.811836 
-555.851559 
-420.400614 
90.709576 
-592.253124 
563.387646 
420.847096 
-886.514961 
277.636329 
-290.345508 
-152.707665 
-736.403596 
69.459507 
73.613353 
451.916615 
-660.898752 
250.906162 
296.648736 
113.680104 
296.648866 
329.072335 
-689.078431 
24.972456 
-14.051695 
-195.648946 
-601.829268 
6.157733 
-490.650149 
774.841226 
-763.552478 
-623.888957 
-321.145181 
-175.627683 
-980.590087 
-313.269941 
160.018088 
50.118220 
-146.435646 
-901.029956 
250.906947 
66.873584 
197.983240 
-92.043078 
799.812578 
-411.357515 
-841.538074 
433.874970 
-126.099867 
204.911743 
113.679802 
92.332975 
-75.897821 
-307.046486 
119.397946 
-281.091382 
672.016126 
726.064299 
39.603776 
-203.022227 
-345.652382 
683.668375 
-176.829692 
-406.266902 
626.175079 
128.036189 
-42.060265 
174.228950 
-966.679400 
-291.232975 
270.384005 
181.723313 
-463.666622 
-489.101369 
-260.034265 
-504.776892 
219.785923 
-509.812537 
-59.546385 
249.589448 
-686.081503 
52.288832 
-247.990810 
1.539544 
786.154552 
65.611673 
22.234978 
205.163686 
-229.761171 
-71.249184 
275.619196 
310.262948 
-154.006325 
161.803717 
-155.395789 
420.358131 
616.843481 
-69.289482 
279.757728 
-408.790298 
9.553829 
-346.792877 
982.780424 
-359.279277 
-35.236376 
-74.797911 
-623.881649 
409.998452 
-69.289040 
259.473451 
-269.472351 
-314.744141 
-54.514337 
68.236360 
-175.686318 
-435.245276 
-51.997315 
76.844744 
359.914346 
159.421316 
-515.275583 
-543.865702 
503.979862 
78.061828 
-486.528346 
369.074074 
-590.604472 
-95.298239 
-160.774122 
245.573858 
-270.965867 
-139.706717 
-277.579275 
-36.026787 
-35.963119 
-161.253289 
-32.108944 
67.936985 
-16.618137 
-235.463081 
-69.290659 
250.904035 
8.827385 
-59.029961 
-583.213648 
67.936039 
113.677942 
753.055654 
-200.418367 
282.516122 
-338.492305 
106.382316 
204.110979 
-23.548261 
-54.995256 
-69.289670 
-322.254858 
6.031191 
-414.896627 
146.494388 
68.334185 
-462.311215 
-76.589873 
113.680190 
257.113688 
-371.669678 
-287.520757 
551.762806 
-366.481573 
118.648142 
174.742012 
-36.747550 
144.233635 
-620.406433 
-43.345430 
-23.548351 
197.073202 
829.027721 
-268.064786 
209.303609 
-535.942186 
107.804913 
317.876777 
-65.680977 
66.155744 
-350.149074 
58.996488 
95.194275 
67.937556 
-366.392211 
32.801991 
91.877664 
-952.685624 
79.827920 
-496.516693 
-493.445961 
-381.622972 
198.761629 
61.808777 
-23.546980 
71.086412 
-313.226865 
-23.546809 
-599.657439 
-299.019046 
22.195232 
113.680055 
7.268630 
-459.164388 
-323.694739 
-220.775460 
64.833836 
-531.291325 
525.359822 
-219.404181 
-23.546627 
-364.942564 
-186.540777 
79.346761 
-334.528669 
274.596093 
-480.991704 
44.969949 
-110.355993 
39.023749 
2.823436 
-223.977734 
-8.647233 
-74.547278 
-33.372120 
-23.546836 
321.300711 
-333.638753 
-251.860269 
131.087973 
102.755925 
250.927523 
-160.774212 
-69.289247 
-605.734539 
-115.031849 
-278.273718 
-12.858454 
713.459549 
-228.117838 
-235.151042 
-651.182604 
-298.000512 
128.312845 
101.867518 
-416.437721 
-224.771508 
-298.000355 
91.933577 
-424.069480 
-312.489071 
199.643187 
100.427668 
11.696997 
-421.471011 
-545.848186 
-259.820605 
-355.801619 
5.078154 
-298.000553 
423.807295 
-342.701662 
-298.001696 
-575.260290 
-298.000459 
-426.089898 
-395.139917 
-298.000000 
-308.380060 
-293.262550 
-275.258234 
-307.083518 
-312.432208 
-297.999999 
-298.905417 
-298.000003 
-327.832701 
-302.710073 
-282.613220 
-311.012451 
-265.342366 
-279.535840 
-288.693007 
-312.775324 
-302.227228 
-297.999998 
-303.755378 
-305.381228 
-252.257814 
-278.363649 
-274.292611 
-288.287473 
-288.256416 
-317.324925 
-301.798581 
-284.446010 
-288.019469 
-295.569929 
-305.926610 
-278.605915 
-257.752332 
-302.625289 
-323.886632 
-286.635696 
-315.721215 
-298.000001 
-294.557806 
-249.164528 
-318.939407 
-309.327829 
-293.663794 
-276.221320 
-305.974203 
-301.227053 
-265.351264 
-297.999996 
-242.554549 
-316.507309 
-308.846938 
-272.628168 
-297.999998 
-265.223163 
-317.696464 
-297.999998 
-265.946029 
-285.680568 
-290.578463 
-291.080103 
-322.721894 
-310.862499 
-287.507118 
-254.095350 
-303.964040 
-300.877692 
-285.347566 
-287.440396 
-282.891278 
-323.973943 
-286.467731 
-280.220874 
-289.214238 
-305.633706 
-280.096929 
-346.791667 
-291.069954 
-290.568802 
-283.886809 
-296.968767 
-317.738714 
-250.665632 
-308.736030 
-316.717068 
-291.515152 
-284.590601 
-297.999999 
-305.768724 
-294.616222 
-290.524179 
-298.000000 
-295.775111 
-300.424074 
-274.856296 
-298.000001 
-294.036968 
-286.943501 
-304.803619 
-309.016350 
-312.164426 
-285.408247 
-264.964681 
-314.545086 
-298.000004 
-285.333527 
-283.424744 
-263.580925 
-302.865910 
-313.647992 
-298.000004 
-304.062167 
-293.682415 
-301.172287 
-279.377153 
-295.302166 
-297.999999 
-292.168822 
-280.601729 
-310.071086 
-295.957701 
-299.100906 
-297.999998 
-290.436056 
-297.999992 
-293.584310 
-308.811503 
-297.151174 
-283.104294 
-298.949470 
-277.729321 
-285.987531 
-310.070112 
-300.212728 
-299.914652 
-287.511881 
-293.928366 
-327.160973 
-281.585604 
-303.297233 
-255.037866 
-298.000000 
-298.534775 
-302.814110 
-283.983263 
-289.016033 
-292.009278 
-291.302273 
-315.647863 
-287.327633 
-315.310150 
-303.272203 
-314.680121 
-292.604338 
-275.656752 
-296.464410 
-252.257811 
-269.041941 
-293.503186 
-296.945908 
-297.999999 
-290.736550 
-293.409920 
-279.211757 
-273.578220 
-283.330003 
-295.604155 
-292.634559 
-315.724387 
-288.321708 
-295.061130 
-284.309463 
-302.219963 
-310.910298 
-252.257813 
-297.999999 
-287.751198 
-304.062165 
-288.043494 
-291.403362 
-295.287093 
-297.763361 
-275.530584 
-301.019083 
-281.829569 
-305.274605 
-262.518309 
-294.056894 
-297.516711 
-319.814298 
-299.862171 
-282.874346 
-281.563631 
-282.986092 
-298.000001 
-302.215760 
-298.000002 
-306.053407 
-332.241738 
-284.953952 
-276.825625 
-267.597597 
-297.999997 
-299.447550 
-290.266975 
-297.034606 
-306.176467 
-286.428144 
-300.202820 
-256.198954 
-302.453509 
-300.529219 
-302.195008 
-288.364996 
-252.257810 
-292.788058 
-249.208337 
-289.737005 
-257.144005 
-291.080100 
-311.348257 
-283.077977 
-302.716179 
-271.929504 
-274.947750 
-291.832230 
-305.527289 
-293.369224 
-312.318824 
-302.409900 
-296.642922 
-288.425205 
-285.800828 
-259.274503 
-315.916549 
-294.402210 
-294.668686 
-273.649428 
-284.857497 
-279.022942 
-252.257811 
-298.000000 
-293.054406 
-303.263493 
-284.858837 
-282.866746 
-288.969865 
-266.568812 
-300.582990 
-304.957688 
-306.960828 
-308.285070 
-273.646373 
-310.319840 
-288.558028 
-293.990075 
-292.829656 
-297.999999 
-297.999999 
-298.000001 
-297.999999 
-304.062172 
-286.442501 
-291.561946 
-310.097578 
-293.887570 
-317.728796 
-267.884003 
-293.860271 
-270.600840 
-310.175614 
-294.724283 
-295.998625 
-288.079901 
-314.957847 
-272.786525 
-315.378943 
-299.426168 
-287.094388 
-312.323972 
-298.000001 
-286.635694 
-305.283176 
-276.930013 
-297.999999 
-262.911851 
-309.327831 
-297.999999 
-286.789146 
-292.774617 
-298.000002 
-298.000001 
-312.441968 
-287.652004 
-297.999998 
-286.125209 
-293.584305 
-280.760067 
-304.035678 
-300.755189 
-295.780304 
-281.771735 
-306.311467 
-279.882883 
-298.005111 
-306.976370 
-295.609849 
-304.986547 
-277.711388 
-292.316719 
-305.075204 
-280.505162 
-265.624874 
-318.576560 
-302.756140 
-309.500431 
-241.637974 
-285.941406 
-301.754248 
-266.422242 
-325.686586 
-302.878003 
-286.626888 
-267.137422 
-306.544000 
-295.679408 
-300.827814 
-298.000001 
-290.334565 
-288.515725 
-270.666893 
-281.557317 
-292.316715 
-305.091197 
-288.920116 
-314.718689 
-298.000001 
-252.257811 
-302.047737 
-312.668570 
-290.542547 
-297.999993 
-298.000001 
-286.364744 
-301.845505 
-278.936537 
-318.417517 
-267.430579 
-298.000001 
-295.221472 
-295.155943 
-324.172223 
-269.265131 
-274.450031 
-315.458909 
-291.788888 
-300.246103 
-246.792626 
-307.608253 
-298.000001 
-297.999999 
-297.999999 
-289.220800 
-305.666115 
-293.407381 
-287.146494 
-279.563048 
-290.943166 
-298.000001 
-321.816760 
-297.294941 
-291.914879 
-283.504651 
-323.530903 
-293.663793 
-300.666304 
-303.822914 
-298.000003 
-292.416665 
-294.970996 
-297.999999 
-298.000000 
-305.793326 
-302.359936 
-290.943163 
-298.000003 
-297.999999 
-301.349619 
-297.999999 
-305.383938 
-289.011088 
-291.983615 
-282.111275 
-298.000001 
-252.257814 
-298.000000 
-309.552903 
-307.705142 
-302.335810 
-293.057307 
-280.649398 
-308.884773 
-293.578581 
-298.000005 
-278.492265 
-308.427044 
-302.865907 
-294.141526 
-269.394112 
-296.064611 
-303.728937 
-290.693757 
-298.000000 
-303.859149 
-287.934974 
-298.000000 
-292.758168 
-338.414113 
-297.024316 
-287.804394 
-263.519504 
-325.646309 
-304.126733 
-275.935698 
-297.259474 
-306.215339 
-313.549137 
-270.149726 
-297.999998 
-309.134251 
-276.043908 
-323.904356 
-252.257815 
-324.283103 
-287.621808 
-306.786201 
-290.123364 
-290.719684 
-299.751053 
-297.999999 
-308.904668 
-282.899986 
-298.000000 
-292.868422 
-279.105917 
-298.000001 
-297.999998 
-301.617321 
-297.354807 
-312.180302 
-308.168637 
-285.265690 
-301.185140 
-298.000000 
-300.839690 
-298.000001 
-298.694242 
-295.348923 
-288.206998 
-272.178985 
-288.987429 
-300.085836 
-309.488456 
-293.912560 
-303.466733 
-292.507039 
-273.565613 
-296.803355 
-304.905972 
-293.438210 
-298.000001 
-293.418422 
-307.076300 
-271.183251 
-304.035676 
-294.438833 
-307.414316 
-298.000002 
-297.999999 
-298.151863 
-298.000001 
-297.577405 
-283.732526 
-330.927204 
-306.541934 
-303.174781 
-298.966784 
-298.000001 
-252.406159 
-291.592005 
-293.233363 
-303.249957 
-298.000000 
-316.548769 
-281.771896 
-283.422685 
-283.865093 
-312.894536 
-298.396182 
-285.343636 
-268.524008 
-291.172023 
-286.386514 
-304.736324 
-298.000000 
-289.990003 
-275.754249 
-298.000000 
-299.869351 
-298.000002 
-294.299535 
-299.007017 
