333.343526 
434.440835 
319.538110 
239.782766 
181.391746 
346.385497 
597.622977 
390.282363 
443.460851 
346.739994 
436.290649 
411.427936 
351.813132 
419.135146 
430.054135 
475.859547 
533.497253 
535.660344 
443.461206 
298.861654 
286.490291 
443.461201 
365.921816 
476.192756 
498.669529 
358.914341 
132.051349 
225.100602 
223.019380 
111.803066 
76.484693 
51.975643 
67.076022 
-13.660953 
40.816746 
170.232844 
57.319124 
128.514634 
223.226183 
178.296356 
142.929169 
-218.974892 
-551.312551 
-906.523668 
-1072.478944 
-888.986825 
-594.943865 
-96.064243 
2.991724 
-315.859833 
-804.214888 
-1524.331094 
-1799.341473 
-1621.238226 
-1324.395365 
-810.107925 
-437.477990 
-165.893724 
-331.648789 
-471.884120 
-586.258347 
-737.140308 
-404.494653 
-262.807303 
-154.378699 
-105.890582 
-209.529567 
-311.601936 
-335.248310 
-337.700197 
-225.694261 
-135.469553 
-138.135415 
-148.210545 
-200.605963 
15.568638 
128.247677 
111.840326 
184.185045 
250.120541 
124.191600 
226.360982 
334.495170 
-72.831308 
12.724767 
85.640808 
6.047475 
2.989618 
128.043293 
187.956615 
31.237484 
362.706924 
219.368090 
1.010613 
29.721066 
2.992439 
-49.033206 
-141.678331 
199.216259 
216.584031 
109.036861 
192.865679 
244.071423 
133.323771 
223.227413 
-34.081270 
-140.126752 
-96.023266 
-15.984962 
201.595841 
223.227892 
439.775792 
409.833902 
497.175840 
551.052535 
429.346961 
443.465166 
461.772261 
429.508273 
372.804362 
464.356583 
338.896903 
223.225266 
40.497219 
-217.241216 
-616.576099 
-961.487465 
-1234.144489 
-1684.922417 
-1569.385455 
-1306.030380 
-936.263479 
-412.211720 
-114.151846 
17.826219 
-165.661258 
-541.166063 
-714.357786 
-968.832991 
-835.314041 
-669.735201 
-623.294628 
-288.513168 
-318.352968 
-319.544459 
-344.301104 
-350.661517 
-272.831883 
-190.660851 
-128.015031 
49.973129 
227.821760 
293.466810 
283.083700 
417.696599 
548.976077 
443.462335 
548.669530 
530.978054 
156.104407 
443.463197 
340.917507 
295.710753 
430.204949 
448.588072 
484.391078 
91.384427 
170.208696 
162.154916 
84.717133 
208.817474 
311.404341 
222.035467 
190.678322 
223.227689 
223.227586 
403.835052 
212.679952 
315.256052 
296.361826 
250.517489 
261.767137 
240.854767 
452.831949 
389.196234 
276.811122 
345.389192 
191.963086 
51.529571 
270.026584 
237.369960 
280.442723 
123.588580 
153.127189 
113.108593 
-44.643631 
2.991021 
-346.251498 
-586.246210 
-629.505613 
-700.380209 
-412.471660 
-217.244147 
-96.306203 
-326.687477 
-663.689902 
-1020.233419 
-1292.521660 
-954.188310 
-481.592900 
-130.896592 
380.993016 
553.680695 
198.817474 
2.990439 
-227.716087 
-187.876360 
-315.273588 
-214.309837 
-145.788181 
-269.093164 
-138.963073 
-211.041854 
-327.487025 
-212.998346 
-338.448876 
-289.695704 
-168.376765 
-192.939364 
-128.097164 
102.964134 
291.170871 
233.440129 
252.635717 
376.522709 
358.098801 
323.756036 
444.499226 
327.134792 
367.598038 
443.461853 
443.460843 
351.219575 
409.567133 
327.467980 
273.060123 
183.015254 
377.078837 
83.190627 
234.835732 
279.468095 
95.785054 
176.020143 
366.382374 
311.644957 
245.823192 
384.149746 
223.228749 
443.462564 
333.345656 
443.462482 
322.318312 
391.731964 
286.218813 
119.894537 
233.604321 
182.654426 
154.127072 
255.475004 
280.747983 
163.396953 
234.844860 
368.276407 
243.506755 
202.495070 
156.846846 
-8.259696 
-383.474391 
-712.166319 
-1057.013735 
-1098.179985 
-882.348424 
-679.495569 
-445.435701 
-327.360287 
-481.526978 
-1074.829284 
-1318.416047 
-1454.415918 
-1134.544827 
-657.712392 
10.331546 
273.349876 
121.229269 
-86.482595 
-223.381590 
-176.109448 
-371.452190 
-475.885581 
-183.086376 
-268.566752 
-379.205480 
-317.283842 
-338.697087 
-435.514319 
-480.529221 
-263.011617 
-324.846656 
-285.498740 
-179.369266 
-116.691101 
-178.524927 
-190.522196 
-101.543402 
69.652478 
260.144076 
309.298844 
399.229877 
329.968575 
439.388261 
405.168174 
521.174075 
403.319093 
395.520970 
456.170621 
322.242550 
318.354691 
443.459145 
481.790751 
436.162208 
330.330235 
315.595032 
150.973524 
84.834151 
231.623251 
103.005186 
2.990540 
223.224272 
179.046300 
160.238116 
197.570779 
245.247858 
223.223646 
212.089642 
283.161152 
199.846569 
137.189005 
333.521725 
223.225598 
477.325065 
410.457642 
193.877932 
-29.997167 
-186.668792 
-379.134572 
-444.137533 
-513.461985 
-240.384830 
-145.683117 
2.991512 
243.875009 
-747.182713 
-675.239499 
-1099.120776 
-1374.164686 
-1163.243018 
-770.502220 
-156.203104 
2.991511 
145.399729 
89.432004 
-407.394544 
-561.547684 
-593.489996 
-886.796461 
-752.804607 
-561.998446 
-437.474491 
-239.699401 
-450.247409 
-327.355539 
-217.239524 
-168.047118 
-35.657340 
-60.767221 
113.115608 
223.230478 
44.685432 
127.795424 
326.466632 
324.117439 
420.515722 
412.241339 
113.108036 
147.522416 
223.227722 
258.866620 
154.588519 
352.668788 
459.806923 
326.161301 
364.856116 
430.766003 
333.349508 
247.229690 
174.076954 
101.482816 
314.413392 
278.226567 
236.339651 
274.024049 
280.342812 
376.791931 
227.324531 
301.194120 
223.227572 
208.375495 
121.087833 
279.883046 
230.641237 
236.180697 
367.586050 
140.900864 
159.227724 
31.500366 
-127.512504 
-206.360774 
-254.130255 
-327.360800 
-496.368450 
-502.784593 
-392.370937 
-327.791426 
-218.621951 
-343.776212 
-356.011492 
-281.817687 
-388.916404 
-780.755956 
-1318.417320 
-1196.298332 
-1174.085129 
-1098.181704 
-733.609861 
-437.757351 
-437.478340 
-217.244689 
-345.741448 
-273.178401 
-30.005002 
-62.578861 
102.083766 
-189.605194 
-327.361528 
-556.264400 
-437.478237 
-457.321435 
-395.897734 
-214.367880 
123.849291 
176.162707 
247.488771 
290.428298 
156.223830 
240.473447 
193.144766 
151.201349 
183.566224 
293.370612 
247.902131 
223.227009 
157.407728 
117.358330 
92.099973 
74.704533 
131.999912 
110.180235 
223.227669 
223.228095 
337.379252 
443.461601 
240.481537 
399.414517 
297.040432 
315.995792 
262.865957 
336.717666 
443.460416 
487.155600 
334.135572 
272.625619 
146.901779 
147.523513 
306.462760 
273.438291 
316.260147 
263.974399 
118.265194 
-197.799100 
26.011780 
-39.747435 
99.121084 
211.491749 
445.644782 
663.695733 
686.189622 
767.088515 
773.812796 
835.713493 
553.577956 
601.467100 
613.785006 
443.477380 
-2131.693081 
1281.067025 
1664.707312 
2181.295447 
549.478646 
10.339410 
2867.940319 
3.013899 
-2530.067327 
1066.661454 
-1699.949777 
1937.439487 
-626.282847 
2152.411366 
1849.011713 
332.488399 
326.734076 
2.997767 
1434.374703 
-335.057757 
3.003075 
-699.280248 
1349.321378 
-206.779741 
-968.979187 
-4993.208440 
637.368422 
-1344.290577 
-193.782599 
1128.527495 
-820.540534 
-200.220454 
-640.798273 
-1127.452634 
2573.376880 
-2075.229989 
1606.871451 
-1318.424696 
-774.332220 
-2634.801878 
-1653.186722 
-3475.793209 
-692.217010 
4009.265695 
-657.719828 
-803.049027 
719.709373 
-217.256096 
-245.106736 
1588.247758 
-190.918608 
-226.648738 
-182.849531 
-644.598121 
-1022.130654 
-217.258697 
563.787065 
-1356.258200 
-1058.020929 
216.654567 
-351.740896 
-114.952672 
1771.719314 
674.939430 
627.574093 
3361.220256 
-1541.584631 
-1364.549179 
1795.496313 
579.778440 
-800.568799 
1780.222118 
2953.748635 
-642.022533 
2280.912194 
7688.673701 
1265.715989 
561.691361 
81.604078 
2333.314944 
2986.097348 
2186.412419 
-329.202765 
3391.779185 
1117.846148 
945.946273 
6499.905130 
-958.024128 
4895.699673 
754.073046 
3299.175380 
1773.547112 
-73.188428 
2738.694824 
5178.502914 
-183.501551 
-150.804312 
3907.745826 
1882.875798 
-1450.361210 
-413.888549 
1713.435945 
-179.004839 
3967.231571 
2280.516800 
-3016.668462 
2947.510607 
1964.989258 
346.486220 
1324.398648 
2145.401634 
-228.244346 
-833.058475 
-3201.969332 
2257.276354 
2205.349148 
2539.401764 
-4691.614655 
-3340.594808 
688.345476 
127.921630 
553.599555 
-5184.204014 
3526.762679 
-1647.992821 
1644.148068 
-2896.239046 
1793.438441 
-444.425891 
-670.303719 
-3397.505930 
-4028.432036 
1457.192936 
-852.844816 
-2671.961804 
-318.701848 
-1953.888146 
19.272094 
-3172.198026 
777.968611 
-210.371100 
1848.260155 
-252.990140 
1299.898349 
-4878.443700 
-6615.100618 
-807.219626 
-966.340098 
316.043016 
-1564.731512 
567.234487 
3381.422837 
-1001.675355 
1428.124864 
-723.369652 
2425.573727 
-1464.985938 
1568.796884 
-6995.915060 
2866.053106 
-237.531309 
-1570.490939 
2555.037218 
-667.003836 
2440.768573 
1761.002557 
-5498.765444 
868.767567 
-697.977855 
-1030.250226 
3192.915869 
-1427.992512 
2810.725747 
113.116605 
994.068427 
3631.800085 
-6123.660979 
-964.466955 
-1485.675625 
98.041148 
33.141819 
-440.331054 
-490.142896 
855.398764 
-735.050290 
-4028.311651 
710.565233 
-881.973531 
-1034.112875 
-261.584388 
159.378150 
-1593.003966 
616.990280 
443.477357 
2396.057221 
5839.207118 
-6732.850801 
-1616.044413 
-2698.863102 
-269.922084 
-1136.504828 
663.707107 
2393.269749 
-5412.369962 
-1261.345903 
100.106473 
-1849.292896 
-121.841058 
-2222.329159 
-2109.380385 
-3865.372249 
-982.436536 
-2993.674288 
1104.176759 
988.525083 
-107.118555 
-2519.294104 
2059.117758 
106.570416 
21.346654 
-1940.122616 
601.388821 
-156.259221 
236.812802 
-2584.751592 
926.350925 
-145.540998 
-2347.015931 
1712.729238 
-358.999520 
1384.762606 
-1693.522491 
-755.003029 
2920.244858 
-1996.418276 
-1192.519509 
4864.881348 
-785.150252 
1043.843648 
223.246304 
2425.594134 
-453.837880 
-3530.862431 
1608.518851 
333.463232 
-2938.551331 
4834.530559 
-4650.185578 
2546.226903 
-290.465767 
1587.232262 
881.103833 
4120.709378 
-3225.761872 
2048.671867 
-2470.124981 
223.238790 
3636.873647 
223.231637 
2976.171835 
6961.185726 
-3477.669188 
2162.936560 
-798.891436 
3138.644154 
-2056.647283 
-981.357294 
386.919689 
3849.521224 
-3388.000347 
-616.390033 
435.959875 
-697.051582 
-1344.870463 
-1325.870374 
-986.151149 
2025.586868 
-1001.094061 
1670.111037 
1324.383987 
-313.362280 
-919.530447 
67.420166 
-657.721007 
416.533073 
-3686.415153 
1654.727707 
1533.792910 
-1035.338955 
1324.368836 
1889.649225 
-2856.533664 
-187.942581 
-5248.248052 
-2827.067541 
-1207.555951 
-2225.380313 
297.369485 
3070.761781 
-770.776756 
312.352694 
1242.680295 
3996.384246 
-1405.843878 
1026.919385 
3357.512575 
-2257.346479 
678.669120 
3176.871699 
439.903236 
401.896450 
-10.347750 
-1218.409630 
-1431.380740 
1329.824105 
2390.279460 
245.218670 
493.493237 
-1670.622602 
-2692.716410 
1541.074870 
286.105041 
-323.729710 
2530.577077 
-1265.623726 
312.318561 
3746.972789 
-321.619298 
2159.018881 
888.499540 
1586.212706 
-2659.320189 
2009.829780 
-1122.101957 
-1134.954384 
2.998324 
3857.094764 
1878.440327 
-1291.739398 
1660.694641 
-1751.527724 
2.995391 
-780.888029 
-29.651599 
-1073.470057 
-3746.013382 
306.894417 
2755.922758 
738.011551 
-863.649793 
612.206947 
25.277215 
-2625.737352 
320.330524 
-1784.283110 
674.220524 
-496.442431 
-1630.241405 
2755.920540 
-1559.293922 
-623.302396 
-2214.154492 
-2330.446580 
-2034.996108 
1272.012514 
-2059.131728 
1016.236339 
3636.853304 
2343.834031 
-1602.660401 
-872.333591 
-718.130863 
-1175.015445 
-3724.558224 
-3215.863715 
-296.683813 
1434.502591 
612.838801 
-1139.112044 
-877.947728 
1324.393517 
779.791848 
-1388.892289 
-1670.641916 
-217.243180 
3196.399477 
701.413376 
-1634.065413 
67.265921 
1040.343008 
97.817665 
378.474686 
2.992387 
119.990225 
553.579389 
1039.140016 
-262.484111 
1311.298698 
3004.665901 
-1476.303774 
1477.024175 
1871.475193 
1985.101322 
1170.941589 
772.528042 
-149.268537 
-1382.208485 
1067.456260 
-4125.511476 
2448.634713 
-828.487462 
2522.345918 
-1415.387368 
2633.767755 
2315.465371 
-1812.749764 
6165.046445 
1533.948291 
1549.413839 
-4758.116695 
933.887893 
-1264.597502 
4.060455 
728.855765 
-1385.196504 
264.067836 
1442.896706 
113.114862 
-2291.961169 
225.133263 
-771.285393 
-1579.495129 
1180.034655 
-769.873795 
2544.357741 
1275.438715 
2836.729768 
-355.515971 
113.119614 
393.048665 
-2373.027313 
113.107758 
-1447.573859 
-3408.976191 
223.231171 
223.232526 
-2182.116641 
-1934.870751 
1515.048434 
-1490.153175 
333.775667 
-2906.592928 
113.117852 
-1452.099203 
-1098.171653 
-340.268245 
-1821.759811 
592.231219 
497.981433 
-6572.819237 
1543.396084 
-2109.054634 
-887.583018 
54.586056 
-3545.934184 
-1082.856457 
315.614110 
-3698.051365 
-1168.768006 
-437.462592 
591.203725 
903.703034 
-4900.863370 
-1794.814226 
-1025.313237 
932.711583 
-217.231782 
-217.227275 
-2444.102101 
1214.293065 
-1995.689727 
-1858.724271 
-1750.668633 
-1149.326836 
711.120676 
468.012896 
223.234142 
-860.163284 
-1313.293936 
-2334.698125 
-2977.544696 
-2398.934302 
-398.441642 
1643.763199 
-1666.401049 
95.807814 
-2713.912469 
-150.427861 
-1402.677074 
-3826.127428 
-1437.737526 
-156.825855 
1069.477745 
223.219197 
-47.281921 
756.027085 
333.344658 
280.394110 
-1869.002517 
-3748.760836 
-515.830761 
1764.877484 
-1003.653670 
1961.718619 
3313.124729 
4601.969766 
-4123.001108 
-1986.467690 
1693.649818 
1764.873929 
-3282.963041 
3361.646741 
-1486.029980 
1916.948503 
756.762503 
4560.600991 
5386.539603 
1156.153007 
2118.123973 
2976.157511 
438.070535 
27.416258 
5618.963826 
508.753109 
2983.648141 
-612.311921 
856.494391 
-3779.829121 
53.071034 
3644.205086 
-706.372032 
1287.211847 
-628.203908 
2827.923597 
2831.786674 
-616.845900 
1889.763386 
3547.844278 
-395.077693 
-437.481278 
3846.311951 
-901.270478 
-2272.074098 
-301.728342 
1471.936341 
5147.145140 
2683.101371 
-1831.374116 
-1680.987861 
2205.362709 
-644.344967 
7312.344878 
3743.217844 
4877.237132 
1441.397132 
1776.479060 
325.879651 
12886.731543 
934.521950 
1043.125654 
1053.237522 
-1554.627064 
548.565944 
-1808.069127 
1781.307517 
3396.264338 
-2094.580471 
3172.431103 
-383.108297 
2296.012664 
1944.881752 
3698.725113 
794.286929 
-42.387339 
-370.418496 
3153.900601 
2517.315926 
10657.381348 
-1482.575120 
2363.551508 
1042.610367 
2152.645367 
5677.931369 
1137.797140 
21.215323 
2456.771780 
3559.545296 
-1450.331301 
6499.980482 
-391.087253 
3909.377567 
1380.808981 
4708.740625 
3955.645910 
-242.685254 
246.960071 
3526.804377 
-1642.642248 
3414.054534 
1407.832255 
2851.492204 
-1590.302079 
-982.141781 
3974.129570 
-1942.539684 
2425.598771 
1437.658876 
-5634.272374 
5615.990922 
279.768257 
3295.584783 
1985.164808 
3092.256351 
-1731.042080 
-1229.731441 
-2930.873188 
1993.866449 
1764.930779 
2100.124718 
-4121.137047 
-3561.796027 
2443.356686 
2214.583992 
2315.481450 
-4631.875353 
3526.782775 
-3138.811154 
589.536469 
1618.250725 
2601.495235 
-3096.821721 
1685.315723 
-2883.941368 
-1422.883141 
903.128319 
585.173523 
-548.880702 
-3018.546673 
-3957.706326 
-3322.012192 
-3164.393487 
-93.328184 
-100.213517 
-1732.009207 
-4785.257362 
560.735193 
-5647.123360 
-5873.874469 
-3539.804062 
-1089.956363 
-2416.246058 
-2060.494343 
1177.110668 
2365.776153 
-618.235214 
2006.351131 
-1862.413105 
1764.895270 
-1906.753215 
-361.752877 
-2454.695373 
3086.292037 
-1308.164843 
-1682.731045 
1964.979861 
760.810986 
116.532882 
1459.877590 
-4055.523988 
2091.976511 
-815.470519 
-2743.396359 
4702.482230 
-487.505218 
-2055.009497 
-217.245850 
1324.406970 
3607.508075 
-2984.325252 
100.007213 
-3396.104188 
-934.858787 
7096.137228 
-1482.611666 
1569.301782 
88.452830 
-342.744019 
-3215.873816 
3467.081960 
2614.088564 
123.421338 
2052.958450 
2056.117623 
4.656190 
1540.667222 
5839.199663 
1122.604234 
5398.731200 
-6265.287092 
-1892.133412 
129.748246 
665.041198 
530.840418 
4297.565018 
-695.521202 
-5932.020698 
-153.758809 
-8133.964829 
832.708082 
3440.713541 
-2458.326220 
-3222.920595 
-3398.134451 
-2920.151955 
-364.149041 
4077.343275 
-353.220478 
1177.601326 
-2205.020282 
1334.887466 
-123.137118 
3358.545321 
-2715.012810 
193.656140 
-843.023909 
-811.830884 
-861.379551 
-1102.589217 
255.814680 
-4616.666357 
1364.191463 
2646.841550 
77.249341 
-1564.204541 
685.605040 
-6.198809 
-427.878026 
-318.267665 
1280.203328 
-1210.764996 
342.031231 
2205.350359 
6940.386480 
-5940.007452 
-765.368782 
-2047.312165 
-1600.794166 
-1532.095795 
594.605739 
-7707.480558 
897.321728 
-626.739665 
1408.659690 
-1684.404712 
4244.519258 
-2440.819652 
-363.754194 
-906.489191 
2095.249146 
-107.108974 
3857.112888 
1764.892201 
3092.247500 
-2336.943975 
4110.240383 
-120.864943 
4611.185865 
-2964.125621 
-2015.281179 
17.620828 
4096.571087 
-3083.986976 
-355.527072 
1829.798018 
-2271.839042 
-5949.957425 
85.749026 
-2334.400145 
1218.151451 
-2343.829883 
-456.362074 
113.140448 
-1032.993067 
-2215.984515 
-2400.287852 
2535.729828 
-2322.369419 
-4359.952940 
-437.449278 
2954.773210 
-1505.811198 
6720.151126 
-107.122351 
-1813.040161 
-2663.137543 
-3802.904492 
-1304.856410 
715.289670 
-44.494084 
-3620.423974 
4456.595515 
-1424.366452 
-1337.076211 
2313.546460 
2623.926869 
-2405.019572 
2252.715054 
2937.150990 
-1352.900487 
1175.543979 
3170.145521 
809.519791 
2041.782710 
542.234301 
-1568.456252 
-1974.963588 
113.835493 
1727.074689 
-2513.374757 
-3034.043877 
-1259.993318 
-4104.462234 
2727.562008 
-2103.379562 
479.337882 
-574.482795 
-1854.120351 
4694.395357 
7380.871082 
-7973.389090 
2360.361883 
967.281411 
710.749312 
-2886.255412 
2813.486345 
-3255.577936 
-1376.018005 
4077.372297 
1985.137838 
3507.608953 
-1606.322405 
2731.977568 
-3161.065465 
3636.892693 
-1844.460664 
-60.600623 
-916.046049 
-5032.971769 
-1756.826347 
1875.027272 
1819.100983 
1262.755655 
-1357.965927 
-2348.347031 
757.558120 
2767.795410 
-478.545323 
-475.010302 
100.277316 
-1167.024679 
443.498452 
-1738.256909 
-2219.982993 
388.532456 
-3728.921130 
-2626.121303 
3433.682841 
-3264.968630 
2808.246505 
-217.228934 
-536.490066 
-4120.074599 
29.601290 
232.352586 
-1183.932868 
-4680.477791 
-510.826380 
1892.836478 
-547.578521 
135.900252 
82.396835 
1654.744122 
1434.527570 
-1117.877841 
841.643459 
-2352.647515 
3636.849596 
1654.729664 
1111.240732 
-1164.331002 
-2672.421535 
3234.478788 
2972.531128 
880.573642 
1434.521919 
-4319.109000 
333.283996 
-677.483464 
417.194279 
2205.311774 
1551.974311 
-1667.159797 
-1600.171645 
2804.313597 
1324.379563 
2933.873377 
-2309.596005 
-1129.878781 
-4585.240552 
562.070376 
-2682.986746 
-776.264381 
-921.376332 
2419.119144 
-1091.291110 
2525.563901 
2095.204175 
-3047.141995 
1871.058506 
-452.678429 
2621.570111 
-3127.136545 
-1407.295637 
871.496309 
-2289.085225 
32.771919 
-182.759625 
-986.529994 
-909.978250 
113.152045 
-4439.978271 
285.469361 
-1717.937465 
-4362.548355 
2404.237195 
-1174.882040 
276.919184 
340.564839 
175.147845 
-1889.733834 
-988.002183 
-2610.172882 
-4479.270366 
-1318.362610 
-3557.726941 
-5389.488223 
-547.553703 
-1538.625265 
-2483.194468 
-1769.752785 
-3566.648916 
-1125.706792 
-606.945795 
-5764.626808 
-217.206223 
-2266.874926 
-217.211308 
-1669.774403 
-1745.466634 
-1466.231709 
-692.450144 
-5084.063090 
819.142696 
-4994.515377 
-2538.251886 
-634.743818 
-1777.420902 
-2809.055022 
-2539.740581 
-3925.604034 
-469.741682 
-327.357681 
682.808261 
1547.625462 
-4147.142161 
-2188.896215 
623.626979 
2658.163787 
-437.485983 
2095.224023 
-1686.267929 
223.218990 
2416.587767 
-1206.162898 
-2785.379593 
-2461.504057 
-1962.539883 
857.682720 
113.104498 
20.076028 
-1711.717847 
-2664.679845 
-3849.280542 
-1745.139224 
-1143.587735 
-1447.648937 
-824.277364 
-2985.507481 
-2729.702946 
-1156.457713 
-1661.840468 
-3063.107229 
328.352671 
-1795.908133 
-726.189947 
113.140438 
-990.352629 
68.596625 
-1868.989153 
-548.103931 
-1868.969668 
-4172.155722 
-624.185228 
5068.407642 
982.689955 
-3279.348435 
2418.875883 
-1480.849018 
-3133.929022 
4473.761020 
-203.299354 
3967.232902 
-3795.479640 
3422.933499 
-1121.599027 
4102.042220 
138.627663 
5713.992927 
2287.478525 
-578.804838 
-1255.521375 
1654.757096 
1672.848322 
2583.211925 
1544.639058 
1645.080799 
3057.888461 
-6358.552829 
-1617.678469 
32.349398 
3783.260445 
2337.720647 
1069.362135 
4982.986405 
1268.728325 
2547.586650 
2152.383341 
2171.353324 
1732.743514 
1225.412165 
-3845.408979 
443.463601 
3683.985323 
1087.169614 
1769.831311 
2531.291188 
950.202038 
8310.091541 
5283.768682 
2174.927920 
-2351.105854 
4077.322599 
1524.894324 
4371.081006 
-1022.631076 
1716.424651 
-1325.298123 
1670.775959 
320.548168 
4738.018182 
1139.384330 
-2870.997487 
-508.327484 
2546.200690 
2684.473644 
859.131690 
-893.891209 
4936.583257 
-513.519286 
3844.614293 
246.822139 
-3051.821292 
3871.663425 
-1043.747150 
2610.459501 
2018.718914 
-353.378220 
-1436.938059 
3806.567196 
11883.731879 
1246.020627 
695.244515 
-140.255977 
2710.757726 
3286.200330 
-664.630203 
-2611.215314 
-2298.224618 
92.911394 
-296.359547 
3416.647144 
-311.860082 
3772.095926 
2231.437694 
2242.048895 
3270.985779 
824.384059 
-2300.602267 
5618.976483 
-351.893575 
322.255972 
482.278751 
-117.512388 
1778.759523 
-2214.905664 
1675.172711 
-2766.088054 
5508.859739 
3652.592009 
-5923.243436 
-2204.412899 
2354.426019 
-4459.025318 
2.985713 
3380.200340 
15.630910 
2092.332046 
-4035.767661 
-1389.299085 
4187.438882 
1823.529276 
-3281.669299 
64.473828 
4514.379086 
-833.854423 
-1098.187531 
518.940286 
7601.064465 
878.007919 
538.538478 
-1118.125150 
2261.941687 
-2959.622550 
527.986445 
535.587454 
1877.686580 
-10.991963 
-2788.017695 
-2093.222859 
280.135071 
-6220.074238 
-143.194812 
814.308484 
74.528618 
1468.923653 
-1403.034320 
-2140.033802 
4386.976819 
-1550.482071 
-3680.725606 
-1369.914525 
-2758.966432 
2311.304618 
2253.916720 
4407.395277 
1432.877408 
-1225.249553 
1391.425055 
-322.039543 
5839.227272 
628.481561 
-2352.917246 
-4257.767059 
4077.334708 
-1042.216262 
-200.399751 
3396.385049 
608.055906 
1329.951819 
575.372598 
-2363.293266 
1256.389473 
-334.242402 
-3209.544573 
3251.104473 
-1861.512324 
-6199.606295 
443.473681 
3471.690275 
2099.179347 
4155.410823 
-1112.122117 
-1826.225447 
1749.436305 
1039.633291 
-4505.557986 
1844.436008 
-2752.170977 
-1050.686750 
-2638.009737 
2440.361870 
-1814.675680 
541.187203 
4573.551813 
-337.515180 
-1294.818456 
-1663.794655 
5068.381213 
676.914879 
7821.301099 
-4064.997382 
-901.438612 
-2578.357105 
-633.002776 
-1455.347202 
2095.218970 
-1674.270851 
-11872.755003 
-5908.979453 
5657.048076 
856.321780 
4293.426205 
-2220.092105 
1826.446230 
1535.366880 
-486.484564 
-2505.681884 
3636.858552 
-1839.101196 
-5466.138873 
-4668.121125 
2067.187720 
-4170.935275 
-903.924450 
639.908030 
3735.235356 
-988.931630 
-2434.957987 
1377.925809 
-1451.282240 
-940.522074 
-1884.831845 
1333.675368 
1141.839526 
2334.007580 
-419.318647 
-536.197341 
-501.853036 
1301.371505 
-2977.161255 
1651.907802 
-3435.410192 
-1955.809139 
1985.119943 
7380.860117 
-4485.672280 
-992.734251 
-1377.207653 
1409.845036 
37.532734 
3818.501429 
-7050.034898 
2471.360930 
-2614.907296 
1878.272214 
-2684.528625 
3175.829258 
-490.738435 
631.266943 
-148.247784 
3857.104784 
553.580772 
4517.806972 
1985.113949 
-495.911429 
-2051.191839 
3354.850101 
-1559.457702 
2509.697658 
-2733.135571 
-4267.323099 
-133.736257 
6973.447554 
-56.046903 
-1882.389754 
-1093.761427 
1072.226641 
-2325.856908 
2334.996007 
-3437.506647 
-12.614418 
-1815.265431 
-1300.630176 
1874.980857 
-1476.110716 
-3485.135124 
-1637.134328 
4517.802517 
75.130931 
-1516.450265 
443.463757 
370.324674 
170.630294 
4958.268171 
-107.128560 
-995.815719 
-1466.895819 
-3169.761139 
1135.792031 
-883.840517 
55.655547 
-709.904040 
1810.331372 
-2803.535691 
-331.139853 
-3428.399509 
-362.684386 
-4438.650371 
-303.461364 
1087.483522 
-2201.325448 
-3026.743539 
-4697.898007 
-308.635569 
-658.844242 
-688.867562 
-1513.981654 
-1570.464351 
608.326613 
-1479.464176 
2151.048840 
159.033456 
-3616.993825 
-5750.609776 
1404.359746 
-1927.656177 
-1667.909026 
390.526932 
-807.127690 
18.538332 
6059.448400 
-416.360172 
855.814976 
1223.366096 
475.495542 
697.855053 
1288.050517 
-2087.784145 
-2377.358875 
2976.178413 
1654.762560 
-332.314163 
-1500.065198 
-3552.594082 
-3865.806704 
3857.115540 
-3152.500762 
-912.014121 
-621.782228 
-1170.990262 
-1834.826167 
2535.707481 
-1352.394743 
663.847635 
1810.272440 
-2159.204045 
1724.338883 
-72.557268 
-118.947118 
2226.224071 
3576.685521 
247.056088 
443.477496 
-871.051061 
-1173.882638 
1543.527788 
-993.674762 
-2200.366471 
1824.986992 
-1057.766593 
1373.280394 
443.463242 
229.772514 
-4530.259738 
-165.512161 
-1139.615361 
-1433.045433 
-2083.999416 
-363.185395 
1335.497654 
443.459704 
1054.968665 
574.200937 
2535.680755 
2315.437324 
298.478179 
-467.783189 
-2730.425314 
3416.627318 
113.110534 
1946.956033 
-1986.467816 
-3139.171741 
-496.595730 
2367.205341 
-171.539528 
1875.001541 
333.342182 
223.216712 
-125.457824 
1305.847174 
900.056323 
2157.435564 
-1772.755749 
-2901.016115 
1466.168968 
1654.775484 
-1503.922563 
444.628190 
5.247019 
-4660.704412 
-2860.172095 
1667.830704 
-1396.840406 
-1698.672197 
837.906356 
874.295050 
3671.992542 
994.048112 
-3142.922494 
1053.616284 
-962.142103 
197.704729 
-2555.844186 
641.650441 
-3616.582517 
-6222.341009 
-844.331041 
1417.585134 
1049.149914 
519.443577 
3.002483 
-1515.467546 
2037.396247 
-874.476516 
-6723.608071 
1908.018245 
-4281.199297 
-2455.273191 
-1492.484793 
338.899640 
-3664.826134 
2.995550 
-3330.957835 
-1204.552951 
223.223898 
-4646.046425 
-5519.262854 
223.222924 
113.112114 
-2552.716749 
-3089.223337 
-1322.671968 
-492.777774 
117.024925 
-3957.400545 
113.107166 
-1626.813899 
-1208.302497 
-847.508020 
1757.178376 
-2625.336180 
-2595.994714 
-1674.378185 
-1842.578017 
-1783.257955 
-1090.431648 
1496.493150 
-2068.594869 
-494.785761 
-1926.248211 
481.367324 
117.865459 
-1318.424216 
-2523.140173 
1302.307214 
-3996.730166 
-1370.608851 
1421.139613 
10.973244 
-767.830760 
-767.835676 
-2125.191427 
-1758.888518 
-39.542630 
-2210.297023 
-891.295902 
-1747.116912 
-3563.588411 
444.525453 
-217.242218 
-254.076296 
620.467559 
-1213.279970 
-4431.737996 
-1655.641738 
-1967.031622 
-102.038866 
-2842.889257 
-607.356844 
-830.994400 
1264.886389 
-1616.274482 
-2930.496059 
1958.601015 
-1434.775990 
-654.856787 
-327.352220 
-1124.227889 
-2523.327512 
-1868.987425 
137.425004 
-1868.982533 
-2885.834820 
-4968.231849 
4958.263978 
531.344179 
-684.112985 
4919.658593 
-709.875005 
-4990.117753 
-1986.460279 
3450.327872 
6279.663386 
-1410.947146 
2069.208777 
-2709.633871 
1718.780903 
1245.080113 
3311.955286 
997.053423 
-4374.573877 
3074.385622 
1544.634861 
163.637414 
5215.464990 
2866.038649 
1423.850641 
2897.638102 
-3277.638642 
-1281.726729 
4769.159263 
4133.078744 
2524.256676 
-3839.277184 
1127.522308 
1078.322524 
1602.741585 
3644.592295 
-3141.077262 
2042.559700 
-898.609152 
-1232.036971 
8702.247482 
6549.854121 
-2705.240004 
-2973.199652 
1392.536601 
2957.395022 
9559.636190 
2033.486709 
-3925.500700 
-1715.818411 
443.435292 
4408.956842 
1449.929116 
-1579.298946 
539.840561 
-2433.359042 
-1450.259984 
3026.671439 
4407.646822 
4576.919894 
-1603.502861 
4402.607692 
-3995.910781 
45.484751 
-534.925443 
2908.622021 
2589.187397 
1981.754450 
1782.263793 
-1105.625694 
3403.902494 
5759.970365 
2011.039145 
1828.833900 
972.693546 
-803.324105 
-818.539370 
3383.677269 
3624.482293 
-1331.577616 
-778.034106 
1480.588583 
2376.833614 
-162.865017 
-1924.310961 
1453.083057 
-818.157388 
4692.991377 
1475.126958 
1324.369797 
3269.040908 
906.952434 
-2356.218087 
4708.645712 
621.298335 
-562.068213 
1526.331731 
2095.177468 
-557.123156 
78.036384 
-821.890238 
856.124619 
-4506.384181 
-1789.787898 
1500.234908 
-623.075189 
8481.954660 
2309.861228 
-4699.794504 
-69.934802 
-784.113322 
-1438.756303 
1985.082354 
-1446.168197 
-3801.024450 
-617.372110 
-3591.067375 
433.980500 
5398.740766 
-32.037271 
-7104.523637 
-3718.477264 
-160.231862 
711.870443 
3746.955068 
3106.744332 
223.237048 
164.996858 
720.668575 
-2561.406655 
4705.160564 
-4239.198029 
641.905682 
343.962894 
-2538.389608 
2295.749728 
-938.184155 
-1708.591302 
-1892.812875 
-1891.011848 
-214.573109 
208.816043 
-29.595607 
-5103.758795 
743.668109 
-1978.220338 
3242.630756 
-3127.492577 
-5677.559360 
106.360713 
-4134.368023 
4279.694094 
1532.609491 
-920.007251 
284.327987 
-1462.135649 
1039.099690 
1715.850140 
223.169285 
-296.565178 
-1371.600383 
-646.681874 
3857.049688 
-1516.898594 
-5417.908734 
262.328768 
2998.520881 
1691.735474 
4384.385532 
-4479.299737 
-1338.676073 
1617.841231 
-1936.476205 
465.543828 
-279.097269 
-5232.468772 
1985.053980 
3691.864905 
4241.468540 
-3951.980367 
-831.863176 
-2731.793468 
-379.010036 
214.817595 
-36.429124 
-572.355081 
493.612350 
1727.775133 
-277.063223 
3110.917814 
-1897.146983 
-742.264083 
-1146.163759 
-273.658819 
2544.799701 
50.840284 
4297.541600 
3500.833952 
2315.456967 
-5664.337560 
-2262.131770 
-2889.640820 
-2573.725217 
-1217.070007 
2645.796491 
1227.304038 
-3263.729992 
-2043.508541 
-719.348277 
-1784.298456 
1753.995937 
-402.946470 
1279.919891 
486.710957 
-7110.550647 
1557.335258 
3636.847644 
2874.482513 
3761.652715 
-4497.131936 
-3783.322123 
1399.870314 
204.941603 
2611.762989 
-331.357442 
-1598.821609 
-2516.795441 
-1174.086679 
26.160740 
482.943000 
852.734426 
-319.260923 
2716.185958 
-470.710979 
-938.002582 
-1538.736101 
558.538825 
-622.605663 
360.763623 
109.436262 
-2917.649068 
-545.993506 
8261.768985 
4077.317680 
-2447.553379 
-2468.878524 
-1322.294378 
999.086340 
4682.717248 
17.996816 
-5512.434138 
-1802.325880 
1920.050994 
48.046436 
-1201.327319 
2353.498585 
-243.616996 
-887.599752 
-1792.966818 
113.099563 
223.231227 
2205.349155 
4517.768068 
1137.878021 
-1534.735655 
2642.907301 
-2586.849114 
544.833727 
1434.872348 
-2040.362299 
-114.623230 
3988.534252 
-3614.438756 
-98.353627 
2017.423178 
-1175.379859 
-2640.985622 
-1907.974831 
-1080.654931 
-1030.250893 
-875.003787 
422.632776 
2.979058 
-2660.471451 
-1302.594163 
-1702.226558 
2.985903 
965.238599 
-8791.467222 
1104.158837 
6345.210512 
717.147751 
2205.326763 
2476.932082 
-3709.130367 
-1037.934799 
-4415.436639 
-511.584797 
-55.231291 
2364.980515 
287.882632 
-43.924661 
-1724.231594 
2576.682351 
-2391.202029 
951.994825 
850.288316 
-1197.812740 
1880.419826 
-144.165764 
-635.885607 
3020.230501 
1263.037005 
-1544.892148 
-1138.368127 
-359.294630 
1673.527777 
1131.458998 
3662.414679 
-1827.668250 
-1341.345200 
669.085078 
-2628.312821 
2420.401991 
142.931640 
-486.831570 
825.550104 
1939.684272 
4565.674121 
3416.601102 
-535.002279 
-1400.243630 
659.893721 
288.924872 
47.058292 
4257.629686 
-1434.884716 
-1127.214891 
994.041819 
-217.262348 
52.385898 
434.052585 
-153.407445 
1772.248983 
2315.452160 
2306.318766 
-2291.495171 
-142.174378 
-690.705323 
-1573.092771 
223.223774 
35.760581 
-3997.921996 
-309.653198 
2025.926350 
456.360646 
-19.690901 
-1011.880211 
-3216.763404 
1471.936441 
-109.616443 
3857.086767 
4208.125469 
-5282.627986 
958.796427 
-190.526007 
-546.702406 
884.247444 
-4076.391642 
318.553265 
1874.999571 
-3421.045495 
-1242.571170 
-2130.908079 
-1258.102398 
-481.245566 
-3323.918028 
-2293.133057 
-800.514496 
-1098.155177 
-679.059571 
1785.251991 
773.843653 
-657.689809 
-2105.522773 
333.109343 
-591.716673 
773.797667 
-1208.302976 
360.871621 
-6214.907140 
-76.059305 
561.286258 
-564.261441 
665.444150 
2.966598 
-884.785012 
2205.305516 
2592.155262 
-800.098077 
566.959325 
-666.571000 
-1126.380809 
-2439.736620 
1754.850311 
-2970.236540 
703.971279 
-325.066208 
1212.672353 
-162.961691 
79.936627 
-57.870327 
447.495243 
4.460408 
7440.261877 
-1311.759003 
3165.183467 
223.196463 
-676.748187 
-581.993739 
652.366568 
1711.277584 
-380.431024 
-428.987612 
-848.670333 
-454.308778 
108.587577 
-1694.957526 
1151.955382 
485.934803 
223.196780 
-2498.986480 
-1154.166168 
166.680589 
2230.644585 
182.120060 
-1601.861222 
-4024.499785 
-1649.904495 
1545.245243 
198.775735 
223.200530 
-495.899573 
-4095.808180 
223.208922 
-2641.020897 
1472.025445 
223.202933 
333.326540 
-1103.079880 
-2910.288271 
-1492.650763 
1241.672491 
-983.820028 
-1805.224538 
-657.711860 
-2982.382294 
-437.480698 
-1520.668798 
2669.716703 
113.097725 
-2073.443332 
-5415.107429 
-2331.637109 
-2612.758177 
1352.129870 
262.952852 
-1967.752146 
906.619810 
-2802.621894 
-793.647605 
-793.862028 
223.250439 
-542.715806 
1724.588658 
-2305.011210 
-42.467488 
-999.030139 
-991.581341 
2315.462987 
333.346760 
-6113.588211 
223.221855 
-4671.763132 
-713.951099 
-2209.781686 
-1459.608528 
-1053.619020 
-2435.843432 
113.100463 
-41.290255 
-2706.748170 
-1511.076105 
-819.694765 
-1524.895163 
-541.125364 
-1789.047992 
-2498.837302 
-874.044341 
-521.021190 
-2490.417511 
-1142.947661 
-3035.796211 
3326.066344 
-3521.509830 
1913.830872 
-1869.025761 
-2302.965340 
-1288.794616 
-1869.041466 
-251.821241 
-1869.016669 
-4254.301319 
-1889.673992 
4738.078765 
-427.701455 
-2796.757616 
4773.573069 
-1097.047577 
-4262.415960 
-2808.598473 
-2205.386245 
5178.600298 
-5477.650814 
1418.477319 
-1555.182533 
-513.135526 
-139.546943 
9329.367906 
650.464085 
-2527.464558 
2363.440016 
2095.277360 
-660.735488 
3846.607537 
3967.292425 
1385.700549 
1409.330338 
-1129.344186 
-427.985978 
5590.384992 
3586.267157 
556.436545 
-1367.467544 
-622.612638 
162.425070 
2436.834163 
2266.488658 
-2803.565191 
2794.536378 
420.826234 
-1376.254076 
7160.697145 
4604.839874 
144.433731 
504.117911 
1728.662113 
3081.586634 
8556.799099 
157.059128 
-3863.800682 
-1434.500271 
1764.886191 
875.831007 
1877.572002 
35.893722 
428.312432 
-1345.935259 
-1875.244494 
1188.262306 
3086.269630 
559.277074 
-3829.477648 
-4.655305 
-3152.979364 
-636.990138 
-2998.806453 
753.892227 
500.046937 
-3588.328740 
-2333.790591 
-4044.395245 
4128.342078 
1874.629531 
1149.847572 
183.385450 
-1097.163771 
-1360.895144 
-37.204364 
4357.149334 
620.111534 
-421.466537 
80.670274 
463.729727 
1969.310723 
486.669417 
-899.422635 
-4258.202963 
-1552.155905 
509.146124 
1008.248471 
5729.079606 
142.203638 
-572.177505 
-2241.441014 
4003.943050 
3027.865653 
-626.072411 
1610.133455 
3306.516041 
-1211.902868 
-541.235645 
115.779091 
-3675.924345 
-1524.555420 
265.804603 
2244.015141 
2102.375712 
7380.848352 
1032.678588 
-3723.298810 
3954.380608 
262.605299 
-919.202147 
8261.721054 
594.829983 
1990.716749 
2641.351129 
-1031.800684 
989.329048 
1985.166829 
4564.202254 
-1998.766211 
499.409522 
-640.830471 
614.081811 
8702.285558 
-3814.920838 
1324.376794 
-105.748624 
2153.245810 
1199.445564 
4408.685913 
1433.459765 
514.061590 
-271.541695 
1340.450554 
2627.522562 
723.619325 
-4578.292427 
397.864738 
-1979.449636 
-1116.201659 
349.282332 
939.013189 
-5723.091823 
215.333421 
-2547.733229 
565.876938 
-2749.654387 
-4814.610157 
2119.565378 
-1299.774981 
5369.963100 
-2016.374161 
832.009292 
320.912448 
-689.250783 
1451.172032 
1168.279750 
2866.043675 
1103.314822 
-2017.650823 
-691.017190 
1985.067858 
-943.022876 
-2725.018583 
594.013075 
1153.505837 
1204.867176 
400.513651 
2026.267059 
-2631.306657 
-531.225679 
-893.136962 
-1229.819512 
699.380481 
-6888.415756 
3306.485650 
4132.376293 
-1182.957977 
-2506.154329 
-2705.082319 
-1579.930522 
-1514.589535 
203.635499 
-2825.056425 
-2059.819653 
-492.016255 
287.973484 
-816.431761 
278.374691 
-355.151700 
308.099354 
-332.967166 
1244.736923 
3417.599066 
8.887445 
3086.285618 
3225.599299 
3636.894783 
-4210.405476 
-4467.881827 
-3117.279532 
369.671461 
2124.148124 
5839.230589 
1673.420879 
-6797.258283 
-1927.013030 
-609.996562 
749.456120 
765.819470 
-967.873478 
-2353.609598 
2058.410034 
-604.962708 
-646.633909 
1985.111897 
5063.073370 
3710.276510 
-2941.312731 
-2311.337468 
1361.833413 
2069.988208 
3076.087540 
-329.413640 
-2585.257834 
-4318.535448 
1647.256497 
646.964891 
1003.467718 
104.884900 
-881.151909 
-1005.535433 
-2661.201918 
493.836750 
-2243.399967 
319.104959 
-2637.655608 
-2450.741052 
-845.038457 
-3517.280567 
-1865.129749 
3526.755976 
3747.010041 
-712.360388 
-4558.222400 
893.803870 
-4540.788686 
-2292.454219 
-1762.335390 
-3917.315497 
1008.128169 
685.315796 
632.402697 
-1967.940738 
3028.881862 
5689.690884 
2280.182383 
-2215.516158 
3.025736 
2535.709433 
5839.239243 
1985.153409 
1064.728592 
-1251.368175 
4386.412093 
811.996027 
1205.193757 
-2117.629877 
-7.734989 
1154.864152 
3382.195132 
-2473.638764 
-3310.792566 
1343.664080 
-2495.430142 
-4346.388159 
-819.362524 
-2053.561681 
1625.121334 
-151.094258 
-3843.498424 
223.257979 
1125.514534 
464.334971 
-2190.815936 
2205.362728 
-51.416031 
-4703.589801 
6059.438602 
677.285882 
308.118724 
2315.468149 
127.759516 
-1038.861060 
-919.653946 
470.989017 
-4497.746450 
-546.234900 
223.676628 
-2007.300625 
-691.651752 
-4066.802115 
-1848.265999 
-517.787862 
-2284.448620 
-1167.359182 
-795.939196 
1869.406502 
2975.968962 
4551.695691 
-214.544288 
-1552.937230 
1693.766814 
521.476021 
-1872.443802 
-3016.456466 
665.039502 
3347.380655 
2244.104089 
-319.503758 
-3506.655919 
-2457.020918 
946.273719 
-1741.489356 
-1754.628485 
1091.829281 
896.475504 
1255.542308 
223.226015 
-2559.339102 
-328.703343 
1356.496542 
1828.059835 
1547.256862 
1827.409060 
-3196.528378 
-2051.340092 
1654.778124 
113.130500 
-1413.140081 
1432.953529 
-135.892382 
-3983.258803 
223.237827 
1858.488944 
-384.057887 
2055.185472 
-631.428714 
425.842593 
2976.162506 
-781.746039 
-1163.937921 
-600.258730 
3102.995626 
687.025678 
634.983261 
704.792316 
-252.712363 
3647.085116 
2002.635948 
-1758.889304 
-7292.200879 
-5158.757022 
873.464335 
1119.307152 
-2459.721963 
4.824209 
-3958.844946 
-1254.561747 
-1318.437212 
-3381.421949 
-2380.602338 
899.503027 
-703.724104 
-1030.216441 
-6491.343066 
-2063.297152 
-97.496703 
1764.845653 
851.193173 
-1155.712062 
-547.624864 
-437.478196 
1038.708362 
-819.886510 
-586.438031 
-437.489181 
-437.585152 
-500.798775 
1537.356062 
-361.071581 
-643.444682 
-1161.603001 
-1067.707662 
2315.487980 
-1511.148136 
333.349811 
821.738441 
-722.651272 
-247.726580 
-547.074378 
-1307.027704 
-3163.396951 
1312.625437 
5618.991227 
379.302832 
-326.762833 
-1851.707099 
-2706.894996 
-668.476253 
-848.702344 
-3799.354025 
29.992951 
9452.497020 
-3140.687442 
2242.835501 
333.362219 
-2518.921892 
1168.650805 
-867.401443 
1484.315326 
-2960.064628 
77.403593 
-1993.537759 
-2126.953244 
-540.927466 
-1117.766989 
331.362220 
97.625190 
333.332378 
-1836.172555 
-168.591672 
159.757891 
862.841245 
-663.619302 
-1261.493971 
-1675.756603 
-1608.242989 
1776.787007 
-935.973555 
333.342518 
268.380554 
-3356.604057 
223.215930 
753.556366 
-294.868211 
223.187771 
333.335347 
-3783.914800 
-3490.807151 
1048.068928 
1144.116247 
-9.848154 
-2033.131190 
443.446646 
1206.248442 
333.345064 
-1021.845610 
267.118567 
-1524.191801 
-2107.474164 
-1331.393245 
697.776631 
-1435.056135 
450.922076 
-632.392804 
-2659.373284 
-1330.874209 
-1790.285863 
-2582.512922 
317.113245 
113.116687 
-676.380772 
-3015.191406 
-2312.178852 
-1346.591562 
-376.202165 
767.532284 
-1318.405464 
2.999446 
-4443.473477 
113.136329 
3221.816914 
-1531.692083 
-3035.106123 
-2908.242090 
-819.062002 
1580.096854 
-1868.973395 
-177.244267 
-1020.979376 
-1998.315512 
-3462.505252 
-107.090908 
-1950.463020 
1540.526787 
-1619.362135 
-2834.151621 
-1908.972612 
327.245150 
556.120473 
-2002.139387 
-1964.222463 
-1755.689996 
891.733635 
-1868.961874 
90.306610 
1947.113184 
-1868.984312 
-1541.660883 
-1868.976343 
-2930.082128 
849.973272 
5729.070368 
-5857.576313 
-3878.528065 
3728.149544 
-179.754852 
-1640.109956 
1184.812830 
-392.799880 
2755.828802 
-4211.656230 
1066.762058 
3412.215220 
-655.273688 
3184.596826 
4840.598725 
3170.854832 
1187.293533 
2535.243355 
1434.417841 
2565.961627 
2322.641504 
5839.131377 
7387.066358 
425.896604 
-8072.632840 
-2441.785256 
2035.255078 
4355.873953 
2238.119871 
28.680086 
1009.757904 
608.256416 
3027.666208 
1919.256926 
-1117.943812 
876.310965 
591.070715 
443.005352 
3086.164410 
2750.033755 
3005.695899 
1230.480078 
1566.196180 
2161.822516 
5514.904582 
2168.713040 
848.029915 
1211.399044 
4627.889538 
-747.582857 
5394.999727 
-781.642708 
2980.818148 
477.755066 
5016.916517 
-1546.480394 
3636.810725 
551.073935 
-1265.189717 
1014.109488 
-1063.698427 
-448.725283 
-97.971580 
-2663.756077 
1869.200444 
-1343.789303 
-3457.123535 
-386.929383 
1495.885701 
3321.329121 
588.759461 
-732.518197 
-2213.814471 
-900.660844 
1387.124257 
5709.294410 
8098.007483 
-2834.017187 
1314.362765 
2050.948149 
519.094454 
2706.120317 
-1900.943825 
-3067.760378 
-2299.183968 
-911.752177 
-200.186125 
5729.079520 
1640.828472 
489.454093 
1862.944073 
4003.892919 
1818.367634 
705.227202 
-1580.180579 
3306.525494 
-2033.821191 
-3697.411187 
6033.345140 
-815.916526 
-2220.123112 
1431.584586 
-543.973894 
6.365230 
7160.549676 
1913.507857 
-3858.709818 
2050.540160 
-1096.979126 
-2487.935754 
5618.892420 
947.509944 
-2177.828877 
-336.033429 
-63.922476 
3143.666718 
3086.246471 
4224.247972 
-2068.510110 
-3722.995942 
345.312533 
1856.086767 
9583.221206 
-2299.168373 
2865.860680 
223.927747 
5214.263557 
2583.447641 
4492.738634 
284.518848 
3051.688026 
-551.013323 
1422.644866 
-278.328225 
-1632.400499 
-4465.988065 
-1503.619467 
-1368.595212 
-1791.982917 
2338.617704 
2900.019193 
-2130.526780 
60.000337 
-2768.788687 
3032.334536 
-1515.573891 
-572.164262 
-550.417774 
3210.551906 
3020.125586 
-891.593208 
4160.565225 
3115.817172 
3223.031581 
1101.153548 
5416.917666 
3967.205597 
936.888767 
2845.048566 
-1172.681175 
2205.405303 
-2819.521205 
-2986.014223 
5411.955694 
-2051.046432 
-77.453080 
2945.354203 
738.325501 
-4578.940431 
-4633.825568 
-992.013441 
-2230.724612 
4600.855109 
-5884.889038 
3857.116715 
3691.920907 
423.055223 
5199.495574 
-600.344066 
4647.040337 
-1568.894330 
2319.630750 
-3602.730735 
-591.418330 
-1719.647558 
-285.528958 
1087.934919 
-1849.337893 
1329.744723 
1620.481473 
3864.861527 
5285.769653 
-92.771259 
4889.500674 
3416.588533 
759.061706 
994.033599 
-7616.543076 
-5179.742155 
-1934.537334 
-3445.839537 
1907.786796 
1874.905828 
57.426462 
-7393.052005 
1875.846976 
-2152.284344 
2132.508570 
1163.326250 
-2234.978249 
-2531.683130 
479.170628 
-3242.409251 
-202.803264 
3967.189983 
2626.102246 
-4614.558723 
-409.064560 
1184.574708 
-2825.498798 
3112.293933 
-1771.625478 
-443.565871 
-3859.034400 
-1961.626802 
364.666320 
-591.301477 
45.857923 
-2214.723712 
-659.194187 
-3344.673298 
206.048951 
3049.484701 
-1223.940672 
235.551728 
-4664.435135 
-3023.777113 
1993.411933 
2178.501492 
-1574.918867 
3746.998494 
7160.588267 
-3875.638150 
-1685.852514 
-481.545700 
-2881.931238 
961.938000 
1979.086764 
-7250.867220 
-717.868309 
495.475343 
1334.886483 
-1849.905926 
2556.351054 
4260.307755 
2479.275936 
-1170.835975 
4297.558377 
223.215022 
1544.617259 
1985.086434 
1299.987666 
206.566134 
5879.260075 
847.411055 
674.884099 
-5162.421299 
-3052.552602 
2932.640290 
4189.680717 
-2794.630458 
-1292.349006 
-1842.299654 
-803.644721 
-1905.812635 
360.197853 
-1627.943899 
785.636023 
-3475.288955 
-4217.197928 
3857.062907 
1060.956078 
2199.594788 
-3869.391572 
6279.656973 
-2523.664525 
330.582385 
4297.514909 
1467.070741 
-2450.968496 
-217.270127 
362.637744 
-5932.375888 
-3708.243297 
-1634.946022 
-5858.687287 
-547.013334 
-1775.901863 
-4287.855003 
-598.927057 
-3938.101498 
-2667.845635 
-732.703729 
-1065.918167 
-5341.672657 
259.955511 
2741.778023 
1005.378145 
403.106753 
-2857.785577 
-2.635226 
640.426522 
625.849388 
-2042.998311 
-2678.090810 
495.090464 
-1455.664951 
1286.465600 
-1802.424026 
-2110.050020 
-2015.924486 
1231.527654 
-2826.487020 
-2953.535801 
1214.585770 
-1202.845527 
10.589991 
-437.505919 
-1927.829495 
296.944101 
-85.551026 
2196.939927 
996.258807 
1287.158023 
873.518782 
-665.609966 
-217.280066 
223.203228 
2274.594899 
970.112709 
881.635504 
-4100.541819 
1654.705924 
135.924921 
1220.488192 
1250.471946 
-4496.891561 
-4079.201631 
223.186243 
228.523697 
-254.172117 
-2766.560382 
3343.638605 
-917.138592 
2546.530035 
282.608246 
-436.191319 
2249.035992 
56.503281 
2095.181546 
-5915.884046 
3836.360568 
-242.361880 
-473.314074 
-1817.814892 
30.628405 
-2653.169388 
3099.624206 
2.986563 
-838.148689 
-5270.257477 
664.153962 
-3986.546300 
-2257.730601 
-7180.755836 
-603.842039 
-1794.007832 
1874.907227 
-748.501428 
-1970.160806 
223.120521 
3416.576014 
849.933913 
2.165683 
-1539.891398 
333.271864 
333.247144 
3058.599771 
-929.354085 
-75.178837 
-2558.294917 
2257.532787 
159.322497 
2095.085565 
-1662.621299 
553.623334 
-1145.134195 
-1050.899767 
498.598072 
-3227.186896 
-640.439983 
-4429.644225 
648.725325 
4187.306668 
-303.999678 
-2119.733108 
-2036.691548 
191.813647 
-1595.338186 
-459.844382 
80.184050 
-1995.583046 
6084.357409 
-2191.561337 
1126.848640 
223.274594 
-2206.808304 
1760.196613 
-1407.364880 
1121.950269 
-3138.339102 
-111.359137 
-1111.821466 
-4050.148287 
-1358.082728 
-2617.555223 
-467.382022 
-50.148752 
333.362315 
-3689.435080 
-249.103034 
492.957350 
-5266.638326 
-2582.395960 
-4003.823665 
-3064.667433 
-1123.362948 
400.364977 
-2783.598156 
113.113193 
-2747.291218 
-2217.277263 
-1538.642954 
-446.198577 
-1741.745160 
-1208.316443 
-1868.980698 
-194.186116 
-4299.013498 
232.679623 
1546.800220 
1388.910876 
-3542.235429 
-1758.875219 
97.858907 
1434.498800 
-145.555199 
-2860.327371 
-1039.818477 
-3578.431567 
-3721.411309 
-590.914938 
-128.841691 
-1310.790709 
-1524.882190 
-1223.213451 
-3670.924766 
-691.474218 
-2030.966480 
490.552546 
-217.204655 
-1959.949967 
33.853900 
-1215.900190 
-4067.542675 
-1097.934508 
229.081217 
-217.218232 
2.937483 
-2377.777472 
113.104857 
1593.077418 
-660.744282 
-793.289970 
644.478380 
-3642.919616 
2279.010840 
-1869.043054 
-608.613108 
105.690193 
-2809.620564 
-5662.624515 
-1869.009104 
-1972.337210 
2340.743643 
-980.552626 
-4742.067835 
-2824.481093 
314.081465 
173.019508 
-4185.452512 
-1388.793036 
-444.492312 
880.398006 
-1868.990386 
2067.385922 
-484.395331 
-1868.988499 
1132.725379 
-1869.009082 
-4253.793645 
277.054025 
6279.664743 
-509.241258 
1276.290032 
486.356875 
-3989.331731 
-2759.690819 
4003.914940 
5784.508391 
1544.627512 
-506.126286 
-2396.856162 
-1577.626307 
4650.936215 
-413.411141 
2390.248434 
311.517838 
-5470.829896 
881.186301 
223.225496 
2517.023438 
2968.776077 
4407.682177 
4756.817259 
3548.051170 
-8360.143911 
3382.404717 
4445.776408 
2113.933786 
1569.724388 
-1995.340391 
-2607.647855 
-1012.030900 
1413.033268 
-4684.459071 
-1203.879021 
706.184174 
2171.823476 
5514.747402 
5618.967607 
2373.562392 
754.251997 
903.304902 
1339.555923 
2572.839128 
7171.658592 
-3200.225141 
-1001.250786 
-2080.748536 
5398.730419 
-1369.731124 
3750.094149 
2362.388265 
1773.207833 
-4222.755276 
4272.911374 
-534.435759 
2425.567840 
2624.765684 
1236.452573 
2308.202078 
1524.015053 
1402.141809 
1938.175251 
268.995484 
5151.305654 
-1814.012786 
57.788693 
264.104251 
-2551.387659 
1222.822418 
1242.547519 
-868.566620 
-415.520045 
1531.131860 
-624.035507 
4039.173391 
9833.702635 
-264.846907 
80.520224 
2354.641829 
2044.196072 
3108.390680 
-948.192537 
2362.167245 
661.626858 
103.767475 
-1807.113470 
9583.178824 
1716.353366 
527.637446 
-1090.808527 
362.700584 
3779.474053 
171.619036 
825.776941 
2645.800003 
-152.741496 
1120.005890 
2458.972717 
-570.107673 
848.383737 
-278.288615 
1734.459756 
1698.714074 
2095.213216 
-660.251732 
-2692.038644 
-593.234875 
-1035.062927 
-1328.524935 
663.698719 
374.186245 
751.601183 
398.937791 
1828.432733 
-1142.662881 
5178.491184 
2655.284365 
-1321.228629 
-3942.291054 
1773.377405 
-957.782805 
-217.248074 
-1076.807041 
5178.508297 
2920.431354 
1157.312959 
205.698732 
3089.101602 
-1599.634007 
1833.003193 
-1315.688163 
-3362.111466 
-4155.982123 
-3631.968058 
-766.746440 
180.239224 
-6582.281601 
94.010464 
1450.704220 
4948.123753 
2198.470430 
-924.627106 
-1861.982443 
194.779632 
-8095.138146 
-6786.659863 
-2698.257660 
-1527.524473 
-3020.573220 
-2228.176748 
1731.683277 
-682.353162 
-2126.793159 
739.335319 
2675.015598 
5839.218997 
-1902.055433 
2831.418813 
-3883.557140 
2205.355535 
-109.857124 
-3750.918878 
2072.860735 
327.548092 
-283.471120 
-1111.747660 
-1793.746056 
-3558.164120 
2316.718590 
-238.152180 
-1851.581702 
239.162226 
-258.977088 
2425.579898 
3912.160092 
1723.055031 
4516.546326 
0.938017 
860.870214 
2748.725125 
-683.917046 
-5763.109879 
-225.313079 
-3361.631997 
338.156147 
-4509.813619 
589.368316 
-4422.533866 
-1307.381158 
819.652255 
6897.164142 
2632.289679 
301.395941 
4077.326933 
551.638331 
1434.514537 
477.283261 
-423.249036 
-936.547590 
-3200.014943 
2494.087293 
2315.453900 
1245.484679 
-5546.217846 
1809.625886 
1200.612159 
2468.383107 
586.431830 
-3412.906564 
-2396.714421 
423.218794 
-1438.445211 
-1328.595910 
4187.443815 
1503.675208 
-5847.904527 
-2457.408291 
3338.027683 
-2330.077578 
601.689152 
1559.914892 
1569.811100 
-3494.942765 
-3109.405753 
-397.785942 
980.975651 
1343.015646 
-2609.114411 
-4794.009296 
-2696.599602 
-584.116061 
57.102122 
-232.638248 
815.268934 
569.932448 
-5240.995139 
829.904159 
1922.440711 
-664.376895 
2205.338591 
6279.675575 
-4908.868794 
-548.939947 
546.667758 
-2776.667759 
2418.585286 
2514.323160 
-6316.814227 
711.786342 
-3581.207253 
-2213.344026 
-2884.334960 
1812.644015 
1123.604298 
2464.000022 
-3860.078237 
3857.093057 
1985.103498 
1874.985334 
1324.399246 
2605.910067 
-1527.690830 
522.419282 
-816.443074 
-1307.382904 
-3580.431533 
-1026.720823 
-1519.967373 
5683.065420 
-5039.580811 
-2588.456379 
-1639.139570 
-1123.361818 
-5449.470393 
-1799.080878 
1422.728398 
-352.025230 
-2028.833979 
-3761.036461 
3196.389729 
-1117.010214 
-776.153921 
-332.186576 
4958.264823 
-2243.648732 
-3067.419700 
1544.632659 
-60.230201 
203.099061 
883.930194 
245.250607 
-974.240984 
-2922.458753 
1902.522112 
-461.704485 
3140.664418 
1748.810811 
-1247.911206 
-204.516036 
-1493.591851 
699.455702 
-2437.396521 
-3090.768069 
2356.698029 
1000.759006 
153.555224 
555.638768 
-4268.996462 
-2099.988220 
-560.766323 
64.434095 
-1533.626312 
-2157.810740 
-1016.353689 
-2222.779735 
1399.655658 
-1679.555548 
-629.344579 
1178.742312 
-5109.566514 
636.054358 
-1486.847533 
1884.327334 
5064.585190 
1785.400524 
-1154.144336 
223.231555 
-592.844401 
167.919994 
1829.841735 
2314.569991 
-228.017953 
1022.195561 
-1398.464561 
-1004.647682 
223.230795 
223.230215 
1069.929011 
-1643.648479 
-502.694981 
-3630.877434 
4297.565841 
134.740978 
1608.280868 
154.242268 
-1535.242615 
548.656072 
223.225467 
1075.425259 
-863.000350 
-1212.748266 
381.016580 
-888.617760 
-989.396416 
-1004.610341 
-817.035985 
989.799551 
159.192820 
2095.220897 
1042.223802 
-2832.530318 
3925.139704 
317.626357 
-2185.987033 
111.701525 
-2979.035620 
1075.125434 
223.222986 
-898.935370 
-2264.501540 
-656.785762 
-1918.045919 
-7.211024 
635.239333 
-223.067560 
-587.129608 
2095.221300 
-4.182765 
-208.429452 
223.230071 
2315.460462 
-411.877101 
32.936722 
-2544.055674 
113.123354 
3.004380 
4111.648520 
-1986.437749 
416.436662 
-1765.478603 
1183.517006 
1533.001261 
1875.000787 
574.237609 
-107.117466 
-1887.510289 
509.493186 
-546.554359 
2243.347657 
1232.013441 
-2667.014037 
-1018.541626 
3746.992252 
2674.590521 
-438.830420 
-1504.893013 
1695.210927 
-2215.192074 
520.468726 
934.106694 
949.409644 
-286.496997 
-2971.310687 
1652.261064 
3.005746 
326.321227 
3516.668441 
-1548.815550 
1419.887099 
-1730.862352 
2580.935885 
1295.834619 
-1356.378776 
-1534.729328 
-2020.538325 
1859.308391 
1236.078125 
333.349234 
-3310.525192 
662.760376 
1768.370826 
-8325.468632 
-789.807151 
-1664.074750 
-1961.150530 
-1610.239315 
2089.196745 
335.124392 
333.347319 
719.135322 
407.659657 
443.468618 
-2871.136538 
-2826.062302 
443.464488 
443.467696 
-1894.013934 
-3300.190650 
-617.193465 
-111.018390 
198.034065 
-2089.478658 
443.466181 
-1333.540937 
2535.692585 
-200.262359 
-557.059485 
1053.612005 
-3602.818769 
-1651.106914 
-2539.519312 
-719.942847 
-1669.943237 
936.983305 
-1787.063398 
-1925.226919 
-1066.490318 
591.069844 
-558.580019 
333.348028 
1239.783082 
-1785.688002 
-2068.586858 
513.966210 
-427.491119 
702.809411 
-767.827057 
-1318.413152 
-2472.677740 
-547.591771 
-2991.891199 
-1406.874120 
2048.770665 
-1284.843691 
-1949.819276 
-3004.925626 
-1868.995016 
955.885339 
2024.926490 
-1871.546538 
-3503.201811 
-1868.997513 
-1444.765077 
-4259.811456 
-3272.054070 
-570.981646 
-386.226181 
-1392.866081 
-2934.452920 
-2237.053754 
-1902.491279 
-1624.280837 
90.908815 
-1869.000730 
2202.019011 
-2544.573599 
-1869.002908 
-2107.726703 
-1868.997741 
-4536.544069 
-3147.664879 
-1758.882812 
-1803.629536 
-1911.934914 
-1869.264518 
-1874.877614 
-1894.305187 
-1869.000002 
-1945.860047 
-1869.000003 
-1937.335819 
-1907.420955 
-1813.358020 
-1896.940413 
-1834.881997 
-1879.535019 
-1850.764918 
-1833.320735 
-1919.079513 
-1758.882814 
-1915.348445 
-1863.464080 
-1869.000003 
-1820.622844 
-1856.895273 
-2017.596762 
-1805.154496 
-1862.634644 
-1856.978289 
-1851.100912 
-1833.817526 
-1842.209231 
-1881.830849 
-1867.275286 
-1808.409557 
-1894.605892 
-1899.937929 
-1772.585144 
-1950.380864 
-1869.000002 
-1889.218733 
-1825.489800 
-1787.850068 
-1802.819073 
-1844.994478 
-1896.124153 
-1851.946722 
-1850.044938 
-1846.188392 
-1869.000002 
-1881.040814 
-1916.132230 
-1862.170673 
-1825.410941 
-1862.117676 
-1782.649939 
-1924.497583 
-1869.000001 
-1780.457239 
-1840.076385 
-1809.574780 
-1874.189926 
-1851.717120 
-1989.238058 
-1864.360073 
-1832.815319 
-1876.790415 
-1892.174224 
-1899.298387 
-1884.183707 
-1761.744429 
-1846.660339 
-1862.630772 
-1823.637443 
-1786.328535 
-1868.594333 
-1803.113191 
-1869.000002 
-1863.014291 
-1856.971079 
-1798.421481 
-1884.357738 
-1920.745021 
-1782.132067 
-1907.856973 
-1904.386589 
-1791.346300 
-1775.319750 
-1869.000000 
-1846.450672 
-1883.976215 
-1884.987446 
-1869.000001 
-1884.988008 
-1880.951976 
-1800.900678 
-1868.999999 
-1822.050454 
-1871.078128 
-1810.789851 
-1895.765476 
-1749.317721 
-1854.626780 
-1885.780396 
-1866.891384 
-1869.000001 
-1840.798939 
-1837.873216 
-1819.893357 
-1897.668407 
-1949.527099 
-1868.999999 
-1892.837430 
-1828.439408 
-1854.959796 
-1899.436939 
-1847.274168 
-1869.000000 
-1863.911031 
-1873.855026 
-1847.888941 
-1900.518406 
-1920.805901 
-1868.999999 
-1867.834967 
-1869.000000 
-1832.980353 
-1874.971153 
-1796.943702 
-1833.140929 
-1737.018770 
-1886.224838 
-1854.197330 
-1849.164597 
-1868.329749 
-1839.451494 
-1881.896136 
-1884.487332 
-1827.619728 
-1889.153752 
-1862.196994 
-1867.701690 
-1869.000001 
-1883.223715 
-1807.545335 
-1809.330728 
-1896.334289 
-1864.976746 
-1858.339448 
-1909.208943 
-1877.958328 
-1859.123421 
-1902.365770 
-1933.429256 
-1825.548334 
-1872.129192 
-1830.631020 
-1758.882816 
-1820.651695 
-1829.905952 
-1864.723289 
-1868.999998 
-1793.252943 
-1893.299199 
-1855.704142 
-1868.752014 
-1793.505844 
-1891.961691 
-1870.360227 
-1894.834376 
-1900.533785 
-1797.915852 
-1857.622407 
-1855.419193 
-1876.785200 
-1758.882813 
-1868.999999 
-1878.628775 
-1892.837430 
-1894.473409 
-1850.711420 
-1813.223869 
-1837.925939 
-1866.950269 
-1897.136766 
-1846.568877 
-1899.486316 
-1798.168921 
-1879.849703 
-1875.280274 
-1917.402740 
-1888.275117 
-1900.985628 
-1890.999575 
-1839.835997 
-1869.000002 
-1905.650669 
-1869.000001 
-1868.547325 
-1857.928073 
-1865.422120 
-1821.181961 
-1858.730140 
-1869.000000 
-1831.182784 
-1860.768814 
-1887.198363 
-1894.405950 
-1899.886328 
-1780.738565 
-1897.796630 
-1866.078214 
-1889.367971 
-1868.196260 
-1822.998709 
-1869.000000 
-1816.868390 
-1868.999999 
-1906.509412 
-1807.756201 
-1874.189925 
-1832.327942 
-1806.569493 
-1873.037639 
-1838.829785 
-1836.529208 
-1765.434815 
-1849.367287 
-1860.281444 
-1901.483395 
-1875.884523 
-1904.453642 
-1890.221465 
-1842.805862 
-1911.591317 
-1881.415906 
-1903.784388 
-1795.805502 
-1779.826245 
-1859.438984 
-1851.214007 
-1869.000001 
-1869.000000 
-1812.924252 
-1852.240742 
-1828.765203 
-1903.650825 
-1855.509846 
-1854.379731 
-1931.476302 
-1924.711144 
-1912.905341 
-1844.065506 
-1822.708822 
-1906.720122 
-1822.910273 
-1842.216997 
-1850.594990 
-1869.000001 
-1869.000002 
-1868.999998 
-1869.000000 
-1775.379096 
-1895.697260 
-1876.844781 
-1886.751851 
-1838.078906 
-1920.246079 
-1798.752244 
-1851.217599 
-1764.457866 
-1866.936079 
-1832.311472 
-1874.620626 
-1850.033421 
-1882.594740 
-1818.339451 
-1836.775422 
-1869.592456 
-1887.190230 
-1858.777511 
-1868.999998 
-1890.043475 
-1847.860005 
-1895.893990 
-1758.882813 
-1849.271741 
-1802.819073 
-1869.000002 
-1918.516756 
-1836.122366 
-1869.000001 
-1868.999999 
-1834.487193 
-1874.759459 
-1758.882811 
-1857.891974 
-1832.980353 
-1878.627993 
-1861.645516 
-1715.407011 
-1857.687215 
-1878.259291 
-1846.888801 
-1874.967523 
-1879.620151 
-1849.104879 
-1928.085612 
-1867.523248 
-1920.160953 
-1846.652412 
-1902.769174 
-1826.034614 
-1830.136419 
-1849.507206 
-1886.929369 
-1807.651599 
-1820.927431 
-1756.276821 
-1858.799923 
-1859.434910 
-1959.172663 
-1918.338496 
-1796.526982 
-1867.479623 
-1808.409556 
-1920.077249 
-1856.946159 
-1868.999999 
-1845.181921 
-1783.244463 
-1804.236396 
-1901.106525 
-1846.652407 
-1870.092215 
-1846.043753 
-1924.576167 
-1869.000000 
-1869.000000 
-1907.025558 
-1867.120458 
-1872.493111 
-1869.000002 
-1869.000000 
-1849.101484 
-1858.233094 
-1795.382960 
-1843.571109 
-1874.090114 
-1869.000002 
-1868.771760 
-1821.531233 
-1885.913056 
-1798.468219 
-1808.823802 
-1840.465370 
-1833.755022 
-1847.473413 
-1870.217163 
-1859.973023 
-1868.999998 
-1868.999998 
-1868.999998 
-1861.104874 
-1892.567603 
-1932.127801 
-1865.946808 
-1839.411682 
-1887.405669 
-1869.000000 
-1833.750736 
-1775.250065 
-1818.792347 
-1834.759253 
-1817.724152 
-1844.994474 
-1803.384782 
-1902.042168 
-1868.999998 
-1858.559228 
-1878.181157 
-1868.999999 
-1869.000000 
-1879.161878 
-1835.318093 
-1887.405667 
-1869.000002 
-1869.000001 
-1801.793287 
-1751.541669 
-1876.568945 
-1763.802728 
-1876.860733 
-1830.750341 
-1868.999996 
-1862.117677 
-1869.000000 
-1852.416563 
-1859.361056 
-1876.043468 
-1837.719589 
-1824.813535 
-1848.494968 
-1865.214711 
-1868.999999 
-1877.231093 
-1872.747090 
-1897.668405 
-1858.038022 
-1851.690137 
-1858.256350 
-1890.307486 
-1859.473239 
-1869.000003 
-1856.211541 
-1832.571588 
-1869.000001 
-1862.152955 
-1848.049135 
-1829.832356 
-1882.212471 
-1772.760315 
-1906.622910 
-1923.731251 
-1885.091514 
-1887.745058 
-1864.306619 
-1891.880880 
-1854.004197 
-1869.000002 
-1891.080210 
-1799.747557 
-1905.260643 
-1868.999999 
-1849.254756 
-1926.926627 
-1856.035270 
-1873.827559 
-1841.061790 
-1899.276928 
-1869.000000 
-1881.821409 
-1801.310023 
-1868.999999 
-1836.777195 
-1915.154423 
-1869.000001 
-1869.000000 
-1879.276855 
-1831.594281 
-1839.013475 
-1890.305071 
-1843.408884 
-1919.769394 
-1869.000000 
-1860.392667 
-1869.000001 
-1851.426507 
-1880.300476 
-1894.566210 
-1901.138550 
-1834.305606 
-1854.011244 
-1863.733156 
-1900.576786 
-1873.770910 
-1880.989181 
-1786.531269 
-1800.409432 
-1864.415151 
-1842.123369 
-1869.000000 
-1902.923141 
-1910.253888 
-1835.205207 
-1861.645517 
-1880.270353 
-1859.752611 
-1869.000001 
-1868.999999 
-1857.587532 
-1868.999999 
-1878.835259 
-1835.121071 
-1817.049644 
-1877.615721 
-1865.767209 
-1854.602118 
-1869.000001 
-1833.648703 
-1831.115295 
-1871.958880 
-1945.438824 
-1868.999999 
-1885.407196 
-1799.978152 
-1847.549174 
-1845.302836 
-1881.348137 
-1859.779446 
-1858.638345 
-1800.307623 
-1888.818746 
-1847.811633 
-1921.164768 
-1869.000001 
-1925.803543 
-1790.113536 
-1869.000001 
-1936.336961 
-1869.000000 
-1823.912343 
-1840.184982 
