-43.256981 
-15.148167 
-18.033427 
-32.191954 
18.172561 
4.413174 
7.416989 
-54.322590 
-95.678996 
-108.512558 
-181.778523 
-46.339530 
39.469167 
127.487330 
135.526855 
120.592574 
124.899989 
55.034387 
9.164329 
-26.069082 
-21.025994 
-43.257709 
-130.762004 
-123.047888 
-132.405937 
-203.810653 
-237.152194 
-182.144854 
-120.174675 
-79.663738 
-58.658346 
-39.570579 
-62.106332 
-123.851885 
-114.639294 
-122.652844 
-239.198833 
-196.444058 
-148.101709 
-81.793159 
-23.089532 
-78.274745 
-25.912394 
-33.674267 
-142.069240 
-43.882347 
-64.467680 
36.007372 
-43.257880 
-27.710206 
25.445969 
-42.080882 
-72.491856 
-48.172044 
-47.679205 
-47.069272 
-43.257331 
-16.509839 
-3.281321 
-33.176262 
-42.803065 
-25.594719 
31.989523 
34.395622 
64.962742 
11.483851 
-27.964562 
-102.054254 
-155.634567 
-147.305564 
-130.663218 
-13.335624 
85.518605 
100.207952 
94.436774 
34.577104 
3.594640 
-7.681777 
-51.628155 
-48.051933 
-72.591130 
-65.052191 
-49.441916 
-206.034774 
-185.179721 
-205.762479 
-183.842040 
-148.100560 
-149.234714 
-105.845810 
-115.734411 
-76.457861 
-115.295167 
-140.454534 
-166.469754 
-148.100799 
-245.164340 
-299.294325 
-172.681897 
-125.115267 
-134.102951 
-88.430710 
-80.906174 
-55.488551 
-43.256977 
-65.765918 
-27.918782 
-107.180748 
-84.026721 
-79.959236 
-43.257763 
-52.049930 
7.193440 
10.504493 
2.249186 
-10.087941 
9.162775 
8.958968 
-17.793261 
-21.433054 
11.748913 
17.293540 
9.163865 
11.699432 
9.163337 
-23.153891 
28.619668 
14.622834 
-81.277735 
-104.917121 
-141.755306 
-120.123410 
-18.335423 
50.410167 
109.942525 
64.500169 
-27.135967 
-27.576942 
-83.514593 
-130.819687 
-124.559223 
-156.293017 
-126.178267 
-140.520605 
-133.185548 
-80.225922 
-87.972789 
-127.646092 
-109.427061 
-98.267528 
-6.094843 
-42.716691 
-52.306046 
-64.286795 
-146.145402 
-164.995239 
-252.945310 
-173.563494 
-147.558348 
-141.348499 
-43.258185 
-108.572239 
-93.247511 
-75.710322 
-58.545641 
-13.764805 
-48.509140 
-73.023828 
-78.876749 
-150.257941 
-84.601262 
-21.986309 
17.977339 
42.258089 
9.163864 
22.269442 
32.523005 
20.641348 
84.841480 
62.075951 
26.987698 
77.428858 
64.003708 
98.152921 
88.384808 
55.446172 
88.313894 
9.128629 
9.090021 
103.603740 
101.296346 
106.285795 
54.392919 
60.816793 
61.585890 
49.609359 
61.585959 
45.102705 
10.392147 
48.960418 
83.800289 
62.938538 
61.585958 
58.809465 
40.328669 
35.984529 
-12.095658 
46.967551 
63.689542 
17.019170 
29.953467 
51.785505 
101.279668 
42.255112 
-43.257534 
-117.195278 
-135.868654 
-103.853573 
-31.277224 
114.462348 
62.686978 
80.567721 
41.431487 
50.132889 
2.034183 
-62.130706 
-88.491444 
-88.686083 
-159.109736 
-133.651950 
-143.860115 
-142.808957 
-178.149960 
-228.490618 
-233.429586 
-269.612501 
-212.095830 
-175.915665 
-129.825015 
-99.655914 
-95.679384 
-95.679423 
-117.331924 
-133.883824 
-142.892526 
-118.002177 
-201.660335 
-142.344495 
-235.959394 
-162.466849 
-123.674852 
-111.485019 
-83.735169 
-112.029968 
-102.546179 
-58.445381 
-80.482397 
-69.468810 
-43.257723 
-121.890816 
-95.679772 
-135.924398 
-126.999609 
-197.176513 
-208.704542 
-205.818250 
-166.319413 
-121.729914 
-67.945523 
-38.934799 
-45.619789 
-3.625243 
-45.421438 
-66.417858 
-96.283002 
-149.699953 
-192.543756 
-172.326208 
-173.369977 
-156.637281 
-95.679818 
-71.448501 
-50.327706 
-95.398523 
-43.257780 
-21.743448 
-9.857550 
9.164104 
44.466522 
0.670943 
9.164112 
-48.499803 
-1.480703 
-33.174373 
-21.961694 
43.299929 
29.269597 
35.745121 
-8.717299 
69.220346 
40.190950 
-67.286549 
-2.261941 
-18.420307 
-9.161351 
-7.264462 
37.921631 
10.834823 
-91.782155 
-92.351345 
-133.445755 
-76.955727 
-18.407265 
101.995961 
158.440944 
128.831168 
92.832322 
64.760988 
-41.497497 
-29.259123 
-37.483102 
-24.464996 
-110.727425 
-98.260521 
-67.935085 
-114.678284 
-72.600772 
-95.679544 
16.297061 
8.875571 
-18.558812 
7.513042 
-66.141101 
-125.906174 
-159.976163 
-242.649872 
-200.523462 
-148.101399 
-43.048478 
12.447971 
-11.142686 
-20.541138 
-69.468671 
-50.658344 
-22.613505 
-24.235160 
-7.958653 
-15.470302 
-95.679679 
-103.677397 
-158.735462 
-167.808005 
-155.459389 
-173.568920 
-131.025203 
-101.159386 
-95.670971 
-50.584960 
-66.795576 
-43.257839 
-21.962028 
-80.935920 
-60.313580 
-66.456355 
-167.039965 
-148.594412 
-182.016450 
-163.030875 
-43.258048 
-90.797859 
-5.909380 
-21.073979 
-36.821316 
-6.603058 
-101.274791 
-62.263554 
-20.100287 
-95.680360 
-63.390282 
-157.851740 
-174.312867 
-148.101840 
-172.085884 
-154.279212 
-73.912475 
-95.680445 
-43.257504 
-40.569871 
-20.541724 
28.392699 
-17.900222 
-19.470020 
-27.893704 
-43.258363 
-18.684398 
-43.258047 
-17.344449 
-18.754906 
-16.552499 
56.164967 
44.683516 
63.149738 
82.119501 
61.585394 
33.505357 
-11.622256 
27.807574 
129.927471 
78.901593 
14.324091 
-10.804431 
-32.240972 
-47.047358 
-67.384225 
-0.411837 
114.007404 
108.795257 
49.962044 
66.923742 
57.738869 
0.032443 
-11.428119 
-39.882925 
-68.198558 
-107.766766 
-125.617390 
-148.217880 
-91.194084 
-121.890782 
-54.743064 
-20.765403 
-70.747494 
12.748307 
-1.949584 
-14.065539 
-63.418685 
-138.019624 
-168.662936 
-170.473267 
-200.523863 
-71.295335 
-46.019668 
-17.047311 
-31.723936 
-57.246866 
9.164073 
-17.046923 
4.682382 
-28.506773 
-31.104049 
-27.871562 
-9.898330 
-41.345238 
9.163886 
-19.373529 
9.163945 
12.304420 
5.547707 
40.575343 
47.330503 
91.850512 
71.785121 
90.402547 
29.699458 
60.139040 
61.781894 
32.991236 
50.956026 
72.282996 
68.680659 
87.796819 
60.059038 
38.883566 
64.043865 
17.493575 
3.400931 
18.754522 
61.585962 
35.375094 
65.831126 
61.585772 
8.447653 
50.257999 
49.924276 
76.328428 
24.578023 
31.750470 
61.585738 
21.824057 
-3.908742 
14.735768 
1.501130 
-15.408900 
53.785574 
97.518839 
76.438194 
-37.051731 
-123.536244 
-231.367336 
-221.265148 
-194.200950 
-15.333470 
101.892731 
193.699084 
140.218703 
132.228386 
81.632681 
35.374928 
1.036577 
-17.046749 
-34.649360 
-29.199343 
-95.683012 
-551.166903 
11.978819 
-10.711268 
43.181554 
-305.599749 
-244.201666 
59.442285 
-200.524624 
-633.765596 
120.732645 
-634.198132 
166.685008 
-248.909184 
295.288771 
139.445077 
-252.058306 
-186.137119 
-252.946525 
75.898192 
-112.287674 
-148.106390 
-206.474234 
-95.092425 
108.819386 
-71.125649 
-654.176633 
96.259990 
-219.140135 
36.534666 
142.683133 
-46.726554 
-22.152861 
-45.391468 
-258.415122 
527.856869 
-72.536502 
112.880951 
-95.683258 
123.916231 
-252.883633 
-230.269469 
-576.023022 
-56.162116 
758.173563 
9.919005 
-204.909642 
168.757604 
61.578130 
46.469338 
223.774859 
-59.889515 
120.004003 
-103.882607 
188.162384 
-239.006866 
-95.689477 
61.448228 
-277.693358 
-310.071713 
-114.525024 
125.975337 
10.474027 
215.630800 
341.192541 
44.669299 
502.037829 
-245.616297 
-100.267105 
267.773124 
398.099602 
37.107463 
111.406600 
266.708307 
-98.446497 
336.191544 
916.167666 
106.667974 
-44.938509 
-165.190965 
772.888304 
314.121378 
74.131259 
71.357556 
579.880585 
277.404728 
256.475048 
1083.803024 
-39.031051 
767.672580 
57.481425 
678.404677 
231.343106 
-174.378016 
593.994976 
690.638361 
-97.698073 
-229.397569 
496.369590 
380.852131 
-234.930244 
-95.768599 
116.712626 
143.653031 
690.648205 
451.705356 
-549.246788 
421.129808 
53.336411 
203.371847 
402.328431 
797.610815 
47.295741 
-126.957130 
-498.204009 
253.143649 
271.270334 
416.602264 
-695.824450 
-543.702460 
482.047528 
274.468077 
245.066613 
-733.819801 
323.700498 
-359.190738 
374.487923 
-301.718671 
337.540653 
36.824509 
-377.522769 
-415.866254 
-582.878205 
182.748489 
35.998609 
-595.911034 
-206.099824 
-276.512296 
-7.988141 
-594.183605 
100.817455 
-110.409271 
270.746557 
-197.789348 
194.527212 
-1197.390031 
-1394.657943 
-400.123111 
-270.823720 
52.255081 
-365.553388 
87.568876 
481.261314 
-186.093331 
127.815482 
-378.114391 
166.436897 
-299.060249 
-10.128357 
-1175.254604 
480.963284 
-380.206174 
-382.290213 
-82.520680 
-393.225740 
218.626659 
212.430649 
-1356.571392 
-5.032561 
-468.494099 
-567.698990 
749.671372 
-495.194051 
280.284624 
-305.368204 
-174.309496 
644.346638 
-1535.984641 
-409.067922 
-232.660819 
45.209120 
-20.188011 
-130.985399 
-398.714211 
101.728644 
-260.209713 
-998.551625 
98.235087 
-405.080041 
-426.364540 
-143.732866 
-65.070049 
-346.047504 
-369.984824 
-95.686424 
261.516456 
1057.592993 
-1015.191952 
-210.719165 
-390.806300 
-10.083345 
-352.981228 
166.426305 
236.077685 
-746.947111 
-370.706355 
29.731252 
-493.550368 
-182.678960 
-534.203557 
-194.055364 
-693.009291 
-59.633335 
-136.141543 
61.584510 
115.632507 
-67.725117 
-429.207496 
510.566938 
-140.722667 
-25.417191 
-516.644195 
75.512750 
-257.984121 
-299.236227 
-273.148261 
150.946843 
63.004637 
-523.277588 
208.713473 
30.690367 
135.712547 
-323.630528 
-170.238728 
162.758830 
-298.444439 
-55.097739 
560.281319 
-64.057570 
148.360114 
-43.255855 
376.118169 
-158.291461 
-596.497995 
378.019157 
127.771218 
-579.786154 
933.672105 
-856.521736 
516.485170 
-144.308032 
373.393975 
41.605992 
683.953624 
-622.832515 
3.790018 
-592.024769 
-148.098813 
454.747391 
-95.676492 
559.589162 
1328.824426 
-751.471518 
344.374410 
-86.298638 
537.221428 
-318.866136 
34.063288 
200.223251 
775.988682 
-746.060786 
50.588569 
107.384571 
-362.454015 
-149.124800 
-136.262608 
-136.585069 
155.056617 
-205.104097 
30.935737 
402.323295 
-268.252752 
-81.558551 
151.850093 
61.578080 
84.118258 
-464.297057 
821.697208 
283.818207 
-380.987043 
376.114998 
650.472490 
-438.165335 
-10.673334 
-1050.739845 
-473.667486 
-254.339606 
-229.611031 
-97.052476 
731.811252 
-447.642208 
73.997387 
522.692876 
708.029508 
-246.951925 
177.201460 
390.832042 
-436.245972 
315.535615 
500.270107 
99.306016 
104.903811 
-368.779424 
-534.275513 
-266.845739 
113.557248 
241.593541 
-26.910877 
-21.372728 
-287.356840 
-495.697585 
442.132027 
156.031175 
21.977228 
206.232716 
-379.952504 
-75.790077 
428.532751 
-186.538329 
454.084715 
52.407330 
10.203414 
-784.081473 
284.689172 
-362.142930 
-451.412713 
9.153217 
507.162609 
260.096287 
-441.970001 
114.061468 
-411.976116 
9.153536 
-117.246881 
-244.078484 
-290.516115 
-799.531280 
15.770256 
507.165767 
153.895854 
-403.038449 
-15.230688 
-205.711156 
-177.924605 
-53.275482 
-359.060876 
-366.509619 
-235.665454 
-404.483789 
507.162282 
-465.930829 
184.437964 
-318.429503 
-312.241069 
-471.133647 
111.772743 
-345.217342 
31.865822 
507.165894 
393.301211 
-333.367225 
-107.496106 
-68.137584 
-261.044889 
-479.787419 
-592.644943 
-66.658452 
192.634986 
117.239186 
-157.886706 
-43.241206 
218.849706 
140.586669 
-361.813490 
-438.156519 
9.164220 
507.176777 
239.407594 
-579.722666 
-151.011516 
26.952721 
-68.539258 
37.898515 
9.157481 
-192.337970 
297.486482 
202.809674 
148.404845 
448.288441 
405.817178 
-193.665024 
167.049064 
207.445901 
166.423823 
135.604632 
-57.554142 
-58.504118 
-190.902567 
288.638684 
-464.039880 
286.422855 
-194.291556 
434.162265 
-515.825228 
237.537198 
218.839764 
-228.359489 
1485.250301 
143.685653 
267.495458 
-905.485476 
93.898632 
-296.942940 
-218.162213 
12.999371 
-554.466638 
-240.457096 
237.534337 
140.210036 
-403.874607 
-148.820848 
-98.441188 
-266.165492 
-31.041755 
-370.548854 
296.959394 
218.286466 
372.439554 
-57.863462 
35.366857 
130.814689 
-288.033711 
-17.053060 
-578.691267 
-741.885231 
-69.476715 
-121.893810 
-556.342478 
-459.458146 
103.328020 
-253.515865 
115.525943 
-537.456907 
-148.102548 
-255.237384 
-17.048293 
-74.708419 
-384.635300 
18.948977 
60.609386 
-1384.549056 
244.813049 
-718.485192 
-64.066188 
-59.924666 
-426.469638 
-351.375901 
-64.106742 
-663.132642 
-348.409239 
-17.043577 
141.823272 
42.093052 
-838.651887 
-464.006025 
-205.183370 
350.374996 
-17.043783 
-43.258832 
-592.708771 
507.173267 
-155.438680 
-341.336781 
-447.859114 
-386.644674 
46.951341 
51.648688 
-200.519673 
99.219751 
-118.250320 
-553.380119 
-689.001735 
20.626853 
-159.671880 
140.688788 
-125.409782 
-68.199639 
-337.167282 
-133.109176 
-432.254910 
-664.234579 
-274.376883 
-165.456544 
368.037202 
-200.527682 
-255.860256 
-183.483271 
-174.310624 
16.423955 
-383.997951 
-686.818582 
-190.600172 
113.986909 
-236.581628 
-33.644047 
270.832303 
556.525185 
-1230.037506 
-467.896872 
309.101231 
245.045894 
-997.970573 
501.494918 
-436.019054 
79.361664 
528.962863 
604.324476 
815.054383 
-45.406432 
-20.862555 
507.162071 
-168.864778 
-367.604568 
1083.800591 
24.695944 
356.027534 
54.204780 
70.572393 
-839.418281 
-97.621609 
619.768344 
115.246100 
557.401307 
-80.672096 
323.921418 
355.909857 
-260.303961 
612.724690 
799.328433 
64.042973 
166.428142 
504.002891 
-288.289795 
-647.234477 
-77.450820 
50.461513 
1304.082214 
420.173630 
-561.233293 
27.288015 
533.388262 
186.288698 
1160.495385 
372.355575 
627.703287 
512.095286 
89.943196 
91.698173 
1870.151274 
217.555984 
-53.142945 
238.032610 
-268.310246 
-7.802340 
-416.640311 
441.587765 
639.413766 
-281.414290 
621.042310 
-51.701996 
509.057853 
368.630271 
864.297889 
12.077106 
76.130567 
34.888403 
517.116365 
600.430935 
1402.176128 
-112.300721 
380.074263 
174.723565 
599.860338 
940.377181 
210.759631 
303.708046 
231.069307 
744.763972 
-383.434814 
1398.353174 
-187.442432 
558.693877 
287.983325 
510.682073 
588.988452 
-404.062100 
52.192689 
795.509069 
-305.060737 
344.265028 
388.668041 
122.056101 
-381.872641 
-172.540928 
719.429788 
-690.324452 
271.281296 
349.262776 
-1006.587152 
821.031143 
-160.126483 
395.410854 
323.698657 
629.023764 
-88.981612 
16.579832 
-864.916199 
89.179952 
271.279542 
337.514079 
-831.654038 
-608.114217 
315.094015 
37.599614 
245.059805 
-1226.488149 
533.384056 
-716.148040 
-47.618595 
119.484776 
55.291911 
-586.880401 
337.951250 
-828.284602 
-352.454347 
193.250680 
35.249133 
-237.352359 
-562.493185 
-556.585322 
-503.512913 
-584.857768 
11.863682 
-370.900982 
-489.858079 
-1275.717429 
190.762532 
-1597.480328 
-1340.357295 
-613.853348 
-170.580445 
-606.100052 
-445.597534 
171.877514 
741.527052 
-349.806597 
163.458107 
-236.376509 
166.425725 
-441.936467 
247.452673 
-662.663777 
769.266040 
-238.410055 
-419.793726 
219.250568 
-54.326604 
-118.673250 
356.141116 
-856.967965 
203.771728 
-244.212429 
-554.269580 
448.886831 
-39.009414 
-446.008025 
-226.734212 
179.528672 
230.080009 
-712.983150 
-101.512415 
-672.688231 
-152.919692 
779.853795 
-311.726398 
-130.983249 
-118.436106 
102.105183 
-728.398672 
707.109762 
192.804650 
-263.065197 
275.117038 
227.885089 
-213.587614 
377.391179 
690.644937 
386.965889 
926.551542 
-1372.584598 
-472.291386 
-275.980417 
-118.177594 
-265.869103 
402.330677 
-388.724705 
-1198.402371 
97.418228 
-1286.686675 
-69.641766 
674.931128 
-349.100973 
-517.450273 
-329.590072 
-427.114025 
-184.713027 
559.595526 
-199.959989 
-277.408829 
-432.255416 
229.794341 
19.992429 
645.631657 
-572.527535 
250.632138 
-410.621092 
-298.848430 
-375.621216 
-311.625673 
-233.954865 
-822.756105 
201.698099 
328.123759 
-130.046178 
-372.831093 
-193.656755 
275.234133 
-189.794296 
-239.828971 
228.082003 
-414.684100 
7.436948 
376.112978 
1136.231813 
-1105.262698 
-227.778510 
-619.876213 
-296.722794 
-574.593956 
-17.795059 
-1528.515246 
28.868842 
-185.983154 
303.460813 
-523.779746 
833.144467 
-637.155043 
-180.391624 
-113.676484 
507.170706 
61.576825 
769.278637 
323.692740 
517.173369 
-449.501841 
679.596224 
-297.964665 
805.043874 
-884.691546 
-496.809806 
-256.347518 
700.275214 
-710.020931 
-207.791141 
56.421767 
-515.540886 
-1143.423425 
-140.699992 
-614.275230 
220.277860 
-429.579830 
137.475808 
192.645099 
-11.466801 
-126.353262 
-626.475472 
769.287475 
-549.774597 
-934.979043 
114.010608 
570.559049 
-443.706521 
1241.083219 
-20.537908 
-385.403096 
-584.858387 
-552.724329 
-195.116203 
148.808723 
-206.426672 
-673.419475 
824.065488 
-458.763835 
-74.624196 
492.287562 
238.659210 
-520.433145 
478.780914 
372.461714 
-281.075303 
405.102739 
763.190142 
237.011946 
342.038845 
-214.859490 
-410.981947 
-426.842999 
205.283462 
167.372070 
-325.413974 
-713.153763 
-303.239437 
-719.416277 
832.289510 
-339.851188 
233.945012 
76.340869 
-476.165584 
766.610353 
1555.622925 
-1230.575525 
515.814513 
97.809768 
-98.912700 
-730.834768 
694.178362 
-432.321109 
-331.565091 
664.450382 
297.495361 
702.392615 
-282.042960 
382.938906 
-356.046371 
349.914861 
-653.595665 
-175.330209 
-38.506282 
-944.338176 
-335.323541 
349.909476 
103.253592 
142.189429 
-86.064479 
-300.064002 
111.123138 
542.152546 
-78.806127 
22.968308 
-47.440993 
10.100553 
218.848216 
-313.561805 
-716.555337 
-174.113766 
-732.282130 
-456.666722 
418.348957 
-445.181896 
308.259684 
-95.678051 
-111.527912 
-1032.743791 
-65.359028 
103.219375 
-202.404588 
-1018.078931 
-83.911190 
325.887041 
-174.316245 
-55.910119 
-37.276911 
35.359925 
-17.058021 
-168.880512 
-177.883474 
-340.013481 
454.747626 
35.371116 
214.539521 
-551.755196 
-501.080107 
483.029359 
432.958469 
65.360774 
35.380384 
-983.588977 
9.162292 
-125.910614 
188.706377 
318.605174 
274.348505 
-364.147770 
2.850104 
436.423662 
9.186491 
755.041174 
-584.359455 
91.490310 
-946.638624 
-75.989741 
-510.097630 
-35.959826 
-376.000839 
652.167531 
6.154334 
176.993507 
297.482887 
-215.327485 
722.600822 
-14.355716 
473.120571 
-558.547556 
-514.169884 
-44.431989 
-236.769209 
101.379536 
-90.391151 
-29.308277 
-230.599508 
87.805059 
-671.215389 
4.305377 
-434.499183 
-485.863795 
470.160393 
-446.759636 
349.397815 
1.175929 
175.251880 
-237.780986 
35.386360 
-273.726523 
-938.133243 
-43.249028 
-556.376956 
-609.992372 
192.647922 
87.804331 
-424.557947 
-250.093080 
-747.956800 
-81.954877 
-21.359810 
-1010.928474 
-200.518268 
-525.579143 
-148.100274 
-445.872307 
-125.924412 
-208.999536 
-113.839715 
-1063.533229 
66.803184 
-819.684952 
-341.341273 
145.285862 
-147.732468 
-443.904715 
-450.789938 
-562.906388 
-43.439915 
-121.887963 
71.954947 
320.823779 
-870.281750 
-437.529760 
107.622703 
275.576817 
-95.680530 
192.643207 
-633.778185 
-43.258895 
82.867949 
-335.696806 
-584.623296 
-336.325762 
-289.677991 
161.454934 
9.161154 
-281.839869 
-504.891660 
-360.900543 
-583.151386 
-359.425229 
-220.802454 
-278.096572 
-270.930379 
-541.660505 
-498.905800 
-149.687026 
-496.615824 
-692.575323 
-22.686985 
-37.630497 
-222.843807 
-17.041351 
-186.500458 
32.692023 
-383.997728 
115.518524 
-383.997407 
-731.310024 
-330.923223 
874.122893 
6.411516 
-239.423580 
881.017406 
-384.695849 
-592.235802 
-48.501650 
196.002354 
690.648403 
-289.505802 
355.182211 
-132.528213 
206.831798 
7.283462 
720.606587 
355.181290 
-224.121872 
-19.973592 
61.585975 
152.461216 
332.878255 
533.383042 
259.078318 
1055.068039 
-506.939183 
-221.222977 
97.878996 
770.264337 
491.216383 
440.423783 
420.519654 
365.664492 
24.545895 
-171.931109 
662.254166 
83.975691 
299.890426 
-380.700193 
376.120290 
528.499771 
279.704407 
-205.088759 
321.206522 
-159.159086 
760.083081 
825.701843 
280.767179 
-981.445934 
769.280269 
175.294953 
879.668733 
-569.752766 
598.653434 
-384.000819 
552.800774 
-261.153648 
716.856820 
-162.567569 
-260.909844 
-278.705098 
359.317596 
182.552055 
-491.708989 
-388.862695 
566.942979 
-459.891467 
531.003975 
-167.173754 
-372.287140 
541.681938 
-232.489399 
79.276990 
282.540100 
-242.074726 
-213.859118 
562.968919 
2007.749905 
87.556162 
-195.642541 
-284.099781 
436.136186 
547.658552 
-239.395236 
52.295278 
51.379915 
-273.320383 
-310.450972 
664.438768 
-126.688229 
667.527717 
411.029013 
426.793594 
494.995887 
-130.242688 
-615.223487 
743.074603 
-489.377420 
598.268236 
325.365011 
88.209421 
-46.123958 
-377.954410 
158.456958 
-460.322112 
743.076874 
692.167579 
-836.425544 
-241.926957 
677.642809 
-322.949918 
402.332546 
419.659530 
-120.571292 
569.811443 
-569.077728 
-245.797525 
585.812439 
399.435185 
-414.766183 
144.977639 
878.830657 
141.183533 
114.015331 
-75.097482 
1241.080011 
390.834095 
-215.464904 
-482.156028 
680.664244 
-1005.028500 
543.220036 
59.577342 
131.377504 
338.522181 
-309.771348 
-256.993325 
-212.291454 
-1306.598275 
-299.058377 
-17.161713 
-338.360528 
286.017840 
-64.011371 
-378.597559 
325.127730 
-442.593774 
-384.221350 
-759.055998 
-379.793753 
452.617171 
231.716828 
519.757688 
-307.336740 
-572.402846 
-10.701660 
-137.724540 
402.327320 
353.295749 
-655.508779 
-524.745113 
900.334508 
45.170752 
-419.204348 
341.364470 
-285.625744 
4.353285 
-224.909036 
-507.568999 
229.188216 
-143.382591 
-806.224742 
133.797679 
-126.788634 
-1002.052878 
-148.104901 
428.537485 
77.200560 
391.695139 
-495.643284 
-353.414198 
7.358779 
-59.555510 
-577.985563 
134.860688 
-286.380252 
-222.401939 
21.187750 
342.601942 
175.840402 
-3.269782 
795.165163 
-95.554742 
-109.899350 
-213.813318 
1241.082478 
158.865264 
1031.394120 
-697.867072 
98.015938 
-607.553998 
-207.922771 
-22.356234 
795.492149 
131.996451 
-1677.358762 
-1281.920220 
1107.652771 
161.691877 
687.703951 
-767.791498 
222.945119 
246.553533 
176.561021 
-473.901187 
1188.656815 
-171.214285 
-83.444472 
-151.640199 
569.797388 
-715.329810 
-266.814940 
-233.560027 
758.198550 
170.108229 
-422.415279 
-293.191393 
13.179942 
61.152442 
-685.895548 
237.779998 
416.591373 
447.251926 
215.374019 
85.656716 
-540.065066 
577.286286 
-495.901784 
103.021040 
-339.049192 
-132.714653 
428.537244 
1188.655546 
-834.587529 
-551.506736 
-142.348877 
101.647737 
-95.744612 
350.603262 
-1303.793702 
120.133859 
-316.324252 
272.922502 
-477.364478 
490.307334 
-201.448704 
-31.713347 
-236.113550 
349.905043 
-174.313271 
559.593596 
271.272612 
-642.762549 
-401.254852 
389.291261 
-126.315577 
471.009605 
-448.338519 
-714.271469 
25.677384 
790.212683 
-359.457539 
-61.357024 
-191.373582 
-5.859047 
-860.549280 
148.571246 
-567.839460 
257.861500 
-323.380101 
-314.606452 
454.753311 
-371.107682 
-600.585431 
67.279002 
454.751677 
-133.971345 
-463.479297 
-148.099439 
-170.037792 
262.177810 
1136.236755 
-216.247941 
-444.688423 
-197.198489 
-628.088685 
203.742984 
-212.021616 
37.076645 
-348.844842 
195.314100 
-257.744566 
101.182209 
-423.225775 
-276.595370 
-659.283724 
-10.015499 
323.442971 
-691.837250 
-274.078865 
-272.460905 
56.614173 
-268.863103 
-45.812476 
-322.698117 
-420.261732 
-39.422326 
-127.748012 
220.222813 
-277.836421 
-648.980478 
-790.246717 
423.970311 
-350.839432 
-301.995690 
191.525608 
-201.323010 
195.674177 
1345.920226 
133.228654 
0.322318 
113.971031 
-102.116019 
277.963533 
296.212231 
-382.644312 
-263.155384 
716.856266 
297.483247 
207.786758 
-515.966629 
-1071.561020 
-356.041311 
507.169291 
-666.360217 
-241.329753 
46.148527 
-224.664593 
-206.718167 
297.481416 
-113.173354 
142.323004 
-266.385580 
-549.872243 
34.556556 
-14.779701 
105.968015 
43.490479 
411.964573 
258.274424 
-95.680096 
-361.065802 
-808.291426 
172.428431 
-142.898353 
-200.931630 
151.793271 
-252.915584 
108.603929 
-95.679968 
-240.711845 
-764.428791 
-151.487795 
57.985685 
-277.995008 
-638.930594 
-142.808582 
309.935780 
-200.522288 
-84.545929 
-158.538399 
140.218871 
87.796568 
-245.945357 
-333.676469 
-364.941487 
507.172278 
-17.045474 
-11.429526 
-439.915814 
-437.026667 
226.306181 
178.391201 
-162.258338 
35.371379 
-172.676107 
-17.046153 
-100.117485 
90.575779 
-158.326038 
236.543370 
-310.560584 
-658.840146 
117.845888 
-17.050588 
-215.235180 
281.479232 
-580.487386 
-805.882306 
-650.028475 
198.202005 
-452.657286 
-303.738365 
-304.445749 
-55.152538 
229.200062 
349.908458 
-715.374484 
-482.566916 
-460.871656 
259.311874 
-270.208834 
-46.050803 
-584.116961 
-668.807012 
-119.210609 
122.877847 
43.589682 
81.868264 
-200.519982 
-504.182951 
162.577327 
-8.160998 
-1237.081488 
285.863168 
-650.523358 
-297.172212 
20.247330 
-70.594882 
-628.784807 
-95.678455 
-925.246292 
-381.792660 
-121.885544 
-1037.566287 
-534.151744 
-226.731088 
-200.520405 
-634.337984 
-542.831233 
-339.884757 
-46.709290 
-304.056496 
-591.274037 
-200.520840 
-411.890948 
-121.887789 
-160.439892 
147.204442 
-288.555449 
-484.861230 
-546.860303 
-316.883362 
-466.823293 
-195.276493 
-43.810363 
-486.602132 
-259.497357 
-367.155930 
-359.804872 
140.949865 
-95.680494 
-384.338991 
26.464766 
-561.295540 
-401.266665 
421.063968 
-5.673312 
-95.680697 
349.906280 
-319.745148 
9.163537 
-105.480525 
-573.261401 
-279.735718 
-251.470680 
-435.807430 
-52.017693 
61.583569 
-143.769316 
81.488995 
-336.688231 
-822.095739 
-329.941779 
-321.877303 
-224.471368 
-575.177294 
-82.780500 
8.241534 
173.478121 
-277.826610 
-591.892598 
2.523995 
-264.927692 
-220.242648 
87.793821 
-294.497451 
-503.741973 
-384.001744 
-189.700916 
-384.002366 
-714.323529 
-621.473850 
926.550609 
-18.262611 
23.582472 
489.832035 
-27.560233 
-933.328622 
-411.957495 
868.561269 
716.863744 
-220.029023 
429.815907 
-417.483544 
313.290187 
261.179149 
445.219338 
62.467412 
-962.420071 
550.082712 
218.854122 
52.306466 
878.440221 
480.958998 
442.029090 
497.221451 
-791.262624 
-122.101752 
337.046463 
574.170279 
410.741316 
-924.130370 
363.533142 
150.551199 
188.543633 
927.249394 
-652.511200 
519.081223 
-323.494487 
-613.215419 
1398.346526 
747.850082 
-627.553657 
-613.175758 
-120.510712 
575.423946 
1655.991484 
53.571270 
-894.678638 
-149.128735 
61.584119 
748.124469 
-182.173646 
-20.644693 
-83.239711 
-328.300957 
-359.397254 
414.340693 
585.805974 
705.977819 
-458.442481 
532.000416 
-859.841066 
-278.807283 
-305.711083 
436.003209 
430.670517 
450.559105 
-81.035100 
-416.519128 
406.098735 
1016.263665 
149.731306 
299.342916 
105.531395 
-445.869694 
-343.645550 
496.442602 
1164.301295 
-274.490671 
-20.180249 
171.090146 
574.227585 
62.347947 
-114.435418 
317.190734 
6.729981 
701.289413 
101.941011 
376.112637 
181.577708 
-31.737694 
-682.393119 
846.163525 
-60.388199 
66.115955 
96.479314 
664.434012 
-263.685948 
140.616575 
44.291044 
364.400414 
-884.214125 
-308.806397 
129.042817 
-47.426683 
1765.297427 
447.022936 
-869.729879 
-42.741971 
-70.251165 
-413.542191 
323.690548 
-324.607463 
-360.104941 
-58.981874 
-340.655190 
380.423080 
1031.384066 
-143.709538 
-1169.048661 
-786.923159 
-199.554629 
-212.926870 
690.651781 
451.729267 
61.593018 
6.334382 
-2.405549 
-693.312584 
730.170629 
-777.746528 
52.388001 
-372.570562 
-715.277432 
436.640979 
-111.334901 
-121.065492 
-369.875111 
-364.855258 
85.751907 
-237.279533 
-63.951026 
-577.306097 
-33.791402 
-129.695892 
695.250973 
-444.831243 
-1150.581782 
108.632353 
-717.859824 
277.650039 
175.367561 
-324.672767 
141.006578 
-295.022822 
169.457111 
339.074867 
9.168363 
-82.338117 
-163.873824 
-344.826742 
926.549785 
-534.045986 
-1121.644303 
18.238485 
788.819968 
377.606861 
975.995857 
-1071.168236 
-428.872634 
-61.885372 
-465.752495 
116.361251 
63.049479 
-1156.574474 
271.270580 
598.912052 
773.709991 
-637.739494 
-283.082937 
-443.499918 
-413.901587 
-9.222712 
-24.298955 
-165.220060 
179.583611 
181.527909 
-241.599853 
309.294140 
-504.280112 
-347.457195 
-638.617388 
-281.162420 
477.096622 
-118.745971 
821.700833 
484.282478 
297.481805 
-1230.559426 
-707.608266 
-609.108633 
-438.840588 
-656.908688 
218.850990 
107.965094 
-385.261464 
-242.951103 
-224.339112 
-242.646316 
224.410059 
-352.931008 
-69.309173 
78.844148 
-1518.870370 
338.929421 
245.062866 
238.626714 
452.992104 
-692.011038 
-469.708734 
319.650787 
-68.363643 
225.053491 
-546.940353 
-385.205878 
-381.535469 
-358.215294 
-15.099014 
91.963966 
108.485109 
-109.810696 
334.273558 
-8.264506 
-251.383871 
-335.845769 
-23.860533 
-223.717281 
360.865064 
-19.416562 
-461.206694 
-186.173372 
1817.716048 
376.115361 
-748.926491 
-444.152284 
-39.954913 
205.840343 
794.113760 
168.647158 
-893.702507 
-456.428777 
563.002339 
-23.109991 
-363.756638 
525.367251 
-106.940411 
-76.776129 
-551.494739 
61.583037 
61.586933 
218.847080 
769.277343 
-45.022156 
-257.555136 
458.274586 
-536.205362 
140.161628 
63.420726 
-498.082107 
-7.529114 
617.397180 
-925.586401 
-15.198162 
227.219552 
34.287435 
-703.381374 
-517.506867 
-452.812743 
-124.981648 
28.183239 
235.465613 
35.372996 
-519.203627 
-135.105917 
-468.063860 
61.585121 
135.910524 
-2271.771318 
166.428055 
1068.247988 
-54.880416 
769.280326 
314.951109 
-1088.840624 
-238.757538 
-1167.054538 
-69.009195 
-413.052541 
369.852933 
58.275734 
-150.089971 
-72.280413 
657.261298 
-674.919897 
309.970634 
-112.974936 
-474.145838 
250.512377 
-119.757333 
-446.644349 
608.755050 
581.918930 
-134.140991 
-279.503474 
-263.089641 
130.305751 
251.595683 
994.052446 
-597.189927 
-319.343495 
452.547224 
-674.582843 
328.454676 
294.243590 
38.036713 
-135.170766 
209.971350 
704.829332 
245.059802 
-232.769160 
-143.987400 
73.510382 
-42.640114 
163.169141 
772.120736 
-147.827787 
-149.478187 
297.484249 
87.795867 
39.180694 
85.936248 
28.095841 
594.548332 
297.483054 
304.613211 
-297.753414 
-91.518902 
-199.617227 
-402.234949 
-43.259181 
242.696986 
-579.383532 
-126.426019 
430.420168 
-131.413752 
106.572245 
-279.918261 
-794.034729 
390.602015 
-447.123516 
664.439605 
1154.277866 
-927.871767 
143.026001 
-132.748525 
-258.315235 
141.321278 
-827.824204 
-74.570978 
349.909046 
-639.892812 
153.583890 
-397.927022 
-261.967136 
-57.498598 
-493.329622 
-375.699434 
-350.517404 
-43.254836 
-84.935228 
357.317988 
349.909524 
-148.097911 
-359.899252 
-160.539355 
-114.746944 
245.060421 
-121.886878 
231.347068 
-1082.959704 
116.668559 
17.377941 
-92.261750 
220.779166 
-252.958192 
-162.838675 
402.329509 
541.142457 
-135.843100 
24.233168 
5.965065 
-180.045336 
-434.658418 
371.596121 
-1013.065073 
309.712985 
-175.869980 
237.296175 
-37.983507 
58.033799 
-15.376186 
145.795041 
-170.697982 
1422.300246 
-449.931702 
478.868318 
-200.519443 
-162.439869 
-133.135110 
69.706068 
56.475006 
-162.898737 
-275.135651 
-188.692570 
-40.839423 
-85.326988 
-372.360833 
-9.734659 
-16.473216 
-17.045656 
-353.811926 
-377.643352 
-152.660354 
261.341338 
30.045614 
-157.427363 
-714.477758 
-365.492467 
227.885871 
2.263996 
9.163706 
-193.713149 
-760.626934 
35.379071 
-455.699705 
455.685623 
61.586152 
61.585822 
-84.955613 
-690.558283 
-296.934377 
162.915553 
-244.707167 
-541.256664 
61.584257 
-476.136368 
61.585837 
-349.472788 
377.563711 
81.605445 
-163.577353 
-1135.216104 
-556.333402 
-771.730547 
402.519404 
308.124241 
-307.142497 
70.623333 
-503.393847 
-62.189262 
-284.979533 
61.583568 
-309.008369 
300.989134 
-590.635029 
189.332701 
-260.054645 
-194.319291 
402.328366 
35.372871 
-1227.971598 
-17.050607 
-948.110797 
1.425163 
-559.887337 
-14.578609 
-264.294803 
-522.228908 
-17.047865 
-5.450343 
-571.188917 
-241.096885 
-90.575492 
-361.071515 
-330.920441 
-317.917031 
-394.136396 
-147.988915 
-205.299740 
-813.987172 
-376.684631 
-595.888621 
588.360146 
-825.183166 
88.538627 
-384.002547 
-486.227308 
-520.078822 
-384.003508 
-203.621476 
-384.001538 
-725.721160 
-503.688317 
1031.403429 
-355.418124 
-306.032814 
766.044782 
-194.632672 
-522.176597 
-383.995380 
-170.340852 
1188.659835 
-1064.429916 
554.617271 
-314.951356 
14.095879 
-251.058780 
1023.948377 
310.825675 
-460.678250 
374.504217 
454.752161 
-46.747557 
592.898710 
428.535892 
266.453649 
17.432312 
-651.621423 
-501.433095 
697.856233 
711.140778 
269.820256 
-755.612951 
-420.851432 
-317.850219 
93.897637 
23.178563 
-1092.129236 
68.227737 
-482.401866 
-700.804676 
978.961154 
554.976010 
-330.825359 
-90.485166 
273.631662 
568.173833 
1307.985846 
-193.091631 
-582.817510 
-701.789374 
-200.531999 
-343.673827 
-129.600446 
-175.414153 
-259.789036 
-347.970433 
-515.837012 
152.689149 
428.531538 
-155.736974 
-754.476849 
5.622060 
-487.310230 
-335.544980 
-560.840529 
97.247785 
36.071257 
-196.368947 
-208.855669 
-885.190610 
699.834199 
505.148031 
148.503467 
30.066845 
-605.065526 
-519.952793 
59.365236 
743.874872 
-640.102492 
195.648702 
-52.863038 
-472.033951 
330.599334 
-24.185993 
-358.697530 
-985.669524 
-328.572458 
57.484318 
0.709956 
743.067416 
-158.567244 
175.605218 
-143.606602 
622.496408 
358.802854 
-186.958245 
214.345073 
428.541584 
5.763428 
-370.827051 
-72.870097 
-528.174699 
92.971100 
-172.488020 
313.594762 
158.364751 
978.977331 
205.399838 
-708.144973 
265.997538 
146.869825 
-168.534186 
1450.766268 
-29.885374 
233.003944 
139.816659 
-290.566160 
185.707165 
323.693713 
714.281776 
-735.216007 
-320.937895 
-69.630110 
310.726278 
1712.878720 
-531.618509 
376.120922 
-294.142784 
433.503804 
175.817282 
741.543707 
181.994495 
39.980397 
157.973061 
203.751765 
548.096238 
55.192112 
-744.410506 
388.325986 
-323.678315 
-65.330025 
-171.701661 
536.157735 
-1124.456402 
383.946578 
-314.673315 
39.659835 
-268.864582 
-401.269637 
545.977148 
-378.623875 
1158.070901 
-236.138400 
211.122783 
274.508665 
-202.159046 
576.963553 
-101.398950 
769.289272 
603.069564 
-199.086049 
-277.074063 
428.540191 
-91.363948 
-569.949454 
445.243210 
477.450975 
95.489594 
355.650579 
501.846771 
-739.636949 
-71.039678 
-52.704908 
-563.473272 
409.140153 
-1007.363056 
821.700256 
729.979826 
122.574788 
-410.124752 
-473.200190 
-784.508944 
-269.019334 
-59.065137 
-516.014372 
-461.238674 
-18.324598 
-200.409008 
-89.125534 
-378.128187 
-181.105489 
324.588425 
-325.479459 
251.482808 
730.289389 
-24.506723 
376.103361 
569.709970 
454.741811 
-1411.409792 
-886.181727 
-673.382942 
-88.109826 
274.232620 
874.119557 
69.028022 
-1437.174271 
-512.508728 
-247.894598 
-105.794596 
-194.871234 
-521.918934 
-432.327457 
444.859489 
-473.814643 
-603.141139 
9.158193 
871.149825 
231.070438 
-709.623855 
-538.489863 
377.654466 
459.004903 
317.176569 
-25.769572 
-468.444608 
-955.526976 
-65.564016 
136.832153 
8.319486 
368.451303 
63.867420 
134.862662 
-396.296820 
29.114679 
-331.502265 
-100.361759 
-655.833327 
-438.416556 
86.569688 
-252.996143 
-349.052046 
821.697080 
690.643522 
-112.639709 
-720.127051 
235.169411 
-473.382873 
-137.165008 
-175.049169 
-817.701626 
351.587009 
35.869930 
163.481121 
-455.974469 
713.025557 
966.989344 
559.063120 
-489.087438 
9.164437 
664.437549 
507.171054 
402.326907 
-169.684368 
-78.536230 
624.781685 
152.905065 
-147.823949 
-248.784651 
-7.873417 
20.349342 
234.286204 
-153.572217 
-642.058667 
135.170585 
-461.408795 
-754.351241 
-282.562747 
-115.673366 
371.938354 
-417.422483 
-1060.852963 
-43.260988 
188.603411 
-43.352777 
-630.095312 
61.582595 
127.615363 
-907.490074 
926.541221 
402.882797 
274.903620 
716.853390 
147.202076 
-420.424849 
-297.563356 
-36.712575 
-1001.115115 
-267.939563 
73.538015 
-386.147016 
-144.160986 
-650.817396 
-466.701447 
-545.132561 
-447.659206 
-160.711627 
-31.744704 
315.469356 
609.492257 
566.585985 
-191.765948 
-379.429365 
270.333825 
186.880563 
-4.289885 
-461.668801 
112.527356 
624.533876 
173.195414 
-4.824703 
-509.887274 
-477.009914 
66.756245 
-468.406663 
-172.360108 
330.720630 
245.649270 
536.655843 
61.581304 
32.373672 
-212.563703 
-23.999189 
432.466714 
227.614691 
147.558906 
-483.656466 
-387.293686 
454.748886 
87.796938 
-307.165582 
61.885637 
-89.504207 
-216.254040 
9.163282 
627.345231 
-39.290990 
160.013914 
-187.901231 
-138.501429 
507.169081 
-316.792713 
-467.944582 
-101.913512 
600.611484 
-46.796068 
-24.258602 
-50.593746 
-291.087216 
326.010260 
163.312452 
-43.260700 
-1343.976462 
-1006.514254 
166.635444 
-132.969649 
-537.022760 
-158.002841 
-625.130087 
-164.596231 
61.583905 
-613.646793 
-296.480169 
181.334023 
-412.397340 
-318.309369 
-1187.511997 
-341.141574 
-67.509341 
114.008620 
-36.575853 
-91.164127 
-279.158407 
-252.948707 
30.319803 
-132.143413 
-257.215007 
-17.051780 
-17.048427 
-467.200432 
-20.548134 
-199.229094 
-139.070710 
12.485815 
-282.534583 
192.636636 
-331.580145 
-17.054127 
361.002820 
-432.082462 
41.368253 
-391.497702 
-386.612428 
-576.302604 
-169.424248 
454.752659 
-142.328766 
74.448620 
-412.302408 
-329.692741 
-110.887855 
-90.037283 
-627.249681 
-222.005096 
1725.565807 
-370.973695 
520.811466 
-69.471966 
-575.129892 
32.126267 
-438.862988 
-29.631859 
-715.070043 
-2.787163 
-589.828880 
-695.082857 
-151.596711 
-577.228568 
52.201914 
-69.265965 
-43.260911 
-288.679483 
-159.719043 
39.290702 
747.264840 
-12.073692 
-460.456450 
-149.591448 
-440.726423 
169.699056 
-168.435084 
35.373378 
-135.696352 
-484.554723 
9.156884 
-228.086736 
-223.943257 
192.638594 
-17.050657 
-458.060712 
-715.033050 
-9.965036 
94.377003 
-188.292276 
-321.536927 
-69.473031 
127.788349 
-95.682023 
-261.141043 
63.425500 
-168.211393 
-318.526116 
-304.687374 
-31.938721 
-391.048192 
218.627963 
54.169467 
-388.332346 
-379.995920 
-295.902539 
-352.585048 
-278.833778 
-17.046092 
-122.551568 
-334.785419 
-446.347011 
-228.874383 
-178.777222 
-298.967564 
-200.524616 
-43.256720 
-746.257167 
9.167635 
510.535752 
-316.421705 
-853.880691 
-426.845809 
-396.284306 
361.456260 
-383.994460 
18.033782 
-192.353726 
-481.572029 
-238.125677 
-17.040035 
-267.012498 
399.112508 
-425.981079 
-852.331396 
-548.551696 
407.440696 
-14.443567 
-363.321835 
-310.185496 
-664.163675 
162.424198 
-383.990203 
73.022850 
343.262642 
-383.990711 
-202.630659 
-383.990675 
-579.487889 
-155.839402 
847.914765 
-631.349774 
-302.218007 
850.418988 
-44.397006 
-556.292781 
119.254551 
165.545209 
402.328160 
-306.466096 
109.234346 
157.355573 
-129.643410 
87.131964 
804.135770 
587.586409 
18.432536 
544.301656 
245.066275 
707.568830 
483.870237 
874.121092 
837.417993 
381.117218 
-1116.479930 
-222.339709 
167.766021 
579.798192 
298.957227 
442.250091 
76.297677 
132.013782 
347.399853 
-105.988894 
-408.374472 
-25.601668 
-0.674688 
389.958600 
716.858972 
511.141111 
443.444457 
174.690169 
298.340120 
530.018708 
626.262978 
160.328477 
-253.393662 
81.337480 
1136.234852 
200.336082 
686.117383 
-342.118601 
274.220641 
33.739466 
1068.553441 
-311.176416 
454.746562 
87.439778 
-322.779419 
155.203775 
-175.400570 
-381.922006 
-200.937021 
-426.494637 
310.596501 
-413.711076 
-744.993191 
-136.494796 
164.729931 
263.584050 
104.584693 
-272.988753 
-791.503603 
-178.234705 
332.683117 
1126.763616 
1603.893095 
-499.724808 
23.407043 
-64.856117 
197.219826 
-29.888656 
-77.146740 
-674.134861 
-310.678746 
98.764331 
231.636163 
900.339006 
201.563562 
230.538514 
363.815211 
566.582365 
510.517108 
-373.489954 
-212.252475 
585.804936 
-467.957216 
-352.234683 
1014.350385 
-4.029017 
4.907843 
783.630588 
-54.460827 
260.991740 
1398.342321 
346.005037 
-408.436419 
375.118723 
137.527912 
5.428174 
1608.046666 
562.714164 
-133.448775 
-68.950719 
-186.380528 
557.286933 
376.108710 
863.925871 
-617.370511 
-558.686189 
166.753533 
528.656487 
1712.875641 
-433.329702 
114.024070 
-7.655348 
717.625904 
332.729761 
418.928452 
-108.855950 
291.306686 
139.874822 
287.952793 
177.820704 
-113.981759 
-608.461410 
-41.619965 
-96.985240 
-820.307873 
124.910837 
426.864584 
-308.643179 
-284.386802 
-395.281672 
157.613052 
-539.462924 
-535.002740 
-365.582402 
-92.266864 
80.481331 
-239.749717 
300.435284 
603.388670 
112.893803 
-18.949948 
598.075491 
638.225332 
-175.261069 
168.288048 
-264.796797 
218.854171 
-705.791745 
-747.898238 
348.283931 
-545.257176 
63.453031 
560.055394 
-310.738582 
-784.093467 
-700.829230 
-423.754830 
-113.399340 
891.270656 
-817.211648 
559.595202 
166.422380 
50.675120 
193.650362 
-244.767924 
679.334044 
-384.509158 
39.641356 
-696.023175 
-476.543833 
-687.146059 
-466.319597 
-8.449153 
-273.699884 
165.417199 
-229.102159 
583.671396 
511.070639 
89.381302 
718.058860 
454.752639 
461.198666 
140.218227 
-1532.592935 
-958.596567 
-261.771102 
-483.388017 
840.237631 
559.591494 
-285.589456 
-1185.420805 
333.753614 
-470.597618 
244.182974 
-13.975410 
-572.622438 
-853.895562 
148.939746 
-510.708240 
-301.742871 
690.652727 
207.889714 
-883.749262 
95.082941 
214.398287 
-332.664083 
717.906488 
-155.702051 
-208.939004 
-687.569179 
-676.495907 
-202.800266 
-12.850978 
88.732439 
-473.127788 
-121.238031 
-135.508086 
-28.115080 
242.506270 
-75.392074 
35.309537 
-812.665929 
-814.995508 
180.186650 
249.447189 
-5.831621 
847.917037 
1136.239420 
-582.111326 
-499.334921 
-64.034485 
-397.311773 
-83.643711 
218.311009 
-1171.435544 
1.667880 
-524.277736 
55.116401 
-167.573644 
312.051763 
580.394595 
190.710679 
-352.394859 
821.705298 
428.539035 
218.851718 
376.113067 
311.081014 
71.446574 
910.697882 
391.309115 
156.453131 
-968.881231 
-658.177934 
407.178637 
273.500001 
-559.154401 
-143.604496 
-694.434991 
-322.685215 
-489.807517 
26.580062 
-108.351071 
206.019035 
-647.452913 
-541.374884 
559.593886 
-0.667219 
-125.102017 
-766.390303 
1083.815015 
-455.047272 
-322.743901 
480.968900 
218.244111 
-447.057995 
428.541184 
259.034263 
-1152.568963 
-757.132792 
-560.919752 
-1164.791905 
-112.497924 
-273.593478 
-916.283593 
-5.992233 
-284.075147 
-603.102794 
47.685133 
300.931304 
-937.286116 
-62.356812 
262.426442 
7.136038 
-48.392305 
-590.048574 
-162.036727 
-52.451284 
-56.427568 
-236.665781 
-473.899760 
-197.711731 
-263.577943 
-52.365404 
-315.721243 
-335.835350 
-834.019590 
46.874078 
-448.097499 
-485.048135 
620.928264 
-420.142759 
91.789172 
9.166060 
-279.876083 
35.398954 
-192.319449 
426.503115 
-170.677496 
2.989366 
-318.218005 
-424.431539 
-17.042705 
9.164678 
429.542333 
-270.380304 
-124.728246 
-747.447318 
454.749191 
50.196160 
-627.086736 
-24.381291 
-780.689994 
-836.579071 
-43.253510 
-3.005255 
-261.614604 
-473.788512 
373.534032 
-215.052819 
-93.969633 
158.537066 
41.497692 
349.845585 
-162.449160 
192.638785 
-1439.001337 
838.081362 
-132.252008 
-113.614587 
-412.829184 
100.938602 
-628.655537 
342.703306 
-148.093307 
-293.943575 
-1238.610924 
-223.090735 
-677.078738 
-440.998144 
-1487.993823 
-118.365419 
-499.465829 
664.440546 
-166.743625 
-310.545935 
-43.254334 
402.329794 
102.944974 
-73.608638 
22.928836 
-279.165834 
-305.360085 
184.361658 
-691.539866 
-35.059733 
-681.938022 
298.375082 
91.495422 
297.477173 
-239.841152 
-95.684773 
2.683367 
-218.475172 
171.349711 
-632.485537 
80.572438 
-689.449580 
2.319572 
743.060035 
92.228270 
-243.938402 
-309.805984 
-268.449544 
-294.795602 
-264.302806 
-260.209260 
-368.716480 
1118.013006 
-765.752968 
228.753190 
9.171328 
-194.062276 
467.988178 
-354.661734 
251.419361 
-574.223169 
-384.734983 
-330.329844 
-586.145016 
-217.991433 
-440.496681 
-167.216287 
-77.139490 
35.375809 
-918.110833 
47.357445 
149.142194 
-1304.044195 
-421.386745 
-773.147431 
-461.917372 
-289.599296 
93.403204 
-543.691432 
35.379265 
-285.015776 
-609.772525 
-17.042298 
-115.771925 
-309.025903 
-226.731387 
-200.520281 
78.680280 
-549.728587 
244.681989 
109.125422 
184.529697 
-480.953786 
-200.518146 
-33.480308 
297.487494 
-94.034998 
-463.090878 
-2.197845 
-879.991512 
-711.272070 
9.307782 
-19.357139 
-517.716882 
-243.378187 
-344.731033 
-379.376215 
-12.559534 
-361.153560 
-112.820016 
-95.675572 
-432.328041 
184.117995 
-538.152562 
-444.496931 
75.409406 
100.522381 
-17.046371 
-43.257330 
-289.530456 
-17.044599 
293.190818 
36.055966 
-172.807787 
164.694529 
-472.249690 
434.074902 
-383.994691 
-15.075436 
-329.825151 
-422.167453 
-926.883400 
-383.995159 
-333.464378 
411.749465 
-141.642303 
-794.064911 
-463.410274 
39.441217 
-226.996669 
-312.003119 
-233.548678 
12.573807 
239.068683 
-383.999730 
456.230827 
39.128779 
-383.999007 
182.540517 
-383.997085 
-936.070660 
-224.370949 
978.967700 
-24.148203 
156.966899 
355.291883 
-433.853493 
-657.849791 
734.332068 
822.737684 
454.749286 
-78.324638 
-550.225220 
-186.161086 
832.801223 
553.855738 
109.463917 
153.258250 
-543.332256 
260.227016 
61.583658 
387.335376 
709.942065 
795.491932 
741.624256 
432.697222 
-1271.281760 
846.550478 
1011.475450 
418.458146 
159.745692 
378.257523 
-116.719542 
174.971892 
518.207466 
-289.718362 
-632.218766 
188.475670 
292.101678 
582.800229 
1083.810425 
457.424762 
166.384897 
454.566616 
379.804735 
687.452922 
916.380351 
-176.167692 
-229.243868 
-239.153931 
664.438783 
-338.815540 
656.574420 
405.362402 
414.056616 
-665.767082 
127.846306 
-400.710956 
271.272858 
924.225611 
0.699414 
54.283610 
110.664574 
47.198101 
41.712562 
-354.495465 
385.137996 
-523.491062 
121.889927 
339.666747 
-214.933870 
425.410463 
99.890649 
-218.145249 
-156.772399 
389.232420 
-88.259134 
222.532348 
1105.656568 
-372.394851 
-147.916705 
297.120527 
21.783412 
-107.476380 
-731.020303 
417.375124 
-154.463789 
-501.601608 
-310.212114 
1450.766542 
-96.530095 
-179.723467 
-355.175230 
-300.123680 
703.484414 
-461.116472 
-304.028384 
821.703848 
-227.847139 
-363.524837 
-157.387765 
-140.946673 
-277.860556 
-55.698720 
-2.589452 
536.564788 
297.483831 
-170.647358 
-165.614934 
-82.772705 
-159.097819 
-87.202451 
271.271193 
-223.255299 
73.430091 
-77.502605 
237.954582 
-124.367242 
533.381208 
390.380563 
-300.220574 
-334.437182 
196.433951 
354.626765 
61.583087 
-221.730134 
769.277454 
217.418973 
141.993633 
57.336299 
498.562553 
52.356492 
516.511686 
-423.929694 
-174.707227 
-728.393750 
-535.002426 
441.407711 
-215.603892 
-918.534523 
-27.527015 
509.626575 
847.432710 
-462.633376 
-138.314781 
-423.736523 
13.065896 
-1233.544363 
-827.453200 
-166.548480 
-227.277107 
-430.544975 
-401.036988 
491.274640 
-327.077972 
-347.009772 
126.093973 
438.235610 
743.070791 
-428.402199 
749.323484 
-735.789236 
664.439788 
460.741312 
-737.847336 
595.298509 
-421.809966 
-6.972699 
-86.771082 
-56.904357 
-859.627901 
283.590485 
66.947647 
-492.131713 
340.124239 
-416.030824 
874.130370 
703.753876 
175.662693 
781.388160 
-65.319195 
-276.196115 
199.345835 
409.819745 
-1090.883559 
-228.668946 
-756.490606 
30.571744 
-715.881992 
-161.850223 
-345.039215 
-569.346056 
-114.693373 
728.794797 
291.754454 
-51.315315 
323.696987 
-135.940507 
349.907042 
114.996480 
-331.058745 
-22.472134 
-496.042503 
310.835264 
559.593307 
195.462607 
-899.379720 
223.415043 
45.572637 
96.957167 
146.127105 
-1126.035477 
-102.954919 
132.709038 
-99.540749 
-270.754260 
271.271550 
192.824648 
-845.314224 
-234.837711 
385.771355 
-544.612305 
68.114546 
238.458690 
-60.395572 
-781.732646 
-671.961634 
-31.885933 
-155.062579 
-114.092056 
-373.520326 
-1004.627415 
-691.349278 
-359.223902 
336.223618 
21.984229 
6.328687 
-223.015416 
-814.678261 
184.579901 
310.410723 
-417.615444 
638.226221 
926.546936 
-1198.570676 
-74.976103 
-176.500426 
-879.635280 
693.265702 
-26.699865 
-881.903005 
17.648693 
-650.467053 
-466.957763 
-396.691146 
155.376432 
16.300786 
574.974349 
-705.025861 
271.274852 
271.273832 
218.852344 
323.696768 
419.787397 
-278.906537 
152.418866 
-29.209314 
-225.198744 
-379.435449 
-385.488540 
-160.573252 
718.948513 
-875.465775 
-474.053885 
-126.737706 
-237.805099 
-943.728270 
-156.816806 
131.993925 
97.315201 
-70.793579 
-776.786658 
297.485448 
-43.396986 
119.654582 
-77.642643 
1188.656764 
-257.726951 
-631.063421 
769.282733 
-295.830249 
243.264836 
218.851804 
231.084020 
-174.814998 
-677.871190 
549.765037 
-379.352358 
584.375466 
432.405914 
161.547503 
-256.330176 
-581.048866 
191.140348 
-235.083796 
-629.840934 
30.643865 
-66.486520 
-65.219936 
-21.313073 
-983.395314 
-246.379495 
119.096968 
-160.323146 
-468.740674 
-356.387943 
-294.671740 
-443.934321 
-235.103990 
-195.977052 
-503.085559 
-41.959697 
-969.514794 
-142.119101 
-391.791789 
125.383227 
549.033754 
-220.268157 
-35.490667 
114.009579 
-156.943543 
99.358450 
-76.302196 
254.214798 
-62.900588 
223.988825 
-460.920123 
-444.801376 
-95.677861 
9.165775 
-0.303212 
-418.253691 
-226.289194 
-635.623602 
297.484814 
29.412068 
-131.195418 
50.978830 
-187.716148 
35.966534 
-252.945129 
1.842710 
-291.232526 
123.294641 
63.386253 
-113.210161 
-296.083899 
-249.312925 
-243.273032 
296.294997 
113.548930 
140.218089 
-211.991060 
-1052.379381 
492.655495 
-17.968761 
-757.440527 
166.900444 
-752.291229 
187.696860 
-148.102490 
-131.269109 
-498.359413 
-211.856487 
-256.153897 
-22.043401 
-565.427808 
-175.584697 
-274.370811 
140.217379 
52.209780 
-176.792156 
-43.258329 
402.326834 
-105.682151 
-166.296287 
-430.879552 
-43.258047 
9.163083 
484.912878 
-188.291839 
-7.785386 
-262.897640 
218.071519 
263.840205 
-17.046505 
-15.409523 
-43.257351 
-273.216610 
36.876158 
-379.676235 
1.134160 
265.540334 
-497.078200 
-451.481453 
218.851162 
170.851281 
-162.269002 
-438.680527 
261.150808 
-615.106596 
87.494842 
-70.142977 
-120.702896 
659.521656 
-384.707070 
122.837490 
-69.468357 
-97.580998 
492.029579 
-120.316676 
241.565627 
-541.310153 
498.083621 
127.930512 
-178.300114 
-399.818163 
-259.254960 
207.866842 
-2.794093 
-43.257978 
-879.621107 
-31.320042 
423.169249 
-1282.544775 
-164.909043 
-439.924798 
-344.248046 
-290.694062 
229.045516 
-228.796683 
-69.470267 
89.271806 
-234.333190 
-69.469712 
-763.642454 
-600.633823 
-121.891360 
-200.524524 
-417.819667 
-623.689682 
-116.696149 
-309.104885 
-73.544947 
-479.475790 
-43.259019 
-289.937878 
35.373862 
-54.639685 
-238.930821 
8.820042 
-736.105122 
-128.369363 
-197.814031 
-414.898767 
-247.356081 
-9.127067 
-215.012936 
-642.401913 
-209.923195 
-21.345484 
8.005121 
-121.891391 
100.636953 
-216.032334 
-419.407190 
135.335273 
-35.446574 
109.098480 
-174.312767 
-252.945131 
-529.305204 
-279.155818 
-436.472363 
-123.115638 
725.392884 
-423.939584 
-544.065569 
-292.623080 
-383.999207 
19.137977 
389.680584 
-450.602469 
-797.374150 
-384.000231 
-82.687885 
-584.321079 
-598.133143 
-132.990886 
227.520988 
-250.087612 
-308.325205 
-657.013947 
-43.635887 
-91.207771 
-341.240297 
-384.001209 
261.516805 
-393.452839 
-384.000991 
-127.282992 
-383.999726 
-568.785605 
-284.951276 
-357.789063 
-380.606809 
-396.499669 
-382.164796 
-388.552610 
-398.279546 
-384.000001 
-391.858554 
-384.000001 
-408.142806 
-378.680522 
-369.467540 
-382.854788 
-371.372364 
-387.392629 
-358.439382 
-393.653839 
-389.352476 
-357.789062 
-389.528240 
-376.097650 
-384.000000 
-360.545195 
-382.858862 
-415.860219 
-384.884016 
-385.191953 
-382.492318 
-367.158775 
-369.983357 
-382.959452 
-398.174873 
-394.824749 
-382.870819 
-375.224740 
-386.433200 
-361.632363 
-371.343959 
-384.000001 
-374.565043 
-380.645877 
-373.172784 
-385.639000 
-392.226806 
-360.941375 
-365.823198 
-392.845271 
-385.930804 
-383.999999 
-371.977956 
-385.658249 
-383.894039 
-370.860845 
-382.361817 
-389.109906 
-377.390635 
-357.789063 
-376.849002 
-379.954617 
-372.477077 
-391.408451 
-382.426254 
-401.856744 
-390.257101 
-367.995391 
-387.669280 
-401.675231 
-382.312514 
-375.357580 
-375.830270 
-375.384599 
-384.294290 
-367.571560 
-378.684753 
-358.755916 
-368.652639 
-411.958332 
-379.443017 
-370.711057 
-374.978573 
-383.234851 
-396.822471 
-378.680522 
-390.685541 
-402.497014 
-380.026751 
-380.146871 
-384.000000 
-384.028129 
-385.039718 
-373.082418 
-356.041666 
-391.571457 
-384.514254 
-371.588832 
-384.000000 
-378.982053 
-385.571944 
-385.356406 
-385.871639 
-391.659120 
-385.298807 
-373.577711 
-392.709706 
-384.000000 
-362.804704 
-373.308712 
-362.253732 
-383.940520 
-384.489460 
-384.000000 
-387.869774 
-381.293282 
-383.025265 
-382.686897 
-367.429470 
-384.000000 
-376.943039 
-380.725763 
-381.937794 
-382.617735 
-388.623858 
-384.000000 
-388.388644 
-384.000000 
-388.987010 
-383.724102 
-376.632607 
-357.255597 
-380.479431 
-374.962849 
-378.073141 
-361.923282 
-369.602468 
-385.295874 
-365.374590 
-386.518161 
-366.192183 
-365.823806 
-389.572843 
-386.919079 
-357.789063 
-376.476233 
-382.656690 
-382.443986 
-394.975906 
-387.853959 
-382.934088 
-383.009714 
-379.393159 
-380.819412 
-371.146529 
-400.133023 
-378.817275 
-364.956882 
-389.830899 
-357.789062 
-372.177214 
-356.926508 
-381.679853 
-384.000000 
-370.831877 
-386.547081 
-368.768069 
-385.720503 
-383.541132 
-382.793424 
-390.746093 
-374.532067 
-395.346197 
-382.442938 
-382.321779 
-393.879141 
-377.895326 
-384.000000 
-370.894530 
-384.107291 
-387.869774 
-376.947065 
-386.614536 
-378.432040 
-377.780644 
-393.737295 
-395.582773 
-385.132948 
-381.219856 
-370.431068 
-400.897098 
-378.500411 
-374.330446 
-379.286505 
-369.627471 
-390.428336 
-379.209465 
-383.999998 
-383.170461 
-384.000000 
-394.017417 
-385.631122 
-397.052025 
-382.840568 
-390.127615 
-384.000000 
-384.979770 
-378.822914 
-374.629168 
-391.498450 
-394.078404 
-376.924209 
-384.913440 
-383.304886 
-373.323934 
-383.721445 
-377.013529 
-384.000000 
-384.711077 
-383.999999 
-390.925409 
-383.333366 
-365.197514 
-370.837323 
-381.766214 
-385.554565 
-373.520709 
-376.824200 
-394.072071 
-378.271666 
-396.849683 
-393.224863 
-387.856295 
-383.081466 
-391.123370 
-385.073637 
-381.081927 
-387.533121 
-398.403731 
-375.761895 
-365.866002 
-387.113207 
-375.780505 
-357.789063 
-357.789063 
-389.661816 
-380.827651 
-386.582905 
-403.887826 
-381.821106 
-385.271417 
-383.730329 
-394.802741 
-387.396637 
-370.623198 
-374.163257 
-381.578526 
-377.978093 
-377.076697 
-380.600370 
-383.999999 
-384.000000 
-384.000000 
-384.000000 
-359.911440 
-383.820924 
-385.491745 
-383.381730 
-383.260722 
-388.596614 
-372.228121 
-375.925339 
-363.515600 
-388.162865 
-387.018060 
-386.490593 
-386.634421 
-398.638978 
-378.320821 
-371.254807 
-388.794970 
-382.191838 
-377.970231 
-384.000000 
-389.590697 
-384.026371 
-384.135027 
-357.789062 
-378.758721 
-357.680668 
-384.000000 
-383.948337 
-372.030516 
-384.000000 
-384.000000 
-393.383315 
-384.811979 
-384.000000 
-386.744222 
-388.987009 
-378.255360 
-382.601489 
-385.459746 
-377.997067 
-386.981802 
-373.164156 
-382.882544 
-388.180673 
-377.321841 
-397.346338 
-397.593368 
-379.916706 
-380.372087 
-389.101687 
-386.743816 
-375.150906 
-386.457740 
-390.602092 
-372.761313 
-382.463435 
-367.259302 
-395.728570 
-365.448183 
-382.869101 
-388.362538 
-366.743713 
-391.973740 
-382.870818 
-396.218550 
-375.245583 
-383.999999 
-400.007159 
-378.205650 
-379.777941 
-383.822140 
-380.372087 
-379.885645 
-384.128398 
-399.020325 
-384.000000 
-384.000001 
-386.537549 
-377.679247 
-382.436432 
-384.000000 
-384.000000 
-361.497845 
-391.858852 
-377.068169 
-379.406522 
-380.959043 
-384.000000 
-384.819076 
-387.090205 
-383.161844 
-379.430616 
-371.952668 
-357.272700 
-380.910876 
-385.131165 
-381.263364 
-383.899415 
-384.000000 
-384.000001 
-384.000000 
-384.532790 
-387.138638 
-386.245737 
-390.320805 
-366.110489 
-389.370315 
-384.000000 
-385.361568 
-369.898392 
-372.698262 
-389.474958 
-370.658767 
-366.015869 
-381.102934 
-386.896053 
-384.000001 
-361.154922 
-389.221373 
-384.000001 
-384.000001 
-390.764174 
-378.010731 
-389.370314 
-384.000000 
-384.000000 
-367.017372 
-384.000000 
-382.092917 
-360.283721 
-385.709367 
-383.430969 
-383.999999 
-382.361816 
-384.000000 
-392.961889 
-384.686933 
-389.526557 
-369.839193 
-382.445391 
-386.807737 
-382.542597 
-384.000000 
-371.120446 
-381.380759 
-383.940520 
-385.087760 
-386.485577 
-384.058322 
-376.419380 
-377.658587 
-408.572753 
-383.706168 
-377.732305 
-384.000000 
-380.775046 
-380.598832 
-375.152041 
-380.982213 
-363.345493 
-380.066439 
-395.775748 
-397.098886 
-383.705811 
-378.703805 
-393.291189 
-385.467106 
-384.000000 
-383.791877 
-370.107019 
-394.450853 
-357.789063 
-381.772155 
-397.254554 
-370.106133 
-382.879851 
-384.370878 
-391.486311 
-384.000000 
-368.045244 
-394.210785 
-384.000000 
-370.861903 
-410.513096 
-384.000000 
-384.000000 
-382.980226 
-380.188748 
-397.474245 
-383.441973 
-371.466107 
-384.075966 
-384.000000 
-379.104962 
-384.000000 
-384.275801 
-392.207265 
-385.680907 
-386.503375 
-379.213584 
-376.901759 
-393.374147 
-389.614940 
-390.615901 
-384.275467 
-396.702924 
-369.914537 
-382.918422 
-384.055762 
-384.000000 
-399.004320 
-385.695276 
-376.680299 
-382.601490 
-385.413451 
-381.256590 
-384.000000 
-384.000000 
-388.540640 
-383.999999 
-388.551650 
-382.825148 
-356.348534 
-381.873410 
-383.760882 
-384.717327 
-384.000000 
-389.483809 
-384.305447 
-376.240107 
-393.090974 
-384.000000 
-382.646538 
-375.029091 
-375.289511 
-379.425801 
-386.542908 
-379.732829 
-383.268819 
-385.457446 
-383.975276 
-380.244183 
-369.809267 
-384.000000 
-385.058608 
-363.463365 
-384.000001 
-392.891683 
-384.000000 
-362.572188 
-386.344141 
