26.976534 
-12.517336 
8.719219 
49.574177 
29.939923 
87.640800 
68.041591 
-91.107238 
-67.789087 
-71.530676 
-48.500432 
-9.782516 
-97.469639 
-221.820385 
-397.178441 
-403.766667 
-382.053237 
-256.816110 
121.742192 
365.150458 
576.276991 
595.570397 
532.633438 
425.104662 
267.094358 
131.112473 
-38.707273 
-7.070992 
9.099094 
-78.152476 
-27.426064 
-10.297772 
-65.711952 
-71.217501 
-7.196448 
38.817183 
24.300537 
-41.985566 
-67.788879 
-142.914108 
-159.811098 
-98.236511 
15.084477 
144.895360 
241.298567 
285.705186 
272.130750 
211.131779 
26.976747 
71.935134 
64.013481 
-117.233635 
-114.587161 
-171.438737 
-126.137867 
-155.667728 
-162.554478 
-79.544910 
-128.613623 
-123.867694 
-165.197001 
-95.571514 
125.406441 
70.834791 
117.394550 
79.430759 
-98.447054 
-324.199715 
-504.985233 
-394.779042 
-206.709395 
-11.387032 
192.853672 
192.621555 
197.287285 
140.557170 
-90.493452 
9.179049 
53.037074 
97.366479 
132.538946 
199.600384 
231.163878 
50.099995 
-50.727194 
-107.961169 
-109.928013 
-67.789031 
-120.098702 
-133.721803 
-145.494220 
-134.124952 
-232.837400 
-234.361442 
-204.593184 
-257.320487 
-473.977189 
-470.436699 
-401.767198 
-221.947668 
-12.957205 
279.322078 
413.914977 
497.151070 
500.804534 
386.354274 
286.087311 
116.952060 
6.095794 
-86.045128 
-162.554924 
-99.117923 
-156.634673 
-115.550151 
-122.119770 
-148.620098 
-162.555253 
-92.562654 
-55.761813 
-57.444713 
-56.567719 
-77.545140 
-162.554849 
-198.112068 
-162.554356 
-195.445156 
-135.473194 
-60.735653 
-72.611037 
-190.499187 
-392.458656 
-450.950276 
-411.653646 
-184.461196 
96.414175 
175.456664 
304.778712 
315.534155 
91.699303 
25.870795 
-37.858489 
-82.596084 
-86.759709 
-108.837095 
-138.342843 
-111.531229 
-26.299598 
-14.105314 
-38.059549 
-46.698889 
36.675087 
-15.965083 
-53.967352 
-204.180235 
-258.195967 
-162.863146 
-67.789086 
148.524481 
204.521440 
193.630781 
216.507760 
160.461512 
203.445145 
164.851566 
91.672558 
124.049956 
7.203184 
12.137178 
-58.504525 
-88.400380 
-60.094837 
-64.636534 
-34.947092 
-29.829470 
-67.789038 
-67.789038 
-65.268045 
-21.620385 
-73.695330 
-88.501551 
-93.415123 
-136.855269 
-86.477491 
-61.315910 
-163.031717 
-202.119378 
-244.203088 
-65.515191 
133.336723 
392.433404 
560.867175 
535.636397 
410.472552 
351.168619 
169.125091 
135.940883 
121.742289 
98.594822 
35.946708 
31.278393 
46.440464 
79.574216 
121.742347 
122.367596 
14.497607 
44.172542 
45.974852 
43.061773 
80.231536 
148.841755 
106.386071 
40.565874 
-80.128475 
-308.316400 
-541.617053 
-463.321439 
-244.684960 
29.723729 
288.215621 
403.396757 
270.245888 
206.741374 
162.454030 
113.387800 
135.738956 
97.217152 
1.877759 
-2.306481 
-80.391634 
-96.489526 
-71.336628 
23.239561 
39.995006 
73.586775 
121.105747 
-8.056242 
-217.838056 
-236.655231 
-282.484504 
-130.697865 
121.742130 
216.507745 
272.430612 
191.055299 
62.026610 
42.266939 
-22.303956 
100.311532 
-8.474893 
64.743275 
138.183709 
46.550043 
107.883454 
174.763932 
85.754662 
86.442160 
87.205736 
-20.406373 
-67.789177 
-209.937571 
-352.086113 
-351.826226 
-232.846328 
-185.946142 
-49.710204 
59.471718 
107.623911 
86.079687 
58.414434 
55.846164 
-74.185000 
-143.424039 
-150.393776 
-128.900586 
-11.670295 
46.717781 
94.526664 
74.625144 
37.670643 
-44.709146 
-162.554649 
-329.491257 
-313.665352 
-241.887127 
26.976611 
115.366856 
169.670849 
121.742296 
114.921493 
-9.471486 
-115.171770 
-83.583365 
-103.263325 
-237.789834 
-283.973155 
-308.774204 
-195.444800 
-173.366217 
-66.589531 
4.956275 
-132.473416 
-265.820290 
-324.878881 
-296.232532 
-159.954361 
21.595827 
111.869243 
142.002346 
141.452478 
41.540039 
43.402992 
61.872799 
42.482060 
-10.372674 
-48.455427 
60.331754 
29.241257 
4.785798 
9.441025 
-60.339825 
-100.080231 
-23.250449 
-45.202720 
-33.477264 
-71.217686 
-274.272119 
-285.447800 
-257.320337 
-42.844317 
95.207171 
207.398307 
309.257356 
278.454102 
276.495784 
226.302007 
124.758029 
74.359282 
26.976523 
0.696307 
-36.303585 
-112.814429 
-134.125170 
-162.554712 
-95.702912 
-127.437970 
-111.413064 
-88.068846 
-9.090911 
26.976468 
109.496225 
64.318145 
86.316873 
53.219480 
110.043654 
135.758016 
204.292476 
36.629770 
-110.656444 
-274.490896 
-352.086026 
-88.518925 
-35.213441 
154.464776 
334.082508 
287.245587 
240.761186 
161.890314 
41.622479 
26.976489 
-88.634873 
-59.517582 
-116.033249 
-204.701172 
-202.902935 
-173.162314 
-177.757980 
-100.759016 
-162.554783 
-58.704204 
-158.001693 
-162.554654 
-162.554789 
-154.466145 
-94.640930 
19.510203 
26.976600 
121.742177 
64.858489 
-184.667082 
-355.429858 
-389.231521 
-237.440347 
-72.932642 
216.507764 
260.928566 
311.273143 
267.195233 
181.754883 
105.323979 
58.350016 
-16.629844 
-13.704721 
-108.917692 
-20.406261 
-129.989091 
-154.012373 
-94.987358 
-70.888661 
-37.838126 
16.048789 
-31.004452 
-48.719501 
-68.714526 
-182.794684 
-382.648687 
-541.617314 
-563.472851 
-320.664120 
-11.171695 
170.871667 
316.781793 
400.100736 
291.370122 
247.098582 
92.035157 
106.083025 
-5.390268 
-67.670795 
-20.406349 
-24.832999 
-38.722894 
-30.799580 
128.220376 
83.308049 
7.198758 
-43.828913 
-94.412319 
-206.590597 
-234.916398 
-352.085896 
-138.878861 
55.636504 
216.507810 
328.663102 
302.109595 
358.656322 
263.890591 
203.125698 
203.151208 
109.817699 
-38.462764 
-7.609713 
-58.868544 
-20.406123 
-45.404505 
26.976701 
-90.282997 
-115.455054 
-196.852654 
-233.092022 
-244.708124 
-306.925838 
-299.130542 
-199.570637 
-59.370886 
171.627195 
239.760041 
336.310674 
299.262363 
179.816381 
74.359527 
28.091446 
28.587656 
-38.556822 
-113.972231 
-44.753657 
-95.835892 
-115.171734 
-209.937458 
-234.197746 
-257.320310 
-316.624037 
-85.878974 
-39.013037 
76.540242 
107.050402 
108.658883 
74.359345 
100.967756 
50.788928 
50.654786 
58.467350 
115.819191 
71.642902 
13.819295 
-93.712518 
-295.708365 
-435.918613 
-526.103599 
-360.424958 
-234.023174 
-89.001360 
45.320955 
-11.353308 
-115.172100 
-174.147704 
-251.742057 
-257.320569 
-229.129227 
-304.703385 
-278.388059 
-228.096857 
-162.546669 
-388.703825 
60.463185 
28.833901 
555.694588 
-598.130707 
-33.034611 
702.518941 
-162.553203 
-196.867266 
669.383279 
-1313.434454 
472.400047 
226.392757 
992.213320 
700.727943 
-86.955639 
360.707690 
121.746393 
300.858748 
180.828102 
121.746260 
-441.372744 
96.902566 
562.918399 
153.747795 
-1607.958333 
184.725631 
-577.513636 
597.322574 
643.850953 
-373.178472 
213.870997 
67.622432 
-1010.945533 
1552.010856 
-280.676304 
601.795730 
406.034247 
454.011629 
-128.903071 
42.188783 
143.848820 
801.609940 
1091.796713 
-340.789838 
-97.966023 
1067.212027 
26.972250 
545.854536 
329.321692 
-164.219241 
567.572540 
6.237520 
627.123122 
-372.415248 
26.968047 
-181.725926 
-74.918743 
-453.341050 
-363.058914 
619.514889 
284.595914 
998.275413 
597.652535 
50.131442 
1175.067296 
-32.207584 
-787.627218 
546.048766 
1348.218686 
240.139102 
140.135119 
718.202763 
-149.862978 
664.158126 
1608.980373 
-111.948281 
203.701633 
-640.609177 
867.169004 
673.683158 
-176.351833 
72.660599 
899.946558 
615.495104 
274.079147 
2064.439113 
-37.072604 
1264.046839 
138.587057 
826.166908 
188.007822 
-133.961328 
897.386358 
1590.606354 
321.202396 
-843.924647 
745.989729 
570.843231 
-563.307717 
-258.756312 
395.283324 
-437.220621 
1401.082949 
408.402235 
-1136.042242 
1111.684842 
256.483206 
161.082635 
927.255314 
1260.319201 
-365.222925 
-99.242820 
-1446.174764 
505.389774 
406.029968 
665.759021 
-853.253547 
-722.653549 
1085.546604 
753.922377 
548.205633 
-1636.195898 
595.577244 
-1057.986194 
339.445997 
-899.517206 
374.869778 
-4.954491 
-357.998744 
-635.169303 
-629.061667 
441.131250 
399.794616 
-1293.301169 
-264.814700 
-523.696674 
-199.513171 
-448.973842 
-122.366265 
-467.593864 
621.558330 
89.792084 
942.418216 
-1717.928870 
-2019.097756 
-618.878630 
-633.575391 
407.228452 
-507.761549 
562.473951 
833.821887 
-238.672066 
-49.433430 
-510.667574 
785.092961 
-579.277892 
340.770246 
-1511.065841 
927.251029 
-188.845772 
-531.147910 
540.200581 
-457.478770 
413.581270 
578.351592 
-1811.717396 
414.877250 
-353.253752 
-514.458537 
1748.221755 
-569.329519 
1009.055348 
-162.557115 
74.350792 
1000.503803 
-1866.527119 
-950.761012 
442.874768 
273.876101 
319.605994 
52.615246 
-341.583884 
162.124584 
-96.324921 
-1020.049916 
408.390700 
-187.778796 
-94.113465 
183.667072 
210.195171 
-199.717086 
-449.789816 
121.738349 
529.406639 
2253.968287 
-2131.429661 
217.109301 
-690.557997 
144.619807 
66.973221 
406.035869 
706.882613 
-825.561004 
-716.170193 
-204.691204 
-826.324602 
-240.324345 
-1236.628978 
-507.503343 
-1378.101498 
151.901327 
-511.946323 
595.564523 
403.771053 
-503.721108 
-284.203197 
944.173168 
110.770693 
157.612846 
-498.005324 
155.918679 
-478.011135 
-425.395611 
-506.712895 
-34.743071 
-305.919007 
-1118.486456 
296.229941 
-477.180918 
466.683474 
-494.255867 
-396.619024 
461.134737 
-91.675598 
-241.158673 
722.109509 
-87.152273 
95.441897 
-67.788756 
1069.397030 
-259.321151 
-1289.266811 
1016.585330 
-215.448300 
-452.178551 
1821.664307 
-1830.206758 
1036.971623 
-419.475344 
360.404552 
127.156599 
1506.860785 
-1110.895028 
500.487236 
-428.945870 
-162.550753 
927.254551 
-257.314074 
737.722283 
1513.025549 
-1274.727735 
341.158143 
388.657872 
796.300071 
-476.711707 
-160.775961 
-169.796135 
1110.476332 
-973.481893 
613.178202 
15.383046 
-844.800970 
-723.978629 
-258.983990 
644.311810 
226.612697 
-230.534507 
511.736514 
406.043551 
-432.307203 
-14.698965 
-214.395482 
-67.788506 
211.752850 
-1378.725491 
1401.077327 
694.078138 
-495.957110 
879.864572 
1078.860244 
-510.683578 
79.139135 
-2028.251375 
-961.855854 
-773.692508 
-588.007265 
-86.927076 
762.584621 
-921.887818 
-159.764117 
1016.398507 
1579.271102 
-54.264243 
-109.846758 
915.198306 
-602.001844 
28.533096 
709.747278 
882.692006 
178.996357 
-412.288034 
-573.317616 
-77.628654 
-3.525930 
98.047514 
-296.099061 
-112.094820 
-515.937351 
-676.207422 
584.545337 
298.275601 
-488.772282 
623.579319 
-905.291692 
33.198478 
216.502518 
-258.733462 
270.915670 
78.106366 
11.705283 
-569.573864 
913.935941 
-923.601486 
-43.462215 
311.263159 
1306.307778 
1001.770616 
-1150.531009 
5.282879 
-841.712319 
-162.560265 
-395.246185 
230.330142 
-669.522771 
-1074.945906 
-273.949706 
1022.015109 
100.695222 
-512.246319 
-772.676520 
-13.143497 
-254.631646 
12.446647 
-232.550749 
22.383026 
-789.555586 
-278.622264 
1306.309869 
-1015.450625 
468.232161 
244.565499 
-471.327965 
-492.119926 
219.637229 
-686.535618 
312.860690 
1211.543250 
697.027042 
-3.373537 
356.001413 
240.735899 
-180.068888 
-1537.709696 
-1211.048900 
-117.668791 
358.660127 
46.081510 
-297.539686 
26.963805 
121.757542 
358.734758 
-473.903056 
-97.769617 
-352.089073 
642.957533 
343.899572 
-134.124211 
-529.064683 
522.521534 
57.322617 
-22.092754 
121.749913 
166.173670 
832.481879 
-151.322219 
52.837736 
358.567529 
558.469506 
-360.095914 
31.396528 
276.252167 
974.649190 
188.727097 
-157.357405 
54.298148 
-656.926157 
253.619441 
-1087.372059 
346.895183 
-529.841828 
1666.310147 
-471.351383 
259.548040 
311.278413 
-756.886920 
2017.503919 
172.949303 
420.068150 
-1466.352452 
11.093965 
-447.550236 
-611.088445 
73.640182 
-407.976874 
-263.400157 
915.957321 
-67.795060 
-406.979386 
-488.729359 
20.480534 
-43.558745 
187.995270 
-524.586727 
614.070208 
994.173288 
753.541706 
-514.295656 
263.884410 
240.766418 
-488.200580 
74.354747 
-1087.372674 
-578.966532 
74.351407 
-115.173242 
-437.784148 
-887.418802 
272.757538 
-306.097328 
199.069692 
-784.017061 
-162.558115 
-293.648932 
169.121978 
306.012150 
-840.640848 
135.178541 
295.940916 
-1955.718098 
625.239971 
-726.734893 
-223.092854 
-201.712083 
-916.234377 
-754.854344 
252.829075 
-1387.208423 
-291.828456 
-115.174970 
146.427770 
203.811788 
-1890.241139 
-371.219276 
-271.947795 
680.270233 
-162.559421 
-162.564229 
-834.807562 
737.710287 
-191.934207 
-261.686534 
-1019.891070 
-584.618205 
168.585153 
414.973841 
-67.787196 
-980.276435 
-454.213371 
-973.310202 
-852.130558 
-651.191973 
-98.581974 
509.269137 
-325.652335 
249.268474 
-495.989960 
-65.232838 
-409.127407 
-1365.162990 
-700.955706 
301.313689 
274.802104 
-20.405219 
-304.316096 
-124.283886 
-115.176883 
-179.696562 
-589.001477 
-1007.028081 
-529.749468 
121.745502 
-541.906294 
98.075823 
1053.963793 
1594.194525 
-2190.967212 
-437.375749 
680.305895 
406.038090 
-1845.056537 
1102.318074 
-818.371795 
882.032323 
565.596592 
906.422094 
1786.198731 
52.703756 
338.196571 
1022.015489 
368.903057 
-794.440894 
1780.151472 
475.479650 
533.103772 
-209.752993 
1012.375362 
-2408.853776 
44.219536 
813.674719 
-28.484027 
-4.562009 
-343.559452 
1033.765980 
959.450780 
625.327671 
1399.563128 
1101.076589 
587.075560 
500.790403 
1373.414758 
-45.106821 
-1569.665323 
-75.331109 
-353.355813 
1764.340830 
347.532109 
-1244.228531 
273.697178 
1353.685628 
255.070145 
1724.369115 
777.364545 
1367.670745 
1398.098611 
718.002157 
417.251480 
3959.741761 
91.443078 
387.527207 
24.415083 
124.787147 
550.108623 
-399.712543 
300.504308 
697.960103 
-854.545065 
1043.973098 
-514.893548 
1016.061126 
775.025191 
1647.392063 
933.973280 
120.252867 
355.977762 
816.775811 
954.163277 
2521.083160 
-291.048845 
270.693999 
87.692532 
792.060409 
1370.783071 
-184.813617 
-167.176153 
626.108180 
896.351312 
-66.043543 
1780.145951 
-733.926280 
931.191950 
200.863496 
826.173885 
773.655251 
-722.512518 
350.625062 
2064.446495 
-321.048265 
507.825762 
671.587735 
1254.615727 
-683.187149 
-2.791948 
749.427680 
-791.652565 
879.881403 
836.949634 
-1498.522331 
1194.685134 
-251.402531 
1461.372165 
690.344658 
1447.516749 
-549.926147 
-260.991854 
-1674.110075 
249.220819 
216.512576 
654.844613 
-1374.839712 
-649.297051 
1131.361187 
60.338595 
927.266076 
-1352.378361 
1069.408873 
-1463.871779 
352.338808 
21.568568 
569.277216 
-1008.478993 
1049.066663 
-1791.555934 
-331.010676 
302.971931 
-22.225456 
-615.467113 
-1220.322477 
-1236.422447 
-888.254771 
-823.837360 
370.496135 
326.077539 
-322.432062 
-1989.983553 
554.137640 
-2437.515707 
-2398.789109 
-1611.847991 
-114.291781 
-537.068955 
-427.332661 
-159.308431 
1553.281920 
-776.312120 
-231.777702 
-877.678148 
690.304041 
-756.381656 
-423.027987 
-1521.772847 
1164.170401 
-718.259948 
-583.321149 
73.351580 
-233.991875 
-331.580833 
475.718942 
-2161.458535 
335.499438 
-970.789488 
-1099.578001 
1160.261805 
401.013410 
-148.194421 
263.890826 
808.771743 
1328.542764 
-1133.489828 
-436.012589 
-1224.661408 
-419.650868 
2424.612920 
-963.321332 
-22.175275 
54.369470 
-198.812967 
-1483.448345 
378.513527 
20.614020 
-386.301800 
893.533298 
792.475680 
46.722833 
365.287031 
974.650796 
1245.475804 
1685.380449 
-1693.161106 
-405.862996 
244.868730 
197.153991 
34.184432 
879.876771 
14.407191 
-1787.867825 
-16.232986 
-1954.911243 
327.096864 
1048.156457 
-767.470499 
-547.977530 
-1137.896876 
-199.251192 
305.946323 
1685.379012 
-238.371961 
128.060968 
-451.115409 
693.314815 
646.015241 
650.076264 
-637.245730 
846.537595 
-603.386946 
-119.767060 
-452.025978 
-669.970147 
-172.603551 
-1706.766539 
406.214787 
408.950377 
-570.206338 
-404.458403 
183.881788 
584.541866 
-143.576069 
-364.269549 
536.409072 
-239.677294 
-148.557354 
690.332316 
2633.029482 
-1577.523366 
-351.883838 
-525.996073 
-55.344197 
-1013.178495 
279.973888 
-2544.938305 
589.077652 
-212.238968 
439.389710 
-791.802277 
1531.536427 
-1118.126001 
-206.964982 
-277.763192 
1211.539487 
263.882493 
927.242774 
879.857617 
537.750921 
-804.090804 
1367.621593 
-335.353669 
1600.462526 
-1259.987348 
-1147.221142 
-29.771148 
925.893659 
-1202.540783 
238.944500 
92.568581 
-530.800678 
-1518.536546 
54.638821 
-923.777940 
305.478140 
-817.174184 
511.580438 
1116.777410 
342.942313 
-235.250952 
-536.804875 
1022.009804 
-515.055791 
-1264.075083 
26.975253 
713.715930 
-773.788509 
2159.195094 
-134.128966 
-332.733312 
-858.625035 
-1350.086080 
36.437157 
194.525644 
200.861396 
-575.409928 
1405.911470 
-830.068558 
-32.988876 
497.544531 
1066.552627 
-756.042583 
56.745065 
598.502018 
-117.758785 
291.437244 
629.036329 
62.041205 
562.578559 
-396.824076 
-641.886206 
-587.525541 
-324.468071 
682.589103 
-311.602587 
-827.818960 
-541.064442 
-782.068844 
1819.784254 
-383.338878 
219.648881 
454.031783 
-700.179631 
1296.553512 
2443.493465 
-2690.407801 
843.724456 
-23.327936 
71.487405 
-839.829210 
742.650072 
-1348.632101 
-461.078320 
1116.765443 
832.480472 
1080.141291 
-1030.151783 
601.542338 
-1549.291896 
1211.541042 
-936.237630 
251.870163 
254.651390 
-1136.873752 
-754.654913 
927.244610 
644.251527 
124.277809 
-536.810510 
-1009.774439 
252.215436 
680.998704 
-33.345922 
23.822509 
-303.968816 
-444.003835 
-67.795011 
-319.511475 
-1089.469846 
-107.408024 
-983.498818 
-757.402790 
651.130325 
-1111.352562 
908.410397 
216.503823 
-75.892455 
-1379.697325 
292.610580 
529.535100 
41.154611 
-1469.407216 
-179.561802 
785.382214 
169.118679 
-299.516211 
282.534351 
642.950942 
548.188192 
-169.498061 
-372.464635 
-1119.568575 
1590.608630 
548.192131 
404.494302 
-841.704441 
-874.102038 
717.521021 
1135.929939 
-184.292127 
548.193237 
-1388.590254 
-67.788143 
127.859971 
477.996182 
265.665661 
856.099788 
-578.184329 
-68.719136 
813.390226 
974.632818 
851.692376 
-1157.672153 
304.538668 
-1338.371711 
-172.175115 
-866.388663 
-679.392373 
-413.688802 
448.414886 
108.428979 
531.786431 
263.886987 
-595.499911 
1160.001624 
-250.465409 
692.585581 
-1082.992934 
-369.316336 
-36.907736 
-380.111585 
20.704545 
-150.722083 
-512.391532 
-108.309226 
-162.556581 
-1090.970515 
-54.252756 
-1220.352873 
-993.422922 
826.507306 
-937.580931 
170.728718 
339.535281 
153.292513 
-267.308664 
-67.791153 
-455.413908 
-1631.181407 
-67.784834 
-1199.873068 
-1109.238520 
406.047056 
453.426332 
-318.823257 
-475.876186 
-1220.761081 
-8.619921 
-67.214603 
-1210.705932 
26.985983 
-600.545917 
121.753885 
-402.470096 
-508.773983 
-613.884674 
159.211926 
-1287.393221 
28.843738 
-1102.363116 
-270.770769 
-286.208005 
-13.830709 
-588.352451 
-304.777099 
-809.182916 
279.092833 
169.144927 
-137.118967 
241.162231 
-1242.697796 
-670.163400 
-92.834246 
599.587807 
216.515820 
358.667434 
-653.576361 
26.989224 
289.166756 
-560.555427 
-477.785565 
-577.837838 
-456.027461 
153.730698 
26.986316 
335.896309 
-273.309789 
-773.760248 
-970.171417 
-503.118113 
-310.104847 
-151.902634 
-234.387503 
-742.550288 
37.114283 
-38.116820 
-668.919925 
-1030.034971 
-209.903409 
-611.488188 
-202.189150 
-20.409658 
-619.199779 
147.982841 
-589.007265 
-63.965069 
-589.000476 
-874.658001 
-203.758322 
1069.392624 
232.130644 
-728.913380 
1332.708776 
-617.543319 
-1022.001276 
320.741094 
-259.185682 
1069.393369 
-238.790342 
1045.345033 
-165.644834 
1228.230494 
135.381241 
1577.424877 
261.460439 
-510.938271 
-1.368704 
548.183219 
261.560801 
536.457560 
690.328876 
476.405943 
1750.851906 
-257.425117 
179.005887 
-546.386653 
754.252353 
658.646491 
-183.213704 
785.707981 
272.904731 
423.638305 
37.409757 
1331.423664 
568.317710 
394.500266 
-663.016368 
1637.992484 
920.533241 
-409.114574 
-5.295626 
1116.293808 
-20.272312 
1787.294865 
915.269056 
1123.062101 
-1398.953550 
1780.128261 
524.934723 
1541.075355 
-805.830176 
1495.885537 
-485.357030 
1265.089649 
69.679444 
1590.602588 
-91.339717 
-197.682498 
-224.219689 
1198.831794 
8.460758 
122.263002 
-271.570016 
1501.359641 
402.333423 
1061.074840 
209.016758 
-1032.029755 
1228.074497 
-1.351484 
149.629249 
828.450366 
166.802228 
-247.888885 
1058.205113 
4468.705760 
564.140719 
119.204456 
-447.525911 
653.262306 
742.703765 
-652.841759 
-558.385059 
297.081820 
177.188135 
-330.182595 
1495.844453 
683.423856 
1792.923917 
578.366653 
674.543461 
518.548976 
-223.128802 
-1183.168364 
1306.314644 
-523.924555 
303.591078 
442.654133 
139.942643 
360.934134 
-328.196436 
-100.263829 
-963.919133 
1543.234364 
637.115459 
-1342.611149 
-631.528454 
796.861948 
-886.393673 
121.756329 
877.360381 
-87.868483 
779.050210 
-832.810980 
-193.243700 
1258.940577 
543.678080 
-627.318456 
144.617998 
1525.962012 
365.495920 
121.751175 
-32.949605 
2443.506079 
153.178256 
376.941826 
-376.988796 
2045.421772 
-996.598951 
603.792890 
348.001399 
372.158983 
-34.671558 
-297.370641 
-619.555715 
-106.578112 
-1692.180767 
-509.786690 
191.596086 
452.200163 
414.927424 
-6.847055 
-255.933422 
578.437772 
46.834182 
-1.272232 
-599.395198 
-222.827158 
842.917237 
602.007903 
1100.735470 
423.075204 
-628.286904 
-85.780045 
288.067171 
927.254398 
283.263131 
-955.338454 
-1388.619624 
1353.692641 
202.204337 
-960.907128 
689.021712 
-353.149082 
21.496178 
258.748462 
-713.536727 
308.499283 
-959.902771 
-1558.501772 
870.656289 
-454.425994 
-1702.254173 
-67.789726 
714.005630 
400.511686 
1520.917548 
-729.164707 
-918.217979 
455.771704 
209.592025 
-1981.415642 
247.167450 
-780.045674 
-871.859948 
-349.803706 
-189.096604 
-360.686474 
-366.709834 
1297.971508 
-178.310322 
-306.743153 
-526.680465 
1637.987638 
180.887981 
2253.967615 
-1340.111105 
-20.587323 
-1285.094526 
-327.286282 
-654.579929 
642.955407 
-256.650943 
-3694.493371 
-1527.195095 
1383.499957 
-287.390708 
905.890576 
-678.681156 
428.546541 
935.299864 
-108.306717 
-1006.839146 
1116.783636 
-361.457280 
-1189.179700 
-1214.169358 
619.164205 
-933.387689 
-329.095441 
-109.167449 
690.963815 
49.198704 
-463.379082 
-207.031058 
-71.935628 
201.990189 
-421.728013 
65.233192 
378.754614 
426.090869 
-207.810033 
92.474687 
-723.800003 
893.939772 
-830.188794 
328.934337 
-747.656788 
-666.144826 
500.803516 
2727.798603 
-1096.534186 
-19.078667 
-479.681048 
826.382080 
-185.162930 
1149.078710 
-2372.577871 
395.727770 
-526.136298 
121.832126 
-1191.002492 
1488.121495 
191.241861 
270.558097 
262.637949 
1022.018981 
-67.790968 
1306.317224 
500.800418 
-1144.316188 
-696.808475 
1014.467368 
-345.322630 
391.305035 
-309.274144 
-881.239485 
518.575451 
1443.004777 
-410.203386 
-458.876577 
-378.078245 
570.247891 
-823.202970 
367.338024 
-695.555462 
148.698875 
-506.425827 
-127.876954 
548.186324 
-515.238192 
-1051.340822 
-377.527643 
737.720609 
-89.555861 
154.240048 
26.981708 
216.762739 
-84.518353 
1685.376073 
118.585943 
-264.642140 
-98.083394 
-834.795628 
340.313664 
-225.889964 
562.285807 
-907.680067 
793.735272 
-715.831089 
-593.659737 
-634.177843 
-275.154850 
-1017.790133 
-119.161313 
517.546394 
-956.632891 
-751.795246 
-1252.959329 
-62.831818 
-367.398054 
-78.738060 
-401.846095 
-41.208961 
494.305541 
-434.554841 
-42.820848 
-242.317013 
-1202.705989 
-1261.079432 
370.249948 
-835.966765 
-769.504182 
391.205047 
71.226499 
249.715636 
2443.500501 
-278.978615 
-372.172347 
591.783889 
-31.821979 
974.026503 
358.572781 
-514.082252 
-794.109289 
1022.012965 
263.885511 
173.159955 
-454.407980 
-1055.277246 
-1144.970982 
1022.014575 
-934.399177 
-651.593244 
-174.540208 
168.326824 
-650.353784 
642.950911 
-544.153663 
-101.905461 
-216.221632 
-883.659907 
332.870476 
-107.703964 
-229.511159 
227.236871 
614.485857 
46.960161 
26.973804 
-355.054779 
-1681.773494 
-20.888815 
-391.571522 
-570.341783 
656.097448 
-255.445734 
537.267666 
26.977820 
182.481828 
-1463.466211 
-98.825279 
79.919468 
-920.994668 
-1284.397668 
-202.940912 
495.459255 
-115.162552 
294.298760 
-455.647920 
311.281175 
832.484110 
109.774717 
-179.464546 
-1073.754689 
1116.785992 
358.657691 
341.998165 
-437.376446 
-846.539128 
127.898868 
281.735477 
-189.171855 
548.193112 
-233.627928 
26.972672 
-73.288633 
6.448173 
429.290746 
196.018152 
-501.106886 
-1001.200682 
390.648873 
263.898722 
-564.836021 
-108.503335 
291.432441 
-1379.962290 
-909.038949 
168.511931 
-840.057331 
-675.509730 
33.455780 
45.749330 
756.396251 
548.183866 
-767.325796 
-269.749905 
-148.334188 
-106.123351 
-858.867180 
26.574120 
-1214.100756 
-1603.441587 
-391.952658 
569.374172 
768.157086 
4.969583 
121.733938 
-380.197637 
488.902941 
-207.119205 
-2819.325921 
933.714360 
-1045.877158 
-749.879278 
-1.431543 
357.105335 
-941.150730 
169.121024 
-949.785891 
-203.104402 
74.355124 
-1900.092129 
-1680.331759 
-20.407464 
26.974398 
-992.071939 
-731.963542 
-310.661871 
-100.926656 
-428.510166 
-628.260957 
-20.405474 
-287.568679 
-209.936253 
-252.522578 
93.571350 
-360.838184 
-522.825423 
-862.984798 
78.458633 
-201.615600 
-356.960466 
623.512850 
-558.117185 
245.979959 
-871.660552 
100.173928 
-182.447127 
-209.931346 
-463.877065 
357.783020 
-1376.248222 
-7.401202 
615.607357 
493.698094 
-162.551150 
548.193219 
-148.241990 
-162.551377 
-96.397879 
-1083.089643 
-423.477292 
-251.624222 
-652.750311 
331.219635 
-162.552277 
96.058037 
600.800526 
-309.751386 
-1034.258341 
-609.729679 
-1000.434738 
-101.378586 
-1150.599156 
-240.391452 
-261.294990 
638.881035 
-332.596455 
-983.089861 
460.419271 
-193.785508 
-414.144994 
-209.940129 
-181.225716 
-627.027996 
-589.000508 
-254.200121 
-589.002329 
-725.775792 
-1221.191872 
1637.990719 
33.070632 
-978.334480 
1006.326329 
-114.741953 
-1624.539520 
-437.378154 
663.906015 
1874.887906 
-448.513106 
719.316538 
-616.827136 
470.912754 
414.942177 
1684.598929 
794.126365 
-848.949635 
373.599555 
548.166227 
35.934592 
840.476399 
1401.062564 
386.451062 
906.552735 
-1298.731575 
-252.043992 
1508.836123 
1824.322594 
713.778628 
-878.330598 
507.161733 
436.088598 
-105.004326 
1047.859224 
-1597.874497 
412.403254 
296.804340 
-248.420279 
2443.491438 
1645.076433 
-841.063159 
-420.674986 
62.160674 
1257.097648 
2448.838960 
631.132950 
-1593.654176 
-227.953977 
690.328436 
1283.133225 
483.308055 
-733.395915 
-20.058231 
-307.661885 
-524.432097 
761.760695 
1069.402632 
797.935757 
-503.203332 
755.888310 
-744.569342 
180.899968 
-1009.519873 
684.866733 
934.811947 
251.954305 
48.649454 
-8.357786 
1182.239995 
1916.869898 
837.616186 
340.671350 
-27.735935 
-71.150300 
-364.440712 
1293.427964 
961.048702 
-211.489846 
-318.049941 
887.252635 
860.315103 
1054.370950 
-628.399681 
-322.200845 
-509.805862 
1302.525772 
-232.091902 
595.582567 
1226.338671 
37.691522 
-671.491899 
1735.926889 
76.136693 
338.619914 
-63.694829 
1069.400000 
24.810747 
773.247131 
262.523598 
446.161971 
-1564.139475 
-557.922564 
463.997904 
-186.144704 
2917.328388 
202.186669 
-1633.338733 
-64.105488 
-121.317063 
-395.626137 
406.035186 
-85.879517 
-519.770364 
-181.508397 
-716.664432 
139.931530 
1590.600609 
221.924157 
-1460.662540 
-1029.539582 
-362.003136 
212.241285 
1164.153195 
721.316766 
311.245981 
-109.797884 
197.823127 
-389.492483 
1297.548732 
-900.249544 
-223.474863 
-473.643862 
-100.827339 
834.397874 
-564.923622 
-271.279967 
-642.294470 
-999.538051 
29.166693 
-505.870566 
119.544418 
-1998.642549 
-60.924519 
-672.696114 
990.299380 
-1341.951708 
-1173.564372 
-262.660818 
-703.902525 
1642.867315 
311.985610 
-428.783469 
-243.050240 
-558.910150 
517.270001 
58.394735 
121.742849 
-31.999531 
-266.250560 
-173.316120 
1590.615167 
-833.730663 
-1506.795369 
-20.701610 
1137.404442 
366.900984 
821.175536 
-1100.709722 
-76.004957 
285.788228 
-531.745410 
567.401200 
-725.953279 
-1706.305175 
311.280817 
1187.858556 
986.899456 
-618.210775 
-512.898772 
-591.857228 
-132.105416 
23.097834 
336.283308 
362.455322 
294.479442 
681.614331 
261.332957 
912.028210 
-75.013849 
-320.949440 
-480.864345 
128.197732 
1149.811777 
155.982054 
2253.985998 
861.589661 
1258.934295 
-2151.308932 
-348.464442 
-619.286983 
-616.758111 
-426.952865 
1069.394989 
483.121471 
-721.208672 
-833.852135 
-80.575586 
-291.662315 
362.071412 
-540.797721 
584.688734 
101.690167 
-920.751816 
264.025273 
927.250909 
654.639267 
987.267459 
-1631.201645 
-665.120376 
250.460235 
62.282954 
603.888619 
-228.856571 
-489.981508 
-1033.882199 
-468.161519 
-133.362977 
103.430967 
269.833253 
408.430962 
585.479949 
9.482449 
-208.571369 
-377.133570 
-416.001400 
-805.197231 
-315.421766 
-125.885908 
-687.911310 
-264.093925 
2443.490345 
974.631895 
-1547.990279 
-764.318347 
-396.015111 
326.106100 
1431.296798 
-7.613911 
-1299.721994 
-570.491601 
304.241018 
-283.606076 
193.635219 
983.233380 
34.723611 
-125.624175 
-512.851358 
-257.326224 
-162.554127 
500.799326 
1874.903768 
15.192971 
-545.705489 
778.016886 
-707.073155 
760.254299 
-82.682997 
-303.428874 
-67.228723 
1066.742489 
-1393.195994 
-196.467305 
252.591297 
-57.645360 
-673.708078 
285.458294 
-1023.971103 
-64.479125 
-276.586272 
-195.139120 
-20.412866 
-663.485278 
-697.161316 
-570.380658 
26.970535 
-282.256836 
-3143.678929 
879.865018 
1507.768603 
660.751125 
1495.842553 
-33.043600 
-1113.994148 
-104.543919 
-2028.254221 
57.168420 
-299.308405 
348.884067 
-117.429920 
115.448666 
-757.659075 
537.464010 
-510.479708 
628.390696 
224.779816 
-297.184200 
306.139889 
-54.981170 
-403.717994 
550.319469 
841.519259 
-729.829797 
-330.754255 
124.300562 
-378.288663 
709.182040 
980.153948 
-346.372966 
-342.422833 
283.800996 
-1555.789840 
576.421274 
-391.568042 
-159.630276 
138.112771 
441.391602 
1058.445725 
1116.793920 
-533.142371 
-694.086809 
60.147360 
245.491458 
313.432619 
1120.289436 
-414.311997 
-352.839718 
737.721439 
548.195204 
-37.930983 
-143.379510 
-87.357771 
472.372398 
453.425196 
686.355667 
-619.059305 
-173.288865 
-593.996740 
-307.377101 
-162.550843 
-102.586199 
-918.454239 
238.542356 
992.416862 
505.753662 
-14.456561 
-498.272901 
-1105.532321 
499.893754 
-76.333275 
737.708545 
657.750025 
-1963.116729 
598.492508 
537.648664 
-672.058961 
292.746617 
-1030.971387 
215.781293 
642.933085 
-471.486536 
-191.272541 
-437.528099 
-264.786593 
-464.288746 
-1558.248688 
-834.683007 
-342.405770 
121.722508 
-38.764732 
453.579479 
358.634162 
-541.635022 
-402.829476 
-138.036058 
-510.763784 
358.652647 
-20.414181 
83.091835 
-1347.125593 
-211.899463 
169.769226 
-359.133657 
184.992864 
121.740225 
-565.308118 
595.547951 
956.684795 
-79.268673 
421.983186 
-312.788377 
-409.716951 
-1156.706068 
779.128252 
-1157.594298 
637.351103 
-221.956512 
636.828478 
183.951063 
234.840152 
-107.223156 
204.101274 
-716.182179 
3291.184357 
-863.284554 
771.898070 
-20.405211 
-324.178260 
-193.148967 
459.342417 
306.565012 
-448.952269 
-342.676083 
66.594452 
-339.021887 
273.771918 
-594.262933 
10.303628 
188.535416 
121.748599 
-633.391661 
-222.094551 
-82.445226 
895.601752 
216.496441 
-267.695454 
-1056.164766 
-627.106260 
-227.189310 
38.840111 
74.369288 
54.983867 
-1202.615068 
74.366278 
-952.646609 
583.053029 
26.992727 
74.364616 
-849.987530 
-1298.018853 
-455.857279 
138.246514 
-171.450589 
-856.151921 
-115.160958 
-571.383187 
-352.086390 
-971.390246 
614.734941 
-6.590831 
-48.686567 
-1607.813642 
-880.871621 
-849.050411 
125.387631 
-164.685511 
-245.789995 
163.345845 
-1038.194848 
-1032.002467 
-506.264908 
-162.551340 
-690.837503 
217.619335 
-1090.228966 
-686.013274 
-387.589888 
-189.202136 
642.958271 
74.362253 
-1979.851788 
26.971456 
-828.046832 
-423.442511 
-1327.143588 
-455.641258 
-712.063844 
-194.545180 
-20.409792 
120.607442 
-752.213062 
-636.080515 
-780.571727 
-363.934851 
-34.625481 
-424.611705 
-629.639224 
-624.342462 
-482.844425 
-844.695194 
-269.845793 
-735.670224 
1028.646155 
-1291.240261 
11.545672 
-589.006311 
-465.162439 
-784.933991 
-589.000363 
259.979213 
-588.999063 
-1298.407992 
-306.803884 
1353.707329 
-301.809992 
-552.966995 
1403.687216 
-553.068676 
-810.697690 
-841.692405 
-319.289801 
1685.391262 
-1549.027506 
993.890163 
-84.267363 
-243.148438 
-271.708165 
1957.394550 
565.991904 
-1251.488756 
369.504349 
216.509755 
-186.838682 
1223.208801 
974.627785 
826.399796 
1160.748902 
-747.281136 
-333.057398 
2432.894819 
1766.571416 
1107.453699 
-800.965561 
454.759078 
-180.604348 
451.321617 
352.772387 
-1013.849889 
252.907246 
-10.730123 
-1068.993993 
1969.663758 
1919.356486 
199.541231 
188.473339 
678.180228 
899.085133 
2386.380256 
666.153701 
-997.917731 
-777.592880 
216.493114 
-236.305467 
129.645360 
-305.183069 
-314.532512 
-183.299032 
-690.027783 
-156.122820 
1780.139066 
508.351937 
-1098.133174 
257.166598 
-1387.667812 
-34.100376 
-760.860323 
-3.999694 
346.924666 
-486.737963 
-339.050423 
-1167.035129 
1794.381568 
978.447953 
222.228631 
88.394347 
-798.335921 
-65.812552 
243.783226 
1048.039929 
-443.466834 
789.243576 
212.703704 
-381.708140 
612.032835 
670.973063 
-30.397123 
-1165.462193 
-258.241260 
135.352388 
319.397793 
1164.190872 
49.342525 
169.400019 
-97.818932 
1028.359577 
995.326988 
-143.574669 
884.229403 
500.822950 
-303.013446 
-334.452633 
103.761168 
-673.624949 
-352.667758 
89.559418 
853.072987 
139.694611 
1969.672437 
782.810673 
-451.651429 
568.799968 
283.340394 
-485.258626 
2348.745332 
170.730017 
324.245171 
405.793857 
-538.370643 
313.866359 
690.320124 
1403.950237 
-646.347634 
203.939830 
224.194172 
295.561737 
3012.073244 
-1034.331849 
500.791523 
-82.875310 
671.252548 
342.706536 
1071.267731 
321.396510 
-50.941706 
341.969486 
207.823714 
726.113649 
-119.435097 
-1243.273958 
275.150162 
-509.256020 
-257.828484 
-351.346628 
645.024109 
-1489.288709 
-13.814735 
-972.852393 
-405.621159 
-437.771572 
-857.004959 
529.721619 
-621.002346 
1555.701184 
-512.349207 
-119.284607 
594.213392 
-729.107625 
1186.488779 
47.983325 
1258.948809 
1098.342132 
188.471631 
-403.640797 
311.270918 
-113.427249 
-979.619068 
733.936764 
670.151350 
450.948001 
770.976046 
579.801037 
-1336.115456 
-596.391267 
-670.900793 
-859.588602 
611.007718 
-2164.148874 
595.564938 
1187.857304 
112.651663 
-301.020429 
-1058.381108 
-903.932816 
-670.558669 
-133.361559 
-948.590370 
-278.922687 
-87.511812 
187.035285 
95.021850 
-510.802474 
-453.586323 
143.511276 
-110.462122 
487.626207 
1092.235421 
26.909591 
737.704168 
672.189268 
548.171645 
-2145.887621 
-1521.597150 
-873.734061 
-173.014837 
236.309592 
1401.063929 
865.543181 
-2367.664809 
-687.233267 
-385.757553 
290.226564 
-250.242832 
-764.130106 
-413.170172 
933.675522 
-50.683569 
-487.281676 
406.018985 
770.545241 
1063.061291 
-1349.817417 
-489.503297 
460.238762 
455.629017 
755.829764 
327.400090 
-849.287336 
-1175.794925 
271.726479 
229.927705 
4.562977 
314.375142 
58.364549 
-246.886928 
-653.113378 
-12.976904 
-503.779986 
-274.824191 
-1121.610335 
-479.950778 
261.490492 
-509.646194 
-134.862484 
1069.389684 
1069.395292 
-608.093941 
-1240.138395 
558.891293 
-928.892646 
-197.726029 
-557.475272 
-1361.021678 
181.348888 
370.480069 
271.523012 
-499.185164 
893.522483 
1881.884250 
875.281957 
-889.487603 
26.978035 
1022.021164 
1590.612572 
690.339548 
-31.427408 
-290.815146 
1555.330004 
332.946562 
92.306511 
-448.186127 
-271.719975 
-64.494024 
988.894446 
-546.609027 
-776.217403 
536.516460 
-813.681624 
-1378.779434 
-86.324877 
-960.564635 
301.427794 
-412.876040 
-1989.760951 
26.981525 
797.956690 
-34.789400 
-1287.142499 
406.042472 
6.046339 
-1732.592258 
1969.674656 
594.415586 
162.332956 
1211.549401 
219.671985 
-812.784700 
-495.156683 
802.868954 
-1466.652778 
-556.702664 
106.133322 
-230.161182 
-370.065360 
-1625.103970 
-711.399125 
-713.466133 
-1400.369477 
-228.221907 
-102.468255 
419.238086 
1038.171153 
1169.094414 
-353.579254 
-158.688737 
261.789359 
133.451233 
-179.592547 
-929.879669 
40.914184 
1160.725731 
481.872609 
89.222332 
-873.908400 
-551.580887 
103.314763 
-445.457161 
-458.681196 
352.778592 
196.599804 
78.231918 
-446.855931 
-397.909122 
-441.931739 
-257.550362 
466.633116 
783.587762 
444.450246 
-578.855800 
-388.149499 
548.176907 
74.359354 
-307.986936 
294.128095 
-184.994157 
-437.372937 
26.973991 
786.633206 
88.002247 
554.210515 
-251.160370 
11.674156 
1116.784698 
-310.550123 
-679.957547 
-7.670911 
1025.365562 
93.058659 
-29.969708 
378.794681 
-442.481828 
1002.284815 
695.896910 
26.980123 
-2158.559219 
-1234.599011 
594.932059 
66.996270 
-796.486353 
112.454765 
-900.742383 
-172.192760 
-20.399471 
-1107.160628 
-92.356580 
532.620888 
-778.615787 
-82.575587 
-1495.296369 
-348.795690 
304.259340 
406.040006 
366.466639 
-43.426514 
169.130502 
216.523973 
343.943915 
-235.150290 
-800.815699 
-115.164161 
-115.170046 
-182.314890 
68.045866 
-267.767715 
-327.307951 
-184.861831 
-419.582886 
500.807503 
-112.209044 
737.717352 
695.733672 
-472.773693 
24.830491 
249.955556 
-362.446440 
-573.315541 
352.390392 
785.091982 
490.452649 
-58.824065 
-373.722244 
-722.453491 
34.885113 
5.225316 
-1062.153179 
-42.166486 
2908.445629 
-897.183258 
662.202546 
26.972552 
-933.547362 
-306.092357 
-859.217747 
81.883797 
-713.837800 
-80.617957 
-1364.058703 
-746.983766 
455.125983 
-267.371495 
15.068461 
-467.548596 
263.887847 
-250.780416 
-230.351685 
0.340926 
601.298990 
-461.934396 
-685.201500 
-339.500011 
-699.355846 
650.949287 
-251.131981 
-115.179281 
281.801367 
-525.383109 
-162.559867 
-141.004961 
-194.655517 
74.360279 
-20.409237 
-1289.767533 
-989.631887 
344.349004 
43.047802 
-216.232214 
-782.741102 
-20.409389 
226.247439 
-67.794505 
-430.685928 
17.415104 
210.473305 
-725.568022 
-796.551271 
105.323537 
-356.671111 
405.987041 
-40.870380 
-558.658100 
-651.743355 
-291.922902 
-723.125530 
-269.616928 
453.414242 
-376.624421 
-698.518273 
-482.970146 
-467.087610 
-286.060920 
-52.837315 
-67.793659 
74.354462 
-1457.426324 
74.348178 
734.871576 
-718.240671 
-1234.844215 
-856.423703 
-654.907022 
464.659853 
-589.001022 
151.404646 
204.486574 
-402.560743 
-975.121259 
74.357805 
-575.200498 
679.872158 
-207.661855 
-1189.338649 
-1104.703772 
497.028177 
163.789018 
-791.374883 
-492.588781 
-789.841877 
253.912365 
-588.995174 
-287.348002 
821.457561 
-588.999757 
183.591486 
-588.993438 
-931.985567 
101.453375 
1448.473660 
-1302.009949 
-979.979761 
1443.378518 
312.053000 
-791.019453 
270.217910 
195.295603 
785.114852 
-968.302311 
262.499821 
835.406436 
-313.368274 
471.976468 
1374.074872 
1331.180533 
42.279390 
1046.081200 
737.719138 
1255.584644 
1033.526785 
1780.155232 
1598.264578 
758.387721 
-2116.244066 
-629.513420 
1273.572172 
1307.565373 
383.059019 
529.203242 
577.795372 
627.364131 
1132.857349 
400.604133 
-751.617526 
68.319462 
-106.590604 
575.004123 
1069.409152 
1338.457327 
1044.316170 
717.778935 
298.115992 
795.404364 
1845.619523 
715.036977 
162.702713 
-255.468065 
2159.205443 
76.814249 
1257.407316 
-96.155420 
698.306745 
154.318456 
1322.720562 
-246.733945 
1874.901232 
521.353743 
-824.734789 
611.814858 
-262.181122 
-330.966818 
-575.565293 
-239.360376 
-115.158872 
-199.634734 
-724.729265 
-53.453160 
706.761525 
727.036065 
104.032873 
-278.627202 
-1010.476222 
-503.250128 
109.106521 
1905.717820 
2720.320153 
-756.047742 
71.211592 
958.718621 
265.579908 
34.788637 
16.473663 
-986.295690 
-953.340875 
284.913657 
191.332728 
1258.937436 
284.033130 
-56.086978 
412.301668 
1230.501951 
1049.592921 
-361.344855 
-890.210927 
406.043706 
-1126.828074 
-1013.038702 
1243.313825 
-352.623480 
-164.377094 
917.804144 
63.353598 
-539.656173 
2064.458756 
489.133237 
-1359.578040 
601.848453 
-160.227990 
-563.138885 
2443.505914 
572.967696 
-649.240198 
806.704689 
-44.076151 
1149.266088 
406.014526 
874.486443 
-1196.221930 
-818.244169 
317.651549 
80.999791 
2822.546795 
-879.120335 
690.325510 
34.223254 
1110.095445 
334.141817 
811.974724 
-484.343975 
559.467579 
155.216717 
368.620013 
-332.990620 
-301.885447 
-872.229999 
-548.454350 
-247.329067 
-884.804889 
934.107226 
609.666015 
-408.371710 
-66.916999 
-843.844841 
301.584342 
-265.778538 
-636.042987 
-410.513004 
262.630455 
109.908682 
-439.299859 
756.224268 
584.084614 
619.434066 
355.484851 
1052.292643 
1258.910888 
199.457084 
192.531611 
-403.522391 
121.728245 
-1186.025622 
-775.252346 
1441.345564 
-788.573811 
429.174521 
346.992983 
238.383442 
-1032.365683 
-774.838763 
-123.570570 
-270.179296 
1011.568229 
-1760.630965 
1306.304503 
1093.087008 
536.195293 
977.278270 
8.673142 
894.582806 
-625.302650 
740.907414 
-868.614307 
-263.018067 
-782.715148 
-474.753700 
446.172976 
-638.227824 
-70.053619 
561.626897 
1195.602541 
1259.312833 
287.434724 
1314.616790 
1022.014629 
810.514817 
548.182286 
-2282.812022 
-1327.258430 
-300.663078 
-386.479149 
1290.020614 
737.716315 
-64.464418 
-1824.842791 
938.064515 
-1060.811674 
-97.954982 
608.143243 
-1392.478431 
-829.157830 
-39.012050 
-336.023826 
-132.340291 
879.861460 
771.889086 
-1141.806681 
-194.086626 
409.524210 
-925.553167 
593.651019 
-610.071327 
-252.279187 
-1169.626103 
-526.672757 
-127.615673 
-35.338046 
470.629491 
-856.588721 
8.997219 
-464.774272 
100.039518 
811.004746 
-267.470557 
252.820043 
-1314.409903 
-661.950547 
561.836357 
816.375817 
-304.268300 
1164.170422 
1306.319274 
-1193.528513 
-536.805974 
-127.956847 
-1165.273393 
-17.232304 
434.198472 
-1495.579095 
275.327882 
201.947100 
-76.233284 
-463.431475 
684.575550 
1256.441602 
717.102739 
-305.939059 
1306.322762 
500.820311 
690.352222 
690.346307 
320.278983 
334.501400 
1795.381189 
448.693982 
375.060153 
-1364.899028 
-905.587636 
467.772956 
974.624345 
-1018.261582 
-247.622719 
-163.891913 
-237.663039 
-274.235310 
103.211547 
-565.088571 
539.145957 
-663.474269 
-1470.799251 
1022.023894 
297.742900 
595.891998 
-1241.677754 
2443.505257 
-899.103187 
288.834152 
1211.544408 
492.189952 
-614.593704 
879.870216 
977.784852 
-1517.002547 
-705.089225 
240.186580 
-1852.253655 
-297.458729 
-265.743735 
-1023.804005 
-125.079366 
-1188.046539 
-729.361444 
-714.979766 
-465.102219 
-1536.707621 
-50.413959 
826.929747 
153.631117 
14.626213 
-541.145610 
-341.161235 
-160.457382 
28.674186 
-655.164232 
-872.762247 
-155.851839 
142.964678 
257.623166 
-467.923708 
-353.908826 
-775.371887 
-147.793108 
-758.048868 
-910.055233 
400.600692 
-257.936953 
-3.213511 
216.511538 
-938.123762 
182.182730 
-128.257566 
839.449335 
27.438608 
204.188220 
-380.634032 
-308.572394 
26.981249 
121.749087 
462.517119 
-7.998975 
200.704645 
-1094.389519 
1022.017850 
-265.439576 
86.712087 
-272.198275 
-928.761176 
-1295.278245 
-67.784740 
114.433790 
-414.597342 
-544.080822 
915.317538 
0.015267 
113.118499 
-99.602824 
-424.081530 
466.814271 
-80.238474 
453.411275 
-2057.897427 
604.444209 
0.335017 
23.847318 
-626.826889 
156.103488 
-1075.922786 
645.090688 
26.961869 
-249.336896 
-1655.671458 
-418.941519 
-1183.474896 
-863.557085 
-1317.250042 
-408.061465 
-431.848111 
453.414588 
-332.262346 
-760.564602 
-446.855854 
548.179172 
-16.398005 
-18.874827 
-754.203075 
169.102644 
121.755924 
396.469284 
-892.276688 
33.803932 
-639.704857 
312.412381 
175.720719 
500.790939 
-553.470183 
74.366652 
-506.777679 
-372.303816 
-189.943512 
-570.834111 
-377.312297 
-1092.890738 
-99.190621 
642.922143 
-117.575939 
-487.862398 
-817.275827 
-245.452554 
-679.515659 
-124.086836 
-134.289074 
-367.680878 
1326.469702 
-816.264886 
304.671762 
121.733004 
-469.228456 
447.932153 
-352.027477 
96.259279 
-929.327164 
-90.272461 
-334.470274 
-1214.259006 
-96.097517 
-973.210033 
-249.805836 
78.792453 
-162.565138 
-888.976729 
288.982461 
-2.531070 
-2364.775234 
-661.445178 
-922.712336 
-960.689900 
-78.080754 
-136.888318 
-939.775595 
-115.177052 
-642.128099 
-878.693468 
-162.571014 
-205.939704 
-793.458544 
-20.415855 
-20.418596 
238.859206 
-1104.157908 
331.638439 
434.863367 
184.647555 
-679.519250 
-67.797596 
-238.635364 
548.181174 
-292.987400 
-427.433523 
-386.200334 
-858.814271 
-1140.287936 
149.202991 
-193.305518 
-365.373341 
-113.092657 
-249.715978 
-529.345924 
-266.254793 
-592.541655 
240.991736 
26.978253 
-227.720354 
-109.262084 
-498.421336 
-1260.702413 
-187.395582 
157.902343 
216.511680 
169.130722 
-606.994981 
-20.396818 
622.471036 
105.290604 
97.214230 
-225.998016 
-905.668844 
789.451489 
-588.988413 
221.035860 
-266.038999 
-269.620310 
-1770.879884 
-588.995168 
-375.918163 
614.994698 
-148.870316 
-932.348244 
-1002.641267 
229.640135 
-209.888681 
-654.019610 
-610.017445 
-35.538634 
21.969876 
-588.993851 
947.169989 
181.219239 
-588.987351 
140.484089 
-588.990652 
-1438.228489 
25.425979 
1590.615870 
-116.424297 
703.392679 
302.491006 
-741.312890 
-1346.908857 
624.001541 
1381.683770 
879.871176 
-283.833187 
-944.083562 
-1333.545112 
1197.410327 
538.300852 
-285.361140 
-188.124871 
-821.206523 
581.959092 
216.517673 
905.240309 
1154.617535 
1164.172666 
1463.689896 
770.846566 
-2218.731954 
731.397033 
1642.113042 
968.757099 
876.033124 
-651.628107 
-1060.048055 
-13.831654 
817.339424 
-477.039996 
-457.442079 
821.824885 
97.956312 
1061.210966 
1969.680651 
713.104112 
-211.977622 
307.807491 
1112.739918 
614.402674 
906.448934 
-1048.457090 
-293.463395 
111.656129 
1211.556243 
-984.270124 
562.538612 
583.220177 
-126.498420 
-737.071448 
477.101624 
-733.059563 
311.275668 
971.703519 
143.178856 
496.125000 
-565.237270 
419.865578 
142.210775 
103.843700 
789.896223 
-1208.529062 
36.817094 
270.706865 
-137.289480 
12.860551 
-535.165331 
-383.390241 
286.743457 
406.581006 
-603.181917 
639.213814 
2596.294970 
3.809149 
-227.945430 
1201.566857 
828.561592 
151.862901 
177.921776 
1709.624402 
644.421642 
34.943018 
-176.585211 
2822.556075 
166.692994 
-500.650645 
-613.129575 
-134.131861 
1031.573377 
-162.306319 
-355.539950 
1590.606938 
-549.580289 
-775.185375 
419.107863 
229.186821 
173.466990 
304.379622 
690.968152 
384.133380 
1211.549166 
181.468028 
-779.884698 
-70.782387 
446.041841 
359.832705 
1069.399173 
-34.153002 
177.492985 
417.980028 
1029.180679 
-275.423903 
785.103260 
653.299190 
-145.202169 
-488.715676 
292.396723 
588.265147 
311.271059 
-183.999071 
1637.995785 
928.462948 
213.281857 
122.173129 
1211.166564 
-109.144559 
727.927343 
-604.453438 
-743.315109 
-455.065443 
-609.784989 
-257.591207 
-82.211256 
-1834.074917 
461.120600 
373.342402 
924.974288 
-260.284575 
-899.554910 
-891.406969 
-15.129467 
-1455.969349 
-1124.125312 
-245.259757 
-23.654119 
-1071.831374 
26.614941 
503.921216 
-417.655619 
-710.512646 
323.536857 
728.018241 
974.628489 
-603.272843 
816.241336 
-1071.625262 
1022.013379 
442.667684 
-1446.362216 
624.334505 
-50.674494 
-199.191741 
265.944517 
-564.334787 
-1552.985575 
628.777331 
-73.516745 
-537.096056 
-74.940028 
-556.640001 
1448.459853 
1093.084511 
584.264487 
777.878880 
-110.315592 
-1.749193 
729.176821 
-88.141410 
-1540.689338 
-408.776182 
-1021.470828 
94.253519 
-909.103511 
-334.246412 
-1371.184968 
-487.768971 
262.017980 
1291.884329 
896.698171 
-214.373907 
1211.543060 
83.649549 
642.949052 
508.514669 
-38.301827 
-388.151333 
-1031.381764 
163.613912 
1022.014953 
265.697853 
-1430.666130 
659.491607 
350.426842 
608.193113 
246.705807 
-1537.097161 
-55.805054 
17.303368 
-1093.041760 
-88.093339 
879.866533 
451.962161 
-866.975930 
-111.812426 
804.239572 
-612.615242 
28.766600 
513.485415 
215.366005 
-1070.893362 
-1135.100517 
101.024381 
239.118058 
406.916498 
-904.205526 
-1494.073800 
-774.297399 
90.817651 
247.533342 
-6.267892 
-25.539934 
-183.243798 
-1537.258048 
166.038015 
519.401684 
-535.131459 
879.877328 
1969.677651 
-1374.046466 
-323.331753 
39.000949 
-1332.305729 
368.347232 
128.053806 
-2256.246904 
241.638940 
-829.695840 
-624.342525 
-1643.892186 
717.581817 
623.927451 
310.370525 
-1157.717206 
642.963500 
595.582364 
216.519883 
595.578264 
218.569294 
-266.195714 
524.304734 
-245.685479 
288.408770 
-1074.538263 
-144.504928 
368.089198 
1045.191351 
-1516.514460 
-649.678763 
-731.375583 
-546.341807 
-1452.948399 
-680.153598 
237.879705 
284.576692 
-501.414655 
-1047.246210 
832.487829 
-508.548597 
375.338447 
565.126797 
1874.907013 
-48.436128 
-953.550307 
1306.316173 
651.979519 
-16.061559 
595.575496 
371.294746 
-541.782800 
-626.143350 
471.198248 
90.218510 
1117.998994 
885.027519 
73.065246 
254.462952 
-665.270623 
-408.018694 
-369.937883 
-507.369109 
256.878550 
53.016886 
1.574316 
95.951689 
-1904.907573 
-303.660122 
132.377878 
283.214917 
-571.342542 
-809.044049 
-783.733563 
-670.550682 
-146.914490 
-415.303384 
-726.980424 
-63.447495 
-1194.142906 
-113.092210 
-685.239988 
655.206020 
1494.073511 
433.292136 
134.636672 
311.272859 
-270.890313 
502.378973 
424.348705 
928.203412 
312.309941 
26.351753 
-475.065390 
-234.383378 
263.889056 
-541.617603 
350.807663 
-515.119794 
80.145466 
-1043.867295 
927.247247 
359.910042 
98.249998 
710.014235 
93.871006 
175.043240 
-67.794540 
183.002706 
-280.230113 
-406.850924 
277.510586 
-248.119288 
-236.001183 
134.897512 
-679.769248 
266.030490 
158.987454 
548.189924 
225.387997 
-1329.355891 
876.607642 
-80.413727 
-787.531249 
299.416304 
-1035.904606 
624.720178 
121.744305 
-247.734182 
-955.262804 
158.423246 
-848.416027 
216.630611 
222.899635 
-450.721056 
-556.905317 
453.425777 
228.592782 
61.564067 
121.744416 
1211.547798 
-629.740755 
12.830229 
-657.786275 
-352.068880 
-67.776508 
680.653583 
-538.455147 
-83.054170 
-269.974202 
231.274793 
462.480915 
453.426355 
-301.741280 
-20.401387 
-468.820410 
367.323624 
-814.667689 
471.242243 
131.982310 
-761.055580 
-537.578558 
1258.924542 
970.319262 
-280.221103 
-564.778349 
693.188866 
-263.233841 
164.797031 
-23.739177 
775.925405 
524.319026 
-670.278800 
572.833013 
121.744461 
-133.335909 
365.550499 
-377.618921 
265.913661 
-1116.081129 
649.282623 
528.755081 
-276.627328 
-284.731996 
-203.238654 
547.509200 
314.136751 
-115.176863 
-986.545787 
304.124224 
1144.165275 
-2769.721486 
-130.722214 
51.367126 
-481.599722 
-441.870650 
856.904890 
68.242403 
-115.173230 
607.708890 
61.294255 
-446.856922 
-832.307764 
-1244.055297 
121.737720 
169.122581 
-319.411738 
-1082.304733 
-362.265712 
-87.874994 
-345.052833 
-266.345459 
121.741830 
-582.917687 
263.891315 
-210.894294 
-414.521574 
61.939099 
-873.492654 
-832.908796 
-212.974171 
-384.138814 
-1011.061582 
331.192180 
-339.177671 
-1198.781393 
-20.924308 
-174.939532 
-280.014111 
-257.316479 
392.661254 
-721.500620 
-480.219586 
73.078362 
-106.689074 
95.862697 
74.366154 
-67.781255 
-1094.103253 
-20.397974 
-765.300017 
-532.434487 
571.742442 
-393.119690 
-939.672476 
-1017.693290 
-588.991037 
112.523707 
600.872720 
-564.680119 
-1363.369490 
-588.992846 
-52.070584 
-1560.954035 
-991.111253 
-111.144244 
271.013102 
-476.113513 
-830.653414 
-1059.634090 
-213.717214 
-328.815670 
-47.988768 
-588.991203 
301.093086 
-837.960146 
-588.988812 
-323.570889 
-588.990708 
-1292.813976 
-549.780207 
-541.617187 
-586.356379 
-641.806402 
-523.407686 
-619.097014 
-583.448100 
-589.000000 
-602.978919 
-589.000001 
-613.669951 
-583.248748 
-599.137004 
-613.865223 
-546.402864 
-597.606177 
-577.155051 
-616.723650 
-575.405314 
-541.617189 
-603.678519 
-614.602468 
-589.000000 
-551.651211 
-570.776225 
-575.202853 
-546.278073 
-623.928477 
-584.161424 
-563.640340 
-556.600509 
-564.985549 
-610.580681 
-570.771240 
-586.293721 
-597.821871 
-610.810253 
-547.737526 
-602.804668 
-588.999996 
-617.015110 
-578.955531 
-599.703945 
-588.092877 
-580.729500 
-573.620478 
-595.801423 
-562.735832 
-560.483558 
-541.617189 
-563.287215 
-583.722048 
-576.732680 
-558.134959 
-633.421388 
-549.971188 
-605.983409 
-541.617185 
-612.180528 
-571.698373 
-525.551985 
-564.997682 
-594.788084 
-612.937918 
-602.285883 
-534.890433 
-579.998806 
-623.294815 
-592.830910 
-589.182645 
-571.075132 
-591.212659 
-586.282641 
-542.546761 
-578.951523 
-538.356738 
-568.632145 
-544.578618 
-586.033036 
-568.768111 
-575.121892 
-593.295627 
-604.518588 
-583.248746 
-606.046211 
-619.036756 
-585.054365 
-571.789600 
-588.999999 
-585.017821 
-579.809351 
-582.623664 
-538.458331 
-609.778127 
-587.751466 
-583.134115 
-589.000000 
-601.745019 
-591.256581 
-596.248601 
-588.484640 
-605.804563 
-559.011419 
-565.391868 
-588.934689 
-589.000002 
-582.653626 
-595.897215 
-557.404560 
-584.905489 
-589.070829 
-589.000003 
-596.986954 
-593.070693 
-550.233420 
-588.037592 
-556.848610 
-589.000001 
-575.166890 
-568.108247 
-593.415780 
-575.976046 
-582.800708 
-589.000001 
-587.949939 
-589.000002 
-594.391800 
-591.547522 
-575.894772 
-573.570037 
-595.789270 
-592.030731 
-565.894501 
-560.040567 
-590.803284 
-601.209952 
-584.097585 
-576.357694 
-578.965053 
-579.427546 
-589.931827 
-563.107414 
-589.000000 
-562.778339 
-554.176906 
-577.394642 
-601.326978 
-574.644066 
-573.618734 
-601.303311 
-599.066207 
-580.931708 
-565.812925 
-616.238545 
-575.238891 
-572.958443 
-585.040534 
-589.000000 
-560.712052 
-570.064146 
-582.580064 
-589.000001 
-567.651182 
-603.673560 
-563.923970 
-603.109984 
-588.933593 
-593.701255 
-606.593111 
-554.295931 
-577.493429 
-539.374567 
-558.537904 
-590.169247 
-579.549746 
-589.000001 
-541.617188 
-601.102015 
-596.986953 
-579.606576 
-631.328135 
-563.169464 
-572.494780 
-577.867606 
-601.919376 
-589.219722 
-604.939082 
-572.645070 
-592.579093 
-559.165766 
-594.808749 
-566.469725 
-581.552008 
-612.242228 
-578.206697 
-588.999999 
-606.752365 
-588.999999 
-599.146413 
-592.118583 
-600.677631 
-579.490454 
-569.232524 
-588.999997 
-601.383235 
-576.325112 
-594.519208 
-608.922956 
-609.735616 
-579.697950 
-592.669057 
-607.864034 
-571.759115 
-586.591427 
-580.697752 
-541.617188 
-588.023979 
-589.000002 
-598.871524 
-589.915023 
-564.997685 
-571.911729 
-585.749767 
-591.094739 
-591.212655 
-580.048405 
-592.654013 
-594.495666 
-597.257983 
-613.407514 
-602.708926 
-577.390717 
-599.053603 
-565.688851 
-585.372631 
-600.021221 
-596.130577 
-588.461058 
-586.925637 
-600.405094 
-599.094935 
-589.000001 
-589.000000 
-604.409089 
-571.398259 
-547.187176 
-598.758799 
-613.103372 
-572.345932 
-632.616103 
-553.716888 
-624.339358 
-574.978490 
-575.958980 
-580.816711 
-568.578323 
-596.135752 
-562.177894 
-589.000000 
-589.000000 
-589.000000 
-589.000002 
-546.445286 
-585.706553 
-585.219515 
-585.415532 
-590.772026 
-622.824491 
-582.445233 
-557.099623 
-571.667442 
-601.073705 
-568.027358 
-595.819864 
-584.649826 
-595.635140 
-541.164379 
-578.429245 
-606.505757 
-595.557366 
-562.191665 
-589.000000 
-598.279194 
-585.266708 
-606.229119 
-588.999999 
-580.300755 
-537.551211 
-589.000001 
-592.504121 
-571.659850 
-588.999999 
-589.000000 
-600.408109 
-591.044210 
-589.000000 
-587.553082 
-594.391800 
-607.532014 
-592.544206 
-540.758219 
-553.052943 
-596.564024 
-573.825105 
-556.254552 
-606.857742 
-579.574751 
-592.849664 
-598.409343 
-587.624814 
-581.512232 
-613.856414 
-578.422062 
-565.170477 
-580.528452 
-600.382054 
-554.920353 
-589.850427 
-566.558205 
-604.751870 
-558.421751 
-573.505542 
-585.351753 
-553.193475 
-578.943221 
-586.293722 
-613.932595 
-576.744275 
-541.617187 
-611.967275 
-595.172718 
-576.631676 
-584.917408 
-581.512232 
-589.984432 
-580.843491 
-592.618817 
-589.000000 
-589.000001 
-585.183727 
-576.068757 
-584.828771 
-589.000000 
-589.000001 
-565.539292 
-601.683510 
-580.711011 
-603.418300 
-577.695858 
-589.000000 
-584.973212 
-558.394717 
-606.966870 
-582.727216 
-574.636011 
-539.360593 
-598.284877 
-584.592574 
-565.891487 
-577.654363 
-589.000000 
-589.000001 
-589.000001 
-581.847936 
-605.651268 
-609.403577 
-594.542597 
-572.118810 
-583.847814 
-588.999998 
-601.236439 
-590.274150 
-581.552532 
-577.433073 
-599.272816 
-580.729497 
-570.309642 
-580.295430 
-588.999999 
-594.738650 
-603.174375 
-589.000001 
-589.000001 
-591.437543 
-589.209697 
-583.847816 
-588.999998 
-589.000000 
-574.113644 
-538.458332 
-599.285639 
-573.551862 
-578.571969 
-572.541392 
-588.999998 
-586.038579 
-589.000000 
-592.725684 
-606.850199 
-569.795838 
-563.355067 
-593.948081 
-597.605145 
-587.036184 
-588.999998 
-588.183812 
-583.124111 
-584.905488 
-596.696523 
-566.939233 
-603.862769 
-553.498762 
-586.714801 
-589.000002 
-594.713200 
-573.019175 
-588.999999 
-596.911208 
-581.980218 
-560.224673 
-595.145407 
-563.278595 
-597.525838 
-613.293646 
-560.543694 
-597.858350 
-587.548424 
-597.148036 
-581.445990 
-589.000000 
-596.633761 
-570.553167 
-605.981754 
-583.262234 
-606.481138 
-578.743895 
-587.526142 
-581.116556 
-584.891599 
-596.113477 
-589.000000 
-562.253835 
-583.977416 
-588.999998 
-577.569562 
-631.127219 
-589.000001 
-589.000000 
-581.784509 
-608.942555 
-595.982495 
-598.368154 
-563.055597 
-590.733725 
-589.000000 
-575.711524 
-589.000000 
-580.695298 
-600.489743 
-573.441355 
-616.934256 
-584.202745 
-569.520508 
-605.430189 
-588.803408 
-601.968536 
-583.643875 
-589.381683 
-567.803549 
-589.984085 
-592.838606 
-588.999999 
-592.344902 
-573.623974 
-587.834734 
-592.544205 
-593.536164 
-572.336828 
-589.000004 
-589.000000 
-566.737257 
-589.000000 
-588.717202 
-576.466798 
-542.414462 
-595.276881 
-579.350351 
-584.972854 
-589.000000 
-588.001932 
-608.133406 
-578.603807 
-597.429987 
-589.000001 
-608.187117 
-579.999943 
-581.361216 
-582.621919 
-596.525993 
-589.265120 
-578.413812 
-584.361173 
-592.499964 
-567.419050 
-610.434461 
-589.000001 
-591.537135 
-551.166193 
-588.999999 
-620.100544 
-589.000000 
-582.816718 
-585.976304 
