85.451020 
244.321632 
311.347550 
370.462747 
512.054137 
409.189567 
334.499479 
107.602143 
311.859645 
456.309417 
556.644101 
616.681255 
566.903213 
708.050799 
518.176563 
435.039080 
498.929713 
446.909168 
538.265121 
262.343694 
66.357513 
85.452603 
225.207797 
286.783209 
205.527431 
-4.136390 
-63.502748 
-286.469075 
-489.393705 
-771.517249 
-818.986670 
-958.591625 
-1105.874908 
-884.573168 
-514.500327 
-10.118332 
-79.267795 
182.690575 
85.454054 
-346.341931 
-966.968062 
-1262.739126 
-994.842573 
-703.449639 
-389.144550 
-225.394549 
44.527403 
44.595317 
-140.950981 
-255.823761 
-275.999730 
-338.172607 
-276.706803 
-133.874273 
-42.457972 
27.202099 
85.454847 
217.661965 
208.438053 
36.678829 
-2.770154 
169.815437 
433.468074 
413.938020 
479.532073 
397.616242 
326.595734 
246.542521 
330.993224 
389.109302 
297.085611 
406.381372 
270.755626 
289.809327 
143.246124 
225.289876 
198.201107 
408.801237 
165.699550 
132.635962 
292.403387 
367.311491 
435.895531 
121.282856 
165.974248 
48.200811 
220.064327 
85.455918 
29.593595 
92.245694 
29.248814 
-27.747863 
-265.631897 
-583.156903 
-545.690719 
-593.762900 
-699.146453 
-656.135792 
-239.869990 
20.824335 
147.467446 
264.115075 
405.041666 
524.914604 
311.863546 
392.199019 
311.603907 
299.604774 
302.437518 
150.559360 
85.456738 
51.862500 
-103.578846 
86.166927 
-101.613828 
-133.536268 
-593.769941 
-1159.703180 
-1431.611434 
-1441.256136 
-911.886128 
-409.556452 
85.456024 
97.037452 
85.452897 
-575.613355 
-887.550718 
-1060.268019 
-725.707173 
-487.417638 
-397.938319 
-326.175812 
-84.571978 
115.423311 
121.908265 
254.756143 
81.627206 
156.506862 
251.577548 
364.473372 
476.269196 
559.496634 
770.227913 
994.515310 
767.695101 
841.964507 
652.788238 
687.534806 
543.332088 
448.624094 
592.480354 
699.262259 
716.250325 
492.714973 
430.896106 
434.874108 
538.271729 
301.048320 
207.994116 
21.489931 
311.861716 
137.049551 
118.254631 
339.955519 
278.146389 
484.307451 
318.415875 
341.971219 
336.446305 
283.308693 
421.347238 
547.316547 
479.328199 
425.206157 
425.062507 
481.662485 
445.854448 
349.710511 
386.594478 
462.983244 
205.417392 
-158.428673 
-513.417632 
-824.485175 
-904.709886 
-1126.817631 
-977.525234 
-1018.090395 
-982.845684 
-736.141637 
-613.517779 
-264.751859 
-233.693908 
-13.958365 
-254.156964 
-701.569713 
-820.172778 
-631.797201 
-388.129077 
38.711710 
314.051733 
496.955621 
538.263253 
210.080049 
7.186320 
-247.341977 
-478.996371 
-343.080827 
-306.873362 
-189.681053 
-179.735843 
-41.772398 
-31.943749 
-66.043044 
-140.953946 
-187.397301 
108.091989 
120.059227 
348.326558 
223.635030 
405.864466 
350.169585 
538.513740 
466.131659 
471.697978 
350.600638 
369.582124 
640.679673 
313.485052 
603.925499 
428.504116 
618.433883 
433.592605 
376.583247 
320.490767 
436.628984 
443.447948 
346.942179 
329.294753 
269.812478 
425.065541 
311.863166 
345.302103 
321.819777 
377.938398 
514.033233 
340.202301 
548.499542 
497.312019 
591.072750 
470.379906 
318.378600 
407.680254 
271.140904 
420.698547 
327.427198 
489.169167 
425.065335 
311.862929 
198.659630 
311.862885 
51.863557 
-47.074815 
-374.241302 
-674.743403 
-1009.647809 
-1318.025117 
-1400.909901 
-1324.235971 
-949.186942 
-778.165384 
-412.557688 
-51.476425 
-24.234356 
-142.672840 
-523.930090 
-1039.125584 
-1140.014465 
-1064.258973 
-577.367035 
85.456853 
403.733810 
388.263305 
132.205460 
-254.152394 
-205.853123 
-113.269174 
-140.951357 
-128.629256 
-284.982731 
-140.949952 
-148.498700 
-140.356958 
-140.672124 
-232.927800 
-334.133688 
-349.211527 
-406.458075 
-382.126415 
-222.370123 
-249.273793 
-133.755550 
0.665962 
-122.527671 
172.640431 
272.080229 
722.183194 
578.186510 
603.065092 
576.835319 
568.776698 
690.712409 
353.194751 
594.534779 
503.298344 
548.547720 
426.087172 
377.564378 
269.220949 
373.869338 
339.527124 
380.262310 
397.451536 
296.750530 
322.925524 
-37.609763 
14.385555 
85.453446 
175.518620 
334.464420 
187.913567 
207.739723 
350.427087 
421.280374 
309.903170 
266.152562 
198.656638 
85.452946 
43.339834 
-352.615839 
-402.556172 
-631.494640 
-820.174491 
-1005.576254 
-687.299242 
-449.654819 
-141.754868 
53.097933 
85.452360 
231.981194 
22.147607 
-278.860725 
-895.519914 
-1076.982079 
-1173.545215 
-685.064175 
-352.278759 
65.751323 
207.463023 
85.453594 
-133.878811 
-699.893545 
-899.390653 
-772.389066 
-616.692888 
-372.719367 
-213.413111 
-173.839788 
85.455717 
1.215391 
33.383651 
24.795529 
-5.008999 
75.650624 
163.025217 
-40.481638 
248.876610 
85.453385 
453.258445 
404.448797 
425.062336 
538.271806 
454.232164 
437.803310 
558.192914 
538.272570 
538.257732 
484.731777 
213.749574 
350.902834 
385.147310 
538.480357 
299.417801 
198.655992 
7.627100 
311.866596 
255.103878 
266.449632 
284.724455 
422.721879 
431.394309 
364.620012 
120.590750 
198.651211 
130.566093 
68.291319 
60.938373 
266.763157 
258.339724 
156.932228 
87.058726 
-479.604928 
-578.286800 
-816.723384 
-846.687050 
-820.170406 
-939.320250 
-946.740911 
-596.132124 
-518.966784 
-502.806576 
-312.121783 
-287.070445 
-147.544641 
-175.888300 
-218.956006 
-123.805205 
-336.214839 
-593.765796 
-993.341880 
-1152.788235 
-1096.184502 
-692.387810 
-298.481321 
-198.728481 
119.629081 
183.861004 
280.415780 
121.731701 
-140.950858 
149.384260 
66.906946 
-140.951734 
-100.961419 
-221.811780 
85.454464 
85.454504 
282.501768 
423.680820 
647.248373 
734.077381 
653.028872 
447.215700 
198.656704 
133.083170 
311.861612 
337.537434 
272.360539 
217.938249 
244.795903 
172.870809 
195.269480 
107.823937 
328.212806 
354.239402 
492.142218 
598.714209 
449.101107 
580.335075 
455.124706 
425.065817 
402.302693 
379.992858 
335.949247 
410.295321 
328.004574 
327.089381 
538.266993 
425.064064 
399.096428 
538.267113 
246.695282 
448.605185 
256.220460 
269.339087 
93.874542 
-101.481074 
-367.357434 
-563.071818 
-647.141952 
-687.071032 
-540.911557 
-275.378424 
-1.759397 
234.648171 
175.507802 
97.949915 
255.967415 
140.772582 
494.909796 
282.497697 
601.072951 
462.513849 
576.145674 
198.658736 
96.305497 
-43.328679 
-140.951270 
-54.090303 
-254.153988 
65.736170 
151.700764 
85.443448 
-2289.545762 
545.749379 
1286.325485 
1142.827196 
-313.498721 
92.980233 
1944.119825 
311.835492 
-2445.026190 
1621.445715 
-1979.996730 
1799.499833 
271.769188 
2306.424431 
1156.180547 
-268.232909 
-12.585076 
-820.186450 
391.904662 
-750.380571 
-1046.595813 
-695.206930 
335.362443 
-340.651220 
-319.673643 
-3753.593393 
-485.536474 
-990.837870 
507.826558 
680.371504 
-575.427473 
764.085183 
767.131847 
-6.178174 
3400.242618 
-747.832626 
1461.059760 
85.418402 
1148.667610 
-950.645705 
-623.138546 
-1593.047130 
404.791412 
4424.442952 
73.922662 
-904.292490 
1684.885500 
85.421155 
784.679908 
2451.545239 
321.503360 
1281.035817 
92.492300 
505.972356 
-1101.553455 
85.424147 
1165.185707 
-71.734663 
92.799138 
-142.746611 
178.134394 
-304.781817 
1641.187527 
1701.080800 
795.246859 
3703.938770 
-513.555079 
-526.687468 
1689.642411 
1393.289432 
632.683886 
1217.710172 
2601.156003 
770.356417 
1006.176705 
7542.221163 
1103.309850 
259.238120 
-15.391073 
2791.980950 
1208.203775 
1742.223225 
191.869717 
3431.353974 
1747.520436 
1098.149695 
6764.426625 
-1006.547449 
4542.076760 
1076.853059 
3956.995056 
1156.197407 
-1456.764202 
3027.453323 
4387.165898 
-721.229481 
-351.024750 
1189.321411 
2597.574707 
-958.606828 
273.376445 
-256.924011 
-527.377388 
3028.712518 
2131.192626 
-3466.964797 
2312.154471 
1320.187865 
-82.201926 
85.436189 
1461.385021 
-1104.784232 
-1368.731318 
-2846.229502 
1794.317747 
764.655013 
1350.635746 
-3136.337450 
-2658.918164 
1944.475323 
18.909570 
1783.456534 
-4045.761781 
3707.916635 
-1460.714268 
1503.899453 
-1423.558604 
2682.913402 
388.581705 
94.880873 
-3001.889389 
-1592.342683 
1352.682967 
613.702018 
-1918.544602 
-471.796649 
-1409.146537 
706.640847 
-3032.196790 
1058.673626 
333.087374 
2324.306649 
-584.829891 
1346.600783 
-4514.231366 
-6498.021555 
-1453.047282 
-1474.018129 
1094.500650 
-1536.839263 
1325.372248 
2909.736519 
-987.199929 
872.707168 
-1134.787904 
1896.702015 
-91.434025 
1326.961680 
-5322.303306 
3934.358252 
-678.541274 
-801.245984 
2013.825726 
-806.891058 
2174.159463 
732.022611 
-4364.306234 
599.746129 
-2148.637275 
-1468.887862 
4505.320308 
-1847.875554 
2061.348103 
-933.389760 
-27.745203 
2226.465799 
-7619.023011 
-2182.022220 
-1520.220121 
1172.744115 
550.869284 
-272.792690 
-2227.691230 
490.320171 
-876.204032 
-3486.237530 
910.113795 
-1251.004599 
-1178.404043 
597.697269 
-1214.191383 
-1292.854649 
-1207.342093 
85.455904 
1985.110379 
5292.807289 
-6951.707157 
-952.492509 
-2136.316316 
13.369145 
-1960.299402 
1896.713684 
2187.646708 
-5039.159167 
-1773.532971 
-374.643711 
-1568.928126 
505.496461 
-1319.919288 
-1743.088855 
-3547.201429 
-287.698144 
-1831.118006 
2575.919453 
626.701246 
92.972159 
-2061.114564 
2188.761575 
-142.734557 
416.623253 
-1484.346509 
1900.867767 
169.698064 
-63.534823 
-1043.086052 
-195.905200 
1037.724831 
-2800.313216 
1271.827238 
159.371410 
1391.986737 
-1401.218533 
-109.160178 
2437.340352 
-1341.631407 
-261.378006 
3281.322626 
-1082.697125 
1352.331089 
311.847371 
2123.105651 
-221.480239 
-3609.091841 
2405.040996 
-598.275652 
-2827.795508 
3450.362062 
-4746.732666 
2462.874189 
-1451.418085 
1407.893967 
601.207703 
5049.685355 
-3431.426761 
1648.074642 
-2546.254204 
311.854922 
4500.364147 
311.851854 
2689.109077 
7136.633205 
-3943.932475 
2142.414662 
-765.989579 
2264.737743 
-2084.316247 
-542.233618 
71.185618 
3374.487672 
-3930.890578 
201.576333 
1796.468500 
-2935.230134 
-1504.602550 
-896.152721 
-241.805016 
1366.166138 
-1911.423096 
1097.293763 
991.072777 
-1351.564636 
239.507281 
1048.321514 
85.454212 
873.709784 
-4469.796803 
2236.317564 
269.074813 
-663.278187 
2349.524889 
4802.252670 
-1624.359447 
-820.610755 
-4478.050604 
-2911.299209 
-1573.888030 
-253.640413 
-590.634869 
3474.190526 
-1052.121270 
534.225005 
2624.935671 
3457.670854 
-477.372659 
1018.505323 
2989.240621 
-1497.886745 
1614.478914 
3217.514124 
2183.929858 
1658.986815 
-797.300954 
-1041.372498 
-1000.558857 
598.963620 
2118.924924 
828.176697 
596.865314 
-2090.636248 
-3120.994297 
1856.961452 
704.844146 
-160.119342 
2095.408851 
-2554.934542 
561.006762 
3028.738050 
304.095296 
2763.089279 
-81.236034 
1626.553416 
-2329.439370 
2154.312328 
-1590.756674 
-866.929745 
311.846877 
4273.966552 
2453.599060 
-3033.101538 
1479.902019 
-1959.723829 
-820.174556 
646.116786 
-1419.802234 
-893.028906 
-4428.120180 
-487.552969 
3594.740531 
1011.780562 
-1640.840102 
-809.409084 
-722.067290 
-1923.399103 
675.015425 
-1922.653456 
-60.849896 
-140.649411 
-2141.078783 
2915.514761 
-1152.709835 
-1152.700702 
-1437.641540 
-1545.534098 
-2445.384436 
1692.590763 
-1322.121321 
1714.716011 
3141.922421 
1748.029548 
-1531.213348 
520.456301 
-797.626902 
-1113.352326 
-2834.228056 
-2042.467710 
-62.565804 
1104.294238 
339.858014 
-349.082309 
85.405959 
2236.315438 
-20.593023 
138.811072 
-1205.922741 
311.879615 
4047.541851 
1326.490009 
-1235.228854 
-576.559128 
1544.999085 
697.556202 
795.875604 
311.824527 
149.133964 
2009.878080 
835.550835 
133.998733 
2484.643944 
2778.982847 
-1899.259980 
780.106014 
-251.019169 
2349.481087 
1522.926125 
690.892795 
112.630623 
-848.032690 
937.702324 
-3631.454510 
1169.900737 
-374.078043 
3369.639514 
-1907.271042 
2030.372475 
1217.466090 
-1543.560394 
6863.587199 
485.355296 
1725.491360 
-4522.991722 
319.551892 
-33.105091 
-513.923560 
980.607941 
-1293.459273 
-427.339348 
2394.498482 
85.432863 
-2760.598643 
-575.574273 
-7.544955 
-1351.273571 
1172.978851 
-1413.480249 
2032.942650 
1487.721053 
3010.872425 
-585.992047 
311.851117 
179.762475 
-2249.113540 
311.837882 
-1936.605406 
-2480.284311 
425.041433 
-254.182936 
-2620.804597 
-1009.716803 
518.499679 
-1362.002042 
986.574562 
-2321.709992 
-820.183895 
-1311.367211 
-27.759922 
45.700547 
-2164.552291 
-731.133718 
-208.628390 
-7057.554013 
2371.577228 
-2047.651635 
-1542.355224 
-187.981411 
-2437.458593 
-1281.133552 
467.187558 
-3929.534511 
-1291.457381 
-367.363610 
955.101028 
927.973034 
-4723.921718 
-1609.468840 
-391.040724 
1350.277864 
-367.361895 
-140.959749 
-2259.860232 
2009.889913 
-1482.505200 
-1105.402779 
-2239.162383 
-1200.769469 
-12.386687 
951.205125 
311.837378 
-759.161168 
-1846.076585 
-3102.908541 
-2218.771555 
-1704.587629 
-215.508844 
1067.506796 
-1124.817179 
403.253652 
-2027.165301 
-1304.799240 
-1990.728479 
-3560.173696 
-2089.586218 
-100.055073 
993.736834 
311.845823 
-93.795603 
-436.330399 
198.590482 
-364.629537 
-1839.047823 
-2801.375847 
-532.690074 
1896.734819 
-1666.865325 
967.816829 
3946.632873 
5484.243569 
-5244.880713 
-2442.720531 
2870.342318 
538.279670 
-2433.830370 
3742.555445 
-999.268226 
1520.083412 
1475.471638 
3965.741755 
5103.992336 
232.865151 
1790.878125 
2462.725832 
1006.386744 
-1579.058228 
5632.381747 
320.467019 
2413.471018 
99.482646 
230.631771 
-5914.527122 
-802.637072 
2230.000830 
-842.606990 
1168.660069 
184.812797 
2830.576348 
1854.217918 
1720.086173 
3151.484842 
3785.281517 
428.561383 
1217.455096 
4565.474299 
-1368.263725 
-3178.475307 
182.791293 
-760.781105 
5595.875056 
2650.634958 
-2296.377616 
-395.613860 
3028.664307 
47.852753 
7369.206925 
3957.054564 
4342.326196 
658.439143 
3602.560929 
2579.028082 
12198.134874 
225.403334 
1221.443407 
553.335195 
-837.518262 
1526.380763 
-1226.405443 
1917.087453 
2516.147382 
-1662.577580 
3821.908410 
548.507540 
3651.121919 
2464.277873 
4831.921553 
1756.918485 
998.492842 
615.131902 
3230.211499 
2555.307130 
9697.787479 
-1033.963545 
1584.140245 
304.644197 
4184.228288 
5309.380153 
554.779695 
222.768836 
3309.371276 
3329.305217 
-305.975982 
7443.644994 
-1296.991320 
3666.549400 
2162.916314 
2387.254888 
3017.085978 
-525.837521 
381.220470 
4160.772069 
-1393.071964 
1212.112620 
2370.973517 
3608.843926 
-2137.621504 
-1885.773490 
2044.160758 
-1972.222506 
3707.951379 
1372.288839 
-5051.226658 
4529.690131 
-368.294280 
4262.500899 
2462.733320 
3337.572931 
-2541.195596 
-1227.077029 
-4766.612896 
2136.506970 
2236.337804 
1898.570923 
-4065.692982 
-3198.056729 
3025.673157 
2391.497652 
2009.914289 
-5091.517031 
2576.021490 
-3335.974927 
223.572382 
1217.351994 
1250.224939 
-2500.495553 
2724.058160 
-3461.497919 
-1443.761387 
230.595342 
53.067755 
49.318711 
-4147.793650 
-4085.008919 
-2445.812988 
-2045.186196 
540.473693 
2158.516052 
-200.089457 
-6838.963390 
773.652597 
-4522.911044 
-6145.630134 
-4628.106536 
-1018.805928 
-2839.229244 
-1507.613272 
2066.043789 
3950.513427 
-997.263926 
1505.214742 
-1802.422985 
1896.659918 
-2449.471876 
-1082.184782 
-3098.151244 
4160.741699 
-1313.755875 
-2196.966212 
2925.047071 
661.178558 
-87.710515 
2148.656941 
-5614.759662 
1079.513920 
-2490.004219 
-2986.205915 
3891.234526 
-501.568339 
-2265.968839 
538.252987 
2123.124536 
4382.817907 
-3392.232525 
247.281125 
-3841.889974 
-1003.212086 
7434.911163 
-1987.070675 
829.376421 
-480.083265 
100.837344 
-3023.839076 
1467.577779 
1411.449455 
-773.391392 
3216.295467 
1166.632452 
368.731124 
304.480872 
5405.987160 
2432.398132 
5179.591465 
-6356.716850 
-901.841912 
158.165564 
-340.183220 
1063.855972 
2689.131667 
-1249.264359 
-6430.407003 
842.819775 
-6308.262776 
1126.379348 
2354.069056 
-2168.055288 
-1712.002218 
-3415.133432 
-912.134827 
378.054961 
5406.016883 
-821.174305 
3074.018059 
-606.701753 
3546.134818 
1766.218318 
3478.262836 
-1223.467421 
2396.904224 
-223.416084 
-1089.043708 
-973.384704 
-1737.565996 
304.550028 
-3868.782139 
2386.223911 
1796.647254 
-562.980571 
-1025.971083 
338.819254 
534.200718 
710.684560 
-2057.753329 
510.438641 
-1582.475557 
293.707266 
2123.148628 
9254.932193 
-5697.523820 
-1840.478423 
-2118.322325 
85.668022 
-3730.270967 
724.402949 
-8967.173938 
785.928657 
-1224.630116 
1280.414608 
-901.279519 
3290.702660 
-3663.168198 
-1362.751911 
-2340.555896 
1783.568142 
-1159.707006 
1104.366712 
538.326993 
1526.404376 
-2806.216702 
4493.225499 
-235.839805 
4231.656558 
-3946.770218 
-2634.790241 
-606.503716 
3799.098316 
-4650.426930 
865.971596 
265.126057 
-921.122703 
-6823.360195 
-104.565122 
-2607.983228 
133.037651 
-2282.335811 
1080.381827 
1783.549415 
766.616393 
-2160.934916 
-2667.351198 
3594.761499 
-2357.214166 
-3872.168497 
538.304101 
2814.879195 
-1109.809020 
7896.498086 
575.994418 
-1224.893385 
-1632.948598 
-4888.353337 
-713.631777 
626.124336 
-598.301069 
-2681.243739 
5123.039483 
-2037.573011 
-96.918009 
3752.313123 
3068.572125 
-2519.448476 
2172.153531 
2064.562895 
-2221.716409 
1734.545698 
3722.729414 
949.122960 
1683.812570 
-735.487048 
-2159.641297 
-1474.367219 
-1305.645954 
1925.682578 
-3017.130448 
-3212.032987 
-2024.466144 
-3348.867761 
3562.434300 
-773.788792 
1049.853001 
888.248487 
-1543.205619 
2133.297290 
7670.054787 
-8061.961356 
1996.613612 
777.821726 
-938.169482 
-2050.706743 
3361.159482 
-3813.505583 
-1242.009856 
3821.149015 
2462.730312 
3347.450877 
-2057.518625 
2124.202483 
-4616.272369 
3594.751976 
-3209.163234 
-918.663485 
-87.060119 
-5299.926584 
-1966.982337 
1557.085890 
2033.690241 
908.212208 
-1537.046698 
-3501.758907 
571.341633 
3199.953387 
-575.914433 
-256.911957 
-1239.735853 
-1672.188608 
-367.362244 
-1909.762841 
-3459.234447 
-840.967121 
-3761.866844 
-2527.305062 
2284.677059 
-3123.537726 
3612.851272 
-140.981990 
-1026.251085 
-3672.886176 
19.301066 
1494.949537 
147.586967 
-5162.879017 
288.292449 
3089.796212 
311.822565 
-241.026522 
635.385860 
2462.640099 
2236.274818 
-561.675927 
181.991679 
-3020.779131 
4047.513624 
1557.048407 
674.183524 
-2563.567028 
-2698.969295 
3288.315519 
3529.483082 
1071.313726 
2009.884761 
-3494.640351 
311.749932 
-822.484206 
2137.255975 
1403.359515 
1405.404706 
-2321.250733 
-374.978532 
3246.075633 
2802.335961 
2320.352586 
-3258.905810 
-609.860411 
-3643.650983 
-577.907522 
-3111.829656 
-933.298055 
-1225.308344 
73.463802 
-119.337628 
2454.186793 
2236.303255 
-2164.013676 
-98.851681 
-600.834400 
2469.005860 
-3213.838404 
-1464.003591 
1247.949373 
-2505.127725 
-108.555310 
407.564139 
-651.435679 
-728.364621 
-254.171303 
-3557.529267 
516.505266 
-1706.696017 
-2919.332741 
3658.563388 
-2448.756355 
-79.792556 
682.595773 
919.356398 
-1323.007159 
-1612.638857 
-3062.921584 
-3246.048254 
-1499.411577 
-4793.733801 
-3784.545792 
-254.177362 
-593.794250 
-2168.075987 
-2267.093815 
-2619.121787 
-560.880092 
-37.651638 
-4125.632550 
-140.957567 
-2007.913266 
425.071954 
-1423.676496 
-1827.331199 
-1247.392277 
-174.300273 
-4779.541460 
400.619976 
-5274.736184 
-1809.273042 
-1154.380830 
-2171.913965 
-1848.340065 
-477.677743 
-2836.095440 
517.986110 
425.070634 
-601.453692 
893.612270 
-3378.375520 
-2341.650706 
472.290773 
3312.930034 
538.290313 
2462.715896 
-732.027250 
425.074185 
2267.186639 
-2146.475332 
-3007.523511 
-2349.685168 
-1117.111990 
-14.394873 
425.055889 
732.175909 
-1367.916218 
-1615.929889 
-2460.674761 
-1810.699761 
-1027.864042 
-1556.806589 
-1707.154900 
-3113.466756 
-1827.244425 
260.207933 
-1200.973481 
-3126.511922 
613.714156 
-426.224889 
-638.321316 
425.059882 
-999.705156 
-72.197427 
-1839.000766 
380.436260 
-1839.016882 
-2767.245967 
80.112032 
4387.179215 
775.813958 
-4161.049397 
4932.250445 
-1130.021010 
-3942.795369 
1783.495788 
534.206779 
2123.103821 
-3852.965946 
1618.131468 
-1403.520521 
2989.361666 
965.143196 
4577.460549 
1177.982668 
-1475.811779 
-189.265313 
2462.706426 
1955.767396 
2573.484234 
2123.098759 
2122.191899 
2794.887414 
-5076.035969 
-1021.708221 
-3687.456096 
3585.612946 
3234.001673 
387.378985 
4395.359464 
1572.716174 
2260.379190 
1921.497948 
3578.067713 
1914.120534 
1758.974381 
-1933.108308 
2802.319428 
5517.486440 
764.828738 
1587.390823 
2960.623472 
780.266710 
6571.658010 
4978.233823 
2131.751853 
-2200.282323 
5632.362793 
1714.273191 
4790.692110 
-2991.898163 
2422.163784 
21.743219 
3361.110534 
-556.512538 
6085.205118 
1013.153589 
-1693.656517 
1629.616616 
3306.937530 
1832.129354 
822.916123 
30.966011 
3971.458137 
1044.753141 
3878.055767 
-87.149634 
-4421.385920 
4477.186478 
-278.669265 
2723.882504 
2768.588697 
-789.768854 
-481.125709 
3159.431893 
13165.134886 
1303.568382 
-56.574695 
-874.433414 
2103.215201 
3415.678690 
-1134.992043 
-1268.805903 
98.456685 
-232.986289 
206.027658 
4047.531371 
-279.151299 
4293.043919 
2395.822210 
2387.219876 
3808.309054 
950.788199 
-3662.248799 
3594.727539 
-1461.180791 
-235.239091 
1362.130985 
106.318720 
842.984531 
-3038.209963 
197.232493 
-3116.615774 
4839.968480 
4061.531567 
-5851.216379 
-2539.085087 
2963.962661 
-3629.297056 
311.843374 
1604.914998 
-828.292130 
2600.478839 
-3617.136810 
-1425.435429 
4160.722655 
2635.500814 
-2541.690734 
-316.506388 
4047.062499 
572.564356 
85.420829 
484.146678 
9028.461890 
1032.880858 
335.872170 
-2365.838537 
4658.860198 
-3434.858961 
1631.084029 
-5.880447 
2839.175308 
1865.735659 
-1017.803495 
-3066.776102 
876.915435 
-6620.994713 
-1887.138531 
407.727650 
-734.897170 
1465.116917 
-274.201049 
-2691.088940 
4696.273258 
-1345.921939 
-2584.436930 
-2675.262245 
-1581.530374 
2997.062234 
2107.431621 
4860.217222 
1616.113124 
-868.446120 
757.333928 
212.094053 
6311.640633 
2531.240817 
-1400.537262 
-2328.056877 
5858.810517 
-578.449149 
-709.443902 
3144.445744 
-376.017364 
631.834243 
1129.372188 
-2340.226631 
2188.031817 
-589.544416 
-3702.613949 
2544.876297 
-857.285188 
-5242.567754 
311.837456 
3651.386485 
1692.014536 
4494.838966 
-969.931226 
-2713.966724 
709.891607 
-268.400530 
-4774.059498 
1829.001936 
-2559.400958 
-1929.160904 
-2449.008667 
2174.336280 
-946.685561 
1113.012392 
3841.787311 
-1411.426904 
-468.794152 
-1506.766687 
4839.962781 
127.223648 
6085.195479 
-4551.992251 
-393.118993 
-2637.900572 
-1023.210319 
-1914.152260 
1557.073679 
-1086.557538 
-12907.557068 
-6264.460614 
4442.906461 
-384.098142 
4669.393918 
-3343.818333 
-70.167143 
829.753993 
-748.821873 
-2751.460941 
4273.934046 
-678.295372 
-3303.122056 
-2681.904417 
1374.548972 
-3598.460405 
-1362.250224 
-293.833337 
3743.433140 
147.998666 
-3333.105342 
1174.883919 
-1619.840583 
-122.288303 
-1978.851469 
1644.476390 
738.474580 
2417.269772 
-26.218714 
-673.323465 
-698.349500 
2129.474887 
-4047.010406 
886.690475 
-1853.745209 
-1383.458648 
2575.919121 
8349.287011 
-4406.201455 
-2792.143641 
-934.336161 
1545.037055 
171.929836 
3277.816236 
-7601.714053 
1474.960150 
-2043.961808 
2247.970955 
-3023.149182 
3425.869833 
-266.989163 
349.927150 
1158.269401 
4047.572624 
311.871104 
2915.541337 
2123.128770 
-2862.773453 
-2031.354546 
3335.558024 
-2114.072631 
1933.871924 
-1891.133917 
-4615.095137 
-48.565224 
5651.624096 
-1151.291503 
-2296.605033 
-512.758477 
-61.544290 
-2149.560762 
1428.096562 
-3494.721117 
197.910601 
-1454.123689 
-293.860341 
2009.908436 
-1863.498251 
-3282.166521 
-991.842380 
1783.509773 
221.621513 
-2686.325614 
-1046.579972 
-605.414414 
541.941005 
4953.181999 
-1235.246489 
-1212.511951 
-2334.246343 
-3912.038988 
1683.658039 
-325.531031 
1627.536011 
-237.571712 
2058.997349 
-2574.198829 
740.228709 
-3232.100204 
135.395973 
-4201.920502 
-395.514701 
960.674737 
-2211.346531 
-1441.508896 
-2464.004277 
330.710043 
-406.860401 
-665.522302 
-1147.235811 
-1469.275743 
821.838963 
-1697.347755 
1461.454935 
-1155.261359 
-3571.911947 
-5965.128750 
2328.348330 
-1633.512259 
-1355.520053 
1317.754928 
-958.327085 
1779.629459 
8122.882086 
702.677396 
1368.922730 
1465.965676 
772.591120 
2177.302414 
1756.344724 
-1050.794925 
-2052.667387 
3368.343182 
2236.317969 
1062.352432 
-2559.391936 
-2542.915053 
-3167.223401 
4047.555718 
-2893.258133 
-1185.906624 
-316.833207 
-780.950513 
-1548.914815 
877.872911 
-199.910101 
200.857360 
161.810273 
-2826.987938 
1914.791428 
-51.300382 
142.994920 
1943.955129 
3465.254575 
397.658274 
538.249781 
-798.942736 
-2680.937873 
301.139351 
-1708.920574 
-2062.719433 
2796.579892 
-829.032180 
1691.248549 
-1272.966519 
367.652385 
-5035.924948 
650.586614 
-767.013386 
-1335.849628 
-3251.131896 
-215.106524 
1736.608649 
-1046.572673 
221.599607 
-612.415176 
1557.103151 
1330.674844 
-979.805904 
198.171467 
-2768.957990 
3821.139194 
651.460006 
1850.868546 
-1597.499354 
-3245.929356 
-69.839775 
1433.486619 
-469.972165 
1557.076067 
14.710721 
85.482653 
1297.960994 
816.820575 
163.344472 
2974.394195 
-1035.784969 
-3707.964143 
1304.468923 
1557.090340 
-1350.821348 
1747.930871 
-1020.741683 
-4096.843404 
-2799.169522 
674.849941 
-1662.005996 
-380.404842 
497.104879 
140.060781 
3399.813320 
1330.682023 
-3142.479049 
-373.098530 
-325.485409 
1230.664078 
-1314.660124 
752.475277 
-3035.161432 
-4861.337452 
-550.283866 
887.373413 
702.605895 
543.546514 
311.868273 
-1756.799231 
1863.953591 
-469.197869 
-7188.745384 
2007.828472 
-3803.302726 
-2283.718714 
-542.942683 
1135.650432 
-3299.527537 
311.855030 
-3629.144596 
-1964.851616 
198.650896 
-4681.311607 
-2694.411998 
85.452923 
-27.753464 
-1750.195624 
-2271.441273 
-1673.824319 
-125.055484 
-846.164837 
-3768.704057 
-254.172429 
-1743.672407 
-1272.989629 
-1575.539171 
768.300281 
-2430.983712 
-1809.210144 
-2399.874415 
-1699.624868 
-1143.865379 
-1371.602078 
1663.912290 
-1900.387621 
-50.596714 
-2520.953565 
-976.023661 
223.964694 
-820.184092 
-1286.588441 
913.005141 
-2826.303245 
-2275.237445 
1452.424546 
-187.853273 
-367.370744 
1783.485110 
-2113.536922 
85.427944 
-900.141895 
-2276.446316 
-1727.432391 
-1557.020208 
-3301.651550 
1710.160954 
311.848705 
-514.530898 
-145.180980 
-1225.308647 
-3403.370585 
-1817.777455 
-1459.318863 
-507.473840 
-2070.901038 
-843.260399 
-139.083886 
-463.606096 
-1597.815387 
-3196.022245 
759.191780 
-692.705374 
-279.258954 
198.646261 
-1402.373384 
-2199.179438 
-1839.007421 
-198.856203 
-1838.992879 
-3212.769384 
-4009.234150 
6085.108900 
-1018.530781 
-1327.085137 
3503.807118 
-72.742184 
-4742.625965 
-1476.788052 
2288.597453 
5405.996309 
-1065.781754 
1606.630872 
-2512.630020 
1748.922883 
1724.737615 
4803.515215 
1577.023946 
-2891.038667 
2120.019101 
1896.676357 
571.495299 
4422.575606 
2802.338673 
2440.875024 
3584.544496 
-3853.867029 
321.466035 
1352.547545 
4471.490132 
1996.827953 
-3448.841090 
760.219926 
-1136.814009 
1191.017234 
4256.485796 
-4038.562625 
-584.418628 
-2569.492756 
-1232.687781 
7896.531009 
6402.049770 
-2302.238552 
-1413.116330 
-410.978689 
2260.844327 
9094.843947 
2429.534479 
-4017.952948 
513.077320 
1443.939157 
3958.394074 
1402.415562 
-26.719024 
413.581528 
-2136.086668 
-1054.551200 
2402.983731 
3028.747712 
1854.715638 
-2125.150818 
2129.406807 
-3747.134695 
440.980428 
-1475.493328 
1611.853302 
3004.104625 
1120.252616 
1109.074498 
-1060.757115 
3203.152924 
5708.166117 
2106.008294 
2106.062674 
689.718961 
-1026.270860 
-791.721845 
4627.457429 
2740.469468 
-952.410333 
-799.291954 
3547.375200 
3947.333733 
2586.207863 
-3915.615184 
-727.457058 
-2559.342033 
4371.614637 
1571.185587 
1670.247918 
376.592700 
356.226952 
-1856.006589 
5889.007679 
151.763650 
-1049.532524 
-580.490468 
4273.926684 
109.492534 
2209.326710 
2234.652160 
2820.587136 
-4726.016595 
-1352.236862 
1583.532435 
-289.016541 
7443.653810 
1451.301216 
-3298.411170 
136.365749 
-503.793185 
-879.501697 
2575.929056 
557.041233 
-1271.192381 
-1972.640412 
-3168.421593 
1057.330690 
5179.567511 
33.461790 
-4485.108133 
-3297.645272 
-804.488338 
845.638493 
4160.882011 
3312.887019 
311.864150 
24.758355 
462.189326 
-1067.405745 
4236.043719 
-3274.621274 
-1086.125457 
-967.789934 
-645.835773 
1508.557013 
-884.559003 
913.691531 
-2392.711726 
-1634.438125 
-584.370257 
-3163.675921 
-424.704985 
-4329.492196 
2067.352213 
-741.235895 
2296.917047 
-1998.892501 
-3883.730860 
-2170.971916 
-4538.839108 
3080.629569 
2801.041388 
-761.264443 
439.726941 
-1948.063150 
1328.340429 
1527.843123 
85.377639 
928.450812 
-1357.766029 
-361.553580 
4047.496263 
-1770.846597 
-4434.958032 
454.458143 
3340.272595 
1449.922795 
4022.759541 
-4147.257571 
-1412.978853 
1599.674955 
-2294.564583 
58.588279 
-1005.520065 
-5060.934290 
991.042827 
2689.056794 
3576.608667 
-3886.555072 
-2253.282231 
-2434.397585 
285.970858 
-163.049237 
362.001947 
354.564903 
3355.765237 
1282.020408 
393.369401 
1147.284025 
-455.729226 
644.791626 
1130.767007 
819.746325 
2902.550552 
-423.552278 
5406.021511 
3369.945288 
3594.795526 
-5182.914519 
-3571.536664 
-2638.354958 
-1135.408690 
-1058.567171 
3028.763002 
486.666757 
-1974.442523 
-1367.838853 
-945.435909 
-1583.103095 
2345.311918 
-1022.818618 
2335.860291 
313.498539 
-6120.832395 
1285.872765 
2915.562914 
3372.085203 
4100.482111 
-4118.434506 
-2988.614689 
1573.420743 
-168.246922 
2775.259932 
-563.451559 
-2756.186973 
-2239.114923 
-1639.785169 
749.097011 
1217.964883 
-298.027269 
282.455351 
3225.748026 
956.756820 
-561.372285 
-704.851002 
-617.154334 
-1919.899674 
391.794247 
349.110359 
-2821.084367 
59.910811 
6990.833356 
3481.508854 
-3826.300405 
-2066.324102 
-1010.514173 
665.260125 
3776.073981 
-144.597961 
-5181.430047 
-12.431712 
2813.671027 
-1284.021201 
-905.577624 
3384.034816 
-397.665716 
691.858325 
-1896.191271 
311.831795 
538.258872 
2575.908023 
6311.607468 
-46.742303 
-1115.259489 
2886.633335 
-260.022276 
2434.128299 
1361.548683 
-2115.753511 
1177.972053 
2798.045401 
-4274.392463 
-1054.303089 
2081.751348 
-656.585792 
-1833.932919 
-1091.369393 
-2422.887631 
-47.821480 
-1754.157257 
772.660251 
-820.135402 
-2448.742990 
-991.956174 
-485.845947 
538.295614 
1336.382784 
-7982.371715 
2575.961462 
6785.244383 
1528.071742 
4047.602586 
696.788163 
-4798.549701 
-1701.023903 
-4768.106088 
-437.171655 
590.904124 
1617.941839 
975.769052 
-279.900495 
-1616.022698 
89.972113 
-1188.001525 
1568.728871 
-418.983900 
-2422.321738 
1003.075653 
13.884883 
-1226.059956 
2254.067236 
1820.566526 
-1306.318296 
-949.874791 
795.043607 
397.246756 
1729.818570 
2708.841136 
-2300.551386 
-1336.125363 
141.733597 
-2094.653651 
1880.587504 
-919.707711 
-820.412765 
875.460611 
596.838779 
5352.815991 
3821.117220 
63.576334 
-1899.071641 
-530.852319 
-233.330081 
556.035058 
5104.232407 
-1256.450061 
-1398.160977 
2462.658762 
1783.460776 
-220.478519 
698.631337 
-980.059190 
2387.089162 
2009.894078 
2497.635657 
-2777.170352 
-44.318463 
-995.611370 
-1808.788540 
85.444820 
2288.294154 
-3923.983973 
-203.419259 
2864.687885 
1676.392942 
252.562307 
-1430.641788 
-3372.401755 
2381.993416 
-2840.894936 
3141.921183 
5342.358100 
-5419.080760 
2155.825185 
99.809436 
-468.190001 
795.636808 
-3508.313303 
1621.191245 
2236.300967 
-2438.572239 
-1604.337050 
-1793.997208 
-1203.584185 
-670.690915 
-3837.170726 
-2859.462014 
-1655.844858 
-367.367053 
-1561.341128 
1901.863123 
-706.963588 
-820.198557 
-854.212056 
281.181588 
-3178.505877 
2009.934729 
-593.758349 
-437.288538 
-4133.332180 
590.798002 
641.918613 
-1502.780463 
747.067732 
311.917962 
-1265.944306 
2349.532830 
2932.246770 
-1629.346994 
70.716515 
-925.007183 
-689.354595 
-3532.395359 
1493.306822 
-3650.102959 
1323.523530 
-295.098984 
1307.437072 
-413.343357 
-344.745314 
-1298.671059 
-78.150506 
-1290.563800 
7174.829238 
-2522.400608 
2552.604462 
311.877360 
-1758.413343 
-739.863063 
764.637183 
-807.173489 
-104.377727 
-194.047887 
-897.734976 
-1236.946591 
-169.135128 
-3483.308631 
601.902513 
265.244318 
198.664973 
-1192.310625 
11.362127 
132.605213 
2471.177680 
-440.660399 
-935.197371 
-3543.529799 
-424.106982 
524.463884 
53.728517 
198.651245 
-494.719962 
-3960.867214 
198.697172 
-2235.966824 
-16.000432 
311.851103 
425.105198 
-1169.253262 
-2794.174711 
-2633.484704 
-933.726347 
-673.331326 
-2232.591710 
198.685475 
-2402.798205 
311.885986 
-1253.607895 
2286.120752 
724.300022 
-673.776115 
-4409.175065 
-1780.888438 
-3029.894772 
1380.654869 
367.773088 
-680.429468 
44.132702 
-2995.205748 
-2133.791805 
-713.406435 
311.897890 
-945.648733 
2125.662802 
-3033.690847 
-2080.732345 
-849.650077 
-1186.360417 
2009.943556 
198.686370 
-5924.647892 
-706.966023 
-5057.057702 
-696.152748 
-2075.216382 
-1230.985642 
-1336.884072 
-1716.773853 
-933.374526 
884.355557 
-2744.041396 
-2447.341314 
-1436.258062 
-1782.383674 
944.109688 
-1612.825060 
-2089.696635 
-661.875602 
-626.145758 
-2982.936029 
-488.484569 
-2539.647693 
3027.073627 
-3444.400045 
1617.355685 
-1838.991081 
-3138.610197 
-1413.353710 
-1838.979794 
-2159.450463 
-1839.006924 
-4664.082510 
-220.376786 
5179.613547 
-121.187171 
-2589.239846 
4043.905733 
-1698.907941 
-4711.649943 
-1718.193290 
250.728457 
7443.690739 
-5542.734434 
3358.931292 
-973.485774 
-1546.789430 
341.499962 
9681.930861 
1546.086718 
-3297.466929 
2668.515444 
877.904577 
-916.798450 
4050.970517 
3255.140815 
2677.362952 
1406.407051 
-4068.076377 
-1635.252865 
5695.915523 
5104.034252 
1580.314659 
-2448.879903 
-159.165622 
-806.588686 
2040.273137 
1143.856304 
-2891.798642 
2302.404932 
246.132070 
-1864.119129 
8575.643964 
4920.651280 
-790.887733 
-58.771825 
1593.011290 
3110.104893 
8294.117104 
-722.392590 
-3082.118875 
-1876.202262 
1443.852673 
-213.945726 
999.602652 
-1138.438608 
1223.168005 
-1966.393330 
-2051.887623 
2250.965119 
2575.865652 
-16.399077 
-4155.180649 
561.787099 
-3172.410061 
-303.507375 
-1371.046508 
1331.873533 
1385.548923 
-1668.866203 
-584.972022 
-2879.454110 
4084.993235 
2375.039119 
2293.964443 
381.453850 
-1287.624695 
-953.177260 
1119.529667 
5375.371654 
1472.670828 
293.589728 
1381.607436 
-104.485973 
2187.979195 
1971.477770 
-2018.545994 
-4565.806639 
-1883.205366 
-260.454864 
1256.609016 
5972.016428 
1924.729774 
-674.949892 
-1195.371210 
4439.995347 
3559.047973 
-421.297721 
1497.233492 
3934.387970 
-178.192825 
-323.679551 
561.232093 
-2055.373130 
-1148.326021 
693.794680 
2653.243109 
1214.791601 
7217.321219 
2091.200700 
-3434.681503 
1641.465115 
90.892171 
-525.110999 
6764.374051 
-657.793047 
1115.430375 
1597.806531 
-749.530463 
607.833115 
1896.714533 
3644.496330 
-3601.121502 
-868.771060 
28.127157 
643.716788 
8575.739437 
-3632.092298 
1896.712819 
-372.585907 
2645.072721 
390.475356 
4762.197297 
858.333527 
476.073806 
-459.368680 
2092.730763 
1488.003167 
259.613542 
-5447.585453 
139.677552 
-2300.427651 
-925.763951 
-203.285093 
830.771242 
-6466.226488 
547.891984 
-2748.788458 
52.215439 
-1075.803516 
-4190.263315 
2173.545802 
-1323.998369 
6393.557286 
-1998.783005 
1119.569421 
1984.805562 
-326.342714 
1709.419088 
2340.903136 
3934.362509 
2264.969014 
454.170543 
-1062.152155 
311.819247 
-1241.538288 
-3358.279618 
1555.144500 
2154.810260 
891.388804 
2173.797031 
1629.892623 
-3616.727474 
-1850.172755 
-1067.163553 
-1391.709673 
2522.126663 
-6637.260598 
4047.528046 
4217.359927 
-77.181610 
-3089.068188 
-3263.739070 
-1592.051462 
-1330.889621 
289.256929 
-3388.166018 
-2008.601152 
-44.719850 
497.239491 
-242.599764 
-1809.849749 
-500.081218 
1681.201200 
-1113.282349 
2116.524850 
3950.468465 
58.591100 
4047.542958 
3256.142464 
2462.709354 
-6024.292672 
-4916.080920 
-3187.716077 
379.988688 
914.765039 
5405.982395 
2758.452853 
-7754.679638 
-2869.740714 
-905.225694 
279.753284 
-149.858079 
-1589.602460 
-2744.727930 
847.990999 
-2099.178761 
-1606.491384 
1670.264192 
4987.609446 
3481.506542 
-3557.652876 
-3144.825972 
563.348559 
1799.090544 
2440.199629 
98.023026 
-3453.710808 
-4267.981007 
731.368977 
548.180308 
1316.213642 
-246.138401 
-1060.094477 
-36.142153 
-1837.566720 
943.532973 
-1770.859167 
423.942918 
-2512.582897 
-2375.065474 
399.284396 
-2593.705900 
114.464959 
2689.126471 
2575.924367 
-475.349152 
-4343.828604 
1763.115324 
-3438.456576 
-2015.027572 
-1467.928102 
-3826.262574 
891.148195 
1734.551660 
2306.325552 
-2050.630061 
3840.261657 
6199.864600 
2256.674052 
-2210.326377 
538.266127 
3141.941290 
6311.620810 
991.070758 
1757.162232 
-343.799874 
5138.608757 
1284.945053 
1387.536888 
-1215.315395 
-363.841424 
1422.373356 
4168.669984 
-2176.132597 
-2537.191078 
774.465325 
-3243.255344 
-3498.043523 
-785.666972 
-1662.469197 
1824.693249 
-1646.201938 
-4501.961131 
311.833252 
1453.622560 
1100.841844 
-2122.235923 
2349.496506 
-397.762475 
-3804.367057 
6311.602165 
1846.347144 
-673.718338 
-367.389222 
455.229405 
-1733.291751 
-1346.734662 
1443.801074 
-5503.394179 
-825.528218 
220.630553 
-2267.573883 
-638.204039 
-3809.831316 
-1689.203404 
-310.551650 
-2865.569852 
-826.643821 
-368.743298 
2599.661292 
3195.958272 
3760.202671 
902.642847 
-920.537633 
1525.559005 
260.239868 
-678.155797 
-1828.778961 
1178.919450 
3773.244881 
1827.726545 
690.704513 
-2280.426197 
-1415.348888 
1406.913407 
-1236.668435 
-1481.394589 
1385.339562 
1472.377754 
1480.384457 
311.841728 
-1161.025809 
-105.136585 
-73.353714 
1769.637094 
902.531429 
1766.442798 
-2475.703973 
-1586.183975 
2009.890900 
85.439866 
-873.099402 
1750.264163 
735.486287 
-4495.525560 
-820.198404 
2327.873747 
900.411179 
2576.843016 
-697.756327 
-405.017328 
2689.103704 
-914.849244 
-1589.384358 
-335.677816 
2832.544684 
205.319975 
882.917854 
428.770147 
-620.116059 
3355.919128 
2395.839841 
-593.777994 
-6168.916974 
-6735.022828 
1119.954654 
869.076540 
-1685.096351 
720.076008 
-3757.584629 
-1926.157781 
-140.935068 
-2718.664451 
-1012.826383 
1606.936574 
-1305.187693 
-451.256814 
-4996.297968 
-1730.338940 
1468.694818 
2009.861175 
226.738426 
-1020.800884 
85.476875 
85.444619 
2065.166011 
-1364.783345 
-1178.968427 
198.650360 
198.657506 
893.366701 
938.233339 
97.525778 
107.483695 
-768.092415 
-631.450846 
2236.316811 
-763.566712 
2009.915751 
1703.944658 
-1581.428470 
281.024481 
-424.043195 
-990.952978 
-2805.808848 
1778.806655 
3594.732507 
1528.166969 
860.740176 
-1358.131584 
-2518.625654 
-401.304994 
-547.749896 
-2196.083713 
160.916075 
9291.193954 
-2401.490527 
2415.378575 
198.646572 
-2894.220691 
724.277087 
-1100.528238 
488.858755 
-2886.142235 
255.210211 
-2234.291451 
-1952.755497 
53.690525 
-767.217610 
-351.587885 
-318.189039 
311.835949 
-2340.596429 
-1200.557961 
1157.213320 
490.014096 
-1229.750297 
-1405.624017 
-1691.812286 
-2035.166831 
1839.676847 
-832.465817 
311.848625 
189.604128 
-2534.336233 
311.809440 
628.626087 
-566.037289 
-254.196602 
-820.214367 
-3950.592628 
-2865.836637 
1584.436407 
-333.119069 
-22.589245 
-2156.669697 
-820.207155 
1016.407273 
-367.391905 
-1462.585282 
-422.861894 
-1396.644979 
-2451.380617 
-1415.770008 
684.925565 
-1473.765471 
433.286989 
-1206.386430 
-2996.437044 
-1579.407294 
-988.925430 
-2474.069660 
-138.987258 
877.836865 
-1126.383192 
-2855.442206 
-1579.895020 
-1135.518010 
-763.501363 
993.031709 
-367.373982 
425.046362 
-3766.509392 
425.049259 
2890.844364 
-2328.441598 
-3150.348818 
-2756.529573 
-2145.134677 
1630.670661 
-1839.000667 
-792.816887 
-597.599620 
-2647.329748 
-2372.810460 
425.062333 
-1955.770763 
1412.910578 
-1082.621591 
-2669.362185 
-2449.378560 
1154.843480 
789.355757 
-2500.453888 
-2670.670462 
-2003.681747 
587.579067 
-1839.014288 
232.275521 
2177.069001 
-1839.005401 
-1187.318660 
-1838.989212 
-3350.619021 
-453.098810 
3707.912225 
-4384.403639 
-2223.892159 
4985.458116 
681.301415 
-2486.942950 
213.737156 
-404.506521 
2915.521690 
-2133.609095 
623.260799 
1377.264335 
-2133.475184 
2199.030344 
4346.304760 
2860.879002 
252.959043 
2985.608816 
2009.888882 
1718.814035 
2166.152585 
3028.731437 
4770.511785 
544.540231 
-5998.147053 
-1539.947443 
3629.559598 
2575.830164 
2797.918933 
490.412837 
912.030892 
2040.124801 
3301.290975 
639.301972 
-842.618369 
80.839138 
677.525095 
1756.722451 
3708.012793 
2948.173819 
2921.848724 
1190.471716 
448.524311 
2434.291282 
4319.688467 
718.842252 
-440.318184 
-299.686781 
4613.596916 
390.978031 
5377.259744 
-2787.325331 
3451.347187 
2922.656760 
6370.706059 
-1140.134237 
4274.002657 
732.064885 
-2700.296055 
1678.703407 
-839.249011 
-1701.441021 
318.316212 
-1967.483862 
2206.939330 
-1721.798181 
-5039.026306 
-1681.927929 
2663.127116 
2091.408772 
-324.536836 
-948.739623 
-1796.805500 
-2135.308262 
2456.221508 
4796.495320 
9644.027085 
-3668.554652 
410.910104 
561.227357 
1279.578753 
954.959414 
-133.380643 
-3739.852073 
-1204.210249 
-453.645441 
278.251055 
3934.332351 
320.008579 
-1229.832812 
230.862285 
4439.988972 
2020.148973 
-434.667300 
-1851.156629 
1443.916387 
-2626.303125 
-3773.287421 
5334.934633 
-326.135867 
-1335.187326 
2496.487513 
-412.660219 
174.742959 
6085.230994 
1407.807764 
-2679.580879 
1147.178077 
596.774200 
-1022.495762 
9028.542109 
1410.051384 
-2441.407729 
1438.848837 
-9.850311 
3085.499480 
3255.099742 
4878.467719 
-2836.316753 
-3151.068535 
1495.449149 
751.577388 
9934.222521 
-2008.592996 
1670.280589 
607.211731 
5024.262676 
325.354761 
4855.734849 
1359.876473 
2319.120279 
521.808130 
2369.084120 
-48.281668 
-210.231051 
-3028.906967 
417.932682 
-935.786509 
-2806.844437 
2048.587728 
3153.870729 
-2560.577626 
-556.140178 
-2798.642575 
1990.965156 
-416.197082 
61.436783 
691.059260 
1005.473733 
1951.192509 
-1298.312626 
3366.178023 
2474.025721 
3428.987417 
1687.727708 
4599.858163 
2802.338270 
-701.587568 
1606.026126 
-740.813425 
2349.538694 
-3094.074649 
-2676.156205 
4600.977081 
-2350.359442 
1697.316710 
3140.826783 
1289.218937 
-2944.107726 
-2025.280938 
-877.430669 
-1568.890562 
4347.157268 
-5179.548663 
2123.119241 
3594.786378 
842.026584 
3116.680635 
-307.542095 
4313.532334 
-877.741217 
2954.112423 
-3478.611129 
-1560.046922 
-1575.343915 
-1088.367335 
2393.281568 
-2188.859339 
1104.021460 
1132.149930 
3519.387702 
4337.223116 
223.849392 
4275.271372 
2915.558236 
1383.935831 
-27.701909 
-5397.906725 
-4418.720268 
-2141.377926 
-1957.571139 
5420.657641 
1330.713554 
527.078158 
-7331.301731 
2270.572571 
-4185.350593 
3467.913335 
2448.413586 
-2965.964777 
-3319.154109 
1468.540722 
-2080.115959 
-774.952150 
3255.150254 
3624.412262 
-2193.713443 
-212.314998 
963.300532 
-2537.280236 
2229.594326 
-529.164360 
-1183.592495 
-3552.622771 
-1048.754415 
8.147195 
452.799592 
1281.882449 
-3338.810355 
-1293.635427 
-2132.724818 
642.501607 
2851.980760 
-469.083592 
812.740912 
-4099.425532 
-3750.928714 
2061.716841 
2131.428115 
-1011.422525 
4160.750698 
5858.795167 
-4841.928516 
-2263.495017 
-491.417940 
-2197.969381 
2286.848505 
1006.860405 
-5825.489396 
70.486349 
-1027.115692 
938.990518 
-3549.968519 
2331.391796 
4266.055518 
2076.822569 
-939.511783 
3821.161905 
2349.532813 
2236.269599 
2123.108785 
-2091.755436 
797.326558 
5727.750597 
828.268330 
1844.654191 
-5257.963397 
-2994.015119 
3579.634530 
3829.127143 
-3277.261913 
-1032.756594 
-1872.882967 
-2050.241667 
-285.452672 
408.974806 
-647.854669 
1284.122518 
-4528.959373 
-5064.098821 
3821.167312 
1160.496391 
2622.701771 
-5262.446098 
6538.015770 
-2726.556489 
-1063.214883 
2349.517416 
1471.049371 
-1750.912943 
991.095617 
1662.787769 
-5934.828469 
-2582.019703 
2957.954608 
-5538.918204 
-298.467308 
-1626.251072 
-2819.852397 
-589.583278 
-2597.891294 
-1259.041513 
-1280.246072 
-2498.017567 
-5360.608168 
23.122037 
2401.086859 
616.576076 
1965.581350 
-809.677562 
-921.278720 
126.784691 
1558.260021 
-1773.801195 
-2599.966724 
1658.198077 
-474.211322 
1451.502242 
-2053.223368 
-1561.635596 
-3968.755501 
58.409978 
-2929.399122 
-2591.546779 
3537.317353 
-1323.744561 
552.430448 
538.261232 
-370.612180 
-517.923797 
228.407172 
4448.610023 
1680.840720 
1150.165437 
-297.039100 
-1894.461463 
425.097728 
85.491654 
2914.426373 
-101.116192 
1128.996942 
-3891.700574 
4047.553238 
-656.343921 
281.100566 
408.569099 
-3197.804106 
-3948.816357 
85.453631 
25.195791 
-1133.479224 
-2511.160244 
2606.423811 
-384.713761 
2966.684749 
-268.116135 
-620.983360 
2989.342134 
1647.359657 
1330.726791 
-7159.502544 
3375.431140 
455.059957 
-280.667595 
-2725.163181 
1606.028331 
-2544.509864 
1559.379738 
311.887229 
-376.292884 
-6654.049750 
-1402.470235 
-4172.019679 
-2742.854192 
-7479.469619 
-548.961301 
-1160.763519 
1557.080128 
-1696.980030 
-1642.365039 
85.504724 
3594.807374 
331.139191 
-1022.212873 
-123.622356 
-1272.876169 
-1272.960804 
1712.134437 
-1718.221250 
-436.701524 
-1741.928337 
1422.725191 
-335.833372 
2236.416379 
-1711.588073 
538.356734 
-907.252313 
-875.497298 
113.825284 
-3888.664090 
-566.758756 
-4707.211213 
1735.096667 
3934.342251 
557.707440 
-2439.100474 
-1576.803572 
1236.264770 
-1794.205312 
108.055407 
-485.199662 
-930.039808 
5856.210778 
-2120.582768 
1414.772787 
311.872391 
-1177.836803 
-2352.666683 
-1015.426874 
450.952608 
-1277.388644 
-870.053196 
-1246.542372 
-3831.723083 
-1306.759296 
-3147.489883 
-367.954668 
-520.990622 
-706.971870 
-2898.927115 
672.735636 
66.855038 
-5359.347044 
-3207.899637 
-1505.395740 
-2533.398606 
-2397.098728 
642.136834 
-2091.272432 
-1159.774005 
-1689.663132 
-1841.813849 
-1272.987402 
-14.506428 
-755.008246 
-367.389473 
-140.980413 
299.617672 
-4331.193148 
974.260855 
565.034028 
1940.886068 
-3492.470435 
85.444613 
-212.111307 
2009.914874 
-300.326478 
-1816.865489 
-1410.401575 
-3946.008277 
-5029.542681 
1222.060264 
-1124.326539 
-1925.464014 
-552.062172 
-31.679400 
-3620.580747 
-942.172279 
-1555.526192 
179.236459 
311.876892 
-990.688760 
-442.478692 
-1281.774726 
-5649.934948 
-1110.100970 
-51.749424 
425.061026 
311.841997 
-1996.074171 
425.070072 
2466.101930 
-377.607019 
-1238.738975 
1117.519283 
-4414.607032 
1803.136334 
-1838.994629 
-791.077137 
169.177460 
-1136.474312 
-6604.178434 
-1839.022531 
-1320.160247 
2457.614628 
-1180.484324 
-3843.432848 
-2161.278918 
952.026860 
-354.977527 
-1038.602113 
-1833.361579 
-1034.803977 
643.175589 
-1839.003553 
2856.180573 
1128.739052 
-1839.057491 
486.437390 
-1839.018151 
-5439.471928 
2253.539342 
6311.661284 
-1512.908104 
1611.297999 
594.731875 
-3392.279465 
-3571.943166 
4198.546386 
4671.622489 
2123.161095 
-405.546692 
-1734.453612 
-2879.557904 
6146.587203 
-105.930616 
567.926337 
-942.187365 
-5406.502902 
-235.643132 
-1272.974876 
1864.862287 
3046.415362 
2575.936473 
2800.984238 
3235.956467 
-7028.992264 
3795.929263 
3637.364169 
2552.958577 
629.379967 
-1734.878018 
-1764.959419 
-33.093713 
2060.412816 
-1487.081863 
-1777.282918 
1610.826254 
1645.156862 
3055.879689 
6311.606285 
3008.016629 
148.875389 
1711.359589 
2359.598846 
3989.679272 
6801.551750 
-2027.379604 
-722.964186 
-235.315834 
4500.359071 
-740.721692 
4782.380723 
3297.500365 
1884.799532 
-3140.848566 
3394.718724 
-2546.594565 
2575.903047 
3469.356631 
198.967036 
1021.784647 
373.113573 
3508.691978 
2413.668317 
871.146430 
4946.075564 
-3701.148864 
206.137807 
723.767807 
-1813.093110 
1283.193173 
-910.647650 
130.456165 
-596.678192 
1559.941418 
-870.215961 
3309.730492 
7032.350268 
-181.870330 
656.481381 
3198.045142 
2711.621773 
322.235516 
-4527.799287 
2688.545059 
111.878328 
-450.715866 
-1694.514163 
6764.439265 
-205.598484 
-280.022652 
-1541.662136 
213.748630 
3500.032997 
358.653597 
282.468140 
2123.097303 
-738.444924 
-361.704677 
614.567322 
387.820647 
-351.123727 
-120.835750 
1507.041648 
2154.278330 
3594.747406 
268.592844 
-1802.198243 
394.904669 
296.131123 
-116.806296 
1896.710998 
1212.992407 
61.140232 
435.136635 
3247.388308 
-1379.062758 
5858.823290 
2652.773452 
-590.665587 
-3846.362093 
1190.020070 
192.575244 
-367.361582 
-957.730408 
2349.491410 
2025.104824 
616.353661 
1113.570092 
3304.738512 
-944.450798 
2733.877312 
-496.267850 
-2773.767343 
-4238.418768 
-3207.139864 
-560.628118 
-1366.633424 
-6857.991853 
-272.995173 
1879.160828 
2965.757757 
1238.692822 
-1761.204391 
-1407.547892 
-55.628238 
-7100.069573 
-5835.334359 
-2606.089197 
-1888.924109 
-3484.071140 
-1265.390418 
2301.259675 
-1881.593041 
-2934.094843 
875.691272 
2271.912238 
3707.951125 
-1005.764034 
2189.977898 
-4055.192267 
2123.114237 
1055.540679 
-3762.659509 
2402.951082 
407.554878 
55.737848 
-137.545297 
-1219.084568 
-3407.058228 
2698.008133 
-100.270420 
-2429.582459 
151.608856 
-2061.048391 
3934.376404 
4330.574645 
2054.356812 
3539.453704 
-386.137640 
949.410961 
1901.746319 
-108.903706 
-5347.072024 
-558.114234 
-2234.227956 
84.816205 
-5299.505976 
455.481782 
-3297.767986 
-1357.365975 
1105.076785 
6271.713485 
2291.108069 
499.351034 
3821.143438 
949.597621 
2009.883052 
1781.461983 
-38.420268 
257.163647 
-2403.627102 
2208.988973 
3594.720829 
1645.477851 
-1666.646998 
2771.708817 
1301.200212 
2382.541056 
1171.993224 
-4097.497986 
-1877.016268 
1465.473698 
-2638.766646 
-421.964710 
4160.754478 
2199.518954 
-5567.173614 
-824.618441 
3431.108900 
-2909.767635 
1202.005252 
880.749922 
1394.290042 
-2480.416466 
-4484.664750 
560.733061 
1396.106236 
2019.885256 
-2087.208855 
-4701.300998 
-3181.272652 
351.408559 
636.402392 
-127.162950 
836.353164 
201.386832 
-3449.835885 
2384.818535 
1880.826462 
-526.208158 
3707.958197 
6990.853175 
-4529.891734 
226.953378 
-321.849295 
-2124.109766 
2772.094393 
1066.342193 
-5758.606233 
1705.174227 
-2474.212763 
-2564.829686 
-3114.759547 
813.987473 
922.165965 
3107.161647 
-3383.547023 
3821.166108 
1896.703872 
2009.907391 
1896.709183 
2541.263599 
-1360.330590 
-365.118907 
460.118868 
-1331.873849 
-2536.841555 
-1105.480444 
-945.143520 
4318.928253 
-4703.509033 
-3493.276646 
-426.272370 
-662.869639 
-5796.023693 
-1897.510735 
2335.854643 
635.436395 
-383.987677 
-3769.845873 
3594.748163 
-1011.321668 
386.617097 
132.900697 
6538.034937 
-690.491277 
-1475.612041 
3707.946533 
1015.651751 
366.799034 
991.080037 
334.506877 
-1313.578001 
-2481.012582 
1670.303237 
-441.396981 
2251.537692 
1837.391505 
-956.700270 
719.449833 
-1401.744328 
-324.026586 
-2308.791845 
-2022.356246 
1989.556551 
296.001370 
-22.441063 
842.876888 
-5751.799290 
-2775.813938 
-1587.343522 
701.747004 
-3001.526654 
-2528.801083 
-1647.981878 
-2475.016355 
-228.256914 
-1599.635822 
-1030.244625 
1573.326936 
-4946.867304 
-630.014788 
-2354.547962 
2139.037549 
3222.164647 
680.439613 
-979.121972 
311.855329 
-739.048630 
-226.437355 
1735.244663 
2450.236146 
-851.352959 
164.889948 
-1317.231855 
-706.175910 
198.655326 
311.859624 
115.311437 
-1330.621999 
-417.019593 
-1959.705346 
3368.346241 
-603.285692 
1141.680677 
1773.548231 
-430.470713 
870.937895 
311.861667 
470.087447 
-1319.053238 
-705.566951 
46.068246 
-1175.745563 
-1294.498413 
202.361948 
-1056.835828 
-4.083104 
623.940917 
2236.317314 
318.918696 
-3254.035224 
2428.025015 
352.171330 
-3240.152518 
853.161228 
-3722.518240 
1014.648496 
311.852867 
-1135.219522 
-2623.603172 
-510.273834 
-1361.775832 
-34.460767 
577.111882 
-515.649522 
-1601.924120 
1783.490441 
-785.226073 
-718.436601 
-1725.809378 
1330.680919 
-1098.375944 
-898.400605 
-2698.441316 
-140.976930 
311.850599 
3016.851820 
-1476.786300 
392.429744 
-2010.225461 
1015.711608 
1353.370987 
425.028223 
573.643839 
-140.994887 
-1596.793872 
1002.431119 
-1452.668299 
1071.664497 
783.271475 
-1269.432170 
-908.125151 
2123.046297 
1806.595888 
-352.598556 
-1152.878648 
1663.514572 
-2776.197742 
553.721987 
917.352483 
-269.287016 
935.782248 
-2434.308601 
1840.629391 
198.650711 
137.253831 
4173.965414 
-1766.564469 
1296.391557 
-2278.423452 
3141.088212 
1265.943839 
-27.038757 
-1322.612619 
-2339.802267 
1797.857279 
1292.228240 
425.069173 
-2648.364279 
556.483735 
1126.543357 
-6193.773240 
-449.619344 
-1924.950136 
-1981.032641 
-834.871835 
2128.775716 
-336.546589 
538.275116 
917.342310 
-434.240397 
425.082109 
-2878.245424 
-5076.058121 
425.059897 
425.064300 
-2392.471951 
-3851.469552 
-386.567649 
-1115.983923 
-417.159441 
-2236.408945 
311.860685 
-2210.303210 
425.064525 
-285.444978 
-494.273086 
438.954758 
-3260.569076 
-965.821979 
-731.380521 
-1723.082420 
-1249.185866 
968.524510 
-1181.850233 
-2366.384638 
-936.726430 
902.361601 
-331.395829 
-140.956619 
1535.453463 
-1256.634803 
-1610.779028 
1760.177596 
-409.517351 
572.839134 
-254.154130 
-1725.792581 
-2760.677003 
-933.377897 
-2779.252395 
-46.182214 
3661.491026 
-1627.143261 
-1879.087956 
-2595.894022 
-1838.997795 
715.938376 
2077.668087 
-1470.131495 
-4284.294090 
-1838.996584 
-855.331911 
-4078.250929 
-3097.679079 
-337.220908 
1190.967767 
-816.462979 
-2305.659993 
-2338.907991 
-189.808724 
-501.694751 
-57.872738 
-1838.989697 
1340.380272 
-2758.213753 
-1838.983404 
-1805.857957 
-1838.982986 
-3475.679496 
-2323.076292 
-1839.000002 
-1874.920880 
-1827.759908 
-1839.338197 
-1869.522979 
-1891.486903 
-1839.000001 
-1891.814549 
-1838.999998 
-1826.880837 
-1824.965212 
-1807.877972 
-1874.549572 
-1845.676655 
-1886.019033 
-1809.819892 
-1838.783624 
-1867.343474 
-1839.000000 
-1838.241120 
-1818.505599 
-1839.000000 
-1742.095601 
-1795.021346 
-1825.321437 
-1869.827383 
-1758.162125 
-1826.316959 
-1803.086891 
-1838.766019 
-1774.677436 
-1898.186158 
-1830.154436 
-1838.877961 
-1832.757806 
-1906.623671 
-1830.437548 
-1880.833821 
-1838.999999 
-1836.634748 
-1881.327284 
-1852.725166 
-1885.118225 
-1844.852056 
-1890.094987 
-1760.682685 
-1841.217427 
-1843.365140 
-1839.000003 
-1756.856721 
-1918.057325 
-1759.359503 
-1770.633136 
-1725.796874 
-1768.543005 
-1761.749572 
-1725.796876 
-1819.866125 
-1822.746457 
-1794.593027 
-1858.213500 
-1836.013352 
-1858.946104 
-1810.024899 
-1802.964496 
-1837.790494 
-1778.245560 
-1851.264896 
-1817.150795 
-1822.138575 
-1715.093347 
-1819.329508 
-1780.097946 
-1764.394921 
-1731.807736 
-1739.668853 
-1597.499997 
-1809.570387 
-1783.512978 
-1743.308485 
-1761.949008 
-1885.576987 
-1824.965218 
-1849.152938 
-1876.549655 
-1808.190568 
-1762.155276 
-1839.000000 
-1855.339639 
-1828.912512 
-1791.672487 
-1839.000000 
-1847.018321 
-1826.996531 
-1835.293616 
-1838.999998 
-1812.427995 
-1838.365595 
-1840.277285 
-1840.581308 
-1854.807589 
-1837.110882 
-1872.668541 
-1869.529560 
-1839.000000 
-1784.380292 
-1777.593224 
-1752.734402 
-1818.093056 
-1849.417993 
-1838.999999 
-1827.056524 
-1823.647054 
-1848.457020 
-1857.980757 
-1782.754162 
-1838.999999 
-1806.937663 
-1817.686140 
-1806.202287 
-1812.249222 
-1878.145129 
-1838.999999 
-1829.379788 
-1839.000000 
-1852.157613 
-1857.441089 
-1789.486364 
-1802.136031 
-1842.109876 
-1835.506342 
-1800.267287 
-1872.405124 
-1792.377247 
-1864.078853 
-1814.171742 
-1896.284783 
-1826.132661 
-1794.912239 
-1826.687410 
-1827.854746 
-1839.000000 
-1866.292464 
-1792.563627 
-1833.150805 
-1807.164222 
-1807.274471 
-1848.439256 
-1810.752594 
-1894.649626 
-1794.919657 
-1835.623966 
-1906.674523 
-1839.711449 
-1925.327268 
-1797.750835 
-1725.796876 
-1818.919827 
-1837.550179 
-1862.123259 
-1838.999999 
-1835.423167 
-1889.860125 
-1742.220380 
-1838.682938 
-1829.233130 
-1781.386106 
-1822.659171 
-1871.283426 
-1882.372818 
-1802.586078 
-1845.799174 
-1847.387403 
-1890.629964 
-1839.000002 
-1782.398434 
-1728.494093 
-1827.056527 
-1831.409049 
-1827.662621 
-1837.733254 
-1806.257778 
-1881.885583 
-1881.824461 
-1886.869414 
-1827.039489 
-1811.229996 
-1850.927016 
-1801.518565 
-1866.161113 
-1862.582192 
-1832.740636 
-1874.262154 
-1791.850307 
-1839.000001 
-1840.359210 
-1839.000000 
-1830.591498 
-1798.099624 
-1881.665664 
-1835.302800 
-1871.268035 
-1839.000003 
-1844.432342 
-1837.917324 
-1819.848945 
-1884.286965 
-1874.077609 
-1771.758805 
-1771.232216 
-1831.351146 
-1891.730472 
-1877.230962 
-1847.087475 
-1839.000001 
-1874.375204 
-1838.999998 
-1856.089063 
-1805.835744 
-1858.213501 
-1776.737047 
-1819.837178 
-1851.810709 
-1964.643346 
-1769.266532 
-1872.875852 
-1829.511895 
-1869.332578 
-1834.979605 
-1862.113562 
-1833.907179 
-1831.548368 
-1805.672281 
-1828.962444 
-1880.188606 
-1848.157231 
-1807.371567 
-1841.959362 
-1860.214638 
-1832.638445 
-1725.796876 
-1839.000000 
-1850.895721 
-1767.692984 
-1851.384075 
-1838.066960 
-1823.051565 
-1873.522930 
-1757.801300 
-1880.631537 
-1839.094044 
-1808.043313 
-1837.105399 
-1827.389931 
-1850.366916 
-1829.812526 
-1837.106734 
-1838.999998 
-1839.000000 
-1839.000000 
-1839.000000 
-1827.056524 
-1826.051712 
-1830.626423 
-1787.565759 
-1810.667933 
-1881.708630 
-1777.566258 
-1803.084529 
-1816.633778 
-1854.021467 
-1867.091624 
-1817.170955 
-1816.462100 
-1916.673395 
-1807.529942 
-1779.711534 
-1838.946118 
-1852.738381 
-1843.758219 
-1839.000002 
-1830.437547 
-1854.318415 
-1858.099527 
-1839.000000 
-1847.027299 
-1764.368225 
-1839.000000 
-1813.263834 
-1850.353088 
-1839.000002 
-1839.000001 
-1848.661349 
-1851.452525 
-1725.796877 
-1830.050625 
-1852.157613 
-1808.748718 
-1846.850229 
-1873.138051 
-1839.123448 
-1880.325320 
-1847.219948 
-1914.785511 
-1852.356099 
-1845.985906 
-1867.287495 
-1873.875059 
-1880.296077 
-1850.197008 
-1868.147603 
-1877.007960 
-1821.248347 
-1845.068832 
-1849.793233 
-1811.229710 
-1795.764164 
-1820.300529 
-1820.654396 
-1741.604462 
-1819.247005 
-1862.794265 
-1794.305788 
-1836.833567 
-1838.877961 
-1891.084148 
-1810.672730 
-1839.000000 
-1896.038405 
-1862.990645 
-1816.644749 
-1816.449893 
-1850.197007 
-1848.018946 
-1818.877204 
-1886.638396 
-1838.999998 
-1838.999999 
-1853.393386 
-1806.487412 
-1825.320813 
-1838.999997 
-1839.000000 
-1752.399570 
-1815.757785 
-1845.248321 
-1791.098451 
-1839.677518 
-1839.000000 
-1772.597185 
-1827.872135 
-1849.331550 
-1815.551072 
-1817.328824 
-1821.205537 
-1830.846856 
-1779.809898 
-1849.448673 
-1829.396164 
-1838.999998 
-1839.000000 
-1839.000000 
-1815.586743 
-1851.999793 
-1848.037236 
-1788.515999 
-1810.625898 
-1847.895098 
-1839.000000 
-1890.950618 
-1817.689804 
-1857.386271 
-1828.541883 
-1833.934729 
-1844.852060 
-1849.432372 
-1846.643572 
-1839.000000 
-1824.932412 
-1863.764759 
-1839.000001 
-1838.999999 
-1840.700609 
-1828.617444 
-1847.895097 
-1839.000001 
-1839.000000 
-1769.908624 
-1718.250001 
-1817.447042 
-1814.596263 
-1840.025188 
-1799.678436 
-1839.000001 
-1838.999999 
-1839.000000 
-1856.061678 
-1862.341232 
-1799.754392 
-1842.165031 
-1764.883758 
-1848.192981 
-1826.989962 
-1839.000002 
-1823.710428 
-1840.001803 
-1818.093059 
-1826.297958 
-1784.120216 
-1842.845272 
-1764.319152 
-1837.405680 
-1838.999998 
-1826.855541 
-1829.481625 
-1838.999999 
-1840.063041 
-1849.497196 
-1838.251773 
-1822.365868 
-1762.108791 
-1872.139959 
-1853.440126 
-1846.460539 
-1839.545680 
-1855.178758 
-1849.736077 
-1858.086842 
-1839.000000 
-1834.739753 
-1789.890813 
-1858.679954 
-1839.000002 
-1857.102260 
-1840.701897 
-1837.125987 
-1810.115727 
-1885.776749 
-1843.020262 
-1839.000001 
-1797.536595 
-1815.489809 
-1839.000001 
-1809.011787 
-1840.910513 
-1839.000001 
-1839.000000 
-1850.908165 
-1840.750692 
-1844.868155 
-1841.076305 
-1801.904363 
-1812.172943 
-1839.000001 
-1815.783038 
-1725.796876 
-1838.488426 
-1865.556817 
-1770.473387 
-1830.857637 
-1818.851529 
-1831.482822 
-1796.957863 
-1848.733644 
-1869.058441 
-1850.385433 
-1821.131231 
-1852.959900 
-1839.699726 
-1858.600259 
-1838.999999 
-1872.783285 
-1858.074015 
-1816.357890 
-1846.850227 
-1850.890352 
-1817.758783 
-1839.000000 
-1839.000000 
-1852.020190 
-1838.999999 
-1852.306379 
-1795.131606 
-1798.466405 
-1833.535201 
-1871.629354 
-1798.032179 
-1839.000000 
-1805.356334 
-1812.904597 
-1833.372637 
-1873.736139 
-1839.000001 
-1852.073658 
-1838.578626 
-1828.934927 
-1845.645873 
-1899.012505 
-1826.525271 
-1828.744222 
-1795.280851 
-1824.638986 
-1843.038378 
-1822.772884 
-1839.000000 
-1839.114413 
-1774.772959 
-1839.000000 
-1883.690643 
-1839.000001 
-1853.437972 
-1832.846351 
