-54.421886 
-44.338775 
-49.468328 
-53.813546 
-53.846834 
-50.092596 
-56.000004 
-67.165514 
-54.421878 
-54.890762 
-66.800841 
-35.302705 
-46.367647 
-43.100965 
-49.662732 
-46.319621 
-38.761227 
-44.931747 
-38.640707 
-34.831496 
-34.552063 
-38.640738 
-29.997774 
-34.003520 
-36.242344 
-45.951574 
-63.304912 
-62.868383 
-69.196802 
-86.662979 
-71.377404 
-67.969126 
-61.505341 
-70.516301 
-67.260211 
-56.913127 
-64.248103 
-49.369071 
-22.859451 
-29.930257 
-23.005018 
-14.915682 
-12.892273 
-12.303191 
-18.573469 
-11.566955 
-15.737431 
-15.369847 
-22.859488 
-25.202693 
-23.426185 
-30.697910 
-36.539406 
-40.120132 
-27.172380 
-28.434341 
-22.859431 
-19.233582 
-16.320496 
-15.828268 
-19.295068 
-13.628883 
-9.153783 
-13.649723 
-9.106288 
-18.090227 
-25.215599 
-46.167007 
-55.499828 
-51.902499 
-64.785643 
-60.415546 
-51.504193 
-57.465782 
-66.044973 
-62.674349 
-63.331166 
-47.534726 
-43.200843 
-20.760269 
-12.865067 
0.927236 
14.560034 
-28.078383 
-27.350720 
-33.118987 
-47.156579 
-54.421839 
-38.847552 
-39.723200 
-49.260351 
-30.750095 
-32.808782 
-39.081393 
-37.538904 
-22.859399 
-33.236026 
-48.699046 
-23.884883 
-23.320273 
-50.372682 
-45.163560 
-42.049744 
-54.670567 
-38.640449 
-41.099642 
-38.509378 
-53.492406 
-45.179721 
-45.455734 
-38.640800 
-33.123036 
-28.294380 
-22.337610 
-19.024557 
-20.157206 
-22.859777 
-27.557248 
-40.895781 
-43.519411 
-43.697396 
-42.635928 
-38.640915 
-44.993257 
-38.640697 
-28.514671 
-34.500961 
-28.172952 
-14.990103 
-12.891786 
-13.371091 
-12.080787 
-18.696642 
-7.385423 
12.950998 
3.966262 
1.812633 
4.378722 
-20.372559 
-17.248040 
-19.551171 
-40.120373 
-39.966511 
-46.160275 
-48.072749 
-48.469217 
-58.532100 
-67.344915 
-75.674584 
-73.122128 
-60.363070 
-60.907288 
-44.266920 
-42.704993 
-28.544184 
-31.603386 
-38.640497 
-48.164628 
-65.294409 
-77.806015 
-54.421892 
-72.216901 
-61.237455 
-54.368202 
-56.471842 
-48.526059 
-56.538967 
-57.439277 
-72.223361 
-64.760074 
-60.008472 
-59.334381 
-52.627543 
-29.550240 
-22.859529 
-11.023528 
-3.418722 
4.471325 
-5.318754 
-5.902915 
2.120865 
3.892530 
-0.173326 
12.847580 
15.271432 
-6.785282 
-3.261879 
-10.770428 
-34.776920 
-14.490500 
-21.168938 
-19.171316 
-25.790924 
-18.323092 
-30.750400 
-29.927509 
-22.859654 
-20.270179 
-16.616573 
4.743929 
22.546088 
25.598337 
24.484164 
17.630552 
0.879993 
-6.609224 
-20.921171 
-19.675911 
-25.274349 
-27.844887 
-22.652076 
-32.790298 
-9.460130 
-3.360504 
-7.078203 
-5.023207 
0.812327 
-24.683860 
-7.525184 
-19.294983 
-30.182297 
-31.656010 
-38.525855 
-33.924451 
-36.317088 
-53.765211 
-65.708107 
-66.838022 
-83.119154 
-85.451400 
-76.106851 
-77.870450 
-79.233335 
-69.862928 
-87.123252 
-84.560106 
-81.187133 
-61.966399 
-69.345372 
-53.245694 
-62.312308 
-70.202970 
-97.137385 
-83.216940 
-87.174472 
-84.063465 
-92.674377 
-55.484761 
-71.118439 
-60.520356 
-42.957861 
-63.977839 
-55.590885 
-40.976936 
-24.767809 
-25.349207 
-19.129201 
-22.859385 
-7.078081 
-22.859381 
-22.859391 
-49.956275 
-36.269270 
-50.368738 
-44.867052 
-49.642399 
-46.498143 
-51.962246 
-58.333892 
-45.477971 
-54.223235 
-54.167140 
-53.493804 
-70.701745 
-60.918534 
-67.730595 
-88.436570 
-70.897272 
-77.809912 
-72.862629 
-38.640814 
-38.998088 
-38.867598 
-38.574426 
-22.859649 
-15.127093 
-24.892806 
-7.078279 
-10.110756 
-0.659733 
-7.078294 
-5.500305 
5.176674 
-0.444551 
0.318948 
7.796979 
18.828843 
19.001090 
3.423641 
20.351402 
18.208955 
13.319420 
13.395214 
24.493972 
19.022082 
13.425583 
29.749470 
25.399881 
9.743240 
3.037020 
4.119800 
4.570628 
-12.510341 
-6.438698 
-4.785771 
-8.257674 
-0.148066 
-17.855689 
-15.981196 
-18.810120 
-40.917448 
-20.603253 
-15.168704 
-14.865557 
-3.182950 
-12.305837 
-3.233479 
-7.078157 
-7.939902 
-12.709172 
-31.455274 
-24.007386 
-28.525349 
-41.069068 
-25.725671 
-35.329651 
-7.078288 
-7.078288 
-1.489630 
-12.838499 
0.109642 
-5.500262 
0.812404 
0.564754 
10.537057 
8.242734 
-10.603269 
-15.462414 
-38.640720 
-54.880671 
-65.446159 
-73.720133 
-79.038126 
-80.205458 
-84.351842 
-74.246473 
-101.260518 
-88.592827 
-103.717250 
-117.547040 
-102.258608 
-124.944364 
-104.719422 
-94.231089 
-110.339775 
-84.856901 
-88.986712 
-76.882793 
-70.203288 
-75.538990 
-77.364283 
-86.965468 
-90.476168 
-88.095282 
-99.001047 
-76.666771 
-60.987383 
-70.202983 
-52.665337 
-61.727163 
-62.312736 
-54.421566 
-63.702142 
-50.355052 
-40.585529 
-46.531629 
-38.640615 
-39.457136 
-47.582980 
-36.087825 
-39.164761 
-32.906690 
-22.355922 
-30.750127 
-31.242309 
-38.639843 
-30.236235 
-51.323322 
-41.446524 
-34.039856 
-21.834913 
-17.507045 
-23.459773 
0.812784 
-30.767394 
-42.871067 
-28.346821 
-37.445541 
-62.614034 
-41.732444 
-47.474215 
-62.980823 
-53.527932 
-80.093684 
-80.598187 
-70.203395 
-70.480334 
-60.226860 
-43.307223 
-25.436321 
-16.226945 
10.668545 
-7.879555 
9.828254 
-7.662943 
-24.753859 
-1.412136 
-13.408576 
-7.078285 
-1.767232 
6.239783 
0.294460 
15.575909 
28.902618 
19.713437 
19.413734 
36.382509 
22.353090 
34.890651 
0.812360 
21.919620 
15.935312 
0.812225 
9.126596 
19.644602 
-14.969044 
-14.969003 
-24.010931 
-14.991916 
-10.043108 
-24.613872 
13.027269 
-28.989714 
-7.078402 
-9.599681 
0.812246 
2.839932 
-17.093875 
-1.192718 
2.358063 
-20.073766 
2.742448 
-7.338190 
-4.479072 
-2.180572 
-5.542223 
-2.983935 
-3.078233 
-16.798369 
-40.893846 
-46.531272 
-66.822289 
-89.314725 
-92.908448 
-107.044970 
-111.107863 
-103.300004 
-85.984405 
-70.203082 
-63.680241 
-38.640508 
-41.319410 
-15.846989 
-29.677543 
-16.287559 
-18.362358 
-31.735821 
-38.640526 
-27.734551 
-47.647296 
-41.787341 
-53.063494 
-62.805450 
-56.789819 
-49.435106 
-66.144764 
-70.341696 
-58.789475 
-61.063137 
-45.659722 
-40.555703 
-31.030389 
-46.385774 
-30.122264 
-46.531005 
-40.812630 
-52.885988 
-54.421761 
-39.218342 
-62.312044 
-52.519147 
-44.875183 
-54.422847 
-227.325223 
18.279814 
54.952591 
37.897723 
-97.214518 
-30.750329 
47.086676 
-22.859773 
-203.556323 
77.414368 
-203.554912 
23.988023 
-36.343197 
110.259279 
51.066290 
-42.520332 
-19.931955 
-54.422010 
1.477928 
-33.687262 
-54.422169 
-70.394062 
-19.641968 
6.964739 
-132.694912 
-296.299431 
0.625482 
-116.567939 
-10.384831 
28.078289 
-75.973806 
-78.007060 
-31.212374 
-44.614816 
181.677547 
-102.302874 
92.443546 
-38.638766 
-3.602529 
-127.196429 
-101.935504 
-135.681926 
-1.966948 
249.211907 
-29.840243 
-71.976384 
7.913802 
-38.637511 
6.817606 
-18.047799 
-13.386399 
69.813926 
-55.898632 
31.704735 
-54.150825 
-7.073694 
18.405451 
-59.417168 
-24.589361 
-35.883560 
-24.074582 
-20.712324 
113.903395 
122.359712 
36.156849 
188.767858 
-102.021185 
-28.840901 
33.665382 
148.830244 
42.630678 
24.132384 
187.273573 
-14.719358 
36.954798 
407.929953 
-40.124990 
-35.692824 
-64.559502 
171.658236 
50.284030 
-40.977139 
-35.929144 
188.311663 
76.095968 
83.491660 
379.564103 
-95.712370 
274.908458 
1.540481 
179.667299 
45.123032 
-86.819005 
200.244114 
276.984844 
-80.344107 
-29.694440 
135.676953 
50.439215 
-122.699172 
-87.971500 
18.143867 
-51.609872 
198.078204 
97.531230 
-207.939185 
143.694859 
89.629270 
30.671714 
56.047941 
236.289364 
-69.513107 
-33.243130 
-282.590997 
71.185839 
56.046929 
72.696554 
-271.794022 
-186.687560 
125.370642 
-12.966233 
48.153917 
-346.922561 
134.954466 
-195.279830 
18.814333 
-119.505178 
76.999572 
-34.928737 
-57.295870 
-232.519440 
-185.486762 
84.920599 
-27.197504 
-71.748361 
-154.682184 
-82.369394 
-9.343099 
-218.104779 
23.735350 
-6.584276 
116.923758 
-60.314209 
81.726076 
-435.319492 
-485.550010 
-151.882597 
-77.662547 
-1.089995 
-162.948353 
73.994356 
180.005305 
-84.634993 
-10.569794 
-108.039307 
56.045540 
-125.784269 
65.180261 
-460.558274 
276.983381 
-63.317435 
-124.940077 
46.222263 
-79.536257 
45.807449 
93.312269 
-413.503180 
-16.230241 
-128.183974 
-132.431243 
260.566397 
-86.179432 
145.530087 
-46.531147 
-7.078452 
170.874460 
-498.763746 
-136.143217 
-98.893739 
54.301919 
-27.780616 
-47.464857 
-136.690757 
1.615297 
-97.338558 
-303.799088 
-3.174327 
-87.300459 
-98.598193 
9.153224 
-72.850238 
-101.837380 
-120.860261 
-85.983321 
123.924234 
213.860594 
-402.025055 
-129.387391 
-183.990828 
-2.706003 
-117.097257 
40.267012 
103.265843 
-305.416505 
-174.675383 
-40.782671 
-204.214770 
-18.678979 
-168.053176 
-110.457802 
-299.909527 
-105.853738 
-133.731621 
24.485371 
-49.972885 
-98.609184 
-103.627365 
66.179047 
-106.900994 
-35.958590 
-168.119239 
15.268784 
-108.161189 
-92.357073 
-212.523602 
-64.157274 
-7.800239 
-289.919167 
-23.253588 
-53.810248 
53.402166 
-129.411154 
-113.648056 
14.763501 
-204.809480 
-71.908217 
234.879807 
-77.028720 
40.515918 
-70.205236 
40.264267 
-57.775863 
-290.224616 
120.365169 
-62.413857 
-210.043460 
254.895863 
-253.064032 
113.396535 
-165.646083 
69.725714 
-42.167935 
261.559664 
-285.613291 
29.370803 
-221.049911 
-54.424514 
221.748685 
-70.205046 
158.622330 
429.872616 
-301.686695 
149.772738 
-88.409312 
190.267459 
-225.082754 
-41.505180 
-42.794262 
153.537249 
-278.992312 
-3.590876 
74.906536 
-123.763438 
-153.592024 
-89.187314 
-47.116915 
54.328936 
-88.084125 
60.901362 
111.280417 
-110.721772 
-24.845695 
10.576226 
8.703025 
67.895383 
-298.459521 
205.969116 
60.952066 
-116.556634 
119.172203 
247.000604 
-164.695885 
-74.841417 
-387.306558 
-202.328088 
-147.933353 
-91.826712 
-65.849183 
135.591923 
-102.104785 
-50.419998 
123.240195 
217.679178 
-97.555865 
8.719145 
135.507560 
-183.002386 
59.024640 
121.322634 
131.797972 
28.155889 
-112.782897 
-235.800244 
-95.732193 
-29.378153 
83.410113 
-65.930522 
-36.844264 
-114.805378 
-184.312813 
34.128453 
-11.476264 
-17.073295 
111.871107 
-101.266621 
-72.599094 
182.299653 
-34.749853 
126.134005 
6.419738 
85.362292 
-281.098934 
107.850126 
-209.432698 
-96.995731 
-54.420349 
205.969319 
60.828220 
-235.720324 
93.914923 
-131.745397 
-54.420528 
-33.872030 
-10.170469 
-85.753550 
-324.773227 
-23.842211 
221.750465 
53.849905 
-110.895164 
-50.573064 
-41.738228 
-150.491887 
-39.254099 
-199.542662 
-44.478933 
-34.486220 
-140.866532 
158.625989 
-88.448347 
-62.802661 
-123.288395 
-103.492525 
-194.522752 
59.757967 
-155.457101 
103.148026 
253.314374 
80.204342 
-184.485667 
8.226776 
-40.160459 
-115.339716 
-280.269677 
-248.796691 
-46.097121 
95.500838 
-18.019291 
-51.030530 
-7.081441 
103.387895 
-5.012121 
-118.818004 
-176.705720 
-38.642681 
158.623424 
46.496509 
-207.499196 
-105.367513 
70.337304 
-26.875873 
-6.296287 
-85.986686 
-95.352200 
127.061952 
-34.665322 
14.508527 
49.129943 
76.207215 
-121.564502 
35.229073 
-26.548418 
8.698195 
28.584727 
-54.296481 
-78.702901 
-82.726665 
22.579268 
-257.762856 
132.811101 
-46.994844 
238.543169 
-192.611949 
37.231353 
79.718327 
-211.857828 
530.511763 
22.581104 
105.061036 
-349.271131 
-63.553822 
-56.792873 
-117.653127 
-40.925968 
-149.804201 
-147.866386 
135.995752 
-38.641589 
-164.775675 
-156.588902 
-73.656533 
-134.276634 
-61.875923 
-141.187634 
114.172969 
54.642025 
65.182009 
-21.145573 
-7.077696 
-30.695665 
-121.439630 
0.813312 
-214.283262 
-275.779624 
-14.967327 
-30.748489 
-216.121999 
-147.181088 
32.392150 
-120.999251 
-21.360389 
-250.685544 
-22.857423 
-114.313364 
0.813869 
-60.661985 
-86.200668 
-8.555236 
14.448841 
-423.966051 
48.043456 
-159.166290 
-82.324286 
-48.826047 
-195.615462 
-165.714301 
41.536623 
-317.238122 
-96.263367 
-7.077056 
7.197539 
47.483604 
-292.835486 
-184.209467 
-52.272871 
52.469336 
-14.968707 
-7.078333 
-157.334288 
79.718906 
-187.724436 
-126.794694 
-184.610659 
-160.704971 
45.699109 
8.323276 
8.702129 
-25.986095 
-135.906788 
-215.246900 
-193.146233 
-178.206349 
-56.626759 
70.346221 
-47.204821 
-26.397583 
-202.208793 
-101.648924 
-116.048708 
-230.901359 
-146.754893 
-61.075687 
15.830923 
8.702674 
17.025769 
-31.618820 
16.591509 
7.882785 
-157.001825 
-236.110569 
-40.320012 
71.828758 
-179.510275 
29.627483 
210.059439 
298.244914 
-317.575410 
-13.915817 
27.890861 
87.609856 
-327.678006 
135.509563 
-157.148196 
92.039013 
3.895111 
208.440479 
362.913799 
-11.727784 
121.178618 
174.406981 
-17.513868 
-176.625828 
347.998994 
3.948622 
166.702634 
-99.365294 
-25.617051 
-445.936909 
-96.652364 
79.346564 
-67.146323 
4.202868 
-83.222224 
100.698324 
104.175336 
-60.283646 
124.039506 
200.228649 
7.520284 
24.483167 
229.685423 
-104.854018 
-276.011407 
-111.189451 
83.730660 
432.618174 
169.742637 
-211.786942 
1.121160 
205.967293 
-78.534861 
403.567918 
129.134611 
138.157222 
46.675565 
41.115704 
-60.839029 
695.186580 
8.501621 
-8.995605 
-25.769793 
-67.588193 
-64.999360 
-159.194735 
117.631260 
83.101726 
-244.012605 
75.464002 
-68.579748 
125.199850 
98.240529 
85.260919 
-97.186486 
-88.399559 
-117.188691 
84.076758 
27.038167 
547.302357 
-161.247057 
-13.123717 
-70.876008 
208.474373 
293.425976 
178.151663 
-143.825130 
28.754236 
157.582556 
-68.457611 
379.560897 
-65.630641 
163.377405 
100.592194 
230.166014 
169.020129 
-62.064440 
-29.083941 
182.294301 
-181.075782 
135.665068 
43.153581 
198.994379 
-214.805580 
-116.737707 
94.861252 
-191.053008 
198.075589 
176.016582 
-402.066967 
287.247280 
-25.010019 
145.367588 
40.263835 
256.225445 
-174.800689 
-149.623471 
-333.299272 
19.593552 
71.827437 
140.644738 
-309.538797 
-238.066530 
155.828221 
50.032230 
142.843360 
-273.241942 
276.983778 
-186.618961 
-0.029070 
79.977468 
129.930462 
-167.492262 
141.375813 
-245.375204 
-247.078038 
8.639338 
15.270914 
-52.202861 
-142.690126 
-255.844112 
-255.154654 
-229.147779 
-30.915831 
-110.148546 
3.447116 
-453.069556 
-0.451825 
-556.172428 
-343.567649 
-241.260436 
-98.868143 
-125.827320 
-144.519485 
-24.859197 
189.087656 
-114.173806 
56.000592 
-188.885088 
71.829316 
-100.705822 
-24.282517 
-174.953637 
166.516567 
-145.059516 
-142.425996 
6.976650 
-75.024018 
-61.721407 
-13.024264 
-374.238909 
42.464377 
-133.826297 
-174.495616 
228.183594 
-147.174002 
-91.605869 
-62.313940 
20.538843 
157.603194 
-219.596723 
21.510291 
-230.935816 
-133.391426 
396.092608 
-104.351392 
27.580963 
-71.242557 
-84.934759 
-306.432264 
136.816952 
140.535997 
-23.541584 
207.829048 
39.346743 
-32.343765 
36.015826 
355.888974 
113.107478 
395.344308 
-497.295442 
-216.946454 
13.178580 
-46.083458 
28.162041 
205.969830 
-148.441896 
-492.498584 
2.755384 
-481.853060 
0.690305 
145.115977 
-148.139926 
-324.939327 
-172.633127 
-138.941362 
-77.733522 
253.315357 
-61.731257 
-198.553564 
-203.791076 
69.314027 
34.994396 
147.640659 
-93.644943 
-60.691321 
-52.765951 
-39.319758 
-164.333737 
-191.623336 
22.755130 
-360.267508 
15.597412 
158.495924 
-2.662683 
-193.206208 
-18.423076 
-0.362540 
-35.975643 
-80.259424 
73.535688 
-195.517672 
-9.175431 
103.390831 
348.000852 
-308.724398 
-159.065743 
-240.215560 
-118.616281 
-89.583506 
19.572452 
-504.593258 
51.375977 
-78.483755 
60.367270 
-44.019384 
228.747976 
-238.242689 
-41.360475 
-152.030873 
190.186132 
-62.314031 
174.405619 
71.826499 
222.559119 
-136.687830 
166.846445 
-79.891314 
234.849705 
-254.125154 
-235.049458 
-6.800849 
235.580381 
-354.430136 
12.787228 
125.678652 
-164.079621 
-354.582344 
-141.172656 
-192.823251 
12.692059 
-238.016450 
70.394694 
0.812472 
-111.187587 
-131.307135 
-198.663341 
190.187500 
-128.934014 
-271.399933 
-38.639823 
143.660802 
-87.025300 
332.219743 
-13.916247 
-139.048378 
-185.475333 
-324.181172 
-121.456027 
42.210841 
-85.979361 
-263.339414 
206.591775 
-41.486860 
-17.197539 
175.916071 
223.292606 
-236.460355 
61.281375 
120.154803 
-138.263118 
131.330633 
86.849264 
-93.675307 
57.933956 
-63.437821 
-127.201609 
-134.270007 
-97.235202 
76.223817 
-264.359849 
-166.447036 
-191.131366 
-368.342720 
197.829794 
-157.913682 
-43.283364 
53.675761 
-230.056206 
193.914008 
426.905613 
-514.645172 
131.912852 
-63.280433 
-77.107988 
-315.572124 
117.678743 
-225.016079 
-127.228435 
158.624981 
134.953374 
159.530048 
-123.966948 
48.076664 
-232.748242 
79.718506 
-188.842992 
-133.465948 
-61.672197 
-338.908903 
-85.677108 
48.156337 
59.078492 
7.623795 
-134.125148 
-324.521795 
43.408991 
100.864643 
-135.557156 
-94.710472 
-77.937282 
-207.333676 
-22.858530 
-57.875208 
-224.561983 
-30.332500 
-286.967531 
-182.589242 
97.091349 
-144.909217 
183.197559 
-7.076830 
-79.333950 
-320.661961 
-35.798788 
-36.664806 
-108.182133 
-419.654254 
-102.141001 
28.054351 
-7.078133 
-87.267456 
16.159546 
40.264695 
63.937544 
-117.161531 
30.552211 
-124.537641 
190.186760 
63.936918 
-39.353998 
-72.833482 
-221.127643 
156.274019 
119.494516 
20.179419 
32.373040 
-365.116372 
-101.767380 
-48.822481 
24.005965 
59.542512 
137.319849 
-193.316371 
-132.653189 
194.586311 
71.825951 
224.628971 
-151.121925 
-67.093128 
-329.717926 
26.546834 
-297.230267 
-94.448930 
-52.318580 
201.498427 
-101.045620 
209.396189 
16.592841 
-120.965860 
299.942876 
-32.264593 
100.483584 
-206.653877 
-131.432138 
29.298736 
-154.996743 
9.730544 
-59.057257 
-107.345297 
29.983475 
-38.641035 
-367.077285 
39.726700 
-153.736268 
-351.738474 
172.492931 
-110.842327 
41.635893 
31.377413 
44.019143 
-69.851500 
-14.968982 
-175.423728 
-362.768174 
-7.076434 
-198.000849 
-384.837631 
-14.968458 
-14.969072 
-183.774401 
-112.130331 
-214.826356 
-100.433428 
-23.625186 
-303.120169 
-70.202653 
-153.634464 
-62.312486 
-179.169188 
-83.560739 
-121.128025 
-23.769836 
-355.946892 
26.572597 
-386.655490 
-182.909001 
-80.964202 
-72.944788 
-222.356109 
-102.371369 
-285.834790 
-51.914231 
-78.094751 
-3.347725 
41.308830 
-307.175471 
-239.670425 
-0.530468 
176.374988 
-85.985568 
0.811700 
-117.955686 
-70.203572 
0.777192 
-121.818666 
-147.455207 
-190.258404 
-91.166187 
-18.306095 
-46.532061 
-51.019610 
-172.538563 
-177.720150 
-263.512360 
-134.315315 
-64.110758 
-123.918948 
-77.299732 
-253.669934 
-211.974996 
-123.756810 
-90.163409 
-175.107488 
-78.507778 
-131.220727 
-43.226054 
-46.529947 
-117.790369 
22.511465 
-156.999545 
-72.933235 
-156.998806 
-266.617104 
-32.430804 
229.640833 
-1.725158 
-226.286263 
168.415791 
-185.803236 
-251.081995 
45.000160 
-50.056274 
182.296822 
-301.429878 
98.259325 
-139.256912 
174.335257 
1.404576 
328.454457 
87.725106 
-134.952964 
-36.059281 
127.063566 
163.269418 
98.614431 
103.391513 
122.178373 
311.964536 
-258.295842 
-52.216028 
-111.412890 
256.371923 
218.588438 
115.416048 
248.048521 
-60.927688 
52.304641 
77.658924 
98.810013 
72.299029 
35.173808 
-244.839195 
182.300916 
258.052930 
85.081523 
10.655947 
122.025796 
29.275116 
425.764889 
293.057183 
195.609784 
-171.435804 
332.220888 
58.569792 
326.537852 
-146.443387 
159.611477 
-85.490476 
196.700795 
-83.914073 
229.641896 
43.806460 
-101.939372 
18.817086 
108.362438 
115.821546 
-156.585147 
-81.796282 
134.487754 
-144.700906 
146.499525 
-82.174974 
-258.945827 
247.032706 
-223.207087 
75.330132 
71.444356 
-57.814874 
-41.260993 
135.348762 
710.901464 
66.944181 
-26.127567 
-20.941070 
106.737730 
106.945148 
-77.935297 
-115.972822 
-112.057915 
-63.174171 
-68.679826 
158.623952 
-64.400121 
221.120582 
128.072563 
19.750501 
173.471080 
-127.128303 
-209.601008 
221.749617 
-136.241317 
69.969661 
80.046369 
2.431579 
142.814477 
-154.306273 
27.448414 
-115.600955 
371.674657 
294.507250 
-320.862510 
-151.035820 
78.395066 
-127.495601 
95.503967 
221.856673 
-79.262416 
103.983813 
-277.406289 
-149.574083 
119.168959 
-14.093622 
-251.552671 
-39.498867 
271.119887 
29.769892 
-117.547333 
31.991076 
395.342261 
45.572284 
-98.635040 
-123.119442 
183.555630 
-249.916839 
39.712511 
-26.511282 
87.508213 
91.074893 
-163.831727 
-90.670643 
-26.974179 
-373.092773 
-142.803335 
-56.052675 
-48.759930 
-17.433609 
-112.421245 
-220.850209 
181.409681 
-255.558542 
-259.888418 
-173.428937 
-173.351326 
146.471953 
129.605045 
247.581691 
-5.094692 
-173.189799 
3.759729 
-64.321874 
332.218962 
34.468449 
-170.934667 
-278.478969 
292.765068 
-42.327141 
-123.316978 
30.774001 
-12.312433 
-34.738789 
-11.066494 
-303.751749 
21.107051 
-27.670884 
-185.398228 
93.775181 
-183.806780 
-360.994149 
8.703089 
166.513589 
168.582500 
157.325600 
-166.664679 
-136.004203 
71.195049 
2.335984 
-341.497344 
34.913570 
-167.387701 
-122.340220 
-154.287675 
132.028959 
-18.709417 
-1.706164 
288.386241 
-60.893502 
-119.570980 
-109.841045 
276.987402 
37.546552 
348.000709 
-340.969559 
-70.661189 
-270.666491 
-114.796101 
-79.698003 
182.298204 
14.257416 
-723.408453 
-408.821625 
302.426795 
1.022785 
209.341744 
-216.406404 
73.760471 
-14.038139 
-35.446888 
-80.511100 
253.313090 
-65.048728 
-287.458720 
-215.996140 
88.202679 
-246.716831 
-143.214647 
-71.273830 
175.757079 
-73.391643 
-300.562517 
-41.842376 
-79.638487 
22.213102 
-220.290480 
51.616283 
69.086604 
135.336070 
-73.095557 
-61.518895 
-101.835125 
137.242109 
-258.833052 
-8.135449 
-187.667469 
-109.847158 
71.827217 
442.686843 
-357.394455 
-124.467264 
-137.828582 
8.344023 
-15.656055 
259.555455 
-520.655736 
56.921509 
-138.091823 
120.093072 
-205.381529 
172.213082 
-85.007242 
-39.890877 
-7.698402 
174.406547 
-46.531582 
221.750428 
87.609240 
-114.811716 
-116.468181 
155.513866 
-81.807722 
130.448722 
-173.509201 
-289.725169 
3.129478 
316.833072 
-17.275682 
-118.842534 
-96.835710 
21.037173 
-200.175155 
66.592579 
-229.027771 
-1.012018 
-187.896153 
-88.643042 
48.156793 
-208.910931 
-262.717506 
-97.082175 
190.188266 
-5.754366 
-223.881184 
-22.858443 
-8.071994 
-32.277858 
363.781218 
-22.331818 
-190.404588 
-207.126114 
-329.113575 
80.831514 
-96.460543 
-16.422218 
-126.466193 
43.215642 
-221.916770 
-72.194561 
-195.885799 
-14.569029 
-293.210388 
-83.879414 
93.054114 
-210.492859 
-168.045327 
-283.348540 
-10.272462 
-93.784977 
-49.201306 
-132.156543 
-112.080326 
29.810200 
-31.944841 
95.110196 
-62.261374 
-370.078420 
-362.701797 
54.510774 
-142.402681 
-166.850090 
18.737426 
-118.235900 
41.625671 
442.687175 
66.684716 
-28.268835 
-47.869175 
12.520909 
24.384799 
-42.225333 
-152.985882 
-197.637076 
174.405643 
95.499209 
-8.940872 
-154.187050 
-285.879295 
-249.582393 
127.062098 
-205.908420 
-63.803308 
-117.475123 
-16.856411 
-128.684319 
95.498995 
-62.692868 
-43.034362 
-44.491351 
-149.272979 
66.210885 
-103.035822 
-56.607269 
53.373850 
136.055235 
-44.031066 
-85.985117 
-149.112022 
-214.701099 
26.975476 
-130.080622 
-163.326733 
185.511316 
-90.135720 
78.208413 
-7.077109 
-47.090701 
-318.632387 
-29.324201 
-108.300672 
-147.575886 
-206.745391 
-84.299273 
48.724068 
-62.312283 
8.046117 
-78.188367 
-7.078781 
16.595771 
-100.997445 
-73.022005 
-263.189733 
190.186990 
63.935909 
104.877171 
-140.165519 
-227.963267 
27.809389 
82.366969 
-24.686182 
48.158360 
-12.994029 
-54.418660 
62.215209 
3.497327 
-34.392279 
158.079953 
-136.875098 
-231.668199 
51.822024 
32.373116 
-106.539456 
52.674762 
-14.186580 
-326.111003 
-199.766492 
52.525210 
-135.485058 
-122.703177 
35.667172 
-77.441149 
128.050832 
79.719540 
-320.198155 
83.573945 
-120.749034 
29.468888 
-154.562500 
40.862997 
-303.724748 
-366.678285 
-102.265347 
-14.254826 
58.861936 
-60.507932 
-22.859378 
-157.572050 
98.521645 
-69.550098 
-441.986651 
75.527973 
-281.312586 
-200.369626 
-77.627182 
16.300824 
-261.930525 
-30.752020 
-229.606046 
-184.393755 
-30.751272 
-321.281741 
-336.386000 
-46.531388 
-62.313022 
-212.984668 
-235.216407 
-120.848935 
34.169302 
-93.674436 
-246.889482 
-54.422210 
-128.307936 
-38.641562 
-74.173710 
-51.259378 
-69.396770 
-126.876274 
-197.109763 
-166.973351 
-98.293253 
-133.151190 
40.433422 
-93.871469 
-38.529409 
-186.619883 
-45.539884 
-62.058043 
-38.640765 
-154.095461 
15.884567 
-276.206769 
-118.575629 
149.839308 
-35.854258 
-22.859532 
95.500719 
-142.266533 
-14.967742 
-51.462491 
-173.080601 
-133.953982 
-91.341653 
-236.744115 
37.621804 
-70.202882 
-2.019972 
-27.087653 
-146.037414 
-296.980142 
-143.682938 
-151.071642 
-6.348715 
-233.121173 
-90.337444 
-48.630355 
36.969789 
-115.700108 
-235.907840 
60.470317 
-148.478627 
-42.604464 
-46.530652 
-132.378689 
-170.478151 
-156.998548 
-29.779843 
-156.999157 
-297.923863 
-386.126256 
316.438071 
-57.140809 
-47.638678 
165.913419 
-14.983434 
-235.100870 
-131.751728 
104.163688 
426.908289 
-154.624782 
118.591600 
-53.944679 
67.281678 
158.046623 
188.964237 
-4.048061 
-172.016398 
40.658696 
63.939363 
26.312775 
156.925094 
213.859967 
134.672622 
176.140434 
-245.443022 
-125.393471 
94.399296 
246.278714 
118.600928 
-316.160416 
-2.492812 
90.662341 
26.027972 
290.510030 
-357.054108 
38.309627 
-85.459055 
-119.351560 
521.598014 
293.619471 
-102.329266 
-144.139693 
-57.415476 
259.385996 
531.283253 
16.030658 
-255.929165 
-62.471493 
134.955744 
118.605813 
-44.028239 
-105.748278 
-112.788604 
-166.857174 
-114.508898 
168.836719 
166.516459 
169.620425 
-158.133445 
92.375312 
-206.691334 
-1.658899 
-243.510924 
90.786128 
154.726584 
-18.257510 
18.546506 
-101.569989 
161.590424 
334.761519 
-8.402929 
-21.111096 
-30.156428 
-102.815428 
-194.058641 
307.086124 
257.689830 
-70.546164 
-160.353172 
142.636737 
176.179249 
116.628812 
-110.342014 
-106.427717 
-127.766846 
202.418056 
-32.304017 
87.608290 
140.698650 
-9.072814 
-150.878590 
280.664792 
101.370048 
51.721169 
-78.469379 
182.295648 
-121.365961 
223.503265 
9.808793 
50.943148 
-373.416701 
-180.380637 
26.504611 
-52.003323 
553.159883 
86.812868 
-312.546831 
-20.344620 
-36.793482 
-102.584327 
87.612904 
-114.377349 
-167.772484 
-51.069322 
-191.467337 
-37.510343 
253.318632 
-45.751184 
-326.272973 
-330.843287 
-68.803846 
51.981039 
150.737209 
63.010071 
-7.073860 
-52.391889 
-39.784385 
-141.444549 
233.573068 
-324.006371 
-120.021753 
-153.709451 
-111.950914 
174.891190 
-137.102684 
-55.542680 
-253.365715 
-194.300411 
-71.856776 
-200.391054 
-29.508502 
-436.130453 
-68.597103 
-234.803096 
214.588735 
-223.607227 
-414.650342 
-132.199361 
-288.899158 
252.795680 
134.128973 
-165.526374 
-3.562396 
-210.493791 
26.939627 
40.732487 
-38.639227 
-8.173214 
-146.938547 
-122.588876 
269.093396 
-204.669375 
-291.278557 
-16.287875 
171.517964 
52.376900 
215.366694 
-413.805601 
-129.929607 
56.241293 
-123.868416 
45.260558 
-151.663603 
-360.786198 
134.952891 
186.242727 
305.701595 
-190.687477 
-120.605964 
-193.269396 
-62.202035 
-85.065544 
90.734101 
19.375170 
76.176283 
99.005195 
-17.431156 
137.601844 
-107.229349 
-63.610987 
-69.502935 
-18.372418 
222.576738 
-78.470945 
395.342518 
188.646630 
119.170703 
-272.051533 
-224.740407 
-225.523322 
-187.181116 
-40.732425 
229.640999 
51.766753 
-278.549721 
-227.268306 
-48.831698 
-64.479984 
98.442646 
-201.515814 
94.556910 
54.492830 
-381.841443 
87.130175 
237.531167 
146.429530 
97.078216 
-330.392893 
-165.294376 
53.696930 
-30.130887 
125.119218 
-117.787393 
-100.425836 
-169.954872 
-109.215239 
-21.677071 
-8.051244 
49.307897 
-22.596797 
136.502370 
-5.803480 
-138.436149 
-145.389321 
-125.440960 
-193.189521 
41.327000 
50.879060 
-134.572019 
-108.251100 
474.250116 
205.969321 
-232.617070 
-234.438781 
-99.052481 
50.118938 
310.643695 
32.578309 
-392.264969 
-67.269482 
110.149938 
-48.874716 
-65.014578 
64.846448 
-54.293202 
-80.595398 
-161.171603 
-54.420545 
-54.420994 
87.608940 
237.531908 
-114.373867 
-137.468401 
187.370238 
-105.590139 
76.296019 
-105.349734 
-159.493491 
29.192596 
175.135190 
-277.731665 
-94.908470 
51.228617 
32.859330 
-227.682133 
-103.350763 
-269.024193 
-133.710530 
-95.280942 
-33.665725 
-38.640394 
-194.879717 
-216.151558 
-91.884109 
-22.858480 
12.654017 
-785.130690 
24.486472 
293.089273 
118.645465 
182.298344 
112.336290 
-271.905966 
-22.654149 
-467.691241 
-55.852081 
-99.739371 
112.750725 
-6.406373 
-61.808464 
-256.949147 
201.318501 
-236.847583 
70.235748 
-86.712850 
-172.492363 
31.382970 
-108.080746 
-139.604133 
118.667045 
100.129531 
-57.871620 
-156.545370 
-120.570115 
-18.083801 
69.233975 
349.331903 
-109.555919 
-117.340080 
44.785968 
-243.225584 
165.336935 
-13.643977 
-80.077302 
-37.743452 
-26.668918 
325.494846 
300.658002 
-69.311535 
-77.273195 
-75.361553 
24.040202 
31.865494 
157.526650 
-61.751496 
-44.947109 
103.388823 
95.500115 
-12.757015 
19.216618 
-21.789271 
238.583591 
142.841887 
128.712916 
-168.406825 
-92.073567 
-13.198280 
-107.308996 
8.700055 
-20.617461 
-245.665751 
58.732160 
129.427403 
12.314022 
-15.267321 
-85.635521 
-277.265535 
141.675400 
-180.472692 
205.964467 
276.484418 
-453.888301 
135.571748 
22.086472 
-119.480793 
71.617520 
-328.248960 
158.007211 
158.624380 
-232.486288 
-157.288364 
-187.788917 
-77.521712 
-67.308768 
-517.921020 
-136.570762 
-137.109890 
24.483814 
-68.978017 
87.604041 
158.623281 
0.813850 
-106.936098 
33.966470 
-275.441348 
158.622375 
24.479144 
-41.677294 
-215.917610 
-67.024984 
68.918840 
-112.025531 
22.905762 
-85.982749 
-166.862533 
87.609586 
215.939906 
-204.406987 
51.503322 
-46.428803 
-65.647079 
-251.768987 
161.314306 
-393.716000 
154.366879 
-218.315344 
89.461232 
-56.069986 
-16.861592 
-8.945384 
89.726659 
-38.235584 
783.289395 
-162.985973 
205.900056 
-62.314462 
-136.413041 
-26.294357 
50.423466 
-25.159531 
-79.545227 
-114.911362 
-38.215730 
-127.447658 
-28.930599 
-252.084000 
-72.099709 
-51.984925 
-70.203922 
-189.833243 
-16.960985 
-33.144277 
22.354649 
-4.455790 
-111.893063 
-244.192136 
-119.103659 
-39.191806 
-84.047364 
-54.424255 
-74.865835 
-237.232351 
16.591780 
-177.448471 
102.300853 
-7.080082 
-7.079960 
-135.204119 
-347.031639 
-200.167496 
4.154047 
-174.472051 
-262.834484 
16.591528 
-125.925235 
8.701697 
-253.395618 
21.912064 
9.725522 
-62.918848 
-381.565446 
-280.863149 
-188.665029 
121.628210 
-0.910045 
-137.304783 
-1.717294 
-210.289264 
-63.635739 
-151.334539 
24.484627 
-149.399089 
111.754487 
-192.720513 
-124.767364 
-132.646306 
-115.670137 
79.719133 
-30.748629 
-494.005571 
-22.859199 
-370.210441 
-66.735950 
-220.848777 
-107.457434 
-241.023741 
-82.716054 
-14.968386 
82.253172 
-180.702510 
-138.888694 
-131.542639 
-156.012837 
-50.076969 
-147.925961 
-197.141615 
-86.647534 
-96.538353 
-188.187416 
-76.106167 
-220.656619 
245.642187 
-320.237442 
24.038057 
-156.999637 
-150.445280 
-158.838556 
-157.000557 
-56.611832 
-157.001741 
-316.087179 
-193.745355 
292.769280 
-130.070520 
-161.657461 
225.047309 
-150.042357 
-245.980492 
-156.997068 
-88.301162 
348.004254 
-341.323196 
84.462543 
-137.311426 
-55.709430 
-123.342266 
425.497471 
73.194793 
-215.829972 
83.875294 
63.939542 
-36.694394 
217.325982 
119.174008 
-17.438801 
108.015020 
-263.150219 
-135.135988 
226.318449 
239.765502 
26.593528 
-232.739708 
-126.668883 
-120.497397 
101.016710 
40.233513 
-246.557023 
57.664950 
-95.905736 
-215.013448 
347.999337 
259.567625 
-132.863108 
-17.791691 
49.302082 
76.878600 
409.434645 
-20.944688 
-255.579698 
-169.819147 
8.703039 
9.947418 
37.872907 
-15.314709 
-93.368987 
-81.546788 
-194.704477 
24.408722 
134.951929 
18.756199 
-270.232299 
-59.248894 
-263.319239 
-87.809047 
-160.514605 
-23.588258 
14.752040 
-255.101277 
-167.267312 
-288.494140 
245.892868 
147.297040 
-19.332897 
11.460240 
-154.046694 
-101.814736 
61.055878 
270.780787 
-69.514555 
-30.816554 
6.043351 
-112.856297 
65.318206 
41.691408 
-137.743038 
-364.491219 
-118.856760 
-62.500961 
20.356888 
261.203047 
-107.146103 
-1.751372 
-225.637520 
247.000181 
140.003692 
-62.729976 
120.315254 
150.733253 
-67.194195 
-78.224229 
115.023927 
-245.866636 
-79.310151 
-98.189122 
96.973132 
78.986777 
411.124434 
29.879549 
-241.422571 
174.344157 
25.633762 
-77.398952 
553.156820 
44.718146 
89.436911 
107.761644 
-62.029522 
73.563448 
71.826993 
243.641491 
-161.992844 
-108.430128 
26.110857 
32.067068 
458.464723 
-249.979221 
87.605502 
-122.978569 
174.286180 
7.422144 
231.514370 
28.692744 
-25.340084 
51.311045 
109.708969 
175.391026 
-76.162848 
-289.592703 
46.307286 
-186.512136 
-41.946097 
-83.183195 
147.451327 
-385.827499 
27.503331 
-162.179062 
28.580256 
-218.621577 
-188.482364 
153.426116 
-180.536797 
303.041059 
-134.964759 
-66.359499 
-85.155704 
-135.645549 
123.435930 
-33.644317 
182.297629 
25.861810 
-31.584533 
-166.683258 
79.718656 
-128.939672 
-214.496020 
6.183187 
131.865715 
28.762789 
88.450249 
54.533186 
-250.715014 
-47.897867 
-151.726498 
-133.703747 
100.358203 
-432.454656 
127.061943 
178.347961 
-32.506070 
-269.502986 
-129.988155 
-208.099185 
-163.954674 
-7.122922 
-168.333353 
-113.982269 
-46.305147 
16.596023 
-79.909463 
-63.609826 
-123.616246 
2.871559 
-59.078044 
119.181803 
236.986743 
-66.420930 
253.312762 
198.860303 
205.968696 
-381.329185 
-317.748846 
-169.434389 
4.076815 
24.612777 
332.219027 
79.835013 
-575.418678 
-265.905693 
-40.461833 
-45.190866 
-44.651874 
-149.744902 
-133.209550 
131.849825 
-88.169129 
-114.490823 
56.047425 
244.362801 
171.251645 
-257.604427 
-225.539949 
60.198753 
127.708057 
113.592994 
-0.068097 
-195.519776 
-291.350770 
-32.578731 
78.257884 
0.919298 
-12.383531 
39.721238 
-31.843958 
-151.226295 
-38.908596 
-90.240385 
-4.061210 
-208.963429 
-133.886568 
13.782752 
-189.281083 
-105.887905 
245.423742 
261.205087 
-241.901619 
-364.639819 
69.791829 
-222.722598 
-22.245583 
-125.510417 
-372.212006 
98.546694 
76.096260 
93.110327 
-169.970053 
166.949127 
331.483728 
92.564124 
-234.966682 
-38.640292 
205.969665 
332.220080 
87.611724 
44.719456 
-136.447406 
245.691060 
56.182498 
-31.157203 
-208.472501 
-25.945999 
-14.605269 
173.005023 
-148.125621 
-254.212340 
-1.733657 
-242.671559 
-333.473714 
-19.694630 
-110.790865 
102.253310 
-100.280100 
-428.069125 
-38.638396 
89.264115 
-44.504248 
-193.350006 
71.829619 
-9.119136 
-467.201798 
458.469430 
86.849753 
-13.676342 
269.096649 
-13.914087 
-172.930616 
-194.138810 
-89.929253 
-314.919158 
-99.303131 
12.036097 
-187.332986 
-122.489721 
-306.200745 
-118.741860 
-148.847228 
-129.192072 
-84.639594 
-44.051216 
79.056238 
171.017962 
218.884698 
-93.610506 
-107.924799 
49.594296 
50.024350 
-97.347268 
-223.230408 
7.664163 
138.810202 
65.128804 
-9.865808 
-213.449386 
-166.374370 
14.098310 
-184.187473 
-78.127142 
90.735425 
73.789890 
95.668896 
-22.857802 
-80.977072 
-95.551686 
-43.226700 
113.929280 
-14.702953 
64.305469 
-183.234556 
-124.246326 
79.721079 
-30.748633 
-143.426727 
42.947909 
-50.790188 
-98.080398 
-7.076084 
188.090042 
-28.299796 
72.379064 
-135.687794 
-27.646265 
253.314156 
-75.274007 
-172.554770 
-121.358831 
196.148227 
-46.369916 
-10.365101 
71.936791 
-103.047678 
157.265773 
49.801126 
-7.076979 
-562.381977 
-259.576245 
88.507239 
-20.341873 
-213.668048 
55.702817 
-309.381513 
-101.379682 
-30.750243 
-222.151425 
-134.419392 
51.801376 
-111.281343 
-75.965271 
-436.539508 
-112.797794 
-24.440564 
71.825486 
-24.750316 
-94.071761 
-30.751643 
-22.862555 
69.938258 
-52.856413 
-141.891626 
-30.752340 
-46.531607 
-158.544360 
-56.002946 
-44.892424 
-125.983747 
9.336235 
-110.295841 
71.826493 
-127.413981 
111.280318 
131.275838 
-131.936033 
-30.593886 
2.632861 
-142.433200 
-160.302590 
58.843174 
182.292533 
-31.195961 
-32.010987 
-109.032877 
-167.093923 
-35.143618 
-62.831050 
-263.607785 
-6.788673 
594.088482 
-228.437591 
140.100671 
-62.313528 
-229.579384 
76.016518 
-161.656412 
24.873212 
-275.576885 
-34.753871 
-212.755269 
-275.904246 
-67.442087 
-170.831481 
-46.496112 
-47.831709 
-62.311398 
-164.147417 
-66.732489 
17.007342 
108.170089 
-76.716216 
-174.399655 
-116.345283 
-184.119336 
51.727499 
-68.104172 
-54.421157 
27.038590 
-259.578075 
-38.640320 
-85.378340 
-80.489474 
-7.078030 
0.812515 
-364.468886 
-302.446189 
81.190061 
22.594256 
-47.148640 
-230.004379 
0.812516 
4.939671 
-7.078139 
-154.164663 
0.653671 
-88.515615 
-214.813630 
-132.657504 
-40.911717 
-199.200092 
13.643075 
-27.604775 
-172.788486 
-157.691567 
-156.066928 
-169.526183 
-44.159671 
95.498866 
-120.754381 
-214.613380 
-180.115939 
-45.303908 
-87.093069 
-94.556313 
-30.751684 
-38.641135 
-383.417459 
-30.750662 
226.004866 
-163.790728 
-275.197389 
-215.932752 
-142.685739 
76.452612 
-157.000051 
-13.821641 
-65.082682 
-183.578485 
-191.415391 
-46.529907 
-179.721770 
77.518044 
-165.908120 
-260.893572 
-154.028976 
76.946152 
-11.484875 
-165.173892 
-112.539042 
-309.174391 
58.085177 
-156.997415 
-18.388962 
124.060890 
-156.998527 
-125.274168 
-156.996786 
-210.194587 
-38.490062 
276.985975 
-243.385555 
-128.594274 
213.759951 
-18.913693 
-219.641134 
-30.749223 
22.421909 
71.831409 
-241.780231 
-15.840692 
99.464839 
-101.736861 
23.805947 
319.316361 
204.211657 
-32.357459 
52.966238 
63.936868 
158.128002 
110.169277 
237.532959 
188.075914 
35.562715 
-430.609532 
-120.368912 
298.669834 
218.515475 
105.828634 
61.986438 
-67.637843 
19.228905 
131.392464 
-14.872037 
-91.584862 
19.307987 
-28.074611 
72.983257 
134.953659 
174.681088 
156.646091 
-31.066557 
-7.891739 
105.190914 
364.922433 
202.953103 
-73.417872 
-170.156430 
379.562566 
-39.619347 
279.633767 
-51.787946 
165.753206 
-106.203307 
355.044716 
-189.640524 
237.531091 
73.231888 
-115.908178 
64.917821 
-99.734352 
-90.256978 
27.807690 
-110.926754 
132.085401 
-205.978874 
-251.657898 
-79.067318 
163.845591 
43.005051 
-29.048143 
-92.528149 
-167.828509 
24.043047 
-1.098955 
438.513166 
609.046324 
-251.034146 
9.191881 
113.754462 
-25.218857 
44.868259 
-18.650634 
-280.129488 
-192.383201 
-85.092487 
-22.592819 
276.985001 
37.217625 
35.505462 
61.042798 
145.998381 
176.002438 
-113.262405 
-125.453695 
213.854960 
-188.143735 
-249.112488 
314.309690 
-103.283916 
-28.882899 
216.004889 
-48.323756 
-68.919132 
316.439221 
94.258575 
-317.509414 
74.893741 
-89.145018 
-154.609565 
490.026715 
122.698408 
-130.515887 
104.400019 
11.126342 
160.564627 
40.264425 
178.878053 
-232.506451 
-215.306199 
30.492552 
-70.736414 
363.782615 
-256.664457 
56.044105 
26.290685 
161.308585 
61.446549 
144.319632 
-95.299964 
58.733356 
-73.768014 
28.446671 
-100.316740 
-80.276609 
-304.656237 
-66.228520 
-81.482508 
-289.563175 
91.037110 
89.698620 
-48.010950 
-23.259253 
-147.100214 
62.020176 
-196.688809 
-337.381364 
-119.355659 
22.420983 
-0.625711 
-272.137862 
78.664166 
-18.630229 
131.474627 
-11.385495 
265.685122 
166.515852 
-131.389076 
-4.922644 
-126.836042 
56.046816 
-313.439532 
-282.602595 
218.829173 
-157.396730 
93.253181 
23.646045 
35.139952 
-227.943502 
-100.632697 
-109.603412 
-36.821924 
197.919714 
-452.837043 
182.299739 
205.968363 
53.052281 
142.901360 
14.789849 
182.226998 
-35.949270 
102.887985 
-143.862581 
-108.784657 
-213.832649 
-150.923604 
-22.099236 
-81.515855 
-8.756041 
-4.773734 
282.873431 
288.963229 
16.758553 
262.489094 
103.389956 
118.630271 
142.844382 
-339.623883 
-269.908502 
-54.611417 
-190.352763 
298.131404 
253.312193 
13.502939 
-417.592874 
136.233125 
-162.597896 
89.906243 
110.210442 
-284.828837 
-290.748576 
2.939438 
-73.776990 
28.836280 
150.736364 
146.344903 
-283.771130 
51.128336 
126.743242 
-194.421044 
125.146208 
-32.098651 
-54.766867 
-223.752435 
-62.888817 
-21.112411 
-96.855897 
28.744329 
-176.205240 
-102.269073 
-166.923430 
-80.057331 
83.148671 
-120.776096 
50.956091 
-225.046812 
-246.339739 
15.000411 
173.426541 
-95.690017 
324.330077 
379.565527 
-252.718051 
-183.852190 
-22.815427 
-304.390482 
-34.780556 
-50.998116 
-457.077626 
-2.077648 
-156.095036 
-64.345753 
-107.201462 
32.829210 
143.117757 
16.112785 
-170.692304 
111.282178 
87.609325 
8.702150 
119.170287 
181.616568 
-94.140677 
333.722400 
73.925684 
-42.370226 
-385.571069 
-217.515373 
17.564887 
79.455094 
-193.397779 
-168.995640 
-227.998299 
-143.326267 
-227.599362 
1.969833 
-95.342797 
-40.025342 
-239.118127 
-396.549632 
174.406518 
22.422232 
171.321914 
-266.015606 
363.780004 
-159.506668 
-64.540276 
253.311083 
79.696659 
-173.798454 
71.827445 
19.746768 
-292.977731 
-256.691875 
156.648538 
-402.476592 
-76.286799 
-141.810301 
-285.645204 
-67.294108 
-221.709156 
-158.475382 
-123.766538 
-197.021993 
-360.864720 
-16.085810 
59.756168 
-18.907471 
35.101651 
-135.158267 
-64.064258 
4.974311 
-28.410682 
-119.298230 
-256.720013 
-57.423762 
-99.523772 
40.076270 
-87.413767 
-131.458793 
-255.257440 
5.077088 
-165.418616 
-253.649286 
170.294564 
-130.809233 
-128.452071 
-7.078173 
-253.898457 
-9.033934 
-78.086535 
99.657183 
-72.032563 
23.225790 
-187.353575 
-96.990575 
-62.314099 
-70.203554 
78.563038 
-92.924852 
-80.324962 
-283.254612 
142.842753 
-123.997698 
-70.321393 
-85.339840 
-291.225965 
-341.806837 
-85.986262 
-4.296458 
-182.967827 
-232.766311 
73.011730 
-63.600249 
-20.034815 
20.312973 
-58.078703 
53.598245 
56.385964 
95.498195 
-471.640300 
184.761398 
-61.930138 
-137.543900 
-182.119692 
56.715978 
-278.601945 
23.336047 
-38.643481 
-128.087364 
-398.598165 
-92.488076 
-261.780403 
-200.297107 
-336.586782 
-36.089879 
-204.873642 
111.278661 
-89.984198 
-154.413544 
-38.641968 
190.185601 
15.640467 
-41.767897 
-112.383684 
-22.859691 
-7.081288 
61.007697 
-148.580229 
-60.589859 
-256.177039 
27.712049 
21.326037 
79.719655 
-143.192501 
-46.533919 
-213.409872 
-111.932286 
47.377769 
-228.017524 
-53.457100 
-264.614799 
-71.357880 
182.298330 
-1.399723 
-171.710471 
-223.808907 
15.126002 
-98.152037 
19.473331 
-48.076086 
-145.258734 
182.693416 
-242.653849 
61.009253 
-22.858819 
-159.324423 
140.138319 
-198.745554 
-2.152158 
-205.908920 
-32.745137 
-85.542047 
-173.352537 
-64.687715 
-157.650879 
-49.890114 
0.242800 
0.812624 
-232.936320 
-33.488641 
40.501425 
-575.324547 
-112.643105 
-137.084010 
-211.778309 
-46.715945 
-80.308934 
-184.727698 
-14.970069 
-165.034439 
-229.297899 
-62.314779 
-19.717923 
-182.259143 
-78.095276 
-78.094960 
-37.914513 
-284.154093 
-85.872067 
126.898691 
-17.100666 
-219.582772 
-70.204253 
-48.956771 
48.155129 
-101.511157 
-33.843933 
-84.105959 
-286.559801 
-296.395240 
-19.426153 
-65.420989 
-138.780993 
-61.582782 
-67.883698 
-183.665903 
-59.822081 
-221.029884 
23.992155 
-70.203274 
-167.627832 
-127.022318 
-124.811491 
-254.082694 
-67.170817 
-17.043095 
-46.531273 
-62.311985 
-194.870170 
-62.312438 
168.303777 
-10.247620 
-30.129345 
-87.314759 
-197.894468 
98.205059 
-157.000063 
-76.694722 
-50.673556 
-148.264401 
-376.305066 
-156.997490 
-139.202786 
60.328122 
-107.493686 
-252.719262 
-203.316948 
-74.964347 
-117.871979 
-164.899618 
-188.628561 
-49.496391 
-74.968293 
-156.997599 
167.412756 
-33.770246 
-156.998897 
9.923750 
-156.997786 
-350.086272 
-47.807029 
379.558660 
-244.100675 
80.485021 
6.639270 
-240.760132 
-277.455509 
11.330610 
253.214936 
71.823879 
-111.895198 
-241.277982 
-279.208875 
287.130013 
-55.776739 
105.582773 
-13.561118 
-385.994230 
-46.580318 
-38.643629 
149.609017 
202.440282 
119.169842 
307.012633 
181.978623 
-601.419279 
303.014519 
153.698023 
78.825771 
41.023247 
-80.750926 
-106.303157 
-23.824487 
203.716014 
-192.214513 
-76.680010 
102.732155 
86.561053 
294.543879 
284.871449 
115.016508 
-56.934661 
116.274008 
53.633466 
146.446998 
253.836677 
-230.889749 
14.075386 
-136.545104 
316.437711 
-132.355219 
349.506835 
178.070124 
1.905762 
-297.059115 
256.758267 
-205.352688 
56.049561 
112.199873 
38.475557 
40.549608 
-4.758584 
111.838264 
79.924478 
-45.945633 
183.418180 
-249.031881 
-37.086057 
-12.446836 
-88.876443 
73.896406 
2.372590 
-120.848662 
-18.615084 
66.249372 
-107.373845 
166.921088 
799.214142 
-70.538939 
25.882132 
145.365816 
160.420485 
-3.031450 
-86.964157 
124.966891 
30.158532 
-64.899644 
-129.156639 
584.717747 
64.675375 
-50.252702 
-104.562510 
-30.749436 
296.952949 
-15.455593 
-89.374464 
253.315005 
-23.803185 
-71.188850 
137.755520 
-11.437779 
5.287361 
-81.341100 
115.004816 
-2.894761 
142.841866 
-1.529183 
-203.512251 
-39.249421 
13.167877 
66.365481 
119.167918 
-36.963302 
17.118923 
-12.464917 
207.382963 
-16.923169 
229.644346 
76.639008 
-13.876962 
-132.945472 
54.818771 
-88.545871 
-7.077804 
-31.965312 
340.109203 
119.272447 
77.390919 
-83.922264 
139.188473 
-127.089906 
78.131246 
-119.986608 
-247.011478 
-246.099844 
-205.666792 
-96.268606 
-87.175801 
-413.202204 
-33.192067 
-83.775946 
206.640748 
23.006742 
-107.411252 
-95.971998 
11.342265 
-385.309277 
-293.209461 
-138.166434 
-129.002007 
-259.312799 
-190.124086 
52.472394 
-201.044220 
-247.183588 
-7.716240 
59.120390 
348.000879 
-129.264418 
182.160644 
-257.533729 
150.737073 
5.808562 
-280.740599 
85.784631 
-81.581986 
-137.574696 
-12.094583 
-149.861909 
-347.027835 
75.448420 
-10.176061 
-137.999749 
7.283270 
-100.733735 
253.312732 
209.914804 
77.582007 
163.355144 
-16.676073 
-10.890547 
173.163368 
91.207191 
-355.766985 
-66.696372 
-211.360803 
84.240380 
-287.232224 
-5.475461 
-261.084456 
-43.543056 
32.723004 
300.443366 
123.242398 
-24.117230 
95.499629 
-33.085377 
63.935917 
40.715206 
-112.909153 
-120.746660 
-191.155716 
117.205993 
142.842862 
105.164022 
-354.671592 
79.603530 
15.229253 
158.734291 
69.761515 
-325.705583 
-101.816963 
19.422072 
-144.981660 
-108.548787 
150.732360 
133.473234 
-205.394739 
-92.899094 
154.587275 
-154.680906 
14.572888 
28.656042 
127.763499 
-239.466263 
-271.883239 
-61.338931 
-15.339661 
-0.716776 
-195.234702 
-360.864434 
-252.859224 
-125.805441 
105.218112 
-9.766593 
-8.809006 
-6.479344 
-368.481632 
-46.021611 
38.262944 
-163.411282 
150.732840 
269.092831 
-397.993553 
-141.302878 
-23.668191 
-256.830110 
108.355641 
68.386898 
-330.430474 
60.216073 
-218.822401 
-154.751473 
-267.236563 
65.186214 
8.092261 
103.248018 
-332.503653 
221.746610 
103.387039 
87.608111 
150.732094 
21.949546 
-108.005551 
-74.448943 
-78.656857 
-76.867546 
-252.382653 
-49.798972 
-142.185077 
287.657036 
-380.939593 
-154.468211 
-101.036599 
-92.612170 
-311.494461 
-128.722272 
88.324782 
-30.898905 
-97.169256 
-288.506202 
174.405491 
-115.439825 
43.979812 
-3.479163 
458.466274 
-93.388455 
-293.783978 
182.294747 
-14.248868 
6.078622 
71.827666 
103.918803 
-159.459153 
-298.378559 
82.677027 
-97.579983 
198.178649 
122.495032 
18.105591 
-65.818998 
-150.061926 
8.719770 
-203.504316 
-279.948012 
55.630414 
-4.761576 
-21.953472 
-41.915545 
-382.845566 
-103.830982 
26.171016 
-7.605364 
-170.985455 
-112.443978 
-131.047186 
-184.135908 
16.388818 
-135.034704 
-109.645611 
-49.945981 
-336.008857 
-39.033592 
-202.383761 
40.093342 
304.371466 
91.257772 
-74.663500 
-7.077316 
-111.184623 
-8.858955 
86.578838 
141.036406 
-1.251335 
1.956115 
-211.204120 
-177.666424 
0.811571 
8.703149 
19.060517 
-178.855748 
-63.178544 
-367.412154 
237.530709 
-103.398112 
-11.887683 
70.026023 
-116.067400 
-64.387619 
-22.861251 
18.523615 
-141.471205 
-137.957597 
-61.015773 
-42.441309 
-69.366505 
-31.387919 
-190.267955 
22.870078 
-21.843436 
63.937841 
-100.283366 
-200.400285 
181.988078 
-20.468102 
-243.028755 
14.355066 
-272.070614 
-13.635644 
-70.202190 
-6.313346 
-179.793970 
-100.709858 
-201.887838 
-29.966555 
31.871996 
-15.932631 
-187.962062 
63.934435 
-72.609017 
-57.199236 
-22.861752 
237.529980 
-133.458400 
-56.221031 
-230.895970 
0.812613 
-14.964384 
180.905442 
-148.582725 
69.390024 
-158.594095 
44.755268 
94.753500 
158.623186 
-47.023808 
-14.971938 
-171.688157 
33.297763 
-91.622920 
120.057095 
15.181753 
-195.002925 
-179.352802 
269.092006 
159.683936 
-34.976674 
-155.169903 
113.145581 
-239.170129 
37.973773 
71.534939 
57.643941 
-25.914508 
-219.374692 
-50.484920 
-101.767110 
-41.589487 
80.246392 
-168.242593 
-3.497289 
-228.810311 
101.116644 
62.335727 
-85.897797 
-67.629569 
-148.178836 
71.694424 
-36.526917 
-7.077777 
-191.616214 
-69.255301 
61.502138 
-745.712077 
-48.935726 
-70.457685 
-123.334499 
-102.558816 
68.720694 
-58.331957 
-14.968187 
68.884153 
-22.303694 
-85.982373 
-221.709074 
-148.070927 
-54.421936 
-38.638304 
-167.592164 
-201.774777 
-17.728470 
-134.555902 
-12.683644 
-210.671860 
-7.078120 
-132.205013 
190.187954 
-122.424882 
-84.267356 
35.045483 
-256.267987 
-80.837510 
-140.706289 
-174.353308 
-101.558541 
50.057576 
-127.004251 
-241.243933 
-57.898932 
-52.975167 
-103.483470 
32.374771 
28.860693 
-189.253340 
-178.292657 
-5.567044 
-70.354413 
35.835387 
0.811420 
-22.860737 
-237.933514 
-30.749553 
-210.251358 
-99.832485 
46.977688 
-99.362412 
-214.013550 
-162.625269 
-157.000364 
37.681245 
92.013935 
-170.998659 
-271.014226 
-157.001839 
-102.944122 
-272.921905 
-253.043083 
10.556857 
-46.392809 
-78.019586 
-199.500214 
-324.897409 
-85.030971 
-78.070144 
-40.636188 
-157.002788 
136.401185 
-185.510809 
-157.001568 
-119.924103 
-157.001658 
-249.853830 
-157.515809 
-157.000000 
-158.954811 
-159.416836 
-148.029649 
-158.494925 
-162.463502 
-157.000000 
-158.266628 
-157.000000 
-159.603143 
-157.955245 
-151.527185 
-159.743372 
-149.188386 
-156.631475 
-155.193438 
-157.585942 
-160.593548 
-141.218750 
-158.341364 
-155.611950 
-157.000000 
-153.359598 
-154.473173 
-161.067392 
-149.333280 
-155.257863 
-157.113383 
-152.486815 
-151.044433 
-153.110810 
-159.029365 
-160.229789 
-157.107857 
-157.537888 
-155.782607 
-149.652170 
-156.953916 
-157.000000 
-160.945763 
-157.001861 
-154.314637 
-151.935018 
-156.495730 
-150.314752 
-157.866182 
-153.300847 
-160.994760 
-149.109375 
-162.370709 
-157.799032 
-158.540959 
-150.472324 
-157.000000 
-155.750537 
-155.097487 
-149.109375 
-152.531043 
-154.607249 
-150.832867 
-158.301297 
-156.099810 
-162.610605 
-157.661088 
-155.699717 
-153.264776 
-157.670682 
-157.344464 
-152.269015 
-151.072636 
-161.245830 
-154.997550 
-154.043708 
-150.436255 
-157.769150 
-159.048603 
-158.019206 
-159.195981 
-155.097471 
-157.049782 
-151.082849 
-157.653637 
-148.977468 
-159.146037 
-161.126778 
-153.327027 
-150.482732 
-157.000000 
-156.890139 
-157.404543 
-156.187954 
-157.000000 
-157.323816 
-155.940524 
-152.759824 
-141.218750 
-153.631049 
-155.886546 
-157.405862 
-158.991831 
-162.556904 
-156.835938 
-153.340486 
-157.906334 
-157.000000 
-149.293965 
-154.434999 
-152.489591 
-158.928854 
-158.909355 
-157.000000 
-161.401561 
-157.870450 
-156.620741 
-159.472691 
-156.371236 
-157.000000 
-151.522021 
-153.437629 
-155.230863 
-153.056702 
-157.073132 
-157.000000 
-158.411223 
-157.000000 
-156.104458 
-158.877297 
-155.812537 
-154.430461 
-151.056660 
-156.134708 
-163.446569 
-156.904253 
-158.235624 
-152.806217 
-150.690592 
-156.591042 
-151.100861 
-152.861201 
-157.176428 
-158.304171 
-157.000000 
-157.318361 
-158.631613 
-154.204961 
-157.984722 
-159.198012 
-154.715081 
-157.637872 
-158.492731 
-157.345492 
-157.445391 
-159.263356 
-155.742472 
-157.322318 
-158.827726 
-157.000000 
-155.079434 
-155.205222 
-158.479559 
-157.000000 
-152.201317 
-158.697360 
-155.497016 
-157.519079 
-155.209980 
-157.146626 
-155.599316 
-159.233795 
-158.207363 
-157.548558 
-152.724941 
-157.126661 
-160.532985 
-149.109375 
-153.054688 
-158.172186 
-152.423783 
-151.733912 
-160.370210 
-156.620629 
-154.473254 
-155.164580 
-157.374307 
-153.639115 
-161.948849 
-150.673374 
-158.739036 
-157.501099 
-161.635683 
-155.266371 
-156.432763 
-158.381671 
-150.280747 
-157.000000 
-158.682604 
-157.000000 
-157.290067 
-158.160758 
-158.673959 
-154.537242 
-154.817289 
-157.000000 
-156.021720 
-154.013374 
-155.448890 
-160.363728 
-160.055562 
-153.322556 
-153.117211 
-156.506904 
-157.589466 
-157.951021 
-153.318956 
-157.000000 
-159.041537 
-157.000000 
-157.934335 
-155.086059 
-158.301297 
-157.725334 
-155.277319 
-158.897372 
-152.268053 
-153.490492 
-159.076811 
-156.067644 
-156.194818 
-160.653088 
-159.459962 
-157.917138 
-158.356132 
-154.428089 
-156.378594 
-160.186086 
-158.305504 
-154.937942 
-153.019534 
-160.779547 
-157.865898 
-157.000000 
-157.000000 
-158.627934 
-153.937597 
-157.319655 
-158.146164 
-152.386447 
-154.580609 
-156.517869 
-162.781687 
-161.466146 
-157.142195 
-154.758499 
-156.700324 
-154.134242 
-159.361606 
-152.769008 
-157.000000 
-157.000000 
-157.000000 
-157.000000 
-152.984894 
-160.363131 
-157.123542 
-158.689218 
-155.254151 
-163.296400 
-151.707678 
-154.474318 
-151.159330 
-156.697773 
-157.627619 
-156.389491 
-155.104190 
-157.190045 
-157.668672 
-155.556200 
-152.938235 
-153.349539 
-157.132145 
-157.000000 
-158.068837 
-156.897005 
-155.606505 
-157.000000 
-155.997966 
-151.935019 
-157.000000 
-157.492350 
-155.512216 
-157.000000 
-157.000000 
-159.298347 
-158.484282 
-149.109375 
-157.972502 
-156.104458 
-159.046291 
-156.884179 
-156.485727 
-157.177673 
-156.676101 
-154.321641 
-158.633254 
-157.205751 
-155.728627 
-157.694243 
-159.363157 
-156.077690 
-152.873537 
-159.101138 
-156.405733 
-153.739465 
-155.932579 
-158.755697 
-153.047795 
-153.857795 
-151.740057 
-160.806470 
-154.666279 
-155.809501 
-157.317255 
-152.924072 
-154.483243 
-157.107857 
-159.262840 
-154.020002 
-157.000000 
-160.781625 
-152.220651 
-152.522252 
-154.316302 
-152.873537 
-155.676979 
-156.077411 
-158.525730 
-157.000000 
-157.000000 
-156.183953 
-157.793549 
-156.067278 
-157.000000 
-157.000000 
-154.530067 
-155.123505 
-155.066490 
-155.376795 
-152.847627 
-157.000000 
-155.083584 
-157.225893 
-161.724525 
-157.109658 
-152.582644 
-154.681852 
-157.166945 
-156.862539 
-155.777340 
-155.901076 
-157.000000 
-157.000000 
-157.000000 
-154.139417 
-156.764314 
-155.104111 
-156.638764 
-154.543540 
-157.874084 
-157.000000 
-158.625922 
-152.146039 
-155.808536 
-155.723889 
-158.925605 
-156.495730 
-156.788226 
-156.843489 
-157.000000 
-154.122023 
-157.979572 
-157.000000 
-157.000000 
-158.843109 
-157.466384 
-157.874083 
-157.000000 
-157.000000 
-151.813081 
-148.583333 
-159.800297 
-157.170844 
-153.146420 
-154.259160 
-157.000000 
-163.904297 
-157.000000 
-157.363888 
-157.058849 
-158.732953 
-156.582446 
-156.250907 
-157.936796 
-155.221214 
-157.000000 
-156.038017 
-155.894266 
-158.928854 
-156.435122 
-154.748741 
-155.881822 
-155.819884 
-155.272085 
-157.000000 
-157.413744 
-154.988091 
-157.000000 
-160.282912 
-161.022066 
-155.183661 
-156.696163 
-156.935956 
-157.015951 
-158.258950 
-158.718777 
-159.088865 
-159.103118 
-155.251402 
-156.096932 
-157.000000 
-160.462560 
-155.229071 
-156.836420 
-156.044495 
-162.220018 
-159.738233 
-156.251892 
-157.834417 
-159.121167 
-160.319832 
-157.000000 
-157.733037 
-154.286340 
-157.000000 
-155.549698 
-160.992145 
-157.000000 
-157.000000 
-157.529573 
-158.077015 
-157.531784 
-157.558203 
-153.831489 
-155.276130 
-157.000000 
-156.081652 
-157.000000 
-155.041689 
-159.793748 
-155.093493 
-157.459272 
-156.213838 
-156.696422 
-156.925709 
-156.562765 
-154.244981 
-156.612115 
-156.220916 
-156.022981 
-157.577055 
-155.191699 
-157.000000 
-158.219015 
-157.382844 
-156.445331 
-156.884179 
-156.893703 
-154.034530 
-157.000000 
-157.000000 
-154.588001 
-157.000000 
-157.235772 
-154.576841 
-153.561019 
-158.216649 
-158.891151 
-154.656704 
-157.000000 
-157.039616 
-153.597787 
-156.043005 
-156.282392 
-157.000000 
-156.568522 
-151.397270 
-158.639310 
-156.057629 
-156.139967 
-156.778963 
-155.604923 
-157.702275 
-157.096558 
-157.100641 
-157.495906 
-157.000000 
-156.898884 
-155.164532 
-157.000000 
-160.022904 
-157.000000 
-156.374287 
-158.051109 
