-37.742222 
-29.278762 
-41.446330 
-52.916343 
-36.026571 
-39.343816 
-30.125034 
-55.300163 
-37.742200 
-35.002557 
-43.341981 
-19.683144 
-39.309220 
-20.681377 
-25.370822 
-40.296026 
-38.905973 
-39.613036 
-12.351596 
-31.165551 
-30.913708 
-12.351554 
-1.650997 
21.096153 
27.406820 
52.795388 
31.062115 
38.038634 
11.434626 
-7.811065 
-17.546433 
-23.570189 
-61.243424 
-61.579641 
-78.843435 
-70.591098 
-78.609847 
-66.858370 
-63.132789 
-60.055852 
-68.427738 
-49.919283 
-44.192170 
-4.763911 
-30.581195 
6.803817 
3.013483 
34.236566 
13.039156 
16.923031 
24.516831 
-20.424093 
-46.234380 
-68.686898 
-76.656316 
-79.565865 
-63.132685 
-50.172980 
-48.854269 
-44.672875 
-37.002599 
-21.237985 
25.424949 
20.540587 
25.279565 
45.048282 
64.598056 
60.637467 
71.623168 
52.739860 
42.098312 
50.421574 
29.241508 
17.209317 
-9.944516 
-5.213420 
-43.825167 
-11.178485 
-5.801207 
-9.130585 
-5.208463 
-17.555174 
11.728140 
-24.802969 
15.315946 
23.776232 
56.164632 
13.039062 
26.162510 
3.116000 
-16.503478 
-30.124935 
-64.046232 
-99.525122 
-95.955215 
-113.914110 
-117.714429 
-135.780411 
-88.168360 
-89.258983 
-102.732594 
-87.203601 
-64.008955 
-68.852974 
-63.132798 
-58.583527 
-47.477275 
-31.576366 
-14.081265 
-5.185587 
-12.351568 
1.464345 
-8.686571 
-5.429264 
-18.742683 
-12.287308 
-12.352057 
15.329640 
16.045088 
22.900854 
52.473900 
60.160356 
38.429447 
48.779565 
63.820046 
25.429996 
51.784106 
49.335957 
68.212781 
68.177753 
56.147897 
58.908135 
51.604863 
41.193154 
49.860205 
31.820810 
21.527679 
9.590870 
19.020560 
23.359376 
48.089666 
32.875377 
55.506534 
54.905296 
71.554611 
39.097176 
63.377432 
34.467447 
29.496743 
28.662294 
21.277227 
12.347427 
34.120457 
1.319072 
6.526322 
-25.531954 
-63.132967 
-73.792004 
-97.829768 
-103.979473 
-88.523484 
-85.181360 
-72.423929 
-53.786459 
-54.461275 
-48.427888 
-68.515718 
-81.680412 
-89.435240 
-82.148057 
-87.965625 
-73.721274 
-70.797533 
-69.552837 
-50.437519 
-44.089868 
-32.147831 
-33.744192 
-38.166183 
-46.158934 
-39.522196 
-33.747732 
-25.516953 
-16.859583 
-8.379450 
15.598824 
13.796333 
44.132342 
48.747214 
70.405937 
68.821450 
93.052882 
69.131367 
94.748162 
114.601590 
89.207665 
114.601550 
119.355864 
102.959519 
118.331731 
97.725603 
65.496787 
89.210982 
76.441414 
53.945259 
56.130216 
53.454293 
61.844662 
41.229413 
21.121126 
12.881237 
-3.684068 
7.940358 
-8.344980 
-12.351504 
-11.779450 
-8.966317 
8.012808 
33.926070 
39.169059 
27.700647 
59.491482 
69.369660 
80.917805 
86.688772 
79.885831 
82.346752 
97.454846 
89.330507 
76.269399 
78.172048 
79.990281 
59.735069 
57.127044 
50.375340 
23.849766 
16.241875 
8.806089 
-11.165045 
4.879681 
0.343609 
0.343577 
-18.716887 
-17.306370 
-1.753878 
-14.262274 
-32.326950 
-8.218453 
-46.415104 
-36.798961 
-20.924858 
-48.876331 
-48.002756 
-26.254589 
-32.528497 
-33.225240 
-19.753252 
-25.047139 
-12.351797 
-12.351781 
13.038846 
1.464307 
9.827395 
10.608000 
27.723783 
35.339785 
38.620188 
26.718428 
13.586447 
20.579101 
14.762656 
22.385519 
48.187633 
51.127667 
64.451688 
68.189133 
63.887080 
53.363669 
52.799327 
29.303011 
38.429676 
16.181812 
4.870995 
-7.365415 
0.343791 
-4.982869 
-8.909855 
-12.351457 
0.063173 
-15.698570 
-12.351418 
-16.583339 
-54.054569 
-66.575468 
-82.969112 
-90.386614 
-88.827659 
-76.606107 
-88.624660 
-46.992987 
-79.191552 
-70.697145 
-49.607962 
-25.703817 
-25.442830 
-1.326488 
7.036438 
35.308051 
33.454370 
21.510414 
43.438429 
34.002710 
0.208546 
11.640783 
-1.644200 
6.485763 
0.836805 
20.206174 
26.421348 
36.916186 
34.241062 
40.881053 
40.706755 
32.182315 
19.670556 
16.764417 
1.564879 
13.039293 
8.921562 
-14.782541 
-26.350443 
-34.126904 
-54.661954 
-60.934035 
-74.901093 
-77.966763 
-101.218630 
-88.523280 
-95.926652 
-90.360128 
-80.381906 
-43.666573 
-63.132683 
-45.388582 
-14.326451 
-5.044153 
0.771551 
10.234918 
13.039097 
33.036747 
18.938766 
17.157468 
-5.002496 
29.940689 
7.445974 
26.019272 
10.944355 
41.275258 
27.630912 
13.038977 
21.767110 
-32.187923 
8.446940 
4.020611 
8.073136 
-13.027510 
2.484294 
-3.536112 
-12.351592 
-18.298117 
-25.357414 
-36.037674 
-37.469522 
-46.418803 
-76.333756 
-76.449838 
-39.596020 
-88.523460 
-61.291667 
-78.801712 
-63.132622 
-63.132965 
-44.071551 
-45.564868 
-33.158632 
13.039189 
13.038946 
33.488067 
24.041611 
44.002899 
36.663222 
32.509354 
30.419999 
0.343729 
-3.623697 
13.038511 
3.908702 
5.060386 
27.476021 
11.306947 
25.288526 
24.074117 
8.629851 
-12.351683 
-8.619026 
-18.074631 
-14.081156 
-2.296733 
-9.875552 
-11.987753 
-14.876810 
-37.362672 
-7.938064 
-43.635606 
-55.426986 
-37.742328 
-43.509755 
-21.865788 
-20.472803 
-12.329001 
-2.341111 
19.110453 
-3.648658 
-2.755934 
22.158512 
9.012396 
17.018267 
2.872914 
25.734258 
22.754787 
15.446273 
-13.883014 
13.187749 
-11.684413 
-45.086881 
-46.581678 
-38.171472 
-17.602021 
-16.157205 
-37.742132 
-0.764436 
-4.373817 
-12.351544 
-20.614464 
0.539101 
0.343806 
0.343823 
-8.834747 
-11.436752 
-0.877469 
-22.315862 
-24.406054 
-43.585545 
-37.742079 
-42.889025 
-37.742064 
-48.672006 
-42.060495 
-63.365087 
-47.690409 
-25.046344 
-18.636179 
-21.402498 
2.123259 
8.511016 
20.696800 
3.773107 
1.842389 
9.557011 
-2.002022 
0.343886 
-0.816605 
-17.168487 
1.744952 
-25.148242 
-25.473610 
-35.960948 
-37.742104 
-50.437424 
-44.280142 
-37.742152 
-59.954119 
-37.137681 
-39.660672 
-36.285067 
-33.802434 
-23.015384 
-25.046971 
-3.525549 
-7.519160 
-11.419769 
-4.435532 
8.278293 
2.519679 
21.307971 
19.623248 
31.719617 
33.459651 
15.231825 
23.610356 
-31.621251 
-19.769883 
-29.950530 
-36.385540 
-37.742376 
-20.948970 
-23.562798 
-12.351803 
13.014699 
0.343452 
28.363657 
25.175159 
13.041163 
-121.208144 
80.220467 
69.815855 
71.367836 
-89.392524 
37.585504 
117.765609 
38.432579 
-161.692552 
199.305032 
-218.703862 
179.061018 
-68.775163 
117.280182 
150.252525 
30.207091 
-2.511121 
-63.131527 
12.210762 
16.326077 
-37.741472 
-30.253334 
95.685520 
-37.816386 
-56.401860 
-248.726473 
77.534358 
-65.862673 
81.472447 
148.394818 
-32.449725 
9.912877 
50.794513 
-18.239890 
308.186884 
-8.500491 
119.407553 
13.038106 
59.435074 
-48.895095 
-12.710659 
-71.877443 
65.373113 
369.830049 
-76.944171 
-32.838659 
58.906504 
13.038557 
0.246993 
171.630817 
47.632457 
118.791269 
10.659083 
49.793485 
-102.012551 
-12.350638 
125.223245 
1.188805 
-15.546107 
-55.898716 
61.669046 
12.978172 
265.018157 
145.100634 
-28.016255 
260.519167 
-53.477415 
16.872191 
122.824013 
174.833947 
119.295809 
-57.247832 
188.499252 
57.347215 
24.807682 
523.234521 
-18.280912 
2.523706 
-58.317421 
201.804866 
200.549225 
34.098761 
-5.670217 
275.819428 
180.840843 
101.229178 
482.766885 
-110.608809 
294.988303 
21.382683 
240.707890 
208.372646 
-104.061979 
227.184271 
419.289543 
-12.846937 
4.785084 
189.716732 
186.880088 
-143.045087 
18.616457 
84.632502 
-48.246828 
292.337829 
194.191565 
-254.921993 
263.743415 
72.947459 
91.175371 
63.818533 
323.187746 
-171.011808 
0.234875 
-216.797651 
121.418896 
139.990158 
146.296662 
-176.856708 
-183.123104 
211.067022 
34.343413 
178.075567 
-363.808592 
266.941636 
-125.878991 
76.080316 
-36.739847 
203.814702 
6.034667 
7.202203 
-294.006514 
-154.994302 
24.554045 
66.217240 
-1.588699 
-146.341710 
83.044642 
34.140507 
-241.930023 
46.146817 
37.633688 
83.657528 
60.553061 
104.493318 
-460.714850 
-535.782200 
-167.671959 
-14.446272 
97.064453 
-87.066895 
70.915099 
181.887392 
-102.823557 
9.161322 
-97.612647 
38.428616 
-76.545491 
111.887376 
-466.335426 
368.506657 
-150.913235 
-112.533517 
87.731854 
-42.570106 
178.613573 
179.423760 
-444.566773 
56.445856 
-163.715713 
-85.774801 
297.394619 
-146.163333 
142.957821 
13.038187 
51.126492 
345.910804 
-480.282144 
-139.468903 
20.770632 
71.340418 
67.791760 
23.152854 
-113.914520 
57.139334 
-89.007013 
-341.423170 
96.284218 
-83.584197 
2.640363 
82.322240 
11.189392 
-120.910703 
-125.362700 
-63.134198 
57.636061 
457.375028 
-483.523070 
-137.119298 
-189.055451 
63.966294 
-140.433620 
165.382025 
144.402238 
-277.308848 
-198.969455 
17.353208 
-173.306949 
-2.247370 
-161.680026 
5.851212 
-319.458792 
-86.692424 
-181.757325 
-63.133062 
-34.325519 
-113.068469 
-134.745761 
118.539581 
-170.155349 
-79.819895 
-183.732305 
69.147857 
-34.609986 
-48.675212 
-31.335112 
-27.044158 
-18.838306 
-358.891404 
14.050754 
1.764002 
92.843970 
-106.897287 
-151.151731 
6.642563 
-180.069119 
-66.157102 
252.533039 
-83.547984 
36.074637 
-12.349381 
139.994424 
-141.042866 
-266.403138 
167.073284 
-56.934916 
-158.064060 
303.937755 
-318.908360 
253.278326 
-154.336953 
53.991009 
-22.222892 
386.762823 
-246.222261 
47.550106 
-256.509347 
-63.130155 
203.469977 
-63.131516 
228.859943 
553.396644 
-377.002794 
124.947805 
-20.594084 
204.769167 
-133.894508 
-26.597728 
50.411484 
207.710792 
-263.026865 
-5.725928 
105.937962 
-176.356963 
-72.403760 
-31.412375 
16.496568 
103.992237 
-38.984051 
19.209543 
279.641805 
-103.289742 
-24.329045 
107.693688 
89.211766 
132.414520 
-302.562738 
305.032179 
159.867601 
-75.834445 
241.555902 
227.169646 
-161.257392 
26.527740 
-403.528186 
-157.597642 
-163.963063 
-48.586083 
-18.082077 
242.943102 
-223.163036 
17.330546 
223.077203 
317.847489 
-30.671609 
37.405846 
98.971345 
-168.179096 
129.723189 
88.055380 
163.495839 
68.276951 
-133.774744 
-232.920659 
8.268498 
92.152509 
166.438745 
-90.001468 
44.997913 
-130.350425 
-292.563938 
164.695522 
7.576484 
5.971574 
118.501608 
-54.793972 
-39.496749 
216.163307 
-52.648466 
183.926090 
0.464219 
85.298748 
-305.496941 
237.001914 
-159.947570 
-72.866719 
38.428319 
305.030935 
68.947641 
-251.690310 
-59.611912 
-57.206619 
13.036695 
23.577067 
-32.853603 
-77.627038 
-273.053615 
-23.659301 
254.248811 
113.063074 
-152.933550 
-77.283356 
-102.342897 
-80.758520 
-50.626527 
-153.512963 
-5.680171 
55.788528 
-136.370599 
152.687253 
-62.337248 
-52.818516 
-73.728476 
-61.171667 
-173.901062 
128.895574 
-197.937576 
137.102821 
355.812459 
123.242380 
-168.264258 
73.015944 
-78.914296 
-102.013521 
-87.770204 
-270.042708 
-61.713870 
203.467470 
11.728664 
-3.381966 
38.430248 
165.384105 
19.116693 
-80.387756 
-160.819476 
13.037532 
228.861774 
121.136173 
-124.917420 
-110.605779 
97.466467 
85.536410 
43.032943 
-37.743081 
-32.186219 
178.075915 
27.610703 
88.476096 
157.724813 
57.959358 
-188.801986 
119.788054 
59.617726 
63.816576 
145.801011 
-23.417987 
-35.382823 
-64.391831 
20.992989 
-157.712032 
166.507179 
68.432138 
178.033969 
-208.806224 
104.370594 
178.077179 
-228.436818 
658.623586 
63.545459 
71.642272 
-330.548631 
69.460608 
-84.484980 
-87.876341 
21.207637 
-22.147545 
-152.080432 
186.068221 
-101.218142 
-183.691231 
-139.263807 
9.713662 
-124.872092 
51.569261 
-140.912784 
130.071787 
168.509284 
110.752907 
-43.438395 
-88.520551 
-27.541609 
-72.074282 
-63.131753 
-211.901300 
-386.764193 
-63.130956 
38.431698 
-236.063131 
-157.617353 
152.041942 
-93.714913 
67.872555 
-315.231349 
51.125527 
-113.594273 
25.734336 
-9.693665 
-117.822936 
4.147474 
-7.699067 
-546.717690 
119.527529 
-241.398655 
-66.792854 
-25.403806 
-220.731266 
-148.322339 
2.198724 
-385.989288 
-70.896358 
-25.045908 
13.804925 
21.102039 
-377.102308 
-195.816663 
-62.500691 
160.725487 
-50.438340 
-63.131629 
-186.474153 
152.687266 
-114.844325 
-47.387734 
-219.246576 
-205.190773 
-37.517876 
-39.354512 
-25.045794 
30.746810 
-27.790254 
-245.130895 
-243.616754 
-118.675531 
-30.440220 
68.119988 
-24.970113 
-2.116636 
-156.774126 
-151.378795 
-173.622518 
-198.340885 
-30.479069 
32.616481 
125.393920 
-25.044401 
-50.126296 
-33.571958 
-25.045926 
-12.229251 
-151.998265 
-270.755731 
-20.984795 
216.169936 
-184.496307 
144.474844 
214.940108 
346.758076 
-281.770381 
-165.535188 
74.059610 
165.388560 
-372.434003 
150.630344 
-120.696202 
147.471662 
125.265441 
222.901545 
380.821988 
54.741571 
183.852063 
279.644739 
120.159246 
-74.963137 
609.723671 
99.939358 
318.932646 
-48.911891 
66.283747 
-436.085789 
-37.834742 
200.916976 
-6.471408 
128.346401 
-9.234396 
222.159052 
162.674672 
24.136941 
284.872893 
217.645898 
126.076830 
139.992611 
379.846099 
-9.701698 
-230.830254 
-43.739533 
0.257520 
482.442942 
201.489807 
-155.488138 
70.402169 
317.724793 
-134.579923 
663.490502 
134.699738 
419.087392 
-14.730905 
228.986774 
72.281385 
1015.969966 
56.883367 
76.090142 
54.197228 
-59.182124 
23.416291 
-103.648609 
212.024480 
168.674574 
-112.102867 
157.856195 
-62.547963 
200.275172 
137.154093 
185.804600 
-54.165383 
-91.286155 
-80.045365 
123.389154 
48.129731 
525.350912 
-84.706364 
82.323642 
-68.347723 
213.861643 
418.234799 
195.765168 
-152.776643 
31.634690 
241.239023 
-128.435610 
457.372883 
-166.198520 
223.658517 
153.062077 
227.164662 
161.697851 
-84.379647 
-46.538344 
343.115440 
-162.169411 
163.386524 
74.812349 
263.893589 
-283.435359 
-42.191406 
253.469889 
-272.289706 
241.551377 
216.164770 
-366.574564 
390.756452 
1.967152 
169.984186 
139.988927 
385.110160 
-116.805443 
-110.632644 
-334.611617 
65.315242 
241.551779 
209.678823 
-412.043343 
-339.696483 
177.878810 
44.817627 
228.856830 
-359.804432 
292.337528 
-92.937830 
-2.507472 
143.880618 
273.274852 
-135.001884 
217.137870 
-417.114019 
-271.079794 
67.161977 
8.451720 
-3.799965 
-112.135793 
-281.225416 
-181.066506 
-143.020838 
69.150074 
-5.211336 
-0.071615 
-469.353802 
115.548472 
-588.931549 
-369.952908 
-237.319439 
-70.463007 
-8.511914 
-135.301672 
5.515656 
355.615281 
-89.761446 
158.642405 
-180.379084 
114.600888 
-123.802361 
14.732880 
-271.707251 
317.718820 
-164.717872 
-167.623937 
112.235696 
-0.886414 
79.332613 
207.780114 
-537.613014 
123.280200 
-164.772725 
-220.435424 
311.309921 
-125.741801 
-8.136610 
13.041888 
146.335242 
377.086828 
-187.247748 
16.884041 
-316.522004 
-56.857558 
534.019177 
-206.481283 
129.786955 
86.524672 
-73.797091 
-272.857426 
161.888482 
97.425216 
-35.766166 
244.496531 
70.490997 
5.697868 
100.197227 
444.675549 
250.278017 
482.765506 
-593.474396 
-151.997846 
22.009886 
8.618264 
72.939985 
216.162440 
-75.513908 
-429.798905 
-21.624888 
-513.918948 
25.049991 
220.672241 
-156.244546 
-249.959635 
-114.522994 
-228.683951 
-35.868925 
355.810864 
8.331329 
-30.967820 
-230.021632 
129.326701 
131.247333 
213.259387 
-132.105802 
74.378772 
-146.417739 
-5.574209 
-222.600148 
-163.474157 
-25.138740 
-293.577535 
12.499288 
246.018146 
-44.965989 
-166.147634 
16.425062 
50.972148 
17.331640 
-108.200029 
140.682727 
-146.783421 
45.131254 
165.382316 
635.107522 
-465.027407 
-140.435077 
-163.839857 
-27.270111 
-49.547183 
128.410939 
-677.429931 
187.892163 
-86.964024 
82.075402 
-24.837507 
354.212795 
-282.011545 
4.234089 
-155.897449 
254.246847 
0.341415 
279.638346 
190.772492 
222.611195 
-138.593858 
366.195384 
-70.476794 
283.614852 
-290.068075 
-294.230110 
36.597828 
336.048630 
-428.675709 
53.122931 
122.282974 
-85.973758 
-394.898257 
-50.840923 
-283.216080 
133.843721 
-208.630456 
122.533452 
127.295513 
-26.109389 
-122.996840 
-216.354201 
203.466581 
-104.988590 
-308.059054 
38.426966 
262.373583 
-106.128909 
558.934733 
37.579662 
-115.282716 
-166.080789 
-355.923311 
-117.691564 
-4.074585 
-70.894639 
-218.868535 
318.404787 
-94.670058 
35.467701 
185.361657 
249.745730 
-206.795040 
103.117697 
160.728547 
-112.123978 
139.370738 
233.121091 
-22.083275 
126.209847 
45.694205 
-187.328510 
-154.990922 
-37.709403 
178.139833 
-265.042855 
-119.846776 
-194.571616 
-457.002116 
311.774489 
-155.028602 
3.764571 
135.583714 
-134.558118 
286.627671 
660.492925 
-521.861112 
208.034299 
56.138977 
70.402519 
-287.383195 
233.233752 
-264.481620 
-154.187059 
228.854398 
114.595838 
221.247935 
-79.868375 
92.162110 
-192.630912 
152.681858 
-154.498908 
-91.070495 
-14.204026 
-429.410432 
-114.260105 
101.902159 
132.712860 
15.885813 
-79.059536 
-261.817185 
60.989214 
222.312788 
-108.950334 
-70.355204 
-16.560040 
-203.687251 
-12.354622 
-44.886329 
-235.314366 
18.658750 
-281.444407 
-160.241380 
115.190907 
-180.514141 
252.309043 
-12.349656 
-80.998626 
-368.874338 
14.725998 
8.699347 
-114.507758 
-373.468177 
-52.068795 
137.717787 
-12.351168 
-74.739362 
62.593338 
114.601954 
152.688345 
-67.143278 
-12.085766 
-141.248154 
279.644025 
127.297577 
29.649172 
-111.375546 
-184.725378 
171.577037 
173.129627 
73.953659 
51.122814 
-391.627364 
-12.354318 
-4.632466 
9.872159 
202.217661 
170.048660 
-154.807189 
-68.322479 
270.531664 
25.729676 
300.768920 
-93.258281 
-25.114097 
-325.771144 
23.448928 
-232.023594 
-38.286898 
-41.126013 
167.416007 
-38.295113 
178.803360 
152.683355 
-151.360607 
273.319567 
-5.178180 
134.696509 
-249.753470 
-134.555707 
12.518642 
-131.751279 
108.601323 
-81.937038 
-65.493843 
40.139738 
-50.440606 
-402.086229 
61.627859 
-226.204579 
-241.117242 
213.077923 
-207.626326 
3.070288 
68.379078 
86.067147 
-87.288441 
-37.745387 
-184.727670 
-334.195542 
-12.352275 
-249.363812 
-298.488450 
25.734192 
25.733291 
-228.814802 
-153.607643 
-233.632701 
-109.518380 
1.847001 
-307.443506 
-88.522191 
-188.141131 
-37.741712 
-243.971903 
-93.492955 
-76.308974 
38.356622 
-409.715147 
61.721198 
-403.816231 
-92.740799 
4.040224 
-76.649649 
-129.399104 
-69.732027 
-310.929401 
21.032724 
-37.741832 
29.791923 
87.329599 
-334.850012 
-244.255863 
58.355995 
214.760184 
-37.742516 
178.078024 
-145.192546 
25.734193 
47.703472 
-129.765744 
-103.536994 
-210.725449 
-157.466944 
76.293426 
-50.436462 
51.739615 
-61.663590 
-123.223271 
-220.920911 
-120.262732 
-31.085934 
-46.387887 
-80.758180 
-227.287435 
-193.033342 
-27.116472 
-111.978769 
-217.114976 
-14.154649 
-6.537347 
-14.644992 
-75.829716 
-91.538167 
92.659853 
-152.000691 
-109.819765 
-152.000945 
-284.527568 
16.998081 
381.203873 
63.199739 
-192.467811 
165.161056 
-34.051595 
-244.352492 
200.084997 
32.721414 
266.945673 
-186.489936 
227.928407 
-83.703297 
262.530661 
133.270387 
213.822713 
74.616237 
-63.313571 
-45.560775 
101.906789 
96.413219 
147.169851 
114.601341 
183.544998 
319.972944 
-267.854162 
122.905951 
-163.121824 
245.511878 
218.856723 
87.931909 
150.267047 
79.485181 
95.240058 
89.731715 
302.553094 
131.005816 
-5.005580 
-246.252151 
216.164331 
274.891870 
-33.954483 
95.390923 
100.395672 
31.230357 
557.226417 
401.113295 
-44.399453 
-192.760087 
381.202700 
-17.089449 
504.323441 
-119.130031 
259.043922 
-232.933410 
185.792794 
-31.327735 
381.201631 
100.484989 
-186.030332 
67.322377 
278.466057 
157.981145 
-84.183951 
64.609880 
288.988651 
-290.759818 
347.763777 
28.943994 
-354.698645 
460.256653 
-25.311208 
158.596264 
302.331952 
-68.090688 
-141.394949 
261.247802 
850.612669 
9.746932 
-13.550026 
-174.902746 
233.236607 
255.379409 
-172.903781 
33.173467 
-140.169283 
-13.440457 
4.357250 
203.467560 
154.703667 
385.336350 
182.580181 
132.372946 
343.737945 
-110.181352 
-283.971450 
330.420264 
-112.138627 
119.280648 
192.790793 
19.689636 
35.726901 
-109.225996 
-29.954975 
-210.564235 
393.895932 
191.899369 
-471.955803 
-347.395654 
39.728460 
-200.837893 
89.208230 
256.189347 
-261.449571 
156.744327 
-228.838876 
-163.498724 
292.335080 
118.870202 
-304.719749 
53.467832 
406.764336 
-3.342515 
13.036254 
-8.640912 
609.715326 
50.407338 
39.234286 
-185.529585 
306.614813 
-166.844542 
152.406455 
-89.519864 
84.554926 
93.501173 
-66.469709 
-102.943883 
-27.035854 
-451.640989 
-144.200549 
56.084575 
-5.223937 
166.175526 
-64.496544 
-177.400253 
237.738220 
-19.641452 
-255.697889 
-154.317381 
-95.950470 
213.192304 
152.502575 
292.979001 
-17.029019 
-130.984123 
23.316033 
108.336466 
305.030605 
222.295435 
-306.799350 
-332.938008 
266.948431 
100.140169 
-130.729947 
122.853569 
45.778057 
8.040695 
8.061412 
-162.186035 
238.439399 
-176.319065 
-351.995949 
224.863000 
-171.137486 
-275.780945 
-63.133944 
120.949381 
58.285977 
432.233975 
-223.102731 
-160.687737 
173.993163 
41.237539 
-392.170809 
162.413171 
-200.934205 
-113.810658 
-126.007439 
201.122449 
-113.342783 
16.413908 
284.500829 
-102.056490 
-94.684786 
-113.211849 
470.069797 
56.602455 
533.546735 
-302.552567 
-38.376870 
-231.594292 
-127.187693 
-51.729386 
355.814036 
-1.644714 
-912.582699 
-485.410478 
394.342098 
33.751025 
391.481511 
-233.218211 
19.034235 
99.992146 
86.279030 
-188.767847 
343.118041 
-14.379073 
-251.869340 
-168.979414 
226.792875 
-292.821607 
-149.578779 
-14.229307 
291.524057 
9.899290 
-157.246966 
-9.951478 
117.631122 
-31.509633 
-122.511266 
157.898259 
24.426359 
167.497150 
17.972134 
-166.832944 
-107.751658 
268.506990 
-220.727010 
21.220211 
-163.317311 
-189.929390 
216.163518 
711.280388 
-550.972343 
-130.047852 
-126.750415 
156.856116 
122.123850 
353.083854 
-709.376625 
48.633737 
-38.938974 
55.420933 
-176.623389 
243.272411 
107.913546 
36.774725 
-90.445462 
203.468191 
13.038830 
305.029550 
165.381829 
-231.310955 
-85.497392 
222.074170 
-39.123511 
151.360358 
67.432813 
-249.802584 
3.517909 
535.238534 
-40.386625 
-204.075227 
-126.970423 
38.075769 
-255.221308 
183.491857 
-115.567760 
-1.815674 
-67.141238 
-22.809704 
127.297040 
-208.130442 
-346.041866 
-44.232780 
279.641556 
65.661286 
-197.578490 
38.429926 
-16.744310 
-24.120509 
685.890728 
91.751003 
-108.587575 
-103.371314 
-244.834549 
96.603818 
-51.151703 
122.163042 
-83.749434 
111.667992 
-189.456719 
198.986829 
-196.898648 
-128.030576 
-176.616411 
56.284973 
89.856178 
-232.216532 
-236.868090 
-293.467871 
57.208211 
-42.147198 
-74.530752 
-53.675572 
-70.222039 
-79.660314 
-20.456696 
28.171538 
-59.537069 
-332.436895 
-302.741769 
223.784113 
-133.342216 
-132.543316 
130.355596 
1.315041 
39.583657 
609.718278 
-91.814475 
-10.298744 
41.237893 
-54.874088 
328.601826 
107.153631 
-67.985275 
-220.157035 
381.202058 
114.601118 
102.950003 
-177.351713 
-300.832395 
-328.042188 
279.639539 
-284.644236 
-61.620754 
-5.654350 
-17.097610 
-233.842296 
76.514193 
-67.025705 
56.105862 
-3.663465 
-237.499320 
103.853323 
-52.883633 
87.660022 
15.326063 
319.770596 
44.412443 
38.428815 
-111.533962 
-255.944669 
127.795028 
-57.524761 
-123.874865 
177.878660 
-70.659288 
153.813446 
13.038153 
9.085645 
-344.112496 
-2.057853 
-34.811868 
-121.123283 
-178.718500 
34.105002 
54.956418 
-25.046885 
47.146207 
9.331139 
101.905326 
25.733008 
-3.473413 
-55.209244 
-242.279288 
165.381887 
203.468243 
126.301275 
-300.958407 
-166.920978 
21.032878 
217.209088 
-49.594146 
152.687829 
-110.741080 
38.427719 
-34.462708 
121.984191 
12.077431 
192.550413 
-132.540074 
-222.574003 
117.743394 
165.382854 
-155.961510 
97.338308 
39.729404 
-328.879394 
-268.091232 
91.763820 
-181.069751 
-176.987212 
-107.517298 
-73.621354 
194.906195 
203.469565 
-264.907563 
-152.911765 
-139.718042 
30.463339 
-215.634063 
124.197276 
-252.090124 
-406.936751 
-82.991801 
161.433169 
106.237839 
63.648777 
-75.827737 
-183.449265 
224.364809 
-8.747826 
-546.050991 
315.387279 
-229.504918 
-176.715405 
-58.304147 
44.242019 
-340.113154 
-75.827641 
-228.565679 
-191.510958 
-63.131896 
-541.414653 
-246.899885 
-37.741733 
-37.741295 
-197.433096 
-270.668832 
-84.562829 
67.395646 
-35.138157 
-167.619649 
63.820899 
-188.990608 
101.905927 
-38.959280 
87.335325 
-113.464971 
-154.384449 
-277.757275 
-58.160364 
-227.069889 
-128.484598 
203.432050 
-83.153379 
-90.668525 
-154.753111 
5.283122 
23.719628 
76.515147 
-133.787228 
-107.949655 
-287.957039 
-45.664695 
211.659590 
-64.789506 
89.210860 
101.904723 
-174.119412 
-12.352150 
-23.689040 
-330.345401 
-14.396989 
-104.877939 
-249.493559 
-56.129397 
13.037431 
-131.856496 
192.655394 
-15.380593 
-339.589743 
-141.685962 
-143.104575 
-39.392576 
-292.536216 
-18.518509 
-104.644525 
98.389871 
-109.930219 
-381.108480 
194.950585 
-63.175125 
-21.359910 
25.732339 
-162.803920 
-281.401205 
-152.002308 
60.014891 
-152.001769 
-213.837163 
-418.166501 
457.377200 
87.399004 
-237.762207 
182.273183 
47.869463 
-533.252807 
-219.706784 
157.337482 
381.204276 
-7.452071 
171.970906 
-198.163429 
129.550387 
107.613048 
135.701227 
10.207885 
-265.942370 
187.275478 
89.211624 
26.648482 
315.897836 
317.726791 
203.405222 
196.402149 
-192.160362 
-81.328786 
324.897042 
323.567888 
206.861795 
-177.295555 
151.011430 
-5.263352 
-15.509391 
106.423889 
-119.840674 
189.571121 
-32.709742 
-206.885671 
711.280921 
439.964916 
-268.765116 
-248.014639 
121.005023 
109.840978 
600.190874 
237.286992 
-288.024750 
-64.630281 
-12.352161 
274.924373 
23.539615 
-155.414892 
-115.133631 
-126.610386 
-192.738618 
269.097164 
266.944768 
241.304822 
-70.348063 
214.162421 
-197.100792 
68.728738 
10.675043 
200.343243 
184.708154 
109.002335 
63.260944 
-42.434854 
181.654012 
501.998596 
93.133216 
74.885437 
55.261362 
-90.745005 
-55.226210 
388.102722 
432.567861 
-12.096149 
-22.964558 
127.426645 
106.918956 
379.896990 
3.146747 
28.906916 
-120.342588 
319.187797 
-4.004085 
216.164447 
166.688512 
55.040405 
-219.041299 
267.791027 
-36.617263 
24.054173 
23.796937 
355.811872 
-63.820152 
81.959258 
218.294989 
-70.766116 
-396.959944 
-111.091419 
120.942604 
-29.964951 
558.936521 
218.896101 
-363.429623 
-35.338976 
68.965866 
-99.759217 
190.772888 
2.596514 
21.458256 
-66.803563 
-195.564416 
154.003485 
406.592736 
-34.557821 
-370.563534 
-183.726037 
-35.698785 
-29.344711 
241.553067 
20.191238 
13.037457 
52.090576 
79.632180 
-251.572438 
270.237319 
-312.517358 
-41.088808 
-87.525621 
-196.149404 
126.930413 
-70.605202 
-234.219886 
-203.668944 
-210.946568 
-60.160083 
-133.184342 
23.041112 
-372.581420 
-34.642975 
-261.751787 
127.180182 
-225.919547 
-223.509613 
-1.036556 
-319.026149 
223.426636 
213.045578 
-84.263640 
-48.899762 
-129.053187 
18.347497 
15.119319 
13.039467 
-36.275300 
-63.203728 
-224.944150 
305.031386 
-248.187303 
-531.917502 
-36.497127 
194.776531 
65.625831 
306.831094 
-270.173908 
-179.569922 
88.196495 
-137.322480 
-85.534479 
-38.811347 
-452.669691 
38.429927 
127.296510 
273.780202 
-154.486725 
-81.204446 
-134.643841 
-65.276243 
31.799387 
-79.252931 
5.453876 
39.915809 
85.791987 
45.108637 
102.504299 
-167.459854 
-69.332676 
-81.436965 
-27.223383 
222.047936 
0.448442 
406.592624 
259.869158 
305.030019 
-397.539557 
-229.884285 
-174.176719 
-87.014880 
86.549341 
165.381638 
-61.419392 
-332.946502 
-68.540493 
-57.550562 
53.240519 
148.456000 
-118.917041 
103.800670 
195.886341 
-359.875440 
112.471695 
330.421496 
215.755226 
168.767546 
-458.079386 
-255.560730 
94.892036 
8.586267 
295.258321 
-41.433758 
3.758063 
-197.406369 
-94.205450 
97.163692 
106.311129 
204.316969 
-20.954452 
169.330074 
-2.746210 
-149.350098 
-62.314004 
39.819092 
-133.699279 
-2.459878 
-13.647354 
-311.036830 
-91.566458 
812.844723 
216.164934 
-316.878018 
-65.724372 
-175.591661 
130.931379 
387.946504 
8.310404 
-395.795464 
-76.332002 
196.995453 
36.470769 
-42.017230 
238.283226 
22.677076 
6.715738 
-221.278378 
-37.741268 
-12.350752 
165.383440 
381.203454 
-51.568837 
-173.383085 
328.304666 
-148.261914 
196.060053 
159.921884 
-60.421116 
64.130288 
144.438247 
-181.392662 
14.275462 
88.254371 
111.916742 
-197.505280 
36.450173 
-247.301278 
-26.314140 
128.412151 
9.724445 
51.124636 
-46.251902 
-108.828386 
-101.426747 
-12.352043 
-86.100261 
-781.418646 
139.991609 
431.500953 
126.566364 
305.030966 
-3.042933 
-295.294771 
-50.002132 
-399.559219 
0.185205 
-189.120478 
81.390165 
83.261878 
-38.807721 
-86.974457 
169.311330 
-305.516643 
91.533337 
38.013904 
-164.971350 
133.736912 
58.993679 
-159.901135 
134.706221 
217.002774 
-215.291615 
-226.656617 
-38.675085 
-60.949012 
146.524746 
252.213258 
-209.717264 
-125.597986 
47.376288 
-234.280998 
95.019762 
-170.074441 
-54.319717 
25.175705 
133.845716 
342.275514 
101.906687 
-151.729882 
-260.314437 
-66.246328 
-71.294138 
45.837835 
219.773305 
43.253112 
-95.036444 
25.734484 
-50.437347 
-48.016577 
176.072219 
16.855056 
-3.040504 
101.906382 
82.880804 
-157.122394 
119.846733 
6.101312 
-125.677130 
-63.132745 
3.986721 
-353.837002 
58.441324 
186.807661 
132.516694 
64.880471 
-39.833892 
-366.334821 
-24.109513 
-17.966278 
330.421288 
364.539232 
-593.162690 
71.476362 
113.592426 
-71.771906 
85.522456 
-179.344368 
-4.731304 
203.468467 
-125.321313 
-5.798484 
-106.615816 
-33.877783 
24.680895 
-307.940735 
-152.117944 
-66.726292 
13.038097 
-18.015323 
196.702701 
127.296246 
-50.437024 
-144.495138 
18.049263 
-141.839181 
51.123839 
-75.827585 
-64.844282 
-436.374926 
39.012119 
-30.218078 
-98.374843 
157.886817 
38.428626 
-73.448201 
216.163665 
272.262629 
-135.045805 
135.499520 
-50.466584 
-49.968055 
-287.093615 
277.547568 
-253.563667 
116.658943 
-101.530341 
217.924000 
-68.522925 
15.370592 
12.969010 
-26.400365 
-70.169537 
626.084510 
-114.931277 
338.556249 
0.343436 
-69.568615 
-158.542943 
4.386162 
159.923672 
-49.390864 
-116.664211 
-146.755461 
-157.156936 
-1.382284 
-132.215287 
11.441394 
44.974291 
38.429409 
-100.214292 
29.256411 
15.135170 
188.639685 
76.775464 
-124.532277 
-391.631202 
-120.991686 
1.110522 
60.457972 
38.429430 
22.824703 
-232.857890 
51.124835 
-127.536983 
79.807395 
25.734523 
-37.742281 
-153.741486 
-361.512828 
-129.331307 
45.756502 
-29.262021 
-177.228772 
-12.351867 
-148.831353 
-12.351568 
-128.166144 
273.288985 
32.486411 
6.906983 
-471.222900 
-171.304112 
-234.273053 
44.047673 
80.670265 
-179.461067 
-15.114861 
-284.768397 
-14.851242 
-143.336541 
38.429763 
-48.719361 
102.796052 
-302.796307 
-107.167402 
-102.727870 
-75.124536 
178.078690 
25.734834 
-535.693608 
38.430325 
-280.016348 
-212.809335 
-347.512665 
10.431410 
-238.020750 
-51.962815 
51.124957 
51.954453 
-142.315313 
-96.720074 
-42.492184 
-139.304310 
-78.460959 
-167.841522 
-140.187501 
-276.910626 
27.089586 
-270.154161 
-87.450465 
-251.128711 
239.167562 
-333.766183 
51.402629 
-151.999549 
-127.671740 
-115.585870 
-151.999328 
69.545068 
-152.000082 
-362.609668 
-3.591249 
431.985815 
-164.292252 
-120.624058 
240.014701 
-16.331865 
-236.754932 
-84.289802 
-84.946730 
584.328513 
-424.622036 
265.831181 
-73.640974 
4.189466 
-29.190937 
682.107801 
139.598077 
-165.123737 
130.774636 
127.298924 
-35.234902 
280.017410 
190.773253 
201.009709 
105.362113 
-302.645841 
-192.321159 
371.664891 
284.253862 
27.919417 
-228.994115 
-129.397838 
-20.166845 
51.800384 
-3.843680 
-432.782934 
38.300221 
-124.420731 
-216.955259 
660.501219 
429.076654 
19.632921 
-35.136014 
61.616712 
301.666978 
733.149585 
117.901054 
-227.031946 
-7.644066 
165.382894 
-69.822107 
76.944638 
-51.646962 
45.562147 
-255.148589 
-119.808084 
80.072207 
190.774099 
21.684133 
-316.958479 
-19.803625 
-265.024030 
-52.471881 
-196.568142 
-22.623203 
69.901444 
-159.994032 
-55.701607 
-273.265282 
246.029941 
135.164681 
37.705201 
-31.930841 
-231.396347 
-123.166753 
-14.743323 
375.576214 
-65.195077 
-37.023353 
-161.335483 
-102.681836 
213.441659 
-4.721409 
-118.753855 
-350.568405 
-53.595558 
-28.116051 
2.065359 
368.505399 
-79.691534 
5.027167 
-147.739788 
362.582292 
370.971704 
-123.811213 
152.028903 
241.553426 
-10.851287 
-144.370766 
147.050841 
-161.219444 
-180.008211 
99.740898 
110.965241 
57.674418 
558.936606 
131.252504 
-256.545264 
192.381236 
28.818807 
-146.567512 
635.108659 
78.267057 
162.321582 
157.817478 
-37.083635 
49.712193 
139.993228 
268.699239 
-269.396815 
-64.931325 
-78.710462 
131.595723 
685.890847 
-202.346518 
165.382778 
-99.379052 
141.683059 
102.522342 
342.447660 
93.613548 
-29.119858 
48.569059 
109.156035 
188.624687 
58.586612 
-262.477548 
-58.290157 
-207.392186 
-12.239677 
41.403102 
86.202299 
-486.837841 
12.491061 
-174.426560 
79.153057 
-259.070240 
-399.159529 
93.759117 
-92.574647 
406.772584 
-172.258018 
63.677257 
84.413994 
-121.817933 
165.929807 
52.874801 
266.945602 
89.723684 
-48.664697 
3.161664 
190.773976 
-34.104297 
-187.174422 
107.616046 
89.860006 
122.201413 
169.365512 
105.494759 
-204.266286 
-12.587217 
-54.629876 
-185.743760 
38.965102 
-475.913598 
190.772416 
336.769097 
30.110346 
-230.485202 
-277.291709 
-89.453411 
-92.825485 
11.431863 
-178.623154 
-106.268760 
-32.073594 
-9.926956 
9.680482 
-80.333598 
37.643597 
53.982876 
-90.525432 
177.202242 
278.637614 
-17.140103 
216.164552 
297.020148 
254.249723 
-477.257881 
-357.744854 
-287.513891 
-7.505309 
140.967993 
406.593374 
131.977973 
-439.543055 
-190.694152 
-78.944994 
73.558944 
-48.386623 
-154.051360 
-286.585477 
166.708697 
-85.423287 
-97.942800 
190.774348 
288.950341 
163.689288 
-255.093579 
-95.664024 
52.360043 
129.103299 
197.887332 
-44.727489 
-222.293814 
-319.381372 
-7.624305 
32.258742 
125.533328 
129.498708 
-58.029734 
13.411010 
-62.399572 
-6.435118 
-132.146485 
-3.483549 
-183.959647 
-200.733665 
76.400392 
-137.290793 
-108.407924 
254.249411 
216.163486 
-11.556070 
-292.317118 
91.355203 
-275.078168 
-127.524112 
-133.859128 
-290.741896 
104.925055 
53.876136 
104.103682 
-171.287482 
229.228577 
544.626586 
162.423022 
-156.887366 
63.820321 
254.250765 
406.593731 
139.992500 
132.434050 
-70.823365 
288.415448 
92.971893 
24.371568 
-161.649072 
-68.728461 
82.994253 
197.178533 
-189.708097 
-206.950496 
69.206073 
-208.376665 
-280.521162 
-106.750783 
-119.615136 
112.820115 
-143.470620 
-358.611630 
38.431069 
146.412127 
30.050055 
-176.417275 
114.602558 
25.271916 
-273.273877 
533.548771 
156.980653 
37.632135 
254.251103 
-70.748860 
-178.088821 
-104.301626 
95.559034 
-309.985689 
-61.292345 
68.460923 
-184.029254 
-52.854312 
-320.430967 
-227.799747 
-93.980111 
-209.601071 
-23.256926 
-96.351035 
117.166767 
190.390119 
279.390670 
-37.794994 
-158.464870 
131.619885 
105.131101 
-90.631019 
-221.954111 
102.403024 
180.937856 
241.867985 
81.064409 
-167.311050 
-147.664196 
98.909589 
-71.250340 
-98.981575 
185.738055 
150.443322 
118.916759 
-25.048666 
-90.114766 
38.018361 
62.952097 
165.151181 
63.763578 
85.625048 
-186.495857 
-134.888090 
101.905714 
-50.438455 
-103.904663 
55.238724 
-8.664270 
-152.000176 
-12.352176 
151.584178 
-24.159827 
147.060874 
-93.155614 
-58.949106 
203.468524 
-187.175366 
-130.626328 
-60.063664 
300.154617 
-31.539999 
24.640740 
66.806404 
-21.640152 
170.580873 
108.911368 
13.038927 
-623.314528 
-545.554264 
4.784322 
-51.759921 
-198.556622 
44.574799 
-236.985640 
-83.531539 
0.344172 
-258.806332 
-141.063354 
36.054080 
-159.861005 
-157.855345 
-548.602836 
-111.290410 
49.117477 
63.820094 
29.796173 
-65.082219 
-37.741270 
-37.741619 
115.349174 
-114.148475 
-13.282386 
-12.353084 
-12.351616 
-72.863044 
-70.753122 
-26.066600 
-96.696542 
9.230969 
-104.482668 
127.295162 
-172.629600 
101.904472 
53.313074 
-138.090249 
-54.937467 
-87.597185 
-49.254021 
-160.675491 
52.119972 
152.686607 
53.690209 
97.043706 
-79.514086 
-143.342582 
-16.490974 
-85.126850 
-222.316241 
-21.781593 
872.846435 
-214.901768 
173.804078 
38.429333 
-211.624632 
154.224638 
-102.026980 
53.231789 
-279.682847 
-44.672546 
-221.452019 
-93.984050 
25.629404 
-116.996776 
-16.491686 
-39.397009 
51.125325 
-134.024637 
-45.222602 
18.205080 
96.697543 
-21.942710 
-156.100886 
-44.361448 
-190.967535 
169.293821 
-111.245985 
0.343682 
-20.908261 
-230.469752 
0.343456 
-6.222916 
-62.556686 
-37.742293 
-25.046929 
-308.294047 
-257.103888 
110.662381 
50.714550 
-32.503030 
-221.531409 
-12.351590 
45.809818 
-12.352110 
-115.402949 
-25.125328 
10.948624 
-126.756667 
-141.629946 
68.649865 
-134.112492 
41.029348 
-38.594975 
-143.067754 
-153.602617 
-118.702113 
-139.193722 
-29.527743 
127.296633 
-93.431894 
-212.780455 
-118.260205 
-57.077157 
-53.174523 
-36.800748 
0.343641 
-50.437598 
-320.382544 
-63.133182 
243.297222 
-96.408635 
-193.751499 
-237.715311 
-104.065428 
63.992200 
-152.000333 
21.697968 
31.562552 
-209.291705 
-171.089928 
-75.827080 
-145.405889 
137.048305 
-75.913411 
-319.633484 
-217.090243 
196.337400 
48.067367 
-206.024144 
-106.849578 
-157.400250 
28.371931 
-152.000018 
1.097110 
108.160410 
-151.999130 
-62.930235 
-151.998290 
-271.592224 
-65.914880 
216.166869 
-318.088020 
-209.506255 
317.483591 
-9.882742 
-286.186676 
64.669431 
12.338451 
101.907223 
-240.849655 
42.079367 
224.716128 
12.800545 
193.392844 
387.941691 
257.888271 
-2.604617 
165.953948 
203.468565 
128.342418 
321.574995 
355.811960 
428.836301 
257.581886 
-301.290949 
12.857460 
503.927853 
342.081250 
227.266439 
128.740497 
118.935310 
187.385759 
204.862054 
81.896855 
-70.478794 
-16.985801 
19.338233 
108.255247 
216.164699 
238.800982 
154.171505 
69.808739 
50.789716 
228.601780 
449.534734 
230.160688 
-74.044098 
-98.718807 
330.417856 
-12.921103 
415.201499 
-9.654224 
282.782334 
213.782121 
551.965989 
-228.617540 
406.589748 
189.025701 
-204.271260 
78.212140 
-75.470414 
-187.145415 
84.589607 
-54.381252 
151.106015 
-303.186745 
-307.491596 
-149.960943 
211.838834 
135.734947 
-81.252646 
-119.957130 
-247.768442 
53.357260 
115.010904 
465.161915 
647.279910 
-198.704019 
113.812456 
160.552394 
26.069088 
141.521481 
62.842009 
-296.445063 
-235.207584 
-69.301250 
71.122018 
368.507828 
112.884379 
4.204222 
58.474816 
416.750577 
274.969988 
-54.059180 
-204.652458 
317.726695 
-158.086084 
-158.537801 
279.073469 
13.709047 
9.888617 
368.427297 
12.945112 
62.882741 
457.376074 
195.925487 
-219.245264 
161.644557 
-51.999400 
-109.484671 
635.105892 
160.235133 
-136.090909 
183.981011 
-125.949143 
184.198332 
165.377789 
308.227591 
-150.864417 
-217.247045 
20.214287 
47.860968 
609.715351 
-186.830391 
190.767789 
148.473831 
300.380720 
163.662703 
258.665515 
-14.114544 
100.892389 
2.325531 
-19.027093 
-115.303782 
-59.555538 
-255.725272 
-84.493620 
-102.659079 
-381.310280 
32.394035 
212.826967 
-123.442698 
-89.719643 
-153.830321 
97.979374 
-252.189984 
-337.356885 
-18.842946 
-52.180950 
119.329070 
-201.165457 
181.535201 
29.605025 
194.550529 
91.010974 
392.506226 
165.381352 
-121.217305 
68.256755 
-137.049124 
13.035737 
-157.406228 
-342.175972 
245.467727 
-160.498022 
163.611298 
79.980437 
83.685464 
-221.045507 
-200.522299 
-23.212908 
-78.651329 
416.029528 
-311.072723 
266.947494 
292.337002 
66.056703 
185.514349 
-18.742057 
326.247288 
17.393171 
211.202890 
-200.688556 
-115.708184 
-189.731025 
-91.233146 
19.123844 
-36.297296 
29.998501 
100.114687 
213.921326 
489.040413 
-8.626235 
406.776160 
228.861156 
174.709829 
76.517622 
-428.604264 
-361.472143 
-92.942205 
-201.359887 
449.098321 
305.028887 
129.649865 
-607.225038 
86.175048 
-220.711725 
239.620991 
268.327508 
-281.653507 
-284.821078 
15.235571 
-183.545525 
52.159671 
241.555567 
325.769693 
-355.119683 
-73.006748 
111.031187 
-126.249440 
215.612144 
81.864617 
-62.342414 
-291.598245 
-135.520449 
-8.218744 
-29.477131 
67.003115 
-245.385148 
-89.035631 
-200.224956 
-94.170167 
137.839242 
-106.367990 
11.967859 
-294.960578 
-278.093163 
73.664918 
192.645401 
-73.773915 
343.117986 
381.204092 
-232.995332 
-225.943059 
-2.792718 
-334.410416 
77.526708 
-7.189479 
-574.639302 
-12.355616 
-43.936253 
46.389222 
-157.254815 
190.543805 
333.189934 
234.180869 
-220.243081 
228.862490 
165.384120 
127.297237 
89.212492 
146.697426 
-84.741913 
429.986590 
100.019742 
37.046231 
-359.747466 
-209.066084 
97.489893 
344.915666 
-261.244814 
-251.567944 
-189.652299 
-167.115309 
-107.212290 
-10.317238 
-50.950727 
-3.077936 
-272.385212 
-436.623362 
279.640412 
46.423210 
263.055908 
-315.322511 
431.985906 
-172.984505 
4.404242 
254.250751 
96.991208 
-170.872264 
114.599357 
105.291195 
-320.047675 
-239.376850 
292.333889 
-460.731202 
-41.955578 
-29.983868 
-316.755093 
-133.090631 
-186.928158 
-146.538563 
-26.755131 
-238.807663 
-352.374868 
60.385270 
206.433592 
60.524617 
104.740471 
-89.253271 
-62.945318 
75.024031 
29.030010 
-106.319534 
-240.856875 
-8.792362 
-100.907796 
5.363095 
-240.656577 
-155.149584 
-326.391627 
73.051029 
-221.435521 
-300.015432 
271.483233 
-76.074348 
-65.767610 
38.428098 
-261.151263 
-42.663667 
128.662775 
121.614823 
-89.253451 
45.689635 
-61.606625 
-89.562180 
25.733115 
-37.741723 
125.076937 
15.157287 
75.620079 
-355.116515 
203.470847 
-164.525094 
9.832433 
-18.304035 
-322.386366 
-440.742382 
-12.349546 
64.710887 
-109.348433 
-302.047336 
156.365432 
-5.312443 
26.708597 
59.660094 
-39.401973 
242.298641 
138.688333 
178.079695 
-509.052122 
188.391564 
72.954410 
-103.097678 
-228.834286 
105.626836 
-357.118929 
101.297253 
63.819721 
-20.552361 
-403.567355 
-74.690378 
-227.611541 
-256.669861 
-565.494644 
-61.217236 
-160.003997 
152.687077 
-150.346279 
-167.161713 
63.823716 
330.426761 
154.552257 
0.045132 
-36.656134 
0.342028 
13.048035 
184.808438 
-111.376791 
11.074647 
-128.127534 
105.624437 
10.959290 
101.902718 
-104.385879 
-12.350304 
28.032005 
-105.486622 
89.239493 
-198.087171 
27.181605 
-416.698612 
30.551063 
266.937516 
133.730622 
-188.044922 
-173.875870 
110.856285 
-39.378098 
51.785729 
65.239979 
-109.309140 
455.992696 
-178.457618 
123.065525 
13.038325 
-130.205437 
300.376054 
-98.113109 
47.011331 
-227.112283 
3.399004 
-61.143779 
-103.965434 
-40.009676 
-244.894381 
-32.744826 
-90.707775 
0.345407 
-256.365496 
24.374751 
27.103882 
-545.859031 
-192.399263 
-176.173509 
-182.707176 
-58.681660 
19.101712 
-152.113841 
-12.353277 
-111.845864 
-223.348808 
0.343247 
12.216745 
-77.632074 
-12.353907 
0.342893 
-34.527029 
-210.275663 
-118.210214 
27.929781 
164.288976 
-213.052805 
13.038713 
78.032495 
152.685271 
-66.559302 
-42.413834 
-20.419700 
-310.245143 
-392.396270 
19.004934 
-128.340416 
-142.196712 
-24.869940 
11.263989 
-242.286282 
-40.801186 
-221.523641 
20.852338 
-12.352924 
-144.171186 
-51.253327 
-90.571968 
-380.230375 
-56.607577 
179.256410 
0.344371 
-12.352195 
-167.096751 
0.342828 
209.680803 
19.919268 
32.374473 
-9.939355 
-241.185992 
188.871437 
-151.999699 
-51.670063 
-35.078362 
-105.085717 
-516.435494 
-151.998689 
-196.540758 
179.233260 
-86.065151 
-327.574898 
-202.579591 
25.864318 
-54.029889 
-134.959721 
-198.341784 
-112.643588 
-3.605853 
-151.998857 
212.705609 
19.610917 
-151.999945 
114.465931 
-151.999385 
-440.319006 
53.684798 
381.204557 
-177.689370 
184.922302 
39.853384 
-235.106055 
-351.375335 
118.834104 
338.791645 
190.774424 
-105.360260 
-249.033239 
-287.054270 
354.489305 
-29.015355 
-55.354721 
-2.341032 
-336.595932 
64.768759 
-12.352029 
235.693631 
286.012060 
114.601173 
420.278637 
242.032418 
-624.204042 
326.954673 
243.893515 
204.733010 
125.487386 
-220.671301 
-221.483576 
-58.470839 
131.029850 
-165.944011 
-162.990130 
208.349225 
77.902369 
285.176027 
431.984472 
207.067396 
1.552843 
104.385831 
265.310301 
213.773966 
418.246649 
-252.111473 
-82.373445 
-19.596749 
381.205704 
-157.937398 
220.259630 
126.335554 
57.538433 
-271.018063 
287.016821 
-70.794034 
165.384712 
209.052124 
74.862734 
-87.538632 
-80.212402 
181.180088 
115.816783 
-24.255772 
222.205068 
-425.095785 
-90.859226 
0.504491 
-69.064027 
99.817711 
-18.684992 
-95.874718 
-41.092901 
61.850190 
-119.824840 
175.273830 
727.045288 
22.037590 
52.309440 
202.811193 
254.801711 
75.127719 
-139.798184 
267.362626 
76.672095 
20.555184 
-130.866777 
787.452949 
126.358212 
-23.483285 
-44.603596 
-3.042509 
254.358233 
34.766406 
28.374347 
305.030180 
-50.534808 
-19.444388 
150.189998 
54.282786 
-19.916461 
-34.821359 
222.620444 
161.809410 
203.467212 
61.521168 
-126.630845 
-22.612886 
89.916978 
79.248217 
139.990535 
17.990931 
90.906066 
-5.885497 
340.493626 
-44.280838 
431.982395 
181.537009 
-23.940832 
-214.318086 
70.031665 
39.357348 
13.037351 
-35.548524 
343.116435 
230.960048 
74.679387 
-28.132453 
301.378389 
-97.497706 
183.530799 
-96.920867 
-226.957919 
-205.064481 
-220.509712 
-19.896785 
-40.551773 
-500.695389 
36.402480 
-11.902559 
230.969584 
34.461981 
-70.484624 
-103.234664 
39.417563 
-435.107835 
-295.982249 
-246.037640 
-120.009155 
-250.391629 
-1.394061 
98.150186 
-175.386932 
-223.471609 
35.047629 
141.982549 
317.726663 
-77.958410 
222.732778 
-312.865231 
139.992275 
33.987310 
-309.711564 
167.169545 
-27.172843 
-0.633606 
74.401313 
-207.852106 
-294.905847 
207.726788 
-49.115325 
-151.396944 
41.907028 
-112.424913 
165.382868 
381.203159 
124.340970 
260.841700 
-11.348322 
104.630148 
226.816887 
17.179365 
-415.297784 
-34.954359 
-224.651573 
61.593583 
-347.312205 
-2.450883 
-329.956740 
-69.100842 
51.780474 
443.640406 
146.964655 
20.407586 
279.641015 
55.282318 
178.080178 
102.627396 
-59.321127 
-86.676037 
-245.010957 
115.786476 
254.251274 
96.876150 
-336.527066 
117.557318 
-1.638100 
214.772424 
45.772372 
-272.271879 
-185.872489 
39.005034 
-240.918065 
-58.717654 
266.946537 
117.367954 
-284.030237 
-75.280324 
154.066673 
-118.297894 
111.571723 
135.174604 
162.486320 
-221.810331 
-288.074922 
-40.289017 
38.132603 
101.452589 
-189.578296 
-458.378602 
-245.671104 
29.046273 
96.800237 
63.010502 
42.877563 
-18.162685 
-373.661562 
116.572097 
130.250733 
-103.363836 
368.507185 
584.327643 
-420.671263 
-68.755331 
-17.246282 
-221.610941 
156.568646 
68.678188 
-551.876698 
104.949497 
-228.320116 
-127.802387 
-292.351363 
178.695239 
54.144232 
166.257200 
-384.798728 
279.637598 
165.380296 
165.379820 
216.161311 
112.782417 
-70.333919 
-31.823325 
-21.270096 
-14.553421 
-224.163849 
6.015959 
-75.356450 
288.547312 
-490.552114 
-233.953996 
-59.675208 
-45.280880 
-500.780864 
-142.888032 
129.833219 
26.256177 
-52.798974 
-285.808815 
381.202856 
-111.682670 
4.013061 
-26.533774 
457.375286 
-24.758205 
-211.556257 
241.555823 
150.102712 
34.830274 
139.992891 
118.834736 
-134.628762 
-193.189695 
22.561847 
-43.752301 
256.353139 
180.937669 
-10.760006 
-7.243450 
-33.056476 
-90.067235 
-190.225766 
-103.356334 
185.072814 
-4.345152 
10.503595 
71.886023 
-453.838554 
-146.329226 
-75.898999 
85.647910 
-167.925577 
-192.021224 
-121.994677 
-190.204427 
2.671635 
-227.033758 
-93.973737 
43.562477 
-414.616854 
-25.434814 
-210.011654 
151.925004 
389.264482 
78.316975 
-25.160927 
13.039315 
-64.099651 
15.308020 
123.988032 
250.757500 
18.708974 
30.817666 
-155.524337 
-124.391592 
0.344239 
-37.741782 
39.218921 
-108.736548 
-60.795218 
-219.707749 
279.640653 
-18.443638 
91.553095 
127.390034 
24.333513 
30.506428 
63.820789 
33.029320 
-129.581410 
-104.179318 
37.213101 
-82.632275 
-58.505975 
17.943949 
-275.383160 
22.170264 
7.877045 
127.298760 
31.290195 
-280.538526 
279.516068 
81.310294 
-228.266762 
72.949668 
-235.076840 
88.698542 
13.040611 
-123.630043 
-181.750052 
-41.812120 
-194.175663 
5.545928 
-63.565901 
-103.041401 
-120.890278 
101.907411 
-45.668891 
12.539534 
13.040023 
254.251065 
-119.318737 
-0.707043 
-113.581749 
-12.351071 
13.039279 
247.622178 
-233.249497 
63.391003 
-151.033098 
18.246080 
111.552158 
101.905991 
-29.013932 
-12.351390 
-129.712940 
73.280000 
-106.392882 
197.468867 
82.991200 
-135.565729 
-104.057299 
216.163190 
202.565980 
-36.269049 
-99.665024 
138.411638 
-194.136985 
42.064292 
63.914781 
96.658350 
181.003271 
-184.922295 
89.613341 
25.733790 
11.854877 
167.524963 
-138.172859 
86.762666 
-186.379423 
193.865269 
123.077572 
-63.518478 
-85.749190 
-156.648863 
104.396041 
77.204812 
0.344158 
-279.489671 
57.810060 
149.110000 
-709.501043 
-59.179610 
-46.034293 
-163.128997 
-151.720868 
177.057911 
18.437267 
0.344902 
167.961656 
-19.343238 
-12.350568 
-221.632848 
-360.138178 
0.344340 
0.344561 
-271.569495 
-294.737785 
-50.255339 
-157.237899 
-22.205151 
-125.461240 
-12.351311 
-141.214345 
51.126121 
-36.374804 
-118.567442 
44.582640 
-345.821233 
-103.080269 
-101.320561 
-254.389086 
-154.188411 
93.900806 
-128.475940 
-283.954604 
-89.113464 
72.655015 
-36.026951 
-63.133796 
30.387359 
-218.156932 
-181.393009 
65.409393 
-92.882401 
97.452564 
13.038460 
13.038415 
-266.608935 
25.733359 
-241.118109 
-116.430902 
275.474006 
-66.021409 
-251.779214 
-317.556530 
-152.000519 
24.946105 
180.246726 
-165.147368 
-342.112679 
-152.000467 
-118.320491 
-387.312634 
-240.027854 
23.359999 
63.257279 
-77.202668 
-216.384710 
-314.233651 
-57.050383 
-70.504168 
86.645338 
-152.000022 
76.892791 
-255.857319 
-151.999690 
-149.350335 
-151.999142 
-292.079205 
-177.011706 
-139.304688 
-154.838560 
-154.437540 
-152.546318 
-151.011104 
-160.760017 
-152.000000 
-150.152465 
-152.000000 
-159.968238 
-146.295765 
-147.457357 
-153.158904 
-143.337655 
-149.778551 
-149.343870 
-154.237264 
-154.862670 
-152.000000 
-157.130525 
-152.893299 
-152.000000 
-147.886490 
-153.957631 
-162.433763 
-141.786740 
-150.995370 
-153.750460 
-148.275672 
-150.508185 
-150.767704 
-156.380717 
-152.063276 
-148.554573 
-154.979847 
-160.515558 
-159.705864 
-150.897939 
-152.000000 
-149.742541 
-136.675143 
-147.959480 
-154.292572 
-149.206394 
-138.126028 
-142.525274 
-154.116368 
-145.323237 
-139.304688 
-157.759827 
-158.019161 
-148.695139 
-142.075308 
-163.901856 
-138.189141 
-153.073035 
-152.000001 
-144.154485 
-149.148598 
-146.722329 
-151.162532 
-151.550376 
-161.600401 
-157.729399 
-145.853736 
-151.419217 
-147.343041 
-153.043105 
-145.958063 
-145.333796 
-158.937687 
-146.460258 
-143.839893 
-151.804661 
-151.572165 
-153.319914 
-153.639811 
-148.292550 
-147.893079 
-140.454823 
-141.261296 
-152.159057 
-146.295766 
-153.491882 
-153.858988 
-149.374752 
-146.923878 
-152.000000 
-153.212232 
-143.650455 
-160.882554 
-138.458333 
-150.575465 
-150.818197 
-150.885623 
-152.000000 
-149.316247 
-151.028270 
-140.037922 
-153.200420 
-158.249567 
-148.813675 
-155.491558 
-147.387538 
-152.000000 
-151.443527 
-140.329978 
-146.676779 
-154.688517 
-162.053347 
-152.000000 
-152.283659 
-151.472913 
-147.132387 
-142.731529 
-156.365899 
-152.000000 
-150.668454 
-148.712402 
-141.856289 
-150.944115 
-153.230966 
-152.000001 
-151.408599 
-151.999999 
-144.652408 
-144.498194 
-153.732064 
-147.865842 
-141.016452 
-152.029401 
-148.817328 
-149.481518 
-151.294654 
-152.989891 
-145.178091 
-164.129956 
-155.787989 
-149.393712 
-153.672117 
-155.169900 
-152.000000 
-151.703456 
-151.682228 
-137.836363 
-153.987820 
-158.830125 
-153.435543 
-157.209505 
-154.391304 
-154.082610 
-155.799681 
-153.562291 
-147.190132 
-146.569667 
-152.061061 
-139.304687 
-150.762579 
-147.543327 
-145.996008 
-152.000000 
-145.849778 
-151.639655 
-156.289643 
-151.487827 
-142.574987 
-149.409621 
-159.770325 
-151.288546 
-152.342764 
-149.899387 
-155.729399 
-150.946414 
-144.846343 
-139.304687 
-145.652344 
-142.579049 
-152.283660 
-155.790077 
-145.979430 
-144.155408 
-150.394849 
-154.025467 
-150.281525 
-145.921067 
-154.846234 
-152.026160 
-152.883252 
-154.076065 
-153.459684 
-149.699550 
-147.425635 
-152.395071 
-152.252368 
-152.000001 
-156.178130 
-151.999999 
-155.455391 
-156.445365 
-158.299827 
-147.517401 
-149.808974 
-151.999999 
-152.469345 
-149.324428 
-151.613981 
-155.050240 
-147.877359 
-151.830611 
-152.014342 
-151.704445 
-147.906970 
-154.070307 
-148.977108 
-152.000000 
-153.276534 
-152.000001 
-153.065094 
-150.803250 
-151.162533 
-151.108978 
-151.107353 
-154.817210 
-144.493243 
-146.401180 
-150.995793 
-149.570374 
-148.145413 
-150.441707 
-156.393792 
-151.559989 
-151.109694 
-150.913527 
-147.402488 
-154.572149 
-152.677568 
-156.616566 
-145.495919 
-156.776640 
-150.432885 
-152.000000 
-152.000000 
-151.796060 
-150.134292 
-149.710887 
-156.673555 
-153.643163 
-150.025617 
-153.846241 
-156.947817 
-155.499688 
-150.260161 
-142.554741 
-154.146044 
-142.038729 
-152.778734 
-150.068526 
-152.000000 
-152.000000 
-151.999999 
-152.000000 
-152.283659 
-157.365946 
-154.911715 
-151.598716 
-151.115149 
-155.580142 
-146.476656 
-148.975807 
-139.155964 
-155.880188 
-149.889346 
-156.977403 
-153.919741 
-151.105973 
-148.255157 
-156.822105 
-153.916700 
-153.413556 
-154.002754 
-152.000000 
-146.164198 
-153.136467 
-156.423482 
-139.304687 
-144.775752 
-154.292573 
-152.000000 
-149.955897 
-146.023318 
-152.000000 
-152.000000 
-155.592810 
-150.596316 
-139.304687 
-151.741856 
-157.347720 
-154.054087 
-149.270267 
-153.969324 
-153.529116 
-150.047555 
-143.900451 
-152.941841 
-150.973449 
-152.834662 
-159.960978 
-152.698018 
-152.337934 
-151.734069 
-148.775707 
-147.486787 
-147.564665 
-151.886153 
-152.471007 
-140.745878 
-149.850714 
-142.999624 
-152.593256 
-145.554254 
-159.061222 
-154.809402 
-143.763731 
-150.353145 
-148.554573 
-151.678996 
-147.788182 
-152.000000 
-149.140400 
-151.156584 
-143.161103 
-153.109347 
-151.734069 
-152.554438 
-152.817309 
-153.277340 
-152.000000 
-152.000000 
-152.494144 
-152.075505 
-150.551177 
-152.000001 
-139.304687 
-149.384544 
-153.612188 
-141.164670 
-152.311538 
-151.132562 
-152.000000 
-147.422034 
-151.884826 
-157.164123 
-144.510742 
-148.683085 
-147.147525 
-146.287414 
-154.428480 
-149.028218 
-148.136829 
-152.000000 
-152.000000 
-152.000000 
-146.182574 
-153.801172 
-157.067732 
-152.682808 
-151.831844 
-154.277774 
-152.000000 
-151.107523 
-143.651992 
-156.478170 
-153.470696 
-150.020726 
-149.206393 
-152.107975 
-157.355549 
-152.000000 
-149.338297 
-151.691349 
-152.000000 
-151.999999 
-154.327118 
-152.881118 
-154.277774 
-152.000000 
-152.000000 
-142.913649 
-152.000000 
-153.986945 
-145.231247 
-155.613704 
-147.590230 
-152.000000 
-152.000000 
-152.000000 
-153.699268 
-151.620502 
-155.520774 
-148.437798 
-146.357036 
-151.977336 
-149.358866 
-152.000000 
-154.486311 
-151.693811 
-154.688518 
-150.403469 
-155.325914 
-155.710832 
-148.758804 
-149.818326 
-152.000000 
-151.257527 
-150.601361 
-151.999999 
-152.510454 
-151.750690 
-149.152825 
-153.340439 
-142.288442 
-159.435444 
-158.284906 
-151.976949 
-152.445883 
-153.710666 
-154.056835 
-145.373072 
-152.000000 
-156.686528 
-148.609086 
-154.204353 
-150.462678 
-150.874595 
-153.918405 
-156.262467 
-151.861685 
-152.875170 
-153.256582 
-152.000000 
-148.354487 
-155.372502 
-152.000000 
-152.110952 
-156.101732 
-152.000000 
-152.000001 
-153.496749 
-154.342132 
-156.288467 
-155.147380 
-145.735200 
-155.456915 
-152.000000 
-152.289361 
-152.000000 
-151.581984 
-155.948579 
-153.910052 
-150.895791 
-150.174143 
-153.335502 
-160.791106 
-151.173952 
-153.248324 
-152.696069 
-151.848954 
-148.613044 
-154.303230 
-149.479515 
-152.000000 
-157.762122 
-158.517576 
-141.214898 
-149.270268 
-150.358943 
-152.457199 
-152.000000 
-152.000000 
-147.444472 
-152.000000 
-154.186196 
-147.819359 
-149.985044 
-150.150740 
-152.490716 
-149.372223 
-152.000000 
-147.498690 
-147.879787 
-148.882110 
-157.090667 
-152.000000 
-149.423396 
-150.200157 
-150.071717 
-150.693107 
-143.758616 
-149.950441 
-155.508330 
-144.594966 
-150.934562 
-146.027068 
-155.495796 
-152.000000 
-155.230088 
-150.215552 
-152.000000 
-156.452738 
-152.000000 
-153.490301 
-151.078151 
