163.804874 
153.563965 
181.619855 
181.481425 
227.435145 
244.316432 
247.875122 
292.457167 
262.711136 
296.803517 
305.347523 
340.826466 
284.531037 
274.600775 
232.095886 
204.953187 
202.978608 
152.987570 
163.804974 
140.453410 
149.237634 
114.351835 
105.606211 
94.178243 
23.035186 
58.424225 
45.835382 
40.557390 
49.910585 
-12.647642 
5.100888 
-6.856361 
20.956212 
-33.891324 
-18.731240 
0.048966 
-8.919253 
-52.097306 
-34.007530 
-29.181827 
-61.876188 
-44.093024 
-68.361001 
-154.962505 
-134.000959 
-146.604199 
-145.165237 
-90.589598 
-132.913862 
-124.810392 
-63.076713 
-124.660726 
-85.897247 
-29.371458 
-1.651990 
64.822785 
64.898530 
55.068797 
52.579110 
60.789062 
9.011932 
38.091065 
27.248000 
44.774503 
18.952499 
27.312501 
6.901477 
14.176678 
25.327573 
23.792670 
3.158969 
20.300117 
-20.664722 
-12.700733 
-32.983561 
10.162420 
-26.692632 
-8.926131 
-17.735961 
-14.179706 
47.055595 
44.892101 
113.688968 
38.054425 
49.754522 
0.690849 
-14.984340 
-83.460948 
-122.801382 
-122.276791 
-165.308276 
-174.124966 
-191.658460 
-195.985406 
-187.215920 
-132.913887 
-118.136450 
-101.226578 
24.088178 
40.074308 
27.710129 
66.205575 
77.404573 
78.879383 
64.898830 
33.648287 
-15.216508 
-50.056781 
-93.082341 
-108.417438 
-83.460587 
-100.376752 
-74.523041 
-57.888175 
-68.924660 
-80.087071 
-34.007544 
-51.493856 
5.832166 
20.831477 
77.007345 
74.229473 
114.351353 
76.487346 
114.351756 
109.924560 
55.710673 
47.829577 
21.987497 
4.190831 
-15.740920 
-9.246324 
-20.024961 
62.597720 
101.454166 
88.977029 
111.918306 
107.837191 
91.945737 
115.243267 
75.520532 
75.716427 
38.487248 
35.436603 
-10.859802 
25.042642 
-26.362813 
-45.571110 
-32.727025 
-72.415912 
-43.941220 
-24.045255 
-26.901372 
-56.932784 
-28.554777 
-42.669628 
-83.461162 
-33.691402 
-115.424309 
-136.290098 
-83.461016 
-121.233499 
-60.506799 
-25.847858 
-45.943607 
28.024013 
11.888575 
-10.405365 
3.674440 
13.387536 
-36.150254 
40.572055 
16.297379 
67.637800 
40.171978 
52.535364 
13.915005 
-3.668624 
9.126758 
-3.277387 
58.348080 
59.310353 
72.287945 
125.846947 
134.540093 
130.557595 
151.587798 
136.969447 
103.553222 
144.587039 
123.390929 
114.022757 
178.414596 
175.197409 
163.804563 
182.952477 
163.804493 
157.720210 
147.501108 
142.852165 
127.646835 
126.271790 
114.351492 
106.418909 
76.046886 
45.172028 
-15.150903 
-47.539030 
-85.394356 
-112.787292 
-133.003322 
-171.621161 
-161.879038 
-111.623964 
-132.914141 
-73.660376 
-7.632782 
-59.449702 
-4.560814 
9.011842 
-43.470191 
9.819280 
-1.448024 
18.983702 
75.219846 
4.770557 
-7.770225 
65.183699 
18.057136 
66.605747 
73.880652 
76.929926 
55.260243 
65.469791 
21.290788 
31.186097 
-43.596559 
22.327515 
5.846782 
60.313282 
64.898312 
64.898216 
15.751488 
59.791087 
-5.571378 
14.936175 
-19.189477 
-33.622573 
-99.639860 
-31.700764 
-45.222864 
-73.999047 
-23.955819 
-18.941057 
15.950267 
28.648866 
39.989881 
40.171817 
64.898279 
15.445243 
15.445299 
5.122943 
-18.581732 
-34.852808 
-38.635631 
-18.083892 
-30.421385 
-40.616002 
-16.973633 
12.293532 
-61.952067 
-57.095327 
-77.564956 
-71.160267 
-67.820191 
-53.948405 
-81.178929 
-61.981073 
-71.352963 
-49.743757 
-34.007963 
-35.294512 
-23.806021 
21.293830 
64.898287 
83.104036 
39.508220 
114.351409 
122.258478 
102.646119 
114.351480 
63.249586 
28.372602 
-7.758698 
-10.827104 
-68.108803 
-13.708378 
-68.364207 
-90.395799 
-39.725966 
-74.148586 
-76.930408 
-57.421475 
-55.595377 
-39.018173 
2.620273 
2.674908 
27.463916 
59.586796 
69.939443 
62.929272 
45.135121 
-19.240927 
-15.809437 
-32.471633 
-16.435707 
-9.528327 
-38.169610 
-46.016951 
-46.469277 
-120.454472 
-100.212220 
-106.347575 
-85.161613 
-33.891229 
-67.769339 
-69.316219 
-34.007487 
-63.952483 
-54.711269 
-73.716146 
-90.797631 
-78.419779 
-71.144174 
-50.423929 
-53.261310 
15.445651 
15.445697 
95.154779 
82.682998 
64.592043 
10.500594 
-9.280912 
-25.578897 
-28.472010 
-10.600630 
-46.897065 
-52.588275 
-34.007456 
-59.774888 
-66.466401 
-29.189415 
-46.055067 
17.047683 
25.617209 
51.525139 
14.143766 
28.668398 
12.244782 
15.445579 
29.353805 
32.444936 
0.767173 
44.396144 
10.956007 
9.132511 
-12.554641 
32.573548 
15.445626 
-1.584133 
-15.542815 
-69.395463 
-51.309106 
-39.627151 
-61.722197 
-71.285569 
-47.741647 
-132.914039 
-75.365789 
-70.376273 
-83.460522 
-83.460782 
-72.311883 
-94.653625 
-58.090253 
-58.734288 
-34.007451 
-27.496985 
10.499961 
9.713156 
51.508018 
93.629610 
47.150868 
40.171973 
-4.644743 
15.445254 
41.503821 
60.127579 
76.241422 
97.284804 
133.876988 
122.837904 
125.552937 
188.531097 
147.686512 
174.079696 
170.667743 
170.786808 
74.828558 
105.144674 
39.841102 
-5.824925 
3.758005 
-49.164480 
-10.386625 
15.445424 
-3.967328 
-35.463177 
33.365061 
0.523465 
54.917053 
91.912255 
38.912262 
45.304881 
9.320908 
4.674518 
75.907199 
81.245524 
89.624851 
73.472818 
56.364631 
11.354006 
50.313187 
22.563344 
-9.573721 
14.000740 
-14.008927 
6.927544 
-30.906141 
-83.461124 
-42.075329 
-34.256473 
-34.008076 
-5.263379 
44.190779 
15.444971 
40.171556 
3.007604 
0.002779 
17.299071 
-2.921713 
12.552282 
-53.012330 
-34.008121 
-81.819157 
-34.008005 
-57.629354 
-82.812804 
-78.707395 
-28.875335 
-97.200792 
7.156212 
3.525770 
39.847223 
73.564123 
92.340031 
64.380269 
81.730442 
85.094677 
38.374365 
40.171809 
56.974213 
20.750821 
30.996410 
-16.216376 
-12.733139 
17.804025 
-9.281306 
-9.281240 
-8.256002 
-34.007745 
-42.517582 
-26.372211 
-74.420293 
-34.704342 
-89.722846 
-117.731830 
-108.187445 
-149.102406 
-165.278773 
-164.175203 
-182.376428 
-145.277368 
-150.122740 
-145.681204 
-169.506701 
-227.505546 
-228.601484 
-254.321547 
-224.607141 
-265.096246 
-174.931744 
-192.982736 
-139.727590 
-132.913924 
-140.749945 
-120.557686 
-132.913957 
-71.999626 
-108.187423 
-56.326500 
-24.744554 
-34.002874 
-436.203298 
137.388565 
298.326743 
84.607900 
-89.000532 
-15.868772 
314.257169 
114.355924 
-285.956804 
500.120304 
-405.917464 
211.877193 
65.180161 
433.322854 
196.570811 
-8.941025 
223.158290 
64.902492 
202.811152 
140.628314 
163.806508 
157.676571 
271.258116 
15.862661 
298.584764 
-730.925767 
-2.146295 
-158.200851 
455.916314 
28.075173 
208.834344 
18.306594 
134.301843 
-382.387547 
588.286226 
-223.212045 
127.441952 
-132.913087 
171.217620 
51.823021 
59.128219 
-148.823582 
383.778604 
690.527429 
169.107803 
-85.772534 
326.127022 
163.804480 
55.715517 
324.030689 
166.008568 
96.670582 
7.716309 
477.092931 
-286.144182 
15.444039 
78.794160 
-251.254307 
-120.806623 
-131.274862 
69.577773 
-29.334959 
67.683642 
396.152275 
131.113172 
605.141561 
-81.048989 
-110.505661 
331.868265 
261.323933 
271.137980 
383.536720 
369.857426 
-107.150865 
154.272377 
1131.742370 
45.440718 
-219.947549 
-129.527676 
781.884016 
115.951518 
473.740542 
136.330983 
358.186438 
401.915723 
330.493902 
1227.047145 
-108.703771 
620.977214 
-39.290175 
959.996855 
386.713392 
-339.833579 
573.941536 
781.968054 
-183.916395 
-338.780484 
394.668837 
363.201170 
-285.838981 
-176.181149 
25.248484 
59.818100 
460.521845 
323.139431 
-415.703544 
291.440015 
103.497075 
-28.266421 
213.258379 
712.317732 
-193.340245 
-260.158186 
-148.425703 
372.849983 
163.802547 
511.791431 
-729.125960 
-588.357476 
380.401280 
207.993684 
386.340741 
-727.167820 
411.071833 
-394.115892 
191.445793 
-170.413708 
389.159643 
70.154122 
-247.172358 
-279.684191 
-428.540417 
230.846134 
14.835010 
-252.710665 
-170.423636 
-410.931765 
-113.977876 
-336.527941 
-79.632607 
-81.913209 
20.918395 
-17.149330 
478.522447 
-970.660230 
-1078.162804 
-175.989470 
-295.099244 
98.682578 
-380.947264 
216.189432 
398.391255 
-164.843038 
38.232634 
-185.559646 
460.524948 
-119.342211 
-80.693484 
-490.988590 
658.337652 
52.802584 
20.041254 
240.622522 
-204.932323 
422.691726 
558.616239 
-655.970487 
201.864055 
-226.750215 
-93.911270 
660.736195 
-176.773641 
404.648093 
40.172948 
188.533046 
698.874332 
-979.198965 
-214.809954 
-36.116191 
283.352831 
285.617832 
-150.901374 
19.389320 
90.383315 
-99.563701 
-498.141774 
262.845251 
-141.442855 
-3.464688 
232.481920 
211.454004 
86.203366 
-174.719439 
213.258958 
323.477778 
707.787555 
-726.418003 
-53.828589 
-177.298675 
150.596369 
-73.819427 
312.164153 
269.874596 
-560.525626 
-416.664150 
-4.553449 
-325.817852 
119.913515 
-412.221135 
-119.926292 
-670.434843 
-152.695525 
-245.118213 
312.164914 
131.737900 
160.508657 
-347.280615 
371.586182 
-32.369101 
-13.102604 
-167.345848 
155.829436 
-55.175218 
-45.458825 
-114.173045 
-1.477920 
-8.682838 
-486.437296 
70.286012 
68.997968 
290.905077 
-222.795811 
-204.300445 
181.947414 
-358.907653 
-97.424982 
645.727436 
3.408429 
181.007299 
-34.007283 
213.258276 
-47.884354 
-619.148016 
239.765089 
-15.176100 
-216.824163 
542.619438 
-633.039073 
361.082333 
-169.958174 
233.321836 
45.506932 
764.845926 
-422.729605 
133.374344 
-421.184891 
-34.005547 
237.985837 
-83.459699 
485.251002 
738.693177 
-595.808102 
269.089148 
-115.821680 
395.529737 
-577.831291 
-202.696924 
130.519392 
601.456900 
-711.263086 
133.484101 
141.284962 
-334.304253 
-358.155986 
-233.922617 
-59.882186 
160.226137 
-404.711310 
98.038650 
312.164045 
-170.463929 
-366.649274 
73.130537 
114.350144 
160.369949 
-499.015192 
732.515270 
69.295773 
-396.856921 
312.162230 
722.626214 
-414.253253 
245.161044 
-802.078147 
-293.903793 
-245.760223 
-152.771827 
-226.983220 
335.868252 
-421.659548 
80.762101 
426.904869 
698.995148 
-254.710773 
-148.529942 
400.796415 
-379.092088 
289.501736 
667.999134 
149.497969 
268.466589 
96.561955 
-451.298137 
-302.636478 
-39.353027 
214.261511 
225.873431 
-2.923348 
-384.747971 
-776.720536 
65.619874 
188.650879 
23.985195 
318.923647 
-203.308945 
-145.851522 
608.880728 
19.029592 
605.128004 
25.828778 
388.447957 
-593.056967 
410.288771 
-284.967132 
-207.243575 
-34.006501 
435.796502 
231.269202 
-474.884455 
-94.790882 
-385.129047 
-34.004032 
56.361685 
138.008816 
-414.730378 
-572.624076 
-108.398503 
237.986749 
41.643773 
-334.316599 
-101.092639 
-169.730859 
-253.640482 
-31.722772 
-282.749458 
-201.691691 
-147.315703 
-209.548155 
781.970792 
-174.638605 
75.718155 
-40.568457 
-49.861269 
-283.667315 
182.097063 
-260.921832 
273.942792 
287.440384 
446.498610 
-456.406480 
13.661438 
-150.989018 
-352.602578 
-537.783524 
-406.174629 
-55.805055 
237.986746 
172.937663 
-79.446069 
15.442476 
163.802454 
37.306990 
-220.286449 
-222.228950 
64.895695 
633.600865 
391.261809 
-332.378759 
-169.891992 
74.918455 
-36.645010 
122.297847 
15.448421 
-10.823596 
-9.282348 
117.864709 
61.761149 
193.063659 
366.596614 
-278.495270 
-27.906339 
27.559083 
361.622384 
43.993783 
114.445961 
-318.508321 
-229.193455 
329.037662 
-565.640715 
267.118943 
-34.418551 
621.333613 
-385.112240 
218.924953 
64.898054 
-478.458409 
1134.109315 
202.439799 
433.759834 
-965.450361 
-33.176178 
-205.448124 
-318.170574 
-107.195896 
-350.469958 
-364.072108 
509.829221 
-83.460772 
-628.289175 
-114.794723 
-159.741550 
-145.563144 
-194.858732 
-107.687539 
263.907440 
306.848906 
251.554861 
-199.415919 
-108.190361 
144.190389 
-329.479545 
-157.642500 
-481.117807 
-385.616273 
-182.368279 
-9.283945 
-326.335808 
-533.376483 
197.950475 
-283.708786 
125.639870 
-467.751853 
-58.737018 
-196.951413 
-132.918683 
2.148131 
-184.153663 
-75.548704 
-114.325612 
-1254.835814 
181.997481 
-606.489799 
-15.461977 
-306.161948 
-388.500282 
-154.401776 
74.752512 
-569.690218 
-121.194303 
64.892724 
222.600614 
145.538245 
-892.252856 
-103.352613 
2.572039 
697.750755 
64.895395 
163.800355 
-188.463430 
386.341759 
-247.458914 
-25.166936 
-224.698689 
-306.458458 
85.582729 
-40.113355 
-9.281832 
127.691938 
-75.150544 
-398.740245 
-736.723304 
-262.730065 
17.113819 
231.207585 
-127.924086 
91.815530 
-250.897687 
-105.436566 
-121.166443 
-514.720046 
72.308778 
-27.639480 
497.753240 
-58.729991 
-150.068049 
10.611718 
-157.636526 
-177.464601 
-305.995405 
-757.511178 
-32.771822 
114.362924 
-380.037784 
-30.263932 
227.601962 
510.775002 
-913.089296 
-68.616165 
-93.493355 
361.627117 
-809.447892 
260.694611 
-281.432498 
256.032163 
165.056958 
769.584930 
733.045254 
-96.328451 
242.661988 
435.799074 
82.334117 
27.621927 
1276.495987 
312.378710 
764.552190 
-192.295409 
177.023198 
-586.150240 
-130.858021 
552.040935 
112.806226 
569.232463 
101.783601 
479.064416 
244.611597 
-247.688193 
371.331670 
894.629672 
176.783940 
287.431659 
477.255948 
-252.315398 
-124.608377 
-21.617223 
455.302966 
1163.131177 
507.960602 
-422.143403 
-62.939862 
509.969303 
127.377985 
1291.440849 
495.466574 
862.064896 
437.339944 
450.244866 
-68.854546 
1721.569498 
177.163524 
212.480254 
51.111134 
-297.327613 
125.909652 
-399.649313 
92.905247 
283.051233 
-421.686629 
548.411334 
142.516367 
461.289137 
443.230896 
431.728985 
-179.360824 
-62.229755 
-155.643266 
494.860535 
109.414541 
1316.160378 
-142.704047 
350.218793 
293.786212 
345.542836 
770.038820 
376.722152 
129.314588 
473.792898 
945.131490 
-259.463888 
930.327416 
-204.086459 
812.672303 
170.532803 
406.125073 
346.068691 
-383.113356 
119.529182 
806.692634 
-325.844603 
356.107053 
97.648913 
377.624820 
-192.428680 
43.251546 
323.727773 
-423.613113 
608.885881 
233.841294 
-968.965048 
970.798172 
0.746080 
580.247727 
262.720654 
529.353610 
-601.868813 
-143.149209 
-840.179931 
228.225574 
361.621241 
533.543545 
-840.615934 
-544.621301 
163.241362 
202.300504 
534.707625 
-779.227909 
608.893179 
-318.008795 
391.261174 
335.487891 
506.191962 
-361.130031 
691.561283 
-784.940019 
-293.733818 
74.833717 
317.337346 
159.803426 
-322.442648 
-476.045486 
-498.917343 
-668.972731 
61.034610 
-66.461610 
61.574503 
-984.982070 
15.533712 
-1307.447639 
-1128.461956 
-496.295845 
-102.217313 
-575.577474 
-350.019031 
162.780035 
968.805751 
-150.805647 
233.190017 
-456.505147 
114.349477 
-225.649645 
319.729293 
-625.618313 
831.416406 
-128.983907 
-311.383179 
308.773889 
-286.988269 
0.564514 
204.341101 
-809.627007 
152.500372 
-369.043572 
-691.464253 
600.909505 
-267.350010 
-457.126533 
-182.367669 
126.702830 
273.868609 
-469.395488 
124.453848 
-683.799507 
-42.018113 
785.774440 
-195.543809 
225.250136 
59.960422 
-95.282590 
-457.123283 
488.864753 
664.940454 
-82.001170 
852.020500 
43.628227 
-304.440718 
369.699605 
1029.227664 
393.159006 
930.325580 
-1567.727120 
-504.667192 
-106.081870 
-48.855291 
83.333192 
831.423949 
-75.660670 
-604.815756 
180.175277 
-907.053340 
302.585118 
820.812490 
-375.024034 
-314.596295 
-485.374735 
-204.052806 
-30.684032 
559.431778 
-10.366060 
-396.660610 
-270.959846 
455.372960 
24.130629 
218.144538 
-303.195308 
299.958535 
73.045851 
-256.502903 
-126.638078 
-217.718354 
246.370159 
-852.701818 
406.417398 
343.494478 
70.421344 
-412.544711 
187.721329 
71.078577 
5.096702 
-556.817329 
288.160872 
-509.889291 
114.786156 
658.341954 
1523.769540 
-879.703411 
-125.926861 
-644.102147 
-8.747642 
-391.328140 
431.377562 
-1558.993486 
397.724170 
-439.201477 
167.496421 
-440.421784 
950.583728 
-523.224454 
-89.874261 
-210.806831 
633.609616 
163.806808 
633.608701 
608.883911 
502.975584 
-418.295404 
790.006102 
-223.079279 
723.174314 
-619.516121 
-634.613546 
-86.267992 
882.884963 
-785.903505 
119.511964 
342.657107 
-358.736724 
-1032.334569 
-91.242037 
-624.825421 
40.209133 
-500.329385 
38.089940 
188.530991 
-54.867822 
-307.713929 
-411.416129 
336.887762 
-244.722544 
-1035.192131 
-83.465271 
449.249604 
-61.399728 
1177.592442 
168.747871 
-475.313377 
-452.690985 
-644.444302 
-211.133043 
399.065446 
-201.195029 
-369.171444 
1093.876703 
-203.427292 
210.016006 
256.868890 
352.267883 
-519.975478 
429.082825 
387.770937 
85.345020 
271.453888 
295.540807 
290.009262 
645.975012 
-208.575706 
-137.208643 
-141.362162 
202.602991 
416.448373 
-455.591674 
-196.900575 
-167.707275 
-1046.449385 
652.048862 
-374.529131 
61.504867 
191.860934 
-345.563855 
546.951926 
1227.041753 
-1153.664112 
583.755630 
128.062596 
-19.503053 
-372.067105 
558.000153 
-477.591310 
-168.117905 
633.607936 
411.068817 
589.545686 
-19.046739 
138.601083 
-543.364955 
336.886742 
-504.918569 
-468.183027 
150.097082 
-817.888506 
-413.643797 
89.621866 
406.989998 
171.101908 
-99.352563 
-229.238535 
82.188636 
537.664140 
-358.533643 
-240.463650 
66.977396 
-182.018409 
-182.364071 
-47.923992 
-540.898925 
-227.965369 
-655.117980 
-481.336416 
525.215667 
-453.994643 
526.129589 
-34.003990 
-230.264831 
-1108.275693 
-205.136487 
-48.014002 
-51.825534 
-675.002722 
-172.691773 
386.140526 
15.443519 
95.967030 
122.220458 
262.713773 
287.438316 
-342.240615 
25.872415 
-256.890405 
485.254058 
188.533292 
198.542337 
-253.253255 
-321.314718 
450.030421 
575.924590 
116.908614 
287.429524 
-729.440618 
-83.460960 
-150.895902 
149.448600 
225.051821 
565.030648 
-418.910689 
-21.381677 
189.168336 
460.510688 
780.560999 
-90.807686 
-25.636982 
-718.251146 
-69.401798 
-250.426809 
-5.771629 
24.694393 
656.313835 
-126.802402 
274.955054 
188.530817 
-281.594952 
763.303517 
-151.306372 
480.659480 
-414.581872 
-293.742389 
248.977625 
-242.984738 
167.048231 
-94.985707 
-55.658427 
11.284201 
-83.459122 
-673.349023 
82.530712 
-231.674964 
-442.092101 
399.998090 
-577.562665 
238.476386 
211.895317 
282.443489 
-219.823103 
-58.731755 
-498.273129 
-707.355896 
-34.004086 
-561.408093 
-417.139753 
-34.005889 
40.173112 
-226.086455 
-80.918522 
-534.867215 
-84.670898 
248.607979 
-938.210901 
-9.276999 
-386.008547 
-58.731174 
-502.211838 
-339.118693 
-403.937885 
-179.212291 
-770.699925 
319.018666 
-737.306201 
-295.677364 
44.358118 
-163.080107 
-545.941189 
-340.029383 
-598.601158 
24.597888 
-108.185690 
130.823092 
299.740693 
-360.648511 
-344.444456 
296.331204 
238.152935 
-83.459046 
139.079424 
-64.032791 
-34.003999 
212.518949 
-263.567972 
-659.491772 
-242.292577 
-167.245963 
-150.295761 
163.806211 
-84.438952 
-419.995915 
-186.865900 
-399.170048 
-375.539956 
-90.097601 
-2.040134 
-293.428230 
-395.432950 
-407.886979 
-227.683814 
-391.893077 
-362.789204 
17.054404 
44.530567 
-150.785865 
188.531801 
-80.400267 
29.992381 
-305.995442 
39.985633 
-305.997648 
-445.168289 
-60.163707 
1029.239722 
175.906666 
-420.720667 
714.159799 
27.659328 
-346.716421 
327.004808 
295.246762 
856.151839 
-369.344302 
522.067671 
-139.814706 
606.262673 
368.224677 
869.959143 
255.720727 
-106.357105 
22.594211 
361.618285 
366.270442 
458.454960 
361.617708 
277.321349 
639.665686 
-278.839079 
101.925432 
-250.775835 
491.087690 
727.914554 
-49.984427 
488.815198 
204.328197 
32.507293 
-27.761578 
631.581733 
-1.279743 
123.405884 
-405.035948 
411.067759 
472.428404 
36.491692 
40.246996 
87.435716 
-245.375838 
1019.644202 
498.021310 
398.362938 
-775.134860 
831.418325 
133.005436 
837.917284 
-318.970952 
532.602289 
-222.552874 
416.368454 
-134.779884 
831.418479 
65.898412 
-289.232136 
97.571047 
510.369265 
322.675340 
-25.132085 
-42.916938 
414.202112 
-126.316983 
599.834518 
18.539692 
-485.944023 
821.183987 
91.815568 
241.865246 
616.303494 
73.495347 
-96.761250 
466.659035 
2046.109001 
340.401041 
-240.450911 
-147.263308 
323.715712 
438.936783 
-350.069229 
-6.917841 
102.049342 
75.049627 
-147.783935 
534.702962 
355.881964 
802.759590 
232.600631 
406.124425 
301.303452 
-110.103709 
-453.310789 
781.967279 
-144.250610 
304.793893 
521.447586 
119.102520 
368.118831 
-183.331760 
-63.695082 
-311.306542 
757.240053 
408.222706 
-859.146215 
-465.697333 
359.591355 
-257.009821 
262.710260 
454.325925 
-217.774557 
286.489100 
-578.370243 
-215.614215 
460.521207 
121.697917 
-451.035226 
119.872125 
637.990300 
45.630916 
-34.013045 
73.702613 
1325.950432 
129.291428 
144.707094 
-449.316273 
746.673917 
-524.911943 
-70.775141 
0.883120 
274.515610 
232.389595 
-201.933990 
-260.155423 
-23.838205 
-1052.610947 
-476.323999 
-19.791036 
94.895509 
434.248063 
-43.513970 
-589.352393 
489.381376 
-168.024459 
-578.345981 
-335.947347 
-231.918560 
471.888503 
198.763881 
373.307327 
104.663122 
-194.460324 
0.735458 
217.906390 
930.325525 
181.229647 
-513.773494 
-438.915035 
707.791701 
54.902888 
-327.986388 
460.342737 
-199.155796 
-79.941499 
-55.968169 
-267.284566 
206.911644 
-194.054177 
-812.127940 
270.687478 
-233.315427 
-801.532420 
-231.822247 
299.796605 
32.285806 
245.088174 
-347.949713 
-523.542811 
166.064160 
242.433893 
-701.983896 
123.714021 
-207.389159 
-301.893547 
-302.071852 
92.211567 
-95.002526 
-187.757377 
698.403291 
-221.008841 
-450.742818 
-93.064330 
608.883438 
259.684908 
1078.688038 
-776.873446 
-229.151858 
-517.099747 
-312.260211 
-358.238482 
633.611748 
-37.460665 
-2013.883034 
-979.106199 
682.022647 
-42.614894 
665.252075 
-453.610881 
249.899808 
177.972586 
-89.799946 
-434.544698 
880.875261 
6.786480 
-424.684508 
-366.815676 
439.279814 
-602.323408 
-376.409234 
-132.419549 
741.557557 
2.143204 
-614.980594 
-58.822016 
177.862503 
22.193367 
-267.269399 
292.405307 
208.766796 
111.324945 
75.085136 
-161.318698 
-79.202910 
588.473054 
-593.625612 
38.117291 
-290.142217 
-482.318273 
114.349574 
1325.951218 
-864.356508 
-353.092143 
-324.486022 
369.340331 
-77.241857 
508.201973 
-1316.937188 
230.532778 
-27.265224 
111.152453 
-656.263877 
601.485105 
17.294597 
288.381618 
-14.294984 
485.249927 
-34.008026 
633.610062 
361.616567 
-284.172729 
-216.951238 
554.584944 
-172.218575 
543.648689 
-288.068046 
-770.450930 
112.786318 
936.934583 
-151.308299 
-473.416946 
-197.752811 
238.218017 
-179.607015 
132.623636 
-506.804309 
70.905760 
-166.223971 
-88.462056 
287.439890 
-298.591084 
-440.468083 
-16.132637 
584.158290 
33.227045 
-309.115605 
15.447394 
-143.132532 
153.151009 
1029.236051 
89.626196 
-220.987310 
-231.102319 
-437.359161 
194.910481 
104.564865 
262.233789 
-49.556696 
267.403382 
-223.496708 
170.283112 
-234.586982 
-305.020669 
-556.933482 
44.555911 
299.358576 
-392.101460 
-212.289666 
-400.644379 
213.099602 
-84.587517 
-104.218300 
-109.635399 
-102.865604 
279.546097 
-7.232916 
380.182476 
-76.914354 
-645.668123 
-572.743417 
443.986301 
-207.308827 
-258.318049 
315.110830 
67.845877 
80.434309 
1325.951717 
-6.567340 
106.183314 
284.558048 
64.644946 
514.238660 
154.001050 
-381.858674 
-379.286965 
485.249908 
237.984004 
56.366685 
-159.779617 
-527.423660 
-596.124526 
732.516059 
-477.860400 
-7.689286 
108.092206 
-89.927568 
-543.703950 
287.438821 
-63.953530 
123.848403 
89.302227 
-427.485163 
247.064429 
-77.027652 
146.616309 
102.484606 
603.942955 
-4.979209 
-34.004931 
-221.001213 
-656.806238 
91.912409 
-115.072151 
-258.106428 
276.657267 
-134.002788 
179.989601 
-34.004615 
34.273260 
-814.508712 
-69.167706 
45.538378 
-132.674501 
-391.980008 
-108.876802 
308.192113 
-58.730406 
51.761900 
-200.613219 
163.805679 
188.533320 
-133.195152 
-114.050754 
-469.494550 
287.438619 
287.438332 
12.647495 
-622.498304 
-389.186043 
233.829598 
303.567273 
-144.186681 
336.890672 
106.624473 
-83.462045 
43.141123 
301.746360 
180.767182 
244.017935 
-339.911853 
-460.461837 
146.053120 
287.437410 
-297.670710 
179.870155 
-194.281493 
-743.017178 
-627.276288 
237.656195 
-409.334903 
-344.372112 
-282.914976 
-172.820355 
377.941705 
188.529574 
-726.644727 
-159.833698 
-143.336906 
12.790815 
-313.601549 
219.589828 
-665.391111 
-790.680084 
-189.977117 
249.901647 
330.550830 
22.625131 
-34.008396 
-31.108139 
292.493492 
-39.859854 
-1250.051547 
509.534855 
-468.756017 
-388.495341 
-159.515818 
96.552070 
-518.139893 
-34.009063 
-540.738009 
-157.181617 
-58.734020 
-1020.060374 
-655.338286 
-58.733993 
-34.007695 
-400.681878 
-212.793528 
-187.866296 
142.221560 
-223.276117 
-389.082627 
114.351010 
-182.258795 
139.078241 
-142.779502 
197.147131 
-277.600308 
-277.911841 
-439.958125 
-34.645272 
-108.739871 
-362.318018 
282.094590 
-153.650241 
-120.015465 
-507.993130 
-53.283337 
59.067920 
163.803261 
-264.122144 
27.342985 
-535.633573 
-247.368802 
331.419948 
-11.633801 
163.803400 
237.983529 
-197.716683 
-9.280625 
-29.156872 
-570.076402 
-321.078573 
-246.789933 
-428.697749 
191.607508 
-207.092714 
-103.015983 
225.066498 
-241.139724 
-652.027558 
-200.912215 
-220.600541 
-334.916635 
-556.595515 
-166.360749 
187.116411 
200.455364 
-295.476200 
-622.697342 
190.960106 
-199.219695 
-206.181985 
-256.547622 
-344.307659 
-513.184877 
-306.001842 
-202.127414 
-306.000663 
-394.013357 
-600.790458 
683.063336 
49.413906 
-221.912801 
360.388338 
-203.939357 
-1006.112513 
-490.622599 
245.053520 
880.874194 
-332.311176 
378.617926 
-325.087423 
371.194836 
190.914514 
467.031881 
285.182830 
-618.671221 
371.189257 
287.438466 
-70.281158 
640.131326 
509.975690 
413.401675 
624.087721 
-232.582216 
-300.993371 
1129.581772 
665.923118 
517.802529 
-418.577535 
141.336014 
286.649558 
349.536620 
542.882497 
-470.471089 
390.809267 
139.181292 
-355.554793 
1474.309305 
1037.398560 
-478.313761 
-492.168811 
153.086750 
416.891907 
1095.123984 
407.703522 
-700.009666 
-242.854701 
114.352197 
445.029536 
125.377241 
-64.617299 
-49.667687 
-219.463033 
-389.368263 
700.410120 
608.881831 
418.876441 
-124.920438 
477.774518 
-574.837562 
-3.003876 
-204.116002 
477.753404 
598.489499 
387.855203 
27.244523 
-168.548916 
657.046102 
1127.786400 
512.430142 
383.817935 
97.767213 
-162.024690 
-176.137677 
915.178661 
711.171403 
-87.111044 
-243.442932 
494.143531 
394.051287 
316.569810 
-15.251705 
159.562399 
-35.319364 
548.916832 
64.390227 
460.516888 
245.297997 
-5.835215 
-553.103503 
907.252323 
170.840353 
-34.769551 
31.578980 
732.509550 
-100.165145 
232.527522 
25.366216 
1.587307 
-883.658774 
-251.466022 
59.103172 
-95.594166 
1276.504875 
517.989000 
-852.996117 
-97.231558 
228.625199 
-355.533843 
361.616327 
-128.169867 
-142.193879 
-117.602794 
-229.033425 
370.630655 
930.331772 
188.479887 
-787.742801 
-466.578750 
-214.208595 
24.663837 
608.887058 
46.922121 
114.358100 
-107.114630 
11.631120 
-303.333267 
728.972822 
-588.916378 
-95.834068 
-299.117310 
-477.823806 
475.745081 
-21.144824 
-368.866716 
-438.666687 
-210.585724 
-120.122187 
94.734256 
164.556612 
-825.253990 
9.533356 
-405.986781 
369.202813 
-293.037564 
-505.248596 
-95.406714 
-503.301795 
567.387016 
428.154233 
-166.922739 
-79.044393 
-205.540263 
28.310432 
84.843118 
64.898609 
8.003189 
-323.702051 
-257.756362 
781.964488 
-330.105380 
-779.483667 
66.321488 
404.489999 
457.509184 
508.919617 
-655.048588 
-372.126496 
132.372486 
-257.489819 
-20.277434 
-47.676814 
-973.974505 
163.801634 
460.514998 
791.301759 
-416.548000 
-279.727955 
-323.822210 
-199.198997 
176.233682 
39.846427 
-133.166287 
11.782642 
391.850287 
216.463700 
455.952035 
-189.501653 
-114.359226 
-208.926784 
-5.333669 
352.255773 
44.148735 
732.515559 
526.574336 
683.060092 
-789.531220 
-207.983710 
-265.403543 
-235.224027 
-177.223819 
509.971879 
133.274698 
-380.094433 
-243.668102 
112.244487 
-114.368081 
191.059408 
-45.133890 
393.580397 
122.899858 
-955.205366 
139.265872 
584.155610 
531.712871 
711.083372 
-697.245012 
-572.099419 
92.781222 
192.456739 
573.355677 
-282.724298 
-292.877277 
-389.057857 
-140.902232 
180.645526 
178.581547 
-7.331741 
67.866285 
370.146081 
-59.883346 
-223.797662 
-320.613927 
-16.902097 
-220.087698 
126.561530 
-133.677546 
-524.987325 
-189.526581 
1325.950215 
386.339787 
-359.223508 
-334.001895 
-298.728546 
-4.485363 
620.195284 
-157.593450 
-676.268711 
-298.996250 
444.088544 
-19.377065 
-92.374873 
404.246760 
9.197232 
49.248383 
-342.020496 
-34.010251 
-34.007767 
312.162877 
584.157128 
-180.919995 
-341.911822 
506.213829 
-395.774356 
249.683987 
155.864078 
-149.352722 
-93.201389 
507.295520 
-420.556610 
-59.116565 
259.839748 
177.740849 
-534.737721 
-156.764363 
-241.464375 
-15.992708 
96.619804 
-38.876401 
-9.281232 
-203.694011 
8.083238 
-188.371265 
-83.460471 
-129.921078 
-1473.510311 
213.258235 
766.926058 
237.104552 
411.069931 
379.748544 
-640.569998 
-55.847773 
-577.989221 
-173.966192 
-156.584204 
290.342045 
69.970328 
-54.762225 
-342.444699 
535.486769 
-306.171865 
115.271199 
-67.573150 
-215.289470 
331.504898 
59.458871 
-122.746472 
219.633642 
323.956468 
-416.757504 
-118.538994 
-232.538290 
-6.436684 
33.135265 
401.028696 
-164.149744 
-34.069693 
179.583657 
-506.744298 
207.660625 
-36.829754 
-67.521107 
-90.114756 
371.151172 
584.445481 
336.892065 
-315.326786 
-206.328483 
82.804368 
35.634027 
46.540752 
550.011807 
66.510649 
-104.748546 
139.076376 
-9.281667 
-88.662560 
415.821316 
-58.703245 
195.132070 
237.984590 
453.683612 
-249.291655 
111.100154 
-37.056209 
-139.909934 
-34.005787 
86.725115 
-476.750655 
89.349622 
556.765819 
27.894902 
254.857013 
112.930817 
-550.731028 
118.282266 
-48.938407 
732.517180 
798.965518 
-1010.702254 
134.574575 
-15.079604 
-36.392915 
272.730921 
-366.882856 
-69.885292 
188.532066 
-420.885933 
21.103285 
-244.913095 
-83.212670 
-36.246411 
-697.424502 
-285.392307 
-80.586063 
-83.451091 
-213.488845 
303.070480 
188.536054 
-157.636048 
-284.061086 
20.632454 
-498.463680 
287.444309 
-132.909632 
14.369587 
-965.369108 
-103.562376 
-68.199487 
-188.195210 
148.484130 
64.910457 
-219.450589 
163.818581 
577.457356 
-210.992669 
179.491833 
-65.484053 
-92.250029 
-461.698608 
364.521558 
-602.725860 
344.966825 
-206.390838 
307.754373 
-218.502771 
101.876179 
6.197576 
-113.435552 
-153.497263 
1392.399277 
-229.841036 
642.211926 
-58.737671 
-147.765271 
-494.746650 
-55.083186 
147.064809 
-137.237101 
-212.885827 
-251.829893 
-108.969536 
136.186111 
-289.332214 
-118.956695 
29.528652 
-108.191240 
-273.146885 
22.393792 
62.636603 
322.889839 
136.624987 
-251.591445 
-676.181998 
-300.749802 
23.084450 
3.953293 
-108.192022 
-2.668799 
-256.897657 
-132.920593 
-309.142686 
174.820823 
-34.011743 
64.896624 
-41.185565 
-610.805310 
-266.433222 
198.008011 
-88.233562 
-300.307860 
163.803145 
-333.017437 
139.077930 
-522.736872 
441.707495 
52.582117 
-67.269998 
-721.231702 
-382.138150 
-310.112347 
129.586520 
-3.039237 
-325.724262 
-89.169457 
-359.633295 
-50.487417 
-337.402897 
114.353590 
-164.896015 
183.379878 
-557.591511 
-202.019008 
-153.933966 
-6.918782 
485.253828 
139.080512 
-1111.807001 
-34.006046 
-555.755493 
-256.282958 
-567.313545 
-225.194312 
-473.854360 
-294.687334 
-58.731796 
346.361726 
-240.968533 
-398.585383 
-177.500797 
-290.547742 
-296.382913 
-350.492751 
-308.269149 
-409.354710 
-138.685568 
-672.111107 
-85.338844 
-460.683932 
487.515902 
-688.959616 
-3.118357 
-306.001755 
-285.854841 
-134.055562 
-306.003235 
-229.096899 
-306.004769 
-762.953748 
-162.821342 
757.241537 
-139.544915 
-152.742989 
694.960180 
-514.241617 
-660.668740 
-490.623897 
-146.013427 
1128.137561 
-700.189129 
485.824445 
-110.979640 
127.177436 
84.755508 
1350.374884 
226.945037 
-351.889288 
183.977655 
262.705962 
222.672989 
769.280015 
856.148028 
364.816757 
355.227947 
-127.785504 
-98.525765 
844.764637 
459.642495 
459.249361 
-458.067015 
133.577862 
-172.893884 
337.063399 
649.727559 
-228.856155 
60.164998 
-66.634089 
-336.859047 
1276.497150 
782.239827 
70.234773 
175.558185 
315.937706 
338.734377 
1463.732928 
327.991408 
-411.340951 
150.097694 
460.521103 
-184.833809 
394.584229 
241.515809 
41.542561 
-239.552183 
-474.841197 
39.798997 
509.977449 
-60.886848 
-763.771950 
-329.195187 
-844.271624 
127.732877 
-392.819992 
-61.824075 
188.344432 
-144.677435 
-170.910242 
-361.241155 
811.550608 
572.636968 
100.596267 
471.846090 
-464.218101 
-104.641925 
92.524206 
849.689542 
104.363838 
221.368415 
236.827886 
71.709250 
417.506657 
158.804215 
-256.194619 
-644.269806 
-67.140389 
84.957201 
134.924136 
905.598026 
-111.372383 
-117.696982 
-425.618115 
854.499611 
667.508710 
-54.674400 
338.704008 
460.526937 
1.163128 
-229.997595 
282.858182 
-429.958458 
-239.563218 
71.283199 
509.632803 
264.642105 
1078.688008 
321.928497 
-397.033345 
400.281821 
189.389883 
-289.245345 
1375.402655 
288.027359 
256.887123 
407.626032 
-46.279560 
111.327612 
411.062833 
421.352137 
-62.194377 
94.967561 
-138.165464 
-16.388137 
1029.238119 
-460.489041 
361.609290 
-133.438746 
250.545609 
63.269226 
764.401674 
143.141963 
-67.933671 
165.955604 
299.869859 
659.134967 
-117.200261 
-727.014985 
50.896052 
-651.968635 
-10.883916 
-139.578586 
440.096093 
-1057.074914 
140.441874 
-375.248575 
136.054055 
-483.317575 
-622.022823 
192.294866 
-385.974942 
847.441044 
-325.805954 
-76.997530 
167.100216 
-331.819683 
449.489384 
25.004516 
608.881383 
291.945533 
161.880497 
-494.296310 
312.167233 
-184.367957 
-428.925882 
415.177833 
288.650546 
49.193329 
473.020469 
407.580889 
-493.206644 
17.397508 
-26.728430 
-501.661765 
351.584525 
-1143.131170 
534.702068 
497.608481 
4.708383 
-886.540961 
-684.912087 
-236.317580 
-247.692356 
-95.337146 
-776.405447 
-403.135251 
-80.499600 
214.654789 
-203.164182 
-332.153492 
-202.681694 
-146.065103 
-389.829128 
390.912385 
502.665599 
124.275985 
584.154737 
343.328860 
485.255880 
-848.653662 
-900.646399 
-641.035718 
33.325375 
-284.786484 
411.068443 
207.821846 
-1189.281877 
-263.848967 
45.423478 
-163.526623 
-287.752140 
-532.509803 
-317.249712 
440.176542 
-191.771744 
-210.812326 
361.622061 
684.802627 
763.839328 
-465.212944 
-171.635788 
317.872571 
373.682899 
234.737233 
101.610079 
-409.324124 
-693.340101 
239.237041 
372.735833 
209.461048 
169.018268 
-23.059004 
-45.914085 
-131.571813 
54.422574 
-197.982266 
-88.377904 
-344.340715 
-271.683809 
54.613676 
-369.380864 
-204.521663 
509.977464 
559.425838 
-451.714895 
-728.270060 
355.645850 
-383.594197 
-256.649659 
-374.708996 
-596.268615 
185.551217 
412.256973 
421.030306 
-382.180041 
458.396603 
1079.792091 
510.024620 
-687.839400 
-34.005444 
534.707049 
584.155235 
287.437941 
261.662842 
-114.072810 
874.926273 
452.250393 
232.203270 
-221.560278 
146.772096 
266.610532 
626.739198 
-429.331167 
-580.118561 
226.067135 
-389.049239 
-497.271348 
-277.017256 
-413.261810 
520.884460 
-125.632878 
-878.290266 
64.899780 
249.859926 
-121.890636 
-207.402959 
312.165140 
112.487982 
-685.592327 
1227.045154 
338.482525 
71.399596 
633.604628 
63.250921 
-348.264993 
-294.054421 
126.721520 
-600.760957 
-9.821674 
45.010396 
-349.876089 
-196.918964 
-730.731260 
-234.686923 
-239.369459 
-329.845430 
-151.901058 
-49.177621 
306.803886 
639.265336 
683.868932 
-368.375820 
-45.885378 
109.524059 
97.225712 
-263.241404 
-509.197723 
100.897001 
545.072624 
250.127937 
146.825502 
-511.557483 
-358.390896 
184.672226 
-250.218291 
-354.854586 
122.231851 
174.480175 
9.834255 
-306.004488 
-264.659612 
-59.420133 
128.349616 
88.559880 
-71.656254 
209.725791 
-240.837699 
-430.019786 
89.630017 
-281.272168 
-314.446449 
238.753825 
20.093370 
-279.627917 
114.353704 
493.177548 
7.900573 
542.319726 
12.997433 
-124.156804 
732.516138 
-357.878448 
-359.848149 
-336.196340 
492.752340 
-172.249164 
57.130214 
354.419970 
-96.723188 
577.031081 
243.416914 
15.443085 
-1560.871807 
-874.708300 
238.612973 
14.295401 
-460.578652 
59.205385 
-583.462603 
-274.699786 
89.626327 
-627.625071 
42.098964 
60.232401 
-409.078635 
85.935995 
-1129.407470 
-257.839410 
-34.995195 
336.877420 
243.479450 
-62.422140 
-58.737109 
-34.004922 
340.972346 
-457.847218 
-441.193852 
15.436790 
64.895860 
-4.394056 
10.489354 
73.228725 
-176.647444 
-91.010449 
-214.312011 
361.620091 
-97.364812 
386.342643 
398.942174 
-224.789222 
62.608866 
-50.894630 
-295.190007 
-111.114169 
152.561056 
707.791220 
99.662253 
79.630983 
-232.615215 
-444.699954 
-146.810061 
71.477289 
-530.046606 
27.071630 
1782.807564 
-533.961179 
283.118406 
-83.462331 
-353.518588 
487.048861 
-385.585769 
88.484161 
-532.005428 
60.465535 
-526.191326 
-115.799878 
-84.495968 
-329.413993 
-80.434383 
-239.207732 
-34.005270 
-145.042752 
-63.111564 
19.979073 
199.441621 
-89.539404 
-192.124521 
-112.221047 
-326.533885 
564.215694 
-291.240385 
40.173345 
101.773398 
-383.225103 
40.178217 
-119.032169 
-179.775731 
64.902319 
64.902969 
-686.339105 
-408.470867 
153.336665 
78.266630 
161.169792 
-420.074464 
114.355245 
9.620085 
114.350499 
-241.664080 
-8.656494 
-122.421267 
-361.777806 
-204.092738 
-7.061504 
-351.003472 
429.793221 
198.979967 
-236.970141 
-409.024597 
-104.201571 
-248.091530 
-78.086676 
435.793652 
-250.188338 
-484.424787 
-157.428312 
-28.430459 
-59.463451 
3.114608 
89.621553 
89.622717 
-899.212775 
40.169264 
733.409000 
-294.772123 
-257.647847 
-351.110418 
-226.416121 
202.587957 
-305.999825 
62.120827 
222.412067 
-434.771079 
-437.874693 
-9.283100 
-570.703886 
308.756634 
-245.470045 
-597.690531 
-377.088422 
564.267049 
73.527742 
-271.233683 
-157.156741 
-465.395690 
231.051605 
-306.004487 
-89.300405 
548.600873 
-305.997057 
-288.993741 
-305.996677 
-595.572778 
14.819619 
856.166385 
-761.676863 
-537.812571 
632.366641 
-90.439812 
-712.900040 
-332.360290 
-30.035531 
386.356890 
-435.492473 
158.102630 
311.478503 
-304.854338 
378.320638 
527.059016 
561.607590 
-143.402382 
267.953011 
139.082483 
472.764140 
249.134906 
584.160554 
874.192930 
248.288560 
-936.931211 
-175.130698 
602.669306 
578.733678 
124.409065 
331.887246 
87.415552 
234.862861 
500.900221 
40.412428 
-77.822594 
165.209854 
176.939086 
280.729300 
509.962224 
489.920046 
336.068916 
62.906303 
116.052406 
493.852974 
776.893478 
332.551937 
-13.663186 
-248.343928 
979.770769 
16.158922 
991.212191 
-298.115250 
350.609821 
-159.188170 
993.206683 
-410.887522 
781.961321 
84.300157 
-283.542206 
197.165861 
-10.457861 
-177.441023 
256.406131 
-349.964571 
150.726112 
-386.094403 
-772.061966 
-161.630523 
404.773625 
328.603978 
-143.881842 
-297.069623 
-540.671670 
9.735892 
201.855914 
1111.040401 
1743.406686 
-421.007746 
176.003803 
102.884718 
300.783095 
165.691095 
251.275627 
-498.643208 
-427.586703 
-107.033742 
-13.597151 
905.603677 
226.974648 
256.651992 
203.106945 
590.752853 
427.404775 
-186.270030 
-268.634907 
856.149005 
-349.543460 
-109.732359 
812.398252 
-154.677613 
-208.588594 
585.460627 
7.565957 
1.379599 
781.969270 
291.956146 
-632.324237 
485.769198 
-34.724069 
-51.328074 
1276.485489 
271.322482 
-187.876345 
56.668356 
47.615142 
600.735645 
509.967795 
903.993186 
-56.079438 
-282.444112 
391.061296 
287.092542 
1078.675877 
-181.969972 
509.980528 
0.711390 
575.792199 
152.358511 
572.725163 
33.522856 
426.981314 
-181.898390 
259.992570 
-14.566614 
-217.728521 
-665.245898 
-223.624679 
-97.988227 
-709.095555 
-32.064178 
395.671481 
-485.277246 
-225.323331 
-515.121901 
323.463369 
-209.160348 
-481.887482 
-225.432492 
296.159829 
498.373913 
-196.814256 
508.557570 
257.362832 
299.141111 
166.672168 
972.600813 
460.532412 
244.753987 
228.910612 
-60.746300 
312.171817 
-510.663022 
-581.433756 
700.048162 
-443.897739 
-0.758042 
243.246142 
310.807948 
-295.000145 
-538.841638 
-260.799992 
60.193360 
729.580975 
-631.587305 
287.448998 
373.994190 
100.760273 
461.243153 
-256.486467 
817.407613 
-93.806206 
357.702719 
-261.687206 
-265.770128 
-342.086076 
-133.514384 
78.329204 
-228.666648 
280.776228 
86.228044 
623.474317 
536.041076 
19.773137 
899.185892 
435.790872 
428.856551 
287.434592 
-833.333746 
-581.550021 
172.814137 
-429.403799 
811.408872 
435.788735 
65.518660 
-1331.075052 
243.229345 
-517.626563 
413.388042 
283.038290 
-342.293248 
-489.740420 
278.085516 
-133.777783 
-79.778990 
559.414684 
657.151965 
-465.902846 
-1.895614 
373.525272 
-307.182253 
537.194005 
19.163110 
-163.968642 
-518.411886 
-144.547362 
-121.702569 
-141.409643 
80.559742 
-403.995123 
-171.254845 
-332.861338 
53.523492 
459.453133 
36.319318 
37.630256 
-557.291136 
-623.214549 
209.641553 
412.488726 
-16.660945 
608.894045 
1227.054260 
-595.760551 
-446.775485 
-71.894725 
-464.027412 
45.864227 
123.010357 
-1189.498569 
-35.911466 
-230.900280 
104.084314 
-288.617477 
315.253347 
658.838337 
319.772298 
-411.007595 
485.269312 
262.728452 
238.007140 
213.277718 
455.970130 
21.641238 
1179.401666 
262.306122 
155.331477 
-1060.853232 
-322.270127 
348.856603 
385.696024 
-711.483252 
-154.084151 
-449.447717 
-403.234642 
-407.717592 
-113.593724 
-44.851742 
292.922794 
-618.821374 
-932.708370 
633.616466 
18.706497 
272.784285 
-665.164277 
1078.694888 
-387.868543 
90.400897 
361.621727 
184.984936 
-418.122534 
460.523282 
353.395582 
-669.297227 
-802.690940 
305.979729 
-997.930196 
-221.832226 
-265.607054 
-660.036066 
-76.378637 
-456.893802 
-487.485940 
-39.125446 
-366.623422 
-815.807003 
-123.801718 
355.073141 
159.306904 
162.635348 
-154.902882 
-88.056112 
181.324402 
119.539193 
-80.339780 
-484.520089 
-117.637533 
-281.330122 
168.997209 
-230.755874 
-183.868816 
-677.724348 
19.640157 
-575.940577 
-648.633080 
620.662305 
-78.398062 
-198.477857 
-83.456577 
-198.398897 
79.431470 
-101.925418 
374.608953 
92.369158 
96.977422 
-166.799332 
-242.255698 
-108.186923 
-83.460585 
399.233609 
22.714290 
-23.315366 
-543.353551 
781.967646 
-98.158146 
-141.430369 
23.026298 
-752.509942 
-656.710959 
64.894087 
-118.982810 
-172.096069 
-601.414500 
329.014501 
-305.909059 
153.707437 
196.506282 
-29.664180 
247.771290 
79.184925 
386.341935 
-1319.787172 
758.788529 
-74.087884 
-13.707959 
-330.665808 
259.881435 
-624.756225 
380.374675 
15.445987 
-210.805025 
-909.632428 
-267.653723 
-452.166750 
-574.675794 
-1411.345359 
76.405799 
-455.672608 
336.877948 
-142.810711 
-437.803049 
15.445903 
485.241609 
236.737222 
-141.420100 
-196.538032 
15.435136 
15.454300 
347.628724 
-543.392088 
132.404548 
-476.744325 
277.778848 
110.430470 
336.877808 
-278.187098 
40.187919 
-288.971321 
-140.911946 
245.732388 
-402.042200 
10.910182 
-911.066705 
228.458892 
608.863900 
230.234371 
-142.441166 
-483.120757 
-136.189591 
-159.960922 
162.934574 
-72.923114 
-122.485565 
1098.401628 
-477.346776 
245.506529 
64.892569 
-164.512686 
257.535188 
-186.121945 
240.425894 
-479.427093 
-32.370144 
-217.069236 
-518.458180 
-172.996572 
-442.020847 
48.906301 
120.645002 
89.625094 
-698.990613 
-6.697579 
-40.290240 
-1089.896833 
-385.301926 
-403.771990 
-297.976860 
-301.101898 
60.025168 
-576.047015 
89.616614 
-310.819954 
-382.647070 
15.448439 
-7.358214 
-431.182762 
89.628830 
89.618704 
-3.702673 
-506.002756 
190.360091 
220.659962 
247.557194 
-250.201151 
64.896507 
139.007597 
287.429444 
-10.337334 
-159.544822 
-30.129345 
-697.828067 
-915.231221 
193.308429 
-81.213498 
-114.127800 
-55.689421 
-141.691026 
-521.364608 
39.625282 
-337.291748 
132.031646 
15.446394 
-165.471346 
-16.707308 
-198.891407 
-610.579494 
150.353321 
324.265749 
89.626928 
40.174171 
-388.562103 
40.174718 
422.041040 
68.022855 
78.760591 
-56.382334 
-358.012845 
509.838980 
-305.995762 
26.341977 
-31.997298 
-415.035961 
-1037.749184 
-305.991326 
-359.725244 
575.233239 
-218.371880 
-734.027638 
-366.724705 
223.932783 
-86.648201 
-341.645485 
-477.703003 
-21.248881 
-29.486040 
-305.991665 
506.668312 
85.564833 
-305.997723 
276.702623 
-305.991978 
-764.093926 
16.807160 
930.334440 
-261.241687 
-12.197406 
-231.639977 
-743.665142 
-892.621302 
221.503487 
597.990601 
213.264468 
-34.853184 
-360.899544 
-470.479424 
1010.383249 
-261.355837 
324.362069 
-68.437081 
-647.119826 
88.749410 
-34.004920 
225.600767 
477.736146 
509.978054 
607.661320 
513.583324 
-1237.174979 
438.282016 
730.905146 
151.681940 
196.746940 
-40.175170 
-377.178820 
-93.442066 
183.598404 
-474.246947 
-12.342463 
289.236440 
271.466942 
671.123910 
732.513519 
449.600872 
43.772434 
121.617793 
603.533904 
407.753122 
994.374353 
-342.618866 
-322.036166 
-82.466085 
485.246951 
-371.862811 
566.308544 
363.667297 
175.925019 
-673.808849 
394.321991 
-244.890585 
262.710840 
157.280074 
183.953265 
283.563682 
195.577001 
482.328382 
376.283902 
116.959161 
911.864391 
-534.038567 
123.323534 
190.375311 
-305.075428 
125.030378 
162.747016 
-121.722343 
6.922040 
243.572769 
-1.647412 
913.614679 
1589.708428 
-171.012447 
112.892568 
309.116152 
543.973227 
686.232084 
20.662796 
432.239922 
160.054336 
-168.821841 
-316.747967 
1672.126826 
515.886064 
150.059829 
71.204786 
89.627221 
874.097353 
30.192628 
30.372462 
1029.238113 
-132.085765 
242.563775 
402.789878 
57.470423 
155.343009 
-79.712018 
261.193279 
685.823025 
534.708909 
16.609466 
-366.436230 
10.979523 
104.731281 
-101.812657 
411.073484 
164.645153 
155.970438 
32.966050 
650.651008 
-40.873618 
806.695462 
532.586914 
124.276918 
-406.382958 
296.835657 
11.891774 
-83.461194 
-298.719355 
534.699953 
388.368577 
114.674348 
132.301624 
480.418212 
-304.904026 
562.742586 
-156.527023 
-677.032216 
-554.055872 
-549.713238 
-18.806902 
-71.714527 
-1181.644547 
335.402842 
350.238004 
532.304392 
344.623485 
-427.008212 
-512.636386 
-50.320519 
-1250.514527 
-954.401604 
-584.536097 
-159.537492 
-713.994229 
-229.341401 
367.222716 
-351.562120 
-285.112742 
89.435633 
346.787745 
658.339278 
-509.774812 
390.926072 
-740.556947 
485.255079 
6.504519 
-687.187263 
579.205700 
-153.164676 
71.285557 
-50.560746 
-400.863764 
-489.913796 
555.522897 
23.831593 
-269.958996 
-112.118583 
-335.035062 
411.071630 
645.973069 
394.784139 
331.681047 
90.075220 
181.825169 
594.014985 
25.652296 
-876.310066 
-9.760531 
-606.468628 
262.556643 
-665.621927 
285.136586 
-767.281431 
-241.765929 
271.700624 
1086.289335 
328.058914 
-22.945861 
732.513808 
227.507853 
336.887996 
229.601967 
-109.486709 
10.130626 
-597.163639 
156.368956 
386.341541 
121.291770 
-809.120035 
444.020468 
198.203483 
436.848651 
32.496605 
-609.032896 
-194.289926 
-84.752581 
-147.424627 
-40.894156 
856.147340 
138.790672 
-774.156909 
-98.949232 
562.788462 
-274.228005 
-4.717881 
229.427887 
94.389137 
-304.971318 
-440.045455 
131.002002 
209.676405 
338.074898 
-323.814093 
-755.018055 
-434.595226 
86.089003 
289.661965 
53.300144 
143.357900 
275.195044 
-529.193417 
194.161551 
362.822858 
9.149171 
559.431250 
930.329272 
-975.509743 
46.864196 
90.553390 
-295.722525 
358.058511 
400.292432 
-914.239886 
56.169910 
-546.871111 
-378.563005 
-460.362657 
162.939891 
-80.178466 
385.926074 
-539.926738 
485.251773 
312.164972 
163.805781 
312.165137 
481.146599 
-351.878379 
222.400090 
-138.537392 
-136.187041 
-504.066676 
37.137332 
-8.075199 
515.385910 
-919.326518 
-545.229736 
-356.474426 
-190.250002 
-884.450598 
-237.276905 
248.078532 
6.357969 
-141.607351 
-582.888372 
336.890246 
-203.285221 
-92.656872 
113.776951 
584.155270 
-229.212231 
-586.639129 
411.068490 
-12.628541 
103.157390 
262.709391 
-94.998946 
-143.552019 
-540.390125 
241.070994 
-112.485131 
363.636100 
200.134199 
-59.578910 
2.948537 
-335.229507 
-193.245369 
-198.794557 
-302.223790 
204.964179 
92.937572 
196.016960 
-104.434659 
-943.237721 
-376.328904 
0.703664 
-49.948534 
-205.522441 
-333.505176 
-322.100540 
-521.270327 
52.909894 
-391.766931 
-67.383602 
180.066280 
-834.374182 
-36.864705 
-421.096376 
92.648027 
607.128075 
202.614846 
47.184094 
114.349647 
-141.115597 
-174.939624 
222.130430 
283.266884 
-104.340135 
255.887919 
-143.132772 
82.850166 
89.625265 
64.897147 
126.333341 
-311.405041 
-229.478590 
-332.374027 
188.531123 
-197.024041 
79.334026 
171.248143 
7.944892 
242.999310 
-83.461488 
301.599974 
-142.073454 
-86.886493 
-10.438523 
-116.458171 
-253.355459 
-139.898418 
-248.752201 
94.967044 
26.078008 
336.892298 
10.805135 
-216.365372 
583.084215 
136.038148 
-503.135472 
113.502611 
-495.163776 
125.437385 
-83.460940 
-200.886879 
-537.397033 
61.070192 
-392.970113 
46.013889 
174.817222 
-137.560483 
-239.178415 
287.437451 
89.977926 
-33.724638 
-34.008310 
584.153885 
-221.430433 
88.421392 
-472.951582 
64.898707 
114.351622 
516.536138 
-305.999693 
-34.206185 
-311.116013 
-104.686639 
203.159044 
40.173112 
-66.463683 
-231.826325 
-367.319557 
74.686273 
-181.637021 
348.636045 
63.087438 
-227.772916 
-63.201178 
213.257728 
333.542720 
-73.644852 
-106.275926 
376.083972 
-366.830128 
14.147876 
99.582931 
-63.841461 
-99.981324 
-337.864691 
436.046045 
163.803837 
184.962802 
610.952818 
-176.461640 
247.236640 
-457.530957 
368.353544 
228.840127 
-315.451898 
-33.472719 
-176.275767 
288.916844 
81.479003 
188.531826 
-406.468785 
82.898698 
245.245120 
-1563.960522 
-140.356065 
-105.540085 
-409.879036 
-155.930774 
413.167919 
219.585626 
139.079276 
154.399772 
-118.904222 
-58.734836 
-427.201048 
-609.940637 
-256.543535 
-305.998939 
-418.759018 
-719.893839 
-177.131290 
18.406810 
-25.936383 
-289.846371 
-281.274255 
-289.267180 
40.171007 
-91.689647 
-216.762124 
8.007778 
-542.917898 
-450.920765 
-274.918028 
-123.484883 
-304.873528 
193.606045 
-229.000213 
-389.388275 
-100.315117 
-65.539559 
-122.346202 
-132.915833 
35.845904 
-349.646908 
-401.770845 
-34.851182 
-116.915026 
266.743963 
-83.463228 
-34.009930 
-426.669866 
-9.282784 
-395.615994 
-261.211713 
253.017233 
-188.206322 
-311.067056 
-484.683571 
-306.002104 
-48.379263 
194.049603 
-402.995216 
-579.018661 
-306.001231 
-152.827654 
-751.354711 
-393.929913 
-117.326330 
163.325094 
-277.890775 
-399.255717 
-477.484385 
-135.113204 
-312.610942 
-36.700313 
-305.999626 
222.628993 
-379.662563 
-306.000888 
-336.212343 
-306.000886 
-750.179052 
-357.452023 
-281.273437 
-302.706728 
-320.687497 
-292.267348 
-304.631490 
-304.786967 
-306.000000 
-305.380317 
-306.000000 
-307.989149 
-308.936920 
-298.638141 
-319.653703 
-304.705217 
-318.398913 
-296.913346 
-303.880284 
-301.810070 
-256.546875 
-300.827600 
-305.103788 
-281.273438 
-275.703377 
-302.681061 
-319.790454 
-300.164173 
-290.239576 
-310.558320 
-308.707747 
-310.176800 
-296.238924 
-291.487794 
-301.009915 
-308.245682 
-302.828148 
-290.843286 
-300.909543 
-308.708842 
-306.000000 
-305.924005 
-302.685675 
-314.972972 
-287.293043 
-308.973613 
-300.793060 
-302.693620 
-306.071246 
-319.693106 
-281.273438 
-292.658082 
-309.258768 
-296.065119 
-291.211826 
-329.181153 
-279.336513 
-288.926632 
-281.273439 
-311.918329 
-293.705771 
-309.675553 
-306.840200 
-300.053760 
-308.026247 
-315.794580 
-305.960423 
-305.334353 
-317.480468 
-296.701719 
-293.177356 
-301.223628 
-308.339164 
-306.446597 
-294.466737 
-308.946734 
-308.093476 
-288.790230 
-282.818849 
-316.137656 
-319.605193 
-299.098506 
-305.581292 
-310.823244 
-308.936920 
-312.632403 
-310.811815 
-309.031647 
-299.435319 
-306.000000 
-278.957543 
-310.857458 
-309.099731 
-306.000000 
-301.611252 
-303.041598 
-307.307366 
-306.000000 
-309.928061 
-324.014524 
-311.571031 
-310.620730 
-310.477849 
-301.611627 
-303.461486 
-307.317386 
-306.000000 
-297.502128 
-302.433300 
-307.609992 
-304.711040 
-308.577935 
-306.000001 
-309.312152 
-271.099784 
-301.446133 
-289.995818 
-295.237063 
-306.000000 
-307.753030 
-297.933960 
-308.668494 
-300.584627 
-316.834103 
-306.000001 
-302.882584 
-305.999999 
-303.246638 
-305.581316 
-306.580954 
-297.947939 
-296.124109 
-310.172252 
-295.329995 
-300.504068 
-309.975639 
-311.076915 
-309.324328 
-310.733823 
-297.587839 
-297.608468 
-303.665724 
-308.261889 
-281.273439 
-303.444734 
-304.648542 
-289.611529 
-295.867484 
-296.664541 
-313.196754 
-309.165433 
-309.018391 
-294.376019 
-294.685801 
-311.158820 
-310.849126 
-298.233303 
-303.651734 
-281.273438 
-297.407597 
-305.654196 
-300.525300 
-305.999999 
-305.522736 
-307.890225 
-302.597093 
-294.147797 
-303.583186 
-313.687263 
-307.819757 
-296.632920 
-317.391191 
-310.540536 
-303.213096 
-317.698673 
-310.704454 
-306.000000 
-293.636718 
-295.085840 
-281.178819 
-290.602153 
-309.958635 
-291.309741 
-297.851778 
-288.392650 
-301.529938 
-303.689408 
-307.535010 
-292.774020 
-306.948732 
-311.311854 
-304.134988 
-302.157958 
-307.213860 
-310.027375 
-306.270459 
-306.000000 
-306.324192 
-306.000001 
-313.930952 
-307.453133 
-301.125110 
-304.452541 
-298.403398 
-305.999999 
-307.023825 
-280.429573 
-298.156044 
-313.271177 
-303.464885 
-296.835534 
-306.133018 
-299.745391 
-291.363690 
-281.869239 
-286.131339 
-281.273438 
-290.923313 
-305.999999 
-299.395520 
-295.407833 
-306.840200 
-311.835762 
-304.822769 
-310.740183 
-308.339163 
-290.499914 
-308.158863 
-300.618895 
-303.267426 
-317.142681 
-311.788731 
-305.040164 
-302.469905 
-293.199654 
-299.730564 
-312.048584 
-298.868664 
-301.580673 
-303.807035 
-308.463727 
-307.956515 
-306.000000 
-306.000000 
-317.765295 
-307.845561 
-295.782033 
-297.682449 
-303.146409 
-315.563881 
-302.009295 
-302.554169 
-310.156771 
-310.700827 
-283.384536 
-315.579343 
-298.864867 
-311.097472 
-294.058065 
-305.999999 
-305.999999 
-306.000000 
-306.000000 
-309.312150 
-312.067559 
-307.386804 
-297.262750 
-294.882322 
-317.106194 
-291.410094 
-294.148644 
-294.293983 
-310.241905 
-300.562278 
-303.449701 
-287.221222 
-302.194710 
-294.049332 
-298.166644 
-310.400426 
-283.825021 
-314.632629 
-305.999999 
-300.909542 
-307.022696 
-312.120156 
-281.273438 
-310.772304 
-287.293043 
-281.273437 
-312.126942 
-301.376950 
-306.000000 
-305.999999 
-301.200475 
-298.940173 
-281.273438 
-300.790523 
-303.246639 
-313.121814 
-304.699871 
-301.743248 
-315.720994 
-316.897481 
-307.390574 
-320.775397 
-312.022895 
-309.309464 
-306.107735 
-311.593471 
-313.427686 
-302.894858 
-319.216357 
-312.770464 
-303.070237 
-303.376860 
-301.033181 
-308.412203 
-298.811211 
-304.100394 
-306.129699 
-285.751286 
-308.732489 
-308.073885 
-295.205740 
-309.393439 
-308.245681 
-309.966411 
-302.396617 
-306.000000 
-320.915602 
-300.731454 
-309.676522 
-315.813248 
-302.894858 
-308.922578 
-297.563847 
-306.484435 
-306.000001 
-306.000000 
-289.265828 
-309.440728 
-306.344795 
-306.000002 
-306.000000 
-301.067799 
-308.977870 
-310.055151 
-286.154945 
-300.498754 
-306.000000 
-291.823549 
-295.483205 
-314.358492 
-302.231981 
-293.523048 
-294.628921 
-306.983830 
-298.793191 
-303.879479 
-291.505462 
-306.000000 
-306.000001 
-281.273438 
-299.887934 
-289.739195 
-310.299974 
-299.059561 
-289.506223 
-311.044788 
-306.000000 
-300.999892 
-297.822049 
-316.967777 
-310.089979 
-310.969594 
-284.247051 
-291.132934 
-305.077658 
-306.000000 
-303.804817 
-305.172770 
-306.000001 
-306.000000 
-310.907686 
-304.409480 
-311.044786 
-306.000000 
-306.000000 
-305.170736 
-279.625000 
-317.271370 
-310.555759 
-315.014388 
-297.411124 
-306.000000 
-327.635742 
-305.999999 
-295.945381 
-314.752500 
-320.096105 
-291.880499 
-302.944905 
-299.497452 
-301.556079 
-305.999998 
-307.030525 
-307.838439 
-304.711041 
-299.858694 
-315.335791 
-303.185032 
-307.884104 
-301.399045 
-329.181153 
-307.206770 
-299.782124 
-306.000000 
-306.585043 
-327.815491 
-292.317062 
-314.664119 
-291.276568 
-318.633191 
-312.119815 
-299.284376 
-313.216391 
-314.832303 
-314.967579 
-303.336476 
-306.000000 
-305.438154 
-295.137351 
-313.286487 
-278.279204 
-311.287298 
-309.108045 
-305.401868 
-302.062676 
-308.947944 
-310.993488 
-306.000000 
-307.350257 
-292.271984 
-306.000000 
-306.909654 
-303.939746 
-306.000000 
-306.000000 
-311.757474 
-312.090013 
-304.862006 
-303.389555 
-297.003533 
-316.342966 
-306.000001 
-306.775529 
-281.273438 
-299.234633 
-309.378172 
-301.595248 
-302.099726 
-306.295795 
-310.114451 
-307.746189 
-307.491112 
-304.356535 
-304.868652 
-295.248931 
-298.501725 
-293.655712 
-307.208399 
-306.000000 
-306.037103 
-310.892779 
-306.106233 
-304.699871 
-301.726576 
-303.504008 
-306.000000 
-306.000000 
-307.017329 
-306.000001 
-307.792457 
-302.549193 
-297.715099 
-305.090409 
-302.780053 
-306.392538 
-306.000000 
-308.026522 
-318.081955 
-304.763130 
-317.641013 
-306.000000 
-309.105668 
-302.186360 
-297.592895 
-303.126101 
-308.117816 
-304.319573 
-306.208064 
-308.864152 
-305.041222 
-302.900891 
-318.261174 
-306.000000 
-303.894673 
-295.682815 
-306.000002 
-310.944974 
-306.000000 
-311.585936 
-304.965156 
