-27.079999 
8.218013 
-4.640345 
-23.386707 
-6.788847 
40.735141 
65.748294 
-10.670893 
-27.079669 
37.244841 
-22.455254 
37.316388 
-15.168058 
25.456264 
-52.251136 
-14.108952 
32.556631 
19.533984 
44.327965 
68.208996 
91.092544 
44.328546 
75.035050 
29.972691 
96.149567 
-27.791603 
21.994592 
89.394302 
55.101076 
72.104935 
47.912442 
67.148392 
41.307361 
21.158455 
28.980841 
48.036237 
14.181845 
60.395381 
44.330304 
21.258267 
19.812083 
-35.853778 
26.297889 
-28.305059 
-66.397868 
56.690654 
-21.065595 
18.287820 
44.330636 
5.604057 
18.958525 
10.437741 
-14.174043 
24.246673 
11.270696 
-0.250615 
-27.076398 
-35.951506 
-4.759016 
-22.295679 
-50.835707 
-26.485854 
6.837434 
-3.362776 
48.020745 
56.270910 
-1.571686 
-40.636700 
1.208783 
-26.111966 
-35.985280 
1.166535 
46.991643 
-32.548795 
-62.349911 
2.742164 
50.424202 
7.870310 
7.313941 
-3.373708 
33.435745 
79.555681 
142.571850 
32.087015 
4.590755 
2.275161 
-11.407904 
-27.080660 
-54.697432 
-13.867477 
-18.585212 
-10.419147 
28.262658 
-10.570217 
-39.976305 
44.325620 
-55.158572 
-119.834335 
36.252836 
43.517969 
-12.366704 
35.348387 
18.607959 
6.241687 
44.326566 
-38.172960 
-21.908003 
-121.045243 
-34.624466 
-26.798932 
-27.079771 
-43.706622 
-52.123031 
11.856714 
18.336246 
0.332809 
44.327970 
27.805935 
-20.811746 
18.273146 
59.179135 
20.676000 
44.330815 
-26.684932 
44.327285 
19.908087 
-2.233316 
8.860485 
12.888558 
35.901633 
-11.216718 
-22.520121 
-39.812374 
-64.154591 
14.787915 
-36.057866 
-82.612908 
-7.984262 
-74.307843 
15.579952 
50.294355 
95.650955 
51.002876 
55.802633 
21.236148 
92.626891 
101.368663 
30.450871 
25.727998 
-26.138197 
83.545629 
34.887438 
-17.603543 
-29.384297 
-15.503243 
19.852953 
-27.078952 
-39.416956 
-47.478097 
-111.048379 
-27.079247 
-58.653794 
-47.847936 
44.964868 
20.782622 
23.981062 
0.658103 
-83.202451 
-32.605608 
-50.196633 
-24.851633 
40.885967 
45.252884 
35.027692 
-27.078015 
-44.929203 
12.224819 
24.845637 
-20.482190 
4.211907 
-41.294556 
-12.493143 
37.058513 
-6.147342 
36.735704 
26.484116 
56.131212 
35.338620 
-2.684553 
103.570789 
45.201679 
46.400558 
5.944682 
59.702586 
44.329436 
114.775952 
115.735303 
37.439920 
-6.681890 
52.181356 
54.610925 
21.226070 
44.329663 
47.526911 
10.303365 
23.056225 
20.024178 
19.441317 
-20.831489 
-17.149164 
9.649544 
-37.153794 
-59.909512 
4.219906 
-27.077822 
-45.887197 
-27.078490 
-54.049661 
-29.527927 
-86.539623 
-65.412424 
-54.714899 
-27.114812 
-43.599991 
10.808666 
-59.941285 
-36.754025 
-32.584637 
-118.600142 
-53.005894 
-81.400026 
-3.566046 
13.077534 
26.768859 
-32.355876 
-38.595107 
-59.709602 
-38.812465 
-62.785474 
-54.242093 
-27.079099 
-27.078662 
-38.281788 
-83.400787 
-94.282560 
-12.525571 
-66.141042 
10.855850 
-90.261781 
19.762005 
19.193356 
-64.725282 
28.693924 
15.842550 
18.708096 
116.942576 
159.702182 
187.140579 
401.359209 
472.765274 
544.171587 
413.293916 
430.669699 
487.281507 
403.426229 
343.946988 
343.858164 
288.421701 
244.562584 
264.053983 
212.860749 
177.111853 
186.905058 
220.694822 
173.220813 
187.465051 
149.919979 
131.837798 
162.684770 
138.397755 
187.140673 
204.595702 
217.035493 
193.644851 
151.437782 
128.379410 
248.993236 
187.140898 
208.334145 
139.993886 
115.734538 
179.999531 
102.090333 
119.202181 
64.411268 
-12.047853 
91.315837 
14.663606 
-29.530068 
22.157145 
-28.563906 
-81.844485 
-31.343093 
-100.306657 
-105.960910 
-69.203583 
-48.022932 
-62.438644 
-97.118498 
-102.981244 
-133.657281 
-121.295376 
-201.035505 
-159.056430 
-182.420549 
-191.568761 
-240.012194 
-200.348687 
-262.978498 
-262.287246 
-270.627189 
-299.608374 
-251.385557 
-247.110910 
-207.344967 
-262.616427 
-234.122894 
-241.298031 
-203.868066 
-187.479015 
-214.298472 
-201.842738 
-174.385465 
-226.046820 
-168.910069 
-221.064273 
-205.594879 
-169.891449 
-166.495745 
-198.741741 
-180.982846 
-238.913850 
-241.297638 
-219.790899 
-173.795348 
-163.385454 
-153.109711 
-166.912058 
-241.297469 
-117.677811 
-221.064721 
-192.288696 
-208.760713 
-200.642081 
-211.131072 
-136.940666 
-215.977422 
-119.697639 
-155.413306 
-169.890849 
-82.861184 
-221.212973 
-195.277758 
-134.712813 
-200.613809 
-216.877070 
-190.555689 
-180.903260 
-169.890317 
-201.749334 
-195.215020 
-236.143070 
-198.152516 
-178.760205 
-153.117435 
-194.298819 
-122.680888 
-169.889611 
-114.156072 
-176.774320 
-134.186773 
-98.485060 
-92.749900 
-84.895750 
-159.475198 
-98.485071 
-98.483712 
-123.109154 
-124.665276 
-112.123476 
-128.622259 
-119.188927 
-127.259722 
-169.890285 
-149.809543 
-169.889553 
-124.608572 
-157.513699 
-144.892593 
-105.253780 
-90.318876 
-92.395466 
-118.532440 
-27.081423 
-86.180420 
-134.937574 
-110.788144 
-80.416113 
-116.047201 
-22.497430 
-119.515215 
-128.407143 
-162.219842 
-103.112368 
-102.630721 
-98.484024 
-121.393568 
-133.939473 
-101.310443 
-164.547305 
-83.929600 
-102.726352 
-64.711592 
-22.501407 
-47.732213 
-133.866856 
-49.660953 
-40.590704 
-62.782213 
-50.814703 
-59.257858 
-96.769977 
-48.416957 
-17.265433 
-11.165296 
-19.031228 
-20.870658 
-12.734202 
0.361497 
-98.485494 
-17.737078 
-1.323140 
-27.078954 
-6.942198 
6.915668 
8.622906 
8.623930 
22.228891 
22.494115 
26.766175 
-48.419998 
8.413453 
-21.511966 
-27.079237 
-13.931319 
-27.078915 
-27.799253 
-31.573956 
-62.969366 
-0.230871 
-59.064330 
-27.640088 
-31.078985 
-28.661615 
-27.211257 
37.089745 
-7.728680 
77.636669 
45.972314 
-4.386181 
8.624052 
-46.160215 
-84.552234 
-79.572896 
-29.529210 
-84.946427 
-36.739403 
-62.781766 
-62.782023 
-107.579858 
-98.484699 
-125.588980 
-29.074849 
-37.030730 
-22.737402 
-23.693495 
-32.488653 
-27.078541 
-12.480693 
-38.418502 
-19.677811 
-19.281505 
-11.459228 
-18.547797 
3.022511 
9.712173 
-19.174860 
-48.464512 
-89.735277 
-8.341781 
-37.662416 
45.310165 
-23.160536 
62.693081 
-27.079496 
-20.975701 
-30.173599 
-27.078899 
34.619408 
8.624376 
-11.969523 
-8.285969 
-27.078520 
-324.001141 
148.103774 
63.272717 
145.371425 
-260.853909 
-10.417204 
147.108612 
-27.079043 
-509.736581 
199.744251 
-157.785981 
83.703095 
-93.535491 
171.029122 
241.187617 
52.812406 
-67.799138 
-27.078054 
18.413659 
98.134128 
44.328136 
-251.887654 
-0.168886 
110.642265 
-306.268801 
-601.600553 
246.265211 
-102.409189 
-27.508933 
386.705143 
-202.855801 
3.849386 
83.336041 
-85.578979 
294.092651 
-26.238925 
308.873176 
-27.079319 
201.009504 
-167.096929 
-66.882518 
-500.250378 
79.088125 
751.911040 
57.177747 
-189.586656 
302.732074 
44.328122 
247.358367 
113.325231 
3.419573 
374.801889 
24.244974 
101.175671 
-35.387548 
44.327988 
446.091024 
-301.013380 
-110.316171 
-57.439376 
268.159391 
39.972744 
423.983200 
219.935703 
-195.701463 
587.943234 
-77.911081 
-242.602440 
314.665211 
33.923154 
228.519033 
82.788958 
839.655931 
-40.608289 
221.034627 
669.283492 
232.537733 
224.739690 
306.452301 
875.852907 
1015.802924 
29.638548 
292.744926 
530.909379 
253.833567 
737.798165 
1293.938165 
-15.311074 
926.801905 
399.875320 
598.917476 
315.546821 
124.850900 
677.113692 
686.984164 
240.936498 
474.907398 
516.288347 
824.834307 
-367.545977 
64.032872 
309.085909 
159.738581 
865.499437 
372.562812 
-295.993733 
561.194904 
156.570316 
365.668838 
294.248910 
633.817903 
98.274848 
-13.144586 
-696.774803 
268.833187 
437.060673 
202.631652 
-384.998771 
-310.402780 
460.203726 
180.261806 
80.027439 
-687.079361 
615.575357 
-331.215867 
105.946603 
-210.463611 
219.838161 
-59.342621 
-190.764102 
-549.092828 
-178.070978 
-31.743281 
102.960601 
-539.582578 
-349.860555 
-283.570619 
-138.326157 
-436.318987 
-162.051217 
-118.567743 
316.037906 
-329.473380 
-24.061252 
-855.527493 
-781.140317 
-315.790515 
-157.970487 
-48.400844 
-304.295413 
-72.826426 
301.319429 
-161.216629 
6.638536 
-158.651030 
115.733052 
-65.547904 
279.879414 
-1049.398555 
187.139817 
-71.313374 
-474.547775 
50.971535 
-203.271575 
405.808174 
231.082119 
-864.430453 
-143.559482 
-320.492383 
-346.019167 
548.357320 
-109.859268 
321.147879 
-134.186611 
-27.076533 
363.189848 
-1138.325557 
-219.480471 
-228.433322 
-195.181140 
26.729856 
-138.978669 
-354.480064 
237.691691 
-407.187874 
-631.631983 
-47.125971 
-317.456507 
-279.080976 
422.552069 
-56.262559 
-323.797161 
-95.992315 
-27.077121 
272.020777 
472.766288 
-777.611066 
-201.398228 
-237.537844 
208.660383 
-118.315058 
187.140163 
348.295998 
-811.274251 
-170.747431 
-34.261272 
-77.410427 
91.970397 
-474.691607 
-67.359479 
-538.799612 
45.495239 
164.507171 
187.140920 
17.972527 
-184.171607 
-426.150237 
374.744642 
-93.143149 
-226.128491 
-256.490588 
60.186380 
440.144059 
-360.022609 
-223.981923 
84.782652 
93.896660 
-659.756202 
19.203238 
-220.558384 
476.472814 
-222.425451 
-352.407031 
35.039095 
-341.384275 
-116.962952 
574.010028 
-366.047377 
199.776022 
-98.484937 
187.139941 
-134.620884 
-324.957432 
147.390331 
-82.249071 
-490.757958 
636.216464 
-544.362586 
209.390189 
-54.033284 
-6.280045 
81.190497 
467.631980 
-514.851275 
196.920412 
-250.038108 
-98.485539 
1008.310937 
-98.485409 
365.654326 
1128.899602 
-695.287196 
270.821146 
19.842711 
259.497327 
-250.185312 
-10.813974 
155.553622 
387.350448 
-587.177120 
-122.120289 
50.844739 
-388.901488 
-228.926388 
-187.436648 
-277.795011 
13.049996 
-363.868542 
67.554639 
80.028949 
-216.656564 
68.298674 
-210.501606 
-27.079848 
23.455889 
-211.799956 
508.466736 
5.647744 
-517.700399 
329.951558 
-48.502462 
-377.616096 
2.460957 
-883.953618 
-372.179055 
-259.808747 
-175.845887 
137.696728 
287.546296 
-30.347726 
-175.246688 
37.119106 
560.479067 
-371.607003 
159.118155 
486.758561 
-303.492835 
275.403285 
225.827002 
191.951253 
48.705448 
-189.466100 
-447.184522 
-215.108530 
-93.954671 
396.437447 
35.172626 
-13.917381 
-117.622534 
-214.614818 
318.040166 
147.763256 
-325.030936 
311.836481 
-38.674800 
-145.926785 
615.579465 
-144.328032 
163.567836 
163.596618 
142.618109 
-666.751054 
357.370740 
-283.478451 
-133.219666 
-98.484651 
365.657784 
228.053194 
-119.267670 
228.173511 
-391.249154 
-98.484080 
-303.394553 
-49.722211 
-23.033986 
-706.058287 
45.700586 
651.280874 
-117.764983 
-366.197082 
-50.347227 
-357.139945 
-325.654055 
-226.212989 
-268.757480 
-360.594863 
79.373367 
-413.038207 
437.061444 
-312.705029 
59.947129 
-260.205396 
-104.861000 
-198.133055 
165.542584 
-278.245416 
-44.923597 
794.091847 
424.726070 
-559.277601 
59.174395 
34.464726 
-294.545309 
-374.191656 
-436.885824 
-34.808212 
508.466152 
146.894148 
-178.058778 
-27.079702 
329.950781 
6.102658 
-379.131380 
-387.674653 
44.325518 
437.062489 
87.837231 
-315.086647 
-214.946187 
-106.627878 
-22.395753 
79.203330 
44.326375 
-11.461897 
508.466214 
77.681404 
0.794061 
484.974023 
209.945899 
-35.976928 
68.058172 
442.275642 
258.545082 
131.161259 
-61.588547 
80.401992 
-164.337938 
276.375483 
-457.892668 
292.937098 
243.058059 
431.341921 
-556.378814 
474.177230 
579.873945 
-212.336144 
999.951006 
51.150884 
208.176541 
-405.026145 
83.805065 
211.055223 
-186.521657 
217.691181 
-348.930178 
-115.269045 
364.495182 
115.734761 
-290.989638 
-209.704529 
9.390486 
-200.155158 
153.778191 
55.957070 
431.896433 
338.670616 
209.590863 
-15.408982 
187.141516 
64.636842 
-9.173709 
472.765717 
45.695553 
-670.316239 
508.469912 
294.251885 
-361.003898 
-229.341860 
372.936430 
-558.214946 
104.024047 
-373.625642 
294.250962 
-155.538375 
151.438874 
-169.522571 
-221.362736 
229.460398 
289.929641 
-1035.596920 
238.582171 
-473.768891 
140.076082 
-119.703021 
-455.513862 
-227.400080 
270.400359 
-694.845068 
-219.332098 
80.031711 
78.296944 
38.570935 
-565.007527 
-397.848260 
-89.201553 
144.143570 
44.327972 
44.329230 
-295.839562 
151.437545 
-297.793773 
-333.975508 
-4.914912 
-317.327880 
68.722199 
106.030166 
-98.484456 
-53.183766 
-163.820546 
-384.658485 
-669.155728 
-158.733014 
-256.956537 
242.292277 
-107.294591 
67.680077 
-718.093363 
23.795717 
-207.465167 
-559.305265 
-422.205260 
62.929648 
16.184970 
-98.484811 
-150.675042 
-40.893377 
-62.780838 
40.402692 
-277.001043 
-579.722900 
60.707651 
115.728737 
-90.986833 
98.328032 
698.802037 
544.477683 
-395.652883 
-238.920349 
96.533023 
115.730654 
-659.102269 
366.672084 
-316.766781 
22.720257 
84.604639 
378.782477 
689.393502 
124.226503 
188.768212 
294.247826 
88.781080 
-289.446474 
579.875490 
262.121311 
357.345073 
-537.229389 
154.927967 
-886.263970 
-127.245068 
269.796576 
-262.554785 
51.636123 
-153.546217 
456.069364 
286.181828 
51.562178 
449.846462 
574.320875 
264.053831 
187.142492 
505.373685 
10.292409 
-685.168595 
29.746353 
164.743327 
777.194361 
-63.435463 
-474.920650 
-128.880528 
472.767554 
-168.057210 
942.728941 
460.223151 
424.854508 
211.689457 
500.541252 
-43.089910 
1936.593635 
-265.404047 
361.013706 
-240.060983 
-86.816847 
6.113566 
-404.894428 
253.549438 
223.970293 
-381.329204 
370.508268 
-376.268190 
628.430752 
394.095302 
410.532464 
177.345887 
-155.240149 
101.412127 
297.479165 
304.386132 
1535.080503 
-511.063094 
249.916571 
-305.978644 
319.885723 
376.794129 
56.930408 
-232.177250 
62.812875 
212.836380 
-142.967437 
651.280065 
-392.406406 
526.576799 
360.619675 
332.334264 
263.634632 
-37.715661 
77.530427 
579.877419 
-285.219055 
226.080599 
-152.788895 
604.751116 
-299.197026 
-585.189494 
495.691893 
-422.404198 
401.362778 
185.822822 
-1081.449562 
628.537000 
-220.154590 
302.304565 
8.628117 
212.205013 
-183.685458 
-209.178135 
-406.591964 
258.464098 
258.549940 
281.700065 
-695.883984 
-526.200119 
499.615371 
370.570301 
151.439716 
-709.801153 
401.358992 
-487.709289 
-60.293140 
229.684601 
208.209244 
-275.639406 
364.039936 
-701.216236 
-194.247598 
-84.120978 
173.126109 
-189.428725 
-518.970657 
-770.254039 
-549.166094 
-542.531513 
-27.934946 
-109.641858 
180.941870 
-822.902945 
154.044922 
-1018.187983 
-611.368906 
-511.242709 
-272.192776 
-290.791639 
-70.630496 
39.108110 
252.488491 
-120.083896 
250.495401 
-310.494382 
508.464955 
-357.920943 
-126.865773 
-399.474995 
258.541511 
-184.972874 
-568.473743 
-7.577854 
93.489016 
-177.442925 
86.598663 
-990.609389 
297.748174 
-447.720453 
-260.137162 
638.715555 
-159.456924 
64.180313 
-62.779954 
151.432507 
690.402149 
-371.746548 
0.648035 
-432.467362 
-208.568842 
1312.253357 
-372.653461 
101.649569 
-275.585681 
-54.032156 
-301.554690 
-72.286500 
322.223636 
-114.832055 
331.602172 
240.865593 
174.232417 
-6.257201 
1186.826004 
296.312903 
1293.935998 
-703.309990 
-27.713474 
262.781072 
5.923967 
386.009935 
579.873231 
-61.491733 
-887.531384 
-128.734801 
-1199.327465 
246.137493 
380.213656 
-423.714075 
-389.437675 
-529.069994 
-205.817123 
-27.509566 
936.904191 
95.251111 
-46.120040 
-239.297606 
230.891644 
91.701663 
379.946476 
17.012612 
338.252438 
-188.645625 
127.897395 
-225.416252 
-195.734594 
88.005596 
-515.465569 
219.696174 
342.136184 
84.571043 
-93.845722 
115.606784 
181.005636 
-112.388834 
-40.009373 
363.753725 
-194.339671 
-106.849244 
258.548617 
794.097182 
-496.403465 
-176.381867 
-385.853548 
-168.121568 
-30.774068 
-11.045881 
-1117.456311 
259.625568 
-179.725124 
167.369575 
94.431176 
467.710673 
-387.960849 
-27.268868 
-235.740810 
294.251765 
-134.184834 
365.658276 
-27.074196 
250.285170 
-144.772765 
438.245097 
-22.703456 
492.957885 
-633.396955 
-312.609094 
-109.388254 
476.610555 
-502.813927 
-73.764802 
32.856438 
-69.596970 
-874.907576 
55.978458 
-356.933871 
321.927680 
-438.155946 
85.904817 
222.842000 
-73.099363 
-363.776640 
-354.942045 
222.841859 
-325.345792 
-243.836832 
-98.485685 
12.638459 
-88.268549 
794.092350 
-162.752779 
-17.926267 
-224.635054 
-734.448953 
-161.281950 
-94.977537 
29.709020 
-411.996900 
421.248880 
-182.620546 
-127.721417 
278.248937 
560.766407 
-263.733616 
169.495135 
218.015972 
-201.870781 
76.817284 
192.655768 
-159.307431 
81.112488 
147.957633 
-357.059672 
-203.824651 
-156.235165 
113.785954 
-271.346886 
-386.389013 
-442.009739 
-636.287110 
605.523469 
-294.415734 
218.785757 
133.847748 
-348.668803 
357.550687 
936.908325 
-1179.344668 
450.542587 
-104.067117 
-52.949831 
-414.297300 
378.677219 
-612.959435 
-227.433200 
437.059486 
187.143692 
171.066564 
-185.129659 
-23.650398 
-467.415252 
437.063251 
-9.790457 
-164.663961 
48.590436 
-586.944260 
-131.310612 
151.437722 
511.321264 
45.646623 
-596.165124 
-599.946239 
-55.074243 
187.244346 
-106.624580 
-82.332918 
-117.768302 
-398.474953 
-27.078780 
-294.853687 
-533.614923 
138.320245 
-334.340167 
-478.537210 
109.405230 
-590.257337 
396.583474 
-27.080958 
-211.667061 
-531.796292 
39.055518 
-79.954042 
-1.186253 
-760.416118 
-13.672218 
205.926406 
-27.080438 
38.395928 
28.878108 
187.140960 
222.842909 
-40.917050 
-51.110690 
-124.683196 
579.878016 
222.843463 
-94.161679 
-353.166060 
-421.507390 
340.695374 
428.540063 
66.808183 
222.845250 
-634.031665 
-27.076490 
-66.788092 
243.570427 
233.557731 
390.633930 
-420.805521 
-297.880633 
360.108372 
151.440615 
385.360645 
-501.088338 
-67.822454 
-628.279188 
-93.753133 
-465.786519 
-80.712828 
-248.405155 
351.570690 
-102.141739 
287.933986 
151.439314 
-274.560498 
339.588311 
-37.483910 
216.172797 
-453.892165 
-181.848122 
28.841577 
-518.333605 
-333.350726 
-49.359328 
-250.722077 
-110.300141 
-62.779682 
-725.061998 
136.106217 
-319.025451 
-619.108107 
545.064877 
-396.254371 
54.075010 
36.081814 
114.874370 
-292.031230 
-62.780989 
-106.220769 
-630.423026 
-62.779806 
-381.955735 
-907.213237 
-27.077121 
-27.075675 
-333.991623 
-367.157868 
-298.352553 
-317.529504 
-24.621767 
-446.573316 
8.627151 
-313.840595 
-27.077700 
-9.951541 
-264.934491 
-372.454152 
118.665356 
-696.333312 
73.032529 
-580.772726 
-238.846397 
-193.822974 
-160.738139 
-367.672301 
-70.058732 
-241.630313 
-8.958516 
-27.078092 
145.921235 
81.097393 
-609.004990 
-376.291251 
-24.657543 
366.939547 
44.329006 
151.436389 
-128.178321 
-27.078825 
289.970964 
-345.421770 
17.957289 
-327.381438 
-218.152476 
-122.518817 
8.623660 
-75.528033 
-221.768498 
-271.273076 
-502.140709 
-187.745077 
-223.789441 
-248.828274 
-87.418343 
-432.828955 
-372.756324 
-78.788293 
-80.170096 
-331.578620 
-88.545447 
-258.538121 
-114.820838 
8.621086 
-233.736920 
3.903202 
-277.004021 
-89.659895 
-277.007512 
-329.559051 
-14.634948 
901.201170 
401.410608 
-58.800964 
1066.802972 
-64.438678 
-81.298606 
27.664223 
279.872908 
901.199193 
-143.154734 
468.343569 
168.684763 
718.483289 
295.533335 
822.902898 
255.005066 
98.383366 
272.570477 
401.357892 
476.656359 
491.894764 
472.766368 
633.632051 
753.995710 
-42.558028 
390.631871 
-128.465435 
869.810419 
572.031159 
337.642307 
673.906858 
218.444774 
444.454463 
69.251405 
701.030806 
-6.317239 
782.757258 
-210.385554 
686.986209 
411.526424 
-33.229130 
266.174963 
483.937544 
-122.807751 
848.406125 
428.655745 
362.826236 
-418.203468 
651.284141 
-20.454430 
711.678187 
-511.638683 
407.553433 
46.564681 
415.091016 
-297.129418 
508.471193 
-2.726136 
-213.968639 
-64.386654 
358.879655 
-42.271365 
-169.989652 
-145.151483 
359.663666 
-587.964852 
341.026022 
-144.822551 
-570.510890 
630.941210 
-129.172576 
143.089725 
233.064496 
-100.138880 
-215.535556 
221.071888 
2059.474526 
355.776663 
-98.822149 
-288.942453 
-23.514079 
331.377862 
-364.406348 
-251.078511 
-183.156156 
-310.723820 
-217.929035 
294.247326 
-36.070493 
706.369200 
51.608619 
636.996573 
107.514850 
-48.561088 
-577.466700 
508.461953 
-328.087711 
-40.492999 
457.680608 
-30.848514 
157.112326 
-247.804296 
-108.987549 
-335.368466 
472.757758 
335.456594 
-812.780174 
-442.061298 
419.353315 
-293.093988 
187.138312 
299.187706 
-302.345431 
300.616324 
-547.779732 
-213.743080 
472.762146 
136.526696 
-492.545303 
-14.937533 
612.971937 
247.587703 
-98.487657 
-155.719473 
1008.304790 
-47.476649 
-28.174546 
-263.529542 
711.244848 
-629.417870 
325.287341 
-35.842816 
106.666756 
48.350999 
-183.083721 
-164.294013 
-21.232394 
-862.387889 
-250.473991 
-43.588519 
22.417254 
46.558934 
-48.579867 
-537.964571 
250.499681 
-92.770666 
-221.397335 
-434.770097 
-390.995599 
621.678961 
227.069024 
369.191244 
-130.269347 
-412.300677 
76.361684 
251.647215 
722.687228 
220.035646 
-398.887300 
-470.386925 
1365.344744 
178.791420 
-470.903310 
261.312269 
-72.990244 
-154.807175 
124.999857 
-497.457180 
297.411103 
-435.023058 
-722.569357 
356.711545 
-364.951082 
-798.353103 
-98.484202 
312.095034 
170.028092 
291.573473 
-390.949807 
-421.493563 
225.063783 
248.803417 
-596.128491 
167.681722 
-315.951891 
-471.836645 
-120.491942 
72.374851 
108.025309 
-24.501622 
1010.118069 
-135.396934 
-171.030990 
-283.181391 
829.797120 
15.781949 
936.904648 
-611.290667 
-52.993542 
-337.200036 
-103.502647 
-105.985377 
544.171143 
76.648454 
-2167.021099 
-1070.227855 
655.911608 
26.669084 
650.035676 
-525.416878 
71.503690 
377.753344 
-66.819138 
-480.632878 
722.688948 
0.067397 
-29.455362 
-481.949638 
462.939036 
-462.289757 
-415.369251 
-30.106495 
866.679612 
-65.697556 
-514.513647 
-111.235765 
80.333709 
21.561405 
-243.986102 
159.293737 
212.625687 
148.675015 
75.046083 
27.801068 
-145.928679 
424.872532 
-758.572267 
-94.260450 
-339.621200 
-385.304807 
329.955040 
1222.531364 
-824.130178 
-380.454534 
-145.346570 
92.419666 
-2.717529 
437.569087 
-1076.983779 
94.927271 
-163.933191 
140.935304 
-374.812065 
456.449441 
189.314511 
67.472514 
0.331604 
437.061917 
-27.078336 
437.060851 
329.950901 
-614.809780 
-325.019168 
778.573927 
-243.538339 
301.227160 
-91.280556 
-680.674993 
135.036801 
775.160838 
-79.393546 
-353.727925 
-106.224465 
177.190364 
-272.453402 
345.032562 
-496.748605 
-87.090985 
-202.603605 
-38.198153 
151.437438 
-550.163143 
-415.293934 
-105.704332 
437.061974 
229.010320 
-408.346781 
44.327752 
-82.557804 
53.298528 
1008.312000 
-86.585282 
-227.665749 
-283.909477 
-123.029327 
284.218664 
-118.888275 
98.219078 
18.711470 
354.941080 
-370.429236 
12.102520 
-375.678137 
-263.916932 
-511.198635 
37.993792 
221.696383 
-570.344311 
-407.663435 
-353.036018 
214.881678 
-215.033589 
127.866442 
-18.033145 
-305.394749 
174.201513 
-240.611889 
155.843318 
-75.025119 
-806.867579 
-688.105915 
365.385778 
-235.032252 
-359.086008 
564.332303 
-108.053244 
26.333752 
1508.156003 
-128.208533 
-50.138080 
368.811347 
33.113932 
610.943736 
216.244673 
-538.766582 
-408.270965 
437.061141 
222.842348 
175.191414 
-200.322789 
-614.057770 
-695.914247 
508.467969 
-475.782542 
74.218011 
-9.372116 
-82.457675 
-368.043431 
222.841203 
-62.692435 
-68.168630 
-1.601204 
-524.124461 
256.724124 
-23.143258 
76.901316 
-11.218784 
513.382525 
53.672375 
-27.079752 
-247.996209 
-716.599432 
139.903633 
-100.354925 
-255.357427 
239.284158 
-235.160083 
173.467387 
-27.076003 
32.290592 
-823.938686 
180.803306 
-1.720204 
-297.654774 
-565.674468 
-77.954888 
390.900063 
-62.779356 
-42.941252 
-50.177685 
187.140196 
579.873673 
-68.791787 
-30.041748 
-535.827020 
401.355666 
365.657757 
171.752719 
-543.587612 
-412.068260 
320.908596 
211.125525 
-115.431677 
365.649408 
-198.897046 
-27.078057 
168.349800 
323.537300 
329.639521 
259.697157 
-347.008511 
-713.348442 
578.770014 
365.652710 
-266.006959 
252.337164 
-37.645904 
-652.442437 
-470.297685 
269.046269 
-442.711088 
-222.277942 
98.019063 
41.040652 
305.649547 
294.252128 
-523.616550 
-294.734250 
-359.954707 
-49.567134 
-372.264605 
60.056777 
-704.279089 
-785.210504 
-139.053052 
113.364299 
95.295469 
82.435406 
-27.077646 
-467.909617 
152.328543 
65.540151 
-1432.052678 
353.865968 
-518.893923 
-327.482403 
-54.052380 
75.001116 
-581.230504 
-27.078942 
-514.365264 
-463.731559 
-27.077303 
-864.834966 
-531.380586 
44.329369 
294.251055 
-302.693078 
-519.491143 
-159.832742 
-13.350516 
-257.467883 
-560.274769 
115.732799 
-239.723830 
115.733147 
-192.107096 
116.980513 
-98.214001 
-213.996050 
-307.029277 
-137.643847 
-175.260393 
-187.190791 
263.597053 
-120.784431 
57.404417 
-515.471589 
-51.770552 
426.883792 
187.139903 
-302.622716 
85.256368 
-476.673971 
-302.618185 
575.834826 
51.246673 
187.139487 
508.467637 
-119.935575 
151.436995 
255.783435 
-510.110080 
-200.488241 
10.564802 
-389.576015 
270.822860 
-98.484327 
-88.000507 
254.355510 
-111.278924 
-629.821224 
-230.139085 
-299.865733 
45.676926 
-447.510314 
-80.045099 
244.570862 
126.301852 
-249.397901 
-561.990019 
173.976295 
-19.777679 
50.280082 
-134.186959 
5.342854 
-496.697026 
-277.003031 
-51.040906 
-277.001422 
-338.476637 
-625.626314 
401.359827 
-35.597137 
-373.633701 
700.315233 
-123.203070 
-812.307076 
-353.166210 
266.712872 
508.470039 
-377.565466 
182.932202 
-189.929826 
109.965354 
79.048001 
334.585803 
41.681617 
-376.967494 
338.731711 
80.030842 
-128.105443 
342.170585 
722.686442 
186.139201 
337.112117 
-559.802247 
-229.590039 
266.213975 
445.883436 
177.169089 
-718.078761 
56.648488 
365.393846 
16.390789 
553.724525 
-522.852920 
242.424567 
-195.582460 
-229.917668 
865.498366 
592.681564 
-347.748023 
-132.913561 
194.589072 
274.807667 
1304.104527 
59.490451 
-556.785485 
113.702903 
44.321460 
427.644956 
-148.931010 
-289.763341 
11.062955 
-20.387238 
-331.532111 
232.629611 
329.949301 
224.075478 
-423.320338 
236.058955 
-464.741358 
-22.816030 
-335.278915 
258.191771 
369.956126 
-210.894196 
24.670385 
-199.363689 
162.557134 
587.157426 
20.016817 
192.172646 
-15.745853 
-169.608061 
-415.442258 
520.092291 
466.957393 
-318.427032 
-22.373624 
114.229268 
339.153084 
167.762703 
-187.734035 
-89.323696 
-210.862255 
512.768543 
-29.693512 
115.728277 
651.712627 
92.307273 
-402.045104 
560.827836 
84.889810 
-30.779513 
81.515056 
329.949179 
-282.998706 
258.621260 
107.892403 
3.227873 
-694.423278 
-281.067215 
82.691362 
-72.100588 
1222.526326 
46.564066 
-871.805952 
-57.242841 
-111.996351 
-31.057189 
187.134100 
-195.184966 
-311.692476 
233.642386 
-338.125596 
11.422510 
651.286788 
-177.407039 
-818.414126 
-411.813186 
-44.208725 
156.402572 
472.770685 
191.754448 
-27.078458 
-65.527051 
-38.491390 
-393.990580 
532.186945 
-567.408423 
-11.817132 
-28.228956 
-240.344561 
235.757901 
-316.722436 
-190.401874 
-383.588763 
-526.325678 
-139.949823 
-302.697389 
84.838481 
-692.042642 
-14.085781 
-733.301527 
424.375702 
-694.510757 
-989.467743 
177.271353 
-612.312564 
473.107174 
149.331935 
-211.405424 
-70.673401 
-309.478158 
226.692938 
-37.341757 
-27.074545 
82.517151 
-171.673801 
-261.227692 
722.683642 
-437.744648 
-928.421122 
169.332018 
663.327521 
-43.435421 
642.567715 
-620.013488 
-118.644856 
315.863673 
-266.659007 
171.209802 
-358.254883 
-424.882800 
258.543009 
508.465693 
656.033439 
-469.382696 
46.267426 
-545.057134 
-36.923815 
-92.353560 
3.649593 
212.581664 
158.351672 
453.505847 
-167.754469 
635.326176 
-77.843733 
19.651981 
-126.783527 
-3.845526 
842.800481 
-118.776614 
865.497366 
374.016494 
437.059462 
-617.791496 
-246.663800 
-297.223151 
-271.313139 
-180.713667 
472.761377 
255.537665 
-491.388215 
-183.043186 
-37.943528 
-50.643165 
329.537176 
-391.039290 
91.378203 
130.962199 
-657.252538 
271.295523 
437.063068 
292.169645 
403.736464 
-593.657727 
-275.049101 
142.217922 
12.612906 
319.449583 
-243.122007 
22.563220 
-595.965496 
8.315978 
66.219399 
-36.962684 
17.773754 
-33.434633 
152.030382 
-61.917885 
-247.043891 
-252.422087 
78.304597 
-489.358088 
194.298958 
51.494939 
-305.622168 
-304.067365 
1079.717904 
401.359878 
-616.783279 
-529.434524 
-122.308014 
139.448729 
667.458278 
50.978296 
-600.727229 
-151.042784 
314.390266 
-60.378459 
-165.382158 
399.148248 
-39.390879 
-189.494184 
-336.843197 
-27.077356 
-27.079236 
329.954105 
651.279302 
33.313293 
-538.533247 
578.140648 
-264.953671 
308.145998 
19.441463 
-348.189783 
-115.065133 
567.854006 
-353.095176 
-26.386982 
113.771756 
9.821628 
-520.033050 
-206.205884 
-580.777530 
11.566672 
61.765702 
-136.182392 
8.620901 
-233.660243 
-563.115788 
-202.996335 
-27.076619 
-67.706390 
-1999.362418 
258.544537 
852.755335 
176.308382 
437.062332 
103.834405 
-336.054646 
-14.222989 
-790.230891 
102.482859 
-208.343527 
311.084958 
135.207797 
-1.074798 
-369.176813 
770.469272 
-459.965140 
165.814582 
71.177078 
-264.424067 
149.238478 
183.971446 
-189.545989 
360.355797 
387.243595 
-94.643864 
-255.601809 
-47.974278 
-150.580939 
228.072031 
994.628469 
-336.616039 
-443.256499 
198.156171 
-522.441702 
334.842961 
-119.069922 
-70.244312 
172.891057 
-0.348843 
612.391977 
437.057766 
-177.698790 
-157.468023 
-32.834204 
71.316170 
39.033475 
640.262034 
-98.025240 
-107.229886 
222.841157 
151.432545 
5.440018 
-210.604585 
86.355838 
141.929016 
222.841995 
262.391893 
-253.507766 
-29.254843 
-188.352094 
-256.484713 
-27.080366 
152.514746 
-683.803299 
-206.310654 
228.073805 
30.381717 
8.806502 
-83.307796 
-532.142014 
204.946448 
-152.035348 
437.064091 
501.779273 
-669.737025 
259.070193 
155.562083 
-326.405861 
210.023475 
-596.929269 
186.702994 
294.250535 
-354.437347 
-166.732736 
-220.383354 
-176.439865 
59.574982 
-994.711358 
-175.948285 
-208.666425 
44.319485 
-96.468375 
245.630626 
151.436009 
-62.779777 
-220.228340 
69.238381 
-103.707928 
80.033593 
-27.083756 
119.560303 
-467.424190 
-0.313040 
183.030014 
-114.150299 
57.768130 
44.316581 
-290.389453 
258.541670 
356.059776 
-179.203294 
224.224722 
-88.570587 
-4.332122 
-520.555612 
476.706297 
-419.826257 
245.344338 
-239.557612 
154.583493 
18.812574 
143.281720 
201.256361 
-158.556761 
-80.300066 
1468.812052 
-232.677826 
403.921833 
44.322613 
-181.139584 
3.663341 
201.650679 
562.639279 
-186.803703 
-34.825386 
-31.022629 
-358.396330 
153.713851 
-479.332581 
-10.964698 
-150.869727 
8.622998 
-177.238884 
-154.328813 
69.312929 
310.843129 
62.217886 
-270.506909 
-512.185525 
-260.621450 
50.695718 
-114.356317 
8.625895 
-109.629750 
-803.840121 
-27.079495 
-477.090050 
472.563202 
-62.781694 
-62.781721 
-373.719595 
-839.330486 
-283.167728 
114.024984 
-326.590598 
-510.047184 
-98.484149 
-195.723109 
-62.780360 
-359.466116 
174.502890 
-407.350201 
-241.565309 
-870.826189 
-437.761992 
-365.703676 
183.865291 
93.771615 
-279.644529 
53.109667 
-441.301357 
-304.801333 
-181.774599 
-27.080299 
-240.872228 
-81.910357 
-275.159063 
-328.931344 
-204.938681 
-180.525898 
151.437752 
-98.486654 
-1259.455145 
544.172028 
-560.133843 
-148.411633 
-700.414018 
-232.331437 
-339.216961 
-104.884097 
365.656502 
-44.833434 
-512.818638 
-155.777716 
-141.034265 
-94.021909 
-196.972056 
-283.346990 
-240.783655 
-175.483411 
78.698106 
-446.113041 
-323.672966 
-502.358971 
705.294770 
-663.523031 
428.960749 
-277.000710 
-448.854928 
-95.045788 
-276.997112 
239.711930 
-276.995235 
-514.615397 
-207.823314 
758.391168 
213.246323 
-61.261746 
707.287849 
-15.927807 
-301.090855 
-124.667595 
28.800831 
1079.718083 
-572.249990 
493.369770 
268.441483 
70.570939 
-12.441232 
912.904722 
303.423637 
-197.024286 
356.755707 
294.249823 
-34.442030 
545.652471 
329.954715 
270.297945 
238.423658 
-441.648780 
-263.518184 
652.778347 
624.400173 
173.444334 
-786.939079 
-103.716165 
-21.499791 
158.425633 
122.861519 
-453.443531 
211.215170 
-146.359758 
-415.076423 
865.499939 
520.972954 
-215.574736 
-86.003872 
-141.906892 
352.555672 
777.500883 
-416.170500 
-560.959309 
-343.154947 
-27.079500 
-319.740563 
-47.035444 
-144.026134 
-172.377695 
-105.183634 
-476.159777 
22.888436 
44.326023 
-147.818140 
-670.479247 
-302.378028 
-441.286852 
-402.680381 
-406.156713 
-41.972381 
-129.024449 
-703.464799 
-296.634068 
-779.651368 
470.701133 
170.732694 
-131.166453 
-64.270291 
-524.248515 
-339.974223 
-177.820429 
410.580098 
-478.285638 
-152.843086 
-52.394272 
-333.808578 
-75.797046 
-117.259680 
-222.595687 
-821.469358 
-335.493811 
-247.342864 
-123.884665 
472.763653 
-145.918842 
-157.715686 
-413.114546 
256.165689 
244.346321 
-177.886799 
170.390521 
258.545446 
-157.084413 
-347.896922 
-5.121789 
-525.087650 
-125.502047 
-201.998973 
157.578478 
57.044140 
722.687372 
118.468445 
-556.911073 
144.930021 
6.524753 
-255.243530 
936.906848 
-152.802700 
180.626443 
325.231597 
-208.489213 
27.027071 
44.331793 
288.829195 
-338.903446 
-190.930979 
-105.101837 
93.184826 
1079.717111 
-604.309897 
44.330626 
-70.942651 
309.031522 
43.263269 
504.296853 
139.994123 
8.468374 
17.975798 
338.148110 
424.409183 
-9.723944 
-543.518910 
95.481249 
-379.891106 
-163.793349 
49.325497 
145.762783 
-941.971656 
201.490532 
-378.296916 
175.220878 
-326.359971 
-427.853981 
318.340472 
-311.576764 
763.956042 
-178.629628 
12.474680 
136.669848 
-183.072625 
389.420433 
62.233452 
544.170406 
220.892878 
-89.097773 
-263.476025 
187.138447 
-217.168961 
-249.043007 
248.126575 
371.163799 
131.034488 
307.675085 
357.355842 
-441.957568 
-70.038564 
-83.089730 
-187.064654 
317.224175 
-777.416154 
437.059032 
562.010467 
-109.956826 
-411.766794 
-266.174364 
-279.863647 
-319.258793 
-80.780051 
-366.375351 
-165.931237 
-14.128100 
110.308432 
69.179517 
-259.202345 
-246.609025 
32.913121 
-29.974416 
296.143197 
572.975862 
-54.592501 
544.169967 
546.524742 
508.467386 
-761.119679 
-589.187808 
-473.230058 
-75.220105 
127.704117 
865.498605 
293.023566 
-1148.471426 
-515.253602 
-17.169804 
-120.124362 
-34.522764 
-393.196126 
-395.520885 
223.440396 
-241.420278 
-248.376348 
258.545343 
537.932714 
418.021174 
-483.716740 
-291.238418 
165.666180 
297.303156 
386.179116 
-142.823336 
-496.764368 
-446.629032 
-4.190067 
181.312218 
100.068585 
147.313659 
-18.904330 
-25.930149 
-97.959557 
75.510624 
-158.598666 
-3.532092 
-499.242434 
-202.695009 
157.523516 
-290.612522 
-203.680008 
508.466483 
472.762757 
-288.061559 
-684.920492 
240.088452 
-399.407287 
-136.094898 
-314.969147 
-686.193092 
246.631955 
346.365530 
316.767251 
-338.054338 
452.134577 
1115.919307 
378.733737 
-303.238025 
-27.079996 
365.652311 
651.280117 
258.545346 
113.780610 
-129.157758 
704.651681 
301.557830 
42.264926 
-387.095186 
-44.075737 
74.547941 
377.079576 
-324.264448 
-501.837888 
16.209255 
-312.841908 
-469.935620 
-230.989731 
-377.346410 
448.862637 
-157.189282 
-705.528743 
44.323967 
234.475848 
19.645656 
-386.596260 
187.136614 
-42.448804 
-500.871570 
1008.308885 
169.114740 
130.037446 
365.653412 
65.751051 
-195.107242 
-269.860828 
142.509907 
-656.753525 
-213.754359 
93.352487 
-340.426091 
-137.471069 
-588.406954 
-407.312061 
-377.491480 
-387.005261 
-119.361762 
-123.525296 
191.705056 
502.427687 
586.518226 
-36.410419 
-293.302853 
116.707274 
173.116146 
-221.667586 
-374.516852 
153.135086 
453.222394 
224.916644 
-129.507826 
-518.239897 
-324.085192 
122.287211 
-351.195326 
-200.050294 
199.027835 
220.834428 
162.278512 
-27.078665 
-17.542290 
-141.674090 
102.484002 
374.015758 
106.407540 
208.373932 
-159.908317 
-184.133468 
151.437148 
8.623457 
-313.286891 
158.175608 
-14.693751 
-315.087945 
-27.078597 
382.221752 
5.600064 
205.658525 
-123.094140 
46.029404 
508.470536 
-108.184972 
-327.413985 
-318.240976 
327.517652 
-46.361932 
39.603900 
182.408925 
-39.669175 
433.453334 
244.753200 
-27.076731 
-1022.302672 
-598.326499 
175.814690 
-53.156340 
-424.059607 
121.970448 
-515.820356 
-171.118858 
8.624889 
-535.197263 
-122.896349 
179.585543 
-154.450814 
-219.181289 
-1081.224253 
-164.883256 
-65.033357 
187.141204 
49.790355 
-201.292026 
-62.781610 
-27.077081 
178.355926 
-172.387745 
-135.429057 
-98.483617 
-98.484808 
-158.786621 
-48.502508 
-74.999391 
-152.304078 
-110.208147 
-179.096651 
187.142870 
-276.999789 
222.842847 
278.081183 
-357.520697 
-233.961936 
-12.838829 
-242.672176 
-369.692704 
239.860419 
401.360536 
16.042602 
-26.909537 
-260.058915 
-121.976784 
-133.702815 
-58.546184 
-490.470264 
-61.240165 
1560.315149 
-394.381568 
340.543529 
-62.784666 
-437.725766 
225.253140 
-388.666845 
93.280526 
-560.103247 
72.951797 
-380.846235 
-485.526470 
-73.221400 
-167.031629 
-155.617314 
-84.399153 
-62.783651 
-144.890819 
17.643624 
69.380399 
340.134991 
-172.087252 
-253.652766 
-174.217000 
-285.796140 
364.263473 
-224.955286 
-62.783197 
143.198689 
-285.911618 
-27.079975 
-103.937615 
-150.064859 
-27.079973 
80.028152 
-702.665106 
-696.344499 
221.063624 
108.897325 
-54.225235 
-330.609999 
44.326260 
80.459094 
44.324923 
-218.123891 
-46.171929 
-232.896948 
-400.485232 
-317.599661 
162.513033 
-226.408872 
124.765341 
49.413500 
-253.562485 
-284.555211 
-214.312705 
-338.126856 
-114.367065 
294.248773 
-308.622589 
-576.191816 
-282.310702 
-197.612339 
-229.485943 
-21.098502 
8.623052 
-27.078118 
-701.798027 
8.622562 
416.625291 
-329.593358 
-342.180132 
-377.329980 
-328.617693 
105.620226 
-277.000639 
67.111158 
60.708695 
-312.881809 
-373.047010 
-62.780471 
-312.961213 
253.700982 
-140.877627 
-558.397407 
-376.868735 
156.215838 
-52.291192 
-287.563523 
-233.776227 
-473.161630 
117.210665 
-276.998327 
26.489426 
388.840687 
-276.999342 
6.397687 
-276.999450 
-419.287258 
-32.952787 
615.563299 
-1080.308639 
-472.397642 
539.256815 
-137.840405 
-347.913747 
218.071010 
-288.033681 
508.460583 
-564.484316 
-119.424381 
410.696983 
-17.063772 
510.055663 
834.626091 
568.671662 
106.341810 
527.104954 
294.244676 
470.419726 
379.637713 
936.909294 
1047.969131 
290.744634 
-906.432748 
48.765634 
379.548007 
513.098906 
301.316637 
56.006874 
338.852672 
193.347644 
262.538188 
82.713666 
-374.021676 
207.089075 
96.679002 
248.877164 
472.767763 
604.787161 
659.113462 
117.976976 
181.661722 
670.849721 
1233.339846 
274.086940 
-103.979656 
255.936198 
758.396945 
229.928898 
827.467213 
-149.072806 
385.099923 
528.560195 
665.373638 
-363.813746 
508.471535 
301.109064 
-323.302806 
314.482397 
-0.024566 
-103.026699 
-76.576630 
-286.554636 
311.403022 
-234.613712 
-630.684058 
-249.994553 
66.024287 
319.452287 
10.197254 
-236.163602 
-184.718737 
-303.876926 
264.167141 
907.612584 
1483.885497 
-285.468467 
-3.890420 
399.728272 
471.026904 
349.399822 
-55.929817 
-502.251433 
-188.205039 
102.377300 
61.844167 
686.974644 
34.149601 
-142.503883 
82.270644 
713.163024 
192.222999 
-234.799634 
-243.531200 
329.951782 
-459.609801 
-98.500121 
673.866735 
98.245048 
-193.515727 
273.321827 
-140.791176 
232.993075 
1008.313650 
322.197032 
-392.551904 
683.308166 
-76.549826 
-58.516289 
1365.347447 
278.089919 
202.285720 
132.464326 
55.328972 
590.122112 
936.921590 
797.756747 
-146.318257 
-248.543385 
241.246666 
334.113417 
1293.937502 
-235.613026 
472.759043 
146.513057 
827.225105 
483.119675 
402.778064 
99.719815 
210.070942 
-31.585965 
155.792692 
7.402731 
94.020138 
-138.483646 
39.147758 
304.785918 
-358.603514 
147.864012 
342.450618 
-477.818799 
25.620707 
-369.505944 
337.683638 
-411.878132 
-337.135933 
-155.659893 
295.358374 
334.169589 
-390.867727 
405.975254 
207.044785 
236.198926 
374.298835 
724.358777 
401.353216 
-30.863656 
459.132769 
-222.826102 
187.135430 
-528.899608 
-371.782932 
343.813678 
-399.593443 
53.717094 
107.695389 
21.559894 
-459.631164 
-473.520278 
-253.887481 
-246.712555 
537.719823 
-719.619750 
294.246024 
240.695314 
-126.211874 
239.991769 
-232.798028 
333.161323 
-328.812551 
221.076733 
-473.561988 
-70.915662 
-44.243158 
-215.008653 
70.102026 
-125.189463 
-77.477147 
-23.247823 
213.861614 
413.253431 
-69.003892 
553.281167 
80.039845 
32.567282 
8.624327 
-934.678643 
-757.772307 
-132.906883 
-456.405046 
286.357903 
222.843970 
-87.727199 
-1068.510484 
340.994431 
-298.561472 
113.580579 
221.330386 
-544.691247 
-440.387849 
195.388458 
-153.615051 
-67.839694 
329.956887 
547.555773 
-779.217482 
-196.075781 
92.481659 
-357.043158 
711.028644 
-254.715805 
-368.416388 
-672.766182 
-292.576374 
-111.398083 
-153.365798 
15.236041 
-607.870530 
-131.285533 
-347.332251 
-32.862468 
157.661168 
-305.328322 
34.861549 
-566.432568 
-531.584521 
132.119139 
252.527887 
-35.738846 
401.359781 
794.098078 
-578.879448 
-266.648207 
-130.831359 
-456.533589 
314.583484 
212.700832 
-908.726336 
-153.157274 
-9.992396 
-179.627027 
-260.634618 
228.620132 
236.403485 
362.583826 
-279.108523 
294.253324 
187.140643 
151.439303 
187.142111 
240.015516 
13.845930 
740.649300 
96.011673 
182.370959 
-839.471055 
-358.103260 
176.322334 
344.962025 
-407.040784 
-329.414326 
-234.328532 
-358.860496 
63.291672 
25.440219 
-383.800680 
168.646320 
-370.427442 
-537.961545 
222.843640 
20.513177 
264.627755 
-762.059326 
936.908404 
-305.995564 
-253.478656 
437.061528 
-33.737995 
-344.683373 
258.548016 
218.071711 
-737.799836 
-626.100282 
-125.262468 
-942.601293 
-103.412106 
-19.680903 
-588.392650 
-155.863694 
-286.303312 
-170.247981 
-81.081482 
-207.012088 
-687.243522 
-113.145791 
288.484066 
42.771827 
-83.361169 
-190.442248 
-35.692340 
39.714821 
-76.058773 
-161.503442 
-399.327171 
-101.615310 
-171.437486 
68.262512 
-363.809235 
-50.706563 
-717.901637 
60.375796 
-509.912344 
-507.614428 
387.374794 
-207.909831 
-79.499023 
-27.078376 
-90.259194 
-154.084095 
-126.734382 
218.845372 
-11.930176 
148.352476 
-124.248866 
-197.958261 
-62.776787 
-62.776968 
309.076182 
21.039258 
-123.299363 
-619.727261 
437.061724 
-258.101197 
-197.592718 
113.757125 
-800.352426 
-460.208482 
-98.480067 
-31.583374 
-231.827043 
-352.543330 
516.607455 
-55.920339 
363.537187 
-134.025682 
-137.816516 
427.584146 
45.778976 
222.843482 
-1281.154677 
376.815774 
-31.157387 
-62.827577 
-184.188189 
-16.883134 
-509.224159 
249.741314 
-27.074116 
-124.790515 
-759.564227 
-148.036830 
-786.870839 
-363.406882 
-1186.612110 
-48.926853 
-232.520194 
222.846848 
49.401032 
-322.607793 
-27.085181 
437.060456 
113.298160 
-12.191464 
-278.679380 
8.630710 
-27.077392 
310.967746 
-238.909567 
-53.882821 
-348.591493 
160.867269 
29.161589 
222.837754 
-491.204199 
44.333364 
-213.381443 
-179.879133 
-33.699710 
-524.548519 
-27.128697 
-671.982475 
58.626132 
401.342806 
-88.143767 
-165.522038 
-305.051167 
147.596060 
-232.468161 
-76.644386 
-28.079064 
-143.057798 
1196.589946 
-467.482319 
184.093825 
-27.070944 
-175.909102 
453.500684 
-148.916527 
171.460111 
-255.046011 
-113.757139 
-4.677803 
-558.431947 
-126.713501 
-519.029700 
-50.614059 
17.305269 
44.324812 
-345.692379 
-40.838897 
36.300822 
-713.927338 
-310.121275 
-316.427405 
-353.465954 
-141.436638 
-189.366333 
-376.432308 
8.622888 
-299.264626 
-572.055957 
-62.786692 
2.690491 
-272.870044 
-27.079339 
-27.078651 
-123.336030 
-520.829994 
-210.043274 
61.238994 
106.377473 
-481.414498 
-27.073019 
15.688377 
222.846151 
-167.963244 
-247.934575 
-73.275730 
-389.873055 
-762.257422 
32.866459 
-401.154553 
-275.327747 
-70.646189 
-37.886794 
-476.242893 
-145.082162 
-227.879448 
34.927026 
8.632110 
-78.865427 
-86.649603 
-216.497318 
-552.683230 
-160.832425 
-96.954119 
8.628777 
-27.071244 
-358.832475 
8.628714 
370.599414 
114.210932 
-59.770178 
-41.618412 
-309.401658 
449.846329 
-276.994871 
-181.386733 
-205.420762 
-378.806010 
-752.566688 
-276.999030 
-189.477907 
301.123107 
-239.319610 
-739.075493 
-365.426246 
176.950968 
9.011840 
-302.494129 
-249.233124 
-299.630657 
-76.356672 
-277.003743 
456.863886 
11.208198 
-277.000951 
75.328459 
-277.007103 
-622.569565 
125.088966 
794.092512 
-349.952682 
490.284170 
56.983991 
-516.293926 
-680.080817 
103.833511 
690.256998 
258.545848 
-423.435215 
-518.397800 
-575.253605 
481.085002 
239.562104 
417.426708 
199.961134 
-754.125928 
-32.809921 
44.327048 
345.626418 
471.411694 
472.765684 
862.596325 
427.793125 
-1421.542405 
748.371097 
184.552944 
236.188406 
59.824472 
-191.710058 
-331.500724 
10.876828 
427.521198 
-412.935262 
15.100490 
233.981729 
61.479283 
782.115607 
722.688636 
265.923518 
-137.959510 
105.661594 
276.783261 
163.219098 
694.120850 
-466.744433 
-71.928917 
-67.862161 
651.282046 
-9.657551 
484.053866 
346.301832 
175.032231 
-638.492377 
517.866923 
-351.229238 
329.952662 
397.836658 
212.828090 
276.570764 
21.052815 
107.312712 
117.516285 
-9.720924 
382.008284 
-478.809216 
-44.389628 
102.994688 
-204.689968 
198.042229 
401.340265 
-157.763033 
227.391686 
156.004831 
-40.753066 
541.572340 
2097.556276 
37.306560 
-11.338577 
659.659106 
508.625082 
158.527742 
250.889175 
756.034098 
262.889384 
-33.168771 
-10.146676 
1508.155190 
71.717783 
3.934050 
-137.199359 
65.749184 
560.856364 
60.603630 
81.161163 
722.687157 
65.320239 
28.015631 
548.439054 
77.204542 
-43.993322 
214.641555 
406.914255 
280.988103 
508.466564 
114.244099 
-402.107066 
-220.690764 
110.043262 
194.272580 
187.140919 
-52.452957 
103.616819 
66.578406 
294.868684 
-30.930586 
615.579660 
254.679325 
44.070574 
-227.606486 
186.410140 
69.829722 
-27.080644 
-100.239569 
1008.312666 
449.153098 
111.061068 
-41.301663 
429.896707 
-252.976154 
364.842711 
-352.614205 
-616.437696 
-368.968070 
-461.527732 
-12.738058 
-153.150632 
-1016.576426 
161.659364 
72.550878 
663.921281 
292.018499 
-319.770624 
-391.159697 
47.425401 
-799.313392 
-866.489945 
-374.779973 
-138.158383 
-599.115940 
-392.479037 
38.932113 
-351.610041 
-325.164621 
-100.811310 
475.520552 
1079.719228 
-366.052700 
407.390446 
-536.860430 
365.657566 
21.122337 
-627.912010 
111.724635 
-90.267081 
-183.271374 
-74.349692 
-496.284665 
-558.476204 
204.929948 
-128.933449 
-186.866674 
81.501295 
-51.096357 
472.767063 
454.914723 
287.855575 
335.999455 
53.363534 
132.874877 
526.062360 
51.438340 
-898.570088 
-296.916367 
-409.213863 
113.991253 
-457.889073 
-128.659736 
-665.674432 
-293.986124 
180.546370 
631.147034 
237.741030 
-22.498903 
508.469683 
9.667767 
151.439360 
38.644369 
-95.102307 
-102.075295 
-464.238409 
122.161515 
437.063320 
45.456428 
-709.574511 
431.094412 
36.622703 
251.610270 
43.895531 
-739.131210 
-152.338168 
-43.548736 
-304.342233 
-69.430109 
544.173458 
230.609042 
-367.446823 
-241.472402 
389.617962 
-86.057036 
208.879794 
2.797979 
243.189416 
-809.708500 
-626.194488 
-179.469046 
85.240523 
59.564470 
-606.401426 
-877.048936 
-257.972678 
-196.641670 
261.904863 
99.988500 
11.734276 
-23.640876 
-883.548667 
-234.584255 
446.429282 
-224.380219 
472.765658 
722.687379 
-704.390868 
-372.182280 
49.126113 
-692.459091 
261.225542 
329.167748 
-737.389839 
25.199094 
-556.347234 
-407.805193 
-236.998196 
202.727394 
117.111278 
145.647429 
-590.605383 
365.656903 
258.546624 
294.250457 
258.547039 
137.962793 
148.098231 
182.427630 
64.784869 
-18.060173 
-733.918709 
105.320483 
-108.256761 
780.803965 
-981.629949 
-232.485153 
-349.171596 
-253.518738 
-635.209715 
-270.476989 
206.519794 
168.538773 
-124.366300 
-399.601966 
437.061988 
-167.021235 
68.965356 
56.438912 
1436.749870 
-130.182438 
-592.290460 
365.656706 
41.004596 
75.944612 
329.953358 
294.250715 
-283.648528 
-559.727297 
129.125990 
-196.221746 
484.856495 
419.879643 
6.349735 
-23.077434 
-130.579275 
-16.403693 
-289.090398 
-405.038630 
377.814567 
183.211687 
118.308473 
-182.198062 
-713.309121 
-166.185813 
158.009551 
82.910308 
-254.771899 
-267.024183 
-347.628653 
-386.904753 
96.407001 
-37.528089 
-102.913860 
63.116258 
-856.907570 
-3.075772 
-376.915038 
206.695993 
919.981792 
-57.275082 
-125.019907 
-27.077933 
-104.788405 
146.646288 
154.159952 
325.389881 
83.737834 
21.426376 
-327.216051 
-381.131376 
-62.780754 
-98.485107 
115.936507 
-318.492366 
-145.624004 
-772.081637 
579.874236 
88.469928 
85.498303 
90.373673 
-116.331957 
-35.894754 
-98.484492 
125.303270 
-235.749226 
-240.734939 
121.198413 
12.310696 
-203.794837 
174.801680 
-217.061809 
340.417518 
-128.193034 
222.845001 
1.930931 
-393.034644 
447.183008 
-107.971426 
-528.952839 
-2.695474 
-553.998454 
133.165126 
-27.077609 
-0.168149 
-289.692316 
-217.375780 
-217.292864 
-14.367662 
360.924128 
-72.303781 
-379.236166 
222.843601 
-68.118759 
-57.888798 
-27.077181 
579.876388 
-193.804209 
-148.385771 
-388.099140 
-27.076909 
44.327713 
445.326145 
-353.166809 
43.137456 
-156.989867 
-42.564775 
212.811655 
365.656718 
-6.997045 
-98.486156 
-362.478665 
74.683065 
-301.104551 
283.691209 
9.202312 
-265.107297 
-371.944286 
615.578900 
475.811570 
-282.980332 
-270.788173 
133.688190 
-460.981895 
-22.426889 
199.987103 
73.442351 
-203.501421 
-277.502760 
-31.563503 
-27.078194 
-54.999081 
125.903266 
-417.321061 
212.060955 
-263.572104 
322.901643 
186.267960 
-176.736978 
-254.839110 
-314.977020 
177.625309 
89.692791 
44.328202 
-369.199872 
13.281489 
243.387686 
-1432.052192 
-88.188024 
-6.252799 
-181.327845 
-209.096772 
278.769031 
-32.625325 
8.624873 
329.134303 
175.506341 
8.624910 
-356.794510 
-309.703024 
8.624569 
8.625270 
-378.625860 
-275.679449 
-57.293063 
-91.448844 
313.060537 
-145.404042 
44.329015 
-232.494724 
936.906792 
-12.150835 
-169.559456 
343.047672 
-502.081175 
-415.417301 
-98.505209 
-142.938911 
-147.652140 
117.129761 
-251.702510 
-306.774008 
-22.488401 
183.731853 
-104.305788 
437.062750 
247.680882 
-273.640876 
-275.067113 
-29.352779 
-8.346870 
211.910963 
115.735117 
115.735257 
-459.111178 
80.031626 
-302.219902 
95.048725 
318.529411 
-65.655764 
-315.492938 
-406.569050 
-276.998850 
246.910293 
177.766654 
-278.703826 
-632.386410 
-277.000755 
-211.576995 
-682.355087 
-453.288422 
-5.401812 
128.269001 
-248.586847 
-410.573800 
-399.292150 
-65.796131 
-134.678014 
102.581521 
-277.000652 
385.985148 
-315.325366 
-277.001405 
-290.034120 
-277.000518 
-467.857144 
-360.350425 
-241.296875 
-284.410874 
-275.137417 
-268.491410 
-273.386057 
-286.636569 
-277.000003 
-285.014132 
-277.000002 
-272.635325 
-283.369494 
-259.234964 
-280.470680 
-242.666103 
-285.404818 
-272.928956 
-274.841723 
-294.481068 
-241.296873 
-284.383279 
-259.780622 
-277.000002 
-267.952706 
-280.219693 
-260.448426 
-257.356577 
-260.406699 
-279.641393 
-259.699356 
-267.593621 
-280.901450 
-279.660109 
-288.257244 
-281.878701 
-289.862277 
-308.562645 
-294.315931 
-303.577890 
-276.999997 
-293.300594 
-262.630466 
-285.155021 
-228.215325 
-264.941611 
-263.365447 
-276.223380 
-261.718188 
-278.781292 
-277.000001 
-289.999451 
-271.967147 
-269.537269 
-250.200768 
-310.471679 
-287.495091 
-291.675645 
-277.000002 
-279.104230 
-264.535347 
-258.070935 
-293.143164 
-279.152034 
-302.642869 
-302.653444 
-244.007118 
-273.985161 
-280.691638 
-286.289670 
-260.300196 
-278.345052 
-287.242584 
-266.856970 
-253.399619 
-258.614051 
-243.154942 
-260.765685 
-315.083332 
-252.965851 
-274.506150 
-270.682481 
-256.281427 
-293.602784 
-242.747269 
-290.944778 
-280.885228 
-274.010133 
-271.181118 
-277.000000 
-295.173955 
-276.939452 
-277.728080 
-277.000003 
-284.120931 
-283.022387 
-278.816692 
-277.000000 
-260.611499 
-290.212889 
-278.630628 
-278.799716 
-275.739007 
-246.245318 
-293.219353 
-276.658521 
-277.000004 
-253.871651 
-253.890463 
-264.857742 
-281.079125 
-291.075768 
-276.999996 
-273.707152 
-276.421151 
-277.056768 
-282.664155 
-273.539088 
-277.000001 
-266.147788 
-275.368263 
-266.443039 
-279.682029 
-282.952560 
-277.000002 
-285.445572 
-277.000006 
-271.028599 
-250.805970 
-269.486752 
-265.373466 
-269.239543 
-281.847650 
-265.023231 
-295.280176 
-284.495213 
-274.485598 
-266.583549 
-265.904856 
-269.354663 
-247.209686 
-290.239551 
-275.115426 
-277.000004 
-280.850688 
-263.769517 
-272.234700 
-271.264367 
-285.541985 
-265.528834 
-272.759332 
-286.863479 
-269.120487 
-277.094653 
-294.229997 
-270.078178 
-257.707340 
-270.706038 
-277.000000 
-256.516543 
-268.965537 
-267.214222 
-276.999996 
-256.118378 
-274.621509 
-258.531607 
-284.976805 
-263.803974 
-260.334286 
-232.830004 
-276.352779 
-276.753429 
-260.467779 
-268.791897 
-274.776956 
-285.784901 
-241.296872 
-259.148438 
-276.482906 
-273.707158 
-276.447763 
-276.118848 
-271.214949 
-272.970228 
-294.509707 
-282.852145 
-273.816133 
-301.425442 
-272.246448 
-274.223463 
-258.592867 
-296.826461 
-270.652068 
-273.484899 
-284.742355 
-267.160857 
-276.999999 
-284.532311 
-277.000001 
-285.010696 
-280.217832 
-304.468539 
-268.424452 
-277.315769 
-277.000004 
-288.989079 
-246.350371 
-281.557631 
-282.594639 
-288.428935 
-278.746443 
-274.959572 
-279.080303 
-280.244604 
-303.459486 
-270.126695 
-276.999998 
-283.238466 
-277.000001 
-283.977547 
-271.151440 
-293.143161 
-276.356584 
-269.882518 
-283.325411 
-246.620368 
-269.686011 
-272.016104 
-269.788910 
-271.631186 
-280.038106 
-303.905994 
-265.760231 
-290.218533 
-273.746235 
-265.579372 
-295.071106 
-276.551510 
-276.468454 
-267.397576 
-291.209738 
-273.729642 
-277.000004 
-277.000001 
-282.753586 
-249.917821 
-262.532351 
-301.876431 
-265.206936 
-297.383813 
-255.827148 
-294.746000 
-300.173776 
-264.058152 
-268.350659 
-254.860298 
-272.902676 
-268.775120 
-262.803059 
-277.000001 
-277.000003 
-276.999998 
-241.296877 
-273.707153 
-265.242904 
-280.513572 
-275.392851 
-267.100365 
-296.385803 
-262.039404 
-244.138653 
-251.631825 
-270.981321 
-264.812672 
-270.701821 
-278.712466 
-279.250010 
-266.593840 
-266.191578 
-276.572224 
-270.171897 
-280.602933 
-277.000000 
-256.232598 
-255.954745 
-277.494246 
-241.296873 
-260.766312 
-266.298663 
-277.000000 
-244.710017 
-257.265327 
-277.000000 
-277.000000 
-293.665196 
-287.432798 
-241.296875 
-280.822724 
-271.028595 
-276.703963 
-273.706026 
-292.498959 
-268.791086 
-284.387051 
-263.617229 
-292.556217 
-284.159664 
-264.607626 
-292.789566 
-294.669718 
-281.009155 
-280.087040 
-282.515494 
-284.652741 
-265.839122 
-269.494589 
-279.858548 
-252.699769 
-287.032500 
-252.959815 
-288.477854 
-275.739012 
-288.085716 
-279.421538 
-250.468751 
-276.546075 
-281.878703 
-278.774496 
-260.002847 
-277.000001 
-271.755022 
-273.762579 
-249.778713 
-284.276374 
-280.087042 
-269.082279 
-277.154479 
-286.173658 
-277.000001 
-277.000001 
-277.542667 
-273.857613 
-275.296815 
-276.999998 
-277.000001 
-253.862445 
-280.124780 
-255.235975 
-254.079267 
-247.416125 
-277.000001 
-269.539167 
-290.441031 
-285.304337 
-257.936645 
-258.171035 
-271.689859 
-266.706784 
-256.920979 
-278.766788 
-277.484772 
-277.000000 
-276.999999 
-241.296875 
-266.091532 
-287.241209 
-281.533391 
-263.007180 
-275.337400 
-283.760391 
-277.000002 
-279.069267 
-262.196021 
-270.945885 
-273.589405 
-283.715580 
-264.941611 
-295.778731 
-286.649889 
-277.000002 
-262.771834 
-280.080985 
-276.999997 
-277.000002 
-281.171138 
-280.587168 
-283.760389 
-276.999999 
-276.999999 
-255.504879 
-238.916665 
-286.589371 
-253.593895 
-260.359112 
-264.598375 
-276.999995 
-274.768556 
-277.000000 
-280.998521 
-286.733871 
-285.274619 
-276.911267 
-281.718304 
-270.502220 
-271.069923 
-277.000004 
-264.888048 
-275.493259 
-281.079129 
-282.194252 
-282.678219 
-293.302798 
-277.003087 
-273.089560 
-277.000003 
-270.581363 
-263.926767 
-277.000001 
-279.649755 
-279.894100 
-260.754839 
-274.866875 
-252.525090 
-281.209549 
-290.339524 
-260.382139 
-281.116069 
-289.868076 
-276.169442 
-272.900617 
-276.999996 
-292.508621 
-266.421156 
-279.854021 
-241.296877 
-288.453102 
-274.174188 
-275.673927 
-268.664815 
-290.953838 
-290.087311 
-277.000003 
-252.654500 
-261.336737 
-276.999999 
-259.735927 
-300.043992 
-276.999997 
-277.000001 
-272.130391 
-263.769786 
-280.295410 
-283.457791 
-261.835326 
-276.881263 
-277.000002 
-274.111578 
-276.999999 
-273.141179 
-292.934829 
-258.312928 
-294.169369 
-270.650233 
-270.324125 
-284.854900 
-273.637034 
-287.173948 
-283.017476 
-274.742794 
-270.079599 
-271.371831 
-273.175816 
-276.999996 
-272.227701 
-281.177158 
-241.501935 
-273.706026 
-274.523696 
-266.007086 
-276.999997 
-276.999998 
-276.128980 
-276.999998 
-270.192286 
-265.111345 
-248.470898 
-280.985407 
-288.628056 
-260.720540 
-276.999998 
-270.179454 
-247.078743 
-275.219651 
-277.914010 
-277.000001 
-276.875348 
-273.504011 
-277.778649 
-275.258681 
-287.952945 
-283.382229 
-275.364996 
-272.576594 
-261.026802 
-262.813147 
-269.117718 
-277.000000 
-272.426214 
-272.764744 
-277.000001 
-283.157235 
-277.000000 
-275.323351 
-285.757817 
