43.773508 
37.123376 
47.463794 
22.039393 
27.399298 
1.983107 
-6.958461 
-14.166582 
-15.523357 
-39.286261 
-37.339489 
-32.808832 
-65.183499 
-65.908835 
-55.441230 
-45.314426 
-13.320962 
-10.641453 
43.773562 
49.677302 
62.655107 
103.070427 
99.086887 
93.779471 
83.324803 
64.827585 
27.481385 
21.002764 
5.019830 
-9.701026 
-20.467991 
-33.021089 
-55.717935 
-80.361639 
-97.469292 
-89.094311 
-110.236308 
-100.554654 
-94.586006 
-97.597022 
-84.557481 
-89.046871 
-60.166496 
-59.145909 
-63.121981 
-28.339363 
-39.260512 
2.485183 
-15.523308 
-0.035400 
8.077046 
-10.592396 
6.020167 
-13.670374 
1.985259 
-3.228625 
-15.523351 
-12.312605 
-34.352384 
-24.142389 
-41.254709 
-39.557883 
-44.277297 
-39.745208 
-43.695558 
-61.632415 
-43.647516 
-56.038372 
-42.937478 
-28.522477 
-33.795873 
-2.458583 
-8.612815 
2.711258 
-15.414429 
-7.528542 
-20.259011 
-8.536637 
-0.972151 
-5.997489 
-1.850804 
-6.000225 
13.963864 
-23.579544 
-15.216227 
0.559725 
15.406027 
24.007892 
28.012883 
41.478861 
32.193410 
56.291663 
43.236290 
28.719229 
32.844752 
24.007843 
7.695334 
-10.012598 
14.034671 
24.921119 
4.693112 
12.072364 
22.661076 
16.006841 
24.007853 
30.188812 
30.504199 
23.348388 
14.990461 
24.618332 
43.773607 
38.349943 
42.012302 
47.777566 
40.714261 
28.755592 
24.007570 
15.135004 
7.931477 
-9.767299 
12.253917 
-8.783372 
-15.523461 
-18.686497 
4.242172 
3.076558 
9.906742 
20.882521 
30.645472 
36.509294 
38.157362 
35.626433 
43.396079 
45.621663 
55.411087 
29.716981 
12.376356 
4.773146 
-15.750866 
-25.739639 
-37.182931 
-56.907648 
-58.541088 
-84.942369 
-82.812399 
-108.122891 
-109.093213 
-118.451511 
-132.823514 
-147.821879 
-138.078549 
-143.984874 
-134.481429 
-118.033224 
-103.211268 
-80.437167 
-74.820253 
-44.637254 
-39.447105 
-47.944882 
-15.523552 
-19.185638 
-17.241275 
-12.669195 
-32.826027 
-35.243564 
-64.333687 
-76.627013 
-94.117686 
-100.829807 
-85.464348 
-94.049021 
-93.383318 
-72.990104 
-74.820313 
-74.820317 
-48.354428 
-39.658668 
-21.685592 
-3.238300 
16.115970 
22.372961 
34.405279 
44.730350 
45.304218 
22.063424 
36.013962 
23.941950 
11.542734 
31.897251 
19.994488 
10.094226 
19.553735 
25.506030 
24.007754 
24.817436 
43.773329 
50.309007 
45.308480 
58.038806 
82.440049 
61.406459 
63.538929 
62.043071 
42.565211 
55.831892 
40.716231 
55.618637 
39.229496 
37.396438 
34.672761 
10.291746 
14.404265 
2.580983 
4.242108 
-15.673209 
-8.934703 
-22.973674 
-17.236217 
-1.723519 
7.390899 
36.861274 
48.688198 
82.162262 
86.425862 
77.082911 
76.811421 
74.637441 
42.830146 
38.984690 
28.498606 
20.848545 
9.414377 
-7.381528 
-12.477750 
-29.777740 
-33.321109 
-39.777002 
-57.967471 
-30.531897 
-35.288873 
-35.288932 
-20.500273 
-30.078956 
-14.724540 
-8.012797 
-10.323425 
20.263466 
-0.879328 
10.469690 
27.499069 
8.032127 
22.447935 
21.406122 
12.474097 
21.586133 
15.366554 
4.242371 
24.007908 
4.242284 
4.242336 
6.725021 
0.430150 
-2.478320 
4.482473 
2.160632 
1.862570 
-6.657331 
-10.982031 
-9.593593 
-31.502353 
-19.683844 
-16.873823 
-32.752077 
-21.376243 
-28.417636 
-52.619211 
-43.992602 
-61.132002 
-55.694629 
-55.054701 
-68.069641 
-47.964589 
-53.669646 
-55.054677 
-47.176974 
-54.113060 
-15.523459 
-17.687996 
-1.507574 
4.242146 
45.750207 
25.520452 
15.789137 
14.742807 
-3.476687 
3.076187 
-20.318567 
-29.606126 
-30.869333 
-41.225045 
-65.217999 
-52.318823 
-51.763667 
-44.100870 
-31.709493 
-18.490525 
-0.722475 
10.982306 
11.180000 
23.274611 
17.347455 
8.660708 
12.340667 
13.686556 
12.837798 
4.710995 
4.968350 
-16.598476 
-24.955245 
-44.067152 
-37.463820 
-47.691458 
-40.530839 
-17.111372 
-32.606530 
-8.926900 
-15.523232 
24.519212 
20.203421 
33.301621 
42.220863 
21.062808 
35.003396 
39.073280 
24.874709 
14.125356 
24.008071 
27.512311 
12.184749 
1.094522 
-6.958476 
-25.406063 
-23.837380 
-34.069317 
-36.043539 
-51.815130 
-31.959501 
-35.288897 
-11.042674 
-8.457366 
-6.818978 
23.620710 
37.149159 
51.789249 
67.710128 
58.031594 
72.108804 
33.168376 
43.773485 
25.860720 
-12.434942 
-8.484799 
-30.064236 
-63.075247 
-79.618834 
-104.455630 
-103.940393 
-114.351534 
-122.746219 
-111.045621 
-121.321784 
-104.449999 
-93.937855 
-111.072525 
-85.112090 
-45.993751 
-55.054649 
-29.308519 
-38.271064 
-35.289042 
-35.289081 
-36.379267 
-35.586406 
-24.219189 
-35.288722 
-35.289143 
-37.137931 
-59.666997 
-47.173864 
-49.866017 
-60.077988 
-47.974644 
-55.054521 
-63.084765 
-55.054957 
-51.217257 
-32.397337 
-23.384476 
-15.538031 
0.029657 
-3.347879 
1.487553 
4.242738 
-0.187402 
-1.949233 
14.990532 
33.141172 
10.080826 
3.687767 
8.346084 
-7.706788 
21.421579 
-23.924231 
-9.823710 
-15.523461 
-15.648732 
-16.431535 
7.102051 
23.600224 
34.078002 
46.569812 
50.785392 
51.064244 
28.474573 
17.137786 
21.240090 
4.683833 
-5.640717 
-19.698659 
-37.573676 
-55.781268 
-32.702696 
-63.924628 
-68.369403 
-68.194923 
-80.525595 
-73.329708 
-75.456366 
-94.585984 
-73.770202 
-59.826304 
-35.289123 
-12.666761 
7.513124 
43.773475 
53.656266 
53.779857 
58.443754 
77.200697 
58.566916 
73.227353 
43.211044 
33.890675 
13.832203 
4.242217 
-19.093363 
-33.443271 
-53.433670 
-42.572213 
-54.569020 
-52.697906 
-43.801989 
-47.981098 
-26.353640 
1.270070 
-11.554423 
11.678652 
7.415549 
23.196766 
14.125032 
9.035203 
-2.002324 
1.033604 
-19.723294 
-12.088382 
-15.074554 
-25.406108 
-25.406030 
-40.230168 
-55.054494 
-65.478379 
-68.629559 
-68.821892 
-47.056232 
-44.572592 
-30.194234 
-25.406143 
-7.851060 
-7.610314 
-3.898933 
4.492223 
21.537198 
19.845527 
38.794100 
37.102995 
9.600006 
12.860044 
-11.124088 
-7.764658 
-18.792727 
-36.376885 
-43.170406 
-48.154832 
-64.937411 
-75.184430 
-67.656318 
-74.820386 
-52.424639 
-64.937385 
-39.119044 
-33.742219 
-15.521080 
-138.790678 
-49.379605 
124.223059 
49.534571 
-67.487961 
56.293367 
139.894342 
43.775262 
-212.603477 
142.334170 
-177.525195 
55.872151 
-57.253025 
117.934154 
2.086032 
14.752577 
-37.810377 
-74.820058 
15.678184 
-9.217613 
-35.289350 
-82.364863 
-1.658049 
25.511525 
-25.058707 
-430.201601 
24.435828 
-117.134171 
143.024426 
114.554235 
-97.590145 
78.367678 
13.739287 
-145.464988 
218.484734 
-114.849570 
80.740222 
-74.821458 
-32.972746 
-159.285237 
-113.680191 
-156.240485 
45.144296 
309.579121 
-56.441052 
-40.550902 
199.339895 
43.772282 
92.803759 
210.865600 
52.674056 
115.328214 
2.388358 
35.928273 
-115.759366 
4.242610 
66.600333 
-115.803753 
-105.699201 
-72.701501 
1.161003 
-42.378509 
117.855817 
189.614437 
8.958023 
380.347214 
-8.905333 
-48.112135 
161.493998 
339.331911 
39.485232 
153.632298 
241.142128 
-50.560040 
172.136896 
518.272634 
20.813853 
20.031954 
-155.280820 
162.048438 
103.606567 
12.321443 
27.449618 
252.558830 
125.603472 
75.392542 
429.205790 
42.338026 
334.038203 
100.706631 
340.918359 
111.887781 
-96.550097 
307.456373 
409.439132 
-26.127299 
-28.298503 
232.530689 
154.687609 
-124.029337 
-70.917653 
38.352908 
7.042441 
182.135468 
65.862131 
-201.363766 
228.677231 
62.732357 
80.489381 
112.952841 
191.278788 
-90.887373 
-48.604940 
-162.736649 
135.285930 
162.366574 
244.928584 
-257.193978 
-225.050244 
205.165236 
48.559130 
112.952142 
-354.508949 
320.492996 
-175.251111 
69.412596 
-163.080093 
70.125245 
20.773877 
-67.610039 
-218.966066 
-177.667072 
68.896724 
42.559462 
-264.922995 
7.836430 
-182.967516 
1.078970 
-238.352454 
-31.850919 
-92.734274 
92.673074 
-62.264823 
125.851322 
-429.064648 
-527.322561 
-98.646068 
-131.799397 
-1.566864 
-261.085224 
-33.906956 
199.348487 
-145.454529 
-18.677137 
-121.278343 
103.072373 
-94.477537 
136.097472 
-461.092163 
280.962398 
14.524300 
-121.318318 
92.298871 
-69.322288 
100.151832 
126.810331 
-471.776423 
55.899988 
-107.036139 
-91.704927 
308.295162 
-150.147059 
121.631903 
-25.404177 
63.539532 
253.052025 
-567.719066 
-249.879832 
27.235513 
163.711666 
12.707604 
-36.816545 
-169.181018 
47.547365 
-145.505311 
-268.526743 
17.410150 
-76.093736 
-86.598563 
19.136058 
-17.785139 
-107.092509 
-85.377720 
-55.053408 
206.144565 
448.969031 
-494.957506 
63.948814 
-137.563931 
94.220415 
-12.615084 
182.132691 
195.804178 
-372.662251 
-210.650077 
16.249995 
-191.103619 
51.822090 
-243.291020 
0.051123 
-218.056028 
-68.166624 
-135.134883 
201.897906 
120.825542 
58.267268 
-179.521060 
200.695055 
-13.404793 
48.454771 
-153.025937 
206.852689 
-79.526211 
-80.686023 
-54.386481 
-10.969121 
3.676753 
-253.887224 
127.444710 
-57.371172 
116.275331 
-94.191236 
-49.922845 
149.756086 
-124.635819 
-36.446987 
312.096848 
-107.723594 
5.210626 
-15.522963 
221.664293 
-51.396534 
-231.730940 
140.920071 
-50.207562 
-196.729585 
395.268224 
-424.060514 
175.874005 
-83.048386 
89.783942 
-37.014792 
339.982459 
-257.453218 
186.980331 
-115.850744 
4.243614 
330.376038 
-35.287310 
152.486311 
602.404640 
-347.886098 
107.519225 
4.387300 
198.691007 
-186.678447 
-70.190520 
-8.469426 
276.688465 
-208.237212 
30.230173 
31.966906 
-181.834127 
-85.091483 
-57.932869 
-30.606122 
109.801819 
-153.190566 
107.871685 
73.423913 
-83.220557 
-74.067083 
37.499981 
-35.286370 
16.446216 
-227.846218 
211.783818 
99.566885 
-51.219116 
83.306863 
98.460324 
-183.919491 
-78.263136 
-380.569099 
-189.924592 
-185.131702 
-99.164108 
-33.897778 
202.289159 
-177.813681 
18.477269 
141.697003 
335.148513 
-94.553753 
46.837014 
236.835010 
-104.475575 
72.782397 
253.238709 
105.190110 
85.709980 
-50.997722 
-148.216547 
-126.469896 
100.203343 
114.544708 
-7.352426 
19.419048 
-124.032223 
-283.205571 
204.499768 
20.654761 
-59.121773 
150.780596 
-138.997578 
-104.716961 
241.429266 
-68.743691 
138.822272 
-14.009641 
94.490213 
-250.785640 
162.060361 
-154.801233 
-11.648329 
63.538517 
251.311979 
181.754785 
-225.841890 
161.004728 
-112.374586 
-55.055306 
8.578324 
-6.619405 
-67.956849 
-341.927350 
-105.544650 
271.078086 
71.991707 
-102.402093 
-105.427809 
-98.410513 
-125.917090 
94.941428 
-123.829237 
-2.570608 
-21.834682 
-190.100913 
231.548617 
-147.706150 
28.332039 
-78.096925 
-158.206467 
-147.976754 
115.658446 
-223.337299 
57.417922 
211.781996 
219.397322 
-157.380740 
57.217206 
-38.161361 
-60.066986 
-238.948311 
-236.039054 
5.099383 
132.719894 
-7.072630 
-102.017915 
-15.523174 
152.483817 
53.789403 
-74.297675 
-100.051076 
24.008919 
251.313256 
44.420730 
-133.457588 
-69.737081 
-0.050737 
111.498777 
2.698141 
-15.524192 
-30.964618 
172.252658 
15.818293 
17.290375 
131.188255 
177.748571 
-130.791564 
-11.739425 
-28.198438 
122.835009 
-30.169066 
-7.793608 
-63.770849 
-128.983071 
106.021295 
-293.870665 
151.619626 
-52.709685 
282.315272 
-156.590827 
149.877549 
122.836163 
-169.104348 
443.982274 
61.179903 
177.724859 
-392.130313 
60.919112 
-114.030530 
-59.114919 
30.134782 
-163.651197 
-26.078332 
113.855630 
14.125505 
-209.806643 
-41.221515 
-12.227035 
-92.845906 
136.992524 
-87.178993 
134.916804 
116.097367 
198.574186 
1.886961 
-15.522614 
-12.806886 
-171.602082 
4.243361 
-182.046277 
-292.295894 
4.242859 
14.125591 
-135.030850 
-165.969093 
152.753372 
-76.409988 
76.128377 
-240.910952 
14.125532 
-54.880027 
-15.523152 
-10.765974 
-131.414666 
-30.227446 
109.751562 
-544.871464 
130.012985 
-204.433932 
-41.338016 
34.934406 
-266.696486 
-166.681815 
69.982728 
-281.803522 
-90.739784 
-25.407401 
57.144304 
21.848527 
-374.683321 
-172.260428 
-44.955367 
67.275566 
-25.407223 
-35.289966 
-138.711825 
93.186453 
-85.272779 
-107.996543 
-138.184417 
-97.122933 
43.903443 
-35.605638 
-74.820572 
-121.080341 
-145.046024 
-203.057010 
-278.298338 
-110.028036 
-70.354742 
45.502710 
-106.309007 
-67.416278 
-166.077929 
-67.322887 
-90.754852 
-246.872868 
-100.848889 
-18.918687 
92.404428 
-55.054130 
-123.872661 
-74.276060 
-25.406406 
-5.186963 
-143.999398 
-291.200971 
-144.609356 
162.377013 
-32.363227 
88.527107 
207.845842 
294.782898 
-319.499173 
-259.950094 
87.165721 
63.546650 
-345.577272 
109.731527 
-166.501569 
-25.285863 
50.669455 
39.069364 
271.588459 
17.005419 
76.744649 
142.605256 
93.421167 
-149.932232 
448.970746 
166.565281 
343.234304 
6.402905 
206.105806 
-383.067353 
-40.664678 
214.759912 
-14.214462 
151.083963 
-87.557236 
24.060101 
50.495580 
-125.289076 
194.791656 
216.809982 
67.342314 
122.833071 
269.354103 
-177.918621 
-272.197501 
-67.029520 
125.054743 
459.922316 
188.507475 
-225.160474 
43.595319 
340.251083 
59.552789 
642.851626 
182.671212 
319.835030 
33.266738 
256.711637 
31.590418 
883.809544 
-30.730735 
132.403149 
-47.086824 
9.802213 
-0.030872 
-71.850005 
145.858027 
176.094378 
-158.703137 
284.635378 
-44.319801 
199.190087 
162.189846 
294.754203 
20.726722 
-35.427451 
-91.389927 
253.616293 
114.731731 
614.386556 
-159.147287 
79.806543 
-68.486277 
159.002344 
284.514738 
104.108373 
-122.057181 
-24.266718 
213.313999 
-132.057982 
350.142156 
-300.941117 
240.197585 
124.065872 
151.169889 
81.040422 
-126.742494 
-10.370449 
271.083775 
-153.279283 
90.061741 
52.454745 
242.341773 
-144.448760 
-148.330893 
231.229234 
-225.673011 
241.435823 
154.637934 
-443.430049 
284.688809 
-76.461082 
260.782557 
112.960462 
157.343741 
-215.149927 
-98.982353 
-304.550521 
145.954241 
142.606768 
187.471666 
-359.852207 
-300.603238 
215.114851 
41.016065 
132.723474 
-387.680201 
182.130651 
-194.091339 
47.472201 
54.370586 
199.078046 
-133.447789 
306.244717 
-324.816660 
-208.063474 
-34.650586 
3.591769 
-14.011321 
-214.525953 
-266.275492 
-146.160462 
-220.484791 
-9.811037 
-111.267458 
51.514594 
-423.542459 
102.081534 
-444.847044 
-358.104899 
-302.169365 
16.972288 
-111.213637 
-48.786094 
42.978600 
249.312942 
-129.390243 
56.482374 
-108.634212 
122.836330 
-99.956796 
-10.379902 
-253.993086 
221.665261 
-79.188905 
-204.885582 
67.479988 
40.058392 
29.955763 
136.967006 
-377.014965 
109.119782 
-162.793186 
-142.764714 
239.019247 
-147.376127 
-42.626336 
43.774109 
167.308893 
244.950545 
-274.165702 
-1.891543 
-180.408575 
-30.478521 
530.420171 
-209.674531 
89.270781 
-115.927036 
23.476724 
-215.476276 
51.328676 
135.738581 
-75.444101 
225.297209 
29.283521 
-28.514685 
14.001417 
399.555264 
185.340329 
508.263439 
-497.157453 
-88.348193 
-49.303720 
-19.236360 
43.600351 
251.312081 
-78.763720 
-357.766732 
40.190435 
-573.541174 
47.044041 
229.316966 
-231.679813 
-184.319093 
-307.123097 
-167.336298 
-39.039854 
369.905531 
30.154799 
175.543585 
-156.159790 
186.868532 
39.455287 
118.413881 
-100.392855 
158.404260 
-105.826815 
4.067018 
-160.102160 
-137.680352 
7.533399 
-240.667452 
90.667527 
180.270048 
31.263179 
-107.045370 
9.378233 
100.936099 
-29.881818 
-138.879231 
136.464757 
-126.529949 
48.236944 
182.135496 
508.268002 
-452.284953 
-25.726300 
-190.602211 
-63.536764 
-108.053084 
89.073947 
-578.688156 
101.159970 
-92.788688 
89.352972 
-79.126493 
354.303108 
-253.464559 
-7.002627 
-189.650301 
132.719739 
-45.169493 
251.314314 
83.307854 
167.885216 
-148.168197 
319.006992 
-21.316487 
242.517698 
-333.098464 
-172.713002 
-101.274717 
256.573334 
-382.209899 
-28.726660 
23.097967 
-64.141002 
-497.248953 
16.580927 
-269.155896 
9.985499 
-214.978464 
71.701196 
-25.406144 
-109.981333 
-186.378250 
-244.718217 
192.013872 
-106.716258 
-177.919425 
-15.525419 
103.119296 
-156.965344 
547.794887 
-38.588443 
-65.659687 
-175.116785 
-337.335539 
-32.712856 
13.443071 
-33.278887 
-172.874939 
289.685614 
-37.151053 
61.900990 
142.406564 
227.707925 
-202.532615 
87.003573 
127.514507 
-110.723409 
-36.861920 
146.695933 
-78.165425 
98.171531 
42.738516 
-90.582692 
-64.571173 
-55.028024 
198.912084 
-95.687042 
-152.506613 
-114.807466 
-392.029560 
250.562215 
-62.464216 
35.265886 
92.659739 
-171.257835 
172.777062 
547.797722 
-535.946204 
168.276972 
29.340109 
-21.344765 
-218.967784 
232.697668 
-278.512652 
-119.965506 
152.485023 
103.071964 
199.430508 
-153.178354 
41.492059 
-175.626180 
192.018687 
-176.546102 
-108.682819 
-60.305750 
-403.813336 
-129.886452 
152.486631 
128.299177 
3.740203 
-152.262243 
-213.818026 
6.434417 
164.651194 
-119.868447 
-61.505337 
-62.255754 
-142.973915 
-55.052779 
-167.474680 
-324.977876 
43.068775 
-278.376214 
-206.063726 
95.191000 
-315.200582 
156.442523 
4.240730 
-115.738984 
-386.613020 
-88.678994 
-19.813599 
-62.087948 
-392.361344 
-27.674477 
189.160520 
24.007072 
-24.196757 
71.760363 
103.072101 
192.016632 
-54.979332 
37.096331 
-65.593728 
152.479813 
112.954452 
58.347555 
-207.256749 
-177.679260 
162.990573 
202.366524 
46.029495 
53.653098 
-323.744499 
-74.827821 
-92.453062 
102.297853 
68.897064 
204.496873 
-189.882763 
-71.412847 
204.990431 
33.892961 
276.210336 
-127.062929 
39.497770 
-316.184003 
1.451260 
-246.881316 
42.873123 
-69.323668 
279.928288 
-60.902818 
92.386530 
112.953612 
-66.838949 
85.906949 
5.943526 
100.106077 
-230.584410 
-123.366226 
111.487379 
-112.906984 
-55.450278 
-40.632536 
-106.708512 
0.403412 
-94.582312 
-397.860979 
93.185958 
-203.522510 
-291.663637 
173.697219 
-273.814559 
-14.434394 
136.786241 
33.294339 
-116.938842 
-94.582895 
-138.285434 
-256.869780 
-74.818043 
-239.456180 
-282.757585 
24.010156 
33.894752 
-221.309953 
-125.741439 
-158.207817 
-106.380897 
34.817625 
-324.549817 
-25.404738 
-178.264908 
-35.287558 
-68.884798 
-134.611223 
-116.996092 
29.352232 
-388.403150 
79.872360 
-355.468774 
-145.772509 
-49.554391 
-53.315252 
-166.219685 
-95.852094 
-151.170402 
19.990334 
-15.524426 
10.516703 
144.456009 
-325.108581 
-143.225318 
65.490193 
167.541149 
24.007782 
211.781209 
-51.270626 
53.655365 
72.182285 
-98.362767 
-38.086887 
-127.268208 
-94.415768 
-62.399160 
4.242515 
-35.777180 
-87.138617 
-64.247599 
-267.882832 
-174.265167 
-80.092410 
-105.219851 
-119.660402 
-150.809621 
-161.202738 
29.745412 
-81.032712 
-208.229407 
-15.323897 
-72.145023 
-59.903109 
14.128496 
-49.618173 
84.006322 
-143.998414 
-64.201531 
-143.997292 
-253.939369 
47.120057 
300.725579 
39.976198 
-293.826959 
222.777349 
-82.482983 
-222.388738 
193.335323 
-130.024417 
241.430169 
-186.707879 
153.913268 
-137.460815 
183.861580 
-26.831078 
412.073374 
98.148152 
-129.295520 
-22.329747 
162.369428 
209.335850 
179.510160 
182.133995 
167.579728 
442.556440 
-284.916252 
-72.770878 
-103.306171 
204.967124 
190.536716 
98.587381 
138.415794 
100.573691 
97.820025 
77.985425 
122.639856 
127.617997 
85.358681 
-246.605116 
201.901190 
289.883637 
80.463822 
20.513504 
270.849692 
60.640868 
413.696569 
331.185683 
101.502629 
-253.031603 
330.375248 
22.705538 
368.427238 
-111.078695 
32.996752 
-56.908170 
161.762788 
-42.220599 
211.781080 
0.107962 
-79.637984 
58.858129 
204.973236 
27.813345 
13.077937 
-9.055961 
292.704331 
93.579553 
144.059373 
-91.884291 
-207.327563 
251.516375 
-7.382117 
50.919761 
60.791455 
-73.837733 
-42.727869 
197.596538 
768.503675 
51.382121 
-37.272011 
-109.645735 
204.573832 
169.022390 
-222.773449 
-193.690200 
-0.720663 
-166.350721 
-33.777592 
211.779715 
85.760750 
389.603431 
148.429952 
98.456878 
241.098296 
29.927484 
-191.206710 
330.374487 
-90.055306 
-7.553990 
72.375540 
-61.935924 
137.468147 
-219.448617 
-32.662531 
-175.959148 
360.021710 
345.366413 
-300.372239 
-79.572004 
158.206745 
-91.592074 
182.135972 
310.316920 
12.314567 
205.664443 
-241.785205 
-68.156713 
320.498209 
133.617764 
-137.296356 
-5.714349 
309.487155 
64.790825 
24.013596 
94.429872 
468.740491 
-57.626135 
68.573559 
-48.391373 
262.794273 
-110.578947 
98.786663 
-65.514129 
113.133742 
123.828648 
-94.773407 
-131.646421 
-24.456114 
-414.191576 
-56.567005 
-54.431064 
56.391626 
-70.492686 
-119.778280 
-130.910656 
245.611877 
-66.693446 
-2.768792 
-98.333559 
-127.819885 
203.917696 
283.432666 
250.097992 
128.819445 
-159.004375 
-37.066258 
44.401082 
429.202830 
-19.520360 
-178.977853 
-309.007415 
300.727440 
32.420202 
-79.510861 
36.764011 
-23.365555 
-5.358028 
74.347690 
-284.648152 
35.853465 
-183.935538 
-282.483424 
209.081477 
-156.106551 
-415.910989 
-15.526764 
142.598124 
205.890077 
320.857465 
-70.114664 
-216.332766 
69.042648 
81.262470 
-390.880652 
72.805169 
-192.222532 
-197.964027 
-140.826960 
92.563945 
-53.448021 
14.027067 
349.403089 
-26.542406 
-96.739115 
-134.165300 
360.022257 
37.033930 
409.435579 
-286.530549 
-55.938534 
-223.526299 
-114.626455 
-147.078200 
43.772733 
-51.141008 
-867.860452 
-466.340956 
351.554614 
-59.652481 
211.325663 
-119.010626 
118.755377 
111.031143 
-3.337753 
-109.214091 
290.845174 
-81.294909 
-333.752272 
-307.285010 
123.349122 
-239.748166 
-128.214344 
25.735910 
185.877592 
-144.420630 
-230.276868 
-31.249489 
-97.417350 
93.498064 
-134.838650 
17.791360 
203.793154 
70.879142 
23.007212 
6.586513 
-146.223987 
158.653175 
-187.803241 
14.522936 
-200.463818 
-130.347454 
103.071834 
547.797416 
-307.011149 
-91.874191 
-166.527440 
84.267808 
45.002189 
241.176323 
-542.367125 
100.665754 
-80.048679 
198.307512 
-98.058327 
183.488281 
-69.708685 
38.588562 
67.363070 
271.078785 
-25.405298 
172.251496 
142.602554 
-164.056826 
-112.270213 
348.732556 
-123.323563 
146.120692 
-294.509766 
-298.052316 
115.428204 
435.798723 
-72.388946 
-62.519852 
-92.489397 
101.568922 
-129.884799 
86.093226 
-273.492770 
19.211727 
-142.029179 
-101.334761 
73.421936 
-136.018757 
-234.303728 
-97.578644 
231.545902 
-23.005854 
-9.043917 
4.242153 
8.360230 
5.729231 
409.436318 
66.834497 
-144.146851 
-74.010663 
-231.088590 
25.761314 
-27.980831 
36.777150 
-121.680127 
124.189062 
-303.837156 
-249.551133 
-164.306822 
-45.108299 
-321.873577 
-29.197693 
130.138353 
-162.466458 
-115.849500 
-263.556021 
-52.370808 
-76.525264 
70.483015 
-134.239024 
-135.854490 
23.889296 
-107.957284 
193.655904 
-106.674294 
-327.026050 
-431.912389 
-55.379093 
-231.804827 
-143.558659 
25.275351 
-115.624569 
97.826748 
468.735613 
27.471381 
89.170331 
38.272668 
18.243758 
121.876397 
96.965650 
-192.771346 
-157.692346 
231.547547 
112.954586 
5.946896 
-118.420001 
-253.127167 
-386.461062 
152.484899 
-228.333847 
-206.600557 
-102.521744 
-4.690144 
-136.375890 
53.655894 
3.061098 
6.710279 
95.593856 
-149.890332 
128.576729 
-41.781148 
-90.193372 
36.733396 
201.812394 
41.887790 
4.242805 
-64.321139 
-161.911059 
45.127877 
-67.726592 
-161.571886 
152.741082 
-86.498818 
177.996563 
-15.522749 
-43.241500 
-356.006202 
-57.726046 
-75.535785 
-136.697436 
-362.632832 
-23.277164 
82.276308 
-35.287309 
28.475019 
-61.331405 
83.301970 
112.951802 
-1.883521 
-67.366369 
-366.866414 
271.077201 
73.422966 
156.651695 
-59.667863 
-278.790423 
-14.428412 
112.825910 
-8.551530 
132.723853 
3.623824 
24.005426 
130.299767 
-8.637154 
17.821541 
257.394935 
-130.258047 
-294.271853 
159.475298 
142.604039 
-91.168336 
-3.313131 
-10.461351 
-316.080783 
-172.213926 
67.972206 
-150.162447 
-148.757644 
251.578692 
-4.410894 
169.416622 
132.719091 
-163.185808 
20.634878 
-32.999468 
-26.894258 
-209.547409 
48.958092 
-386.125752 
-383.631632 
-95.199350 
92.851775 
103.945754 
-6.120261 
24.005726 
-129.696397 
184.205691 
-49.128753 
-416.389278 
50.018348 
-239.006164 
-192.588033 
-84.572048 
59.786528 
-204.868188 
43.772054 
-214.705812 
-55.641291 
33.886720 
-380.719922 
-370.854407 
14.122661 
14.123714 
-132.154643 
-267.797047 
-76.227942 
3.402526 
-114.135800 
-215.122734 
-25.406940 
-93.023124 
-64.938058 
-21.744737 
54.249627 
-31.045883 
-112.648769 
-154.995913 
-30.656028 
-45.832637 
-87.364146 
109.641870 
-93.688404 
96.452297 
-154.886086 
-2.357169 
66.825720 
-64.937429 
-98.803678 
58.981385 
-307.126141 
-141.443850 
181.111243 
93.692419 
-55.053595 
33.891057 
-56.415667 
-35.288451 
-2.085872 
-173.027969 
-117.004525 
-10.595643 
-234.039713 
62.882625 
4.244257 
81.082749 
6.096548 
-160.403067 
-298.878569 
-154.498561 
-136.966605 
8.626499 
-208.440457 
-116.389895 
-50.834851 
48.243132 
-30.029121 
-199.729843 
88.905223 
-116.120585 
-78.946569 
-5.639109 
-85.271897 
-149.168557 
-143.998112 
-29.033453 
-143.997189 
-295.174716 
-334.923265 
409.438129 
21.367308 
-168.626478 
418.447268 
-48.186455 
-369.852890 
-122.917575 
133.744374 
409.437147 
-132.723210 
98.245426 
-80.850472 
71.039423 
121.022960 
144.223613 
77.678102 
-188.111816 
247.920879 
172.249770 
43.753039 
280.112604 
280.960527 
151.258767 
206.637812 
-186.507464 
-151.450883 
333.469953 
322.259431 
121.881034 
-179.174669 
97.185075 
143.886867 
189.726374 
239.056864 
-149.457544 
211.990862 
36.727455 
-1.156253 
587.327162 
437.037982 
-142.276135 
-97.960290 
176.259915 
187.246597 
445.823366 
209.636875 
-243.997741 
-23.853208 
24.005745 
195.568022 
106.097317 
-62.544457 
38.825187 
-129.178354 
-148.169210 
134.427485 
379.785709 
241.510638 
-126.965801 
200.655894 
-235.241558 
96.953375 
-24.421287 
148.075198 
206.433230 
-49.538539 
110.458344 
-19.558835 
181.831686 
364.575574 
95.057532 
9.777218 
-48.178970 
-74.661499 
-153.646949 
229.349942 
227.631236 
-139.439171 
-127.295777 
62.572304 
122.682171 
137.296478 
-4.361578 
-14.300908 
-141.831553 
170.167400 
4.174961 
122.834453 
156.783886 
-25.704797 
-117.120462 
235.499275 
18.854033 
-95.586523 
-99.580583 
192.015190 
-155.645063 
-83.410774 
-89.261599 
-32.794654 
-353.953906 
-89.473171 
81.114298 
-99.739127 
488.501806 
83.475748 
-387.528815 
-139.945434 
-54.795216 
-130.403794 
122.837450 
-152.615512 
-198.586918 
31.697570 
-173.305398 
-7.009171 
271.077479 
-112.656906 
-433.763958 
-171.315682 
-96.276550 
17.775153 
182.137287 
26.834658 
4.243463 
83.507657 
18.203800 
-177.073305 
379.724092 
-266.292658 
24.013723 
-45.528009 
-125.917519 
106.982065 
-119.555933 
-226.425914 
-222.406331 
-239.869895 
-137.584914 
-25.293108 
0.403628 
-405.892351 
44.239639 
-244.632962 
76.613292 
-47.508287 
-113.432458 
-51.295895 
-275.143138 
295.099139 
257.821529 
-3.534561 
-65.552936 
-171.775487 
107.306367 
-39.251483 
24.007455 
-9.761239 
-164.286900 
-160.204679 
310.610262 
-138.171132 
-401.604867 
115.507573 
218.158755 
90.329198 
255.279704 
-263.367616 
-107.129106 
88.423337 
-132.376108 
-12.272731 
-22.254382 
-325.896827 
63.538402 
280.960089 
288.182288 
-169.486038 
-72.524505 
-202.922038 
-86.111112 
-104.453451 
12.501990 
8.401694 
25.801606 
199.878013 
99.731258 
182.961263 
-64.347379 
60.199961 
33.388586 
-26.798555 
173.301032 
8.145843 
429.200891 
260.447426 
290.841710 
-329.610543 
-117.614141 
-154.113054 
-200.197705 
-59.631166 
221.662350 
131.639282 
-216.020678 
-162.575305 
-4.782397 
-16.516768 
94.064853 
-51.237474 
119.794750 
33.937317 
-297.491312 
94.903874 
290.842389 
170.768220 
247.360126 
-332.077273 
-231.556167 
11.830672 
69.690668 
194.286831 
-71.824342 
-116.476416 
-256.279574 
-17.492995 
-5.829600 
13.592143 
84.316147 
12.197792 
170.790867 
-60.018039 
-19.466229 
-73.441954 
5.796400 
-112.179468 
-35.180634 
-22.219747 
-223.979170 
-80.625786 
626.860378 
251.313805 
-317.976522 
-222.026744 
-120.359963 
-45.280447 
270.137256 
-71.402485 
-396.344992 
-52.038576 
159.606812 
-67.783636 
-72.039632 
219.269160 
16.665640 
-63.982226 
-268.528401 
-35.288226 
-35.288525 
122.836341 
330.375845 
-89.367279 
-197.802910 
265.750895 
-164.573630 
110.768645 
111.594322 
-73.182791 
-70.485168 
337.360716 
-211.392094 
-90.511695 
65.787084 
27.215328 
-264.576066 
-42.129087 
-151.746302 
-57.315631 
-61.886372 
-29.182273 
-5.640619 
-163.562062 
-173.651901 
-142.424837 
-35.290230 
2.815107 
-661.060745 
122.835062 
391.658271 
69.098521 
201.897122 
108.995340 
-250.981719 
-49.028175 
-213.182440 
-101.327823 
-74.620989 
43.736989 
-14.235058 
-26.423492 
-178.662980 
291.001323 
-87.356905 
-54.004918 
-24.070228 
-54.727803 
119.934415 
89.598025 
-108.082658 
101.264373 
227.298221 
-114.665134 
-118.914317 
10.193816 
-31.298191 
68.682299 
188.253258 
-235.025205 
-107.424956 
11.706867 
-275.154770 
101.844466 
-63.606549 
-101.087311 
28.223128 
30.036416 
230.987087 
211.779291 
-141.911731 
-98.283964 
-15.611194 
24.559286 
91.382968 
308.579211 
-106.629595 
-34.059301 
83.302806 
93.187002 
-23.642617 
17.924885 
-2.911825 
-6.952905 
53.654664 
144.574343 
-225.040629 
-19.626289 
-44.695219 
-164.032010 
-55.056071 
1.242080 
-271.873746 
19.748206 
102.616849 
42.623460 
-11.108008 
5.632901 
-231.724470 
26.992144 
-15.500861 
192.015672 
238.342819 
-266.301227 
38.547038 
-2.536266 
-141.095286 
-9.066040 
-232.616079 
3.182740 
14.124316 
-192.503748 
-179.699841 
-107.054330 
-158.888971 
-83.487461 
-326.987193 
-174.212371 
-136.037442 
-55.051388 
-141.506798 
72.695564 
53.656704 
-35.287275 
-78.281944 
-3.743025 
-125.947196 
112.954881 
-25.402703 
-94.897956 
-407.539651 
-20.277211 
-70.176130 
-44.669857 
-28.775089 
24.006224 
-114.347535 
63.540808 
184.772831 
-99.925938 
31.715854 
-87.912070 
-111.631608 
-251.308407 
144.114207 
-104.474502 
51.705103 
-30.896028 
103.329059 
-24.095247 
-22.968146 
69.910194 
-46.037722 
-77.131694 
625.316759 
-108.972305 
268.076887 
-25.406438 
-75.694390 
-221.667407 
49.804972 
62.814280 
-175.859116 
-39.496733 
-123.355027 
-144.008903 
-11.395089 
-232.050576 
-6.841482 
-58.548797 
-114.353385 
-173.504485 
-48.566174 
3.504183 
199.387718 
88.756254 
-141.240147 
-222.962118 
-157.731761 
47.193617 
-17.998989 
-114.353760 
-131.744537 
-218.026464 
-74.820677 
-163.778096 
107.825727 
-55.056131 
-55.056281 
-115.388631 
-293.729671 
-85.871610 
87.663342 
-43.985495 
-159.291122 
4.240598 
-109.961895 
14.124105 
-189.255435 
176.479045 
-22.483708 
-116.968174 
-423.095471 
-207.731617 
-169.591436 
100.057239 
14.392918 
-166.069018 
43.478400 
-109.195442 
-62.425148 
-79.386273 
24.007489 
-57.455448 
7.388701 
-147.241800 
-142.709165 
-67.213105 
-62.799691 
192.015725 
4.242233 
-478.740621 
24.007856 
-305.820004 
-55.013046 
-292.061948 
-118.365446 
-186.385555 
-48.119195 
33.890945 
16.041590 
-132.242520 
-114.814764 
-25.290186 
-142.763342 
-135.371179 
-33.299726 
-233.056740 
-53.600617 
-18.795954 
-219.626900 
-30.902642 
-179.749779 
239.580356 
-193.479394 
104.206232 
-144.000896 
-137.451909 
-49.820542 
-144.001134 
79.918574 
-143.999533 
-255.497384 
-101.286481 
448.969270 
75.119846 
-63.510724 
389.946425 
-27.883597 
-178.965201 
-133.459836 
67.948321 
567.562281 
-232.495231 
261.301647 
-17.223260 
-52.578827 
-65.247863 
623.964319 
175.768812 
-110.382411 
219.357824 
152.485331 
-49.918614 
300.305242 
261.196518 
11.845168 
190.382367 
-37.379794 
-120.760699 
523.068285 
427.382753 
153.688286 
-185.516960 
-70.464171 
11.640417 
59.392199 
118.096832 
-341.288786 
97.007632 
-0.251375 
-206.158489 
369.909434 
247.052175 
-108.015595 
-38.294190 
44.339492 
228.739492 
466.286430 
45.285942 
-322.832113 
-305.076857 
103.073707 
29.953969 
26.201559 
-39.131413 
1.371559 
-156.351230 
-171.142186 
120.587137 
241.433519 
76.444685 
-264.036523 
32.838809 
-333.227075 
-39.040508 
-251.397967 
34.463183 
134.989190 
-222.597439 
-70.254810 
-230.530231 
402.283287 
227.815572 
57.158302 
-29.984795 
-157.725541 
-105.576056 
16.618445 
376.938449 
-18.448765 
142.569489 
16.455695 
-18.143461 
66.702795 
102.092034 
-31.060629 
-315.255084 
-55.058419 
34.308068 
38.375310 
399.554581 
-44.654399 
6.028685 
-131.703281 
235.499740 
230.593885 
39.769816 
142.885519 
142.598778 
-128.870399 
3.346976 
-52.082996 
-264.207050 
-37.969371 
-13.288623 
169.888632 
62.069753 
488.499228 
54.380704 
-192.325653 
165.195471 
99.767448 
9.460015 
626.857969 
68.044399 
133.985276 
150.188581 
4.101841 
93.228929 
83.304267 
212.078060 
-194.709326 
-72.430510 
10.161688 
44.143119 
448.962127 
-324.361834 
122.835399 
-118.776022 
144.419530 
-16.566543 
225.670188 
38.825778 
-36.740671 
114.125979 
124.980354 
355.138484 
-110.634567 
-225.926815 
31.145094 
-148.222787 
40.220423 
-27.386829 
124.050297 
-564.018481 
55.280576 
-211.837765 
38.993097 
-93.291094 
-279.590339 
100.509589 
-233.437680 
544.426722 
-132.635994 
66.798817 
-77.822726 
-123.487295 
195.722458 
-15.298783 
280.959389 
118.715045 
-2.021004 
-104.039854 
142.602699 
-97.684707 
-203.521924 
168.470205 
185.580024 
18.497694 
-51.219242 
219.220028 
-325.453206 
11.735601 
-56.608684 
-91.218092 
157.182503 
-485.454658 
300.726318 
325.432757 
-12.368905 
-258.046098 
-160.596611 
-153.698716 
-109.276922 
15.640210 
-230.216812 
-92.458152 
-91.578429 
92.080602 
0.831838 
7.872250 
-108.096113 
-1.069713 
-50.498834 
108.302728 
273.334678 
-9.839274 
142.602779 
226.919884 
172.251369 
-439.683868 
-331.068804 
-272.695850 
-105.624314 
141.784311 
468.736254 
216.993221 
-706.532918 
-215.362234 
-58.239067 
75.174793 
28.099994 
-76.894834 
-142.391947 
187.036176 
-28.328465 
-67.466652 
132.719616 
266.742555 
404.826506 
-213.155999 
-242.468461 
91.732113 
117.262665 
163.741141 
-78.562624 
-220.438348 
-462.140790 
43.022255 
109.671602 
-40.792445 
65.349339 
-50.856389 
-8.054380 
-183.768643 
37.126998 
-155.155784 
-18.751852 
-233.093551 
-118.904661 
33.080617 
-159.870022 
-27.922202 
251.311690 
261.194236 
-85.313708 
-360.067848 
122.021383 
-303.595869 
-141.462969 
-134.493416 
-314.080086 
95.409748 
-19.819879 
68.934230 
-169.255635 
318.164646 
339.500968 
145.414824 
-210.828617 
-114.353463 
93.187659 
251.311324 
53.655919 
-68.997177 
-125.117761 
326.076919 
64.210618 
69.394053 
-134.833621 
47.809182 
-24.340269 
186.063035 
-59.604186 
-257.134042 
11.738044 
-180.633333 
-321.000821 
-99.069250 
-168.879805 
130.685153 
-95.568602 
-487.807430 
24.009469 
168.412252 
-30.435461 
-276.294384 
241.431376 
-61.338023 
-435.184721 
508.267042 
69.085098 
89.598917 
290.846385 
77.379809 
-85.262671 
-143.878235 
93.189957 
-311.188772 
-49.594435 
13.041917 
-110.320972 
-117.215183 
-326.496269 
-101.940621 
-159.730910 
-305.536411 
-100.856239 
-57.300116 
144.476783 
227.377743 
295.364981 
-26.538252 
-135.642646 
-20.105528 
24.350460 
-145.603480 
-242.220297 
70.960727 
252.639001 
30.479064 
26.764563 
-265.269071 
-214.625903 
32.019977 
-116.789680 
-151.497816 
33.761467 
23.712850 
175.735942 
4.241873 
-49.248600 
-116.193561 
36.029481 
255.000217 
52.520250 
94.270070 
-179.815560 
-122.889180 
211.781613 
24.007035 
-98.245953 
36.728403 
40.487500 
-112.379605 
43.772751 
219.362138 
12.221912 
152.755095 
15.189094 
69.400273 
310.608107 
-43.026547 
-193.181860 
-119.940626 
271.365825 
49.261610 
117.736088 
145.814522 
65.502275 
207.551759 
206.972134 
-114.351162 
-520.774587 
-339.185531 
117.426575 
66.440819 
-161.131401 
129.771355 
-302.622835 
-184.160578 
-74.820988 
-318.607260 
-28.185524 
165.435153 
-108.410834 
-27.276003 
-568.813933 
-83.840914 
-0.621814 
152.483625 
52.798938 
-131.834347 
4.244240 
24.007101 
100.476390 
-39.280516 
-181.524256 
43.771749 
53.657761 
-65.067338 
14.126516 
-57.136145 
-49.494289 
-24.101359 
-15.855317 
14.125073 
-174.883329 
14.129901 
211.917606 
-180.492387 
-48.990146 
-55.024625 
-135.550916 
-252.325561 
189.965332 
261.197771 
10.295158 
49.768832 
-227.019964 
-215.320385 
-75.211433 
-6.234911 
-261.381003 
41.882234 
842.738678 
-237.842953 
184.559722 
-45.172434 
-263.925433 
-14.730732 
-216.160439 
55.054989 
-203.044654 
6.854279 
-193.129595 
-232.575604 
-35.854783 
-133.922167 
-79.323307 
-25.900883 
-45.172938 
-116.757470 
-52.978257 
-2.259603 
74.310444 
-85.003051 
-127.429667 
-77.657239 
-162.983221 
94.716653 
-52.684746 
-74.820744 
-4.906303 
-172.230402 
-74.821675 
-38.704525 
-33.249183 
24.007191 
43.773540 
-256.572116 
-201.697933 
83.958323 
202.389786 
-15.864305 
-184.632873 
43.773802 
101.547865 
63.539137 
-146.558611 
30.622404 
-155.989354 
-232.804907 
25.486400 
48.371105 
-103.704588 
113.608128 
-3.452847 
-247.425871 
-100.643950 
-91.603485 
-168.435925 
3.013535 
112.953552 
-79.417610 
-183.613510 
-128.640704 
-139.971856 
-96.581962 
-9.512401 
4.242343 
53.656560 
-329.551995 
33.891906 
117.637510 
-105.690479 
-219.967138 
-273.126228 
-149.208830 
152.607709 
-143.999394 
70.548975 
-106.102216 
-166.577205 
-249.291808 
14.123968 
-82.345595 
105.766883 
-105.806790 
-263.605203 
-198.523225 
40.693016 
61.394546 
-137.866849 
-62.691097 
-229.680618 
-20.594173 
-144.000324 
15.481670 
168.684389 
-144.000830 
-4.124800 
-144.000348 
-245.704864 
-63.931638 
448.969001 
-379.033993 
-281.613510 
261.924379 
15.541515 
-230.218846 
-101.834405 
-59.842761 
132.718517 
-341.059095 
-24.211280 
280.059406 
-55.473652 
180.883527 
393.042681 
247.327401 
58.815704 
253.845482 
132.719861 
103.979711 
164.057557 
369.907971 
307.104024 
66.545574 
-565.327392 
-120.089755 
177.185784 
293.460141 
18.129588 
-38.523374 
-31.319482 
69.153875 
110.440165 
-48.472679 
-145.734747 
88.630557 
75.729411 
5.833518 
221.665095 
214.825809 
182.428209 
48.026636 
104.147688 
243.058273 
558.941824 
195.648076 
-25.787631 
3.834576 
330.375270 
-152.529232 
443.984834 
-151.408838 
135.651445 
-166.237218 
444.475915 
-336.219904 
350.140227 
22.366089 
-92.323786 
196.126344 
-27.609600 
-46.905549 
109.514659 
-3.023749 
111.653113 
-296.958605 
-139.485471 
-148.569851 
170.388007 
139.952525 
40.512437 
-190.906014 
-175.697874 
7.309284 
126.986769 
531.370919 
660.460313 
-104.098122 
71.246175 
147.202767 
62.566160 
250.357096 
159.212356 
-285.503559 
-171.872511 
-89.457040 
53.617147 
241.428862 
-70.906442 
-38.372677 
96.289071 
256.582204 
82.275993 
-31.252972 
-77.092736 
320.489922 
-180.963706 
-212.429760 
416.354830 
-16.204986 
-14.895896 
188.269995 
10.368443 
-0.434518 
448.966467 
204.592795 
-280.133380 
301.542789 
-52.402263 
38.945836 
488.502380 
166.884863 
-243.584372 
13.924055 
-141.635457 
128.484598 
103.070116 
340.432635 
-293.373548 
-277.368647 
16.726566 
106.306969 
567.558922 
-133.860363 
221.660852 
59.949952 
255.753776 
182.300168 
232.101875 
68.946677 
99.792975 
-165.019871 
40.671219 
-40.917222 
-17.963410 
-143.536829 
-138.161600 
-165.904688 
-262.566975 
-53.534889 
111.352510 
-215.655213 
-15.275284 
-320.761972 
60.948802 
-282.865805 
-222.494029 
5.615580 
54.060822 
141.352407 
-133.569342 
203.625717 
52.450363 
18.831352 
99.686922 
271.252890 
280.958876 
-45.836393 
8.386763 
-145.074411 
43.773128 
-172.676470 
-310.516502 
157.361727 
-129.242313 
-9.145776 
47.051146 
9.101237 
-213.460561 
-86.807597 
-51.060052 
-38.893127 
249.976490 
-194.680270 
201.898534 
266.137773 
34.009721 
116.287014 
-117.154965 
204.241254 
-36.404119 
163.153077 
-196.171268 
-20.652631 
-146.011230 
-34.364422 
21.834755 
-18.555918 
123.602117 
11.934202 
164.377601 
322.283069 
-45.331159 
351.884880 
271.078111 
157.864586 
93.187590 
-348.706239 
-221.550997 
66.121530 
-179.285555 
398.852710 
290.843287 
21.311135 
-580.338207 
178.861529 
-120.870133 
229.759638 
225.782140 
-200.731308 
-256.253800 
15.626385 
-40.195688 
4.484936 
261.196918 
301.964001 
-257.319611 
-110.078705 
228.534786 
-126.438484 
121.861193 
-37.193330 
23.522219 
-280.654775 
-136.632764 
-35.942408 
-108.403460 
7.741927 
-125.664002 
-45.495544 
-170.502109 
22.719380 
158.435052 
-78.807486 
106.403016 
-286.898892 
-217.887303 
68.448963 
231.608670 
-70.399135 
201.899627 
488.501066 
-252.074712 
-245.022741 
-61.337072 
-201.138621 
116.677796 
108.181370 
-551.818552 
-87.319796 
-71.437405 
-45.216425 
-174.057560 
134.288109 
267.960153 
150.057729 
-72.611083 
211.782385 
182.134652 
112.954716 
63.540169 
124.719269 
-60.079140 
382.447640 
111.557912 
54.703846 
-417.101210 
-281.678936 
72.726809 
202.072407 
-196.375417 
-163.421443 
-185.028507 
-174.533939 
-172.799110 
15.009131 
-30.960631 
-23.713917 
-169.792773 
-336.735565 
251.311952 
96.810655 
220.353292 
-318.708270 
409.437648 
-201.750993 
-114.058697 
310.609535 
137.617279 
-170.878129 
83.304733 
-91.291475 
-361.087537 
-324.521344 
189.545639 
-439.744121 
-48.763207 
-119.252137 
-360.824016 
-122.420911 
-148.693130 
-132.699516 
-26.381304 
-223.733254 
-305.280630 
-13.696947 
208.157169 
39.374218 
-45.435214 
-198.269163 
-26.135456 
116.939255 
57.063113 
-51.355988 
-215.466529 
-38.990431 
-129.564544 
124.332411 
-197.627642 
-84.072449 
-369.041026 
-35.080470 
-263.284481 
-208.120943 
225.610306 
-127.648822 
-68.706041 
-35.287269 
-175.025975 
-12.190911 
6.296393 
90.284085 
-20.374758 
54.031960 
-54.166835 
-63.851006 
-64.937094 
-55.054081 
176.663081 
16.941280 
-60.095295 
-70.209854 
251.312291 
-107.589294 
37.551704 
-133.734835 
-397.811706 
-303.151231 
24.007443 
2.967927 
-108.499634 
-352.873629 
70.580278 
-69.106851 
64.613174 
67.440100 
-6.862157 
100.856201 
64.659754 
93.186190 
-509.665137 
204.984533 
46.341300 
-104.158961 
-174.740144 
106.002290 
-298.523431 
109.227903 
-55.059235 
-94.277700 
-367.895677 
6.917835 
-205.213666 
-199.589560 
-477.570305 
-73.089884 
-233.519682 
53.652031 
-95.191585 
-155.766913 
-55.056732 
152.480946 
103.568390 
-3.201672 
-135.201139 
24.004380 
43.774160 
192.667886 
-49.132482 
-27.705494 
-191.243123 
128.250317 
10.767358 
-64.937459 
-106.941354 
-134.117106 
-126.671082 
-76.442275 
99.122453 
-163.532420 
-23.204577 
-417.705433 
5.314162 
4.243441 
-9.099357 
-189.778918 
-168.360022 
-83.153486 
-80.159411 
-52.120800 
142.831914 
-119.137518 
437.083057 
-229.396631 
117.135275 
53.656763 
-81.213639 
267.140376 
-56.892872 
56.284894 
-226.171651 
-21.281630 
-33.209365 
-266.633373 
-6.514657 
-315.981234 
52.658424 
-125.956381 
24.009200 
-181.999771 
-60.272003 
86.385179 
-522.634068 
-197.404299 
-136.495198 
-107.904250 
-139.573514 
-12.268144 
-167.057043 
14.124717 
-140.909175 
-202.362219 
-15.522686 
127.658674 
-156.437884 
4.243681 
24.007957 
-51.334380 
-238.227648 
-7.935029 
33.714267 
80.750979 
-218.257350 
43.773836 
-63.792050 
93.189222 
-75.234214 
-95.992788 
-50.861636 
-211.691549 
-389.993336 
-10.236532 
-102.812923 
-107.992605 
-113.896074 
39.055108 
-230.149721 
-71.532515 
-178.071881 
66.612295 
14.124776 
-156.367506 
28.197934 
-141.541628 
-301.526992 
-158.804886 
101.150094 
-25.405555 
-35.289427 
-164.713051 
-25.406263 
149.083848 
98.377303 
19.010936 
-53.381100 
-215.708414 
215.782194 
-144.000201 
-40.101284 
-78.651855 
-174.327791 
-455.760348 
-144.000123 
-103.072708 
191.393135 
-130.709530 
-345.755900 
-234.176600 
-18.318999 
-68.359753 
-185.098812 
-119.917539 
-88.005046 
25.366462 
-144.000573 
161.757075 
1.192250 
-143.999514 
57.797822 
-144.001534 
-276.365127 
23.878189 
290.844220 
-176.290760 
157.353427 
47.308426 
-277.687000 
-183.153743 
256.584590 
290.361006 
162.369166 
-25.838056 
-65.537573 
-277.628945 
318.654650 
17.515124 
76.095278 
-9.823390 
-326.776650 
7.335750 
4.242745 
130.892046 
113.874645 
182.134224 
257.509950 
230.667221 
-595.593104 
282.934584 
224.344346 
168.709082 
54.415258 
-90.280725 
-72.526677 
52.199193 
294.896142 
-123.830961 
111.559572 
265.329829 
-0.350265 
191.486023 
508.265432 
203.048316 
0.077125 
-43.822416 
158.081221 
130.320307 
309.494718 
-277.829998 
-74.044758 
-13.547701 
271.078186 
-110.326422 
202.100661 
70.479020 
14.675995 
-215.650162 
178.424388 
-183.307593 
103.070218 
160.611127 
42.539882 
196.101900 
-10.209030 
247.057124 
51.284139 
-6.658749 
202.501583 
-317.944022 
43.695404 
-11.475683 
-137.016124 
97.764464 
-68.535621 
-109.909608 
117.095636 
65.571257 
-42.612757 
151.341814 
679.978720 
108.270695 
57.492713 
261.208513 
161.222711 
38.309331 
-95.753555 
236.762958 
85.319177 
-29.891041 
19.822334 
666.390397 
29.768792 
-34.728818 
-71.245399 
14.124672 
232.070828 
12.829918 
-8.826146 
389.672194 
30.373941 
-47.233335 
26.505578 
131.229408 
-34.638569 
24.530308 
124.593344 
157.637289 
330.373629 
114.994783 
-153.708394 
-25.500948 
57.442275 
3.419197 
162.367163 
1.992195 
132.660738 
-19.140098 
105.778065 
-23.479896 
330.374607 
88.005412 
-71.734612 
-184.030782 
19.960696 
73.877763 
63.537647 
-40.922743 
360.021775 
128.340102 
11.813064 
180.114424 
211.294392 
-36.526173 
184.310690 
-92.379023 
-199.949568 
-233.577552 
-189.005916 
-149.209401 
-124.002988 
-469.833454 
5.071060 
76.726334 
183.451239 
82.684674 
-223.247279 
-132.546099 
-94.798852 
-527.840794 
-313.888862 
-124.558887 
-81.834070 
-228.543876 
-53.854864 
46.158466 
-149.978968 
-115.109014 
2.956066 
130.902089 
261.195824 
-84.867655 
118.903466 
-316.375146 
122.836738 
-77.949711 
-345.813239 
122.290297 
-56.515919 
43.926605 
-34.512270 
-170.635140 
-282.408133 
99.372622 
-28.164203 
-151.970986 
-47.051255 
-81.004834 
221.662311 
256.254471 
130.302115 
401.870847 
35.168912 
-29.579530 
116.418789 
-48.180198 
-430.112050 
-123.476538 
-170.194584 
45.803136 
-272.161127 
-52.628338 
-369.790803 
-80.536331 
150.027550 
396.377503 
282.007670 
28.099770 
330.373059 
24.603655 
93.184921 
-26.542364 
-27.052723 
11.868119 
-239.434165 
62.437016 
330.373017 
76.877441 
-388.127365 
80.545436 
193.355922 
108.557908 
1.242994 
-327.821694 
-40.877795 
-29.687038 
-97.150966 
15.454272 
320.490509 
85.950219 
-466.839761 
-136.952972 
193.855326 
-20.093674 
83.484929 
136.386890 
96.181009 
-237.904466 
-222.674202 
6.514943 
36.105500 
48.863195 
-139.948758 
-258.642552 
-202.832086 
-38.927635 
104.176081 
55.222284 
-59.812915 
-63.220256 
-350.191940 
91.619756 
141.505789 
-22.552767 
182.134152 
429.204854 
-287.666825 
-75.314065 
-78.741306 
-362.447515 
131.773489 
181.201671 
-387.872644 
-18.116488 
-257.805340 
-211.026655 
-274.789716 
130.839152 
1.319903 
154.343496 
-316.962635 
142.604437 
162.369626 
132.721201 
83.306579 
96.870308 
12.541534 
-25.099412 
-41.609487 
-76.131358 
-271.423673 
49.630966 
-99.473034 
295.699898 
-442.526058 
-172.036850 
-50.703441 
-117.121049 
-399.864318 
-177.100364 
117.363486 
52.234866 
-159.345210 
-219.623900 
251.312696 
-190.099874 
41.308491 
6.860873 
508.264675 
67.226624 
-186.952187 
271.077688 
3.612927 
71.524766 
83.303164 
119.540805 
-84.211992 
-227.608661 
-94.587453 
-209.214633 
148.106117 
156.602844 
-18.281678 
14.237957 
-166.016209 
-133.637310 
-106.576166 
-120.364567 
83.024323 
-15.202178 
71.495926 
35.508645 
-399.527798 
-191.924035 
-98.835285 
11.786802 
-140.304423 
-195.247320 
-183.938975 
-201.543785 
-2.241340 
-74.078882 
-111.819951 
64.189060 
-419.759432 
26.513491 
-152.060066 
92.326786 
371.625498 
59.141917 
-4.046831 
43.772489 
-25.159005 
-4.233474 
13.256923 
234.490426 
-23.916096 
65.730375 
-161.235426 
-134.870339 
-25.406834 
-35.289478 
-97.003223 
-145.698422 
-208.477030 
-344.295346 
231.545807 
14.688541 
-13.474989 
64.305112 
4.050203 
39.170015 
-15.524136 
-36.535243 
-84.384587 
-43.865571 
50.621161 
-33.621676 
-125.170626 
27.467644 
-98.404987 
-16.143608 
4.034185 
172.248667 
-75.440006 
-231.710802 
212.495148 
-72.924060 
-225.028253 
-5.056973 
-216.925503 
141.759495 
43.771873 
-24.855060 
-176.778899 
-32.039908 
-185.734647 
-31.194531 
117.184055 
-24.123910 
-136.744585 
73.421982 
27.118002 
-21.030637 
4.240824 
290.842950 
-88.932364 
-46.131934 
-154.726478 
-45.170330 
-55.054905 
201.561792 
-217.792820 
-18.318389 
-106.184701 
79.708325 
193.474826 
172.251910 
13.506301 
33.888242 
-80.705319 
91.873310 
-169.408853 
33.508980 
5.906281 
-175.191424 
-62.802291 
300.729788 
273.411018 
49.871118 
-142.847542 
108.993254 
-229.885689 
113.928657 
41.451051 
61.329171 
-60.033997 
-211.185217 
151.299461 
-15.522249 
-99.830258 
271.859944 
-164.155262 
86.237779 
-196.948214 
192.816048 
96.023620 
-100.227562 
-136.358121 
-141.380446 
107.178054 
75.547029 
33.890595 
-188.210996 
43.256040 
191.599510 
-669.411213 
-103.721052 
-74.188657 
-128.714820 
-153.514709 
79.879928 
-111.512623 
14.124081 
139.857010 
-107.676782 
-5.641326 
-158.341768 
-321.860509 
-5.642062 
-5.642256 
-130.251172 
-136.630777 
41.188935 
-108.662147 
61.301177 
-65.426561 
4.239575 
-101.160244 
112.951394 
-22.689706 
-77.552512 
131.591700 
-334.400375 
-267.646061 
-22.194411 
-81.868459 
-136.925764 
73.337182 
-15.155044 
-185.645165 
12.377238 
26.548860 
-16.605739 
-35.290477 
124.120626 
-235.403607 
-124.162487 
60.781597 
7.561826 
102.055917 
14.123950 
4.240538 
-229.112372 
-5.641613 
-123.560283 
-94.044607 
111.198134 
-75.917270 
-222.641392 
-222.608767 
-144.000918 
32.045954 
170.394503 
-138.209769 
-317.899513 
-144.000802 
-43.595836 
-317.159958 
-251.003265 
12.239623 
3.034989 
-55.414644 
-206.473314 
-85.993713 
-90.422841 
-177.113662 
-72.915153 
-144.000372 
182.990598 
-222.091178 
-144.000266 
-84.105092 
-144.000391 
-276.475131 
-189.551806 
-144.000000 
-145.172781 
-151.028772 
-142.684613 
-143.596603 
-149.825131 
-144.000000 
-143.593559 
-144.000000 
-147.217483 
-143.532220 
-142.704362 
-146.067164 
-140.820924 
-143.062039 
-141.539334 
-149.402452 
-146.346294 
-144.000000 
-144.584743 
-143.867333 
-144.000000 
-135.691168 
-140.848908 
-154.710535 
-140.079431 
-145.583643 
-142.782086 
-141.067631 
-140.352306 
-141.816517 
-147.086426 
-141.676538 
-140.074593 
-146.554117 
-149.929343 
-143.024517 
-149.520892 
-144.000000 
-145.414488 
-138.949859 
-138.467285 
-142.857430 
-141.605515 
-135.466112 
-144.048943 
-142.673917 
-142.277825 
-144.000000 
-144.938224 
-148.845719 
-140.738677 
-141.313146 
-144.000000 
-134.433250 
-141.511571 
-134.117188 
-138.661174 
-151.647328 
-143.848803 
-144.124376 
-142.499269 
-149.803642 
-151.006562 
-138.230294 
-144.148263 
-149.914594 
-142.878156 
-145.397028 
-142.283791 
-141.321975 
-145.027505 
-133.217057 
-145.786175 
-143.101731 
-138.815146 
-144.000000 
-141.825536 
-141.106476 
-143.917480 
-137.276053 
-142.271443 
-143.532219 
-147.399678 
-149.037526 
-139.631000 
-141.997643 
-144.000000 
-138.046951 
-143.844873 
-143.954115 
-133.458333 
-147.043879 
-140.102172 
-145.867158 
-144.000000 
-141.800349 
-145.837511 
-143.078297 
-144.508774 
-145.608945 
-135.588447 
-136.866283 
-142.686160 
-144.000000 
-137.916194 
-137.593069 
-139.447896 
-144.733328 
-147.401367 
-144.000000 
-144.256430 
-142.448007 
-144.145432 
-141.110383 
-138.455068 
-144.000000 
-142.724538 
-140.687988 
-143.436912 
-143.215900 
-148.664875 
-144.000000 
-145.847793 
-144.000000 
-144.438544 
-143.036714 
-144.381038 
-140.781716 
-138.592088 
-144.217615 
-140.389942 
-139.167936 
-144.345166 
-144.735093 
-149.345480 
-143.851079 
-138.645254 
-144.239307 
-148.790086 
-136.195738 
-144.000000 
-141.821695 
-143.759579 
-138.754015 
-148.442593 
-145.973123 
-142.943464 
-145.934667 
-146.986752 
-144.879338 
-143.112081 
-145.567144 
-143.451803 
-139.155925 
-145.138624 
-134.117188 
-138.977988 
-130.295178 
-142.317160 
-144.000000 
-139.613493 
-138.884674 
-147.130221 
-145.233175 
-140.811218 
-139.562079 
-141.638082 
-144.610116 
-145.038670 
-141.123896 
-143.691205 
-146.197530 
-147.001527 
-134.117188 
-139.058594 
-146.523058 
-144.256430 
-143.466391 
-144.795210 
-143.666985 
-141.534619 
-141.842160 
-140.941799 
-142.812959 
-144.032716 
-140.432695 
-141.079072 
-140.228826 
-143.855253 
-139.020092 
-137.097571 
-143.805808 
-143.086015 
-144.000000 
-137.082646 
-144.000000 
-150.867588 
-147.327922 
-142.354476 
-141.398924 
-143.310366 
-144.000000 
-144.160483 
-144.345082 
-144.368356 
-148.734751 
-143.898827 
-143.157637 
-142.348723 
-147.466018 
-139.315561 
-141.254157 
-140.110796 
-144.000000 
-133.437824 
-144.000000 
-145.864052 
-144.019227 
-144.124376 
-141.436294 
-141.921137 
-145.759193 
-140.619198 
-134.401250 
-135.961399 
-146.621915 
-143.399047 
-144.807621 
-144.063884 
-143.849547 
-147.008061 
-142.062033 
-141.869948 
-146.590760 
-149.606890 
-134.639955 
-136.627836 
-148.235035 
-138.423203 
-124.234375 
-144.000000 
-147.305466 
-144.678366 
-142.855825 
-147.943138 
-140.660098 
-144.986442 
-146.527826 
-144.141748 
-145.361660 
-141.029591 
-136.759967 
-145.072665 
-139.615504 
-144.486347 
-143.843118 
-144.000000 
-144.000000 
-144.000000 
-144.000000 
-144.256430 
-144.982505 
-143.709018 
-143.631088 
-142.329237 
-147.469578 
-143.594384 
-139.043826 
-135.690174 
-144.963371 
-143.844455 
-144.455739 
-143.354959 
-150.479580 
-140.161832 
-146.705084 
-147.658487 
-141.387540 
-143.710537 
-144.000000 
-143.024517 
-148.960683 
-148.104718 
-134.117188 
-135.031702 
-142.857430 
-144.000000 
-137.963452 
-142.995081 
-144.000000 
-144.000000 
-145.570401 
-140.415859 
-134.117188 
-145.644376 
-144.438543 
-144.646532 
-144.272796 
-146.696348 
-138.075324 
-143.175620 
-145.369594 
-142.515334 
-148.590265 
-141.179943 
-146.893146 
-145.150207 
-144.251541 
-143.759597 
-147.648606 
-143.479009 
-138.477545 
-144.957532 
-147.001602 
-140.531546 
-135.188347 
-138.559087 
-142.628692 
-145.608946 
-148.915499 
-144.570320 
-136.854469 
-144.530046 
-140.074593 
-143.451637 
-143.232018 
-144.000000 
-148.247237 
-146.423829 
-141.906717 
-145.433292 
-143.759597 
-142.267694 
-142.632598 
-151.347252 
-144.000000 
-144.000000 
-145.454993 
-141.421993 
-141.728009 
-144.000001 
-144.000000 
-137.949868 
-148.807660 
-143.349111 
-142.117707 
-142.393623 
-144.000000 
-141.406885 
-145.407584 
-144.410592 
-141.096413 
-138.262012 
-136.167349 
-142.770370 
-148.160551 
-141.433683 
-141.634633 
-144.000000 
-144.000000 
-144.000000 
-141.278900 
-140.525182 
-144.871605 
-144.533709 
-142.846089 
-141.541954 
-144.000000 
-143.911966 
-142.333843 
-144.312612 
-150.268035 
-143.129135 
-141.605515 
-142.680389 
-145.152778 
-144.000000 
-138.250936 
-145.297137 
-144.000000 
-144.000000 
-145.782470 
-144.263229 
-141.541954 
-144.000000 
-144.000000 
-139.319374 
-133.458333 
-142.921818 
-139.476459 
-143.016133 
-140.567165 
-143.999999 
-134.117187 
-144.000000 
-140.906235 
-145.414173 
-142.843521 
-134.949612 
-139.457139 
-146.315766 
-142.350756 
-143.999999 
-140.664037 
-143.813380 
-144.733327 
-146.735642 
-139.773973 
-145.168925 
-146.570000 
-142.328934 
-144.000000 
-145.120643 
-140.812803 
-144.000000 
-143.869691 
-143.774622 
-140.056082 
-146.252438 
-137.501616 
-148.634750 
-148.333119 
-148.824608 
-141.239938 
-145.829569 
-145.781769 
-144.091440 
-144.000000 
-143.482818 
-136.636113 
-148.204451 
-144.000000 
-146.838227 
-148.322552 
-147.974103 
-142.822802 
-144.850640 
-147.598416 
-144.000000 
-141.854912 
-139.358078 
-144.000000 
-143.882685 
-143.753220 
-144.000000 
-144.000000 
-141.435336 
-146.866603 
-150.471028 
-145.991344 
-136.336128 
-146.324850 
-144.000000 
-142.783933 
-144.000000 
-146.587557 
-144.719983 
-146.683842 
-147.599323 
-140.811921 
-141.146363 
-147.339131 
-143.753223 
-145.195746 
-142.949398 
-138.963931 
-139.664970 
-143.125690 
-143.312505 
-144.000000 
-149.409099 
-142.516065 
-139.872862 
-144.272796 
-145.141794 
-143.040606 
-144.000000 
-144.000000 
-144.007268 
-144.000000 
-146.264382 
-143.891491 
-145.004212 
-145.292451 
-145.506801 
-140.420888 
-144.000000 
-140.206804 
-143.636241 
-141.472803 
-145.540223 
-144.000000 
-142.752684 
-141.598943 
-142.329592 
-142.391764 
-145.138485 
-141.877141 
-143.416494 
-138.376120 
-139.349360 
-141.470358 
-143.208570 
-144.000000 
-147.680069 
-140.540287 
-144.000000 
-147.334199 
-144.000000 
-144.851222 
-144.729732 
