20.187580 
35.462978 
36.498754 
20.839091 
34.611984 
27.725884 
36.333469 
47.943758 
35.812559 
44.468159 
34.706765 
22.886090 
6.280902 
14.224604 
-1.046913 
3.773247 
8.287456 
6.029622 
20.187484 
6.692482 
6.745891 
4.562441 
9.208526 
16.741677 
15.286203 
17.764886 
1.617000 
28.324926 
30.731522 
23.788036 
35.522681 
37.508662 
39.901621 
39.855841 
48.520713 
49.358599 
36.783594 
45.380278 
51.437424 
65.573285 
58.644447 
58.989893 
53.935917 
40.011695 
20.608279 
20.319677 
-7.225141 
2.649441 
-11.062558 
-25.514462 
-19.776629 
-33.424096 
-37.211866 
-27.175730 
-32.219631 
-31.036412 
-42.312483 
-28.190954 
-21.901571 
-25.775224 
-6.761705 
-3.400456 
8.965264 
21.008318 
11.217103 
2.644983 
-4.320366 
-25.788160 
-26.993170 
-16.357383 
-14.090960 
0.863803 
-3.376125 
7.518930 
-3.596144 
2.300706 
1.796255 
-0.586176 
3.460739 
7.958621 
9.513276 
-0.975399 
6.373778 
-7.056965 
-9.052999 
-9.422915 
-4.861189 
-11.062430 
0.479025 
-1.712543 
-6.987387 
11.333310 
16.896175 
19.546859 
11.179711 
20.187525 
9.534695 
-8.008795 
2.683977 
-2.148936 
-0.727296 
24.604878 
41.063998 
42.883337 
51.437202 
25.191609 
12.878435 
-5.810158 
-4.210052 
-3.842392 
4.562266 
21.780565 
39.239022 
40.230368 
56.484367 
42.675302 
35.811990 
39.607442 
39.584508 
24.475338 
31.931337 
14.517017 
20.187276 
5.967689 
20.186838 
13.899560 
22.190062 
9.302303 
25.116100 
9.303759 
14.062840 
10.722614 
13.935250 
8.362137 
24.314300 
13.495576 
4.549320 
-1.574060 
-2.446975 
3.628980 
1.034015 
20.675453 
15.318148 
9.932814 
14.076181 
10.345880 
-3.452561 
3.735580 
-6.412144 
10.369680 
23.981430 
48.569082 
62.712028 
55.788323 
39.678142 
44.884597 
4.562490 
13.030801 
-17.426951 
-8.565170 
20.187553 
13.096896 
33.614468 
42.473551 
34.713509 
42.227079 
25.220771 
13.878329 
19.736090 
7.566202 
14.419634 
14.043271 
29.529224 
29.685504 
35.812543 
35.812572 
47.300913 
42.336216 
60.767855 
55.282786 
56.937122 
55.823510 
48.626049 
51.242526 
49.146561 
39.481599 
38.932286 
35.020229 
11.965672 
28.388644 
18.973813 
25.289374 
26.039123 
21.955896 
20.187452 
31.525292 
35.812447 
46.749751 
34.807361 
51.441421 
49.738460 
43.932783 
35.812413 
36.704588 
15.348476 
25.602854 
14.736500 
21.202612 
10.732194 
18.883289 
10.176323 
-9.195650 
7.168419 
-7.561786 
4.562443 
-3.651000 
27.999902 
18.574228 
26.422797 
24.488129 
23.123712 
30.638308 
34.826673 
34.242209 
46.967323 
28.636145 
20.883687 
19.992509 
2.378101 
-3.150985 
-11.410622 
6.907929 
17.111617 
22.757818 
30.536609 
23.612643 
3.125201 
4.960382 
-17.505473 
-17.063574 
-11.062537 
4.562425 
1.527015 
5.050310 
6.957397 
6.695824 
-15.555028 
3.147179 
-40.142419 
-15.335750 
-15.834026 
-25.058250 
-40.702108 
-46.022866 
-47.746496 
-79.665194 
-77.706973 
-81.375233 
-89.187720 
-97.000171 
-89.187661 
-111.552767 
-84.578630 
-89.560255 
-66.439030 
-57.540788 
-45.668591 
-29.872619 
-36.798438 
-40.396203 
-35.216299 
-35.346213 
-30.722849 
-38.055496 
-43.746036 
-39.775890 
-59.674538 
-44.328632 
-50.076806 
-40.671324 
-11.062656 
-4.883107 
-16.030166 
1.150695 
-11.062650 
-11.484858 
-5.927246 
-11.062541 
-7.727341 
-6.611817 
-11.062542 
19.666597 
6.884982 
10.778942 
13.840032 
-4.270870 
6.087439 
-10.374463 
-18.037451 
-6.143317 
-31.956904 
-27.086640 
-23.898436 
-31.120087 
-24.985972 
-45.976031 
-28.681014 
-45.894144 
-46.656685 
-44.294214 
-63.364455 
-57.999466 
-57.221656 
-54.884719 
-35.839426 
-28.792372 
-27.564835 
-29.675510 
-41.808490 
-55.414625 
-59.158435 
-55.839931 
-53.959339 
-43.027313 
-43.477259 
-48.016821 
-60.832988 
-73.562433 
-62.318032 
-56.275144 
-63.758025 
-56.746980 
-59.919426 
-52.907304 
-28.933631 
-22.966132 
-3.250013 
4.562450 
1.838159 
-22.304868 
-31.383213 
-55.333780 
-57.937620 
-51.871442 
-37.829537 
-27.770729 
-11.945491 
-2.189698 
-11.062705 
-14.156901 
-27.369798 
-46.459768 
-47.725516 
-46.631231 
-40.892124 
-9.971608 
-16.269719 
6.405281 
9.905198 
20.187212 
42.159877 
29.464580 
27.218876 
46.261219 
36.771616 
37.673852 
50.887749 
42.483899 
67.062340 
49.012940 
70.007636 
47.729726 
53.306090 
36.567834 
42.582907 
33.979561 
40.160398 
20.187176 
26.882520 
4.686922 
-11.062465 
4.562669 
-4.916040 
-5.853797 
9.149712 
12.374968 
20.187242 
14.777817 
-13.667071 
-6.164886 
-15.892245 
-19.327008 
-21.429688 
-26.687080 
-34.988346 
-11.062949 
-9.582471 
-1.662482 
14.212043 
24.341274 
41.540269 
33.989302 
21.599797 
20.187618 
-1.784505 
3.641093 
-4.209955 
10.288613 
8.110380 
1.507276 
12.542499 
11.983362 
3.616611 
-6.826171 
-17.259001 
-26.687653 
-20.027830 
-47.588621 
-43.000285 
-51.523140 
-35.361935 
-24.590287 
-39.019252 
-31.806979 
-56.955666 
-67.846902 
-65.683902 
-54.132112 
-42.312632 
-46.735414 
-35.864030 
-38.532342 
-41.183963 
-28.870258 
-37.028887 
-33.209255 
-42.703733 
-19.636541 
-10.101750 
-34.500198 
-20.786939 
-26.595778 
-50.125125 
-68.719522 
-67.077467 
-65.750078 
-57.937509 
-56.958211 
-51.656437 
-47.583845 
-44.495277 
-26.369456 
-12.104755 
20.187423 
42.043313 
74.874871 
84.208157 
87.843471 
81.952048 
81.183114 
56.406605 
54.034843 
33.269350 
20.675118 
32.742775 
27.964800 
28.722815 
47.814350 
59.854948 
50.384059 
51.437436 
43.733994 
22.801746 
45.102834 
52.274951 
51.132648 
55.426394 
59.249872 
43.624833 
23.299091 
20.187288 
-8.099014 
11.268020 
-4.561110 
-5.582188 
-5.765432 
-17.168682 
-11.062651 
-19.140133 
-24.296140 
-19.357109 
-25.436675 
-21.316627 
-5.547229 
-2.272225 
-1.359217 
-23.111849 
-24.840562 
-52.653778 
-35.581810 
-48.629165 
-32.284572 
-36.492320 
-15.104209 
-11.062837 
1.259782 
0.447055 
-11.062729 
-0.781990 
-3.250214 
-16.381684 
-11.909341 
-26.687230 
-180.756322 
-9.357618 
60.797047 
41.489344 
2.347138 
11.333712 
114.353390 
35.812582 
-112.811070 
163.871968 
-52.771044 
76.402447 
34.305027 
153.948870 
113.783764 
-0.391906 
76.794032 
20.187713 
107.074985 
70.639910 
20.187007 
-11.730288 
17.200569 
64.472159 
28.913837 
-155.550001 
64.365581 
-57.821203 
123.186945 
65.653457 
101.763893 
20.587693 
45.601616 
0.230399 
237.123365 
-11.872258 
143.706327 
35.812767 
95.905276 
26.949960 
-28.858081 
24.076181 
93.096339 
266.084398 
91.331941 
-4.412502 
69.419621 
35.812462 
47.207860 
62.830569 
110.884454 
26.337315 
32.395415 
86.613431 
1.040122 
35.813207 
54.462837 
-22.346567 
-32.372508 
-35.410937 
75.670821 
-21.296965 
89.010257 
126.231495 
87.552788 
154.206740 
-108.290498 
3.683084 
82.400361 
164.876604 
52.293100 
43.893778 
101.642983 
-36.500812 
95.038057 
335.324031 
1.683496 
-103.651254 
-54.167444 
162.597101 
-30.722511 
16.650408 
20.933316 
165.690600 
67.638892 
8.699264 
309.251213 
-98.891569 
182.019395 
-40.226376 
269.667103 
49.646053 
-119.705881 
163.947472 
278.000142 
-56.806776 
-80.877362 
160.208252 
-27.176055 
-54.248737 
-73.414274 
61.580688 
-0.171001 
113.938060 
40.485289 
-149.971162 
137.787280 
32.285711 
22.949837 
4.561897 
195.316825 
-41.247869 
24.232614 
-95.085880 
89.369267 
67.061303 
152.143604 
-186.577666 
-152.590887 
110.547693 
54.901981 
43.625904 
-241.391167 
98.310527 
-130.632435 
67.726601 
-84.207677 
100.254980 
43.372899 
-7.113353 
-169.590707 
-101.429847 
73.136146 
59.987816 
-37.778895 
-44.980522 
-52.551952 
4.495892 
-120.064192 
50.352606 
-10.574623 
62.358724 
-8.498427 
84.172042 
-309.872320 
-306.480504 
-74.448089 
-5.902271 
-27.178502 
-105.701507 
77.085736 
164.168227 
-46.132532 
50.796169 
-71.729435 
67.063384 
-128.595867 
85.644455 
-313.637161 
192.063003 
-34.084033 
-56.820019 
119.094108 
-80.871995 
24.923954 
83.317228 
-370.729974 
77.146378 
-100.593966 
-92.878566 
168.201500 
-165.319089 
107.254658 
-42.311472 
-18.873530 
138.673482 
-393.570552 
-105.814373 
-90.698236 
34.431621 
-27.775030 
-45.116750 
-8.638001 
-23.919464 
3.801179 
-212.791423 
-17.954697 
-40.527906 
-42.585015 
-13.681005 
-9.161315 
-50.471793 
-58.198934 
-26.687376 
122.397978 
309.249855 
-314.643331 
-50.760317 
-94.209993 
29.791428 
-63.046631 
67.063073 
95.861388 
-229.183558 
-135.720696 
12.899264 
-164.263110 
44.045069 
-135.164901 
-24.598679 
-232.661501 
-36.100890 
-69.199005 
129.562611 
25.984654 
68.102734 
-103.243540 
108.015084 
-19.787738 
66.454883 
-85.454304 
108.160254 
-116.237066 
21.901169 
-93.113785 
-30.888527 
88.059087 
-118.283736 
14.712138 
50.317225 
21.899576 
-25.188959 
-36.574827 
110.414327 
-83.418697 
-46.084861 
204.368129 
15.113322 
69.046531 
4.562913 
145.187449 
17.105963 
-184.336761 
115.388023 
40.590341 
-97.879403 
258.634210 
-288.608964 
147.100136 
-70.192526 
221.682987 
1.945074 
266.386568 
-138.916700 
82.172210 
-105.690368 
35.812123 
137.374581 
20.187972 
152.999494 
386.985514 
-185.962071 
169.214918 
-27.203811 
204.442141 
-144.673711 
-87.528695 
-52.877146 
187.283529 
-217.510477 
80.766931 
80.512390 
-92.403453 
-86.234468 
-52.064111 
-12.226121 
163.105789 
3.357482 
39.829528 
137.375775 
-36.870136 
-28.981866 
116.823786 
4.563128 
65.379813 
-180.250452 
153.001414 
83.663702 
-83.505362 
113.938336 
244.669258 
-62.875566 
-37.866260 
-240.066978 
-152.593883 
-36.879282 
-74.143324 
-26.263939 
180.388717 
-129.699956 
-47.177044 
156.663593 
224.558093 
-25.610568 
18.094364 
113.563708 
-17.376784 
24.424926 
222.704442 
70.335941 
86.473616 
-32.522178 
-90.149186 
-64.819498 
26.728513 
62.928675 
-1.304072 
-4.588776 
-116.746560 
-197.870566 
46.327906 
27.072818 
10.577555 
70.602432 
-91.834180 
-2.708254 
113.937478 
-19.884061 
257.410152 
18.372940 
103.717123 
-222.612068 
124.304211 
-115.110458 
-59.428036 
-26.687741 
137.374647 
6.980965 
-172.865876 
98.502576 
-88.663455 
-26.687977 
-6.292575 
20.302257 
-58.027881 
-226.455262 
-2.418888 
106.124176 
54.719724 
-87.085729 
8.402730 
21.386259 
-136.126837 
-40.460586 
-147.893508 
-16.045884 
-71.081475 
-83.567678 
137.374185 
-75.026763 
-18.387569 
-55.276489 
-55.416069 
-115.159660 
15.257652 
-59.138193 
98.833037 
137.374221 
103.019913 
-104.301182 
-28.818524 
-28.842885 
-102.082419 
-193.390036 
-146.333646 
5.399946 
-18.876353 
2.211977 
-17.754771 
-42.314506 
35.810722 
45.647954 
-87.317942 
-92.309422 
-26.687466 
59.252560 
78.684423 
-163.659941 
-23.030914 
81.100031 
4.537570 
17.565684 
-26.689911 
-19.366578 
59.251679 
9.694953 
9.252034 
36.481843 
138.228901 
-82.780725 
45.644739 
-0.279187 
51.432152 
42.639726 
-2.613232 
-34.385607 
-70.914202 
65.979262 
-125.195310 
101.763658 
-58.862414 
181.347024 
-126.259717 
58.061674 
67.061003 
-131.762591 
321.375085 
39.739733 
78.981937 
-272.600068 
-42.105424 
-74.170256 
-23.156631 
4.086101 
-86.582930 
-103.628580 
73.093937 
12.375141 
-129.941858 
-17.316233 
-19.361955 
-80.426968 
-61.967218 
-80.696263 
64.808250 
23.443968 
88.505869 
-38.469580 
-18.873961 
-24.632170 
-127.353360 
-26.687541 
-102.908991 
-197.737119 
-18.875381 
-42.312169 
-99.455232 
-180.023207 
39.401513 
-42.860825 
44.177909 
-131.009321 
-42.311787 
-116.604159 
12.375027 
-4.268813 
-68.211641 
0.297530 
33.481526 
-346.939854 
62.396267 
-171.813106 
-43.579811 
5.365647 
-83.544154 
-65.266325 
11.301264 
-175.083233 
-85.391294 
12.375530 
37.472669 
48.274018 
-242.365274 
-26.263993 
-13.904610 
94.522238 
20.187173 
20.188565 
-133.697465 
121.750908 
-129.379557 
-5.494152 
-102.828095 
-77.455060 
50.542255 
65.880203 
-18.874420 
20.371177 
-77.430359 
-105.916107 
-195.151102 
-45.241497 
-58.776618 
26.258490 
-4.848861 
51.557365 
-108.957678 
-62.518415 
-76.713678 
-91.415845 
-51.389644 
15.249800 
74.806840 
-11.062394 
-19.750853 
-2.450535 
-3.248425 
4.127088 
-96.999257 
-179.640155 
-57.573456 
98.315085 
-31.081720 
40.756020 
161.748346 
298.580792 
-209.217973 
-138.664933 
70.448315 
4.564790 
-349.720058 
99.331824 
-145.745667 
72.686313 
69.126794 
146.188160 
311.987186 
111.991074 
35.264832 
215.498950 
92.583636 
-78.124908 
231.124004 
131.413514 
173.681486 
-55.551582 
59.618311 
-366.159294 
-17.685323 
168.083145 
-62.855810 
71.182031 
-51.184617 
156.515398 
137.299873 
64.549115 
224.300502 
231.576304 
92.623381 
98.312103 
233.992878 
43.357835 
-301.842675 
-9.437074 
9.356837 
297.242632 
86.156861 
-211.998171 
-0.533060 
262.373984 
-92.326217 
367.766688 
153.652821 
279.225035 
16.769364 
246.251780 
5.314058 
793.626433 
-33.123988 
70.233908 
-11.717773 
2.491107 
85.737256 
1.920562 
106.189615 
258.942857 
-141.324958 
189.181548 
3.647705 
209.317861 
91.583041 
145.685356 
28.431284 
-55.615270 
-35.993322 
175.897984 
81.048474 
583.669589 
-129.042022 
125.670965 
-57.995827 
59.143576 
243.183759 
127.112611 
-134.731818 
4.771978 
114.360920 
-89.680478 
262.375928 
-135.905737 
140.543159 
139.622230 
119.667010 
60.614071 
42.671114 
33.183323 
215.498994 
-33.496704 
139.659458 
30.150083 
165.702209 
-62.858238 
-172.546477 
154.480890 
-232.542252 
176.435791 
84.428826 
-268.897119 
247.737886 
-42.916998 
101.405118 
90.499228 
168.679598 
-94.186149 
-46.261083 
-229.953705 
103.454138 
98.310901 
145.615224 
-185.573674 
-169.269310 
189.809719 
24.064716 
43.626336 
-306.991644 
145.184888 
-195.122992 
27.598877 
-3.981447 
104.157288 
-151.456354 
222.810251 
-258.630284 
-143.702005 
45.775026 
-76.817104 
-22.095659 
-160.676065 
-196.626891 
-38.478793 
-202.521213 
45.242248 
65.601703 
-31.227691 
-243.740027 
50.620300 
-367.931331 
-264.418730 
-134.498593 
-16.140586 
-68.466001 
-51.543433 
-6.561979 
178.551723 
-48.166062 
77.286289 
-179.773742 
113.942435 
-37.349981 
22.254374 
-165.597659 
207.693557 
-83.469625 
-131.829935 
-18.275315 
58.868239 
45.126497 
85.623482 
-295.111264 
36.852667 
-70.537762 
-34.279772 
235.383366 
-15.075497 
13.673882 
35.816042 
164.717729 
245.544913 
-19.097147 
33.976729 
-84.120991 
22.198557 
443.470859 
-71.272430 
-11.661444 
-23.750008 
22.895880 
-219.740606 
132.511645 
49.063696 
-51.419379 
125.086396 
75.382804 
11.563684 
49.952445 
270.191449 
181.830958 
418.625693 
-352.229943 
-19.422652 
46.725949 
22.488682 
146.479663 
215.502679 
-29.999407 
-222.042094 
-25.291756 
-400.585019 
41.686388 
183.439869 
-136.104007 
-192.716105 
-167.738675 
-173.404246 
6.198567 
387.376895 
-19.166091 
-49.599524 
-140.128739 
111.285637 
119.679376 
175.905775 
-96.046847 
101.676009 
-67.649078 
26.574353 
-115.116565 
-112.732361 
-103.538556 
-236.095601 
-25.904159 
144.879194 
-14.139121 
-92.017470 
-20.223778 
119.981850 
-23.709643 
-84.934208 
175.485398 
-54.471237 
29.186220 
113.937910 
371.751101 
-240.502213 
-53.325335 
-97.184984 
13.331291 
-132.176022 
38.264044 
-466.572849 
80.860414 
-121.250733 
76.326168 
-22.843075 
325.047165 
-197.343340 
22.415841 
-85.160643 
168.623147 
12.373602 
277.999062 
67.060539 
85.349212 
-115.129965 
261.539614 
-21.596404 
179.293843 
-261.308425 
-77.705140 
20.356722 
263.552129 
-190.034274 
71.870503 
22.887397 
9.864477 
-353.534667 
27.617360 
-125.677548 
112.615785 
-203.741272 
84.121221 
74.876782 
6.577439 
-115.245671 
-111.542410 
153.000862 
-131.601890 
-153.414500 
-73.559685 
72.283042 
-46.152437 
278.001366 
-38.664429 
-34.789792 
-109.790612 
-267.408642 
-20.264282 
-15.433349 
-83.070731 
-128.443084 
203.583263 
2.649146 
10.392914 
143.650120 
272.003218 
-105.444378 
122.197260 
94.239740 
-55.033269 
15.308715 
13.300123 
-39.570962 
85.444514 
-8.806814 
-102.259323 
-108.469194 
-18.477731 
78.719507 
-114.737199 
-117.688590 
-94.107183 
-245.475280 
207.377272 
-24.831907 
46.338208 
87.300657 
-106.327023 
188.596827 
356.124257 
-446.725560 
154.998617 
9.171142 
-7.894960 
-150.767888 
154.551175 
-159.825057 
-80.865422 
199.872758 
129.560548 
228.484083 
-56.014106 
48.532562 
-72.001988 
192.059990 
-4.394849 
-34.257548 
30.977897 
-240.043451 
-80.346642 
184.247905 
95.538988 
66.667831 
-141.172253 
-196.952654 
69.778446 
135.974568 
1.094201 
52.107384 
-81.909128 
-97.821032 
4.563156 
-124.343957 
-178.541446 
-21.935587 
-229.889999 
-155.517765 
63.611776 
-128.215323 
159.936448 
35.812324 
27.879310 
-163.044682 
75.066949 
109.194455 
3.353293 
-177.523604 
-19.634507 
92.285116 
35.813456 
-33.493599 
73.804772 
98.313503 
121.750493 
-17.555886 
-17.841533 
-15.583418 
199.874810 
43.623127 
11.073489 
-72.002080 
-150.347469 
97.684825 
141.282856 
43.084080 
43.623253 
-288.406068 
-11.064302 
-17.357722 
61.810022 
122.869606 
185.407123 
-95.220101 
-26.192035 
107.367412 
43.624235 
206.994809 
-91.215217 
-34.582173 
-258.201224 
-53.060654 
-204.852893 
-25.502039 
-46.480203 
31.813720 
-3.280753 
133.686808 
74.875804 
-38.511803 
157.289776 
-19.337918 
161.364578 
-181.065575 
-101.857442 
68.613564 
-92.180003 
54.095857 
-1.867783 
-40.912105 
23.951628 
-11.061252 
-299.732213 
-35.647202 
-102.775837 
-274.184657 
151.350608 
-125.663067 
55.372051 
66.986138 
89.691250 
-49.741015 
-3.247980 
-82.522530 
-225.976187 
4.564165 
-141.130351 
-234.926933 
4.564564 
-3.248207 
-158.273490 
-107.070226 
-164.853622 
-119.597276 
-19.586999 
-244.927176 
-34.499179 
-124.315351 
-57.937021 
-129.274717 
-44.433763 
-27.926460 
6.845773 
-199.142925 
20.862433 
-221.211469 
-54.021390 
-19.764538 
-82.843033 
-24.220701 
9.139367 
-189.494175 
47.607650 
-42.312352 
-40.068248 
116.347739 
-257.398822 
-159.694502 
8.330638 
100.715092 
-11.062156 
43.625841 
-78.896759 
-26.686680 
75.734243 
-112.613959 
-73.863890 
-109.750242 
-53.616548 
-32.445400 
-3.248803 
-18.274615 
-13.833112 
-66.644895 
-194.990464 
-75.513442 
-47.204792 
-90.458969 
-55.828054 
-154.620431 
-131.628298 
30.721929 
-86.397169 
-112.888869 
-25.202613 
-32.564685 
20.936082 
-3.246708 
-51.031799 
49.429136 
-96.996130 
-13.503326 
-96.995982 
-168.126287 
0.271159 
246.749088 
18.026741 
-260.433160 
209.839474 
-140.194255 
-188.280354 
-47.000953 
-3.319863 
98.312186 
-158.753179 
95.982772 
-107.032627 
194.291141 
22.968930 
248.382510 
-24.323817 
-116.606427 
-6.564403 
74.874522 
100.043019 
50.528115 
82.686446 
127.353080 
285.027241 
-147.312188 
31.745582 
-94.591816 
198.106552 
207.269672 
-24.887048 
179.229784 
10.264526 
139.448022 
111.295050 
182.545772 
47.959482 
54.989955 
-122.530509 
223.311499 
194.725390 
-30.572590 
100.023670 
154.595323 
125.300881 
324.139634 
204.211850 
254.506852 
-156.260344 
340.499609 
83.203890 
306.033245 
-151.883274 
141.820739 
-114.578320 
90.460398 
-0.339005 
184.249271 
89.208729 
-75.564476 
29.099971 
170.941746 
76.125975 
20.168710 
4.505963 
137.230814 
-28.561318 
124.021050 
6.036769 
-210.175609 
265.010256 
-76.199990 
97.874333 
146.899728 
4.930849 
-35.629402 
203.051400 
765.237834 
228.769875 
52.439069 
30.101595 
45.805532 
232.909840 
-62.908321 
-25.432205 
-51.525759 
-3.804119 
-92.269715 
168.624733 
114.366701 
350.075058 
78.946987 
128.000140 
113.136730 
-49.834373 
-179.119942 
278.000313 
-95.845219 
64.851834 
122.550461 
19.982381 
47.989865 
-5.861238 
23.997646 
-105.469231 
254.563307 
147.938257 
-224.217867 
-105.459439 
131.688880 
-23.132278 
121.750544 
209.724292 
-110.616601 
77.618456 
-151.571023 
-77.645658 
121.749959 
2.549775 
-60.150789 
10.823116 
168.320543 
64.755255 
-89.186210 
-51.961596 
434.250898 
-4.484776 
-6.257201 
-98.887460 
231.188536 
-219.078184 
98.316848 
0.391556 
45.888846 
71.832788 
-48.860500 
-165.977858 
-31.945135 
-265.041895 
-76.635954 
-4.588223 
31.175683 
1.144647 
-9.625982 
-92.270562 
134.211472 
-76.022688 
-107.931746 
-125.994242 
-92.827733 
172.782648 
63.579864 
169.157579 
29.116979 
-109.853459 
12.536738 
25.862647 
278.000357 
90.451934 
-86.388226 
-220.718892 
324.873873 
-2.711107 
-126.933436 
106.318351 
-64.350908 
-33.436985 
62.234970 
-112.095700 
59.822415 
-153.710079 
-204.605068 
52.722020 
-111.041813 
-341.659355 
4.562226 
102.219221 
93.264138 
84.723491 
-146.079081 
-126.048704 
-7.746457 
-25.594918 
-260.289563 
96.048780 
-75.349260 
-190.783794 
-158.844094 
56.757557 
10.846526 
-11.727698 
241.821618 
-61.033854 
-106.096068 
-53.994149 
223.313964 
10.238530 
324.875453 
-220.880965 
20.515437 
-133.277872 
24.986893 
-101.569768 
113.937650 
40.894616 
-643.218051 
-326.062907 
288.973628 
-27.858624 
235.962210 
-165.253154 
18.094234 
95.793109 
-19.349135 
-90.702551 
199.875407 
-32.748526 
-135.542370 
-190.393764 
61.514540 
-149.371325 
-72.131531 
-109.448278 
148.927623 
-42.309421 
-186.652380 
33.070352 
28.189127 
24.514437 
-98.073414 
61.279069 
15.911857 
50.895495 
-57.585922 
-16.169491 
-92.794573 
112.749559 
-236.122933 
-14.938670 
-122.231433 
-129.536491 
4.563110 
418.625567 
-283.940837 
-77.041532 
-124.167781 
47.163043 
-57.958233 
172.872018 
-384.260941 
19.156273 
-3.595210 
44.695351 
-197.007510 
139.407935 
26.207066 
-10.664657 
-6.783529 
215.500810 
4.563043 
153.000026 
113.937654 
-73.608798 
-116.823732 
180.893391 
-105.186463 
88.932270 
23.233437 
-213.708716 
16.277541 
256.874785 
-0.588390 
-92.371704 
-36.302447 
123.179904 
-102.980953 
87.465895 
-137.493827 
24.425857 
-63.375240 
-35.544290 
106.123746 
-111.677278 
-161.863804 
-30.281766 
106.124255 
41.759273 
-49.245424 
-11.062592 
16.029650 
-29.540861 
309.249662 
-97.000455 
-59.047558 
-89.123386 
-153.152274 
114.184353 
-12.298192 
86.971573 
-52.836942 
113.254358 
-77.091620 
-14.209894 
-140.065348 
-15.924026 
-162.622478 
-48.151832 
108.456190 
-141.890628 
-98.721867 
-142.366636 
-18.281646 
-40.549099 
-79.841366 
-64.752482 
-14.835379 
56.498212 
-90.682927 
9.821471 
8.145662 
-303.573067 
-209.120329 
68.115441 
-90.419551 
-135.686610 
36.296048 
-67.668435 
-8.338130 
496.750628 
28.332854 
-75.885825 
44.231019 
1.880734 
84.197272 
-6.410229 
-116.846213 
-107.032949 
199.875849 
129.563475 
56.391870 
-31.683804 
-224.734728 
-255.333625 
215.500911 
-202.210335 
-14.542640 
8.123098 
-46.504869 
-155.363941 
59.250810 
-92.895674 
61.930326 
-11.324670 
-177.423128 
37.750973 
-70.837520 
-26.639822 
19.343063 
157.835123 
-48.809794 
-42.312556 
-122.389641 
-201.979427 
12.382364 
-121.281095 
-120.394901 
173.761188 
-95.671962 
59.074094 
-42.312124 
36.816507 
-301.188305 
12.263127 
-19.788828 
-129.221218 
-210.925983 
21.734178 
118.287883 
-26.687030 
52.543874 
-56.231926 
113.936505 
121.749467 
-16.139162 
-37.426364 
-189.362551 
153.000346 
106.125598 
121.632670 
-88.665985 
-97.323086 
45.425097 
65.115186 
-4.745894 
153.000807 
-39.383111 
20.190174 
95.609423 
25.492866 
55.537055 
169.104266 
-68.594030 
-198.624580 
125.568432 
176.439203 
-74.628887 
112.023911 
40.022666 
-229.195771 
-145.547716 
97.121685 
-109.022852 
-71.242802 
68.800872 
-84.305943 
109.343801 
153.000678 
-190.843051 
52.853389 
-39.303299 
29.908003 
-150.706140 
111.364441 
-261.819015 
-260.492490 
-48.544543 
29.929116 
84.423799 
29.300963 
4.562456 
-84.027556 
116.606665 
-50.627130 
-522.536805 
152.369526 
-183.406091 
-158.660801 
3.140758 
46.788314 
-194.516367 
12.375707 
-169.675542 
-170.904294 
-3.249252 
-269.948427 
-264.394794 
-26.686820 
-11.061924 
-91.231114 
-180.566002 
-44.781174 
-1.678097 
-71.421801 
-208.605250 
27.999791 
-64.906923 
-11.062329 
-48.676518 
-0.431308 
-94.938472 
-94.560944 
-95.129914 
-44.002883 
-41.091833 
-35.662799 
12.797878 
-45.698625 
43.261760 
-137.644757 
34.982718 
-30.145113 
4.562712 
-82.216318 
35.407742 
-125.221758 
-29.399306 
95.086806 
-27.554953 
20.187838 
168.625481 
-70.023742 
28.000164 
45.638831 
-147.413808 
-14.906124 
-29.916895 
-149.729992 
73.806931 
20.187258 
40.924182 
33.194971 
-39.588344 
-204.654519 
-105.301176 
-127.140676 
87.766500 
-181.147100 
-21.476165 
-0.171079 
104.091453 
-121.335773 
-177.158852 
65.371194 
-50.856648 
-55.922756 
12.374164 
-65.714745 
-95.941191 
-97.000904 
-27.561092 
-97.000635 
-147.942170 
-235.768545 
340.501876 
30.482861 
17.502851 
204.669005 
78.788326 
-280.323740 
3.002421 
244.965172 
387.377093 
25.376938 
206.761130 
24.574477 
147.978647 
194.739820 
271.131473 
49.253256 
-138.058693 
191.760797 
121.751404 
88.827539 
217.608547 
207.689461 
115.515220 
175.827241 
-161.356771 
54.110066 
72.449231 
193.481842 
179.007669 
-151.351383 
100.295768 
45.347356 
37.476770 
302.473228 
-263.116622 
138.373500 
-19.386946 
-42.736298 
434.249945 
275.638867 
-132.365965 
-85.052537 
56.733775 
300.923239 
564.089968 
124.189413 
-157.286058 
34.873209 
67.061614 
188.391097 
-21.829744 
-30.210237 
22.979641 
-171.219059 
-92.550827 
175.325504 
176.436613 
231.368727 
-133.276248 
220.799965 
-243.506149 
-29.185025 
-41.503616 
108.528978 
201.946993 
146.813053 
16.744196 
-55.199495 
213.506543 
278.703196 
97.946947 
66.514766 
65.019213 
-62.737748 
-58.230244 
222.413730 
348.472858 
-70.233896 
-19.511910 
107.358992 
195.755666 
9.177686 
25.642508 
65.660469 
-52.170297 
199.708022 
37.750981 
98.312785 
164.725118 
34.744519 
-104.364649 
302.999534 
20.345669 
13.186291 
-20.340103 
160.813883 
-55.211007 
68.201115 
96.543559 
79.413260 
-222.660288 
-44.426769 
50.496000 
-8.901386 
512.375046 
75.103016 
-310.213950 
-9.245122 
7.956269 
-96.994810 
67.063817 
-116.687472 
-122.674482 
-25.195628 
-191.164297 
108.866741 
262.377603 
-34.723187 
-281.801558 
-177.061173 
-45.221242 
-53.610470 
238.944348 
100.615241 
20.191487 
-22.397970 
7.519694 
-159.775403 
203.208133 
-231.354447 
-34.120503 
6.815719 
-89.060517 
95.083692 
-75.219131 
-67.533713 
-142.077372 
-33.196131 
40.115623 
-98.222910 
-37.300676 
-293.288959 
33.408549 
-109.635719 
227.905701 
-158.726010 
-342.379924 
-16.557351 
-224.062341 
149.168495 
104.756530 
-110.196205 
24.910004 
-122.772436 
74.178965 
114.235731 
-26.687973 
-29.261988 
1.936254 
-29.127728 
262.376120 
-142.610181 
-309.601232 
-33.154574 
167.063879 
90.495009 
249.618712 
-281.230827 
-91.289175 
1.937288 
-125.374021 
41.250066 
-68.705137 
-280.889243 
51.436116 
82.686599 
215.467308 
-176.685127 
-60.528527 
-94.179681 
-24.241474 
33.829348 
-39.026847 
-35.658270 
74.898157 
50.273914 
-24.808348 
130.059069 
-110.842826 
-7.036024 
-131.861376 
-3.316976 
206.746800 
0.391457 
246.749368 
52.435793 
121.749829 
-362.392292 
-160.410148 
-189.649634 
-93.482458 
-87.731472 
51.437204 
-53.325424 
-76.689296 
-1.665945 
-67.629390 
-80.155460 
109.030878 
-78.192960 
6.837380 
100.630324 
-248.317104 
93.122254 
43.626042 
66.678729 
75.918167 
-189.197901 
-102.007841 
186.180796 
-14.365600 
114.986645 
-168.925386 
-14.826179 
-143.323866 
-32.677885 
-14.932027 
18.881134 
-12.653726 
36.737576 
57.368798 
-36.191001 
-68.851401 
-102.349419 
6.561482 
-118.203832 
47.154375 
9.298948 
-119.139798 
4.056942 
481.126957 
113.939644 
-160.748620 
-95.412126 
26.507005 
126.945172 
215.510365 
-1.876278 
-230.750597 
-98.060618 
57.987066 
-4.292700 
-40.617837 
154.403156 
-27.933128 
9.773218 
-68.161489 
-34.498263 
-42.311299 
-11.060875 
137.377655 
16.648786 
-80.877860 
152.882086 
-80.715762 
58.358258 
43.957468 
-118.307331 
14.635092 
149.088734 
-164.575840 
-7.973310 
88.369697 
19.316213 
-93.039143 
-58.559539 
-107.310466 
-72.345468 
-13.056062 
100.107622 
28.000410 
-94.386379 
-59.966101 
-115.429230 
20.187496 
33.362870 
-571.846433 
98.313138 
231.019206 
76.060466 
152.999902 
94.666958 
-198.057936 
-43.136571 
-316.727649 
-30.918908 
-53.649576 
97.435830 
59.361253 
-23.523840 
-63.106868 
122.189528 
-157.003839 
119.141059 
-22.324352 
-83.694563 
88.947999 
-64.331316 
-65.571999 
202.703781 
136.297934 
-52.604766 
-129.467813 
-45.338915 
23.140749 
118.050078 
180.749560 
-57.360221 
-99.261595 
3.902712 
-201.040818 
119.241847 
-23.065390 
0.535638 
-30.862742 
50.298016 
241.691398 
168.624767 
-99.236422 
-44.639466 
-22.794423 
-38.522038 
7.394022 
155.238562 
-20.294746 
-116.051176 
27.998576 
12.374375 
13.008982 
20.198425 
57.352668 
144.662542 
121.750242 
33.663973 
-70.641094 
-0.416399 
-29.272643 
-114.757264 
20.186027 
33.135842 
-140.034685 
-13.221384 
209.867188 
16.461747 
49.612207 
-86.338990 
-226.641128 
136.097725 
-163.377086 
184.249235 
249.191675 
-305.985369 
123.279154 
-52.829850 
-77.707966 
85.498487 
-178.679879 
60.438996 
168.624666 
-128.356561 
-17.688203 
-101.404241 
-39.716236 
7.245611 
-220.888236 
-67.336141 
-52.307142 
51.436983 
20.223840 
154.898264 
137.374156 
28.000099 
-80.021963 
43.936385 
-90.604930 
121.749245 
-3.253591 
54.774246 
-138.668072 
-30.376947 
45.978147 
6.252070 
82.585531 
-11.061518 
-75.515501 
74.877004 
138.089522 
-23.334277 
55.518232 
1.313451 
-19.034131 
-124.783296 
134.496111 
-268.872184 
115.781572 
-76.517920 
49.626515 
27.567758 
53.335488 
-53.937080 
86.434281 
19.893774 
524.525616 
-120.167247 
125.504140 
-57.935851 
-12.949105 
-25.010275 
62.409471 
-5.273803 
0.957898 
-84.280220 
-59.494387 
0.460693 
21.629846 
-126.711458 
30.127257 
-12.878267 
35.812622 
-83.557019 
-45.418485 
-17.137969 
16.618348 
17.224122 
-66.620055 
-177.407111 
-103.375947 
3.478446 
1.184637 
43.624308 
-11.242538 
-181.919866 
43.625996 
-118.020968 
108.927155 
28.000260 
4.562699 
-39.312972 
-184.178700 
-98.890640 
41.526779 
-66.473145 
-160.753970 
12.375871 
-106.592337 
12.375395 
-83.214547 
69.850898 
-9.679372 
-29.138928 
-324.675885 
-105.447804 
-198.567867 
83.372575 
24.302537 
-65.117466 
2.521434 
-138.011223 
-118.047236 
-109.459642 
20.187570 
-96.013576 
42.473131 
-134.355961 
-10.950539 
-111.514103 
-11.259095 
43.625477 
-42.311849 
-296.946388 
28.001125 
-225.958547 
-11.598507 
-186.218460 
-17.292228 
-102.566041 
-58.958018 
-18.873946 
-0.096096 
-168.450419 
-40.136746 
-61.402734 
-76.491614 
-32.879375 
-116.580041 
-114.618226 
-143.822064 
-91.047161 
-147.558468 
-61.554570 
-150.923854 
180.781621 
-218.720549 
36.810898 
-96.999121 
-151.190568 
-106.018675 
-97.000208 
-42.713343 
-96.998848 
-188.848074 
-82.325895 
231.124695 
-50.472055 
-126.989327 
283.980072 
-130.230381 
-190.359493 
-146.998580 
-40.893003 
324.876691 
-270.120947 
156.953549 
-25.024157 
-80.285275 
-27.480333 
406.670405 
97.044714 
-90.778276 
86.909885 
106.125517 
-4.614074 
210.347067 
215.501175 
26.650396 
113.759765 
-104.971936 
-58.264989 
176.742810 
199.556153 
104.693114 
-139.386538 
-8.038266 
-23.905826 
81.579239 
110.154524 
-91.787434 
131.284960 
-51.613231 
-65.574307 
418.623252 
268.079357 
47.084659 
53.874328 
126.336531 
124.673172 
475.181544 
67.725270 
-134.577220 
19.411146 
113.935210 
-43.376984 
96.958380 
-23.025618 
50.682246 
-115.555495 
-73.642164 
38.159224 
129.561324 
28.316850 
-235.352819 
-57.406995 
-189.826307 
-100.380098 
-146.114067 
-12.003244 
26.011043 
-94.823932 
-61.921227 
-124.714281 
161.143137 
91.802253 
91.085209 
43.506615 
-125.964993 
-76.055565 
107.449003 
265.866946 
-77.894304 
9.933546 
68.848475 
-36.590440 
96.213331 
-2.463393 
-47.493120 
-242.777336 
-130.137070 
-26.269403 
-29.676562 
223.311902 
14.638818 
-60.508461 
-101.429148 
219.667680 
171.387089 
-24.238330 
96.300285 
145.187963 
-50.664158 
-126.157491 
88.957745 
-168.446432 
-47.439782 
12.196273 
88.916184 
26.907205 
278.003065 
81.947842 
-201.585882 
131.155101 
21.890049 
-87.152335 
434.253607 
26.037223 
21.505426 
134.413895 
37.525313 
18.551206 
129.563358 
145.142047 
-188.988810 
38.696524 
-4.522058 
15.438257 
340.503528 
-177.951710 
82.687567 
24.297878 
115.026895 
30.089238 
244.921955 
87.256756 
-15.666712 
97.188667 
122.858531 
94.526831 
3.809284 
-173.413996 
41.726838 
-171.777164 
-54.809529 
-13.096116 
103.698478 
-297.195747 
15.004966 
-172.356596 
4.913665 
-154.260079 
-213.950139 
42.614784 
-127.774406 
281.563854 
-69.187107 
-5.340448 
18.703886 
-97.672287 
172.420753 
28.750769 
192.062523 
62.813947 
-42.106880 
-62.701012 
67.063488 
-51.339351 
-132.647898 
89.927513 
123.959057 
112.519963 
135.699178 
95.465356 
-164.844286 
7.656585 
-20.030538 
-77.674062 
86.056797 
-311.499357 
160.814084 
172.531613 
-45.848842 
-272.851457 
-168.403637 
-148.850676 
-90.695178 
-62.786055 
-176.573081 
-120.291983 
-86.547573 
4.131879 
-27.282486 
-123.907934 
-7.817154 
58.712226 
-12.534574 
142.514816 
263.596729 
-17.335601 
160.812199 
203.100895 
231.124737 
-287.657146 
-239.668243 
-177.100699 
-16.743695 
105.549417 
293.625242 
116.534555 
-358.141510 
-109.640033 
-5.417693 
-44.514437 
-5.988411 
-82.801653 
-106.971986 
91.547907 
-36.168078 
-40.453637 
113.937599 
216.639996 
166.541880 
-118.956651 
-101.974441 
67.987035 
139.265498 
134.680532 
-37.794087 
-205.580321 
-234.161345 
71.782433 
104.548674 
43.531437 
36.648916 
-15.411323 
46.561794 
-8.400086 
67.018893 
-61.135159 
49.401462 
-100.430571 
-80.086789 
54.795235 
-111.299628 
-40.470955 
199.875535 
160.813275 
-114.879895 
-216.893319 
125.778169 
-175.479558 
-70.530179 
-66.819128 
-226.657293 
131.505721 
62.860741 
160.254686 
-83.139167 
116.021574 
358.154314 
118.096417 
-67.941357 
20.188632 
168.625568 
262.375471 
137.375530 
117.703086 
-43.885011 
260.596414 
100.845493 
91.463688 
-115.866773 
-17.343708 
87.329625 
149.800729 
-110.609163 
-147.187088 
2.207084 
-179.560130 
-211.158427 
-91.709262 
-188.504811 
123.378963 
-80.386747 
-235.987057 
35.812726 
31.721244 
-22.024140 
-136.343259 
113.937064 
47.950104 
-310.805216 
403.000346 
100.957183 
28.291418 
129.561810 
78.000072 
-120.712500 
-143.136760 
4.559778 
-273.141678 
-85.080534 
49.046892 
-150.996551 
-83.219766 
-221.976246 
-106.408326 
-63.907859 
-70.300277 
-29.016882 
-31.625262 
95.147625 
201.968615 
194.328794 
-40.472484 
-42.879442 
84.180268 
79.589422 
-23.487632 
-152.941276 
70.684006 
224.871053 
82.374960 
30.766470 
-141.192269 
-168.035118 
73.092656 
-62.176251 
-94.608262 
43.487026 
100.468060 
98.135015 
35.812311 
-6.986163 
-15.484190 
29.265827 
168.623278 
-24.846415 
80.453465 
-57.762427 
-102.239792 
90.500137 
-3.250845 
-59.659954 
41.152005 
-17.615927 
-22.002988 
4.561625 
153.321126 
-25.187531 
144.247735 
-24.046732 
-25.267191 
231.124483 
-46.300575 
-116.483246 
-62.922298 
101.379379 
36.180061 
35.218405 
34.880982 
-18.279959 
183.597362 
105.046468 
-11.062166 
-376.297709 
-244.461359 
80.177931 
-24.008234 
-174.678554 
63.490195 
-200.945299 
-106.263808 
-11.061465 
-215.416063 
-113.427333 
28.970647 
-89.963789 
-10.887863 
-335.417674 
-73.789878 
13.736705 
59.252615 
-6.075151 
-54.306247 
-42.311949 
-42.311799 
78.776645 
-69.528885 
-27.617737 
-11.061856 
-3.249893 
-73.179556 
-105.332913 
-37.562103 
-88.664661 
-49.285381 
-46.343635 
20.190118 
-123.367352 
90.500444 
63.796434 
-111.524891 
-4.476330 
-34.492824 
-99.148934 
-162.693863 
50.620059 
67.065733 
20.129400 
42.714803 
-144.780655 
-57.156895 
-62.931259 
21.667589 
-138.983508 
50.709003 
512.558358 
-163.364539 
109.978899 
-34.500355 
-168.248894 
115.174878 
-101.149210 
-15.994273 
-140.346707 
-62.930176 
-130.486900 
-103.106457 
-62.455646 
-96.213162 
-96.704903 
-32.723558 
-42.313211 
-95.314636 
-71.391701 
62.418978 
150.711535 
-59.509784 
-37.313453 
-57.222190 
-86.631470 
131.131140 
-64.755417 
-18.876074 
16.813033 
-104.037565 
-42.314174 
0.490564 
-50.449582 
-26.687928 
4.562000 
-192.399078 
-150.786496 
92.517048 
78.054425 
23.924510 
-140.740827 
4.561781 
19.225510 
4.562386 
-105.949031 
-14.315661 
-56.292880 
-182.981069 
-112.598429 
42.011457 
-163.725711 
17.869441 
-19.319329 
-86.177202 
-92.236953 
-18.805307 
-111.883849 
2.479802 
152.999387 
-79.512691 
-195.577410 
-71.880709 
-41.620565 
-0.020332 
-9.879037 
35.812102 
51.437443 
-230.557673 
59.250239 
118.571321 
-117.776592 
-185.870778 
-147.588068 
-85.033992 
81.237078 
-97.000447 
-28.271564 
2.651615 
-112.958836 
-120.917870 
59.249664 
-71.247967 
24.490071 
-42.590227 
-100.328549 
-73.243883 
87.003075 
14.469384 
-75.821822 
-18.852160 
-86.046210 
86.814349 
-97.000581 
13.480026 
111.237766 
-97.000796 
-21.167899 
-97.000930 
-190.821153 
-44.040290 
207.683914 
-153.890243 
-14.925269 
273.455297 
57.345346 
-143.775082 
11.331840 
101.885554 
168.621151 
-131.708434 
70.381329 
175.854326 
-4.826322 
143.283100 
316.682014 
158.010228 
35.859619 
187.010563 
152.998089 
162.658242 
196.175486 
277.996984 
205.754737 
77.047821 
-200.909001 
-65.923144 
174.824769 
188.839665 
96.159613 
52.217528 
67.123944 
9.566808 
159.857899 
-30.801921 
-70.202657 
-2.904769 
22.846673 
66.896727 
176.440127 
160.206389 
79.132719 
90.291998 
21.091204 
166.943004 
379.017730 
89.736860 
21.247253 
72.215732 
371.751765 
14.594915 
271.523297 
-127.497380 
118.953611 
54.857920 
306.489646 
-63.385080 
184.252639 
15.590626 
-115.866073 
103.566946 
-20.288158 
-23.479493 
18.539232 
-66.631353 
4.000397 
-154.848140 
-170.504463 
-50.503704 
26.116009 
115.437703 
38.700448 
-57.082278 
-129.362779 
-22.488295 
146.350320 
286.575059 
504.953287 
-148.599239 
6.220868 
34.861110 
-2.381256 
-23.914093 
-19.613745 
-167.632174 
-187.354729 
-35.951000 
-10.348510 
238.936061 
19.391544 
17.803786 
44.603770 
136.333079 
80.781479 
-83.243807 
-105.463125 
98.312306 
-136.699777 
-132.384299 
234.070104 
-47.125782 
-22.723254 
152.835473 
50.035800 
-7.544703 
293.625397 
84.835926 
-155.470620 
53.887013 
-69.970007 
-71.312582 
371.751715 
-33.647974 
-192.465373 
14.120644 
-12.353273 
159.409958 
113.935243 
235.433368 
-203.094688 
-166.722304 
45.140882 
59.877260 
465.500524 
-175.226913 
113.938104 
11.705502 
240.574839 
83.726174 
224.573194 
50.113553 
97.586714 
24.986575 
59.215225 
-14.608314 
-27.134906 
-139.553266 
-57.301674 
-97.579138 
-163.251197 
38.711013 
110.123030 
-135.083463 
-64.449282 
-187.398719 
69.818011 
-47.716097 
-177.292620 
0.590511 
25.034088 
172.998937 
-109.831817 
44.706063 
107.874895 
128.318200 
96.160062 
206.789702 
145.185955 
-34.726524 
71.019204 
-61.244005 
59.250129 
-95.321620 
-171.048311 
165.012274 
-84.929666 
35.165300 
112.275586 
52.224025 
-200.336587 
-188.256794 
-121.754339 
-116.176736 
237.528520 
-163.346486 
137.376524 
180.343671 
18.119639 
109.682418 
-94.929079 
248.983424 
-44.977351 
109.713917 
-208.294273 
-102.080780 
-125.031076 
-96.541388 
40.860390 
-45.342525 
96.289439 
25.602098 
143.145879 
201.170882 
34.425629 
212.232727 
184.250369 
120.483574 
-3.249473 
-388.252667 
-246.363578 
-83.547318 
-117.242447 
241.790587 
137.376750 
-9.985125 
-440.919295 
74.610958 
-143.159110 
171.446189 
142.692393 
-136.656011 
-137.893149 
21.994263 
-134.597478 
-43.615359 
223.312576 
202.089629 
-148.563287 
-71.221581 
91.353278 
-145.290997 
71.868849 
-12.865916 
-44.551612 
-204.635391 
-86.909863 
20.671638 
19.654524 
73.835391 
-103.968185 
-40.261424 
-92.639222 
54.181157 
168.145294 
-22.461100 
31.175655 
-161.667609 
-296.819485 
103.904601 
130.975938 
-8.268897 
223.309856 
402.997442 
-170.330585 
-116.321808 
14.674786 
-138.750724 
12.944098 
123.643848 
-379.933921 
-27.218454 
-125.983989 
36.060335 
-124.201780 
173.300363 
255.904717 
121.500193 
-83.673738 
231.122289 
176.434812 
121.747810 
98.309550 
8.016475 
6.307328 
268.141918 
59.720025 
58.944263 
-201.985871 
-149.610958 
136.744582 
193.137610 
-189.519863 
-49.507801 
-132.839732 
-174.929345 
-116.481271 
18.312615 
-61.142020 
46.015674 
-226.252430 
-273.581411 
152.999699 
22.843968 
95.971477 
-188.169055 
340.500068 
-123.416587 
-175.394813 
113.937793 
50.850499 
-60.465315 
82.688616 
119.668126 
-279.172559 
-201.762602 
52.417040 
-338.490166 
-19.545992 
-70.863632 
-251.819374 
-19.102767 
-160.225472 
-84.969680 
-33.727160 
-118.501546 
-233.192126 
34.706178 
214.485147 
30.412399 
22.332654 
-15.762517 
37.173414 
100.678836 
17.144319 
-83.205295 
-100.491396 
34.151945 
3.230302 
53.018042 
-47.557664 
-100.845882 
-101.984739 
19.549834 
-182.236191 
-116.145719 
252.531070 
-3.339145 
-24.430229 
-26.687885 
-58.730716 
46.505291 
33.228846 
183.147169 
93.607745 
62.271723 
-82.239850 
-46.183489 
4.561025 
20.187585 
156.561359 
12.208311 
-1.035127 
-222.002052 
246.748390 
16.256773 
16.338106 
5.417043 
-254.202757 
-228.098856 
4.559195 
12.980936 
-80.164257 
-121.958798 
189.956356 
-46.410298 
48.640533 
39.709162 
19.301826 
146.319882 
37.263791 
74.872827 
-419.269186 
99.774498 
14.818192 
-27.334490 
-107.651341 
32.990564 
-171.214601 
137.382986 
20.184863 
-84.206042 
-341.231938 
5.296249 
-192.444009 
-193.340744 
-418.538731 
-11.011777 
-139.233177 
121.749015 
-68.401956 
-52.924925 
20.183856 
215.496371 
77.220137 
59.111712 
-131.368591 
27.996968 
20.184739 
160.323936 
-130.334248 
14.027903 
-107.747182 
111.007357 
25.700775 
121.748499 
-73.565101 
4.560203 
-65.199180 
33.764556 
71.667925 
-97.033639 
-12.800380 
-300.093394 
64.764414 
207.689926 
48.710776 
-55.392364 
-103.308852 
-53.095990 
-102.359663 
31.784068 
0.420327 
-25.957670 
329.327016 
-98.006989 
55.153552 
12.374799 
15.366509 
35.313878 
-24.412196 
68.083363 
-148.646869 
-40.656026 
-20.992282 
-164.667107 
-56.247736 
-162.086671 
-28.378981 
3.416902 
-11.061914 
-230.130800 
44.294767 
-6.050343 
-411.331167 
-152.107851 
-165.189168 
-147.489624 
-105.219197 
26.848650 
-178.353567 
4.563324 
-72.142774 
-125.477383 
12.375912 
42.811675 
-0.890492 
20.188076 
12.374854 
44.579970 
-173.162454 
92.215627 
18.770039 
101.738565 
-117.721093 
20.188898 
-21.133238 
137.375734 
-33.642198 
-102.532696 
-46.677997 
-159.221790 
-242.025160 
-37.105636 
-10.733178 
-118.355633 
-80.526886 
-93.007783 
-128.683058 
-51.663782 
-99.298902 
33.911362 
4.563428 
-43.247359 
-8.317203 
-40.948704 
-173.697041 
-44.662285 
53.857607 
20.188336 
28.000198 
-59.053243 
27.999560 
157.977676 
-5.408824 
-52.840477 
32.288375 
-170.647025 
111.169961 
-97.000505 
-36.850769 
-31.060110 
-101.127525 
-293.018986 
-97.001525 
-35.483476 
141.517061 
-67.586173 
-209.444216 
-202.900346 
64.387164 
-10.637353 
-107.057046 
-113.849954 
-5.529124 
65.187849 
-97.002500 
169.062072 
32.287204 
-97.003065 
62.620540 
-97.003815 
-216.211851 
24.929691 
449.874717 
-106.686116 
184.314318 
-30.510626 
-104.498431 
-287.473449 
52.999143 
158.796506 
82.687610 
-37.376229 
-164.575937 
-143.170695 
220.437587 
66.480514 
65.013440 
-36.705687 
-319.069349 
41.908062 
-26.686942 
115.689502 
124.064593 
113.937995 
355.076869 
266.188125 
-421.731889 
210.727509 
258.034725 
148.285759 
99.241878 
24.339100 
-104.495647 
-22.762011 
179.124257 
-45.382650 
10.225225 
122.344595 
23.724179 
125.696093 
262.376522 
98.400347 
-40.509444 
15.125425 
107.724392 
99.353312 
147.453293 
-180.061764 
-14.560657 
-76.520638 
168.626370 
-151.494337 
202.122947 
123.920906 
123.074912 
-375.319365 
141.609638 
-179.377753 
98.313686 
96.643162 
50.893505 
29.128979 
-7.371480 
99.425233 
81.514904 
-35.763349 
216.265987 
-199.303545 
-108.988148 
-47.492472 
-3.710634 
83.172234 
36.032896 
-126.935878 
-5.806419 
15.622304 
14.636925 
190.584941 
436.399704 
51.230337 
44.340754 
124.346426 
124.826156 
67.428721 
-70.686394 
178.063227 
-9.368118 
-92.180557 
-51.033228 
403.000454 
58.501640 
26.965474 
-44.128109 
-5.333083 
136.316506 
16.489272 
-11.066392 
293.625672 
-63.162912 
14.014081 
-31.537688 
26.556434 
-54.972778 
-20.197708 
109.648540 
28.764355 
121.750388 
88.662432 
-86.687009 
-103.733104 
33.936913 
-0.582135 
35.812424 
-2.310345 
85.105709 
-33.530078 
211.365048 
62.676636 
309.250653 
126.758444 
2.371699 
-96.005228 
112.696899 
112.333561 
82.687645 
-16.241305 
340.499817 
185.102141 
48.253174 
53.815397 
214.566713 
19.021428 
206.364847 
-112.737154 
-232.032204 
-122.119914 
-129.527993 
-66.011746 
46.754154 
-335.449497 
118.914327 
143.086406 
151.320263 
47.042478 
-78.042699 
-43.234915 
-30.624546 
-198.590220 
-157.822218 
-128.075897 
-56.910128 
-147.033725 
-100.450601 
9.949440 
-50.138680 
-101.084066 
-4.451689 
86.742627 
246.749691 
-22.859966 
114.604630 
-197.130180 
82.686953 
21.580244 
-251.823732 
26.053249 
4.728748 
7.921250 
-33.016010 
-50.227269 
-239.291554 
-16.319411 
-34.265654 
-159.409867 
-17.186841 
-146.684479 
129.562609 
199.874495 
-15.377799 
121.578125 
-41.698854 
-1.527895 
155.451889 
26.525632 
-377.181583 
-38.753586 
-146.649182 
-32.206546 
-120.623269 
-114.403839 
-268.144638 
-122.997341 
0.629446 
218.487433 
101.974493 
-8.196102 
184.250090 
17.119688 
43.624806 
-21.213881 
-55.119432 
7.732912 
-194.538098 
44.223533 
90.499875 
12.723611 
-276.243959 
37.658318 
47.401211 
55.321462 
16.913423 
-124.969901 
-44.343135 
89.240727 
-106.168818 
-37.972717 
223.312652 
103.435677 
-112.625365 
-32.892818 
90.091631 
-93.310152 
36.343467 
99.721055 
104.182364 
-161.190574 
-151.548673 
-62.377259 
24.897639 
129.338405 
-35.007858 
-250.309552 
-145.178752 
-15.329877 
121.027615 
22.504905 
-65.162982 
29.161854 
-73.406028 
4.844997 
62.112860 
-41.992949 
176.437551 
262.374724 
-208.423847 
0.536815 
8.219450 
-211.278203 
125.488206 
34.970226 
-239.052370 
11.317381 
-132.607825 
-140.205758 
-139.661656 
85.605928 
-20.462294 
99.534019 
-211.401801 
121.749642 
67.062028 
59.249406 
51.436854 
56.022514 
-25.215828 
3.844575 
-24.984367 
-67.023189 
-155.289186 
24.021072 
8.758426 
272.800940 
-297.559009 
-96.218540 
21.112274 
-94.509073 
-276.414522 
-124.598395 
48.288401 
38.406004 
-70.943825 
-136.506263 
168.624470 
-76.277962 
68.573257 
67.387698 
309.249483 
-46.115684 
-69.067921 
184.249301 
35.643622 
38.460239 
51.436961 
86.332614 
-11.805093 
-143.055710 
135.421019 
-87.803437 
161.664844 
98.726959 
11.581986 
-7.377223 
-109.241748 
-118.765655 
-65.580837 
-196.510836 
79.220212 
37.371712 
92.336936 
19.396219 
-230.960297 
-68.584577 
-49.353377 
-10.616635 
-80.561250 
-86.356904 
-79.919267 
-138.169665 
-62.365800 
-89.356559 
-78.916645 
-0.285634 
-278.831579 
-0.246071 
-176.342962 
3.362677 
162.950096 
8.717556 
-30.482002 
-57.937310 
-60.287449 
1.062878 
57.303690 
80.309985 
-29.521654 
116.351192 
-66.569998 
-70.789031 
-11.062301 
4.562795 
-41.161214 
-80.308157 
-59.693455 
-155.333396 
121.750112 
16.827764 
28.062330 
70.664062 
1.951073 
57.065444 
4.562539 
-18.488209 
-35.436965 
-41.818873 
42.200174 
-18.181700 
-61.090786 
1.204836 
-86.673650 
45.199187 
53.040279 
90.499863 
-18.386941 
-82.351747 
141.374709 
-3.964240 
-127.388394 
-21.177253 
-114.030021 
77.783776 
20.187499 
-85.601792 
-41.151590 
20.279714 
-92.190177 
25.086951 
-3.479615 
-35.177995 
-87.504285 
90.499778 
-16.160949 
-19.691789 
4.562034 
137.375094 
-17.844462 
-28.391422 
-102.946086 
12.375283 
20.187125 
158.589772 
-63.666230 
1.383809 
-18.581749 
-4.250781 
96.797367 
74.875313 
40.206914 
-3.250078 
-80.769285 
49.629128 
-74.820733 
-9.765488 
28.823541 
-99.926376 
-90.296087 
82.688223 
129.883589 
-3.130030 
-82.729760 
87.822898 
-141.573509 
-11.393032 
3.131104 
0.666527 
17.959590 
-93.602090 
20.128939 
-18.874600 
51.510076 
53.664283 
-180.477292 
35.062914 
-230.256994 
136.338129 
24.907662 
-12.347029 
-85.436156 
-98.161640 
73.806948 
27.681106 
12.375107 
-187.451595 
-22.068525 
98.215494 
-386.123230 
-64.086166 
-20.107864 
-54.553923 
-68.211478 
50.538183 
-51.353853 
-3.249771 
72.331955 
63.754322 
-11.062385 
-144.427001 
-164.100256 
-18.874681 
-18.874866 
-110.725268 
-96.069741 
-2.144593 
-28.215112 
64.515279 
25.350643 
-11.062353 
-60.101450 
106.125223 
-29.715550 
-112.485278 
65.438242 
-168.378915 
-131.418984 
-18.858619 
-74.896556 
-51.945501 
52.601310 
-61.855486 
-159.388481 
-10.992016 
-1.160686 
-40.065728 
12.375350 
62.439497 
-90.958757 
-91.825431 
3.770155 
-22.266742 
88.682313 
-26.687197 
4.562741 
-88.804760 
-3.249823 
-110.598333 
-81.776529 
41.915166 
-48.105769 
-136.460831 
-94.023496 
-96.999777 
22.188610 
165.572818 
-118.505289 
-214.113859 
-96.999655 
-18.063499 
-180.099104 
-186.818605 
-51.438633 
-45.937611 
-51.781908 
-93.222550 
-130.455628 
-72.537936 
-103.660882 
-56.770028 
-96.999629 
49.922576 
-169.804808 
-96.999684 
-46.083098 
-96.999745 
-177.723572 
-108.232699 
-97.000000 
-95.606631 
-100.535263 
-95.475561 
-96.423709 
-96.201538 
-97.000000 
-100.201713 
-97.000000 
-100.480705 
-96.440070 
-87.609203 
-96.483565 
-90.814673 
-98.214549 
-94.687127 
-97.195769 
-97.120365 
-89.187500 
-97.271413 
-96.786038 
-89.187500 
-90.004936 
-93.250235 
-89.892473 
-92.224330 
-99.930779 
-95.541164 
-89.948634 
-95.105593 
-94.298686 
-99.525588 
-99.054006 
-98.314645 
-95.927550 
-95.173956 
-93.912674 
-96.709887 
-97.000000 
-100.201451 
-99.030164 
-99.537792 
-96.766021 
-98.005422 
-96.177724 
-92.151341 
-93.998640 
-93.785764 
-97.000000 
-92.820966 
-95.646544 
-96.344641 
-94.673215 
-89.187500 
-95.464021 
-100.084488 
-89.187500 
-90.194820 
-91.097944 
-94.815256 
-89.388090 
-96.115759 
-99.904025 
-96.274442 
-85.474149 
-95.546750 
-101.580151 
-90.795668 
-99.148679 
-96.723495 
-94.778752 
-89.907066 
-89.226236 
-92.182496 
-94.778402 
-91.517668 
-97.000000 
-96.116696 
-94.632261 
-93.814450 
-99.331263 
-96.020569 
-87.551181 
-103.593844 
-102.643851 
-92.145046 
-89.946888 
-97.000000 
-95.777258 
-91.354066 
-93.212284 
-88.666666 
-97.625774 
-95.178481 
-90.545194 
-97.000000 
-96.887157 
-96.788349 
-96.613101 
-99.804906 
-97.259224 
-95.725551 
-95.798155 
-96.589273 
-89.187500 
-94.278342 
-97.311500 
-94.974946 
-97.434463 
-98.685356 
-97.000000 
-94.196030 
-95.579726 
-94.480563 
-99.835618 
-92.706109 
-97.000000 
-96.525020 
-95.130623 
-96.055959 
-97.825283 
-99.713847 
-97.000000 
-97.604544 
-97.000001 
-97.524935 
-95.837125 
-93.998395 
-94.455904 
-92.706051 
-96.664314 
-95.526252 
-102.258312 
-102.244060 
-96.226298 
-99.259563 
-98.694949 
-102.954153 
-95.059552 
-96.165184 
-96.858711 
-97.000000 
-90.996687 
-98.855390 
-97.968280 
-100.922128 
-100.411568 
-97.859774 
-97.786210 
-96.073646 
-95.861360 
-97.876072 
-101.478879 
-96.745550 
-100.987147 
-99.046017 
-89.187500 
-94.327187 
-95.368421 
-99.384174 
-97.000000 
-96.344008 
-98.808767 
-96.029533 
-98.429162 
-95.419979 
-103.574475 
-100.576964 
-97.253491 
-98.432199 
-99.327079 
-95.044501 
-92.245544 
-96.822829 
-89.187500 
-89.187500 
-92.365716 
-102.529364 
-94.891662 
-99.880799 
-96.073552 
-96.175432 
-99.138394 
-100.793842 
-97.222303 
-100.346353 
-95.692779 
-97.185011 
-91.031645 
-102.520789 
-94.102514 
-94.986245 
-102.245636 
-98.439981 
-97.000000 
-98.529605 
-97.000000 
-96.172171 
-98.660165 
-100.455672 
-93.646438 
-96.620811 
-97.000000 
-96.132818 
-102.390166 
-98.953773 
-100.267985 
-98.886060 
-93.537234 
-97.615650 
-94.515361 
-93.213023 
-92.245194 
-93.656695 
-89.187500 
-93.380209 
-97.000000 
-99.423079 
-92.581054 
-97.200589 
-97.759392 
-91.875038 
-94.284666 
-94.223197 
-89.276785 
-96.519771 
-95.200285 
-92.919475 
-99.026098 
-99.784852 
-97.812983 
-97.967454 
-97.484158 
-95.895887 
-99.704247 
-99.210095 
-96.047926 
-91.269920 
-96.939618 
-96.611521 
-89.187500 
-97.000000 
-100.033081 
-90.892801 
-91.433522 
-94.251637 
-97.763665 
-91.758109 
-94.954715 
-99.048197 
-97.840573 
-95.982516 
-97.883641 
-94.406073 
-95.590567 
-95.637305 
-93.542799 
-97.000000 
-97.000000 
-97.000000 
-97.000000 
-85.862697 
-96.796612 
-93.216510 
-97.788191 
-95.361751 
-101.303732 
-96.019910 
-92.555807 
-92.048336 
-96.420012 
-96.629426 
-98.697521 
-94.180572 
-97.219552 
-94.457514 
-98.976989 
-97.436685 
-95.558921 
-98.200825 
-97.000000 
-93.912674 
-95.853680 
-100.740316 
-97.000000 
-92.081869 
-88.432688 
-97.000000 
-96.259352 
-98.999154 
-97.000000 
-97.000000 
-94.747563 
-93.479362 
-96.511718 
-95.518112 
-97.524935 
-97.355490 
-100.547022 
-94.818363 
-98.779353 
-98.067475 
-93.985412 
-94.252395 
-98.718808 
-96.093012 
-97.400837 
-97.751776 
-95.859023 
-91.816222 
-100.268988 
-96.109105 
-98.064245 
-94.703641 
-99.752496 
-90.077356 
-97.219355 
-94.277477 
-99.905221 
-97.259223 
-99.855919 
-99.202799 
-93.266052 
-95.918052 
-98.314645 
-99.599882 
-95.563700 
-97.000000 
-100.802719 
-94.902831 
-95.745372 
-100.601663 
-99.628722 
-96.433240 
-96.633907 
-98.722179 
-97.000000 
-97.000000 
-98.331507 
-92.260688 
-94.660982 
-97.000000 
-89.187500 
-97.492208 
-98.353972 
-96.189937 
-97.770884 
-98.166824 
-97.000000 
-94.492869 
-98.213441 
-95.639090 
-96.919252 
-93.569149 
-94.341608 
-97.049435 
-90.836430 
-97.132459 
-93.532142 
-97.000000 
-97.000000 
-97.000000 
-93.659804 
-90.574465 
-99.151960 
-94.690851 
-96.288923 
-98.687233 
-97.000000 
-97.480032 
-93.965553 
-95.800842 
-94.953948 
-98.662780 
-98.005422 
-95.862399 
-96.953654 
-97.000000 
-94.065919 
-98.424819 
-97.000000 
-97.000000 
-100.534772 
-96.745875 
-98.687233 
-97.000000 
-97.000000 
-89.259130 
-97.000000 
-98.702788 
-93.835697 
-97.026223 
-94.286296 
-96.999999 
-96.511719 
-97.000000 
-96.960834 
-96.628677 
-97.083762 
-96.178683 
-98.268865 
-97.899124 
-91.733126 
-97.000000 
-98.143629 
-95.891540 
-97.434462 
-98.750861 
-93.000651 
-98.838956 
-96.079759 
-93.686151 
-97.000000 
-98.936882 
-90.818271 
-97.000000 
-98.277270 
-92.140207 
-94.578912 
-94.434648 
-90.569138 
-97.020578 
-100.430498 
-96.638279 
-97.178472 
-98.281733 
-97.542484 
-97.499343 
-97.000000 
-95.156256 
-99.181361 
-100.492371 
-97.000000 
-98.086247 
-98.662272 
-96.949905 
-93.384446 
-99.440429 
-97.376445 
-97.000000 
-99.862389 
-93.391689 
-97.000000 
-91.383796 
-104.046503 
-97.000000 
-97.000000 
-95.358568 
-98.016293 
-98.887896 
-97.678716 
-93.778972 
-101.068408 
-97.000000 
-95.664232 
-97.000000 
-96.832682 
-98.346531 
-97.705197 
-99.220323 
-95.149941 
-96.413337 
-99.023734 
-97.238243 
-97.445294 
-95.184173 
-101.556909 
-96.944053 
-98.137901 
-96.592691 
-97.000000 
-99.992985 
-95.315119 
-98.526394 
-100.547022 
-98.367659 
-94.284310 
-97.000000 
-97.000000 
-94.158955 
-97.000000 
-96.290706 
-93.746595 
-89.393145 
-99.439237 
-98.505561 
-94.814441 
-97.000000 
-94.235168 
-93.432543 
-97.012401 
-98.479842 
-97.000000 
-97.909623 
-93.433660 
-96.491421 
-97.845599 
-97.545550 
-97.664963 
-96.896723 
-95.810439 
-98.074675 
-98.368692 
-99.448799 
-97.000000 
-95.767520 
-91.440849 
-97.000000 
-96.934644 
-97.000000 
-91.994037 
-94.388993 
