-70.203108 
-76.135406 
-69.834569 
-77.271251 
-59.681294 
-57.792609 
-76.000028 
-71.768024 
-70.203124 
-76.482251 
-73.699510 
-65.975699 
-62.000330 
-50.107515 
-72.964488 
-71.328326 
-73.314671 
-91.519011 
-70.203164 
-85.316314 
-78.608077 
-70.203165 
-61.753900 
-48.008190 
-52.925292 
-68.484488 
-61.811314 
-65.399677 
-54.573647 
-59.746226 
-58.679655 
-51.804669 
-60.740042 
-52.648481 
-72.400327 
-61.313543 
-69.448297 
-64.610775 
-45.359440 
-54.823217 
-46.174630 
-57.048602 
-33.937803 
-48.734203 
-52.461422 
-7.490760 
-40.368978 
-6.443094 
-20.515670 
-18.779345 
18.006080 
-21.505276 
-23.217358 
-25.950248 
-8.964985 
-20.419004 
-20.515647 
-7.421813 
-26.926921 
-36.087114 
-55.336225 
-46.735342 
-34.222756 
-39.728416 
-9.184356 
-29.984860 
-28.099884 
-39.916947 
-20.279784 
-31.283947 
-36.632337 
-13.456883 
-32.123273 
-15.789419 
-34.301214 
-10.881857 
-3.280256 
-3.303089 
6.488711 
2.363685 
11.436731 
3.262028 
15.517157 
-11.084689 
-25.437509 
-4.172168 
-14.784093 
-20.515647 
-20.088218 
-7.617441 
-1.102519 
-9.750029 
-6.543555 
-1.887103 
-5.222204 
4.328083 
6.455226 
1.348580 
6.348863 
7.889865 
-0.327599 
3.205517 
9.084562 
4.925773 
4.328062 
2.445534 
6.139160 
10.147752 
7.881433 
1.419192 
4.328021 
-7.893961 
-24.191062 
-34.936860 
-44.059922 
-40.578324 
-70.203152 
-54.044841 
-65.543449 
-71.185407 
-55.742030 
-71.919282 
-45.359408 
-43.709811 
-20.515691 
-35.094216 
-29.462338 
-24.483081 
-21.274111 
-24.451071 
-50.446439 
-54.198905 
-59.634088 
-47.712072 
-39.507462 
-52.668106 
-51.470673 
-47.392025 
-57.625765 
-43.935586 
-40.130899 
-25.950106 
-21.087761 
-31.950775 
-13.671942 
-4.808877 
7.456030 
3.291660 
-10.925711 
-13.224500 
1.482367 
4.257863 
12.370268 
0.640407 
9.393622 
26.920537 
29.172014 
30.233087 
3.050574 
-10.481183 
4.328309 
-8.984127 
-13.216887 
-15.811653 
-19.323637 
6.278907 
-4.960169 
8.253043 
-6.080831 
16.195206 
49.157204 
60.940267 
69.450186 
74.054644 
78.859386 
85.070318 
90.584252 
74.256208 
99.347652 
105.544590 
119.135686 
142.014340 
117.055128 
100.410068 
122.517149 
93.695182 
93.364833 
59.157503 
40.991970 
37.564327 
5.759201 
4.897657 
-20.481601 
-33.673313 
-57.781214 
-44.937881 
-45.359348 
-58.815174 
-81.286948 
-72.729720 
-68.386475 
-76.072506 
-70.203052 
-49.136769 
-77.349326 
-42.816433 
-79.122887 
-56.406082 
-46.911315 
-62.514573 
-56.279813 
-66.145366 
-64.182893 
-64.822886 
-45.359314 
-48.556740 
-3.124913 
-41.227674 
-46.243595 
-42.914304 
-77.599096 
-64.188726 
-44.534567 
-58.715594 
-39.155527 
-69.485456 
-60.652847 
-56.470606 
-64.905322 
-51.212194 
-45.699853 
-53.491507 
-58.484051 
-49.679281 
-47.894201 
-50.997412 
-44.740690 
-32.579071 
-44.491126 
-26.178353 
-20.515609 
-20.515630 
-22.440366 
-35.449599 
-32.908233 
-21.845500 
-48.121126 
-5.623870 
-39.682057 
-33.090240 
-25.840512 
-38.478636 
-25.289643 
-36.070461 
-42.007699 
-16.750262 
-17.848241 
-20.515653 
-20.515671 
-45.359410 
-45.359408 
-60.893891 
-69.421642 
-58.433382 
-60.143951 
-62.209168 
-54.411864 
-55.197384 
-72.907758 
-66.955197 
-73.020421 
-80.625847 
-47.037122 
-73.255142 
-48.123460 
-63.122360 
-85.731564 
-57.114563 
-74.424609 
-70.621651 
-70.203130 
-42.948207 
-40.145171 
-52.695809 
-45.359376 
-51.501666 
-23.120364 
-20.515616 
-7.352843 
5.857192 
4.328145 
3.499988 
-12.940212 
-26.790854 
-33.713856 
-40.406560 
-22.672336 
-32.869519 
-36.984350 
-13.631704 
-31.728681 
-36.014684 
-13.421966 
-16.426924 
-14.146074 
-16.773552 
-18.318357 
-10.034201 
0.127105 
15.009855 
24.008128 
31.426928 
10.927397 
23.864324 
13.289636 
5.996993 
14.582198 
-2.541250 
-12.929825 
-0.327602 
-11.163727 
5.681752 
9.984614 
-2.190050 
0.351506 
-12.256863 
-13.838496 
-20.515726 
1.966717 
12.680461 
15.816003 
20.477454 
-9.833979 
-13.522213 
2.941327 
-11.745208 
29.171773 
29.171740 
55.132062 
48.246968 
70.290154 
43.249884 
54.015505 
87.167045 
68.536745 
86.764962 
81.635538 
69.593805 
78.859268 
73.801287 
46.143445 
52.630255 
40.831317 
41.288559 
46.430978 
50.041358 
12.259601 
20.388321 
-2.782203 
-20.515689 
-21.292008 
-61.663146 
-53.835177 
-42.487588 
-76.789542 
-59.882309 
-59.453521 
-59.747388 
-20.515632 
-37.395647 
-25.837938 
-35.006976 
-13.336373 
-27.851642 
-9.449932 
-19.103852 
-2.038897 
4.328152 
13.463934 
-5.989532 
-8.093713 
4.328163 
-4.516187 
-22.382383 
-4.262891 
-32.937476 
-20.515570 
-39.181011 
-75.999856 
-68.939909 
-89.080121 
-83.772580 
-95.855844 
-95.046821 
-112.903240 
-95.046797 
-91.538076 
-77.677593 
-52.628695 
-46.069694 
-34.115072 
-28.845031 
-25.170595 
4.328155 
-28.538048 
-26.903405 
-31.868503 
-7.563557 
-19.324520 
-12.752162 
5.035066 
-0.578484 
7.093938 
-6.500870 
-6.842444 
-20.515602 
-35.338419 
-65.623463 
-33.815166 
-39.380878 
-43.234685 
-25.535010 
-40.444645 
-36.316679 
-38.829468 
-68.436377 
-60.968715 
-58.921071 
-57.781241 
-57.978540 
-69.999401 
-78.432853 
-63.846615 
-70.479666 
-77.716033 
-74.858805 
-60.759788 
-30.169036 
-31.678302 
-45.359393 
-32.849337 
-34.514635 
-45.359399 
-34.182161 
-52.743400 
-32.937521 
-45.359385 
-43.284688 
-39.571486 
-46.669638 
-45.486255 
-14.873488 
-58.083217 
-45.359410 
-48.884842 
-45.359412 
-42.941173 
-66.370267 
-67.687817 
-50.795107 
-67.078408 
-60.787366 
-89.608121 
-108.047752 
-90.786182 
-87.951629 
-73.517680 
-42.874096 
-32.566405 
-24.623357 
-20.515678 
-8.624091 
-2.914318 
0.564065 
0.281217 
6.812079 
38.024045 
16.749931 
16.749965 
7.982379 
4.328072 
-2.365617 
15.184429 
11.612214 
10.534471 
4.494473 
-3.112625 
-8.093796 
-26.747505 
-59.366836 
-66.740380 
-61.047720 
-71.755917 
-48.809126 
-53.150175 
-47.029367 
-79.173265 
-71.996593 
-69.310872 
-64.423556 
-65.071682 
-41.707693 
-32.301161 
-9.338194 
-20.515664 
-17.564028 
-5.938894 
-8.093765 
-15.101344 
-8.093777 
-10.904475 
2.563890 
-45.362252 
-224.884372 
81.953618 
104.919847 
90.995892 
-70.076842 
3.496801 
195.449357 
-20.518207 
-174.820298 
204.243324 
-234.161389 
83.857916 
-20.877220 
237.998795 
159.113635 
18.716614 
13.682672 
4.326186 
153.883576 
32.325714 
29.170539 
-33.505732 
69.469765 
57.693626 
23.906893 
-385.622623 
-8.866673 
-55.098071 
182.978753 
108.750557 
-47.735322 
-29.657122 
9.351492 
-19.385906 
351.829585 
-47.846677 
136.879109 
29.171435 
132.423519 
-107.311472 
0.533422 
-50.937658 
50.627822 
382.958714 
36.258314 
-42.007027 
184.364470 
54.015825 
102.814338 
201.840146 
-30.941145 
181.250759 
50.134240 
98.848658 
-55.066021 
29.171992 
112.276716 
-63.280392 
26.387003 
14.567334 
102.870425 
-7.228379 
159.702732 
194.344903 
145.365771 
230.625607 
-43.414927 
-104.454698 
86.836651 
352.265939 
-27.531597 
135.804538 
205.889643 
25.905335 
141.870185 
473.200634 
86.095570 
2.672261 
-76.249372 
292.451093 
197.462610 
99.127395 
-55.220703 
247.188216 
146.321249 
74.855554 
588.155143 
-115.223798 
308.701277 
103.632046 
321.499088 
117.475024 
-95.970743 
239.592651 
476.358140 
19.623321 
-188.165071 
219.191180 
159.594842 
-173.176378 
-50.831123 
34.418919 
-135.699628 
227.921256 
179.264164 
-235.310056 
204.213446 
91.226116 
-12.054422 
91.281541 
195.366624 
-162.727836 
-8.517300 
-348.261866 
126.788114 
4.328792 
100.406865 
-428.830919 
-188.876446 
148.436260 
10.493848 
91.281874 
-426.339167 
327.298159 
-258.401382 
95.529227 
-225.313803 
177.476316 
-67.388468 
-106.009055 
-289.587484 
-260.833480 
174.733926 
-32.173371 
-212.207483 
-137.211978 
-74.874768 
-63.029483 
-182.585715 
17.773724 
-22.844265 
114.545423 
-44.700685 
129.783842 
-535.287881 
-576.018388 
-139.615227 
-115.779689 
34.932978 
-165.829187 
113.058339 
331.033966 
-74.549326 
69.102268 
-112.277555 
203.078589 
-100.550678 
53.288556 
-480.579707 
364.561257 
-8.954418 
-93.658262 
94.316156 
-140.443432 
130.706569 
235.564341 
-468.488065 
3.347266 
-63.144670 
-117.768663 
393.952519 
-42.641340 
270.552168 
16.747631 
103.702670 
256.565154 
-475.969222 
-283.983336 
-79.928777 
137.276621 
55.768247 
-52.891248 
-164.833014 
125.663791 
-36.604195 
-314.034468 
125.661983 
-34.970875 
-87.103693 
57.605252 
-47.351241 
-61.126094 
-85.062941 
-20.517682 
218.510308 
252.766614 
-519.649896 
-85.081307 
-162.892652 
90.672095 
-106.029601 
128.547063 
194.575043 
-308.610181 
-83.890511 
-8.954349 
-254.906082 
14.982040 
-233.553472 
-146.138712 
-409.379051 
-48.293022 
-182.151511 
54.014861 
24.316389 
-64.405990 
-182.916479 
171.142075 
-72.384452 
5.659997 
-170.267931 
30.862052 
-172.432886 
-86.943366 
-258.230467 
-54.436947 
-30.667373 
-274.182319 
15.504221 
-63.007955 
49.339036 
-170.384633 
-108.381931 
74.585291 
-160.786255 
-180.376927 
286.031053 
-84.838298 
37.021221 
-95.046545 
4.328094 
-93.358992 
-292.721314 
97.087686 
-150.548583 
-151.733907 
366.237658 
-226.806800 
131.933597 
-130.285565 
32.234718 
-82.809915 
376.198990 
-392.233375 
52.684955 
-206.264869 
-45.359688 
290.031291 
-45.359182 
190.655830 
526.616500 
-325.170788 
154.464247 
-74.921888 
228.239625 
-247.000849 
-55.281726 
31.784994 
275.559020 
-318.202422 
-6.659879 
66.049577 
-232.940184 
-140.874669 
-246.334946 
-36.303808 
83.311142 
-123.728191 
105.828759 
165.812113 
-114.096429 
1.509880 
36.245332 
29.171316 
77.308446 
-470.590485 
290.030887 
94.324217 
-121.692378 
178.233787 
281.749895 
-232.163554 
-30.458873 
-429.661402 
-249.939907 
-233.558599 
-42.050828 
-87.513768 
105.596369 
-168.284222 
54.589870 
152.851861 
313.645214 
-108.823765 
-1.379430 
250.463015 
-250.463890 
48.820576 
159.844882 
138.732149 
1.188076 
-76.920571 
-252.737284 
-161.138121 
18.889233 
105.051116 
-1.348913 
-34.505659 
-111.066432 
-143.267058 
73.230706 
35.464100 
-101.478256 
181.602409 
-183.910158 
-71.371227 
327.297520 
41.575665 
170.696783 
39.019213 
103.646217 
-299.765396 
183.708850 
-237.652269 
-76.159763 
-20.516081 
290.030931 
172.588630 
-265.396453 
18.197929 
-248.250439 
-70.203690 
-40.136220 
-67.427437 
-116.932985 
-351.415176 
-46.686411 
265.186839 
102.701225 
-140.751487 
-57.840746 
-30.645042 
-180.063366 
-26.130253 
-180.641773 
-51.748360 
-33.898248 
-133.547593 
265.185917 
-189.765010 
17.524699 
-101.098867 
-129.941227 
-236.542418 
112.640701 
-195.843177 
95.908713 
240.341693 
152.376389 
-223.788744 
70.932431 
-19.425374 
-90.453750 
-281.296719 
-287.344249 
3.051947 
41.592138 
-7.899309 
-97.840214 
-70.204703 
66.435899 
16.516950 
-165.860500 
-142.591878 
-70.204305 
215.498440 
132.031379 
-102.501729 
-115.357455 
91.306520 
23.043051 
40.783352 
29.170812 
40.816213 
140.967712 
7.599490 
1.605360 
97.475052 
150.053785 
-131.929154 
16.245171 
-71.011391 
227.921080 
51.136088 
2.540862 
11.725397 
-126.046369 
114.796125 
-312.307673 
88.051203 
-144.517934 
240.197921 
-170.056803 
121.486822 
103.702990 
-214.299504 
562.378203 
68.928584 
198.313503 
-473.443566 
1.051640 
-139.809364 
-137.840721 
20.173461 
-152.959088 
-53.056491 
167.879962 
16.750322 
-172.613670 
-112.625270 
-87.429109 
-63.360799 
-55.967322 
-116.597931 
150.513490 
122.996415 
168.406438 
-68.034664 
16.750758 
-2.683376 
-218.190319 
16.750926 
-267.160744 
-232.935448 
-8.092770 
-57.780239 
-217.909819 
-180.862224 
89.266824 
-91.921237 
-33.086217 
-221.464092 
-70.201924 
-136.681314 
-32.936505 
-48.567277 
-99.385387 
6.701706 
-21.891961 
-587.164843 
133.492278 
-205.513421 
-110.178213 
-111.364645 
-253.073158 
-142.228381 
100.170254 
-387.879070 
-152.445738 
-45.358961 
61.426366 
37.630674 
-403.897547 
-211.731437 
-33.765636 
61.302060 
-45.359088 
-45.359093 
-213.943317 
116.125295 
-179.763485 
-122.548974 
-255.268476 
-121.042635 
52.267504 
19.138554 
4.327359 
-97.540006 
-96.668108 
-287.820696 
-301.668773 
-195.198843 
-48.256482 
105.486005 
-166.244830 
52.763174 
-153.012378 
-40.633850 
-135.574498 
-329.871450 
-167.714384 
1.627406 
56.241123 
4.327227 
-26.003354 
4.299078 
-8.094951 
-34.963623 
-182.001526 
-328.920212 
-53.730581 
178.234207 
-87.057456 
160.859033 
364.801462 
374.009557 
-369.023305 
-115.748833 
190.847627 
128.550524 
-455.872815 
196.822984 
-194.798703 
90.910619 
98.191823 
242.091840 
491.896610 
103.104610 
120.198415 
265.185353 
90.120100 
-45.685333 
513.624331 
195.759815 
216.331841 
-92.387165 
124.258507 
-506.591909 
-136.848970 
234.884149 
-69.202321 
96.767790 
-99.226426 
311.065885 
173.447075 
78.323833 
317.592167 
338.167457 
189.452945 
178.228389 
395.322317 
-24.027669 
-397.430739 
-15.074205 
108.073916 
630.401750 
126.794862 
-313.330674 
-37.151255 
227.916159 
-72.356790 
652.051260 
214.513981 
452.719976 
101.370352 
139.890664 
54.385052 
1109.868426 
71.375905 
157.628894 
8.693228 
-123.474024 
71.509450 
-74.738850 
157.246512 
264.651816 
-166.645396 
245.119916 
-69.831845 
256.904803 
175.925671 
344.809399 
164.131590 
-56.378050 
-72.138950 
290.576134 
155.579004 
689.235693 
-128.587921 
187.580005 
-68.949849 
145.164698 
384.934202 
140.284754 
-23.024197 
113.583941 
225.523128 
-152.870968 
463.938498 
-139.673328 
346.291044 
204.247464 
241.997660 
190.558451 
-82.236276 
112.685746 
389.406066 
-142.343877 
190.819886 
126.279595 
223.609958 
-207.011705 
-183.158168 
247.007316 
-224.623281 
277.607403 
120.724229 
-485.027177 
399.706962 
-34.690471 
278.139610 
190.655300 
285.467205 
-150.275489 
-118.289592 
-335.325424 
138.038918 
153.387248 
188.596309 
-554.711975 
-351.121568 
281.555994 
114.363973 
165.805022 
-410.429270 
227.917143 
-251.443690 
-34.473654 
64.701281 
145.911645 
-274.364007 
280.630069 
-465.466276 
-241.797307 
11.048068 
16.925456 
-98.253094 
-271.801237 
-390.792004 
-171.299288 
-305.210062 
-12.169750 
36.158631 
-23.519348 
-557.731930 
159.555790 
-655.687176 
-658.309869 
-375.668220 
12.179436 
-211.028858 
-119.978852 
13.475780 
326.786437 
-76.881014 
162.966835 
-243.312387 
153.390627 
-212.775728 
3.307028 
-371.522721 
327.293964 
-160.004059 
-220.314610 
27.743653 
1.005518 
32.564379 
177.391115 
-451.010508 
65.669279 
-129.258272 
-204.934465 
352.684533 
-6.537890 
-73.878499 
-8.090525 
134.757053 
272.522810 
-306.358673 
-35.072302 
-429.439604 
-49.668872 
611.702432 
-226.020501 
-40.381416 
-54.339589 
-52.175346 
-350.316462 
181.789953 
141.200815 
-170.716477 
146.036718 
101.888656 
-83.128072 
37.946025 
513.627726 
215.688352 
513.630802 
-631.098863 
-55.930950 
-34.478086 
-15.436806 
34.728629 
339.722581 
17.322031 
-456.284522 
-53.177052 
-616.523705 
47.894879 
266.715554 
-228.020794 
-272.635090 
-295.710808 
-263.529023 
40.986390 
588.154613 
-21.240520 
7.639074 
-170.620060 
213.851248 
38.015757 
268.903193 
-204.693283 
237.278635 
-160.452829 
-68.759133 
-168.566690 
-124.434008 
13.253902 
-430.249416 
28.764848 
165.276179 
-68.184586 
-127.308185 
-67.490166 
149.535501 
-24.091548 
-106.462860 
168.799929 
-170.478082 
-33.145125 
178.234465 
612.998652 
-465.191413 
-120.847051 
-215.567353 
-40.952848 
-167.527232 
32.255431 
-745.665351 
98.829591 
-148.914184 
120.245722 
-164.191693 
420.875200 
-319.446648 
-89.137940 
-156.387121 
265.188669 
-20.515947 
240.344905 
178.235225 
272.217465 
-221.555466 
343.882401 
-178.195283 
310.982149 
-439.781714 
-276.883420 
-83.152461 
346.626987 
-356.079925 
7.817756 
48.519069 
-57.240116 
-554.621818 
-56.815125 
-235.420522 
158.676635 
-307.728601 
100.361044 
140.969096 
-85.827283 
-219.334684 
-217.066559 
190.656192 
-147.942003 
-386.527891 
-70.202677 
148.471118 
-149.033448 
563.311251 
-9.751311 
-131.940223 
-193.803718 
-426.556247 
-66.859576 
59.108269 
-24.946119 
-240.249407 
336.377522 
-113.926663 
11.601799 
184.993829 
281.303223 
-149.368963 
158.481467 
157.215784 
-154.717949 
87.429803 
199.589182 
20.593127 
172.247830 
-48.658937 
-206.735384 
-197.561707 
-54.138527 
96.264148 
-136.814573 
-172.760115 
-194.589980 
-400.578159 
408.058450 
-112.328665 
104.384231 
120.449744 
-157.064577 
295.909451 
637.841772 
-723.747127 
230.744988 
47.674862 
-40.633135 
-260.021898 
193.630784 
-363.615104 
-168.385557 
215.497911 
54.013128 
285.126668 
-110.053540 
74.333272 
-327.751993 
364.560699 
-143.690893 
-112.413676 
48.768550 
-459.183330 
-156.272644 
165.809195 
180.068400 
-67.492470 
-95.220047 
-325.289877 
27.546336 
186.988471 
-51.714891 
-59.320837 
-80.359294 
-148.503207 
-20.517867 
-183.558135 
-358.237169 
-102.256209 
-264.837991 
-255.652177 
184.387421 
-301.858228 
223.637102 
-70.208152 
-5.704674 
-410.467941 
34.488342 
16.980746 
-22.492444 
-406.650648 
-133.936701 
242.414763 
-82.627907 
-80.334714 
69.299873 
54.012816 
66.436570 
-129.785325 
-61.460234 
-129.972138 
290.029322 
165.810025 
87.591831 
-221.751120 
-278.623092 
177.542307 
242.081924 
24.516875 
116.121925 
-414.913568 
-45.361228 
-90.067174 
117.795498 
127.521780 
243.414701 
-193.773159 
-56.362673 
170.233952 
41.590889 
219.397076 
-163.024590 
-21.439007 
-384.338964 
-20.043914 
-259.472606 
-71.740725 
-119.163000 
160.034577 
-76.375638 
165.833533 
91.280056 
-187.734485 
271.239756 
54.422935 
236.637491 
-256.983334 
-226.128270 
61.810157 
-181.430917 
-57.114216 
-59.879560 
-99.848142 
-66.058912 
-57.780918 
-369.991454 
-31.747027 
-205.331582 
-178.942471 
198.950916 
-228.642659 
-17.195519 
50.189248 
69.445618 
-81.551720 
-45.359176 
-172.890328 
-385.439429 
-45.361854 
-337.068595 
-426.031514 
-20.516979 
-8.095399 
-177.181709 
-224.662890 
-274.231266 
-123.240068 
-8.772356 
-401.877246 
4.326163 
-305.800701 
16.749125 
-174.865074 
-170.436695 
-148.420537 
0.481955 
-465.178843 
15.287829 
-453.116346 
-183.212177 
-20.144630 
-95.085575 
-232.577377 
-54.729295 
-240.527786 
-9.560879 
16.747693 
-54.178648 
129.193095 
-364.718342 
-227.829365 
111.055897 
140.416836 
4.326245 
91.278647 
-149.271159 
-45.362096 
89.489739 
-166.277761 
-40.688116 
-181.097446 
-144.415216 
-29.110140 
41.592260 
-25.066855 
-157.588305 
-163.945262 
-276.029321 
-180.448709 
-92.002584 
-181.991814 
-122.378976 
-224.836588 
-195.547249 
-37.658875 
-163.461743 
-327.599623 
-10.356861 
-96.403165 
35.908838 
16.748754 
-142.581262 
4.280784 
-181.999350 
-12.023061 
-181.999403 
-295.411720 
-160.182874 
488.775487 
91.914255 
-277.780808 
292.204959 
-103.725447 
-460.310587 
268.496874 
5.652164 
327.292776 
-350.828855 
286.040501 
-42.957385 
292.642162 
-27.540031 
556.631216 
210.724486 
-137.130556 
-125.238960 
103.699752 
179.646481 
167.646608 
178.229310 
111.767564 
283.449496 
-433.293117 
-30.445028 
-56.311341 
329.154615 
250.635646 
149.749751 
345.417867 
54.798857 
77.522440 
-1.501160 
122.234822 
99.253718 
37.575378 
-335.630631 
128.545652 
203.992768 
147.465624 
50.935405 
159.629956 
-69.724644 
682.885015 
259.023614 
226.285769 
-337.685192 
265.186398 
21.338579 
287.046449 
-79.139022 
166.473816 
-164.920264 
324.996088 
-73.653500 
314.876398 
-65.445855 
-176.451888 
-124.455584 
260.359494 
134.100622 
14.110096 
-67.672196 
232.780162 
-155.788378 
338.025308 
-185.454189 
-323.234912 
286.142057 
-138.526586 
134.110969 
71.484990 
-51.138361 
-50.480750 
382.042706 
1007.391919 
80.274433 
-81.032820 
-20.772351 
211.277685 
160.041380 
-155.620772 
-196.859708 
-90.325962 
-113.137645 
-10.658175 
339.718407 
65.908331 
486.375165 
226.039485 
255.248807 
175.882928 
-29.012575 
-213.851263 
414.248886 
-73.733321 
137.655944 
139.452663 
71.164939 
248.651126 
-67.663560 
-3.772633 
-162.033544 
501.201117 
500.979693 
-505.648986 
-144.982496 
232.505742 
-129.587060 
165.808487 
386.220108 
19.270027 
284.517310 
-319.374276 
-197.493953 
327.289848 
141.209734 
-251.134231 
-30.943619 
411.183461 
5.539233 
-70.203207 
122.242936 
737.218738 
49.984981 
80.631130 
-121.915696 
312.055112 
-295.946546 
64.453457 
18.927479 
211.982364 
142.237559 
-241.233985 
-45.550503 
84.567273 
-652.135722 
-152.745915 
7.268889 
-11.985969 
160.376026 
-135.220367 
-255.987738 
332.205674 
-247.545152 
-255.427755 
-254.082249 
-245.717209 
148.455775 
119.278495 
313.739363 
159.297016 
-247.769386 
-61.808583 
32.759078 
588.154007 
-77.274184 
-252.129336 
-427.046503 
426.669976 
-50.474901 
-67.035865 
180.346184 
6.943937 
-44.813801 
11.246734 
-248.518251 
135.903128 
-56.552409 
-353.840390 
182.416688 
-143.816328 
-540.729004 
-45.363291 
234.130989 
120.189976 
311.131475 
-118.388265 
-145.222258 
234.478361 
-9.641942 
-498.117167 
123.651215 
-306.912624 
-141.851844 
-258.765750 
54.137867 
-44.198690 
34.576721 
436.306624 
-41.111167 
-233.543335 
-135.592871 
376.979188 
70.069459 
588.154315 
-455.148683 
-187.227661 
-279.942800 
-53.228748 
-55.164110 
352.138990 
-49.851745 
-1055.598927 
-460.204014 
418.695467 
10.654352 
369.773326 
-311.292141 
142.400675 
167.913519 
-48.445944 
-202.409689 
414.249797 
-171.255724 
-485.093276 
-297.122459 
205.425232 
-323.469644 
-161.457186 
-79.254385 
290.680523 
7.220644 
-259.295090 
38.882065 
-75.992143 
-20.163481 
-221.454556 
59.144201 
277.936575 
207.867044 
-5.888379 
-81.879630 
-106.865556 
292.029305 
-402.298008 
38.100199 
-230.022718 
-101.486514 
153.386995 
513.620393 
-390.586607 
-190.207386 
-86.209980 
123.360355 
88.170942 
327.458558 
-546.481778 
136.704330 
-247.819467 
74.075787 
-151.716107 
249.906675 
-148.235344 
158.542626 
40.731966 
389.401725 
29.167240 
364.558514 
203.074004 
-51.029070 
-120.458337 
287.947590 
-71.443978 
162.264380 
-334.879700 
-493.295849 
111.269089 
515.178928 
-122.065260 
-93.823063 
-112.993804 
82.264975 
-174.449105 
151.963955 
-316.417220 
-23.569018 
-199.881812 
-71.452280 
66.437290 
-253.922691 
-280.835902 
21.766505 
290.031397 
34.489861 
-185.748542 
-20.515556 
38.030495 
15.847688 
414.250060 
-62.750676 
-204.173812 
-205.445643 
-288.360468 
123.618847 
-74.229563 
9.638032 
-88.438247 
128.161447 
-105.042786 
-66.949601 
-203.919023 
-8.336306 
-408.029061 
-50.625727 
209.385534 
-122.458103 
-276.080269 
-379.317194 
7.630537 
-91.258824 
10.688539 
-64.463965 
-142.103098 
99.587364 
-67.515837 
243.644982 
6.315281 
-335.179438 
-548.672160 
101.962367 
-189.420037 
-187.683569 
91.248383 
-99.641768 
87.789497 
513.621732 
85.168904 
71.397374 
89.146907 
40.450263 
5.755527 
91.745954 
-248.040113 
-230.902010 
140.966252 
128.543963 
26.802368 
-154.082958 
-350.083400 
-354.251711 
290.027738 
-231.094193 
-57.208914 
-31.692221 
-61.190251 
-176.554715 
165.810772 
-110.174916 
34.866860 
0.244536 
-138.645028 
156.735145 
-119.463216 
-73.179987 
108.860436 
329.396602 
-55.383954 
-20.514392 
-172.677704 
-212.275074 
63.526529 
-194.649642 
-312.982529 
218.802882 
-92.635904 
153.380885 
4.329535 
36.520260 
-407.491336 
-29.381936 
-141.511822 
-98.095975 
-191.103659 
-127.510615 
63.794257 
4.328547 
-12.811907 
-18.422469 
103.705323 
190.653381 
-57.807673 
-30.663984 
-268.137320 
240.343757 
66.438505 
107.380610 
-75.995583 
-319.947649 
-62.596522 
85.054248 
-78.193986 
190.655523 
96.711360 
-95.047371 
-27.516763 
96.760391 
45.131416 
222.773592 
-224.232865 
-352.402214 
-4.044514 
116.122309 
-165.829081 
148.191118 
-111.990871 
-397.592703 
-221.305258 
86.388280 
-154.231192 
-99.675321 
-18.521885 
26.970387 
266.695801 
41.590964 
-420.091259 
178.025987 
-153.804208 
38.959444 
-198.793583 
-41.326230 
-410.310337 
-466.060898 
-122.900933 
136.830698 
127.523822 
23.631296 
54.013575 
-164.767032 
112.398894 
-71.964283 
-638.690920 
43.397126 
-354.267677 
-266.505920 
-85.503658 
66.162717 
-275.349575 
66.436480 
-301.904396 
-71.939724 
41.593532 
-395.549536 
-494.297292 
16.750643 
-8.093993 
-249.088931 
-265.478217 
-214.711424 
21.327417 
-69.049337 
-306.587565 
-8.095157 
-149.027428 
-95.047860 
-51.080024 
148.896256 
-92.571879 
-186.010394 
-207.820452 
-120.014886 
-127.582423 
-137.550257 
86.391166 
-144.181341 
9.622382 
-243.947302 
-44.673136 
50.485981 
-95.048749 
-235.466280 
135.640526 
-331.590322 
-138.128089 
233.160723 
36.327744 
-95.049668 
-57.784877 
-138.034397 
-70.206142 
15.395550 
-273.168596 
-152.309091 
-78.915049 
-252.646927 
120.082989 
-45.360464 
-16.024674 
24.566577 
-140.471288 
-371.735713 
-185.884739 
-234.130608 
-105.068006 
-223.742360 
-77.219378 
65.403297 
71.933633 
-220.784525 
-174.433926 
72.143746 
-182.307146 
-105.209730 
-57.782103 
-65.517122 
-146.375519 
-181.999527 
-55.277386 
-181.999654 
-364.302241 
-396.787495 
364.561566 
-60.586271 
-212.393660 
269.554894 
47.454419 
-419.814926 
-208.500128 
189.720579 
439.093001 
-177.500569 
76.365150 
-46.851786 
42.783445 
200.475316 
243.626780 
25.154063 
-190.664150 
240.017880 
66.436570 
-28.709286 
165.854017 
314.873509 
121.225280 
183.793497 
-346.090142 
-190.689343 
119.741039 
378.528694 
120.306219 
-297.548224 
84.056495 
170.105103 
16.489486 
323.813357 
-378.428179 
124.516417 
-87.272449 
-165.986239 
662.687227 
405.538890 
-169.371192 
-148.240453 
28.301645 
238.164503 
746.389764 
62.713708 
-298.052541 
74.626081 
128.547085 
202.728753 
-39.288416 
-213.873281 
-0.761045 
-160.262140 
-174.673201 
227.251401 
302.453340 
256.391130 
-186.288110 
195.523615 
-247.254692 
54.194082 
-214.830218 
112.081008 
322.185625 
-28.042543 
147.718867 
-36.670241 
138.078459 
402.195999 
-31.640992 
125.161408 
64.364683 
-83.563007 
-185.141737 
366.426705 
279.728436 
-45.350270 
-102.176473 
94.384430 
141.112074 
251.808853 
2.166121 
-130.593973 
-169.079846 
291.169254 
-2.548601 
203.078730 
428.356112 
12.497153 
-159.666048 
374.501949 
97.041937 
74.574095 
7.249252 
414.249653 
-130.454386 
193.569216 
62.506863 
95.704508 
-394.292836 
-157.101094 
-18.223125 
-78.380434 
861.438405 
132.179507 
-549.986891 
-32.139382 
-48.534485 
-106.724234 
54.016581 
-132.478970 
-143.525142 
45.584996 
-244.228331 
30.604730 
389.404796 
73.427872 
-514.438588 
-291.385059 
-27.501794 
33.060399 
302.457717 
118.277780 
-20.513858 
-26.715567 
39.333662 
-219.940726 
226.275795 
-380.454229 
-65.396848 
-126.366308 
-149.595579 
213.383898 
-165.358154 
-163.233373 
-243.227997 
-279.902174 
-71.437859 
-192.438846 
-17.855103 
-478.572223 
24.552926 
-426.237851 
249.614663 
-340.689546 
-426.871535 
-4.892953 
-354.790140 
370.108511 
213.972818 
-72.013041 
-51.236425 
-238.758900 
150.409276 
-30.181633 
4.328470 
49.163193 
-89.804982 
-135.128624 
389.408082 
-216.431218 
-533.463754 
42.712859 
338.725182 
33.133703 
315.537052 
-373.292792 
-120.271906 
119.619158 
-108.235392 
89.851969 
-225.975592 
-327.723688 
54.016679 
190.655604 
357.392357 
-90.078763 
79.173642 
-298.706047 
-152.013272 
-58.228235 
100.083494 
112.392917 
104.782199 
165.358305 
-10.420457 
301.832227 
-20.561767 
-42.836074 
-102.361769 
-6.431070 
429.812049 
-27.383252 
538.467939 
166.334989 
314.873718 
-446.323505 
-193.271660 
-211.175935 
-189.407589 
-3.232541 
327.296196 
37.037571 
-350.406141 
-193.547057 
-6.570093 
-40.129657 
193.821040 
-202.755813 
133.812472 
127.982205 
-366.353172 
135.362960 
290.030741 
191.877721 
187.341054 
-456.123676 
-172.280083 
162.667711 
-17.693076 
192.141327 
-80.853521 
66.407000 
-301.493601 
-86.196411 
-65.508144 
-49.501914 
26.492665 
19.670185 
184.056375 
-32.129195 
-82.191098 
-232.785982 
-93.924186 
-277.767404 
80.812464 
62.116106 
-215.701982 
-36.176660 
588.154206 
252.765008 
-346.051034 
-332.581978 
-105.912796 
117.508388 
496.773954 
101.096121 
-492.941009 
-88.740147 
140.398477 
-72.600058 
-22.914131 
206.274775 
-27.962511 
-61.992847 
-239.046461 
-45.360280 
-20.516813 
128.545762 
339.718485 
-158.980764 
-329.507561 
292.289047 
-159.323211 
119.972569 
-44.855607 
-178.818845 
56.904144 
198.062543 
-273.795815 
-37.963607 
128.993392 
10.851034 
-191.379554 
-74.647893 
-323.023864 
-103.744335 
-45.979611 
27.009339 
-45.361597 
-127.023445 
-321.151661 
-108.053362 
-20.516899 
-96.901870 
-1156.643562 
78.858061 
480.127800 
123.727095 
165.810707 
29.999609 
-250.772214 
-50.028726 
-650.929378 
-37.498699 
-76.406979 
147.280531 
143.507916 
-89.670338 
-300.984998 
361.025359 
-310.655546 
157.865221 
-73.927845 
-123.757102 
106.966893 
3.951216 
-146.843826 
169.074631 
167.991478 
-94.460232 
-263.102911 
-56.342047 
-124.800542 
109.115168 
490.372683 
-124.720924 
-151.490106 
90.159662 
-381.885028 
122.224224 
-116.891072 
-86.847048 
58.814287 
29.041921 
465.901460 
265.186446 
-151.161421 
-90.515664 
-56.354211 
13.454443 
82.122891 
281.801795 
67.982190 
-11.471555 
153.390674 
140.967834 
-31.741680 
9.924607 
41.625705 
122.751603 
91.281014 
140.962455 
-199.278735 
8.464011 
15.915437 
-93.331412 
-95.047066 
-3.317075 
-368.331158 
39.832112 
181.643129 
65.242007 
88.339238 
-74.776060 
-362.738174 
173.407259 
-165.962387 
290.029615 
391.736310 
-588.818285 
218.134053 
96.283362 
-129.075371 
98.262383 
-296.036771 
180.819577 
165.810080 
-201.886690 
-171.635238 
-119.419210 
-103.108576 
-19.811674 
-612.423571 
-180.156066 
-121.040566 
54.011832 
-67.731676 
146.094366 
190.658429 
41.589148 
-142.566809 
195.936158 
-251.453098 
165.810627 
29.169038 
-10.504187 
-301.250742 
-17.109254 
85.663967 
-125.527796 
111.062208 
-70.204298 
-141.629724 
78.858495 
321.955805 
-191.527172 
160.083954 
-98.780420 
-30.087755 
-401.719650 
307.004261 
-355.906971 
196.328496 
-247.167751 
150.212405 
-77.598061 
78.714225 
5.105398 
-42.733170 
-7.799647 
940.728872 
-175.603531 
341.216783 
-45.359599 
-99.153681 
-199.120862 
110.947353 
205.300667 
-199.215703 
-65.731089 
-27.109451 
-217.525783 
66.751216 
-378.660954 
-40.478203 
-34.912434 
-20.512557 
-251.734633 
-66.203810 
50.656748 
80.756885 
58.564445 
-172.376616 
-370.977517 
-198.500622 
-20.178118 
-60.854418 
-32.934924 
-29.668408 
-363.190635 
-45.358586 
-190.467059 
260.715319 
-45.358973 
16.750196 
-105.629402 
-496.930707 
-185.110420 
77.745708 
-159.320017 
-388.407431 
-32.936915 
-116.935956 
-32.938804 
-241.296249 
80.121973 
-74.720959 
-12.542403 
-524.912395 
-282.118582 
-191.960915 
159.309021 
-61.229828 
-171.834044 
24.426803 
-313.614366 
-181.567782 
-120.794290 
-20.517580 
-132.956723 
97.915081 
-275.230519 
-340.945334 
-160.933204 
-127.928641 
140.967256 
-20.517014 
-649.289824 
116.124473 
-413.595527 
-107.921292 
-408.760520 
-174.955776 
-247.188120 
49.223356 
91.279412 
-17.796314 
-239.399040 
-56.060708 
-165.103405 
-140.078855 
-121.136336 
-160.443647 
-153.189852 
-227.101000 
-40.383314 
-233.127788 
-142.560000 
-298.845050 
370.797268 
-371.995114 
112.242338 
-181.999289 
-221.435740 
-125.990381 
-182.000276 
111.173027 
-182.001691 
-403.664230 
-156.588482 
563.318089 
5.173224 
-69.322929 
451.448627 
-134.146679 
-300.868581 
-142.246777 
-62.593858 
588.160910 
-490.579112 
239.389807 
-29.180453 
-0.787580 
32.837208 
842.288522 
181.885483 
-219.516469 
202.330366 
103.705263 
-39.762615 
325.916785 
227.923234 
92.981881 
194.666253 
-165.845388 
-139.247444 
358.717850 
369.057486 
73.577747 
-211.150111 
-103.226394 
-71.999522 
82.488464 
214.207203 
-328.236837 
116.298253 
15.951553 
-181.375588 
762.061421 
474.209044 
-10.184002 
-21.531464 
85.038599 
240.795246 
658.399182 
98.339957 
-312.749707 
-253.277037 
153.388939 
-140.247208 
38.650606 
-85.666583 
-28.003643 
-222.374424 
-246.863357 
98.891225 
277.608312 
199.481635 
-330.509049 
19.277236 
-347.622306 
40.871166 
-337.241897 
51.525368 
95.108660 
-328.500802 
-53.023148 
-274.712511 
321.616701 
220.963158 
114.153887 
0.075015 
-213.256192 
-138.021630 
120.279585 
427.629020 
-141.676726 
38.214256 
0.581329 
-76.656156 
140.945245 
165.861862 
-80.374875 
-401.102554 
-170.493580 
47.067966 
30.465702 
476.365151 
-59.707004 
-54.839359 
-126.821906 
374.502179 
249.886264 
-52.523885 
191.962087 
277.614155 
-95.116161 
-109.887789 
-36.838662 
-335.544426 
-38.056935 
6.631792 
174.653545 
126.868659 
588.161994 
168.071462 
-315.972575 
204.815416 
18.210469 
-20.996447 
612.997517 
86.545172 
134.322464 
170.818993 
-127.557173 
20.059108 
128.551063 
223.002486 
-251.343724 
-27.568332 
70.390304 
76.903794 
712.382558 
-345.902345 
203.080062 
-117.440330 
293.244078 
41.459800 
329.297333 
36.614211 
-12.784291 
38.729607 
168.275881 
307.894806 
-95.634404 
-427.796591 
-26.048009 
-252.939907 
49.626059 
-14.134921 
110.917248 
-556.208186 
8.243524 
-220.559297 
-47.886316 
-192.632617 
-271.424091 
80.110371 
-217.387784 
482.418173 
-223.049892 
-29.403723 
-52.410542 
-153.861109 
208.951455 
-50.910683 
252.767251 
66.319011 
-62.712796 
-104.927509 
153.391237 
-61.830447 
-258.748905 
116.273969 
143.366030 
14.876794 
140.121241 
138.181519 
-277.134017 
-85.114604 
-97.213929 
-202.056057 
159.973720 
-555.637288 
339.719226 
321.091185 
7.725777 
-277.386150 
-250.921565 
-170.618693 
-276.589944 
16.045227 
-232.584859 
-138.020491 
-100.845890 
35.966293 
-45.914179 
-38.099535 
-75.833219 
-35.049513 
-25.013119 
175.576425 
280.680287 
15.449011 
265.188464 
327.266717 
265.190712 
-572.618313 
-357.056954 
-337.454810 
4.124358 
113.352792 
513.626830 
134.726448 
-715.020581 
-101.418717 
-23.908421 
159.507256 
-25.203739 
-214.180980 
-192.318392 
175.139724 
-47.783971 
-134.265300 
153.392135 
333.610576 
217.987736 
-376.841361 
-180.928997 
37.455292 
149.228143 
195.903116 
-95.001824 
-317.793282 
-451.475916 
144.026943 
153.608990 
101.423212 
97.472916 
-54.165806 
-56.585834 
-117.071447 
-16.492682 
-216.551898 
-11.496241 
-197.972523 
-280.457431 
24.808803 
-289.945362 
-107.596031 
314.877195 
277.611855 
-179.749994 
-432.087313 
117.741803 
-370.197839 
-213.305125 
-129.802091 
-352.009623 
113.756106 
0.188042 
77.717692 
-135.780715 
282.308335 
576.007909 
184.499217 
-244.147843 
-20.514760 
153.393075 
364.563603 
140.969007 
46.794931 
-172.189822 
282.458336 
117.034033 
36.118147 
-179.224441 
4.630377 
22.894542 
172.982974 
-188.568700 
-187.040775 
44.268712 
-256.995536 
-331.009009 
-145.894932 
-185.404771 
116.670256 
-173.672554 
-467.369952 
-20.514295 
15.954567 
-78.951843 
-141.522970 
128.545261 
-69.458963 
-441.385174 
588.154948 
129.879702 
99.926780 
265.186344 
-142.250501 
-230.305894 
-182.455196 
114.564857 
-297.133419 
-105.020801 
-24.125983 
-95.710935 
-75.158647 
-390.424818 
-209.764267 
-127.041234 
-344.425660 
-163.471807 
-81.388249 
165.748747 
278.920455 
294.220655 
-185.324978 
-103.810165 
83.464821 
8.612350 
-106.354117 
-241.234220 
97.016057 
238.429375 
69.536682 
34.009289 
-224.388097 
-146.601172 
70.735657 
-150.774983 
-108.715929 
108.211181 
267.170751 
173.470433 
-8.091855 
-113.066467 
-21.032050 
69.506331 
106.142701 
38.271866 
157.986191 
-172.690294 
-117.569927 
215.503710 
4.330746 
-168.002890 
-1.087125 
-69.499777 
-301.246293 
-20.512881 
131.626826 
-35.890645 
205.650680 
-25.812750 
-0.336225 
364.564976 
-72.289835 
-183.831238 
-140.730350 
323.765571 
-18.430996 
18.713677 
94.826908 
-11.951060 
201.754379 
137.012934 
-169.574289 
-616.761763 
-483.228078 
74.200795 
-1.184039 
-245.249399 
5.043340 
-413.587119 
-161.242516 
-169.576466 
-303.658539 
-163.265397 
153.219032 
-136.869097 
-38.808316 
-551.603704 
-153.592182 
-93.707106 
-20.510721 
118.569464 
-125.019139 
-70.199692 
-45.357617 
115.134796 
-62.944519 
-112.377347 
54.015217 
54.015927 
-91.453424 
-102.501344 
-31.732771 
-87.008486 
-58.488292 
-111.135215 
128.548379 
-176.567024 
165.810706 
159.092874 
-139.463233 
-2.911385 
-39.351445 
-127.997658 
-242.912111 
22.144546 
426.669713 
22.667510 
69.545437 
-193.790215 
-168.898883 
-41.613479 
32.295373 
-248.681873 
36.313965 
938.973233 
-269.644867 
234.584054 
41.594927 
-270.618897 
110.682080 
-176.052926 
45.608172 
-320.855727 
27.145338 
-179.308004 
-192.064684 
-17.825887 
-187.927679 
-75.049079 
-17.820460 
-8.090906 
-178.803139 
-40.667502 
160.204041 
190.124328 
-32.178556 
-139.413196 
-133.207662 
-159.703864 
192.748036 
-121.541379 
4.330435 
42.853567 
-221.954446 
-8.089378 
-35.391717 
18.534588 
-8.091689 
4.331437 
-314.421195 
-331.953062 
66.604540 
101.434225 
-97.391112 
-291.809943 
4.329869 
-11.819487 
29.175255 
-162.003544 
31.311533 
-152.803510 
-183.225164 
-47.661768 
-27.903371 
-192.008871 
29.355853 
-77.239151 
-229.341801 
-192.996572 
-152.772365 
-210.129750 
-34.303479 
314.875719 
-131.243469 
-300.939719 
-177.301201 
-182.661664 
-77.525352 
-12.865199 
66.437903 
-32.936205 
-417.747127 
-32.936342 
114.139067 
-236.253914 
-231.150853 
-303.891486 
-139.541445 
111.491335 
-182.000955 
-15.777077 
-1.709044 
-214.021781 
-279.910271 
-32.937343 
-143.195166 
89.158839 
-108.356143 
-200.288728 
-134.630337 
121.237833 
69.379178 
-179.198756 
-117.124598 
-218.801283 
17.805540 
-181.998719 
5.538220 
220.376940 
-181.998226 
-51.936756 
-181.999452 
-349.254172 
-30.599732 
488.782174 
-403.833400 
-241.538972 
375.710490 
-2.443579 
-379.491813 
-89.252002 
-45.091212 
78.859109 
-286.136649 
-148.057980 
27.690353 
-176.137688 
101.562618 
389.100623 
198.999499 
-38.296670 
171.127919 
190.654981 
157.920852 
229.401726 
439.092622 
442.957369 
109.638468 
-649.902263 
-98.473697 
462.957698 
419.161710 
104.403955 
150.346719 
5.480532 
101.039816 
321.865810 
68.339444 
-189.334759 
39.493426 
1.476490 
89.519697 
277.609475 
183.447458 
306.159274 
38.993948 
13.037748 
247.226980 
647.799701 
221.178608 
21.960396 
-103.843313 
426.674555 
-26.802716 
395.775752 
-205.239329 
252.731830 
-164.916285 
689.194915 
-181.994190 
389.409688 
213.379981 
-77.011667 
235.013500 
-58.389842 
-103.787919 
145.459947 
-66.593645 
109.412006 
-329.824036 
-225.802052 
-129.957100 
254.527115 
247.759559 
40.132737 
-71.916951 
-142.202643 
-1.886080 
202.279364 
620.779724 
700.007051 
-211.265699 
74.371283 
107.338826 
142.611273 
148.179462 
33.912498 
-336.776261 
-165.557468 
-95.800650 
86.931818 
376.988354 
20.093857 
58.715283 
62.770655 
348.002030 
215.328062 
-60.605663 
-55.824171 
252.768280 
-214.930714 
-364.275689 
388.189989 
-53.810975 
-13.489614 
300.718386 
-40.585888 
0.699718 
463.943411 
226.491390 
-285.511425 
130.206220 
-144.933296 
-112.491705 
538.471258 
68.285430 
-225.530158 
89.209668 
-83.613525 
231.722766 
103.696244 
313.813600 
-289.609144 
-320.395532 
65.102222 
57.475974 
538.468629 
-264.374396 
153.391684 
109.144541 
360.736586 
124.401781 
279.697839 
4.513371 
180.589927 
-16.918046 
71.294750 
-168.381423 
-90.695046 
-316.739547 
-38.248891 
-84.426657 
-334.734462 
109.613378 
192.904466 
-140.852756 
-55.957742 
-216.597281 
184.710191 
-332.957384 
-426.186955 
-79.246619 
30.559352 
232.192276 
-170.841677 
195.548662 
5.458720 
219.795933 
94.702175 
378.954545 
327.294088 
-89.916395 
74.784637 
-261.903435 
29.171868 
-251.243903 
-362.551005 
249.010051 
-307.354307 
88.232413 
212.964302 
119.244204 
-235.436687 
-181.847469 
-144.214529 
-105.100702 
332.245944 
-384.168181 
227.923649 
234.134517 
12.249022 
89.488710 
-86.181853 
352.098076 
30.827361 
57.715323 
-266.004622 
-133.060085 
-179.623692 
-195.632308 
-19.736509 
-219.050200 
75.223732 
-2.354219 
298.672566 
334.740406 
-42.549167 
417.351797 
240.345177 
123.832413 
140.972390 
-481.284513 
-409.552341 
-112.217551 
-264.693652 
393.416741 
414.253469 
69.232733 
-735.594373 
174.345895 
-146.113898 
193.778997 
208.118833 
-311.339455 
-318.237148 
-23.308358 
-147.192449 
-27.955048 
203.080857 
240.077060 
-295.451933 
-20.727477 
43.402021 
-207.453912 
227.471615 
-44.945968 
-61.050406 
-405.952279 
-143.480448 
-0.767082 
-147.801782 
107.351844 
-133.819936 
-104.741567 
-231.199092 
-8.731452 
147.896856 
-222.358927 
47.304034 
-285.990821 
-313.296664 
94.207188 
246.650765 
-148.670933 
352.140097 
588.156022 
-324.703686 
-233.326491 
15.063388 
-346.497384 
75.707839 
-28.235146 
-750.901390 
-26.385350 
-157.784953 
-60.263961 
-152.071320 
130.127428 
294.547022 
185.602908 
-171.454218 
190.652781 
178.232802 
140.966795 
153.387347 
306.782555 
-17.021822 
462.643584 
154.841935 
83.075766 
-533.757055 
-280.635344 
199.971978 
271.794330 
-288.084462 
-168.441812 
-355.447139 
-200.020549 
-181.574352 
108.179995 
-93.088743 
-41.364244 
-320.708090 
-504.651644 
339.718980 
54.474925 
184.672870 
-380.737591 
563.312169 
-192.523448 
-25.935705 
414.249098 
144.728848 
-190.374347 
153.391373 
82.998010 
-372.124434 
-309.460298 
106.798504 
-470.287392 
-39.914244 
-125.198834 
-364.010641 
-80.781505 
-217.156297 
-152.712727 
-44.362266 
-190.396437 
-434.094357 
-33.889516 
157.048448 
79.886945 
-31.316794 
-118.517744 
-72.527943 
123.744429 
1.014097 
-84.909612 
-222.355615 
-45.737311 
-103.986250 
120.509641 
-241.860284 
-199.815325 
-326.753043 
120.677108 
-226.181026 
-236.977251 
253.837545 
-138.675327 
-79.217128 
4.327817 
-158.870064 
-30.425986 
-59.850862 
142.711326 
-130.939809 
81.548860 
-79.067225 
-101.535304 
-57.783562 
-119.891414 
69.980949 
32.303263 
-53.669611 
-380.757933 
190.654143 
-80.072523 
-68.969276 
-56.461783 
-351.265013 
-424.054117 
4.325092 
63.190844 
-175.186158 
-328.203149 
135.461575 
-42.887347 
57.012807 
22.800525 
-80.252103 
174.577293 
70.655609 
140.969140 
-559.321989 
206.960877 
20.077619 
-100.808207 
-277.564705 
61.389643 
-382.698861 
146.174429 
29.170561 
-116.852335 
-554.907088 
-10.632975 
-304.844570 
-322.672206 
-544.722930 
-98.089735 
-162.830943 
116.125918 
-112.921408 
-149.585463 
4.322741 
314.878220 
89.147982 
-18.855243 
-41.805579 
-8.089105 
4.324314 
152.274397 
-195.255110 
-60.168808 
-243.289438 
55.426731 
-13.333507 
91.280392 
-270.505561 
-45.360292 
-158.512202 
-48.929540 
43.792688 
-275.088877 
-77.722904 
-416.563873 
40.010912 
227.930677 
-7.297951 
-203.384450 
-211.188443 
31.191757 
-95.008201 
66.211106 
-35.492994 
-138.082852 
499.888306 
-263.550056 
149.434249 
-32.939919 
-151.446108 
257.155769 
-143.067166 
0.486248 
-271.698478 
-86.278570 
-92.231842 
-272.497400 
-101.964736 
-293.865939 
-45.414920 
-42.334786 
-57.782309 
-292.237209 
-18.156355 
67.970924 
-561.696601 
-221.295212 
-283.470508 
-226.547844 
-56.437509 
-24.130628 
-254.357177 
-45.357562 
-215.769923 
-230.433158 
-57.781251 
-56.462607 
-252.713617 
-57.780703 
-45.360264 
-94.320718 
-351.192991 
-20.502367 
105.835311 
101.283814 
-244.370653 
-45.358801 
-13.635757 
116.127036 
-120.393711 
-79.606742 
-106.090557 
-346.578638 
-412.860473 
41.759135 
-158.886440 
-173.463678 
-100.251225 
5.088876 
-222.640220 
-26.353656 
-201.471387 
-5.574806 
-45.358056 
-144.645299 
-114.676065 
-166.004110 
-314.321105 
-49.958440 
2.705611 
-8.091939 
-8.092757 
-278.870046 
-32.936226 
230.407832 
8.746764 
47.964158 
-64.498640 
-212.667205 
134.774373 
-181.999749 
-58.873396 
-56.207634 
-135.349738 
-535.877664 
-182.003763 
-192.287649 
142.695201 
-185.834263 
-369.235313 
-173.254607 
-25.832869 
-76.895309 
-145.398382 
-165.525557 
-35.326565 
29.323769 
-182.002162 
179.555576 
-81.777054 
-182.001751 
57.185388 
-182.001561 
-443.366875 
-70.144417 
538.468965 
-71.057339 
179.599833 
2.904183 
-256.990781 
-338.829331 
374.501062 
390.587307 
252.766882 
-165.854754 
-130.184376 
-198.003293 
540.462080 
100.717132 
117.461207 
130.332972 
-316.534321 
89.802268 
78.859599 
284.916949 
395.893978 
401.828481 
419.769122 
267.106174 
-687.315976 
314.003248 
288.538191 
190.618233 
37.773157 
8.313643 
-217.468890 
-20.612750 
213.171630 
-128.514784 
-119.758010 
242.181543 
141.209166 
332.864634 
513.624640 
127.382745 
31.893519 
86.517993 
124.708237 
231.678201 
506.854492 
-174.014295 
-149.078558 
26.462859 
463.936374 
-141.262194 
371.250013 
187.640829 
172.592232 
-385.408288 
281.278480 
-172.042636 
203.077980 
189.256261 
47.660607 
76.582995 
-28.151107 
149.684097 
123.472059 
-48.178678 
330.925207 
-361.256929 
-6.842192 
12.384923 
-99.531362 
68.069479 
-21.067106 
-101.270692 
-39.186243 
64.138061 
-120.890566 
238.648043 
816.097948 
-140.960367 
2.089350 
200.064268 
204.939931 
-46.811834 
-251.201522 
208.377355 
-81.941462 
-87.853794 
-169.859815 
637.843643 
-64.752765 
-101.817389 
-136.486719 
-89.249273 
267.460965 
-73.141545 
48.297064 
339.718316 
-76.580052 
-147.224898 
72.574065 
22.797287 
30.746888 
2.974517 
133.681220 
138.530844 
190.655795 
2.338679 
-205.581896 
-14.683820 
40.270636 
-4.786514 
153.388838 
-6.298345 
95.984864 
-21.157074 
315.028509 
-110.196312 
327.295945 
162.632888 
-75.197945 
-175.772585 
42.729061 
-8.087446 
-45.358974 
-114.087448 
364.562340 
204.188238 
65.283869 
76.197400 
211.992095 
-160.628403 
160.027418 
-65.441981 
-235.574950 
-311.643872 
-256.044211 
-88.228278 
-79.433825 
-566.237774 
78.696674 
121.348439 
362.567392 
-30.609476 
-160.926317 
-247.088344 
35.640664 
-644.261738 
-404.270467 
-151.156482 
-31.832299 
-293.626272 
-152.198664 
151.618683 
-185.720790 
-234.657121 
39.532058 
146.773549 
463.935739 
-178.858883 
213.773336 
-387.456346 
314.873185 
61.203845 
-326.396810 
237.887100 
-32.380520 
12.094532 
-6.310744 
-190.316036 
-339.318808 
89.306816 
8.238955 
-203.867024 
42.791800 
-143.496445 
277.608083 
376.983050 
201.563830 
386.784605 
86.123891 
14.378548 
288.272677 
13.937721 
-461.209004 
-93.857787 
-225.211391 
20.220152 
-399.364316 
-46.792364 
-416.704013 
-180.440765 
129.884664 
546.703103 
196.102012 
-20.073947 
265.187419 
68.055473 
165.811817 
37.786825 
-85.032622 
-71.061504 
-296.849107 
52.080084 
240.343597 
44.043638 
-425.539913 
201.805050 
63.728708 
160.311496 
-14.271452 
-466.969540 
-106.260973 
-13.300505 
-258.670790 
-74.725153 
277.609961 
123.824606 
-557.968624 
-147.385113 
251.758518 
-139.947212 
88.867954 
25.424613 
88.348411 
-361.150401 
-359.179628 
-4.435119 
51.269876 
68.992974 
-256.451177 
-482.591192 
-306.962725 
-42.913609 
72.332979 
-35.840560 
37.721853 
-78.333266 
-396.683498 
52.203368 
134.403304 
-144.449257 
352.141207 
513.625228 
-438.627768 
-89.280275 
-10.912720 
-326.355127 
114.305471 
39.016127 
-504.476758 
35.187015 
-336.043496 
-282.225514 
-306.530000 
179.324429 
10.358458 
221.885527 
-356.532713 
290.030754 
178.234513 
128.546646 
178.234200 
271.951029 
-35.793049 
90.276618 
-11.674643 
4.876828 
-252.658767 
-17.159107 
-37.134517 
336.478184 
-458.388514 
-203.844816 
-152.080034 
-49.993663 
-447.450891 
-159.632342 
91.633818 
36.579845 
-80.069541 
-335.534869 
265.187458 
-70.790463 
129.152810 
25.485779 
513.624417 
-99.930586 
-248.361097 
339.718864 
-4.417302 
-17.025005 
103.702788 
202.249975 
-148.557489 
-290.260919 
189.102731 
-162.757823 
253.876226 
145.112573 
34.771311 
-24.959719 
-151.164444 
-37.690568 
-176.201290 
-252.129989 
107.864617 
47.841015 
67.518306 
52.973511 
-496.041921 
-185.236449 
-41.794010 
57.560837 
-145.245561 
-181.254866 
-192.222098 
-218.814688 
-84.461171 
-123.880583 
-159.263172 
43.169109 
-410.583523 
28.286208 
-255.269935 
113.198734 
335.234207 
20.371715 
-87.719291 
-20.516454 
-104.881376 
15.617670 
48.841416 
158.687259 
-98.283318 
40.032960 
-185.699189 
-152.794041 
-32.937957 
-45.359635 
16.996723 
-107.416731 
-62.865232 
-327.750407 
215.499647 
-6.737990 
-21.351403 
37.015336 
-107.332999 
10.923131 
-45.359409 
-15.674378 
-127.736048 
-205.650948 
65.216134 
-54.064137 
-157.714316 
14.458850 
-160.381217 
27.934942 
-57.138822 
165.812004 
-98.928822 
-324.852182 
271.500365 
-22.751598 
-321.500563 
8.641023 
-288.288241 
83.762256 
4.327296 
-49.462469 
-204.847546 
-60.071679 
-157.377730 
39.425141 
-35.959112 
-40.188512 
-179.853765 
140.968558 
-20.126119 
-35.308904 
4.327624 
290.031028 
-83.175604 
-37.311551 
-241.689742 
4.326995 
29.171517 
281.052122 
-129.001234 
20.201926 
-146.495541 
58.385542 
148.824229 
116.124303 
-4.212469 
-8.094062 
-106.511253 
92.781460 
-185.693920 
126.324396 
69.483516 
-179.922209 
-174.592908 
277.608152 
171.109777 
-91.702300 
-224.729494 
201.430747 
-267.167763 
10.167312 
61.091415 
48.319823 
85.989774 
-265.607084 
97.958486 
-95.047053 
51.633164 
341.342673 
-248.371705 
98.780077 
-339.894346 
266.396596 
43.221935 
-139.043018 
-163.695596 
-199.258372 
65.737819 
33.755798 
16.749530 
-380.208359 
-17.555671 
193.422321 
-807.170642 
-41.884833 
-119.061719 
-196.241163 
-158.499563 
155.232826 
-25.381787 
16.749674 
103.536343 
-13.665648 
-45.360045 
-288.917734 
-394.450305 
-20.515719 
-20.515763 
-193.315011 
-308.243147 
-119.846683 
-117.686587 
57.483508 
-121.492982 
-20.515688 
-133.194940 
116.125022 
-87.364024 
-108.904295 
18.859570 
-290.488775 
-148.832147 
-106.495557 
-101.161283 
-143.739928 
91.155509 
-52.087486 
-237.039493 
-63.167424 
5.595597 
-54.989619 
-8.094020 
57.601803 
-217.260995 
-253.228986 
-2.493744 
-121.407178 
52.256548 
-45.359912 
-20.515756 
-277.989049 
-32.937812 
-201.937007 
-88.521952 
277.439998 
-89.419779 
-219.271158 
-234.209790 
-182.000262 
-13.573647 
152.941715 
-123.965557 
-374.607202 
-182.000275 
-89.678044 
-379.522705 
-277.614684 
-49.315463 
77.828588 
-62.415257 
-214.665063 
-305.241518 
-113.472171 
-41.924715 
18.559145 
-182.000571 
78.404022 
-239.793820 
-182.000869 
-187.139428 
-182.000507 
-347.725919 
-192.586042 
-169.578125 
-183.791305 
-184.430374 
-181.810472 
-191.848633 
-181.995782 
-182.000000 
-186.521727 
-182.000000 
-193.102889 
-182.485451 
-175.478979 
-179.738211 
-175.950213 
-182.442338 
-178.786342 
-190.335163 
-182.372504 
-182.000000 
-185.497901 
-183.331260 
-182.000000 
-168.070388 
-169.307483 
-190.133798 
-187.592390 
-174.071191 
-181.276651 
-176.270777 
-182.170574 
-186.233117 
-188.120533 
-176.668325 
-186.169582 
-185.170400 
-185.680231 
-171.453325 
-186.694833 
-182.000000 
-184.393612 
-180.786793 
-182.387598 
-188.573836 
-179.027750 
-171.878442 
-184.388794 
-179.755988 
-182.320428 
-169.578125 
-177.659797 
-180.361385 
-183.463571 
-181.504567 
-193.645508 
-179.526837 
-176.975163 
-182.000000 
-189.881467 
-177.362645 
-180.207868 
-180.751944 
-180.392189 
-175.516491 
-181.153604 
-178.062510 
-177.662860 
-183.748951 
-183.760912 
-170.466551 
-173.642023 
-165.923643 
-180.584624 
-182.346489 
-181.683624 
-182.430761 
-170.158395 
-157.104492 
-174.793823 
-176.262000 
-182.605517 
-176.980690 
-181.709910 
-168.352117 
-186.574354 
-185.007865 
-183.661175 
-179.173128 
-182.000000 
-181.662741 
-181.098721 
-179.760505 
-168.750000 
-178.558270 
-178.494107 
-168.174210 
-182.000000 
-181.650777 
-181.686656 
-179.000165 
-183.112273 
-189.835603 
-181.377805 
-174.949271 
-184.171346 
-182.000000 
-174.979689 
-170.086022 
-169.887246 
-168.378644 
-182.097503 
-182.000000 
-180.903615 
-179.594766 
-182.844949 
-180.006794 
-180.360359 
-182.000000 
-180.052957 
-177.309878 
-193.567757 
-178.267769 
-179.177011 
-182.000000 
-176.633414 
-169.578125 
-181.544890 
-183.326915 
-177.760881 
-169.325305 
-182.924407 
-185.233321 
-178.816577 
-176.508263 
-182.007559 
-185.498967 
-178.355645 
-185.917194 
-181.636627 
-173.072920 
-182.890789 
-181.597393 
-182.000000 
-180.335232 
-177.897593 
-173.439278 
-187.218279 
-183.228203 
-185.271728 
-183.466105 
-182.126248 
-181.585308 
-182.540402 
-183.240734 
-178.720717 
-176.304119 
-178.813118 
-169.578125 
-180.679629 
-177.248701 
-182.949090 
-182.000000 
-179.904631 
-183.198118 
-180.995115 
-182.177683 
-181.908591 
-181.933017 
-187.700498 
-179.979607 
-181.414372 
-167.525210 
-173.465674 
-182.627776 
-189.228999 
-169.578125 
-169.578125 
-171.791120 
-180.903615 
-182.865692 
-178.704067 
-177.832171 
-179.747249 
-180.167674 
-177.205693 
-172.207034 
-182.155337 
-172.105828 
-188.448599 
-177.946891 
-186.176930 
-178.688592 
-175.249801 
-183.953035 
-184.318590 
-182.000000 
-186.454343 
-182.000000 
-185.029539 
-175.502322 
-183.596183 
-178.942747 
-175.949452 
-182.000000 
-185.370821 
-186.884862 
-184.651962 
-182.232088 
-187.245289 
-177.259607 
-167.630707 
-172.855602 
-183.537164 
-182.675455 
-181.165844 
-169.578125 
-185.179549 
-182.000000 
-184.376992 
-179.019173 
-180.751944 
-178.478938 
-181.999961 
-182.126115 
-193.306976 
-177.592388 
-181.637875 
-178.376409 
-181.298803 
-184.966774 
-187.393095 
-178.839855 
-185.156322 
-184.120427 
-183.859792 
-185.034135 
-183.335754 
-177.891938 
-184.649710 
-184.687075 
-179.535925 
-182.000000 
-182.000000 
-182.718074 
-179.490309 
-180.008145 
-174.770427 
-180.540806 
-186.792604 
-194.721983 
-183.680124 
-182.734251 
-179.402825 
-172.289438 
-183.867364 
-181.455895 
-186.437474 
-178.679918 
-182.000000 
-182.000000 
-182.000000 
-182.000000 
-180.903615 
-172.757456 
-180.695341 
-182.033017 
-183.945245 
-191.748314 
-181.695468 
-174.728469 
-169.681881 
-184.188543 
-183.022908 
-185.125662 
-179.151342 
-188.523575 
-172.406817 
-173.485824 
-184.782679 
-176.574238 
-186.560622 
-182.000000 
-184.703325 
-181.683820 
-192.447121 
-182.000000 
-179.465633 
-175.323836 
-182.000000 
-178.319982 
-186.141045 
-182.000000 
-182.000000 
-179.435991 
-176.758683 
-169.578125 
-183.202020 
-181.544890 
-187.672388 
-183.223118 
-170.726366 
-181.175957 
-182.388774 
-176.913357 
-189.433259 
-184.077036 
-179.040948 
-176.357228 
-182.495490 
-186.400817 
-183.027860 
-181.228886 
-175.254406 
-178.850915 
-184.711474 
-182.332041 
-178.026049 
-175.837029 
-174.828290 
-186.643855 
-177.413728 
-185.972137 
-183.228948 
-172.000931 
-176.292191 
-186.169583 
-186.908005 
-176.724644 
-182.000000 
-181.782418 
-183.097050 
-182.637136 
-172.580037 
-183.027861 
-174.609299 
-182.412609 
-186.578123 
-182.000000 
-182.000000 
-184.254907 
-179.049243 
-183.762374 
-182.000000 
-182.000000 
-171.379973 
-181.038376 
-185.304755 
-179.067086 
-179.410220 
-182.000000 
-174.491067 
-180.135764 
-185.256514 
-184.448313 
-174.903758 
-170.618630 
-182.076494 
-182.062796 
-182.377444 
-179.148950 
-182.000000 
-182.000000 
-182.000000 
-178.672604 
-183.585781 
-184.319989 
-181.010693 
-182.999369 
-185.397116 
-182.000000 
-187.806047 
-171.858401 
-180.932623 
-182.865205 
-184.675789 
-179.027750 
-183.747721 
-181.928287 
-182.000000 
-177.517740 
-182.308325 
-182.000000 
-182.000000 
-180.443720 
-182.667796 
-185.397116 
-182.000000 
-182.000000 
-174.175779 
-168.750000 
-184.628986 
-182.498653 
-184.974771 
-181.730326 
-182.000000 
-169.578125 
-182.000000 
-183.572235 
-184.390650 
-179.055313 
-181.493373 
-183.536202 
-186.183338 
-181.881767 
-182.000000 
-179.256475 
-179.241974 
-181.628644 
-182.748610 
-178.552083 
-175.457274 
-175.841270 
-183.459013 
-182.000000 
-183.024010 
-177.711543 
-182.000000 
-185.811940 
-182.963619 
-181.996291 
-184.064619 
-172.562584 
-181.422226 
-184.051230 
-186.933909 
-180.880213 
-180.844128 
-182.367382 
-181.778590 
-182.000000 
-180.052588 
-182.464469 
-186.499531 
-180.495789 
-179.764037 
-181.580483 
-183.405821 
-184.836096 
-183.830865 
-180.890081 
-182.000000 
-182.563482 
-177.700102 
-182.000000 
-181.112133 
-187.774197 
-182.000000 
-182.000000 
-181.298178 
-186.407813 
-188.328312 
-183.888591 
-175.420003 
-184.008473 
-182.000000 
-181.710945 
-169.578125 
-183.049800 
-186.945646 
-178.213174 
-168.732218 
-182.319659 
-185.226622 
-184.043109 
-181.373941 
-183.825353 
-181.039991 
-176.675795 
-178.072440 
-184.521073 
-182.348146 
-182.000000 
-185.691396 
-181.230947 
-181.526066 
-183.223118 
-182.678140 
-180.156054 
-182.000000 
-182.000000 
-180.548573 
-182.000000 
-182.886815 
-178.417859 
-176.222214 
-180.847895 
-187.788862 
-186.705603 
-182.000000 
-167.437049 
-180.788187 
-184.664967 
-185.705463 
-182.000000 
-183.790559 
-178.633121 
-181.655579 
-180.338673 
-186.958612 
-181.168611 
-180.230276 
-180.559811 
-182.296419 
-181.532842 
-184.364007 
-182.000000 
-178.091016 
-173.468014 
-182.000000 
-190.163255 
-182.000000 
-184.455224 
-183.750189 
