-30.359422 
-30.917090 
-20.418067 
-23.463740 
-25.691966 
-20.626354 
-8.000106 
-22.310488 
-5.515625 
-6.552697 
1.580646 
10.352504 
12.079430 
10.206536 
8.796259 
21.507852 
14.865531 
2.210025 
19.328126 
-3.046575 
-0.205433 
-5.515584 
-5.196588 
1.327086 
-2.507136 
-28.115552 
-28.922393 
-24.778004 
-16.006866 
-7.868193 
-14.282926 
5.809983 
8.545207 
1.920613 
27.877591 
31.420332 
46.721668 
38.413434 
44.171943 
54.526145 
51.322391 
35.682022 
55.046862 
22.958804 
15.060744 
32.824887 
10.397667 
27.813244 
19.328279 
13.306056 
14.512745 
-11.586304 
2.359310 
-9.397265 
-8.446186 
8.779037 
-5.515481 
-9.260828 
0.238002 
-15.862936 
-25.244782 
-0.096345 
2.447937 
6.193596 
4.338389 
-0.312405 
24.510618 
-8.027800 
-11.508130 
-38.872165 
-58.140476 
-29.860448 
-37.953699 
-42.289207 
-49.726716 
-40.302126 
-42.832752 
-37.438348 
-18.462658 
-20.288625 
6.879349 
-7.626627 
-11.669178 
-10.795096 
-14.021179 
-1.123206 
-2.447402 
-30.359483 
-28.592673 
-15.442293 
-23.085896 
-21.250127 
-12.176354 
-23.153811 
-1.063189 
-5.515855 
-39.931592 
-22.296140 
-17.255252 
0.361908 
-13.838799 
-11.950119 
1.990611 
3.525018 
19.327775 
15.758141 
-1.381716 
-3.267722 
-0.505726 
3.159066 
-5.516039 
-0.240265 
-11.250955 
1.460862 
-6.237615 
13.693185 
19.327385 
33.628793 
51.550112 
29.473503 
50.245781 
25.339638 
-5.515768 
-39.803326 
-30.359298 
-39.340693 
-9.865709 
7.899705 
27.165114 
34.126494 
25.460235 
23.354751 
52.190910 
22.508298 
14.409527 
-27.581281 
-68.358592 
-78.764735 
-94.177899 
-95.706722 
-109.146364 
-132.063296 
-123.660192 
-123.091860 
-101.711605 
-112.112899 
-98.132022 
-112.667251 
-111.176969 
-116.996515 
-95.793487 
-67.445251 
-60.077922 
-59.847067 
-58.332748 
-33.404020 
-30.359292 
-24.919681 
-50.519963 
-69.952375 
-30.359301 
-33.499513 
-39.746411 
-22.560265 
-40.705765 
-40.821081 
-41.568307 
-47.001659 
-34.867302 
-32.561337 
-17.295108 
-0.405665 
-4.052158 
12.753434 
19.328269 
19.328255 
28.433489 
23.610223 
37.033507 
43.091311 
45.299997 
52.538172 
50.963841 
50.179588 
53.067682 
29.222262 
41.758991 
39.243931 
33.183077 
43.357004 
40.296629 
51.947190 
45.135452 
19.746882 
19.328397 
34.347232 
44.172127 
25.683566 
28.538465 
39.180287 
70.605935 
61.517634 
69.015914 
62.187652 
40.276941 
33.389443 
42.332782 
49.135814 
40.820810 
55.190859 
54.231704 
36.256056 
56.669767 
57.522774 
69.015939 
60.986260 
81.437778 
64.467210 
54.028980 
49.286619 
40.598931 
26.592555 
24.742135 
45.209604 
4.653581 
-2.230123 
6.623975 
-8.819485 
-27.582233 
-19.696216 
-46.472557 
-21.226990 
-49.183787 
-36.800530 
-33.680919 
-36.512113 
-13.170440 
-8.196414 
-10.763461 
-0.805262 
6.906166 
-5.515689 
-19.788013 
-35.912439 
-58.434632 
-51.349239 
-73.653910 
-43.504984 
-77.311878 
-47.831668 
-33.158453 
-38.579050 
-21.382295 
-7.920840 
-14.030021 
-19.095353 
1.954178 
-5.515809 
-5.515881 
-17.937714 
-5.515789 
-26.740059 
-33.620808 
-28.042714 
-25.537621 
-27.758294 
-36.437978 
-21.889158 
-24.214770 
-25.643282 
-49.173528 
-34.045310 
-48.626493 
-75.429606 
-67.907587 
-70.300343 
-68.337483 
-47.857020 
-42.329621 
-45.764021 
-5.515692 
-19.528392 
-9.915228 
-2.796037 
19.328092 
17.714137 
6.446346 
19.328092 
60.728232 
37.858598 
69.015704 
98.000008 
82.978111 
73.747917 
55.817273 
75.775310 
84.877524 
65.952393 
62.961738 
77.729955 
36.082396 
44.493981 
75.237800 
74.552550 
66.547627 
56.572332 
56.990256 
45.475179 
45.514444 
12.053237 
34.476382 
24.552557 
-9.826697 
-14.257537 
-2.104006 
15.255390 
9.909248 
5.392883 
-9.851793 
-13.838512 
6.536178 
-8.603165 
12.736321 
26.648948 
28.420582 
13.137757 
23.153902 
19.327894 
16.539715 
26.238773 
16.699787 
14.328820 
-12.790776 
-12.965961 
18.896239 
14.740439 
19.327932 
44.171555 
47.218955 
45.274349 
40.047261 
71.498707 
56.593490 
77.374942 
70.694355 
64.732354 
72.239724 
60.262785 
44.171511 
39.133432 
15.059448 
-18.084406 
-26.083342 
-15.042381 
-26.215629 
-17.654275 
-48.576622 
-47.331562 
-64.515878 
-80.047195 
-82.376547 
-91.692608 
-87.573705 
-73.543852 
-68.960834 
-54.490955 
-60.314999 
-44.069397 
-30.359466 
-69.524713 
-55.600300 
-55.524196 
-41.614037 
-34.135307 
-49.761153 
-32.423198 
-8.886817 
-5.515583 
2.597986 
-3.054851 
-5.515654 
-5.515499 
-8.382298 
1.066914 
14.728996 
6.906413 
19.328060 
8.509882 
-21.250281 
2.837699 
-7.656993 
5.384903 
2.844142 
-17.936987 
-18.713475 
-5.515567 
-20.248465 
-24.866738 
-25.995230 
-24.317156 
-26.620962 
-24.816245 
-11.367568 
-5.514372 
-23.479034 
-33.343201 
-27.005445 
-26.555534 
-38.165149 
-39.153561 
-58.294275 
-79.687866 
-87.956219 
-109.173475 
-102.270016 
-129.734349 
-100.001635 
-82.985372 
-68.553628 
-49.759764 
-40.200013 
-26.267831 
-19.296974 
-15.609973 
-20.848642 
-10.222484 
0.076338 
17.517542 
19.328128 
13.125866 
34.460133 
35.867277 
51.984265 
73.013834 
50.714790 
69.638802 
66.698856 
69.708788 
85.462655 
56.593768 
66.547123 
58.700656 
31.749928 
11.324871 
35.981498 
19.328157 
6.906461 
-7.334485 
14.617811 
12.815595 
-2.710181 
2.369934 
-0.847985 
6.906444 
2.270427 
6.906493 
18.952022 
27.387064 
19.708119 
48.456700 
45.636236 
48.087244 
39.439223 
23.250084 
29.988752 
9.513875 
1.661182 
-0.250250 
3.877965 
-24.963582 
-42.781047 
-41.926303 
-57.271060 
-88.507013 
-86.100675 
-64.317562 
-46.241183 
-55.203118 
-30.359225 
-17.353523 
-5.515608 
-19.761334 
3.457456 
-1.147387 
11.228384 
-13.635255 
-19.465054 
-17.937512 
-14.212414 
-43.298345 
-54.658080 
-68.437698 
-58.308794 
-57.383687 
-47.125511 
-50.353023 
-48.451905 
-60.121091 
-56.443911 
-37.263192 
-40.027755 
-16.142289 
-29.406291 
-17.097613 
-30.359633 
-39.660233 
-18.637747 
-30.359601 
-18.901697 
-42.781533 
-34.422282 
-18.162590 
-30.361199 
-272.607127 
-3.054745 
104.901362 
59.315878 
-102.601902 
5.249993 
114.801212 
-5.517126 
-222.130162 
161.757538 
-191.192493 
62.656486 
-32.397489 
167.921825 
101.638025 
-73.641048 
-8.760046 
-55.203503 
73.670385 
-17.023515 
-30.358748 
-64.014802 
32.856382 
-13.346766 
-102.670541 
-367.254484 
10.986444 
-161.723877 
12.875903 
120.066114 
-54.602446 
-32.210522 
-36.053914 
-52.536407 
216.279589 
-77.224622 
147.994746 
-30.357000 
23.007156 
-178.200663 
-88.430670 
-66.324047 
36.241099 
333.343485 
-14.515420 
-59.427382 
28.060319 
-5.514607 
14.601588 
171.207561 
22.585636 
133.113115 
15.445884 
78.150459 
-33.379117 
44.170715 
91.840947 
-84.974197 
34.525467 
15.365353 
10.552379 
22.543998 
220.983809 
206.533371 
149.467061 
291.648993 
-74.209726 
24.731671 
98.040371 
217.629814 
58.770639 
143.565051 
251.079845 
28.828691 
30.016461 
574.016298 
64.983364 
-11.513387 
-92.551796 
294.549887 
214.804615 
-58.195976 
-94.421300 
289.878205 
164.287510 
98.787521 
503.779172 
-153.511110 
346.612938 
-5.203895 
230.498499 
70.025396 
-120.126099 
232.371481 
391.984453 
-91.754805 
-75.902407 
145.806826 
120.897239 
-129.772929 
-44.421006 
64.072857 
-129.496358 
280.189238 
91.586552 
-266.774918 
184.189714 
95.735223 
8.070088 
69.020731 
224.324463 
-103.101896 
-39.839946 
-379.808477 
148.332022 
118.706919 
87.774981 
-328.750471 
-191.325335 
186.382321 
21.437619 
131.133014 
-430.149304 
242.925646 
-239.190923 
93.372770 
-145.476019 
117.235594 
-22.113211 
-10.302207 
-280.666568 
-164.894311 
85.101187 
35.847156 
-41.692252 
-138.039352 
-68.403171 
-2.747219 
-199.618880 
60.986405 
41.842512 
230.126386 
51.512070 
162.151888 
-420.709319 
-535.876852 
-111.354137 
-7.628596 
46.482046 
-108.332161 
178.694901 
304.657189 
-69.659552 
107.977094 
-114.665676 
193.233888 
-66.004013 
174.198034 
-463.672163 
404.403964 
-57.502084 
-93.553838 
105.131138 
-86.518619 
140.904922 
180.590208 
-453.122259 
4.650037 
-81.606999 
-120.596015 
372.328715 
-118.502275 
206.414665 
-30.359966 
19.327861 
202.129547 
-584.813027 
-86.108725 
-88.579326 
36.188192 
74.629757 
-25.981424 
-115.564420 
99.754809 
-155.711634 
-345.759157 
43.724758 
-56.990224 
-77.117709 
71.736558 
-32.329789 
-35.599556 
-86.281301 
-30.358036 
208.752299 
292.610634 
-547.560508 
-177.358804 
-178.137083 
49.609521 
-91.291682 
93.861429 
164.844318 
-457.569393 
-170.000047 
-11.561822 
-252.311987 
82.668286 
-99.695657 
-148.422048 
-400.508548 
-81.152476 
-161.175906 
143.549583 
25.218941 
-76.733112 
-141.944115 
124.830047 
-46.739516 
-60.166720 
-130.922338 
91.952769 
-84.465230 
31.107682 
-257.839520 
-21.970872 
55.145185 
-302.866114 
69.699371 
6.353091 
99.869530 
-121.443156 
-86.123725 
49.528540 
-243.960485 
-87.243065 
391.627136 
-93.073949 
77.339740 
-80.045837 
44.172181 
-63.272241 
-299.985508 
209.806740 
-12.554184 
-158.047079 
305.379792 
-269.118258 
178.209958 
-129.723343 
120.218233 
-22.118497 
349.276201 
-285.474166 
10.881503 
-234.370626 
-55.203506 
379.563413 
-55.203373 
180.812949 
582.072308 
-359.367953 
204.374593 
-126.286614 
250.146973 
-219.708580 
-35.474157 
45.432590 
165.875672 
-276.403009 
21.320633 
109.124532 
-183.894951 
-193.576549 
-151.030578 
-64.782343 
95.093351 
-104.611076 
111.065436 
205.655410 
-90.476064 
42.738253 
34.494431 
44.170932 
84.225154 
-363.516326 
280.187050 
94.481942 
-97.614414 
218.076743 
283.499382 
-146.222355 
-38.854846 
-474.443758 
-203.352992 
-189.509505 
-101.334277 
-80.399253 
137.307894 
-82.194764 
16.499940 
206.309918 
351.986226 
-151.849117 
5.155380 
224.729173 
-230.550324 
137.176742 
211.448286 
125.615063 
39.527393 
-75.682265 
-247.468470 
-55.560358 
50.459466 
98.850560 
-106.197938 
0.186730 
-142.196436 
-199.182700 
125.407348 
47.044076 
31.869653 
136.196440 
-74.122809 
-64.027212 
292.610328 
48.240428 
115.182111 
96.687815 
146.198814 
-297.846593 
191.502945 
-267.401193 
-91.434804 
19.329683 
280.190241 
120.910470 
-220.811334 
33.894247 
-127.247361 
-55.200494 
1.957209 
20.988448 
-40.081578 
-350.365586 
-14.392003 
305.031311 
109.425085 
-51.473066 
-57.153138 
-88.958513 
-132.520611 
19.265647 
-238.928400 
-45.679109 
54.031573 
-127.980086 
205.657616 
-65.294815 
-46.660994 
-69.337855 
-103.039909 
-228.940246 
66.049062 
-160.261760 
131.803694 
354.718100 
105.744571 
-246.411336 
118.350096 
-15.277614 
-171.302054 
-356.974127 
-245.609176 
12.230053 
155.969430 
21.684475 
-91.266837 
-55.207245 
131.126111 
18.311545 
-160.614120 
-64.464072 
-104.889851 
180.812072 
29.258938 
-233.247957 
-66.987478 
119.414853 
54.231816 
10.308314 
-55.205153 
-73.058292 
255.346025 
4.433431 
35.631995 
122.869958 
142.426366 
-198.367561 
14.218420 
25.000531 
44.168534 
128.750119 
7.393757 
-36.766281 
-97.206152 
-4.009226 
-296.809279 
159.688633 
-42.608422 
382.526984 
-253.200051 
100.346329 
106.281551 
-167.984933 
687.000527 
119.967728 
131.202853 
-439.932833 
-9.714555 
-44.838905 
-128.436397 
-57.873915 
-61.442738 
-146.241892 
259.604317 
-5.515045 
-112.654094 
-162.652815 
-42.172000 
-178.501375 
18.009283 
-109.535035 
221.271009 
146.719706 
73.401653 
-9.148435 
44.172453 
-22.835880 
-150.055538 
44.172714 
-197.529166 
-329.403225 
56.595592 
31.751188 
-218.892889 
-129.383478 
178.779049 
-151.072816 
-26.029978 
-286.005361 
44.173608 
-113.777775 
56.594899 
-95.396340 
-27.518105 
88.504306 
-18.091168 
-485.365106 
107.665535 
-219.660243 
-98.452205 
-20.771936 
-233.399164 
-153.141184 
120.862213 
-418.968915 
-102.761501 
-5.513667 
29.373469 
54.384625 
-340.848045 
-204.613776 
-35.733853 
116.164409 
-5.513195 
-5.513931 
-148.954690 
81.439978 
-219.463237 
-155.853933 
-202.691123 
-162.289234 
91.049098 
58.655946 
31.751320 
0.145987 
-76.433230 
-274.053991 
-210.433162 
-216.687297 
-15.071481 
117.684716 
-99.507081 
-8.585176 
-144.958031 
-95.405222 
-79.636804 
-244.530948 
-177.301244 
26.820852 
-35.783938 
31.749129 
70.473934 
31.843938 
31.751005 
41.534190 
-167.000600 
-251.505756 
11.611191 
93.859502 
-138.127126 
107.741233 
308.508984 
473.537336 
-424.097858 
151.000425 
81.048198 
193.232429 
-472.728372 
356.850004 
-72.920405 
213.090050 
127.152726 
311.819088 
498.870250 
37.858314 
182.844748 
255.341450 
80.431489 
-242.659601 
553.468293 
138.418403 
235.600804 
-8.815086 
15.974470 
-613.691832 
-18.454676 
249.656114 
19.286034 
179.600063 
-80.107585 
254.506610 
320.447636 
0.688660 
112.413225 
312.781363 
78.898504 
118.703615 
341.033874 
29.693565 
-303.707464 
-132.583903 
172.664226 
618.527722 
132.589733 
-208.515964 
63.232163 
354.718892 
-2.323388 
489.974474 
233.177694 
282.705269 
122.582792 
126.100230 
-91.943380 
1100.030339 
-58.712536 
62.254427 
-25.745079 
40.571294 
5.606671 
-170.511462 
95.878011 
248.588081 
-190.123544 
226.132079 
-74.233696 
156.515472 
198.738583 
148.287222 
-21.204814 
-26.491713 
-78.360555 
59.163958 
128.486198 
999.516248 
-237.814842 
37.239527 
-92.872085 
226.322833 
389.970319 
302.081247 
-212.250586 
39.929281 
183.177267 
-78.063942 
454.090828 
-85.994282 
312.823848 
121.882385 
389.495842 
321.991994 
-60.206872 
14.794049 
242.917499 
-172.013170 
181.513846 
161.401528 
289.130725 
-249.025368 
-174.532759 
187.695607 
-254.316324 
367.139018 
308.074571 
-484.786062 
428.488972 
-1.979708 
242.751693 
69.013535 
406.247211 
-191.718868 
-182.072657 
-363.674054 
135.216756 
218.077755 
279.859250 
-451.354091 
-270.331779 
320.473501 
59.075279 
230.501797 
-328.409492 
367.139886 
-297.875735 
106.236103 
221.546412 
184.384606 
-228.689547 
250.259146 
-251.189579 
-304.303072 
69.453096 
121.309490 
-80.837874 
-95.774467 
-343.587098 
-275.129005 
-210.594598 
32.192824 
-119.642645 
108.139096 
-505.595988 
-47.103967 
-724.465008 
-313.496786 
-269.396501 
-80.062482 
-64.894848 
-131.438120 
-17.640305 
355.915708 
-100.841236 
94.691127 
-222.715415 
118.704124 
-108.630935 
3.092760 
-193.700175 
193.233566 
-100.915834 
-187.212115 
74.149012 
-128.338437 
20.264754 
-0.040003 
-608.895995 
148.392111 
-253.901927 
-89.134668 
268.403645 
-158.165036 
-60.637711 
-55.201597 
56.594261 
423.531416 
-238.583912 
36.732619 
-213.797812 
-197.684103 
602.400530 
-159.892503 
54.290444 
-108.151374 
-96.326055 
-373.368669 
150.987421 
217.921613 
55.847877 
291.510190 
54.107603 
23.038860 
55.095137 
541.049689 
170.414815 
578.313542 
-636.313870 
-323.618859 
96.568898 
40.516070 
59.724595 
242.924524 
-158.380104 
-669.237183 
-12.990687 
-697.145127 
-20.519502 
201.938612 
-187.910300 
-268.571724 
-239.159110 
-123.431856 
-33.526595 
379.564603 
-103.378490 
-279.623678 
-242.572709 
59.062002 
152.368564 
205.253697 
-94.623862 
11.177650 
-106.109806 
20.039169 
-102.143750 
-213.848556 
46.751026 
-502.829295 
27.713276 
259.686803 
120.356667 
-237.630166 
-39.761874 
-22.635969 
31.970684 
-56.092504 
133.666319 
-255.750145 
13.334575 
218.079171 
379.562566 
-255.813042 
-101.058349 
-308.890877 
-75.841846 
-8.373175 
198.953021 
-648.462914 
110.495200 
-53.305019 
145.435880 
40.299445 
326.258407 
-234.622473 
61.879728 
-94.865912 
255.342959 
-5.514162 
305.030567 
143.548339 
406.249637 
-42.063892 
344.987061 
-14.262918 
335.710945 
-269.282707 
-301.362250 
102.582117 
398.252541 
-385.358745 
78.975730 
190.553843 
-150.030439 
-355.796216 
-45.518344 
-323.475901 
56.079127 
-259.338042 
90.104166 
6.906867 
-84.716896 
-169.723477 
-198.141399 
305.033315 
-182.028610 
-258.298212 
-30.358513 
181.730763 
-45.020312 
305.032672 
58.252028 
-71.074564 
-292.599283 
-506.270373 
-192.414385 
-37.012634 
-44.161256 
-311.594406 
232.036199 
-166.162403 
38.165293 
182.174345 
450.526684 
-255.472687 
110.165537 
142.179134 
-52.098457 
143.452011 
165.111044 
-38.413300 
98.548001 
-63.272156 
-137.263494 
-114.196800 
-51.278237 
136.125812 
-256.457005 
-206.515613 
-236.601524 
-452.687815 
374.017256 
-138.512798 
-40.764627 
81.949762 
-228.165527 
322.608168 
478.938669 
-671.791607 
180.279362 
-93.093576 
12.103614 
-393.874260 
220.337336 
-255.394608 
-142.567720 
230.500204 
193.235467 
203.986771 
-153.532857 
88.548778 
-312.749156 
131.125733 
-138.376372 
-129.105904 
-62.500997 
-468.665542 
-101.512004 
106.282616 
114.021515 
5.028131 
-230.507308 
-288.617047 
98.088211 
189.631706 
-73.330748 
-112.351562 
-68.037506 
-360.385428 
44.172082 
-90.138352 
-248.517880 
49.808928 
-309.017113 
-185.448102 
138.431507 
-139.085320 
386.222225 
69.015736 
-89.758621 
-375.382188 
-34.801938 
-23.408391 
-125.456937 
-608.098820 
-54.654479 
18.467485 
69.016380 
-75.132835 
26.868330 
143.548219 
205.656567 
-22.260536 
68.808317 
-242.327212 
379.564134 
180.815384 
-27.361444 
-61.000011 
-225.818988 
266.470074 
250.258120 
9.891273 
106.283274 
-426.307374 
-30.358196 
-19.553757 
50.152532 
155.841464 
301.649193 
-286.039347 
-75.544630 
336.742938 
193.236186 
298.424658 
-140.608463 
-41.726324 
-418.937751 
88.317356 
-383.154351 
-130.043509 
-66.675479 
409.696468 
-106.073524 
397.139813 
31.751575 
-108.635895 
473.534590 
-39.234355 
151.528366 
-286.872083 
-82.512011 
72.472594 
-164.219499 
11.374529 
-71.232115 
-148.971239 
118.023795 
-30.357316 
-539.638698 
107.027531 
-201.896459 
-627.093660 
267.001142 
-100.146727 
100.580073 
50.360548 
62.632851 
-148.296407 
-30.358750 
-119.822464 
-437.798963 
-5.516642 
-178.984189 
-575.601517 
19.328498 
6.906500 
-184.193578 
-208.585768 
-225.223255 
-141.352476 
80.361605 
-293.683221 
6.905993 
-112.737289 
-42.782146 
-185.164844 
-67.022207 
-170.646629 
140.374649 
-426.090885 
-4.338655 
-425.897857 
-152.053981 
-101.480201 
-9.210874 
-262.219230 
-181.910856 
-342.093842 
-36.005718 
-67.625891 
64.478109 
73.818476 
-367.431004 
-224.645207 
4.286051 
295.722523 
-80.047639 
-80.049061 
-115.063219 
-129.735698 
160.739764 
-133.203829 
-75.358731 
-228.519081 
-104.195586 
97.773443 
-42.782755 
8.588583 
-192.949444 
-170.707681 
-289.644644 
-134.392157 
-83.106832 
-21.463283 
-34.838805 
-342.519735 
-259.282397 
-44.934274 
-94.163170 
-199.611590 
-77.491527 
-199.871894 
5.576310 
-42.780886 
-151.951079 
6.429202 
-166.999973 
-68.630717 
-167.000557 
-306.790052 
-73.780182 
354.726446 
-4.227419 
-333.625125 
311.727132 
-233.466852 
-402.792209 
-166.994899 
-91.977879 
242.927411 
-386.731937 
144.196272 
-163.190427 
202.731900 
35.573250 
260.180302 
101.051706 
-182.910766 
45.999470 
168.394904 
265.280305 
143.150653 
118.706019 
235.741305 
366.771062 
-337.219995 
-66.487326 
-231.208143 
390.493188 
354.530006 
162.927053 
333.179224 
-3.599120 
132.009360 
172.348477 
204.327142 
105.643390 
92.535387 
-256.677665 
342.297015 
410.618054 
109.307316 
74.752406 
226.257477 
56.285308 
577.466904 
483.648235 
359.763278 
-133.435327 
578.310980 
195.877455 
468.008040 
-150.939602 
264.771962 
-246.191089 
352.833710 
-24.166146 
429.249716 
181.764186 
-119.341785 
101.331871 
237.862065 
159.864456 
-92.319339 
35.399565 
162.653940 
-131.650977 
260.698138 
-38.179914 
-315.201795 
387.538791 
-207.828301 
204.838131 
233.965501 
-100.051607 
11.450201 
264.593501 
964.012514 
160.960426 
-59.327019 
-30.318421 
136.293725 
137.828122 
-163.211967 
-126.263289 
-105.387769 
-41.276181 
-5.993695 
230.499562 
-73.228066 
392.536409 
230.017381 
111.250720 
111.383043 
-102.205927 
-228.879317 
280.188060 
-205.200880 
-27.041386 
150.227707 
-42.456526 
257.182191 
-205.032955 
14.845078 
-284.625448 
516.201509 
349.112595 
-429.493658 
-254.448942 
158.061357 
-180.872865 
118.701001 
265.544481 
-143.845088 
177.963018 
-308.693134 
-133.204578 
292.605560 
47.230682 
-293.417312 
-52.673563 
385.012381 
80.987113 
-104.892744 
43.819733 
478.934323 
62.975685 
-80.838505 
-125.534431 
300.073350 
-275.104533 
143.508034 
33.546942 
189.084722 
86.533090 
-113.114676 
-154.291801 
2.166536 
-512.897770 
-194.600474 
52.781377 
0.640846 
-4.742328 
3.308619 
-217.113307 
275.659994 
-187.840851 
-238.821272 
-269.571619 
-185.848501 
240.042835 
239.946172 
436.399260 
44.135713 
-149.917967 
99.779765 
34.287182 
553.469818 
124.007141 
-194.874774 
-275.511398 
565.892327 
21.628575 
-89.259330 
95.657882 
-7.127436 
7.484958 
154.340615 
-350.347132 
127.399744 
-23.357696 
-204.842988 
184.741944 
-191.658003 
-427.579220 
93.862962 
280.190522 
242.692124 
269.963569 
-196.162839 
-217.493942 
152.719728 
30.059640 
-329.340604 
122.503025 
-86.492877 
-175.375010 
-148.238406 
83.072342 
23.140719 
57.929804 
405.385250 
-96.048762 
-104.157737 
-132.623890 
503.783711 
169.681911 
478.939151 
-380.461753 
-4.201928 
-341.780620 
-102.437498 
-52.497711 
267.766577 
56.472175 
-945.736819 
-570.739811 
481.968505 
-1.358181 
328.294645 
-239.897959 
92.026319 
62.172634 
15.446953 
-60.860993 
404.407204 
-2.313054 
-153.750505 
-196.822843 
175.481483 
-271.431427 
-95.075390 
-9.187306 
350.650307 
-97.409975 
-373.332159 
62.485834 
-25.036050 
56.341716 
-208.396497 
120.907295 
83.105689 
252.071621 
-16.743104 
-127.564006 
-62.166887 
205.196341 
-312.161636 
32.763118 
-284.735268 
-157.140343 
218.080004 
677.690595 
-434.155197 
-220.146649 
-74.866376 
132.042852 
54.908479 
383.586602 
-677.192129 
128.003256 
-158.876050 
189.148192 
-210.163619 
181.395287 
-46.789299 
15.359433 
40.703581 
230.501412 
-17.934434 
305.033591 
143.548875 
-211.451125 
-121.331786 
227.591656 
-56.349537 
204.664667 
-133.177860 
-395.190967 
34.756387 
425.948084 
12.210094 
-151.733625 
-105.980763 
168.700292 
-216.304864 
156.523567 
-257.916117 
-14.078858 
-103.650958 
-4.855812 
155.968638 
-265.214828 
-313.448206 
-145.513804 
329.874612 
86.559516 
-235.577101 
19.327305 
28.360430 
34.576239 
553.467967 
-34.501507 
-168.853000 
-187.000516 
-397.583137 
218.217556 
-11.552458 
-13.487972 
-27.632615 
116.917455 
-232.167421 
-58.262464 
-234.046001 
12.446288 
-323.483282 
-63.003984 
118.130471 
-237.086538 
-195.800545 
-311.651606 
8.664966 
-63.679685 
-64.185360 
-90.605287 
-92.597598 
1.328310 
-26.379628 
133.987098 
-59.792342 
-450.862816 
-460.717899 
105.508553 
-129.987670 
-177.897994 
53.099949 
-153.557187 
38.004576 
677.689257 
66.952962 
-48.615954 
-35.268385 
72.871569 
197.645176 
-29.256141 
-155.746702 
-303.469698 
230.501467 
93.860888 
59.729090 
-158.423289 
-352.351380 
-312.751313 
230.501423 
-214.169371 
-116.453818 
-138.292769 
-7.828219 
-128.235379 
155.969326 
-100.426659 
-81.171066 
-80.798721 
-214.486116 
179.656181 
-47.417378 
-17.863770 
103.151005 
222.395375 
-16.942121 
-55.202620 
-99.454202 
-209.700943 
40.316352 
-145.433395 
-163.428788 
250.307219 
-98.897148 
147.096255 
19.326733 
-34.286909 
-470.607848 
1.745321 
-115.776702 
-126.875251 
-193.858374 
-98.063520 
140.370910 
-42.782154 
-40.055994 
-63.501385 
19.328367 
106.280204 
-55.145049 
-52.700764 
-273.588487 
255.343349 
155.966483 
140.841879 
-166.999093 
-260.248477 
81.144595 
128.212226 
-25.710813 
106.283970 
89.974291 
-80.044671 
142.854888 
37.398409 
27.587192 
261.064356 
-116.381647 
-286.763871 
43.327964 
56.596824 
-108.184774 
124.946553 
-40.684921 
-411.748484 
-306.562833 
117.958766 
-164.329304 
-147.642200 
41.114523 
-81.410237 
179.887447 
131.126232 
-344.800309 
-41.750386 
-99.735041 
64.662584 
-102.111618 
66.591088 
-382.265983 
-503.281692 
-99.509000 
89.118697 
74.115633 
1.681778 
-17.936628 
-147.497191 
123.838687 
4.346000 
-643.493995 
118.770234 
-363.488456 
-235.760000 
-104.742572 
52.708871 
-363.532583 
-17.936196 
-247.109200 
-146.075137 
-42.779377 
-423.733517 
-392.339395 
-30.358964 
-17.936230 
-190.933208 
-293.136406 
-84.451486 
60.510811 
-87.513089 
-258.231521 
-5.514305 
-152.232507 
6.907367 
-93.629435 
1.044125 
-116.994827 
-59.943090 
-164.385658 
-154.701996 
-89.186348 
-137.515615 
153.873232 
-83.136045 
-18.091148 
-194.156172 
16.628281 
-24.559343 
6.906385 
-140.659920 
68.014721 
-278.506139 
-77.319218 
204.726971 
-28.552450 
19.328462 
230.500595 
-108.564041 
31.751047 
-84.778821 
-202.558207 
-11.878572 
-126.411164 
-285.951209 
33.114910 
-5.515032 
44.662702 
49.538472 
-102.520633 
-319.016464 
-144.485722 
-89.731157 
13.087146 
-243.982219 
-80.827519 
30.198286 
94.050295 
-127.837912 
-336.824943 
156.622667 
-77.549130 
3.428751 
6.905555 
-124.903814 
-202.808924 
-167.000910 
-58.176139 
-167.000505 
-273.915802 
-436.441885 
528.621974 
8.867777 
-101.528580 
297.054560 
13.582601 
-313.747418 
-61.001604 
194.565968 
627.996340 
-173.960885 
210.365823 
-22.110424 
88.944646 
247.678077 
279.234315 
85.899926 
-186.006314 
87.809637 
155.965096 
15.652987 
255.020105 
267.762754 
136.406003 
269.764553 
-282.352341 
-140.970060 
238.343696 
398.231467 
222.752333 
-371.474202 
44.252213 
169.563945 
96.740036 
363.542978 
-434.488064 
62.367832 
-7.889846 
-110.798375 
603.150423 
373.022850 
-169.224500 
-128.329918 
-37.543150 
419.153596 
695.790599 
27.994054 
-250.928727 
-166.354362 
93.860708 
182.995065 
-68.561018 
-82.927650 
-143.361780 
-185.631875 
-117.055332 
297.978712 
193.228208 
212.101626 
-209.679448 
144.095889 
-202.416595 
31.015123 
-312.155312 
159.906513 
299.570403 
14.387690 
58.152580 
-131.568268 
275.554421 
501.824552 
65.631262 
84.582903 
14.745586 
-96.671204 
-217.602909 
393.599652 
262.229221 
-33.763647 
-171.987522 
225.008671 
267.934633 
168.778479 
-84.666667 
-131.357598 
-117.169872 
248.635799 
-4.007082 
143.548120 
226.021553 
39.415349 
-204.059952 
362.997984 
115.535458 
138.128417 
-33.476880 
218.077083 
-82.919830 
261.841272 
53.118071 
97.378655 
-483.481292 
-228.887463 
88.698271 
-50.435794 
702.524430 
133.768013 
-358.216536 
-24.299789 
9.652266 
-133.394111 
143.543612 
-23.889987 
-180.477892 
-25.128285 
-272.488102 
-5.430886 
379.556897 
-6.781685 
-371.559377 
-377.744238 
-81.000732 
158.149181 
168.386318 
151.396818 
19.319846 
-48.756041 
-17.785261 
-120.896948 
303.844162 
-367.455535 
-93.816531 
-95.541185 
-86.279430 
263.064420 
-135.841160 
-93.840777 
-211.294343 
-190.009310 
-70.339608 
-214.396023 
38.210837 
-552.077662 
20.623007 
-221.610007 
360.285976 
-351.557953 
-459.776444 
-69.498400 
-369.531186 
356.193654 
184.802312 
-180.042534 
36.083504 
-176.763565 
115.209195 
92.854695 
-55.203612 
77.593180 
-60.765864 
-98.370974 
354.719748 
-184.248277 
-299.379708 
-22.938241 
317.164811 
149.315296 
257.582578 
-407.237957 
-128.873747 
85.481337 
-162.489753 
139.647015 
-201.540841 
-469.228648 
193.235343 
298.823633 
368.942968 
-246.482628 
-134.862841 
-310.226321 
-74.884217 
-10.306554 
110.437780 
92.830591 
117.735445 
178.153185 
4.586060 
259.092385 
-89.107449 
-102.458426 
-71.990979 
28.062018 
302.113886 
-102.025710 
603.156344 
242.701732 
218.074890 
-358.348518 
-201.499035 
-213.969482 
-177.426031 
-37.906652 
367.135858 
116.581343 
-355.371140 
-349.583174 
19.734283 
-128.852490 
185.829574 
-223.304195 
132.349283 
41.751165 
-419.857675 
132.204850 
305.024611 
187.750783 
144.364514 
-402.996250 
-189.041743 
108.124898 
51.873075 
241.136896 
-101.094536 
-65.107061 
-170.360493 
-72.204098 
51.783408 
57.419081 
78.609879 
52.711323 
213.067742 
6.313779 
-96.411384 
-111.294526 
-162.010882 
-220.693534 
119.832527 
161.464285 
-130.558814 
-93.211667 
603.153392 
329.871899 
-248.350442 
-255.278452 
-99.332000 
90.354146 
449.608084 
29.487526 
-475.299314 
-23.888403 
246.801883 
78.462202 
-44.392234 
179.478519 
-14.571400 
-93.186760 
-155.015985 
-67.624676 
-55.204977 
168.388185 
255.342469 
-23.883360 
-120.610550 
285.932899 
-95.491540 
153.470357 
-183.516753 
-146.619096 
38.229205 
288.176692 
-293.003772 
-74.671831 
100.289563 
77.553836 
-265.321137 
-83.420725 
-333.932898 
-86.769865 
-70.489923 
-35.953687 
31.744865 
-113.894539 
-221.711895 
-184.555752 
19.322341 
-18.045056 
-910.907207 
118.698212 
380.889418 
192.003505 
242.915599 
270.240612 
-235.305191 
-127.015071 
-547.424227 
-99.155197 
-98.444233 
258.529029 
-20.225508 
-9.746750 
-348.161560 
311.426682 
-241.070791 
128.731813 
-130.177357 
-143.163248 
79.157161 
-102.399889 
-100.214016 
146.014526 
164.511717 
-37.749196 
-95.773504 
-102.619734 
-56.223294 
169.929802 
432.097898 
-4.417908 
-159.461595 
150.034381 
-356.133804 
151.119642 
17.226685 
-31.326873 
-47.202453 
50.890386 
456.548644 
429.250620 
-112.117712 
-75.045503 
-16.678467 
89.470328 
9.377033 
279.817642 
-70.411537 
-39.958653 
168.391589 
180.818107 
-17.725280 
50.343427 
-7.747449 
296.759947 
230.504109 
194.571415 
-148.123830 
-79.498562 
-81.492803 
-125.561070 
44.174840 
-16.684818 
-148.570284 
143.246610 
187.148759 
67.170986 
51.152869 
-67.286706 
-254.497377 
174.759952 
-122.875717 
305.033725 
361.708124 
-479.096650 
206.310557 
25.222501 
-136.163736 
70.263138 
-364.316011 
224.128924 
280.186558 
-258.315394 
-130.609330 
-131.331937 
-37.622816 
-89.055469 
-725.304649 
-157.977909 
-123.837352 
93.859244 
-34.471401 
122.037541 
205.657529 
44.170964 
-83.038806 
30.235141 
-332.318537 
230.492916 
31.738738 
45.488739 
-180.246580 
-125.535103 
160.580855 
-89.342929 
22.213795 
-55.203865 
-184.086857 
81.435509 
232.466547 
-194.098854 
110.451440 
-42.982501 
-97.800259 
-349.685281 
305.351009 
-390.597057 
197.309076 
-158.694148 
75.895161 
1.025493 
97.136813 
-9.006523 
84.461383 
-34.552897 
1088.389778 
-223.299515 
246.772417 
-104.890994 
-156.400389 
95.402897 
137.720561 
85.306093 
-50.728093 
-91.169378 
-12.587450 
-183.598076 
66.131033 
-270.198643 
-53.882462 
-133.072841 
-55.200542 
-136.414045 
22.008368 
-28.329047 
151.067051 
11.981499 
-85.842402 
-304.304649 
-108.055123 
-28.427674 
-62.927824 
-30.358520 
-46.412102 
-261.974975 
31.746683 
-220.802290 
86.992477 
19.326843 
56.592325 
-147.271982 
-425.660439 
-213.231820 
-16.941169 
-142.710993 
-331.828816 
56.590115 
-77.743531 
31.746374 
-298.610338 
43.417833 
-44.422392 
-10.892046 
-418.181199 
-295.240491 
-236.430911 
194.642316 
43.033212 
-82.634607 
16.998417 
-219.898145 
-143.188971 
-171.132689 
19.327381 
-182.072607 
84.715634 
-231.212458 
-132.017989 
-137.929045 
-61.920598 
56.588374 
-55.206629 
-591.383779 
19.324434 
-359.371845 
-69.513810 
-271.466571 
-153.181360 
-304.717908 
-90.301022 
31.747142 
160.421856 
-264.635593 
-187.125476 
-158.448956 
-167.003358 
-11.712265 
-76.921611 
-161.255888 
-181.077414 
-126.489374 
-215.326629 
-60.339693 
-207.806226 
406.002649 
-427.835909 
-21.291867 
-167.000712 
-117.831858 
-128.278932 
-167.003465 
-47.468892 
-167.002484 
-361.730430 
-156.339028 
491.353343 
-183.237336 
-187.658038 
344.209986 
-162.903854 
-290.870286 
-153.756396 
-47.737963 
478.931608 
-422.259776 
76.448296 
-134.138675 
-69.250918 
-102.818402 
526.890238 
148.046536 
-275.473704 
72.869361 
106.277439 
38.070410 
254.187081 
218.073921 
6.059492 
192.662984 
-384.470604 
-180.475966 
340.502593 
346.975206 
135.658476 
-189.772299 
-127.743051 
-127.458109 
139.959449 
64.309251 
-260.741779 
185.837397 
-46.000453 
-213.565965 
528.623664 
391.618356 
-105.979825 
48.562014 
141.195179 
156.898279 
633.706483 
81.878277 
-206.250828 
-126.417738 
69.017263 
39.764153 
114.660810 
45.159114 
-20.382978 
-76.163476 
-184.057039 
68.790330 
267.765881 
88.269134 
-326.717123 
-81.227284 
-251.318307 
-91.436023 
-154.156560 
27.861645 
56.755413 
-240.717838 
-202.702201 
-302.580147 
286.305522 
231.176333 
-12.827686 
38.573183 
-188.885768 
-77.813071 
169.372689 
389.734143 
-127.097052 
-23.197347 
56.788718 
-78.364363 
184.710825 
90.090267 
-110.816551 
-431.784738 
-164.924154 
-101.820968 
99.005189 
292.609097 
-101.943152 
79.087771 
-254.573711 
336.500387 
214.493969 
-76.516878 
162.199473 
242.919882 
5.615330 
-121.648455 
227.214243 
-306.662470 
-68.260172 
-97.600496 
95.815778 
121.257397 
603.155444 
87.927843 
-274.802791 
250.164720 
38.999530 
-70.084844 
777.059870 
87.040836 
173.749093 
173.698189 
-63.846036 
139.751515 
168.389121 
410.365376 
-139.195104 
-44.310961 
54.076062 
31.094009 
652.840705 
-251.618401 
143.545959 
-59.849431 
261.368330 
56.573493 
367.491218 
96.381212 
-1.834409 
62.453732 
157.042135 
207.845757 
-26.451433 
-319.469114 
121.700303 
-183.594165 
-64.506552 
-75.303066 
172.509636 
-437.174651 
46.177031 
-175.064878 
62.309333 
-233.745752 
-166.525014 
241.011240 
-175.050156 
435.363512 
-121.903190 
-0.796092 
12.520883 
-197.773789 
245.715756 
-22.967769 
292.607915 
106.064484 
-21.615325 
-78.125171 
106.278284 
-125.289455 
-228.455997 
-5.173333 
198.418776 
77.528230 
154.426232 
94.642571 
-319.549329 
-59.615986 
-187.035207 
-152.748595 
194.047633 
-555.975778 
255.341570 
298.819306 
-67.399991 
-299.857459 
-163.897671 
-214.814965 
-196.477091 
-17.135290 
-210.039052 
-120.248005 
-1.530357 
62.560739 
-14.977715 
-20.399936 
-91.502846 
63.038085 
-34.004609 
207.591423 
370.141632 
-39.209223 
354.719903 
305.374794 
354.720657 
-467.853982 
-350.902488 
-167.627670 
49.514995 
109.877468 
478.940660 
171.553457 
-625.514402 
-327.261747 
-20.139138 
-4.896462 
-27.765441 
-139.727736 
-170.286823 
241.047389 
1.794375 
-82.431399 
143.547233 
405.641212 
178.330341 
-279.310971 
-169.707796 
158.602551 
228.793198 
295.777079 
83.650648 
-212.461495 
-289.881638 
64.752124 
206.349648 
66.029698 
7.448319 
82.058563 
12.480262 
-153.863234 
51.900393 
-67.921493 
23.656768 
-253.492908 
-104.533955 
61.118708 
-219.743425 
-86.743591 
367.137380 
391.982420 
-294.389821 
-365.066517 
139.202622 
-256.464329 
18.681966 
-115.078928 
-437.428131 
174.929375 
159.536989 
99.763851 
-147.868117 
241.554102 
484.677752 
168.012004 
-273.954647 
-5.520350 
305.028527 
404.402989 
143.542661 
113.537187 
-62.683161 
272.905382 
79.755760 
-15.516930 
-246.565592 
-38.299045 
43.159028 
331.693418 
-174.263644 
-260.119445 
84.952197 
-284.063300 
-398.138431 
6.208845 
-101.894246 
151.875110 
-89.691280 
-453.069611 
-5.517089 
112.997899 
-48.868596 
-187.599465 
143.546387 
42.530587 
-552.255925 
578.311981 
117.499487 
21.465887 
379.562507 
58.251191 
-203.927918 
-203.116065 
-131.288372 
-375.813204 
-47.425507 
82.727925 
-157.069557 
-110.948846 
-362.573703 
-129.780791 
-121.594087 
-59.786941 
-86.050873 
-17.829123 
127.447882 
297.261513 
302.335056 
-82.193319 
-113.009396 
122.218293 
103.704259 
-60.801706 
-265.853769 
39.916657 
190.006945 
165.459751 
18.856211 
-254.584057 
-240.457297 
69.381681 
-195.930301 
-101.057287 
117.310992 
144.603926 
126.611952 
-17.936943 
-140.234489 
-70.348625 
-93.230939 
122.118391 
17.181049 
123.501789 
-229.474243 
-160.002494 
106.281642 
-30.360804 
-126.219985 
103.603513 
-14.052517 
-114.000094 
19.328136 
307.167064 
33.394437 
133.333548 
-72.976867 
27.093592 
329.874073 
-99.496655 
-118.568178 
-37.348157 
312.788873 
-5.077181 
-11.955586 
118.894570 
-95.680301 
210.334053 
124.698844 
19.326854 
-741.515169 
-260.165338 
162.339165 
38.351752 
-297.517234 
123.186934 
-391.603497 
-82.250374 
-17.939012 
-238.254023 
-103.986412 
91.338582 
-107.504641 
-28.651346 
-481.793147 
-100.271038 
61.844042 
143.545276 
22.228728 
-43.998259 
-42.781658 
-30.361445 
68.722078 
-60.177908 
-146.014534 
-42.785121 
-42.783005 
-165.456585 
-34.502659 
-26.831578 
-153.125456 
-0.037120 
-69.732756 
155.965632 
-100.234771 
155.967876 
158.901962 
-92.274075 
-54.744952 
37.420672 
-145.353107 
-178.476789 
45.199969 
205.655011 
27.821509 
35.000196 
-159.751220 
-137.034626 
-56.849082 
-66.276050 
-290.957832 
34.354511 
732.226398 
-286.931961 
217.875677 
-67.626093 
-285.431014 
110.476813 
-181.482618 
88.152109 
-320.055216 
-40.629215 
-273.852089 
-331.840766 
-42.079586 
-175.696227 
-43.995121 
-22.205193 
-30.358786 
-192.083821 
-43.590727 
55.632253 
267.621048 
-93.462807 
-212.323461 
-117.473289 
-192.823686 
139.994616 
-137.907451 
19.327898 
44.006496 
-275.782867 
6.906968 
-120.190075 
-67.040592 
-30.359057 
6.906513 
-361.914607 
-349.916994 
165.024509 
75.736533 
6.030429 
-236.349877 
6.906908 
40.655053 
19.328996 
-172.316772 
4.925522 
-57.636876 
-245.366365 
-155.481977 
-27.775791 
-234.885691 
6.135166 
-74.764433 
-166.023963 
-166.233290 
-180.495234 
-184.075128 
-24.734673 
155.969665 
-140.754689 
-260.040067 
-222.118800 
-57.696984 
-77.447600 
-112.860944 
-17.937652 
-17.937524 
-445.739999 
-42.782857 
341.897047 
-169.513659 
-305.117465 
-248.782705 
-154.513945 
149.207306 
-167.001079 
27.963173 
-59.700867 
-178.822380 
-190.640602 
-67.626447 
-166.627376 
175.892506 
-170.521108 
-290.927591 
-151.274033 
208.662297 
58.684729 
-159.832790 
-91.422951 
-304.237459 
67.233089 
-167.003590 
26.066623 
244.785841 
-167.001730 
-116.162070 
-167.001817 
-228.430392 
15.695970 
292.610122 
-335.645158 
-181.740990 
356.106873 
-50.346487 
-295.600518 
-74.248585 
20.221078 
143.547203 
-221.767408 
-44.293655 
6.347393 
-162.045821 
68.397656 
353.532445 
297.709600 
-50.779947 
55.896123 
81.435992 
204.768181 
94.454922 
305.033438 
331.429870 
-22.270857 
-591.150276 
-93.582238 
376.804052 
342.215325 
187.649697 
40.911152 
-35.245882 
140.183815 
251.816396 
176.237068 
42.583912 
75.400379 
2.075046 
123.880764 
242.924253 
298.240051 
185.083591 
16.175287 
-8.015324 
120.977254 
393.259038 
191.888480 
-131.130116 
-146.901414 
603.161089 
-2.044029 
399.591960 
-27.515112 
244.081396 
72.894426 
494.893643 
-150.580330 
329.872807 
96.607943 
-159.815373 
91.617223 
-2.189617 
-78.988760 
55.304357 
-138.713125 
219.367065 
-222.534609 
-355.208097 
-50.993183 
257.070697 
178.154017 
-84.213928 
-70.091578 
-140.908376 
117.332367 
68.997272 
602.752651 
844.857606 
-213.439561 
41.891908 
206.923271 
17.860153 
82.256138 
44.016689 
-239.733031 
-125.456829 
-37.720557 
53.052317 
466.513705 
42.500983 
74.218321 
106.046432 
309.999449 
227.222470 
-57.268826 
-86.505335 
267.764447 
-164.794623 
-290.247406 
402.847523 
-105.257214 
-43.392754 
308.919380 
-64.708064 
-3.111521 
528.631489 
190.582494 
-226.434168 
101.993297 
-29.490829 
-79.594386 
777.069701 
191.139769 
-84.553791 
178.270055 
46.688907 
319.992668 
118.698049 
342.679196 
-151.081400 
-183.306759 
48.548189 
-78.501045 
379.574675 
-277.596698 
118.710382 
90.627074 
288.719084 
92.239201 
186.279722 
-28.615154 
147.698738 
41.383821 
78.861523 
-76.987608 
-21.273927 
-373.365565 
-16.626343 
-33.970808 
-313.385792 
102.388838 
164.407324 
1.471297 
-69.135022 
-258.987332 
78.095776 
-187.230329 
-296.602392 
-118.305499 
93.612626 
94.079348 
-232.654368 
132.286881 
-4.879857 
204.937239 
5.467002 
395.147573 
354.717902 
-43.958021 
53.422333 
-183.564340 
69.012858 
-337.459547 
-367.647867 
330.517915 
-235.073873 
148.562671 
68.004909 
125.241954 
-214.114682 
-117.033980 
-131.489946 
7.078826 
346.222843 
-619.153129 
193.236996 
255.346099 
-20.855140 
217.622823 
67.014166 
280.838990 
-25.565793 
94.835293 
-187.867791 
-113.549329 
-173.097259 
-91.839887 
14.039483 
-253.311551 
-57.442947 
-28.052961 
314.884225 
320.362041 
3.182538 
330.446075 
193.239232 
135.650055 
230.503857 
-240.651883 
-309.976394 
-21.039043 
-180.710631 
352.207956 
404.407097 
26.730565 
-472.454109 
275.177700 
-152.803256 
165.797984 
139.676865 
-306.036939 
-378.586646 
22.376009 
-129.860008 
109.571056 
218.081793 
237.187799 
-253.953689 
84.757387 
149.707299 
-126.402731 
193.108914 
-54.229682 
10.044732 
-231.727277 
-37.405383 
12.559888 
-53.814538 
70.232143 
-138.725730 
-145.638645 
-187.131707 
-115.859510 
213.439222 
-117.887663 
107.492155 
-282.432276 
-196.173399 
65.939141 
248.635209 
-128.780037 
491.363969 
478.939960 
-301.932088 
-165.484803 
14.500871 
-345.142640 
50.895630 
-43.539660 
-542.920071 
12.891465 
-131.951451 
-140.225071 
-166.038223 
10.659740 
260.977423 
37.790344 
-193.267740 
155.968119 
118.701613 
69.017464 
193.233837 
230.885322 
-32.002900 
534.989982 
89.390846 
49.132803 
-468.329037 
-231.863333 
196.186511 
188.423801 
-231.192869 
-200.634296 
-269.108837 
-84.624729 
-227.522918 
101.638341 
-49.956237 
111.865406 
-260.384512 
-424.226869 
379.558256 
134.565011 
314.278469 
-317.918630 
603.151484 
-139.182160 
22.458556 
404.399617 
88.533354 
-197.893371 
168.386908 
177.486608 
-338.107409 
-204.975381 
149.757683 
-499.200388 
-33.602652 
-144.462613 
-228.869233 
-38.814554 
-153.638984 
-145.201934 
-174.485562 
-199.815233 
-488.998740 
-3.768521 
50.486861 
-0.344598 
23.628961 
-130.085425 
-75.256946 
16.881993 
-20.879976 
-149.731903 
-335.967277 
-20.591899 
-80.026805 
75.086597 
-122.156270 
-155.195600 
-300.742502 
68.603861 
-196.875123 
-249.776028 
149.732303 
-172.529289 
-132.296106 
-5.514352 
-256.780288 
-41.850716 
-100.133173 
155.170371 
-80.407279 
73.333437 
-172.129317 
-114.548511 
-67.626533 
-80.046078 
115.953496 
-50.147960 
-62.623828 
-392.247996 
180.810911 
-97.270285 
-46.425755 
10.856860 
-282.318154 
-379.268365 
-30.360767 
-52.663575 
-236.375203 
-251.613618 
121.018609 
-65.648081 
-36.089329 
56.337630 
-89.188170 
118.554722 
105.910816 
131.122824 
-691.832519 
194.008507 
-78.327077 
-71.976274 
-303.750942 
61.758903 
-314.249312 
49.861616 
-5.519356 
-56.359751 
-423.949379 
-82.701513 
-333.900714 
-191.895083 
-261.241453 
16.193021 
-214.893375 
155.975670 
-33.267561 
-164.091411 
-5.513999 
255.343521 
31.813188 
-81.164884 
-100.850791 
-17.934788 
-5.510547 
46.616125 
-153.739880 
-59.673534 
-269.804650 
98.187959 
15.215423 
155.982990 
-139.046749 
6.918286 
-193.924415 
-107.223405 
95.325062 
-236.401412 
-2.549332 
-232.505722 
-47.263267 
317.456594 
45.089651 
-169.139580 
-228.246316 
92.989301 
-190.092351 
86.903145 
-85.056563 
-129.779114 
196.777079 
-258.868356 
87.517451 
-17.933895 
-293.648498 
172.727724 
-237.832102 
36.509598 
-222.752317 
-10.455746 
-171.423703 
-248.361005 
-129.109030 
-177.794819 
-43.259420 
13.088708 
-17.940546 
-300.418338 
-30.676130 
125.910695 
-693.279252 
-127.109273 
-98.684688 
-257.063641 
-81.852586 
-69.268942 
-222.152099 
-5.519772 
-182.497013 
-258.998167 
-17.938957 
-3.498146 
-208.638325 
-67.628675 
-67.629704 
-71.614771 
-371.284270 
-77.341098 
238.779351 
37.773678 
-262.930842 
-80.046822 
-20.656125 
56.593976 
-53.463715 
-38.050370 
-31.999239 
-381.230734 
-384.694324 
171.466657 
-34.583075 
-110.828674 
-48.573863 
-16.920820 
-198.870498 
63.524008 
-152.030391 
39.487242 
-80.041410 
-168.985149 
-110.152817 
-129.094465 
-340.657697 
-72.972617 
-105.327503 
6.911218 
-17.933668 
-276.051316 
-17.935540 
291.409746 
50.923170 
71.362304 
-39.800750 
-254.525791 
206.257941 
-166.997895 
-49.161508 
22.373693 
-146.537989 
-496.883495 
-167.000804 
-145.126561 
116.304534 
-146.371265 
-391.393428 
-181.555045 
13.583700 
-85.344092 
-115.260458 
-133.754445 
8.701361 
-62.025994 
-167.001105 
281.374718 
-39.249671 
-167.000544 
-17.440818 
-167.003142 
-422.505906 
64.099575 
627.999174 
-204.620310 
160.217705 
48.673999 
-335.066086 
-318.255765 
18.499381 
377.103037 
118.701731 
-53.373967 
-231.248496 
-221.176854 
488.449909 
112.697963 
34.804829 
-11.948742 
-459.748857 
97.965821 
19.328452 
262.898867 
340.508870 
367.139082 
552.252559 
347.728455 
-665.834944 
479.024858 
243.104990 
250.983314 
219.118769 
-17.742609 
33.610358 
81.340087 
495.950163 
-71.942970 
-8.285313 
187.395216 
221.013091 
427.364693 
528.623333 
292.137953 
42.648934 
226.329006 
180.214993 
205.918580 
330.674211 
-202.217877 
-1.193993 
-69.451798 
429.248060 
-270.331512 
414.219372 
282.340235 
143.453997 
-415.439979 
420.872412 
-264.734252 
118.699743 
50.550732 
44.500493 
84.048658 
-21.699601 
166.262418 
189.363564 
-37.945785 
291.405007 
-238.139352 
-62.472473 
-49.280317 
-78.412053 
148.549364 
61.550766 
-65.877105 
-6.325588 
92.096082 
-71.447803 
211.346130 
1069.388149 
-4.419455 
134.317757 
210.197077 
218.855641 
-34.199338 
-133.197036 
257.542108 
68.632050 
-55.311844 
-126.265271 
777.060179 
125.466507 
-52.157573 
-107.485901 
-74.249871 
325.657449 
-1.088612 
-114.666220 
354.717897 
-67.595991 
-217.927733 
152.653461 
-24.960069 
-15.641981 
-127.963419 
191.481098 
-34.528412 
131.124052 
-2.934973 
-274.925563 
-99.603456 
-0.652749 
-19.895300 
143.545860 
-50.104733 
-46.148979 
-63.497474 
290.821643 
-4.139888 
416.826905 
126.187425 
-58.706190 
-171.650580 
70.744758 
-63.541546 
44.172253 
-16.978302 
503.784431 
203.780020 
36.320721 
-80.849094 
258.531130 
-163.116389 
194.180770 
-95.426441 
-308.287342 
-263.028445 
-178.701679 
-210.036616 
-51.193792 
-562.245691 
45.042772 
118.032647 
351.235262 
12.341058 
-124.187119 
-175.143714 
-12.498055 
-455.181145 
-332.999329 
-173.434126 
-183.774826 
-284.139691 
-120.178276 
112.680359 
-180.434554 
-234.638329 
31.263022 
39.703485 
429.251450 
-74.513019 
243.293856 
-326.574928 
292.607431 
-41.500005 
-381.753010 
172.081039 
-83.492685 
-93.739690 
75.032361 
-190.169134 
-473.145078 
89.847619 
20.125655 
-182.267957 
15.424214 
-148.921469 
391.984070 
379.560325 
155.098852 
201.641220 
-66.029539 
6.763269 
350.818581 
152.950540 
-448.162067 
-38.664041 
-266.445062 
70.453819 
-282.851391 
5.150459 
-301.543425 
-91.556602 
75.439962 
440.310910 
184.561533 
-47.352815 
280.186216 
-54.775825 
106.280273 
65.718779 
-78.758107 
-80.767206 
-225.272003 
138.187721 
180.810827 
146.114105 
-513.641497 
128.718525 
18.544276 
212.893110 
128.067284 
-344.943671 
-69.855611 
65.399062 
-158.431514 
-98.432725 
267.766926 
161.117521 
-142.155177 
-59.673417 
196.170300 
-158.337261 
22.884825 
149.324895 
221.752020 
-264.395878 
-240.845553 
-24.446457 
8.412049 
111.833409 
-174.844341 
-421.333339 
-249.372531 
-153.754281 
162.576968 
61.888950 
-34.110697 
24.278182 
-368.470370 
3.811198 
96.959071 
-178.288093 
143.547790 
367.142068 
-479.859265 
-121.053652 
75.862765 
-317.373860 
145.569089 
149.516672 
-397.456809 
82.094399 
-196.893174 
-179.794952 
-327.486411 
176.723002 
17.290417 
112.810794 
-403.299193 
379.562384 
168.390311 
69.015703 
143.546957 
-116.356477 
-87.455763 
-79.970110 
-157.802236 
-62.999251 
-212.916960 
-25.621877 
-96.422815 
428.659214 
-483.369517 
-210.333086 
-77.696931 
-27.787775 
-340.376333 
-175.059241 
68.815408 
62.288020 
-204.949125 
-274.699983 
354.717255 
-149.986710 
126.235592 
69.990952 
553.468473 
-46.310864 
-237.418981 
218.077989 
59.087503 
61.017262 
143.545974 
190.748545 
-141.301745 
-253.057322 
100.069941 
-81.303302 
278.310105 
217.665909 
99.220288 
-7.039889 
-144.512400 
-25.396081 
-181.925163 
-273.223753 
89.744291 
81.442066 
116.364359 
52.780784 
-417.676330 
-115.104089 
-30.102600 
-51.994164 
-155.328344 
-168.463528 
-104.201000 
-154.606644 
16.780613 
-156.594166 
-154.779633 
-127.440265 
-438.890407 
49.228206 
-255.841056 
137.992508 
418.306854 
117.170466 
-6.571202 
44.170430 
-120.023470 
73.547092 
152.450764 
270.017178 
46.381287 
102.274455 
-214.853770 
-77.023942 
31.748864 
19.326595 
104.779140 
-115.766046 
-1.063784 
-418.751097 
305.029437 
-46.743208 
32.580284 
214.210449 
12.364678 
53.213135 
44.171084 
43.327586 
-116.620638 
-97.117827 
-21.347519 
-74.022185 
-26.461597 
35.125080 
-220.000807 
92.465448 
40.327237 
155.968939 
-85.476919 
-235.320836 
296.030882 
15.559615 
-240.038515 
-0.952863 
-260.491768 
78.474501 
-5.516066 
-12.459542 
-92.645448 
-16.132385 
-176.213438 
17.962945 
9.295657 
-39.983899 
-145.321888 
81.438593 
-25.917612 
33.107843 
44.173419 
404.406173 
-111.460063 
-9.647479 
-265.191294 
31.751317 
31.748690 
236.492389 
-127.252080 
64.254455 
-126.237299 
27.003375 
130.397903 
230.500319 
-43.555850 
6.907603 
-134.783848 
62.055280 
-66.737506 
92.518508 
33.419021 
-203.200872 
-171.222341 
416.829322 
269.198821 
10.911383 
-159.653830 
186.173019 
-313.283962 
48.349517 
24.842324 
79.055245 
62.367507 
-173.811400 
-18.447498 
-80.046978 
16.636677 
94.376618 
-238.622566 
46.646731 
-307.565063 
150.452120 
49.157387 
-88.731972 
-77.676241 
-146.899746 
86.641192 
40.818093 
-5.517371 
-262.470404 
-60.554325 
150.807158 
-941.038463 
-69.454607 
-61.727184 
-145.969875 
-124.573296 
183.807803 
-66.250425 
-17.939579 
126.754170 
-43.914331 
-104.891838 
-248.853124 
-129.667530 
-55.203467 
-30.359343 
-109.287387 
-238.321535 
58.644273 
-150.257848 
-51.003453 
-179.771112 
-5.516290 
-143.428415 
230.500242 
-114.101264 
-118.653546 
96.185675 
-353.623116 
-146.716523 
-107.148246 
-101.939959 
-115.766535 
154.387472 
-80.844911 
-280.539090 
3.795731 
-34.669591 
-74.512908 
31.750476 
49.181797 
-228.560695 
-150.128583 
-37.417995 
-24.718388 
105.650883 
6.907360 
19.329678 
-189.237975 
6.906458 
-173.777842 
-145.226774 
135.725388 
-101.170963 
-234.889379 
-168.505795 
-167.000208 
125.413720 
180.064585 
-270.846930 
-290.644816 
-167.000597 
-125.911706 
-249.823567 
-243.305426 
48.388128 
-104.336445 
-58.391800 
-214.967165 
-392.934807 
-131.362823 
-104.213891 
12.731889 
-166.999774 
153.803682 
-192.986407 
-167.001071 
-124.462980 
-167.001456 
-284.221307 
-157.342091 
-167.000001 
-160.484038 
-177.974223 
-164.763629 
-179.108015 
-167.919542 
-166.999999 
-166.744707 
-166.999999 
-175.749735 
-164.301088 
-166.537933 
-176.720840 
-157.020481 
-165.068182 
-160.653380 
-170.801212 
-173.112031 
-166.999999 
-161.799525 
-179.056275 
-154.578125 
-165.756546 
-158.339513 
-162.132193 
-169.289678 
-155.126756 
-167.969332 
-165.710736 
-156.241150 
-162.101001 
-170.040489 
-170.980203 
-165.011262 
-167.090035 
-173.572173 
-149.349234 
-172.291884 
-167.000001 
-170.684113 
-162.470702 
-178.281631 
-167.282941 
-166.915593 
-155.000927 
-159.605257 
-163.546147 
-172.170417 
-154.578126 
-164.889803 
-167.551092 
-171.468255 
-160.700118 
-167.000001 
-157.382175 
-171.356409 
-167.000001 
-167.064812 
-167.079479 
-163.132828 
-155.697243 
-162.933915 
-181.886524 
-173.392883 
-156.507506 
-164.085774 
-171.024765 
-165.481407 
-160.630148 
-169.980688 
-163.298410 
-168.827798 
-167.322897 
-160.410562 
-164.162433 
-158.179214 
-168.604492 
-164.680980 
-164.149541 
-167.286059 
-171.212364 
-170.199429 
-164.301087 
-169.420237 
-172.937306 
-163.009758 
-172.438919 
-166.999999 
-165.661063 
-157.488391 
-160.682572 
-153.750000 
-167.943060 
-171.262983 
-164.630504 
-167.000000 
-161.269971 
-165.106445 
-169.928470 
-171.565156 
-164.205605 
-159.033275 
-168.208685 
-160.523654 
-167.000001 
-159.237098 
-160.913193 
-163.782164 
-169.525672 
-169.502868 
-167.000000 
-172.748167 
-149.007616 
-163.495259 
-166.403891 
-163.226784 
-167.000000 
-162.983292 
-165.527296 
-161.104444 
-164.414934 
-173.816788 
-154.578125 
-168.643242 
-167.000001 
-169.530230 
-165.286439 
-167.239337 
-162.954886 
-158.371822 
-167.611705 
-160.718571 
-163.829826 
-166.163656 
-169.423499 
-161.960233 
-172.844578 
-182.923472 
-167.583835 
-173.483311 
-169.450984 
-167.000000 
-165.595264 
-163.322410 
-159.801114 
-165.597964 
-173.659490 
-163.318969 
-172.072253 
-164.663802 
-168.811080 
-171.932165 
-171.151917 
-159.453568 
-161.831158 
-172.700731 
-154.578125 
-162.847611 
-166.650401 
-162.600429 
-167.000000 
-168.102046 
-169.529551 
-166.047469 
-169.096598 
-164.653562 
-171.832911 
-172.347513 
-168.437950 
-167.887271 
-166.326117 
-165.163481 
-160.841801 
-176.143280 
-154.578124 
-160.789062 
-172.428525 
-158.614834 
-169.370907 
-167.188589 
-162.074339 
-164.396194 
-160.462223 
-172.663787 
-165.515300 
-168.217384 
-160.677694 
-168.028691 
-165.675813 
-168.546040 
-159.894594 
-163.933923 
-166.292907 
-163.594837 
-167.000000 
-154.905875 
-167.000000 
-171.032817 
-165.154587 
-162.133606 
-160.383451 
-164.142182 
-167.000000 
-164.137549 
-157.274597 
-165.939307 
-165.562470 
-173.832880 
-164.905299 
-153.045844 
-160.621705 
-170.537390 
-165.472340 
-158.115262 
-142.156250 
-166.496802 
-167.000000 
-170.937869 
-155.049873 
-155.697242 
-169.488693 
-168.843075 
-168.068586 
-162.415076 
-162.338186 
-165.709632 
-166.739621 
-159.738401 
-169.172081 
-166.603773 
-169.683548 
-168.065830 
-157.886710 
-164.987501 
-164.894995 
-173.761810 
-170.331040 
-158.048367 
-171.087443 
-164.955555 
-167.000000 
-166.999999 
-161.418728 
-162.275885 
-165.262361 
-173.759988 
-170.069433 
-167.585208 
-167.592279 
-170.625473 
-174.205581 
-170.047700 
-162.089355 
-168.629035 
-167.704253 
-169.698849 
-165.465841 
-166.999999 
-167.000000 
-167.000000 
-167.000000 
-159.498167 
-173.492345 
-168.409410 
-163.724576 
-168.745447 
-169.143282 
-166.716204 
-165.302079 
-165.247474 
-164.713864 
-163.775078 
-170.756571 
-168.530095 
-166.200636 
-166.612114 
-165.769757 
-165.942551 
-165.418441 
-157.210794 
-167.000000 
-162.599233 
-165.744746 
-158.276696 
-167.000000 
-171.125719 
-167.282940 
-167.000000 
-172.617047 
-157.656993 
-167.000000 
-167.000000 
-168.257408 
-167.653681 
-154.578125 
-165.689832 
-169.530231 
-169.679204 
-165.678678 
-167.631765 
-172.150789 
-165.302113 
-162.800548 
-178.131165 
-168.940047 
-166.000784 
-173.151654 
-167.027898 
-165.229274 
-161.611094 
-166.508597 
-165.259762 
-158.724172 
-163.282327 
-173.109614 
-158.184854 
-166.734744 
-153.043883 
-169.097061 
-164.205605 
-159.773998 
-166.995973 
-158.305888 
-165.804531 
-165.011262 
-163.796353 
-163.880159 
-167.000000 
-168.347684 
-164.605396 
-155.743862 
-165.623889 
-161.611093 
-165.459461 
-164.939638 
-168.896054 
-166.999999 
-167.000000 
-159.024109 
-168.681123 
-170.636186 
-167.000000 
-166.999999 
-162.556768 
-170.929229 
-162.424639 
-165.827256 
-163.806579 
-167.000000 
-167.482556 
-167.365357 
-168.788757 
-160.695193 
-163.303546 
-167.558852 
-168.068538 
-162.469146 
-164.702202 
-161.910757 
-167.000000 
-167.000000 
-167.000000 
-162.328162 
-162.099376 
-168.567765 
-168.772404 
-164.959809 
-167.244105 
-167.000000 
-168.923501 
-166.820087 
-166.466499 
-166.815203 
-168.136638 
-166.915593 
-166.657478 
-165.998246 
-167.000000 
-165.814424 
-166.519370 
-167.000000 
-167.000000 
-166.044840 
-167.491436 
-167.244104 
-167.000001 
-167.000000 
-162.084454 
-167.000000 
-168.798973 
-157.095131 
-164.573961 
-162.685210 
-167.000000 
-154.578125 
-167.000001 
-166.238888 
-166.573002 
-164.983325 
-162.376096 
-166.483352 
-168.567989 
-165.998201 
-167.000000 
-166.613997 
-160.799435 
-169.525672 
-166.328860 
-166.628883 
-154.885763 
-169.028857 
-167.895462 
-167.000000 
-167.993117 
-164.731027 
-167.000000 
-169.561333 
-174.369775 
-160.991779 
-169.910794 
-160.466965 
-173.960750 
-174.790171 
-168.557392 
-168.018224 
-165.855079 
-166.823073 
-169.811702 
-167.000000 
-170.226272 
-160.484265 
-166.727485 
-165.495789 
-167.862327 
-168.972611 
-168.867937 
-166.406190 
-166.921813 
-170.537560 
-167.000000 
-170.386953 
-163.247172 
-167.000000 
-165.592034 
-168.963143 
-167.000000 
-167.000000 
-167.629194 
-166.569705 
-169.874447 
-169.190671 
-163.663003 
-172.129482 
-167.000000 
-167.450591 
-167.000000 
-166.045415 
-169.924850 
-163.558650 
-168.755694 
-162.713865 
-166.115881 
-167.974359 
-166.539279 
-170.765665 
-166.068954 
-159.739360 
-164.232366 
-168.845144 
-164.632183 
-167.000000 
-164.414839 
-166.690049 
-163.114308 
-165.678678 
-166.091251 
-165.370236 
-167.000000 
-167.000000 
-166.664792 
-167.000000 
-165.469169 
-169.895497 
-166.751322 
-165.383885 
-165.736478 
-163.050910 
-167.000000 
-165.924354 
-156.616023 
-167.698998 
-168.070405 
-167.000000 
-168.275910 
-162.954507 
-167.165869 
-165.537441 
-170.200099 
-168.435154 
-166.273351 
-167.484357 
-168.176801 
-164.846680 
-173.039742 
-167.000000 
-168.864442 
-170.071189 
-167.000000 
-174.267195 
-167.000000 
-169.626651 
-171.629874 
