-1.437528 
3.721645 
12.850192 
8.101138 
13.734488 
31.873244 
64.333286 
14.808931 
-1.437529 
-6.967662 
-30.490856 
3.523924 
-21.608258 
-16.471201 
-2.749579 
-9.461013 
-24.940081 
-59.548693 
-52.687525 
-46.041124 
-23.074805 
-27.062525 
-29.617782 
-33.398239 
-42.063317 
-62.199315 
-90.823464 
-48.839038 
-63.873136 
-36.867953 
-16.999869 
-9.369465 
5.720514 
-15.566033 
-2.866122 
-0.676653 
12.346754 
11.127825 
24.187478 
21.539136 
10.563893 
-11.780201 
-21.272510 
-28.125560 
-49.241325 
-48.235841 
-76.630489 
-80.694428 
-78.312524 
-77.273596 
-57.724868 
-74.098408 
-43.653010 
-29.464870 
5.075250 
11.208744 
24.187481 
61.235940 
51.756075 
68.517262 
54.882588 
47.759636 
50.996397 
48.954225 
33.128811 
14.416627 
-7.709459 
-26.308517 
-30.873381 
-42.402274 
-61.103634 
-48.590679 
-51.717340 
-40.125789 
-49.542080 
-50.682298 
-40.355514 
-39.341538 
-22.028669 
-43.674429 
-13.620545 
-21.032751 
3.220228 
-19.089531 
-40.036244 
-30.414549 
-14.155329 
-27.062524 
-10.374655 
22.160585 
6.721046 
64.333312 
34.899469 
34.255810 
34.111712 
49.812471 
37.826841 
46.974432 
60.491488 
59.774671 
47.377084 
60.159819 
54.693509 
44.020377 
49.812492 
9.165825 
29.239785 
-18.933977 
-18.930160 
-13.519684 
-27.062512 
-20.660065 
-10.071799 
-0.338056 
7.468818 
27.665078 
49.812450 
72.975544 
100.554352 
126.830606 
121.236175 
136.704582 
126.687447 
110.955487 
101.062497 
61.835124 
40.366224 
32.179093 
-2.219824 
-18.365988 
-53.332417 
-72.125647 
-63.736304 
-67.680807 
-41.971330 
-61.644303 
-41.931273 
-27.456084 
-45.371174 
-3.888555 
-11.437049 
-3.839850 
16.302946 
-0.046533 
-25.345792 
-27.622765 
-39.956251 
-36.950077 
-37.908435 
-28.222312 
-28.234847 
-9.547214 
-2.566698 
-13.273974 
-5.686914 
-12.033528 
-27.062494 
-8.922880 
-26.352038 
-45.632886 
-27.062510 
-54.318908 
-42.772215 
-41.017976 
-38.407367 
-43.762848 
-26.172086 
-22.590140 
-24.863836 
13.585018 
47.541095 
63.489579 
104.819928 
94.717504 
101.062468 
101.062466 
106.132023 
118.739882 
96.415918 
97.811800 
69.618350 
67.418948 
53.717096 
23.698408 
37.346357 
12.913286 
0.730572 
15.351611 
6.541908 
16.167801 
27.698295 
35.879203 
55.082238 
66.929414 
62.624970 
70.767507 
49.812484 
54.816278 
40.202358 
48.567065 
49.694610 
45.227292 
49.812491 
59.286932 
35.011426 
44.721298 
33.528534 
31.174419 
26.530091 
15.846201 
2.741863 
-18.311029 
-6.109238 
-31.060893 
-27.062500 
-58.261355 
-44.145838 
-61.063311 
-27.442491 
-34.804899 
-41.804544 
-30.650208 
-29.112774 
-0.059167 
-11.623505 
-15.633826 
-16.741069 
-27.881068 
-35.929473 
-32.364205 
-35.144011 
-37.254468 
-36.179803 
-54.273044 
-46.851757 
-52.325586 
-37.928420 
-24.777887 
-26.848618 
-5.902985 
-14.250035 
-1.437523 
-13.272031 
-38.615274 
-14.351304 
-5.818351 
-16.199021 
36.406748 
-26.717823 
7.452524 
1.438157 
-3.402761 
17.988819 
8.266787 
-8.644198 
-15.730671 
-34.020024 
-65.500021 
-78.312525 
-103.937515 
-78.312531 
-102.660043 
-58.089560 
-75.071245 
-65.318739 
-35.758858 
-30.525212 
-20.357862 
-18.232491 
-16.904029 
-20.493423 
-13.330743 
-15.270633 
-24.064557 
-24.511177 
-43.071805 
-96.792068 
-114.175518 
-126.712550 
-129.987973 
-103.937501 
-83.319899 
-44.997038 
-41.206503 
-27.062492 
-16.762598 
-16.734753 
24.187498 
24.523995 
10.223807 
-1.437498 
-31.333322 
-50.095757 
-57.153103 
-64.699228 
-72.013011 
-27.852356 
-34.775604 
-37.308235 
1.492689 
-19.525128 
-25.696530 
9.538593 
-21.686382 
-4.805721 
4.113550 
6.200746 
14.737472 
8.648908 
14.181289 
9.293319 
15.899796 
-19.816502 
-22.281441 
-17.398902 
-5.875293 
-36.494569 
-4.309155 
-24.419224 
8.939577 
-8.890043 
-11.003676 
-9.967795 
-12.473629 
11.767274 
-19.662479 
-9.477803 
-27.062539 
-13.347831 
-14.949425 
-3.045889 
-12.918796 
14.181262 
-19.520794 
5.323147 
-6.610208 
-1.437539 
24.187467 
29.879770 
28.114198 
25.530760 
-17.666767 
-27.062534 
-22.436264 
-17.305775 
-4.684872 
-35.898772 
-17.027780 
-27.062496 
-22.379096 
-54.756071 
-59.474998 
-42.595240 
-18.402453 
-4.502056 
41.408788 
19.348805 
43.972207 
49.063705 
24.187514 
32.996103 
-15.050771 
7.323875 
12.834716 
-37.001183 
-29.241750 
-59.174390 
-66.367714 
-52.687473 
-64.132041 
-39.135208 
-51.501010 
-28.387301 
1.385792 
-35.652897 
5.756939 
20.054233 
24.187502 
51.746820 
7.294208 
-1.437504 
-1.437473 
-8.456015 
-7.572906 
-9.138515 
-14.249994 
-1.437486 
-34.760134 
-31.333297 
-65.719180 
-85.446551 
-87.255056 
-79.147022 
-52.687468 
-19.855471 
-1.437519 
58.276814 
90.866550 
108.068942 
106.263003 
74.554503 
41.941106 
47.730702 
75.437588 
4.299457 
-7.583917 
-18.930130 
-17.901660 
-15.318655 
1.078388 
-7.712859 
-10.072594 
-1.587675 
-26.294622 
-12.916145 
24.187475 
5.598638 
14.806666 
38.876279 
46.402261 
63.180991 
72.527878 
23.181214 
9.142974 
-36.079498 
-63.215712 
-61.485395 
-49.044882 
-27.062513 
-24.939237 
10.112165 
36.393288 
58.270761 
58.646018 
29.414270 
12.647376 
21.134463 
27.358100 
28.233532 
-1.437492 
31.653433 
4.808102 
11.375012 
13.297693 
4.066054 
-1.437502 
11.375006 
19.352898 
34.538807 
38.050729 
29.906204 
28.822461 
-4.346812 
-14.250004 
-50.463317 
-52.687490 
-61.050483 
-85.989574 
-109.529863 
-116.236166 
-139.342197 
-114.780765 
-138.145059 
-139.025369 
-124.852111 
-111.013552 
-82.235553 
-61.592228 
-57.666916 
-51.502989 
-14.250006 
-10.620776 
-31.517986 
-22.938756 
-50.120733 
-87.525940 
-109.795378 
-116.750018 
-142.375016 
-134.089102 
-129.562510 
-169.278416 
-121.589153 
-131.198009 
-102.776693 
-90.054691 
-69.293282 
-65.500017 
-50.782906 
-43.033176 
-52.592113 
-63.654499 
-84.718785 
-81.597789 
-70.292029 
-88.482474 
-109.331534 
-97.829855 
-112.833262 
-102.563237 
-106.162741 
-78.315300 
-82.862348 
-51.380136 
-52.687537 
-67.469393 
-28.743562 
-14.250021 
-14.954204 
-39.875031 
-30.279597 
-29.722829 
-78.311613 
-154.890251 
-57.741817 
101.654270 
-36.484637 
-88.766994 
-31.331241 
131.797520 
-27.061832 
-237.431745 
49.608127 
-263.706433 
42.619615 
-45.336624 
182.639186 
77.629799 
-62.108962 
141.924845 
24.188389 
110.093252 
30.114438 
-1.437022 
-24.946950 
77.332355 
-35.129015 
91.515312 
-434.056521 
-5.224253 
-116.229664 
202.653340 
57.992338 
-17.242573 
43.668879 
-8.235662 
-162.096597 
353.876464 
-42.685473 
124.540915 
-27.062001 
50.995365 
11.678489 
-68.162208 
-141.991359 
95.526693 
306.981497 
-18.961843 
-155.496022 
106.654038 
24.186542 
-8.066182 
264.143793 
72.181045 
44.258549 
16.982091 
163.807964 
-112.987149 
-1.437688 
23.164523 
5.433515 
22.367180 
30.644378 
90.692636 
45.525307 
161.580290 
298.124014 
-45.049669 
409.750556 
-62.391807 
-19.056439 
304.562815 
255.446040 
99.262303 
219.575536 
173.136430 
99.209538 
137.168882 
668.184721 
67.810031 
36.606545 
-90.232965 
221.132887 
301.754218 
325.681027 
81.197510 
262.787911 
267.755607 
229.785660 
575.127263 
6.951272 
308.281492 
6.609345 
406.004161 
174.973349 
-85.418799 
295.477421 
421.374855 
-99.802919 
-23.189732 
109.426329 
352.677431 
-162.586249 
-31.031085 
103.778624 
25.583416 
229.187432 
250.600163 
-257.122893 
324.735585 
67.791687 
79.050636 
216.377334 
244.374705 
-128.745349 
-114.823674 
-275.927270 
135.984719 
24.186528 
237.996927 
-347.885333 
-322.183297 
241.146282 
105.812601 
190.750142 
-350.520641 
331.689891 
-38.883722 
196.441376 
-103.124228 
228.653947 
63.913688 
-100.752448 
-302.994443 
-244.737486 
86.392690 
-0.644924 
-250.445315 
-87.146561 
-220.603838 
-71.634665 
-276.896927 
17.422861 
-56.694386 
61.827091 
-90.850855 
74.911032 
-456.333968 
-530.170405 
-214.134782 
-188.308625 
48.049042 
-304.543271 
71.432548 
113.257357 
-159.652566 
75.395024 
-162.798131 
152.311198 
-56.910421 
72.427468 
-377.374950 
280.436884 
11.889151 
-66.431984 
5.164374 
-202.990272 
189.771888 
126.149413 
-358.299316 
-35.466157 
-94.286217 
-68.016328 
325.329193 
-213.183670 
198.925677 
-1.434810 
75.437002 
240.580366 
-355.138686 
-90.877003 
-113.776440 
133.131285 
67.218993 
-101.740704 
-31.182437 
-6.431013 
-77.700658 
-300.748706 
74.604349 
-22.734554 
34.983691 
246.057054 
114.189751 
-87.667047 
-56.259374 
49.812426 
170.349233 
459.810390 
-518.516061 
-1.323019 
-143.382052 
36.195617 
-34.249458 
254.810696 
124.660591 
-405.370097 
-274.858105 
53.428414 
-110.218639 
69.594673 
-258.294468 
-118.880766 
-337.680927 
-32.588321 
-150.632293 
203.557368 
83.730970 
86.536473 
-200.027966 
210.994151 
17.827233 
31.156584 
-167.404879 
136.180849 
-101.710751 
-100.472111 
-158.877129 
59.825529 
7.601211 
-273.990832 
106.292449 
121.375580 
123.155708 
-45.145057 
-109.592164 
128.855840 
-154.133531 
-99.146239 
357.518148 
-40.529640 
94.472267 
24.187797 
152.313003 
-89.141714 
-340.053335 
171.512626 
-61.658646 
-156.581261 
340.751272 
-389.605447 
268.532365 
-43.696450 
49.790530 
31.101536 
436.210741 
-236.248413 
167.222514 
-164.890854 
-1.435127 
216.379351 
24.189750 
293.253563 
422.043737 
-221.585117 
135.752761 
42.353349 
219.195216 
-282.795866 
-88.226214 
68.274016 
251.433269 
-327.707584 
-51.986717 
60.701091 
-239.663480 
-240.842164 
-79.665130 
27.190420 
8.902218 
-164.475834 
-25.036490 
139.501540 
-138.351913 
-109.044922 
14.180423 
-1.437962 
60.458666 
-302.733930 
267.625935 
82.341215 
-213.247229 
177.938653 
255.663341 
-220.622066 
2.751761 
-296.922395 
-235.074370 
-179.818104 
-101.204868 
-68.387982 
199.515091 
-195.179989 
1.011144 
249.673244 
300.099805 
-92.455230 
45.915151 
210.783109 
-229.954882 
163.509671 
239.779088 
187.497787 
59.938108 
51.344955 
-146.592689 
-122.458198 
-18.306053 
127.933410 
41.825479 
32.545977 
-175.395938 
-351.447580 
101.544450 
93.729824 
-88.210004 
169.430028 
-157.326431 
104.357275 
434.190583 
16.142673 
110.603002 
43.828513 
196.676515 
-183.036394 
246.550366 
-178.498400 
-107.380452 
24.190263 
242.003243 
128.322178 
-178.596703 
-31.391109 
-113.334048 
-1.437873 
-42.137129 
-4.434650 
-201.573752 
-344.230430 
-53.790372 
165.125827 
62.177710 
-122.324635 
5.418837 
-98.760945 
-74.212149 
42.518211 
-194.879041 
-85.013531 
-98.399659 
-51.358151 
241.998531 
-169.602141 
7.370640 
-22.616033 
-143.260287 
-177.718943 
136.997943 
-222.830135 
66.847487 
113.870780 
234.763896 
-248.715908 
97.699158 
-13.273402 
-142.518716 
-144.220513 
-270.282334 
23.759190 
113.876536 
110.726829 
-61.301153 
-27.072040 
36.999225 
-33.198698 
-67.703986 
-108.270075 
-52.690999 
190.748608 
115.087447 
-154.334671 
-117.015962 
11.870835 
14.548425 
81.692680 
-14.253193 
-15.046264 
-52.691758 
51.553414 
35.942748 
218.301347 
209.718517 
-227.198299 
-96.490774 
20.888676 
113.877239 
71.438262 
11.580881 
-96.213106 
-169.412180 
179.457950 
-180.508025 
174.885527 
-89.384589 
188.894780 
-224.237184 
162.124351 
101.060822 
-236.822053 
552.220457 
158.749807 
123.105782 
-341.636163 
-32.017220 
-46.686667 
-110.835468 
88.049684 
-198.359449 
-126.246051 
177.809713 
36.999036 
-316.185822 
-46.681903 
20.372965 
-55.047779 
13.607974 
-53.653994 
184.090002 
261.388519 
97.925620 
-17.316721 
-39.876536 
101.056593 
-189.488474 
-39.877117 
-198.290221 
-210.387509 
-27.063647 
11.372792 
-169.032313 
-180.153833 
105.569859 
-150.812501 
-21.010167 
-300.427386 
-14.252372 
-114.284758 
-103.940151 
1.950792 
-179.894090 
1.956414 
-96.648965 
-651.603674 
74.211138 
-357.139964 
-133.907015 
-100.184310 
-247.714565 
-142.790501 
-3.933200 
-343.669405 
-17.490721 
-39.874606 
112.508924 
113.193009 
-463.537565 
-106.826378 
-25.915258 
265.646031 
-65.499851 
-78.312407 
-92.562504 
344.500154 
-138.190283 
-148.125922 
-178.047393 
-177.785709 
35.607968 
-84.374157 
-39.875197 
-45.697623 
-43.872556 
-201.108007 
-273.978661 
-83.116281 
-95.142971 
122.150758 
-91.833614 
-5.558875 
-172.327520 
-2.352330 
-124.534208 
-222.799789 
-56.702725 
-29.642895 
224.218153 
-39.877923 
-23.090110 
-20.852033 
-39.871680 
-7.085678 
-168.000644 
-305.046767 
-19.348869 
152.316888 
-89.860250 
144.096579 
261.045089 
515.862974 
-159.508555 
-345.663874 
344.036824 
254.815715 
-318.748586 
92.887421 
-197.216525 
237.183622 
96.508222 
294.516444 
485.655413 
-8.496090 
223.307299 
447.000851 
194.679940 
-44.545598 
652.000627 
73.498758 
356.509895 
282.684152 
265.116314 
-342.866361 
35.756476 
232.640255 
13.511241 
180.997363 
30.551036 
267.374209 
276.176206 
11.820545 
400.360934 
268.734158 
58.469150 
152.311817 
414.777270 
-80.906605 
-240.958999 
-158.024405 
214.354232 
594.415745 
384.027758 
-189.044033 
78.813422 
459.810973 
-27.510539 
602.884733 
215.699927 
273.716594 
146.705632 
109.640744 
239.845761 
856.998097 
34.356599 
24.635990 
-21.672585 
-14.674968 
142.630172 
-214.766576 
206.675419 
159.291803 
24.243649 
162.305606 
-56.043557 
188.829554 
160.589790 
365.770699 
69.379518 
-58.295619 
-51.762483 
201.294894 
136.501444 
652.905688 
-62.682233 
68.670019 
-30.952182 
224.476404 
392.762982 
115.662011 
-158.103800 
55.167836 
342.674714 
-86.434677 
472.624089 
-308.950071 
219.939361 
148.138277 
132.666878 
92.571905 
-171.088395 
-152.576287 
421.375068 
-73.601707 
-95.406975 
129.638441 
123.699972 
-283.869375 
-41.813879 
378.897566 
-438.817672 
280.436049 
126.567596 
-596.463743 
424.806316 
-42.768092 
12.199687 
139.497980 
131.782372 
-210.194508 
19.238929 
-442.150417 
9.213484 
152.306335 
107.809167 
-578.375409 
-267.601736 
131.154017 
81.918184 
37.001475 
-495.090833 
331.688332 
-28.203912 
-18.983293 
43.846834 
91.804412 
-419.900588 
122.523488 
-405.993500 
-240.464519 
-31.443340 
-0.020706 
-270.193816 
-136.085912 
-304.603884 
-199.923313 
-142.583773 
90.265728 
-39.073517 
92.023161 
-415.671607 
107.722912 
-452.249860 
-443.826138 
-353.540703 
-26.777460 
-155.440483 
-76.292854 
97.041505 
480.433075 
-136.449225 
124.348232 
-136.319143 
280.438044 
-184.405854 
52.873914 
-408.486556 
408.561043 
-48.244106 
-149.697709 
241.520722 
96.022889 
124.311254 
304.822721 
-515.772381 
172.099511 
-53.041052 
-358.734698 
388.795801 
-63.774340 
-79.679491 
75.434593 
190.749623 
409.163350 
-316.477121 
-6.099915 
-383.679032 
-194.028496 
583.347722 
-101.249127 
9.439712 
50.444242 
-49.465958 
-269.511804 
242.254736 
195.277584 
-43.889190 
222.129259 
147.775940 
47.837026 
135.463642 
254.812982 
291.180510 
523.874447 
-676.562958 
-113.601454 
-36.559426 
-69.740038 
-99.466875 
177.940600 
-161.169240 
-485.015948 
134.939644 
-459.082888 
-151.401775 
269.289137 
-164.686866 
-279.928654 
-193.197951 
-194.279986 
-40.484025 
370.126883 
-133.346167 
135.231679 
-160.563027 
235.138201 
100.638384 
189.803098 
-210.853105 
31.941780 
-215.517461 
-2.290193 
-169.320322 
-167.659164 
-61.910212 
-274.225871 
61.370995 
274.033938 
-109.507517 
-201.920275 
44.817340 
49.365931 
9.791340 
-233.283543 
177.215128 
-124.499354 
-100.215663 
-1.437268 
651.999622 
-434.365242 
-51.971754 
-259.507781 
-87.787171 
-259.040528 
126.284728 
-551.302193 
245.754331 
-31.236030 
23.832003 
-68.564479 
314.974011 
-314.586136 
6.707016 
-226.258606 
241.999020 
-1.437002 
267.625445 
177.937008 
131.781666 
-226.947010 
408.922317 
51.380174 
281.508205 
-322.014123 
-251.606031 
-89.776271 
378.554554 
-361.514754 
-128.628223 
27.001399 
-0.723481 
-448.404421 
-39.029578 
-256.232301 
179.951164 
-178.573307 
109.078163 
165.127847 
9.070197 
-106.240689 
-204.849373 
395.752901 
-167.435502 
-452.544073 
75.440030 
357.759094 
-118.780167 
652.003471 
105.337412 
-289.909335 
-185.355725 
-447.468016 
-180.022388 
-92.263580 
-40.057386 
-209.172418 
241.444215 
-74.270310 
60.360352 
236.867113 
296.606360 
-225.113658 
33.415903 
173.482422 
-243.959639 
3.347095 
217.203053 
45.087545 
43.570363 
-5.902423 
-68.387091 
-115.739071 
38.673128 
258.270087 
-301.826430 
-181.596059 
-219.804412 
-397.510295 
288.710011 
-85.601591 
-122.689466 
112.175123 
-120.896952 
358.521729 
780.123251 
-655.053533 
211.112217 
182.156373 
-10.731614 
-179.986367 
177.083175 
-390.561248 
-264.026108 
293.247989 
190.748552 
204.677033 
-146.231084 
33.900803 
-400.332147 
293.249567 
-304.187156 
-89.579967 
23.145466 
-536.829705 
-187.601835 
190.749309 
37.628243 
19.766479 
-22.572142 
-278.812211 
123.580131 
239.347202 
-128.770371 
-47.520453 
-38.558786 
-132.528223 
-52.686575 
-212.842775 
-327.353775 
-12.937742 
-326.479902 
-95.080721 
244.741265 
-336.387839 
228.870612 
75.441036 
-308.920877 
-415.198665 
-98.221546 
24.447668 
-51.712664 
-549.319208 
-84.324732 
282.100458 
101.066277 
3.756084 
88.180215 
229.191151 
242.002054 
-68.395669 
-186.710941 
-236.648675 
267.624877 
-27.061305 
98.151944 
-85.998257 
-190.396097 
412.219988 
226.344694 
94.598560 
165.123359 
-449.873310 
-1.438780 
26.133420 
36.518575 
305.626122 
185.711788 
-96.329204 
96.154237 
182.680619 
229.181451 
404.947549 
-221.583237 
11.895926 
-328.225422 
-46.914327 
-244.402569 
-60.094243 
-133.252715 
351.754002 
20.480192 
91.784345 
165.123353 
-97.535424 
-27.097237 
15.547653 
74.179505 
-373.204641 
-108.587748 
119.980883 
-169.108863 
28.783982 
88.873173 
-73.632924 
69.428531 
-14.253118 
-353.898507 
109.761186 
-282.597789 
-309.788602 
298.028219 
-272.054372 
9.514697 
107.762152 
-65.926015 
-86.529268 
-52.688995 
-287.128005 
-421.869068 
-52.688845 
-346.513823 
-325.292890 
-1.437604 
-1.439590 
-234.100540 
-154.767403 
-271.854787 
-80.871565 
-73.176260 
-276.616501 
11.374775 
-139.105139 
-78.312232 
-185.925427 
-110.678815 
-7.059080 
-74.777879 
-457.768150 
48.961980 
-366.120579 
-60.769677 
-55.010257 
-145.559531 
-160.403915 
-160.274255 
-213.971593 
-41.968703 
-78.312156 
-39.211687 
191.166781 
-445.311566 
-260.425650 
38.167547 
194.316488 
-52.688095 
267.625583 
-179.558337 
62.623716 
117.283200 
-134.239280 
-192.787155 
-238.188223 
-59.948463 
79.053460 
37.000955 
56.881495 
-108.969617 
-137.267085 
-430.433710 
-167.999964 
-145.013590 
-91.235880 
-51.472165 
-212.102750 
-218.313583 
167.712886 
-202.728528 
-192.501370 
-33.708300 
-142.639312 
-27.272546 
11.375922 
-148.790674 
115.846558 
-167.998281 
-206.567807 
-167.999028 
-297.263366 
-22.273711 
331.688940 
5.047875 
-357.842278 
342.434455 
-25.930200 
-446.215220 
78.000901 
-52.782485 
357.313337 
-206.789010 
196.085760 
12.003915 
224.473101 
196.188288 
220.191095 
36.471430 
-171.840584 
44.347932 
113.874904 
132.439071 
219.799249 
101.061569 
109.718476 
290.017338 
-236.928399 
-12.776232 
-38.442758 
250.599962 
241.448146 
73.096278 
266.758585 
240.497417 
161.573665 
16.891584 
384.006811 
112.059491 
-14.220547 
-161.761650 
357.310526 
264.603011 
-66.036963 
103.943047 
212.513834 
6.365711 
389.601493 
363.748295 
195.181202 
-388.014268 
421.372979 
100.199749 
381.232909 
-219.824071 
250.231439 
-111.146504 
183.031580 
-92.696668 
395.748133 
-52.706040 
-136.575910 
76.140357 
365.311155 
93.545185 
92.332224 
-58.192360 
188.074374 
-113.557557 
313.861501 
-41.554166 
-359.298497 
315.370548 
-9.808279 
113.440215 
139.700385 
-76.916259 
-65.134940 
141.481985 
997.829615 
130.724296 
-140.968485 
-108.952447 
197.105768 
145.704490 
-192.049665 
-99.965963 
-37.290434 
-120.115218 
-97.743549 
267.624421 
17.217656 
449.804178 
98.816698 
200.999793 
95.373161 
-47.192067 
-204.928921 
447.000083 
-200.514653 
-17.157992 
132.846172 
-58.803106 
45.089399 
9.856964 
-26.547070 
-280.578655 
459.811667 
217.171183 
-343.936796 
-242.137586 
311.788870 
-126.214994 
203.560810 
280.972551 
-145.932090 
226.558391 
-290.126303 
-55.998328 
280.434643 
256.291030 
-216.735746 
54.305909 
307.056546 
64.789551 
-1.440034 
88.644333 
651.998804 
28.791938 
80.645944 
-160.704553 
411.950132 
-232.751057 
181.026019 
-3.261833 
204.657764 
-15.389925 
-177.743682 
-133.207474 
69.138945 
-641.618631 
-185.369470 
128.118101 
-47.616064 
31.393041 
12.608557 
-240.120411 
303.562192 
26.548372 
78.973126 
-208.930649 
-41.561360 
284.994337 
224.007635 
230.656573 
104.827308 
-193.412930 
33.200005 
89.995117 
549.500184 
131.234899 
-231.234528 
-349.948180 
306.062412 
43.252601 
-154.931690 
214.946901 
-69.969874 
-14.984447 
115.900318 
-48.109780 
163.706158 
-296.473550 
-429.024834 
183.839701 
-61.531176 
-566.436775 
-103.937252 
145.902222 
11.771786 
318.330062 
-142.889091 
-351.770680 
-41.636764 
90.466786 
-373.556346 
-14.845708 
-270.064051 
-299.417559 
-158.013685 
-76.580271 
-88.786673 
-24.559092 
398.440066 
-112.236542 
-258.942670 
-112.716618 
395.750976 
57.843306 
370.125899 
-324.016466 
-18.733395 
-237.897082 
-53.324199 
-238.333487 
242.000139 
-40.619619 
-1044.748406 
-635.620016 
313.366087 
-59.411738 
384.754704 
-212.564332 
56.943684 
47.311118 
-54.951989 
-251.979841 
421.375705 
-47.112889 
-261.958732 
-214.647606 
205.546308 
-390.624480 
-135.935354 
-80.554071 
334.954143 
16.616136 
-253.450551 
41.626946 
52.729183 
2.755910 
-50.263469 
174.376752 
84.144201 
80.067758 
79.057286 
-40.250819 
-104.746681 
204.098522 
-205.501206 
55.256592 
-235.455675 
-187.668811 
229.187311 
728.874878 
-355.219813 
-212.049172 
-66.903899 
240.790231 
-97.230297 
195.235468 
-702.530529 
13.117496 
-191.682434 
141.315163 
-401.090451 
262.534231 
30.727307 
127.787232 
41.894034 
344.500150 
36.999155 
267.624895 
177.937089 
-470.692790 
-166.948276 
297.734607 
-135.573521 
147.582077 
-83.516030 
-380.785729 
92.614335 
474.800941 
-173.662580 
-224.023565 
4.129181 
194.440584 
-167.563604 
108.991615 
-314.564731 
132.330789 
-67.663640 
-19.095242 
216.375068 
-178.217639 
-224.983307 
29.768619 
318.875143 
46.580058 
164.415950 
24.187428 
-3.731554 
-18.886963 
549.500252 
119.000204 
-116.130009 
-62.461503 
-256.886324 
130.058275 
-22.454009 
141.376113 
-53.688763 
140.772025 
-149.115323 
-70.841381 
-242.749584 
-70.794997 
-367.304805 
35.061769 
127.449435 
-318.203520 
-204.121371 
-268.600842 
-39.413879 
-5.286257 
9.455994 
-58.921837 
-165.021756 
62.323671 
-204.421311 
107.271752 
-142.947118 
-326.473281 
-379.186674 
130.780358 
-273.895415 
-146.436892 
3.226124 
37.810843 
58.021592 
728.874885 
-64.138360 
111.454692 
84.138955 
33.470428 
359.212494 
39.832377 
-174.814822 
-191.360952 
190.749987 
62.625630 
41.935636 
-99.381611 
-308.323936 
-263.665828 
242.000235 
-281.479029 
-251.663397 
-54.394198 
39.560598 
-171.626436 
88.250345 
-194.978359 
-88.691479 
4.101895 
-176.891045 
81.974386 
-80.840900 
-52.119838 
-36.969775 
206.013467 
35.026400 
24.188332 
-119.151639 
-442.667233 
15.666502 
-14.043093 
-190.349719 
83.583884 
-109.597677 
111.941297 
-78.311762 
-15.289071 
-456.320929 
-5.572452 
90.262282 
-196.082969 
-499.778286 
-33.897570 
184.613124 
-129.562803 
-100.565146 
-54.704070 
49.812985 
62.624334 
-65.118248 
-63.461270 
-251.933638 
139.499655 
11.374265 
25.796978 
-222.667310 
-240.880678 
33.712983 
114.704571 
-74.696545 
88.248855 
-22.258164 
36.998593 
97.820659 
129.276992 
88.871560 
252.633008 
-93.533265 
-354.095357 
154.854301 
36.998041 
-154.480395 
78.733891 
-111.877992 
-357.038870 
-275.141203 
146.329931 
-204.831247 
-161.953511 
29.441511 
11.941017 
165.403335 
139.498837 
-279.912786 
-199.853159 
-62.423459 
-17.082107 
-260.784884 
28.149797 
-383.973935 
-460.826330 
-88.973379 
132.680067 
64.143332 
69.778912 
-103.937927 
-102.498006 
157.405416 
3.615326 
-658.779460 
159.495903 
-285.486100 
-181.401091 
-78.239213 
112.433761 
-348.231713 
-1.436780 
-373.986379 
-99.869275 
24.187073 
-535.348336 
-374.906128 
11.375109 
-39.875076 
-181.463543 
-314.976342 
-143.402875 
-25.542859 
-141.476482 
-269.516288 
-65.499696 
-210.151655 
-103.937470 
-113.963096 
119.792583 
-229.073733 
-172.970404 
-196.820259 
-4.913124 
-140.442764 
-150.693268 
177.349929 
-139.853576 
-114.577133 
-203.053351 
-39.305263 
-2.803424 
-78.313791 
-91.821088 
99.561522 
-309.028877 
-207.440017 
233.935456 
42.652973 
-27.063415 
88.248312 
-144.748738 
-52.688347 
-24.685881 
-261.055856 
50.099687 
-153.402308 
-223.148821 
104.711860 
24.186167 
-59.174501 
94.387205 
-106.580174 
-306.942327 
-181.614291 
-87.925849 
26.899335 
-283.137178 
-36.390765 
110.126853 
90.332815 
-146.999317 
-305.781901 
77.607461 
-27.687174 
-8.055307 
62.623350 
-72.275802 
-317.592708 
-168.001969 
22.340666 
-168.002036 
-201.460976 
-293.542618 
549.498805 
51.856087 
-132.627681 
319.749260 
56.699558 
-364.600304 
-126.998868 
231.848559 
728.874097 
-95.653208 
285.615836 
-83.078031 
190.139848 
100.879603 
440.753478 
101.257727 
-204.615257 
250.845937 
152.314057 
49.228074 
216.990000 
357.313378 
203.582164 
294.396159 
-67.469154 
-128.561624 
329.766904 
379.090825 
148.047099 
-198.665021 
66.228497 
195.913604 
96.671977 
307.572505 
-369.254602 
178.463384 
59.880330 
-92.228117 
703.251256 
445.207351 
-319.728932 
-183.490749 
84.337756 
289.737644 
739.462863 
189.734702 
-371.322909 
-49.690745 
152.310672 
224.268400 
119.414152 
-108.635996 
28.813684 
-289.724547 
-127.804965 
210.924523 
382.935659 
295.835468 
-102.264306 
298.572325 
-234.245568 
56.353451 
-138.290074 
224.590728 
294.140205 
121.360504 
170.667739 
-64.874858 
238.549663 
492.367753 
263.784705 
235.974045 
23.174743 
-73.599539 
-103.539822 
369.774055 
252.724746 
-89.192066 
-188.862144 
200.916564 
163.157174 
221.924760 
-138.968368 
-105.536437 
-25.546454 
322.685773 
13.335480 
177.933660 
112.794271 
117.796171 
-230.048105 
501.665600 
177.119471 
-13.424520 
-35.153892 
293.246823 
28.704698 
44.060993 
-2.793317 
25.963904 
-441.163354 
-55.467574 
48.207198 
-31.806938 
703.251670 
134.065691 
-508.924002 
-117.056205 
47.608002 
-175.586747 
75.443067 
21.422825 
-129.954628 
-89.993067 
-301.397676 
26.998048 
344.504462 
-13.016423 
-482.015846 
-277.810522 
-91.093674 
45.152391 
280.441701 
26.076336 
-1.433738 
-144.824799 
42.645094 
-222.543802 
349.358911 
-384.793466 
-76.830478 
-70.890211 
-207.740340 
103.272114 
-124.785299 
-170.339403 
-261.074167 
-249.139580 
-56.741557 
-55.725657 
40.002598 
-675.695219 
-5.837023 
-247.249430 
146.165220 
-208.278242 
-379.031187 
-160.411979 
-357.755639 
287.251157 
183.792667 
-66.536499 
-9.155639 
-153.839338 
27.023388 
0.898610 
-1.436332 
6.893375 
-208.335513 
-132.474783 
318.875558 
-197.719525 
-404.178235 
12.074637 
117.858179 
172.233021 
317.606625 
-358.926459 
-192.000173 
54.184837 
-121.780531 
-24.239681 
-103.461643 
-459.246285 
165.124536 
254.815412 
292.159047 
-261.026192 
-61.632625 
-197.027578 
28.771673 
155.190376 
55.725917 
65.197709 
104.693119 
205.841229 
7.687760 
273.803550 
-40.447537 
76.979150 
36.344938 
2.738498 
238.784506 
-39.120776 
370.120739 
190.127567 
293.251483 
-469.509128 
-118.880497 
-187.413888 
-184.197911 
10.521615 
203.562558 
70.057369 
-242.013614 
-150.763910 
-63.677823 
-62.262885 
110.218764 
-86.673228 
217.121880 
20.751312 
-395.258864 
61.717015 
242.000325 
224.222533 
353.891945 
-354.086655 
-317.899918 
34.821365 
-104.442214 
253.380448 
-189.282090 
-168.989105 
-297.209950 
-88.644203 
68.442383 
-10.667304 
76.278231 
-55.982801 
121.320068 
-137.534230 
-132.192312 
-159.269122 
-54.916994 
-104.074282 
53.014463 
-98.740708 
-254.121006 
-20.047820 
523.874578 
229.189910 
-277.608793 
-181.838013 
-116.984049 
32.597415 
248.124401 
-128.516004 
-363.170056 
-156.978771 
110.140087 
-58.974473 
-107.333361 
206.986036 
-68.479542 
-90.690213 
-228.138616 
11.375393 
24.188384 
152.313239 
318.874133 
-87.909947 
-224.324366 
298.061588 
-234.713985 
117.040188 
26.238545 
-145.444106 
11.059884 
264.611727 
-228.929670 
24.405892 
126.392836 
-49.765241 
-235.546472 
-14.275371 
-112.679309 
-141.116728 
-26.829498 
4.031454 
-39.877936 
-117.789651 
-82.422440 
-77.333358 
-52.688719 
-99.767091 
-659.109405 
152.309247 
450.077313 
114.609225 
267.623680 
91.660881 
-245.273606 
-73.106812 
-331.360128 
-10.190538 
-3.893352 
100.258185 
-41.186343 
-6.330084 
-204.570812 
240.194852 
-99.153684 
117.006857 
-11.510536 
-119.688076 
172.169996 
43.363950 
-49.474634 
192.541203 
134.605631 
-214.956177 
-96.722768 
14.727056 
16.516537 
77.810967 
210.430840 
-168.524790 
-48.739522 
109.773297 
-259.168875 
217.742635 
-87.586442 
-23.616008 
-47.760317 
125.661949 
367.107545 
242.000614 
-224.711651 
-149.287644 
60.205983 
41.988645 
25.977839 
341.930942 
-61.044215 
-66.364391 
101.062435 
88.249351 
-37.100527 
155.944029 
52.321567 
36.999100 
216.374065 
71.766003 
-249.731306 
-32.304975 
-96.247139 
-166.217047 
-1.438495 
34.173976 
-229.972603 
32.712074 
200.000301 
73.774539 
39.061165 
-86.453577 
-277.319770 
59.807312 
-61.275247 
318.872415 
423.774304 
-485.110641 
111.264737 
-24.978123 
-133.568649 
167.493877 
-267.027252 
71.584020 
241.998360 
-194.736569 
-99.229826 
-142.131341 
-62.189784 
-45.396627 
-473.353137 
-179.067616 
-103.512901 
-1.435475 
-136.570536 
61.439323 
88.252655 
-129.562237 
-140.161071 
63.068671 
-157.328956 
62.627224 
-27.065103 
16.156966 
-400.329368 
2.882821 
-44.585824 
-127.638824 
-0.515665 
49.817223 
-83.914475 
165.128176 
201.668558 
-61.305158 
72.566679 
-70.931863 
-91.513547 
-361.548166 
210.701181 
-296.123627 
55.480290 
-71.757567 
115.945787 
9.481031 
59.039238 
-84.397551 
-28.609013 
-155.653291 
884.530927 
-204.237158 
311.559569 
-1.437137 
-104.414063 
-127.079232 
100.429243 
38.539820 
-126.306958 
-82.110209 
-30.024146 
-60.939947 
154.638264 
-245.155863 
48.947885 
67.643542 
-39.875497 
-173.980768 
-32.203515 
-3.346948 
206.316029 
77.650336 
-113.136214 
-293.579981 
-135.308886 
57.272883 
27.690150 
-27.062098 
-47.538046 
-242.404368 
49.811913 
-199.213143 
88.737532 
37.001067 
-1.437730 
-129.032781 
-319.711936 
-135.878552 
35.463920 
-156.982947 
-194.993485 
36.999693 
-114.036167 
11.376735 
-214.221734 
227.211864 
-91.175529 
-45.978543 
-356.682616 
-248.110312 
-114.024200 
-25.874824 
-69.854670 
-101.046530 
-4.881929 
-279.085513 
-165.912679 
-177.943147 
-1.435771 
-114.383057 
29.568433 
-262.416180 
-233.367840 
-65.893918 
-54.023217 
190.752361 
11.375921 
-496.219219 
-1.435314 
-333.939916 
-188.287340 
-437.829748 
-156.863649 
-238.489041 
-81.276468 
11.374251 
85.169760 
-158.253365 
-156.497065 
-116.330753 
-156.789960 
-86.133394 
-187.880472 
-166.391930 
-179.806494 
-80.893563 
-314.736514 
-52.854466 
-235.447661 
238.639404 
-268.834476 
20.879973 
-168.003384 
-139.790274 
-106.405893 
-168.003111 
5.258081 
-168.004101 
-376.848318 
-78.258941 
395.748330 
-149.462745 
-143.651757 
409.122086 
-200.638072 
-318.066682 
-181.667747 
92.165583 
600.749501 
-386.052078 
211.516470 
-58.994242 
-46.574953 
-106.483797 
754.358319 
148.657895 
-201.872871 
89.207989 
75.437550 
68.165832 
304.892344 
382.934398 
114.878261 
63.269451 
-264.156239 
-199.115804 
335.082645 
286.846968 
49.983256 
-344.106240 
-16.224744 
-127.242359 
76.043534 
234.449962 
-267.418687 
-32.857379 
-105.490153 
-207.555791 
600.746928 
371.365409 
-87.721267 
71.471519 
86.882901 
194.255790 
842.506144 
244.565104 
-276.476220 
-16.672515 
306.060835 
-59.567489 
83.516749 
52.528237 
-6.571277 
-145.578880 
-136.012443 
159.124409 
306.061536 
53.994379 
-350.313448 
15.122590 
-342.276923 
-111.375850 
-292.342826 
55.084950 
124.099777 
-106.470103 
-21.212721 
-250.733850 
362.065076 
246.684408 
111.988155 
98.279520 
-178.815015 
-3.058401 
83.682973 
558.948039 
140.626050 
115.949791 
62.851449 
43.656158 
189.103150 
102.422902 
-90.965117 
-388.002212 
-183.573469 
-8.092047 
65.152779 
331.693336 
-94.591689 
-110.732085 
-158.444886 
406.003830 
242.048651 
-85.393633 
150.215999 
280.442242 
-24.756774 
-129.443156 
157.418637 
-172.496446 
-82.700751 
62.743352 
191.392058 
133.836927 
626.376267 
117.532176 
-213.762445 
41.350901 
59.563342 
-124.252097 
780.129775 
-45.956033 
173.154947 
188.316986 
-63.602511 
78.765038 
152.305930 
202.647010 
-112.714771 
-74.999732 
-2.451532 
39.028718 
575.129535 
-379.289930 
126.688425 
-36.926797 
171.737642 
-14.717822 
351.051126 
54.401712 
-78.657493 
113.718320 
139.149305 
219.077023 
-66.958385 
-320.363307 
46.526843 
-365.177153 
129.825444 
-119.499928 
260.675850 
-594.011639 
143.610836 
-316.461808 
104.413600 
-170.319384 
-381.642076 
147.820568 
-248.546913 
546.828368 
-161.461530 
26.623399 
117.797816 
-222.842753 
273.345611 
25.342662 
382.939610 
72.991790 
94.384123 
-129.017838 
101.063319 
-97.196954 
-272.116024 
215.541381 
187.825943 
136.917495 
246.561956 
161.998709 
-292.327728 
1.242069 
-118.615133 
-274.585352 
219.357787 
-589.776101 
267.625446 
299.657113 
-35.538405 
-335.686459 
-223.154227 
-269.915264 
-181.840812 
-51.242640 
-230.274966 
-135.183984 
-21.643085 
158.282532 
-60.545282 
-174.628403 
-99.254700 
102.156378 
-168.749626 
274.010855 
364.006022 
19.821747 
293.247352 
201.015201 
216.370974 
-489.489744 
-573.072561 
-368.958526 
-35.585575 
-1.630851 
331.682855 
212.994351 
-803.823243 
-288.795254 
-88.650098 
-72.054454 
-79.492092 
-303.781011 
-190.526385 
241.280680 
-113.624555 
-194.762281 
203.558576 
335.280102 
295.809381 
-281.669311 
-191.395674 
208.657311 
98.276451 
119.717320 
-1.590283 
-232.419255 
-508.229464 
104.790395 
145.521883 
-15.548062 
118.580160 
4.718783 
38.562141 
-182.073926 
38.471528 
-153.018356 
14.450761 
-286.730496 
-174.252685 
56.384781 
-144.124238 
-11.584875 
280.433261 
331.685298 
-186.154176 
-412.281413 
181.820706 
-208.102342 
-136.381685 
-148.881833 
-385.179333 
83.129267 
157.992333 
290.725751 
-162.219783 
272.786554 
554.232158 
254.437279 
-363.149872 
-1.439589 
190.747828 
446.998740 
126.686099 
22.370392 
-35.925288 
405.047877 
215.348104 
107.271715 
-141.995993 
-19.962129 
15.316985 
407.957881 
-165.957763 
-261.272423 
-27.938390 
-246.388703 
-310.950607 
-65.400220 
-252.819691 
205.251378 
-170.387295 
-441.286148 
101.060056 
167.847352 
-0.109801 
-176.955360 
229.184753 
4.014763 
-479.696746 
651.998305 
153.527981 
111.686695 
318.872249 
119.002633 
-163.101763 
-93.961448 
86.647065 
-336.949722 
-62.548435 
21.962149 
-231.173894 
-47.739629 
-340.716941 
-92.130340 
-170.859583 
-256.980475 
-81.673381 
-13.874872 
236.401593 
348.251122 
369.721380 
-51.793333 
-94.472319 
123.962165 
28.934332 
-110.963055 
-176.360985 
72.716666 
310.541319 
167.236900 
108.667924 
-287.704507 
-288.452266 
139.501373 
-170.151668 
-222.257221 
97.785779 
47.043130 
82.736807 
-65.499441 
-95.299175 
-76.253055 
-36.012138 
165.453831 
76.338180 
145.403687 
-138.400564 
-170.460499 
165.125629 
-39.874228 
-193.137578 
92.839955 
77.804113 
-167.982579 
-1.435889 
232.248406 
21.072376 
232.194291 
-13.475861 
-16.629361 
242.003197 
-174.563504 
-193.999926 
-105.623674 
221.683356 
-39.386717 
-6.198294 
113.916734 
-95.395692 
301.375678 
143.447455 
-27.060080 
-787.810833 
-440.263369 
84.565754 
-14.163796 
-244.233284 
50.116280 
-300.555851 
-167.242260 
49.813403 
-293.115887 
-18.853405 
55.083264 
-211.475007 
42.425860 
-692.140686 
-31.060204 
28.955098 
242.001799 
-5.934218 
-50.072996 
62.626738 
24.188092 
254.617450 
-147.486835 
-92.925331 
24.190637 
49.814933 
-2.749511 
36.997304 
46.718613 
-90.530140 
-115.515970 
-78.190447 
113.863406 
-114.343730 
113.876679 
203.119897 
-236.361025 
43.717981 
-4.524011 
-83.493608 
-120.383222 
239.741307 
318.861848 
46.551235 
107.999344 
-159.094211 
-158.509571 
-117.735472 
-50.475466 
-251.869555 
76.429479 
948.888273 
-247.913328 
153.576324 
-39.871119 
-178.032758 
69.866007 
-191.853649 
20.949785 
-339.369236 
-19.728463 
-261.491503 
-207.275223 
-50.736152 
-186.885551 
-68.346376 
-154.602820 
-52.686760 
-217.086453 
-24.647856 
-9.630788 
-21.704412 
-108.240856 
-230.727170 
-78.366725 
-254.082722 
191.332445 
-108.817225 
24.188205 
-69.709969 
-228.085280 
11.371356 
-138.741889 
-36.785792 
-14.249853 
-14.250715 
-397.111788 
-320.555702 
71.050147 
44.936572 
85.352404 
-301.622870 
-14.251456 
80.194963 
-1.441073 
-162.621840 
-18.694124 
-119.925040 
-313.851369 
-79.818721 
-1.480288 
-174.581605 
120.261854 
9.827061 
-235.617034 
-187.808113 
-32.829854 
-219.238486 
-61.036462 
113.871106 
-121.534494 
-283.735985 
-100.894959 
-64.612682 
-120.363483 
10.039763 
-1.443287 
62.621233 
-484.145504 
11.370163 
319.133327 
-191.545919 
-217.455598 
-260.729961 
-144.794076 
163.465825 
-168.004178 
22.345511 
-73.114569 
-126.880586 
-219.661744 
11.371635 
-196.839334 
222.289266 
-133.299917 
-379.523915 
-149.725219 
253.189537 
65.653908 
-169.595512 
-81.964080 
-260.663658 
93.944244 
-167.999235 
-45.612798 
237.650747 
-168.000961 
-64.559405 
-167.999934 
-285.607853 
-84.652305 
331.688513 
-194.347896 
-255.351535 
426.528503 
-71.556450 
-262.136845 
-31.330804 
5.271192 
75.443582 
-232.688812 
3.772989 
169.226367 
-25.891237 
142.267589 
424.579562 
260.193908 
28.214041 
148.300127 
216.373955 
243.007682 
183.901543 
344.500047 
241.185624 
159.616172 
-537.109928 
-69.114505 
395.405091 
340.051120 
244.362526 
39.210297 
24.886314 
8.478342 
222.221404 
106.710153 
-12.619280 
122.802938 
30.672982 
152.238526 
472.622432 
292.502623 
245.264641 
-27.399113 
-25.789553 
211.629737 
669.179346 
146.178156 
15.269511 
-36.686321 
446.994580 
93.257050 
517.850019 
-92.257249 
215.182359 
183.537345 
536.982206 
-181.165300 
446.995368 
154.291385 
-85.339303 
118.259933 
-100.726297 
-2.602081 
139.918688 
-161.961725 
207.140156 
-253.368117 
-204.409108 
-82.790526 
242.881631 
83.379293 
-17.356603 
-36.261926 
-164.072227 
38.308892 
251.848191 
689.435318 
734.851613 
-293.890003 
25.291751 
122.797627 
-12.217128 
113.959730 
1.955999 
-313.499278 
-151.661111 
-97.458413 
41.288705 
382.935742 
-18.285940 
1.941433 
29.444308 
187.334081 
271.096557 
-123.973630 
-99.177740 
280.431708 
-246.719665 
-229.575474 
370.258820 
-75.139262 
31.951527 
270.867370 
-80.538276 
55.815347 
498.245105 
193.175104 
-224.422519 
108.171958 
-28.877610 
-123.605621 
728.866183 
71.656706 
-74.382006 
133.929821 
-38.039021 
160.816192 
49.811801 
281.194436 
-209.982589 
-244.697414 
-46.829512 
-74.531739 
575.123230 
-228.784249 
-1.424682 
106.588617 
272.241753 
92.376376 
182.763817 
114.358278 
110.723779 
-2.058280 
56.429188 
-97.413441 
0.276633 
-249.703145 
-65.648296 
-149.485263 
-385.620826 
137.290340 
202.476018 
-101.529817 
-34.146812 
-243.690322 
160.959015 
-183.010837 
-426.315593 
-144.576287 
51.667604 
155.703762 
-262.289776 
142.442352 
-29.836614 
112.935133 
37.192567 
362.472480 
280.437649 
-126.218009 
91.005899 
-247.255010 
126.687383 
-359.777444 
-352.185936 
246.958682 
-289.744700 
149.128950 
105.843170 
102.413582 
-210.814050 
-71.235182 
-84.000403 
-110.539897 
327.312735 
-517.178176 
306.058663 
306.056981 
22.952174 
155.469359 
-18.784122 
262.319515 
-164.834705 
193.051425 
-291.519727 
-137.420181 
-248.886418 
-132.760114 
-62.749799 
-147.801940 
53.536296 
35.947112 
218.187381 
361.115729 
42.635396 
375.437128 
267.615984 
216.987365 
113.866890 
-492.631961 
-293.085974 
-84.382323 
-198.524033 
321.741779 
318.869104 
30.641345 
-481.852777 
179.342793 
-206.468979 
129.057334 
177.509929 
-379.735489 
-360.381816 
138.740579 
-156.799495 
2.474717 
306.059625 
279.707717 
-309.793452 
46.597526 
206.646280 
-254.475472 
223.571153 
-72.075077 
-122.612867 
-294.328883 
-102.669854 
48.646566 
47.759645 
123.107443 
-139.989063 
2.651149 
-187.670014 
31.935526 
198.460102 
-139.695136 
139.496955 
-280.812750 
-325.199971 
100.768873 
242.956497 
-159.266349 
357.314948 
575.126467 
-337.038003 
-192.162783 
0.128347 
-221.424494 
-6.706092 
62.982484 
-618.201923 
50.502382 
26.797872 
16.234622 
-134.211130 
33.130794 
375.659034 
112.297793 
-80.164998 
177.937607 
203.563557 
177.939665 
203.563305 
194.659331 
-32.776085 
424.608756 
228.983293 
-45.966995 
-446.067454 
-226.715155 
62.527473 
174.706485 
-178.096253 
-207.286548 
-205.805294 
-116.807626 
-163.170488 
0.645550 
-117.545273 
128.177660 
-250.096149 
-379.696781 
190.752616 
58.015742 
220.917453 
-404.010570 
472.626605 
-187.697974 
12.281446 
267.627769 
8.842286 
-133.209670 
101.065926 
91.670374 
-336.788532 
-243.890341 
78.647323 
-495.642837 
55.341773 
-89.011250 
-262.318276 
-28.940662 
-207.010798 
-175.267430 
-196.251138 
-217.864980 
-393.164268 
16.123470 
150.014041 
5.629271 
86.186386 
-33.927352 
-77.556341 
51.172180 
-4.515529 
-143.482712 
-232.292161 
26.794125 
-57.889661 
117.322069 
-112.882983 
-134.611095 
-197.377237 
111.300638 
-152.278091 
-210.989049 
352.711564 
-169.093237 
-87.092042 
-27.063664 
-275.283746 
-21.468450 
-77.551199 
204.978950 
-33.932116 
4.310193 
-61.214590 
-78.339201 
-39.881485 
-52.689062 
64.534612 
4.464683 
-13.661758 
-373.010867 
267.621354 
-63.306490 
68.118066 
-28.904673 
-401.926613 
-354.340285 
-52.688565 
63.516728 
-181.185207 
-299.596788 
54.237912 
-117.482224 
120.152498 
7.275415 
62.140102 
150.936600 
152.665557 
139.500664 
-662.879129 
0.159881 
58.442063 
-94.301135 
-210.371000 
81.859391 
-369.805054 
39.725152 
-1.437117 
-193.348765 
-461.371976 
-13.419807 
-363.654659 
-236.914039 
-452.194621 
-33.766195 
-242.633206 
139.506996 
-61.329115 
-184.093550 
-27.060884 
267.630370 
68.379667 
-106.877639 
-55.935606 
-52.684473 
-1.443128 
90.302121 
-127.001003 
-63.541490 
-196.075264 
69.396697 
19.911957 
139.506117 
-233.680552 
-27.075882 
-156.703368 
-109.891963 
39.927852 
-215.600440 
-16.616927 
-331.244785 
58.509149 
177.945776 
28.135822 
-154.665341 
-206.541653 
-32.012847 
-163.561350 
-1.640319 
9.356882 
-133.369444 
333.434583 
-239.635214 
134.964054 
-27.063506 
-126.608934 
269.996520 
-142.703840 
42.280014 
-179.563182 
3.526520 
-68.422008 
-290.662243 
-85.056734 
-111.946557 
34.405631 
18.336022 
11.372406 
-257.444554 
87.754498 
67.899613 
-501.927500 
-149.839083 
-269.005240 
-251.945625 
-62.052109 
28.836400 
-234.133884 
-14.250353 
-106.027595 
-210.230465 
-52.686079 
-1.080629 
-145.332588 
-1.440067 
-14.250734 
-35.794243 
-361.156504 
2.195081 
137.744429 
120.900908 
-260.735672 
-1.438216 
-24.783347 
113.875164 
-79.199550 
-115.729762 
-152.880235 
-292.607132 
-362.613886 
112.217857 
-145.986654 
-135.618438 
-63.809380 
-76.415531 
-181.561259 
-73.466620 
-102.170922 
21.879262 
-27.064747 
-122.512135 
-90.796459 
-80.415485 
-275.133219 
-80.549633 
-68.172528 
-14.250644 
-52.691106 
-206.554917 
-39.875972 
252.792845 
29.491507 
-3.914784 
-52.903200 
-215.520893 
121.576950 
-168.002441 
-55.968332 
3.582933 
-187.504201 
-449.279544 
-167.999793 
-212.254826 
92.525135 
-191.192063 
-333.104342 
-309.380732 
39.021020 
-122.674585 
-200.062434 
-186.670894 
-118.932976 
-78.369234 
-167.999964 
215.080618 
-106.323281 
-167.998630 
48.575461 
-167.999657 
-467.756282 
-0.972276 
498.251040 
-165.289263 
173.933281 
5.474316 
-299.100045 
-353.763594 
269.335083 
474.205917 
203.564282 
-192.569569 
-293.090604 
-230.386285 
360.838639 
85.845753 
201.474700 
105.017273 
-451.633324 
141.091817 
49.811093 
217.674880 
350.104772 
280.437661 
394.558647 
380.199091 
-744.706294 
402.904018 
400.145127 
210.873401 
148.437568 
-57.175201 
-125.974715 
-2.504286 
171.983430 
-54.608956 
-92.193859 
223.323986 
178.317557 
373.844521 
523.872152 
166.206640 
3.733389 
95.535887 
198.163502 
299.054491 
544.689106 
-262.268151 
-20.071859 
-130.588679 
395.748363 
-147.662086 
343.132982 
164.651144 
210.947453 
-382.611126 
301.485624 
-125.052975 
203.562481 
310.446586 
65.097884 
186.371201 
12.523997 
129.168667 
160.332660 
11.043661 
384.909260 
-364.664349 
-8.873678 
98.698527 
-49.812444 
117.383212 
51.035760 
-41.703846 
7.131002 
152.036988 
28.320130 
314.726639 
719.265778 
4.798484 
74.033053 
279.247464 
251.214141 
179.359372 
-93.555090 
197.643151 
38.916174 
-6.188448 
-71.381062 
728.873773 
110.684998 
28.983310 
-134.292398 
-17.665095 
365.331425 
2.271463 
41.757194 
370.125207 
-60.586988 
-62.197328 
36.822330 
21.290129 
-12.734068 
3.823135 
124.716173 
109.907881 
267.623915 
86.296608 
-188.437871 
-33.910490 
44.797087 
47.606468 
177.937906 
56.524362 
75.399542 
18.888563 
252.470410 
-48.123175 
370.118165 
223.502047 
-73.692346 
-196.460066 
132.918486 
64.208232 
-27.063519 
-86.560586 
395.751358 
295.211883 
33.907754 
-26.942268 
248.953885 
-118.240802 
202.207811 
-134.441589 
-244.607970 
-247.909648 
-283.558803 
-51.603731 
-13.243460 
-497.070091 
-37.758437 
136.566140 
289.567559 
47.408070 
-123.810842 
-186.959216 
60.932511 
-583.467730 
-340.237270 
-185.849014 
-208.842963 
-171.204229 
-194.071229 
43.078686 
-104.403056 
-183.634926 
74.672963 
233.618596 
434.187478 
-108.054823 
312.384350 
-288.204091 
216.375166 
95.280994 
-341.885716 
173.851156 
2.497511 
1.430405 
-90.236599 
-161.511428 
-352.746532 
122.165348 
-60.920157 
-183.870362 
35.885205 
-183.424660 
229.187794 
299.651750 
166.223371 
432.812565 
-10.718850 
18.663110 
183.692632 
61.474979 
-482.523193 
-62.825861 
-206.149917 
33.391878 
-381.012257 
-39.891481 
-355.859831 
-124.936545 
58.304928 
388.394750 
142.894944 
-44.397888 
293.246926 
47.889145 
165.122702 
37.920997 
-81.975376 
78.046294 
-235.652824 
173.377388 
293.248727 
102.307897 
-413.391593 
25.318123 
80.424608 
197.636709 
-26.480136 
-320.585689 
-95.748100 
14.298660 
-132.429581 
-68.804226 
254.810444 
148.903001 
-468.667600 
-138.221650 
252.400108 
-179.663211 
116.977547 
117.791320 
60.261738 
-235.965343 
-380.128971 
15.716533 
79.897072 
73.654282 
-253.826665 
-460.399068 
-280.480317 
-107.479364 
92.149391 
38.517433 
8.778861 
-79.399789 
-335.455811 
100.714574 
200.088069 
-98.056825 
306.061729 
523.874085 
-499.730289 
-57.242155 
-60.724850 
-355.624058 
221.117116 
42.350853 
-500.750025 
76.338232 
-290.800817 
-231.110669 
-199.922504 
115.803505 
54.165446 
205.179433 
-345.101765 
216.373997 
126.687397 
152.312177 
177.936328 
206.859849 
-61.697413 
106.416904 
6.199881 
-51.615328 
-246.746792 
-54.460574 
-44.032759 
369.923827 
-466.003753 
-230.410847 
-66.395434 
-37.481789 
-497.536361 
-112.737619 
72.408651 
37.659206 
-32.701444 
-358.915524 
241.998937 
-67.680456 
53.122584 
16.970221 
575.124253 
-95.487313 
-257.853402 
280.437940 
1.475175 
6.729156 
126.687835 
132.667215 
-66.997837 
-256.898232 
115.475786 
-143.989573 
295.212111 
178.204996 
61.607549 
0.672871 
-115.110349 
20.443593 
-133.367713 
-208.636257 
139.334303 
18.699112 
33.586550 
-6.339867 
-408.513146 
-211.930528 
24.301941 
46.081229 
-201.183075 
-136.990844 
-114.902159 
-186.868485 
-37.216607 
-161.476995 
-96.037029 
102.579419 
-438.292350 
2.880002 
-165.682095 
16.488747 
314.391818 
43.387852 
-73.515746 
-1.437862 
-86.844666 
32.326953 
47.724698 
212.604336 
5.879395 
24.711812 
-121.888004 
-158.863813 
11.375069 
-27.063266 
1.002533 
-114.144749 
-115.713722 
-236.339880 
267.624509 
-2.901285 
19.712828 
9.475951 
-118.648323 
41.823645 
-52.688669 
8.893090 
-72.072915 
-59.839371 
14.627417 
-49.965958 
-138.523953 
-45.716649 
-112.778974 
69.277960 
43.977773 
62.624381 
-5.444605 
-240.070390 
303.166298 
38.693502 
-311.552716 
45.569640 
-262.681465 
-16.028094 
-52.688379 
-116.000686 
-197.232820 
-80.630791 
-220.491890 
10.682630 
-37.330694 
-49.480321 
-141.705126 
139.500171 
-15.700135 
-80.370398 
-27.063455 
190.748978 
-66.158965 
-77.290253 
-181.746158 
-27.060698 
-1.433864 
239.366412 
-127.000219 
46.436973 
-143.846378 
60.835163 
104.208767 
88.255095 
37.799749 
-52.692099 
-157.893063 
54.191335 
-32.439171 
69.740363 
70.312599 
-210.412724 
-87.311703 
203.567012 
173.466020 
-37.723360 
-132.869743 
166.202199 
-233.797353 
72.307619 
72.358474 
18.399471 
91.307159 
-265.571048 
155.459926 
-39.874905 
-43.200269 
226.441391 
-198.559265 
73.249766 
-275.237544 
314.031111 
81.589989 
-79.932617 
-137.010424 
-145.402909 
127.496179 
11.290571 
-52.687519 
-317.889270 
40.486009 
140.563483 
-653.873553 
-5.886544 
-177.418514 
-127.458158 
-141.265629 
118.054361 
-61.924622 
-1.437432 
69.279344 
102.963971 
24.188840 
-318.172030 
-362.622185 
24.188933 
49.812699 
-173.465130 
-290.641570 
-74.621326 
-104.382237 
64.830855 
-171.826801 
49.812878 
-122.026614 
88.251154 
-68.927535 
-90.016226 
29.155937 
-348.649111 
-72.113164 
-129.871756 
-170.586823 
-124.914925 
-22.536044 
-52.107140 
-232.976382 
-89.851691 
15.207309 
-47.185787 
-39.875611 
56.773025 
-153.166057 
-254.651206 
-2.454153 
-74.757002 
54.575656 
-39.874415 
-78.313197 
-250.873219 
-91.125970 
-225.064047 
-80.444640 
274.921733 
-169.386781 
-229.576540 
-215.076764 
-168.002096 
52.073838 
171.666604 
-148.266638 
-364.640030 
-168.001225 
-89.402323 
-309.044135 
-316.902997 
-50.060972 
87.191836 
-129.250575 
-176.446288 
-230.317762 
-54.991717 
-38.935023 
-85.951172 
-168.000999 
97.256737 
-207.444666 
-168.001578 
-168.301963 
-168.000087 
-306.071108 
-175.045553 
-155.187500 
-168.137168 
-167.134206 
-167.541107 
-172.106628 
-173.187126 
-168.000000 
-166.613694 
-167.999999 
-173.543901 
-166.413910 
-169.256991 
-171.193608 
-166.090310 
-161.668000 
-169.988832 
-170.995277 
-170.796205 
-168.000000 
-161.303550 
-167.680231 
-168.000000 
-158.694824 
-159.999024 
-165.348924 
-160.418315 
-167.964549 
-170.187437 
-165.628269 
-164.511175 
-166.310004 
-170.443273 
-170.586570 
-167.954341 
-169.017203 
-165.606888 
-161.449646 
-166.155051 
-168.000000 
-171.391457 
-166.952084 
-166.917998 
-169.050181 
-167.046373 
-155.143655 
-168.136013 
-164.820510 
-161.304877 
-155.187500 
-156.203452 
-174.565130 
-169.492819 
-161.240918 
-180.011719 
-160.189537 
-164.023716 
-168.000000 
-166.347960 
-166.965806 
-168.067752 
-168.299783 
-168.226963 
-176.837873 
-166.880660 
-164.040019 
-168.966458 
-178.773997 
-166.717280 
-160.790839 
-164.147519 
-175.012822 
-169.794895 
-170.864470 
-158.111498 
-165.190848 
-159.086724 
-155.988281 
-170.031748 
-165.709432 
-161.094133 
-165.644435 
-167.907589 
-166.413910 
-169.690043 
-168.242693 
-167.718557 
-155.398910 
-168.000000 
-161.269605 
-168.897790 
-167.872489 
-168.000000 
-166.570733 
-165.772141 
-161.587886 
-168.000000 
-165.378558 
-161.568254 
-167.139410 
-167.334581 
-171.611701 
-157.411044 
-157.410998 
-164.749328 
-168.000000 
-164.347234 
-170.255903 
-158.190082 
-173.713867 
-171.903173 
-168.000001 
-172.623208 
-166.238810 
-167.158322 
-170.728783 
-157.899378 
-168.000000 
-166.758556 
-162.470878 
-175.546887 
-167.347429 
-171.605288 
-168.000000 
-168.938254 
-168.000000 
-169.486960 
-166.317286 
-169.299663 
-163.827679 
-167.897188 
-165.536323 
-167.632008 
-157.731967 
-170.304325 
-168.611786 
-159.438459 
-174.789075 
-169.014378 
-167.402375 
-171.423304 
-169.288016 
-167.999999 
-172.721865 
-167.129210 
-163.676581 
-170.504765 
-183.448727 
-172.270397 
-175.074234 
-169.810189 
-173.936249 
-173.271921 
-168.237438 
-161.465422 
-167.909981 
-168.584079 
-168.000000 
-163.543697 
-168.321501 
-169.845838 
-167.999999 
-168.075994 
-167.358977 
-171.605013 
-168.430212 
-164.340777 
-172.293661 
-174.798924 
-162.499761 
-164.314649 
-157.290206 
-160.438735 
-167.376080 
-169.496360 
-155.187500 
-161.593750 
-172.633700 
-172.623207 
-168.488862 
-160.864157 
-161.427787 
-166.846438 
-162.709839 
-166.282516 
-168.029682 
-165.756351 
-171.204474 
-171.434945 
-169.611396 
-173.992113 
-169.784131 
-169.790335 
-168.050517 
-162.509808 
-168.000000 
-167.698593 
-168.000000 
-170.145831 
-169.624196 
-167.091595 
-159.171466 
-161.949535 
-168.000000 
-163.741842 
-164.255206 
-169.502502 
-166.961202 
-168.324943 
-163.308896 
-164.031151 
-165.530804 
-164.656834 
-161.780210 
-161.980384 
-168.000001 
-172.714480 
-168.000001 
-163.854274 
-163.580174 
-168.299782 
-167.362429 
-165.089888 
-167.429554 
-160.435044 
-163.229399 
-168.650643 
-167.003778 
-168.919893 
-174.681396 
-169.561845 
-171.992023 
-169.129540 
-165.005992 
-169.970402 
-168.966071 
-165.705715 
-167.438726 
-161.425480 
-165.675184 
-171.122238 
-167.999999 
-168.000000 
-171.894606 
-168.016655 
-162.092549 
-171.633812 
-171.801871 
-167.962185 
-177.412905 
-167.936483 
-172.821232 
-165.000417 
-158.742335 
-173.538235 
-167.906238 
-170.372626 
-162.652492 
-168.000000 
-168.000000 
-155.187499 
-168.000000 
-158.956541 
-174.153463 
-171.927756 
-163.776627 
-173.393793 
-173.246349 
-165.482399 
-169.274730 
-158.500841 
-165.485894 
-164.571208 
-167.220736 
-170.591983 
-169.448102 
-161.249626 
-161.838541 
-172.492102 
-162.799549 
-157.680289 
-168.000000 
-161.449646 
-175.356922 
-173.381625 
-155.187500 
-174.140958 
-169.050181 
-168.000000 
-171.344080 
-160.496192 
-168.000000 
-168.000000 
-169.857687 
-174.011593 
-168.000000 
-165.638374 
-169.486960 
-173.672311 
-164.317729 
-152.415431 
-171.571063 
-162.434767 
-163.186017 
-168.033237 
-165.432225 
-166.941058 
-171.616224 
-165.437949 
-167.252948 
-163.665743 
-164.140750 
-161.262902 
-167.512998 
-169.272669 
-168.621436 
-164.931498 
-154.202956 
-159.714495 
-165.309046 
-158.799201 
-166.120679 
-163.274338 
-157.463289 
-166.903054 
-167.954340 
-168.306213 
-169.127393 
-168.000000 
-168.973873 
-161.874694 
-163.911103 
-162.819332 
-163.665743 
-167.120386 
-165.512761 
-173.864812 
-167.999999 
-168.000000 
-169.651116 
-170.258076 
-169.987745 
-154.333332 
-155.187499 
-164.615825 
-167.233432 
-165.342225 
-167.240323 
-162.920263 
-168.000000 
-166.772028 
-160.186621 
-175.093176 
-166.775132 
-157.736193 
-165.441766 
-162.644374 
-163.974692 
-166.792485 
-163.655906 
-168.000000 
-168.000000 
-155.187500 
-161.925526 
-170.718213 
-173.050603 
-164.828535 
-172.033412 
-168.933958 
-168.000000 
-174.289147 
-163.319056 
-170.877481 
-165.096956 
-165.343747 
-167.046372 
-162.512544 
-173.020900 
-168.000000 
-165.455097 
-168.247743 
-168.000000 
-168.000000 
-168.721586 
-170.279755 
-168.933958 
-168.000000 
-168.000001 
-161.962604 
-168.000000 
-172.467699 
-162.499190 
-169.256453 
-163.549523 
-168.000001 
-168.000000 
-168.000000 
-168.402896 
-166.823172 
-172.418000 
-163.057574 
-161.845191 
-166.743963 
-168.534794 
-180.812502 
-167.647689 
-164.320772 
-173.713867 
-173.144289 
-171.054243 
-157.586016 
-158.651442 
-167.323514 
-168.000000 
-166.785472 
-166.415585 
-168.000000 
-167.150574 
-163.936633 
-170.820302 
-161.523246 
-155.532493 
-173.963936 
-173.664229 
-169.212072 
-170.305435 
-165.223074 
-167.590093 
-170.945770 
-168.000000 
-169.746875 
-161.524139 
-174.526108 
-179.260986 
-169.396626 
-170.083071 
-169.809240 
-166.657247 
-167.477229 
-173.814307 
-168.000000 
-167.089281 
-167.105706 
-168.000000 
-170.290169 
-174.549779 
-168.000000 
-168.000000 
-174.438214 
-163.912469 
-166.321561 
-164.049093 
-163.925069 
-174.142049 
-168.000000 
-167.767742 
-168.000000 
-165.838654 
-166.943069 
-169.011560 
-169.455839 
-163.476987 
-169.339938 
-173.789497 
-165.862731 
-169.163855 
-169.138620 
-161.371188 
-162.634930 
-159.895249 
-162.643251 
-168.000000 
-171.712482 
-167.884322 
-165.961448 
-164.317728 
-165.949278 
-169.296715 
-168.000000 
-168.000001 
-167.418548 
-168.000000 
-169.430200 
-167.078870 
-167.076990 
-174.988023 
-168.916333 
-170.208343 
-168.000000 
-162.843850 
-172.753900 
-169.532338 
-169.437577 
-168.000000 
-166.593006 
-164.117708 
-168.384287 
-165.563256 
-166.280820 
-166.659188 
-169.373916 
-160.957634 
-161.102886 
-162.660926 
-174.516542 
-167.999999 
-168.042806 
-161.612641 
-168.000000 
-169.144038 
-168.000000 
-173.046006 
-172.487769 
