23.804893 
24.807911 
45.109388 
52.766788 
57.637540 
68.653726 
71.208495 
54.410683 
49.898655 
58.410810 
48.681216 
59.487380 
48.019847 
58.984981 
44.397985 
53.311525 
58.115999 
39.749575 
62.945456 
55.621534 
59.077715 
62.945410 
76.819667 
77.691030 
67.102328 
74.615953 
56.837109 
74.354937 
68.363002 
60.511366 
63.706066 
55.816709 
56.279028 
35.675745 
29.165811 
26.044702 
7.632531 
15.771066 
10.757794 
1.185989 
1.497852 
7.441598 
3.840522 
-8.538373 
-19.768165 
-8.803236 
-8.401005 
-0.042260 
-2.289132 
-12.809703 
-9.428387 
-27.525998 
-25.668966 
-16.559101 
-4.482624 
8.204453 
10.757759 
26.731650 
18.366899 
13.101425 
22.130330 
25.832865 
35.539843 
36.812741 
31.940291 
37.328831 
28.391216 
23.764556 
9.715625 
12.354584 
12.818489 
11.738002 
8.793277 
11.565072 
4.263738 
0.683555 
-4.653508 
7.808099 
5.617178 
9.315857 
16.007042 
21.104998 
15.744719 
15.112062 
2.194325 
2.878572 
12.247388 
10.757844 
29.498006 
37.246863 
43.148841 
43.375062 
60.603936 
69.633700 
76.786735 
89.039064 
79.391209 
71.280234 
79.970647 
71.246929 
65.933169 
52.337977 
46.042545 
36.322957 
36.851656 
27.625531 
36.242215 
27.709519 
39.947106 
46.745145 
36.851557 
38.453665 
28.965219 
23.026343 
17.444971 
18.281527 
10.757805 
17.127668 
17.175108 
19.617319 
37.539812 
47.031269 
62.945283 
75.242696 
75.992194 
71.017843 
73.034411 
65.646486 
78.780434 
56.468335 
47.461632 
28.205399 
15.480262 
8.743315 
9.704509 
-8.989562 
-3.971033 
-6.872424 
-20.203596 
-10.689000 
-15.690200 
-14.928220 
-15.487896 
-28.376566 
-32.009411 
-19.945371 
-7.802672 
-10.640951 
1.395095 
-4.471985 
16.322441 
15.310178 
25.628275 
31.893974 
28.894761 
38.496511 
36.851591 
37.734166 
37.151314 
31.223259 
36.851626 
26.263291 
16.966739 
7.831660 
8.476602 
14.121756 
3.654662 
7.082928 
-1.942976 
-6.378077 
1.754972 
12.835366 
16.151717 
24.408303 
17.281335 
20.542888 
9.106287 
11.084227 
12.170047 
7.234772 
12.114551 
5.812527 
7.598813 
16.358559 
19.092945 
4.680726 
14.085050 
13.080254 
5.785166 
29.560412 
22.581802 
28.740804 
37.688565 
36.053868 
49.898406 
49.209731 
49.898378 
44.232756 
25.312424 
34.525687 
28.078547 
32.550479 
36.851529 
45.327053 
31.518929 
44.487860 
25.106891 
15.168261 
20.779330 
8.600411 
8.209526 
8.189150 
18.151359 
5.421059 
10.757824 
20.140221 
37.721505 
35.514176 
39.063927 
48.224202 
32.066678 
44.847900 
41.886909 
30.910264 
46.469516 
37.891290 
25.427451 
35.338665 
19.661664 
17.426347 
15.451268 
13.668518 
12.926964 
7.644301 
4.848697 
4.216550 
-0.300555 
19.834282 
22.413511 
35.119092 
30.328257 
36.851675 
19.191246 
19.595139 
23.942436 
19.242101 
14.214943 
21.769939 
-12.188413 
-6.524731 
-4.157754 
-0.827564 
11.011394 
22.452596 
20.662478 
29.354384 
37.899247 
43.375110 
49.898511 
36.851609 
36.851667 
17.578811 
21.018626 
7.361288 
-4.215970 
-7.751697 
-5.102922 
-11.443281 
-11.040465 
-3.014415 
-6.881030 
-6.823521 
9.014457 
-12.087672 
-2.316916 
-32.051821 
-40.684302 
-45.707061 
-65.009039 
-62.617786 
-54.476539 
-48.034103 
-27.040853 
-12.984438 
-2.289044 
11.649185 
9.521389 
23.804703 
28.907282 
29.108093 
36.851630 
36.416733 
26.365656 
15.693072 
3.826597 
0.458863 
-0.739923 
-5.187954 
-14.190126 
4.112567 
-10.965411 
-22.156401 
-6.592861 
-18.388935 
-0.633449 
-7.056270 
9.296669 
-2.023929 
-2.275556 
-17.245600 
-27.001388 
-31.750386 
-34.244735 
-37.182910 
-48.906821 
-37.595011 
-36.983296 
-26.256049 
-27.561399 
-18.871431 
-11.113418 
4.730161 
18.043190 
27.683402 
49.592491 
53.804251 
54.772936 
62.945357 
82.237684 
83.045200 
64.208251 
58.002208 
41.465237 
20.022307 
17.492512 
2.368124 
-2.289075 
10.757848 
17.743482 
5.232923 
1.779319 
-19.250309 
-28.382846 
-16.530272 
-18.906444 
-14.263505 
-27.897120 
-27.950792 
-28.382852 
-13.317617 
1.745097 
22.930306 
23.485453 
33.510585 
39.416055 
41.810091 
47.995541 
66.131270 
68.978415 
89.039014 
95.154569 
80.476953 
84.438660 
92.693036 
84.642222 
81.289448 
74.643101 
73.247633 
75.992206 
50.904248 
67.008650 
50.924758 
50.591368 
51.946362 
32.749614 
29.017563 
25.271631 
-2.289031 
2.679359 
0.200190 
-2.289156 
23.804962 
45.117546 
44.720832 
73.682990 
75.992051 
89.039279 
96.699284 
92.083652 
107.826611 
110.424274 
95.434190 
85.489764 
69.468844 
44.598129 
62.945535 
57.898452 
46.110660 
48.045180 
30.545115 
40.691024 
41.567537 
31.723244 
49.898860 
41.139320 
37.606012 
39.946680 
43.564260 
28.823805 
19.594600 
-4.812134 
-10.446184 
-19.387572 
-39.591417 
-34.503397 
-41.429682 
-36.931066 
-40.773796 
-19.625046 
-13.742199 
10.530871 
37.947454 
50.199801 
68.638831 
56.003468 
50.467141 
54.404902 
53.809127 
43.375010 
39.177427 
29.822436 
29.642289 
36.214181 
21.632144 
9.606075 
5.948613 
-3.041125 
-4.297667 
-10.464887 
-34.906307 
-19.804424 
-23.355749 
-28.382837 
-30.523073 
-31.227605 
-28.382876 
-15.335967 
-10.187414 
16.331508 
31.000700 
19.763946 
35.124384 
23.214590 
36.851518 
38.187328 
49.898423 
51.106129 
39.212893 
39.752395 
37.696715 
50.168279 
53.316655 
50.812034 
35.589898 
41.887993 
36.937156 
21.264640 
38.003301 
43.966460 
53.112081 
56.421869 
41.048120 
24.594801 
27.726913 
18.426900 
27.378149 
16.712935 
17.281178 
4.234347 
7.938747 
-2.289139 
-5.608369 
-3.971132 
-9.129032 
-6.902406 
-13.495602 
3.797994 
10.757695 
10.601260 
10.112444 
9.470406 
20.827145 
28.289460 
48.524256 
58.094148 
52.604707 
53.621385 
52.788526 
49.903015 
70.164256 
51.012968 
63.725750 
54.865658 
43.394292 
30.327938 
24.499176 
27.104979 
17.281098 
17.203367 
4.234175 
3.712322 
-4.288657 
-2.290373 
-138.458792 
-43.833533 
96.092813 
55.706202 
-31.481377 
29.457112 
37.710399 
23.803746 
-92.923733 
151.649644 
-99.274810 
137.459245 
62.491382 
144.722123 
113.174637 
63.543317 
42.406282 
36.851036 
77.328127 
28.534998 
36.851016 
8.798787 
47.542294 
41.031937 
66.329953 
-195.516461 
-15.640316 
-71.078758 
73.463641 
25.816856 
-4.677590 
45.479447 
-0.289905 
13.256249 
175.282752 
-63.280895 
115.878741 
36.851806 
42.650792 
-20.326954 
31.022934 
-40.861928 
32.470978 
278.773392 
59.509167 
31.007066 
151.412854 
36.851451 
68.745962 
179.354759 
70.716676 
75.689520 
20.950764 
83.157037 
-25.442296 
23.805592 
52.389322 
-47.823557 
-42.990978 
-1.423834 
-34.116961 
-75.036357 
115.258385 
121.646127 
-45.012621 
142.692853 
-12.925100 
-88.268993 
120.122281 
116.289432 
25.912254 
123.291352 
105.379458 
4.337732 
95.718914 
409.966035 
61.520591 
-2.903626 
-79.265514 
147.432695 
41.846222 
-3.749240 
4.720787 
140.591595 
82.357936 
60.414443 
291.266944 
36.884173 
220.411847 
27.815263 
189.499713 
10.191133 
-58.947058 
138.856168 
167.321165 
-1.381260 
-36.530768 
172.305713 
100.246049 
-67.715996 
38.404375 
33.252167 
-28.118403 
167.320530 
126.666172 
-187.069366 
125.604041 
92.098763 
20.099311 
75.991651 
194.365733 
-123.993046 
-18.222370 
-108.842434 
113.351429 
102.085575 
132.324545 
-115.956673 
-73.183168 
149.087291 
87.263617 
69.469116 
-191.783678 
206.461057 
-136.415886 
98.886361 
-29.596232 
64.335701 
-5.043006 
35.886368 
-44.276687 
-30.579489 
118.069010 
81.264500 
-38.419952 
-30.702882 
-28.980346 
-8.038949 
-42.348652 
87.755993 
22.580275 
76.090720 
35.104909 
96.876854 
-273.505706 
-310.710372 
-20.306710 
-99.227235 
79.067637 
-64.684851 
151.493867 
216.355427 
-8.027079 
87.578419 
-62.605968 
141.227259 
-5.696610 
77.608602 
-138.400004 
154.273396 
86.250882 
13.303193 
104.967879 
-6.048035 
45.625445 
116.274677 
-171.389693 
73.996718 
-22.522800 
-48.281915 
217.549606 
-2.448527 
111.149134 
10.757344 
43.374881 
129.488518 
-329.829026 
-119.949451 
-84.743465 
27.479705 
7.271345 
-11.911715 
-8.726756 
32.450996 
-100.775591 
-187.948840 
-9.224373 
-5.759246 
-9.620776 
121.096742 
25.453112 
7.272017 
6.079421 
23.804763 
187.413611 
291.264978 
-261.388534 
-36.027546 
-38.475310 
41.833765 
-13.853716 
141.225470 
76.788476 
-233.087940 
-75.468058 
1.188213 
-113.408608 
47.087306 
-117.243287 
-45.937891 
-152.696835 
-18.153182 
-83.311417 
23.803660 
90.694793 
-20.555180 
-50.602509 
122.955841 
-7.948169 
67.045540 
-46.739022 
150.918242 
-3.395045 
6.042049 
-23.169644 
64.349641 
96.045213 
-91.863651 
94.528191 
57.712869 
60.373039 
-38.306408 
-20.622900 
127.165338 
-43.751903 
-8.140212 
177.244402 
17.904051 
-4.160664 
10.758236 
102.086924 
-20.677577 
-143.649877 
103.280706 
-5.911645 
-74.020818 
183.880193 
-153.312328 
124.344813 
-41.835144 
116.489504 
77.928958 
189.441420 
-34.411432 
91.258139 
-28.096752 
75.992552 
226.032292 
75.993223 
147.750742 
410.075578 
-68.674290 
169.788353 
9.165312 
195.487783 
-79.939407 
-44.802294 
94.489361 
157.993840 
-75.553945 
64.243716 
100.591951 
-140.268895 
-37.038606 
-51.719830 
19.213657 
37.530633 
-31.739775 
105.330555 
23.804315 
13.261416 
-29.248580 
-2.209077 
10.757693 
52.036384 
-173.098119 
173.843292 
100.516373 
-26.498419 
128.179534 
238.208527 
-59.402085 
-39.410829 
-216.339594 
-86.721229 
-45.086892 
-46.489387 
-29.473211 
148.873345 
-13.746022 
60.747096 
195.190433 
273.857402 
-43.387816 
79.626478 
178.213994 
-61.402264 
99.534514 
156.235408 
195.839240 
71.228534 
-28.072737 
34.727476 
-37.649784 
10.530244 
109.301460 
35.660324 
-9.650750 
-119.902847 
-103.896674 
128.506616 
-4.673000 
-37.243794 
104.085607 
-105.264348 
20.889743 
245.602769 
14.912840 
169.570659 
49.697198 
50.816921 
-150.365697 
107.273768 
-47.940155 
15.367471 
10.759010 
212.985461 
180.712126 
-100.412540 
127.296418 
-40.125371 
-41.428598 
-69.575495 
6.374026 
-38.328953 
-216.451221 
-31.203017 
147.750263 
15.214780 
-5.556985 
-26.771689 
2.722392 
-45.068302 
32.559043 
-72.983775 
-11.921776 
-11.278440 
-63.450304 
173.842952 
-32.868766 
29.919042 
0.441366 
-86.527682 
-112.329484 
108.786460 
-31.648575 
115.037833 
186.890605 
96.789590 
-152.389376 
88.764721 
66.542579 
-57.602591 
-144.452210 
-94.222391 
21.993215 
43.373037 
35.205701 
51.342990 
-2.290455 
95.562417 
35.857048 
-10.572206 
44.149281 
-15.336192 
226.029803 
76.454921 
-81.875137 
-71.296937 
72.437636 
45.494012 
13.982677 
-2.288795 
-22.269429 
134.702295 
50.253900 
63.786342 
92.638179 
111.623912 
-84.103882 
28.926585 
-5.261314 
36.851880 
62.224849 
74.351116 
-5.316231 
-79.186036 
52.664932 
-218.097539 
52.540828 
-21.335076 
186.814554 
-81.094073 
105.709939 
36.851282 
-95.028035 
463.530408 
99.476742 
78.173052 
-218.640935 
41.883833 
-82.531159 
-51.608218 
19.258945 
-63.154455 
1.175870 
129.336357 
43.375404 
-95.475906 
-13.013083 
-33.069103 
-19.795097 
56.530182 
-29.027595 
87.404993 
110.295397 
143.317103 
-20.547162 
30.327848 
52.151624 
-107.972696 
10.757788 
-123.668632 
-104.803054 
4.234479 
-8.812938 
-33.885244 
-56.738372 
79.746606 
-64.284056 
104.402965 
-122.186173 
-15.336837 
-101.088218 
17.280758 
20.319452 
-52.966957 
9.010994 
45.008025 
-222.996596 
107.102432 
-74.198298 
-56.089099 
-0.873853 
-49.092323 
-26.328628 
41.926325 
-110.822343 
-15.351181 
4.234011 
67.847811 
84.004727 
-171.339467 
-49.043397 
26.943775 
119.250463 
4.234105 
-2.289346 
-106.094724 
56.421326 
-53.912407 
-2.900726 
-120.286967 
-35.922764 
104.847493 
82.813423 
82.515268 
-63.382134 
-92.672530 
-137.863889 
-130.850813 
-136.834428 
10.756755 
88.316490 
-34.484580 
-11.707375 
-29.577681 
5.481425 
-53.644190 
-187.238352 
-58.149346 
47.282918 
114.306418 
62.945901 
71.264153 
56.094724 
56.422066 
44.932711 
-60.999694 
-137.982229 
-46.774068 
89.037284 
-41.789064 
7.707164 
161.466982 
309.923397 
-225.722678 
1.622276 
106.845094 
36.850508 
-206.775382 
176.205112 
-9.559266 
93.290844 
70.311257 
188.361976 
299.211622 
22.386070 
74.977266 
186.890544 
53.425919 
-47.253543 
265.172187 
84.728562 
120.087104 
-12.588790 
127.361687 
-187.517775 
27.086373 
179.561381 
1.505772 
103.880373 
36.984756 
160.291008 
147.611562 
60.196699 
212.268773 
257.636191 
33.753041 
75.991205 
228.689786 
15.676163 
-128.062295 
45.596667 
92.838962 
246.461137 
70.772177 
-104.261013 
38.948431 
167.320341 
9.597164 
231.428551 
172.639726 
253.435181 
111.463911 
133.960870 
42.839371 
656.577689 
-31.639007 
58.151226 
-13.231453 
10.916173 
76.050160 
-22.268084 
63.202603 
174.560140 
-70.660404 
212.153367 
15.981136 
162.090577 
148.255691 
279.541098 
96.007001 
0.358009 
62.567003 
146.499782 
116.029180 
470.523144 
-37.581276 
147.216391 
9.202441 
121.651065 
193.722832 
39.820766 
6.263115 
125.757582 
194.246202 
34.198746 
356.497450 
-35.658311 
187.990981 
79.877497 
217.331304 
161.961865 
-22.329246 
53.225937 
291.263245 
-44.966809 
60.250469 
82.197083 
176.987072 
-41.909093 
-55.844500 
196.204725 
-135.009992 
193.412415 
77.389847 
-248.647942 
234.592314 
62.038165 
152.256015 
75.990052 
121.528557 
-67.208144 
12.169244 
-220.865000 
100.417376 
62.944599 
124.628531 
-142.584014 
-170.953053 
140.638808 
80.029963 
134.701823 
-241.638267 
180.367292 
-146.390217 
52.741687 
42.578644 
93.649631 
-130.467753 
203.307464 
-209.385491 
-62.611111 
60.456460 
4.376936 
-1.264374 
-157.508376 
-102.504525 
-158.575399 
-130.227996 
14.258016 
62.536464 
-33.582797 
-221.623666 
65.250306 
-241.300079 
-247.184302 
-71.614504 
-8.465687 
-113.157964 
-66.457336 
34.707659 
147.666388 
-44.327725 
97.288818 
-105.710351 
102.086410 
-24.739340 
24.744673 
-159.622824 
180.365934 
-51.081079 
-108.626620 
69.999176 
17.462563 
13.055409 
162.197895 
-153.261421 
93.000051 
-53.285183 
-81.357885 
189.978202 
7.302903 
-5.842931 
75.991634 
157.533188 
238.617041 
-46.396475 
51.849758 
-97.906953 
-2.742226 
407.880406 
-65.259352 
-10.116672 
0.773965 
89.203722 
-147.134393 
102.165843 
118.709888 
-2.728055 
149.680884 
142.067685 
45.350278 
43.257851 
245.601845 
132.597289 
330.408431 
-234.503911 
-16.220331 
82.660407 
52.339600 
63.114356 
173.844457 
-50.612446 
-224.708159 
26.501023 
-355.483840 
39.010917 
177.713181 
-86.975579 
-106.432712 
-166.667478 
-98.314705 
37.627813 
186.892492 
-36.807210 
-57.084906 
-81.676062 
98.976176 
82.676405 
169.952444 
-68.739079 
74.025646 
-102.701360 
-63.853347 
-55.881350 
3.395843 
-50.986196 
-148.653036 
89.383315 
157.583750 
-23.273122 
-55.609557 
42.199801 
89.985400 
-37.105889 
-38.279350 
89.430218 
-29.411385 
22.421851 
115.133652 
382.594545 
-168.877621 
-78.993359 
-69.119694 
7.999826 
-81.318214 
5.550242 
-328.506938 
70.350079 
21.786973 
85.468087 
-29.776985 
220.598535 
-128.899443 
32.482633 
-32.158593 
147.750631 
23.805746 
199.938682 
128.180424 
142.406409 
-30.297397 
227.541874 
18.850287 
176.357175 
-122.194607 
-36.648458 
33.503404 
234.499525 
-175.439077 
24.410441 
98.065475 
-16.579182 
-272.259278 
34.828451 
-106.936897 
103.536631 
-124.952065 
78.419133 
95.563827 
62.803792 
-35.064559 
-126.701796 
160.797712 
-85.736397 
-152.848033 
-15.335725 
150.979707 
-60.353391 
239.079212 
57.292351 
-55.723638 
-113.088462 
-201.661645 
-60.254815 
-9.396437 
24.871123 
-90.140789 
271.211018 
-51.283724 
-48.924721 
147.197462 
168.943672 
-79.541820 
164.570204 
160.133508 
-19.513620 
62.688445 
120.144630 
64.654176 
81.690001 
-11.297898 
-63.754248 
-85.471381 
28.898043 
73.909344 
-104.271210 
-55.056553 
-54.953337 
-114.510404 
196.613525 
-41.383000 
70.731770 
50.192975 
-69.867140 
241.647336 
330.405317 
-356.894201 
188.919865 
30.698395 
7.555925 
-69.036849 
206.200125 
-114.239145 
-50.551964 
186.890022 
108.609226 
166.614254 
-10.992902 
129.147619 
-95.791701 
147.748798 
-38.676265 
36.858279 
64.711975 
-107.878647 
-46.726138 
95.562147 
119.134889 
67.659060 
-58.840112 
-146.176677 
74.601476 
144.536842 
-61.613725 
36.351399 
-20.657205 
-61.382646 
36.850770 
-26.344608 
-117.672302 
-40.380431 
-155.507160 
-113.954737 
190.229882 
-96.464868 
152.615614 
23.804219 
-28.643929 
-140.439890 
84.278511 
84.615714 
53.283785 
-169.378605 
-34.764583 
135.279937 
10.758157 
12.208818 
29.528877 
82.516739 
82.515807 
3.847428 
-18.951300 
-72.659802 
134.703066 
82.517670 
28.066484 
-102.751168 
-99.458411 
150.186311 
116.787505 
29.595208 
82.515228 
-195.545338 
36.853544 
-2.062405 
57.733732 
114.246445 
142.827817 
-74.213738 
-38.372749 
99.448015 
82.515809 
199.415714 
-163.305718 
27.252275 
-184.080022 
-3.361373 
-116.944618 
36.764641 
-69.603784 
84.122822 
36.418966 
78.164263 
56.422522 
-76.973188 
111.676381 
-8.607472 
124.356096 
-133.646926 
-34.764728 
-2.398768 
-116.616177 
33.044302 
2.066039 
-23.070898 
-24.841017 
43.374145 
-146.424761 
16.052467 
-54.221170 
-148.328503 
109.308096 
-122.354206 
77.624435 
70.207448 
49.626520 
-46.924238 
30.327112 
-105.248809 
-155.051398 
17.280735 
-101.569800 
-201.461839 
10.756881 
10.756908 
-90.147795 
-46.426229 
-133.954151 
-37.207281 
22.301896 
-185.593175 
23.803785 
-61.067101 
30.327496 
-77.410030 
-64.226122 
-5.561063 
0.369216 
-168.599679 
43.094028 
-149.569726 
-41.709046 
-32.802952 
-71.884773 
-33.279301 
8.779986 
-100.322012 
-0.218947 
30.327864 
57.380891 
113.637105 
-165.390651 
-116.235407 
45.599072 
136.335279 
23.803948 
43.374186 
-38.744129 
10.757823 
114.436649 
-60.020355 
-124.517014 
-67.390627 
-37.747700 
22.175785 
49.898417 
18.617404 
-46.656029 
-67.200700 
-102.804152 
-80.163416 
-43.260119 
28.866295 
1.293037 
-106.238652 
-89.393790 
-34.135162 
-58.258816 
-129.085939 
-13.556773 
5.266765 
57.471606 
56.421337 
-21.728140 
12.193163 
-61.000556 
32.535848 
-61.000823 
-104.411846 
13.175645 
278.219396 
37.877534 
-175.302745 
227.260692 
-51.571368 
-176.424808 
-5.333920 
55.793452 
141.226308 
-71.548842 
105.245198 
-37.780057 
127.251262 
89.341790 
204.550144 
50.261494 
-93.846896 
29.843660 
82.515204 
58.792762 
90.344096 
89.037442 
122.542685 
186.610541 
-130.282824 
15.360783 
-14.348043 
192.420904 
141.378741 
95.409784 
161.168962 
57.856610 
122.111223 
92.294805 
156.291246 
131.832350 
90.276879 
-38.249812 
245.601347 
216.476795 
42.890269 
154.837899 
159.142551 
48.411694 
255.785954 
258.804125 
148.551622 
-118.903151 
278.218271 
33.677656 
209.960576 
-68.343746 
70.983423 
-52.846765 
142.107286 
4.819865 
199.936920 
36.239470 
-78.300231 
46.768932 
188.521496 
78.881937 
-3.767421 
35.608676 
148.517187 
4.007934 
179.580372 
30.121231 
-159.230528 
264.947208 
-3.231940 
102.511030 
129.603320 
6.023914 
-9.709038 
179.399166 
685.825093 
74.639664 
62.414788 
40.497012 
117.762839 
170.105663 
-57.113954 
-7.324679 
-68.026406 
3.753364 
23.567575 
160.796915 
33.469943 
235.586872 
133.225361 
71.207025 
100.543454 
-26.270177 
-130.061069 
212.983505 
-100.503576 
73.704767 
143.129617 
35.107394 
103.111245 
-10.008270 
49.348089 
-110.059323 
297.788336 
153.720836 
-124.048245 
-77.883124 
109.186460 
-49.123132 
173.842531 
182.873100 
-23.707382 
117.589314 
-97.773744 
-45.178010 
206.459223 
84.982135 
-46.751331 
51.528630 
164.256875 
14.056897 
-28.384540 
50.805855 
343.452565 
57.129412 
46.644495 
-85.692826 
211.196770 
-150.106956 
130.603163 
7.324841 
55.251314 
67.677955 
-37.334979 
-82.519227 
-18.369022 
-179.847623 
-9.100880 
78.944882 
33.224232 
10.350695 
24.539677 
-90.910014 
146.332132 
-5.210991 
-36.939267 
-82.861410 
-36.856155 
118.446331 
146.687439 
226.854870 
32.232015 
-68.931207 
38.010125 
62.120907 
239.077506 
85.461747 
-61.739025 
-135.529030 
252.124831 
14.952076 
-81.079728 
123.851204 
14.498803 
38.761477 
91.721809 
-39.679095 
103.903629 
-104.820053 
-145.071325 
74.371109 
-67.912010 
-296.359203 
36.851713 
124.918316 
87.540416 
140.196880 
-56.561823 
-41.703808 
32.338390 
-12.461403 
-210.761953 
90.488355 
-40.321636 
-97.910679 
-37.766667 
95.606493 
5.042262 
-7.342340 
199.788601 
-38.861023 
-57.806000 
-29.615737 
206.460534 
11.450302 
226.031696 
-120.047540 
46.822424 
-87.315477 
15.143731 
-78.377184 
141.226847 
50.955450 
-413.119216 
-186.243901 
240.720537 
58.100757 
182.715112 
-97.915509 
41.797279 
74.206870 
27.364510 
-55.873493 
134.704176 
-66.175313 
-50.561737 
-74.383968 
113.461748 
-170.267810 
4.483227 
-44.481767 
110.292538 
-0.913158 
-133.371471 
57.978871 
30.047183 
65.649112 
-67.830285 
97.740189 
101.502849 
118.739940 
36.498271 
44.151000 
-48.780655 
111.646725 
-137.049667 
21.834478 
-71.650456 
-87.972101 
115.133220 
395.640588 
-191.114792 
-40.979513 
-43.512280 
123.991960 
-9.379105 
188.003168 
-323.881784 
46.716198 
-1.908895 
87.880562 
-119.558653 
150.924403 
37.072743 
21.444149 
11.648220 
173.843482 
17.280968 
160.797019 
154.273444 
-109.376569 
-70.155031 
146.892675 
-51.793134 
145.804886 
11.701392 
-135.565334 
64.393582 
328.754259 
-37.382940 
-68.569755 
-35.793228 
97.359251 
-78.302325 
125.856944 
-131.774360 
51.937426 
-7.473471 
-16.769042 
147.749936 
-48.888910 
-115.079884 
-25.095286 
147.750148 
5.926392 
-57.868615 
23.804502 
39.522225 
30.217569 
304.312847 
-40.123991 
-95.324166 
-38.352038 
-142.950567 
100.987797 
4.941828 
92.283341 
-27.579099 
109.145753 
-51.462985 
-26.080825 
-102.135598 
-7.318516 
-154.988631 
5.337906 
89.800773 
-95.654429 
-77.571514 
-54.789282 
-13.125511 
-45.139507 
-14.029226 
-40.879806 
-26.203879 
26.652766 
-78.204856 
52.344200 
-3.250336 
-190.443909 
-219.080367 
94.820968 
-86.750808 
-68.339908 
29.671237 
-5.393693 
67.638647 
382.593329 
53.046756 
16.094890 
27.865711 
16.636992 
140.914803 
62.500552 
-21.056098 
-51.471225 
199.937452 
134.702792 
73.646822 
-39.208617 
-164.725965 
-179.291372 
173.843967 
-107.500253 
-49.278170 
30.463504 
26.894763 
-45.714287 
82.515506 
-42.438696 
22.920209 
-38.888766 
-71.135096 
82.491704 
-19.565070 
4.835664 
43.715518 
163.789494 
28.064211 
23.804615 
-91.986345 
-146.212528 
43.981349 
-43.456870 
-97.668226 
162.429482 
-23.687418 
108.058519 
36.852078 
-29.193773 
-220.941923 
6.967894 
-9.926873 
-44.433042 
-151.609878 
-15.755876 
86.029241 
17.280599 
26.615209 
-18.434210 
108.608672 
82.514949 
-7.451957 
-42.018809 
-181.150845 
186.891064 
56.421009 
122.575679 
-74.918076 
-79.953243 
40.744384 
62.507128 
-5.936511 
121.655857 
0.156815 
23.803652 
70.759334 
19.664244 
-9.597867 
164.916079 
-27.995663 
-136.143074 
91.537487 
128.179077 
-38.182055 
82.364438 
-23.018810 
-187.434611 
-150.606890 
77.950678 
-53.451002 
-45.968681 
126.523775 
-10.396426 
116.999568 
95.563180 
-118.542608 
-32.345413 
-16.318084 
50.270630 
-65.782897 
60.229776 
-151.802095 
-169.625552 
-8.380152 
91.143392 
85.270687 
57.482143 
17.281531 
-55.647456 
102.297774 
14.452214 
-330.600386 
82.861132 
-154.569933 
-105.245353 
36.649382 
93.345930 
-139.640019 
17.282354 
-116.291236 
-79.105609 
17.282108 
-193.317223 
-199.750618 
-8.812308 
-15.335828 
-65.649165 
-119.246119 
-36.090501 
-27.673808 
-44.094887 
-122.816051 
30.328162 
-29.147366 
4.234287 
-25.525807 
85.861974 
-68.593746 
-77.269924 
-104.075583 
-16.745328 
-65.587016 
-20.083630 
89.171970 
-59.819960 
49.643126 
-79.321920 
56.910509 
1.243993 
-2.289277 
-42.149227 
58.380267 
-89.494346 
-53.674126 
145.009725 
46.329366 
10.757275 
134.702863 
-45.120613 
56.421464 
52.561266 
-83.517054 
-7.410120 
-58.514606 
-72.028148 
71.487098 
36.850822 
44.535735 
40.384906 
-11.898134 
-125.998105 
-48.361124 
-83.098308 
92.256618 
-106.799854 
-10.573928 
47.485720 
107.660212 
-38.914351 
-149.479702 
74.505088 
-21.112272 
22.995926 
56.422159 
-15.535371 
-82.757835 
-60.999715 
-10.104759 
-60.999801 
-125.734830 
-122.522321 
226.029665 
46.343240 
-14.817290 
199.960541 
35.522434 
-187.035988 
-95.793594 
134.775909 
252.123155 
-51.694853 
134.055264 
-49.061915 
57.779973 
93.908032 
101.172689 
35.915571 
-109.277715 
99.437989 
108.608467 
19.878242 
189.431494 
167.319507 
107.948611 
186.166174 
-85.185686 
-26.818770 
171.355763 
177.314201 
159.643267 
-125.185129 
67.204831 
71.764077 
110.368018 
174.373492 
-128.973671 
124.843391 
-16.938989 
-59.776663 
382.594929 
253.753848 
-102.944922 
-118.319255 
87.036052 
165.812363 
327.542293 
141.232208 
-95.142975 
-14.047940 
36.852051 
146.780432 
23.650574 
-7.867250 
4.545779 
-114.818033 
-35.995059 
189.988095 
128.181425 
213.270006 
-18.772297 
130.385572 
-132.691372 
55.953279 
-54.279991 
133.734599 
197.381458 
53.739257 
58.532576 
23.210812 
141.081391 
247.173071 
34.240767 
97.975252 
10.140938 
-11.095203 
-55.985807 
167.984017 
226.878195 
34.428367 
-22.379659 
122.785165 
130.058120 
79.264377 
-37.580237 
16.843551 
-52.595267 
208.678968 
84.754774 
89.041955 
142.158306 
34.327159 
-55.757976 
273.000015 
47.515807 
44.377656 
36.425143 
212.985952 
-15.709280 
91.834978 
118.920307 
113.805568 
-199.869750 
-0.912425 
71.365002 
21.152763 
421.734186 
138.064240 
-183.428212 
38.523874 
40.830614 
-32.210664 
102.088638 
1.927292 
-48.060679 
12.718564 
-88.311782 
74.829637 
226.034169 
28.453593 
-177.519596 
-150.704754 
-14.170988 
39.953524 
102.088187 
124.702155 
10.754026 
4.025727 
18.284650 
-48.835858 
207.522707 
-191.629992 
-9.040799 
-3.899135 
-75.418821 
143.765514 
-20.097289 
-30.309814 
-79.321277 
-69.886785 
17.795391 
-73.498577 
5.666440 
-204.514313 
25.700742 
-42.993191 
169.752422 
-121.739331 
-177.201276 
-10.282068 
-197.860777 
122.774050 
119.657167 
-77.003725 
-10.734986 
-65.065426 
65.322343 
96.360771 
36.851961 
-8.208727 
-70.521224 
-51.201674 
265.171116 
-45.150794 
-261.507077 
26.351423 
177.082618 
94.670536 
212.640241 
-191.966357 
-35.868846 
-2.637436 
-78.602976 
105.691623 
-21.290249 
-183.743638 
102.086564 
180.367689 
199.871768 
-122.396379 
-9.725767 
-103.204828 
-31.165436 
-31.611699 
77.418050 
49.261466 
66.758921 
139.374506 
56.391500 
170.216576 
0.286504 
-11.677144 
-7.331255 
-4.001332 
171.642509 
0.363790 
278.218689 
176.247736 
128.180293 
-158.583566 
-83.980739 
-85.549468 
-63.906376 
-16.221274 
180.368824 
97.423875 
-51.200105 
-70.241194 
38.336396 
13.935769 
99.548363 
-31.590647 
57.278123 
66.076787 
-210.149800 
139.143344 
239.078794 
120.644112 
215.158784 
-158.887207 
-81.251012 
121.720353 
45.265364 
154.723300 
-36.408737 
-38.590907 
-80.695077 
-13.950203 
51.752465 
87.661009 
7.554295 
7.309987 
142.744824 
30.605326 
-35.366258 
-56.655720 
-26.356731 
-23.766789 
84.521099 
78.033542 
-97.599212 
2.525661 
408.687568 
180.366982 
-176.538783 
-70.287185 
-14.192092 
36.534907 
174.668123 
47.256978 
-187.005450 
-25.150026 
100.484519 
27.510196 
-41.173441 
149.530284 
-14.587998 
-19.646933 
-81.456761 
43.375092 
36.852489 
102.085385 
226.030751 
-11.990608 
-104.246516 
123.929500 
-63.380237 
81.611652 
-39.273713 
-64.814443 
52.800139 
147.864584 
-147.873455 
22.116146 
52.744538 
69.209352 
-101.499194 
-43.133360 
-107.338827 
18.275573 
-23.280544 
70.479061 
30.329653 
-93.481134 
-72.331551 
-49.978757 
23.805947 
41.211033 
-476.206626 
128.180717 
259.119142 
84.728273 
147.751096 
71.206883 
-165.675159 
17.181663 
-233.053442 
-12.446781 
-48.161404 
112.295870 
52.660925 
46.831749 
-32.415031 
124.511997 
-116.116266 
89.957581 
-25.497762 
-49.026678 
75.455414 
31.991286 
-30.806699 
114.850438 
155.068871 
3.047771 
-21.260308 
-22.463618 
-25.009974 
114.159705 
217.716411 
-39.464208 
-27.619212 
93.683861 
-103.777787 
134.589679 
2.571701 
34.969098 
35.206803 
34.883096 
231.917381 
160.796750 
-33.365772 
-5.863766 
35.024176 
29.990981 
43.092789 
208.495435 
-24.933386 
-14.052768 
89.039644 
95.562328 
11.676194 
35.283345 
22.269928 
85.129040 
108.609845 
131.271689 
-103.340860 
-2.291283 
18.337463 
-25.292562 
23.805449 
58.295341 
-137.912751 
29.715994 
121.152991 
36.429391 
34.191120 
-25.601223 
-154.449880 
104.825647 
-44.627960 
186.891709 
255.792943 
-183.313947 
52.815976 
25.902129 
-47.413529 
77.840971 
-144.649841 
42.044700 
134.703767 
-87.184609 
-28.856753 
-43.035538 
-21.244210 
15.789608 
-217.329891 
-71.557793 
-48.521605 
36.850940 
-17.675429 
127.450372 
82.515529 
23.805851 
-44.211857 
11.087829 
-69.294630 
121.656237 
17.282442 
42.563348 
-207.128147 
15.145615 
67.817473 
-36.388683 
34.937804 
49.891845 
-109.109997 
82.515004 
171.179363 
-65.133393 
63.054207 
25.764077 
-29.460130 
-137.818890 
176.880030 
-113.190880 
106.831592 
-40.953226 
61.704720 
23.747005 
30.212363 
36.551639 
48.618707 
8.065087 
471.473997 
-107.207326 
166.099857 
-2.288566 
-48.905382 
-76.756407 
44.351731 
42.910112 
-3.071072 
-17.243689 
-13.065467 
4.584490 
44.636223 
-87.818039 
26.965720 
-0.824294 
23.806211 
-55.218668 
-37.640432 
34.365198 
138.805356 
26.384992 
0.683324 
-137.986921 
-51.186442 
50.441384 
22.667886 
23.807615 
-23.349505 
-139.705486 
36.853357 
-77.345929 
82.299251 
43.376230 
10.761327 
-22.848872 
-155.464814 
-81.816905 
62.074898 
-7.335038 
-128.408790 
49.900572 
-55.013290 
49.899780 
-88.273483 
121.032385 
30.808889 
-9.434981 
-211.176211 
-64.879601 
-119.430284 
93.216391 
31.272746 
-12.355443 
38.334016 
-62.657557 
-11.794192 
-32.520739 
62.947183 
-81.434240 
89.375703 
-66.652440 
-6.049625 
-16.960001 
-3.935524 
147.750166 
56.422209 
-249.168919 
23.804059 
-200.082297 
12.519671 
-161.754536 
9.628158 
-92.619131 
-50.935656 
30.327830 
99.959533 
-105.669999 
-57.647407 
-25.608455 
-48.768006 
-11.012330 
-30.232550 
-71.708119 
-9.546254 
13.077980 
-124.235872 
-9.762834 
-81.090185 
158.374297 
-133.929128 
56.579444 
-60.999609 
-66.388554 
-71.589178 
-61.000112 
29.447530 
-60.999244 
-163.891486 
-50.623398 
265.173241 
-5.202987 
-28.706808 
184.988408 
-87.382051 
-190.646206 
-47.082506 
-112.525975 
278.220904 
-220.812314 
151.430720 
-82.464624 
-19.535572 
16.513125 
347.330266 
88.836228 
-117.005720 
-3.647616 
62.946532 
-64.417668 
181.765205 
115.133910 
27.759382 
74.461677 
-92.471951 
-52.913469 
312.544357 
223.424391 
104.422498 
-32.859773 
-0.214002 
17.885724 
105.919909 
96.422327 
-144.152186 
117.724444 
34.841702 
-20.366856 
460.875082 
246.166157 
17.305447 
65.740176 
89.321307 
206.134983 
386.854574 
88.052326 
-88.030345 
-69.354304 
75.992290 
-51.325176 
107.163048 
-14.905447 
1.742337 
-47.138375 
-50.693957 
80.435405 
128.179114 
106.084586 
-167.019078 
22.192843 
-151.599898 
41.513249 
-33.365396 
57.644037 
89.061422 
-72.171009 
46.999543 
-139.623955 
285.691143 
162.635510 
60.071915 
2.150927 
-56.535541 
-35.735103 
41.239264 
200.231170 
-58.257052 
72.260740 
15.083178 
-16.197097 
139.617199 
6.710094 
-78.659604 
-199.097190 
-46.960260 
-1.719038 
34.834267 
258.647472 
17.503862 
45.384577 
-5.903447 
203.416315 
203.402494 
73.070309 
148.441432 
219.507317 
-10.392049 
1.087019 
13.797077 
-84.386371 
-61.909662 
19.860619 
149.229610 
41.914972 
304.312557 
97.360568 
-135.750349 
149.513952 
41.805857 
-36.927374 
317.360600 
95.177087 
88.190214 
87.155678 
-18.675025 
33.453090 
115.133543 
185.162345 
-103.122671 
9.112903 
-49.290721 
50.890100 
317.360943 
-120.935483 
102.086749 
-57.924447 
127.685979 
150.394047 
246.318821 
51.632500 
53.739504 
27.977852 
126.164419 
132.448954 
58.493877 
-144.114881 
24.974975 
-47.611115 
-1.668597 
-33.886244 
80.243795 
-268.119204 
22.887670 
-99.240838 
48.656710 
-178.787384 
-179.855055 
102.228249 
-104.002402 
297.513190 
-78.495747 
16.809859 
14.213322 
-12.130925 
144.561289 
66.702021 
154.273898 
111.595866 
-8.653535 
2.767434 
115.133022 
41.254586 
-61.720244 
53.203172 
73.700783 
86.041657 
141.692485 
124.204706 
-162.237798 
10.289771 
9.686707 
-55.542725 
104.034092 
-292.708294 
160.797181 
183.629745 
10.506151 
-149.756231 
-132.677468 
-40.128787 
-10.962629 
19.308804 
-96.136793 
-81.878647 
8.101184 
-15.344658 
19.332188 
-35.330381 
-10.749444 
26.142109 
-30.643127 
55.511751 
183.032914 
14.143166 
206.461282 
203.051508 
199.937229 
-215.015637 
-188.814584 
-96.467131 
41.608262 
139.349591 
317.359450 
132.553196 
-310.238922 
-122.926002 
-0.348917 
48.878862 
60.936883 
-11.683464 
-134.443691 
124.434816 
-88.137245 
21.928782 
115.132603 
275.746786 
51.202887 
-95.203661 
-83.146109 
50.627071 
165.024520 
141.272942 
29.728811 
-59.609949 
-191.788222 
-1.144454 
29.575393 
102.234143 
103.918169 
-5.541483 
44.574535 
-35.775165 
11.025967 
-51.872973 
21.760774 
-85.196933 
-108.289949 
21.197374 
-53.782670 
26.685455 
252.125218 
115.132971 
40.492388 
-189.571646 
104.576817 
-162.628490 
-53.008967 
-82.698106 
-125.165821 
134.990482 
-3.085524 
112.503185 
-48.634007 
162.131882 
279.459482 
150.441174 
-84.923171 
-15.335986 
160.797436 
186.891364 
82.516362 
60.385394 
-9.628725 
271.058000 
82.881029 
47.220217 
-36.398434 
55.351484 
71.207851 
145.582385 
-62.637150 
-148.990866 
43.486770 
-105.129933 
-164.738425 
-52.838151 
-58.785927 
79.218253 
-42.020948 
-212.535424 
23.803872 
90.507215 
48.258598 
-64.365321 
62.944746 
44.851284 
-131.471676 
330.405108 
124.444541 
61.360107 
147.749489 
64.248831 
-44.303449 
-113.145817 
53.158904 
-218.342505 
-51.403847 
44.725725 
-59.180283 
-42.466244 
-126.681957 
-121.139787 
-56.272788 
-77.197479 
14.201011 
13.201735 
127.107097 
87.274714 
185.819354 
1.333888 
-54.434400 
75.982898 
77.571575 
28.064752 
-144.298377 
66.434182 
111.198764 
135.757511 
45.933676 
-120.621385 
-89.689528 
94.116412 
-52.783055 
-13.990668 
54.671618 
120.716878 
115.969520 
17.281258 
15.946222 
-15.742411 
110.202741 
131.690558 
14.381295 
66.948574 
-96.829191 
-66.647438 
82.515836 
-2.288689 
-50.826463 
103.363618 
7.260174 
-40.123812 
36.852170 
137.304110 
14.011563 
165.703800 
1.871593 
-25.026223 
199.937711 
-80.748335 
-52.460599 
62.024340 
176.720298 
51.127161 
52.403223 
68.227213 
62.102311 
178.421721 
132.901867 
36.851513 
-265.673493 
-321.937290 
60.324501 
5.647198 
-97.506668 
97.460005 
-101.674063 
-74.157723 
43.375037 
-159.294717 
-34.014564 
108.148912 
-39.290489 
-39.747781 
-357.163178 
-71.196958 
52.693230 
102.086471 
24.714943 
-22.199072 
36.851169 
49.898084 
107.804784 
-9.252659 
-20.664012 
30.328091 
17.280748 
-51.506864 
8.583416 
-24.162888 
4.884360 
88.618767 
-22.399581 
89.038222 
-79.347183 
108.609068 
103.978392 
-22.348559 
49.341003 
-75.235765 
-55.566321 
-144.040009 
114.879079 
141.227072 
90.587510 
57.368772 
-69.528188 
-57.521706 
41.169259 
1.904581 
-84.257315 
2.541632 
602.861269 
-86.594693 
140.223528 
-15.335372 
-125.386125 
198.850032 
-93.407686 
83.987956 
-149.588684 
22.200422 
-100.271960 
-57.122670 
19.018655 
-82.875458 
33.614583 
6.025928 
56.421819 
0.533666 
-21.969750 
63.318122 
119.083489 
2.101064 
-52.338526 
-16.685503 
-66.448129 
104.420561 
-10.342987 
56.421656 
22.583515 
-99.788335 
36.851705 
31.530955 
-60.639688 
30.327843 
36.851324 
-158.188005 
-64.532854 
71.137102 
19.921764 
5.287861 
-54.767756 
43.374702 
72.233268 
49.898074 
-64.260198 
47.075326 
23.305866 
-40.862926 
-25.235556 
69.481318 
-83.266335 
73.143435 
21.348620 
-69.443652 
-35.615460 
-66.683160 
-113.541384 
25.275920 
160.796755 
-12.504609 
-93.034515 
-67.111839 
-46.132510 
-21.045499 
9.593002 
43.375028 
-2.289038 
-138.596426 
4.234595 
135.044901 
-48.848964 
-85.073440 
-97.169774 
-49.215341 
90.139406 
-60.999791 
51.508285 
27.497430 
-94.035625 
-52.124163 
-8.812752 
-16.055715 
138.682517 
-38.802265 
-215.749675 
-63.244824 
143.846178 
68.549222 
-50.090490 
-78.626507 
-163.663438 
87.604659 
-61.000542 
58.877548 
132.426693 
-61.000747 
-47.971699 
-61.000419 
-121.230129 
3.743934 
245.601337 
-125.487459 
-45.539820 
228.707008 
42.230864 
-53.759490 
71.208892 
73.755648 
115.133357 
-94.391143 
15.639584 
98.435302 
-15.715732 
158.276383 
215.557439 
153.627219 
50.284802 
140.651993 
69.468779 
109.099981 
157.636341 
252.125193 
208.288876 
77.313635 
-226.495629 
-47.850024 
224.051790 
204.474391 
74.526552 
-1.098433 
40.888782 
80.596644 
152.149138 
-13.875404 
-43.473332 
34.651284 
72.826612 
75.830980 
115.134453 
126.800743 
158.495687 
70.656087 
47.535196 
144.367071 
289.396049 
90.487989 
4.305194 
-5.024563 
232.555431 
48.471579 
210.691604 
-71.132161 
144.144182 
29.920308 
254.357605 
-116.149585 
199.937058 
83.540042 
-73.694947 
73.357965 
14.537401 
-115.508875 
27.518967 
-11.018610 
59.688054 
-110.456742 
-101.667616 
-70.476994 
132.110230 
130.420417 
-20.925068 
-10.306509 
-68.427558 
-13.652573 
117.615639 
310.739655 
389.033875 
-120.923162 
28.049184 
97.464909 
57.164470 
116.071138 
77.336735 
-98.377887 
-85.725124 
-9.634766 
70.394158 
219.506482 
4.735007 
-10.112088 
61.394435 
147.748828 
122.859020 
3.667284 
-39.827266 
102.085372 
-80.439643 
-108.797907 
235.952636 
2.183731 
59.620362 
152.122197 
14.170403 
49.094486 
304.310935 
151.843237 
-112.002826 
72.384843 
-10.178724 
3.829171 
382.594447 
28.600032 
-100.376744 
100.043867 
-19.211170 
133.686825 
75.990808 
238.569444 
-92.348277 
-84.791204 
54.473933 
52.464840 
382.594508 
-97.296780 
75.992591 
115.041406 
217.644585 
119.270619 
180.888612 
74.077758 
51.125980 
34.981567 
98.180850 
-18.393357 
13.401607 
-98.483414 
11.205586 
3.449369 
-117.716905 
73.775543 
137.653887 
-36.945943 
9.072093 
-101.967716 
117.941483 
-79.568180 
-114.144987 
52.448121 
58.488704 
106.553107 
-59.334411 
129.471619 
114.270807 
157.892033 
74.864380 
252.380897 
167.316554 
-31.149585 
74.894711 
-57.146803 
62.943200 
-106.806646 
-124.910251 
138.885583 
-32.523603 
86.971977 
125.067085 
96.590555 
-103.042808 
-54.143826 
-15.112734 
21.460342 
222.161513 
-191.882227 
173.842784 
170.581493 
45.815593 
181.682555 
28.936986 
237.981589 
28.638733 
109.080350 
-109.737142 
-19.634384 
-71.697696 
-71.273391 
94.622111 
-65.748463 
37.305605 
52.319620 
148.107381 
229.211496 
4.514207 
217.414529 
160.796447 
85.580760 
56.422177 
-213.164358 
-179.141308 
-30.097451 
-100.449602 
282.535735 
186.891637 
70.487007 
-311.928622 
157.893715 
-71.737677 
157.478535 
186.825030 
-157.899184 
-122.798974 
4.373298 
-64.330489 
38.373948 
154.273885 
189.869648 
-115.361304 
1.208942 
95.217281 
-76.788306 
72.998982 
7.511699 
-35.732852 
-191.169871 
-71.098642 
51.513267 
-17.581368 
90.986690 
-80.210414 
-8.492525 
-86.416230 
59.001056 
164.007864 
-26.788886 
26.786845 
-135.837498 
-160.149294 
116.704661 
189.951510 
-31.295212 
193.414463 
317.359848 
-165.098270 
-140.934185 
24.713299 
-125.881744 
57.129365 
78.174225 
-319.052170 
8.742698 
-68.380037 
43.163549 
-92.565497 
106.535014 
211.295793 
151.951443 
-52.239034 
147.748978 
141.226852 
134.703457 
49.899213 
35.559391 
-12.733780 
321.399685 
81.062703 
107.629884 
-222.328202 
-113.182450 
123.653034 
190.599874 
-108.283472 
-69.482338 
-118.099961 
-95.023449 
-18.023945 
57.597441 
-33.045608 
84.076846 
-139.193445 
-227.891157 
160.796394 
44.990141 
131.095513 
-202.889097 
317.359155 
-88.609169 
-33.872331 
147.749985 
73.398296 
-23.870939 
115.132159 
43.374565 
-190.873950 
-90.145449 
170.583619 
-218.196890 
4.143449 
-17.751942 
-184.656911 
-32.264585 
-105.948872 
-13.852623 
4.706722 
-126.443817 
-182.408353 
41.772172 
117.777451 
44.597575 
45.375229 
24.607541 
29.506824 
93.306760 
38.646654 
-54.429203 
-100.977913 
56.052989 
-12.713572 
23.012010 
-112.410240 
-90.419784 
-157.581249 
60.313943 
-134.757011 
-102.275094 
180.954840 
-55.088352 
-23.972622 
23.803625 
-65.001655 
30.087716 
45.329273 
112.554090 
76.795693 
57.834230 
-4.145495 
-17.976624 
30.326877 
-2.290218 
112.906923 
21.667313 
21.376836 
-151.459869 
199.935897 
-52.568926 
27.985184 
56.170105 
-187.270909 
-211.978715 
-15.337638 
38.422936 
-39.219326 
-87.093611 
111.220867 
-4.566667 
52.905211 
79.408755 
12.449867 
248.541744 
80.226264 
82.515191 
-313.785529 
191.373415 
39.554407 
-61.251777 
-100.403050 
94.205056 
-172.458283 
87.472936 
36.851458 
28.724134 
-244.826563 
-6.236768 
-136.528934 
-114.064704 
-269.088237 
-15.804466 
-94.782989 
95.561458 
-50.651824 
-35.063758 
36.853020 
239.077125 
99.740668 
20.071699 
-32.117996 
10.756639 
23.804528 
145.595145 
-95.792400 
-8.207373 
-99.820266 
69.358894 
14.791444 
82.516800 
-13.701080 
-2.290001 
-42.483879 
5.889080 
43.981374 
-115.624839 
-2.584597 
-246.002033 
13.162616 
167.320302 
22.482002 
-84.529170 
-58.887892 
17.333865 
-17.010775 
71.118820 
67.520729 
-2.946005 
281.762775 
-99.011428 
84.937661 
36.850031 
-47.703213 
89.793121 
-26.782966 
30.210067 
-72.525449 
11.297413 
33.301549 
-94.789214 
-35.204421 
-124.103705 
3.741717 
16.089247 
-8.812946 
-98.939339 
20.661774 
30.969499 
-287.205480 
-102.492701 
-41.331175 
-103.660261 
-49.766385 
33.263544 
-69.707128 
-2.289471 
-46.593365 
-77.069381 
49.898000 
50.957758 
-47.466823 
69.467812 
69.468307 
-19.413455 
-134.431822 
-6.902772 
24.826418 
101.902121 
-115.723182 
62.944409 
19.054992 
95.561481 
6.143539 
-4.387722 
-32.326511 
-127.782562 
-201.459500 
47.137100 
-29.380527 
-78.293037 
-15.675864 
32.734862 
-145.686679 
-17.208053 
-33.264402 
41.392815 
23.804874 
-37.155487 
-9.956073 
-34.738649 
-204.227506 
-48.943750 
40.696137 
69.468592 
30.327889 
-93.005301 
17.280938 
180.400128 
75.227870 
56.027754 
25.988959 
-123.678101 
128.297647 
-60.999737 
-31.914519 
-13.647886 
-26.721774 
-238.640634 
-60.999480 
-49.290843 
152.260902 
-30.366513 
-162.760646 
-85.737587 
39.236044 
6.471794 
18.449183 
-78.002239 
-35.271611 
45.935873 
-60.999840 
181.853166 
56.332278 
-60.999557 
75.798604 
-60.999153 
-165.527964 
94.013664 
330.405000 
-12.455006 
66.912540 
54.665025 
-69.674689 
-188.785572 
57.290838 
191.807964 
89.037908 
-92.264413 
-185.242900 
-93.768217 
198.227418 
122.998175 
71.888846 
16.182090 
-181.782161 
105.685875 
36.850980 
131.903996 
149.227871 
128.178669 
277.312817 
185.111674 
-308.567908 
219.626929 
254.748200 
177.065788 
77.662307 
23.788088 
-57.499210 
-9.732549 
137.038995 
-69.910566 
-39.002391 
63.959025 
33.329697 
165.375145 
265.172395 
85.429122 
12.670258 
2.272300 
123.665803 
192.362322 
253.055908 
-88.351302 
-2.573326 
-23.249623 
265.172675 
-73.852883 
186.819631 
131.660626 
101.929460 
-219.192923 
183.791119 
-23.420990 
128.180275 
180.977151 
41.330869 
96.188151 
94.176864 
85.087287 
79.475303 
-36.841137 
190.398027 
-145.934156 
-29.259425 
-12.545489 
-37.429627 
62.121640 
42.247486 
-45.941337 
34.438881 
97.543410 
7.964852 
213.425699 
424.832494 
73.387247 
14.882529 
139.199428 
88.203106 
60.287397 
-63.239051 
102.744486 
-9.463670 
-63.054758 
-32.780578 
460.874652 
69.858966 
61.085899 
-7.524535 
15.541816 
163.060960 
36.773905 
21.683125 
239.078225 
-21.565457 
-29.978540 
46.555282 
5.329283 
25.800913 
17.017655 
96.035236 
120.665804 
95.563487 
29.798553 
-30.117910 
-4.537764 
37.935808 
1.090053 
89.039695 
28.736075 
133.419824 
39.818633 
180.499935 
39.713403 
278.220362 
170.476327 
7.245528 
-62.804697 
113.183004 
83.143824 
62.946280 
-13.665152 
265.173532 
205.516555 
87.969879 
41.211708 
141.660746 
-15.847415 
164.986469 
-69.135984 
-152.400227 
-149.396672 
-113.395535 
-38.347168 
29.711890 
-287.316811 
29.053485 
52.868801 
188.018046 
59.276454 
-17.305254 
-29.144062 
47.580424 
-229.086268 
-151.761022 
-54.966249 
-62.317944 
-70.191320 
-48.591854 
78.996507 
1.495857 
-52.669522 
103.111767 
138.631196 
258.648037 
-18.196938 
174.857673 
-150.962016 
89.038213 
79.009916 
-168.129428 
138.101707 
-32.446159 
17.782072 
-17.599557 
9.142571 
-154.006877 
92.843510 
-5.602546 
-88.391417 
44.726010 
-69.196545 
154.271334 
193.411724 
19.938254 
169.293499 
5.555933 
23.262400 
148.306711 
61.931737 
-228.191574 
21.696140 
-140.331890 
47.735916 
-124.987058 
-25.280215 
-144.452246 
-47.412468 
62.743212 
249.234177 
58.324110 
35.678761 
160.796932 
96.241902 
69.468357 
-12.040726 
-35.999790 
28.527531 
-107.052926 
99.229150 
134.702916 
82.020829 
-217.664912 
43.680050 
7.281502 
131.961173 
59.355550 
-90.343446 
-39.134666 
59.855757 
-32.971741 
7.907366 
206.461154 
113.713341 
-151.023887 
-11.442387 
153.566235 
-16.721588 
70.548276 
106.453171 
87.868870 
-113.154139 
-124.447272 
18.901688 
26.087931 
78.493679 
-61.033891 
-183.685282 
-123.324309 
-1.461810 
106.949509 
40.782147 
-30.850081 
1.174257 
-167.225461 
57.477668 
89.949494 
-52.000942 
167.319841 
291.265617 
-223.300066 
-9.313207 
24.954301 
-145.567267 
115.527818 
41.704020 
-276.853670 
59.096775 
-132.072316 
-53.208110 
-104.850827 
93.260972 
52.320850 
125.656258 
-170.577383 
134.702556 
128.179206 
75.991794 
115.132077 
133.110226 
3.319317 
35.134937 
48.647642 
-28.633767 
-114.719160 
17.388744 
-6.960829 
229.861314 
-222.911395 
-73.870466 
-20.625398 
-24.866642 
-235.789457 
-38.474335 
87.493864 
24.934308 
-28.220767 
-146.342474 
199.937074 
5.496296 
57.766125 
39.953043 
330.406073 
-25.488730 
-23.954688 
167.320377 
38.644740 
91.446352 
115.132935 
133.833304 
25.880451 
-92.861452 
157.535082 
-21.155563 
205.515513 
88.863005 
31.529591 
37.103047 
-24.013034 
-10.007224 
-51.965505 
-134.346985 
67.924561 
33.222385 
23.274375 
39.571961 
-187.372108 
-47.276362 
17.852233 
57.204613 
-75.301737 
-36.952811 
-49.470222 
-27.632333 
-31.896403 
-32.653728 
-52.074181 
32.323425 
-199.852077 
18.728091 
-59.975703 
21.500128 
229.297796 
79.962242 
-15.602628 
36.851506 
-43.394975 
56.048491 
117.612400 
155.040064 
-1.611387 
83.804011 
-66.323685 
-83.095907 
4.234416 
-2.289253 
11.146775 
-26.795538 
-24.310055 
-165.374492 
186.890396 
7.115291 
57.358362 
52.442506 
-29.254855 
-29.861662 
23.804446 
38.438560 
-19.917567 
-6.812945 
30.163894 
-11.602783 
-9.071274 
-3.084458 
-42.978852 
44.765674 
26.203817 
95.562348 
20.134640 
-112.372414 
169.231982 
23.956770 
-97.885770 
36.075905 
-122.364305 
92.198376 
10.757337 
-46.586004 
-95.288186 
10.578039 
-106.343238 
46.648758 
-51.804894 
19.664843 
-56.585206 
95.562127 
34.798779 
-6.131933 
23.804729 
160.796015 
-37.054752 
12.760850 
-73.062649 
23.803994 
36.851119 
183.765830 
-81.875602 
68.672250 
-11.155437 
56.510345 
121.249492 
134.702481 
42.966884 
43.374196 
-30.563951 
70.524489 
-5.825853 
107.831469 
58.934530 
-74.994213 
-24.432156 
193.412410 
116.174897 
14.197797 
-59.482802 
123.457106 
-66.608569 
49.518080 
66.713075 
47.018594 
87.177272 
-100.761386 
85.566521 
4.233767 
12.833404 
121.066724 
-78.904332 
55.357375 
-114.886405 
152.614965 
66.694485 
-22.117386 
-68.011613 
-38.458140 
68.150906 
37.174499 
43.374600 
-161.064512 
8.051051 
104.203893 
-353.382663 
-17.434191 
-37.364236 
-51.431089 
-29.549477 
102.674211 
-22.587300 
43.375035 
63.562594 
57.862068 
30.327945 
-121.641127 
-159.360905 
-2.288968 
-2.288934 
-54.254677 
-118.093833 
-25.673659 
-30.458549 
29.809744 
-22.153173 
23.805018 
-40.681334 
95.562727 
4.283987 
-12.231569 
43.490009 
-166.582540 
-62.632291 
-10.119197 
-109.278292 
-51.869554 
48.163868 
-24.335592 
-88.296691 
-29.764236 
23.166810 
2.811300 
10.758013 
68.627385 
-76.081719 
-65.990853 
57.623240 
9.367989 
62.756402 
17.281310 
4.234532 
-84.335659 
4.234599 
-94.321058 
-30.952463 
171.772385 
-74.170699 
-123.641377 
-63.885136 
-60.999768 
8.475247 
128.208668 
-48.127853 
-171.613165 
-60.999461 
33.790473 
-130.414463 
-123.368603 
-6.576714 
5.362499 
-35.836785 
-83.344409 
-102.877713 
-22.304075 
30.982601 
-0.319588 
-61.000178 
123.486539 
-104.927993 
-60.999652 
-21.381185 
-61.000107 
-129.812154 
-83.191665 
-54.476562 
-59.753650 
-67.382517 
-61.754086 
-64.611991 
-65.160067 
-61.000000 
-63.787404 
-54.476562 
-68.943577 
-58.200564 
-58.083052 
-62.394116 
-55.283744 
-59.016650 
-56.207986 
-66.711218 
-61.482695 
-61.000000 
-62.991248 
-58.178768 
-61.000000 
-57.944176 
-59.245783 
-57.745827 
-56.295441 
-56.300954 
-59.982581 
-64.922017 
-60.437358 
-59.547052 
-62.258833 
-58.063587 
-60.890547 
-62.541137 
-65.004933 
-55.327981 
-55.949775 
-61.000000 
-61.652319 
-56.636914 
-61.293911 
-62.523304 
-59.555184 
-54.395654 
-59.551419 
-60.388451 
-63.423736 
-54.476563 
-62.925852 
-59.250625 
-62.554281 
-57.624329 
-60.592285 
-58.137986 
-65.090299 
-61.000000 
-61.949961 
-59.666118 
-60.162883 
-57.121468 
-59.757452 
-67.052491 
-62.530473 
-53.642485 
-65.406089 
-61.995624 
-60.720060 
-55.982450 
-62.546480 
-53.852205 
-61.537843 
-55.855603 
-60.247598 
-61.619174 
-56.456307 
-54.884278 
-60.309069 
-59.819844 
-54.828759 
-57.115261 
-63.462478 
-58.200564 
-63.324409 
-63.465493 
-59.018579 
-57.224883 
-61.000000 
-60.051065 
-62.424066 
-62.358045 
-54.041667 
-60.569085 
-60.104704 
-54.850341 
-61.000000 
-60.547473 
-61.825221 
-57.103237 
-63.964041 
-59.550175 
-56.823792 
-57.323109 
-59.160381 
-61.000000 
-56.713785 
-57.356487 
-55.658678 
-62.175675 
-64.841984 
-61.000000 
-61.054211 
-59.986477 
-59.664937 
-61.682417 
-60.066602 
-61.000000 
-59.316425 
-56.375957 
-58.011233 
-58.602004 
-65.353724 
-61.000000 
-61.947734 
-61.000000 
-57.101034 
-60.495772 
-58.386808 
-61.000000 
-54.485579 
-62.012595 
-58.522610 
-61.649524 
-60.081941 
-63.248121 
-63.613259 
-63.892600 
-60.724459 
-60.045808 
-63.645818 
-61.319754 
-67.115723 
-60.789084 
-60.878716 
-57.848323 
-67.515010 
-67.111685 
-59.313143 
-61.979043 
-61.853311 
-62.859391 
-58.387992 
-62.854204 
-59.133205 
-59.188092 
-61.704937 
-61.000000 
-58.736274 
-60.161388 
-61.848978 
-61.000000 
-57.193336 
-60.553285 
-62.734485 
-60.293044 
-57.398140 
-61.989788 
-63.628202 
-59.734197 
-62.973288 
-61.259272 
-60.914436 
-57.205045 
-67.643060 
-61.000000 
-57.738281 
-57.244631 
-61.054211 
-63.724029 
-57.438080 
-61.940339 
-58.994509 
-56.428103 
-59.914709 
-58.823692 
-63.300584 
-52.493134 
-60.014015 
-60.202236 
-64.459187 
-57.029681 
-59.835552 
-60.388060 
-57.159700 
-61.000000 
-61.786200 
-61.000000 
-59.060362 
-59.365797 
-59.856294 
-58.590763 
-63.223479 
-61.000000 
-59.443681 
-59.202172 
-65.631409 
-60.411365 
-61.992890 
-56.546964 
-60.447692 
-59.029910 
-61.875060 
-60.295717 
-55.911395 
-61.000000 
-60.780593 
-61.000000 
-59.135880 
-61.205694 
-63.644905 
-62.156144 
-62.030916 
-57.927912 
-68.232761 
-56.322114 
-63.010164 
-60.083809 
-59.510601 
-62.148626 
-59.931455 
-62.459049 
-61.800466 
-59.693016 
-63.399925 
-62.253694 
-63.555473 
-59.232221 
-61.177620 
-62.151010 
-64.487603 
-61.000000 
-61.000000 
-60.020353 
-61.336698 
-58.696554 
-61.131433 
-59.727202 
-62.946017 
-60.772124 
-61.784797 
-61.880347 
-55.908074 
-61.403076 
-63.159481 
-57.559896 
-59.458172 
-58.498829 
-61.000000 
-61.000000 
-61.000000 
-61.000000 
-54.095877 
-61.878790 
-61.317061 
-57.937957 
-58.654699 
-66.606589 
-58.998006 
-61.900243 
-58.698847 
-59.658156 
-61.654379 
-60.234033 
-60.623379 
-65.378815 
-59.564467 
-59.239006 
-58.347440 
-60.311204 
-62.210716 
-61.000000 
-62.286314 
-60.110373 
-56.585182 
-61.000000 
-59.794080 
-62.523304 
-61.000000 
-61.637768 
-57.538010 
-61.000000 
-61.000000 
-62.805343 
-60.657564 
-54.476562 
-60.758318 
-63.624471 
-58.915489 
-60.702755 
-60.756933 
-63.225694 
-59.256821 
-59.935109 
-65.405356 
-61.095173 
-60.249563 
-61.861275 
-59.138805 
-61.431204 
-60.949177 
-60.922167 
-58.510853 
-55.671148 
-63.249081 
-64.737260 
-59.108903 
-59.571903 
-55.325789 
-61.735812 
-59.550175 
-62.697736 
-59.305668 
-56.140433 
-56.168067 
-60.890547 
-59.389969 
-59.819777 
-61.000000 
-61.551846 
-57.686344 
-57.341398 
-61.292589 
-60.949177 
-60.111499 
-60.677124 
-62.127243 
-61.000000 
-61.000000 
-61.950178 
-59.959437 
-63.314484 
-61.000000 
-61.000000 
-59.332580 
-54.936216 
-59.437438 
-60.668137 
-59.718777 
-61.000000 
-57.761683 
-61.597547 
-63.676528 
-59.302578 
-57.467598 
-60.360235 
-60.297841 
-60.072073 
-60.700230 
-57.997221 
-61.000000 
-61.000000 
-61.000000 
-60.108324 
-60.999639 
-64.809215 
-62.242717 
-62.112522 
-61.858929 
-61.000000 
-60.923805 
-59.047310 
-59.367502 
-58.351964 
-61.159822 
-65.670906 
-60.439800 
-61.658274 
-61.000000 
-60.442233 
-60.869236 
-61.000000 
-61.000000 
-58.566320 
-60.795343 
-61.858929 
-61.000000 
-61.000000 
-56.452853 
-61.000000 
-63.320885 
-58.404034 
-59.348205 
-61.000000 
-61.000000 
-54.476562 
-61.000000 
-62.815975 
-60.020328 
-60.052167 
-56.925320 
-62.640039 
-59.605762 
-57.356645 
-61.000000 
-60.136398 
-59.741156 
-62.175675 
-61.932540 
-57.443343 
-58.729975 
-59.859364 
-63.281575 
-55.266510 
-61.207248 
-58.820867 
-61.000000 
-57.127461 
-60.952354 
-59.796748 
-59.192456 
-56.799116 
-61.749247 
-64.887963 
-57.217373 
-59.385743 
-62.994062 
-59.962658 
-60.369834 
-61.000000 
-62.991644 
-57.641254 
-61.570421 
-66.733490 
-63.269920 
-61.193120 
-62.252796 
-60.814274 
-60.975460 
-62.818628 
-61.000000 
-58.829724 
-59.713445 
-61.000000 
-59.197557 
-64.171276 
-61.000000 
-61.000000 
-60.125744 
-61.266417 
-62.091670 
-60.653546 
-59.453601 
-64.254927 
-61.000000 
-61.122591 
-54.476563 
-62.513366 
-62.106460 
-63.554145 
-60.467677 
-61.261129 
-61.403983 
-63.178276 
-61.191866 
-62.578351 
-60.805705 
-63.602134 
-56.854853 
-61.196399 
-59.897805 
-61.000000 
-61.374233 
-60.742876 
-58.368632 
-60.702755 
-61.953830 
-60.874513 
-61.000000 
-61.000000 
-61.917109 
-61.000000 
-59.911527 
-59.835649 
-59.661159 
-61.682357 
-60.405040 
-58.118505 
-61.000000 
-59.314963 
-58.621099 
-61.425009 
-64.591788 
-61.000000 
-61.792313 
-58.995139 
-61.972508 
-59.941839 
-62.581512 
-62.020444 
-59.646507 
-59.462464 
-61.834025 
-61.318477 
-61.748842 
-61.000000 
-61.102612 
-61.880296 
-61.000000 
-61.376233 
-61.000000 
-56.410125 
-63.934417 
