-177.062662 
-190.392649 
-196.992651 
-228.853996 
-206.437151 
-227.105383 
-209.000244 
-215.170005 
-222.687618 
-222.283761 
-189.773796 
-160.218027 
-134.626532 
-139.363852 
-118.275868 
-111.538901 
-66.247940 
-59.951193 
-40.187496 
-76.781220 
-88.572260 
-131.437420 
-177.151769 
-178.953423 
-172.564784 
-210.755416 
-205.715544 
-112.128038 
-51.280246 
-17.366389 
34.938818 
64.634311 
60.905478 
57.621344 
30.738493 
50.530472 
22.305638 
32.205607 
51.062606 
61.887689 
70.454742 
91.511088 
149.899407 
122.870613 
88.793351 
122.614776 
93.668184 
98.153291 
51.062769 
88.428331 
83.794389 
32.350928 
50.301177 
43.933808 
5.833309 
-2.688457 
5.437638 
23.738753 
-33.115739 
12.415762 
29.411601 
21.248167 
63.095416 
83.136100 
85.583275 
42.458873 
31.498244 
45.923998 
26.674887 
7.267264 
-1.240469 
32.814184 
22.771748 
31.388367 
22.625832 
-7.577223 
-38.191689 
-30.757426 
-45.782035 
-65.856984 
-66.173793 
-85.447562 
-120.018539 
-178.642176 
-161.405571 
-162.404689 
-159.411341 
-177.062471 
-148.188503 
-171.221562 
-189.867751 
-111.666758 
-115.146424 
-140.685668 
-129.430398 
-40.187588 
-43.045844 
-36.289981 
16.675315 
47.364706 
30.811945 
61.086586 
62.887420 
67.864244 
51.062608 
1.383427 
-17.252648 
-43.338321 
-49.674313 
-22.695414 
-40.187542 
-55.281748 
-73.627229 
-52.792305 
-71.798802 
-60.341868 
-85.812344 
-68.950005 
-92.640988 
-79.514954 
-64.450360 
-80.664407 
-40.187383 
-79.505269 
-40.187503 
-58.211662 
-15.950747 
-11.590489 
14.258947 
25.092058 
23.875486 
-1.045516 
5.095518 
3.418730 
29.609253 
-5.762646 
-7.677440 
-14.707937 
-11.619034 
-11.309903 
-2.517073 
-4.542914 
36.896048 
-4.671896 
8.577715 
13.819315 
-0.506158 
-46.327158 
-29.659820 
-50.793833 
-11.178725 
17.094265 
15.583194 
-4.454982 
-45.930569 
-52.145644 
-85.812482 
-92.146255 
-141.808873 
-183.267443 
-131.437299 
-194.287096 
-187.202220 
-138.877714 
-135.636755 
-100.785609 
-107.080062 
-89.559068 
-108.087551 
-118.675176 
-90.647600 
-66.792688 
-57.118450 
-48.308395 
-40.187330 
-40.187269 
-35.679979 
-30.948751 
-23.353603 
-49.506873 
-28.250903 
-15.828416 
10.755096 
11.949546 
19.688313 
27.640292 
37.993496 
26.368099 
33.105742 
23.608416 
28.444022 
8.591398 
-0.908835 
9.344191 
-17.374738 
10.883723 
5.437637 
-16.602603 
-27.466608 
-14.552941 
-33.927120 
-38.298715 
-40.187370 
-14.388502 
-30.703881 
-43.217218 
-73.435803 
-45.834630 
-27.381053 
-48.239702 
-60.711496 
-42.679175 
25.938636 
5.286618 
5.437483 
-3.023458 
23.687524 
34.706581 
17.646921 
52.223978 
-9.983061 
13.733639 
-18.209782 
0.381566 
-35.431077 
-21.534796 
-44.715489 
-24.591918 
-37.743030 
2.435728 
-62.948274 
-17.185557 
-41.475378 
-44.972535 
-51.931054 
-61.642875 
-79.568566 
-75.274581 
-93.478468 
-60.044167 
-63.000049 
-40.187626 
-75.628585 
-83.010105 
-93.972156 
-65.888856 
-87.308403 
-49.904950 
-84.325143 
-42.452193 
40.553980 
-25.262523 
16.914728 
11.661328 
4.127133 
-19.319138 
7.341660 
-17.374900 
5.437700 
-62.999870 
-40.187306 
-79.615334 
-51.980367 
-19.008141 
-25.207144 
-20.978499 
9.283872 
-22.896627 
-39.436197 
-41.906117 
-50.645292 
-19.402342 
-38.188837 
-88.050316 
-25.330470 
-52.650951 
-63.999864 
-75.631544 
-84.847941 
-66.694717 
-40.187215 
-26.360938 
-66.822410 
-65.504202 
-62.999737 
-51.723592 
-79.461087 
-40.187346 
-24.849222 
-36.434648 
-40.187300 
10.000150 
5.095555 
-28.194923 
-10.246183 
-35.341726 
-35.399467 
-63.344655 
-58.617066 
-37.079975 
-89.176682 
-88.769894 
-84.316865 
-125.391808 
-121.216186 
-105.951089 
-77.650283 
-96.577670 
-80.210415 
-70.235541 
-44.515495 
-61.425124 
-80.910842 
-59.234495 
-26.094231 
-5.584003 
-34.468143 
-61.068683 
-50.537139 
-37.625636 
-65.421872 
-41.837838 
-67.007491 
-41.423161 
-39.712220 
-76.400792 
-63.301747 
-40.187608 
-46.354957 
-59.297420 
-47.232728 
-61.755331 
-47.423135 
-24.713277 
-45.527495 
-12.064340 
5.437485 
5.437377 
38.213168 
25.559029 
40.773855 
9.998507 
5.437483 
26.977044 
21.618081 
21.146699 
22.819000 
5.467013 
5.437624 
40.727759 
6.449010 
0.257349 
-37.317432 
-42.545340 
-7.604870 
3.913191 
-21.674727 
17.172421 
2.637875 
5.437714 
29.675951 
-10.245775 
11.313579 
-7.930340 
-12.315838 
-17.466340 
-68.996473 
-80.141765 
-131.437399 
-148.064117 
-208.482022 
-206.026892 
-193.202718 
-198.392542 
-215.610277 
-172.396676 
-102.918057 
-85.812720 
-18.481178 
-12.073060 
51.062701 
96.687423 
55.954012 
21.937014 
-8.662730 
-108.624662 
-131.437581 
-163.886351 
-208.999536 
-151.181825 
-112.661537 
-55.173991 
-53.590595 
-62.999151 
-107.198756 
-40.187076 
-68.662168 
-103.663493 
-84.691477 
-92.463421 
-63.744841 
-27.112508 
-13.740245 
28.251827 
23.034841 
34.431987 
96.325273 
91.435762 
48.387076 
64.160223 
93.092935 
76.418193 
110.321411 
66.439379 
91.039359 
96.687528 
72.436541 
77.072198 
128.468295 
106.766319 
108.380072 
117.874114 
114.322262 
104.991245 
109.623588 
29.686863 
52.209298 
31.261084 
-17.375144 
-12.748269 
-32.344899 
-79.026276 
-40.632814 
-66.427957 
-108.958199 
-140.811016 
-122.647206 
-117.772463 
-134.544049 
-177.062518 
-159.797407 
-124.954219 
-131.437683 
-117.395118 
-51.694681 
-85.812621 
-63.000110 
-49.522036 
-35.172706 
-38.866916 
-51.806918 
-45.426391 
-108.040901 
-85.812445 
-87.931425 
-62.999943 
-87.959647 
-85.529685 
-72.913617 
-14.190547 
-33.316719 
-14.112798 
-18.756272 
-28.565070 
-57.421753 
-51.662566 
-72.450708 
-53.425665 
-114.687474 
-98.304982 
-85.812467 
-65.421719 
-62.706812 
-52.622188 
-81.429607 
-62.567266 
-60.027204 
-40.187286 
-40.187185 
-12.887191 
-40.187259 
-50.932410 
-11.983516 
-64.766461 
-37.644689 
-48.861221 
-14.399359 
-17.374772 
-31.170426 
-23.541070 
-17.330397 
18.296744 
-37.335502 
10.138457 
-1.252354 
-11.320954 
-37.791898 
-67.049160 
-88.754336 
-56.932834 
-72.014363 
-36.603351 
-23.066716 
-49.228509 
-40.187009 
-39.206984 
-60.435488 
-40.187228 
-15.776497 
-62.999529 
-48.773626 
-51.542282 
-85.819040 
-642.494406 
21.872346 
152.304729 
39.614688 
-243.492349 
-87.338497 
139.585137 
-85.821928 
-634.680159 
148.008523 
-642.238526 
130.217091 
-165.143635 
384.387461 
68.072606 
-178.830636 
-113.981475 
-131.443771 
147.781715 
-41.015325 
-40.192417 
-197.697309 
105.081598 
44.418193 
-109.709614 
-1024.978205 
-42.183197 
-206.655961 
217.061425 
242.022426 
-117.772553 
97.100487 
136.927239 
-107.921948 
599.939385 
-250.618524 
223.437219 
5.436053 
66.689005 
-187.513885 
-17.938946 
-333.375440 
115.990156 
909.499002 
-92.357928 
-138.958858 
307.894717 
-40.191435 
67.895502 
220.960773 
176.800978 
138.641735 
4.008309 
237.169161 
-331.340192 
5.432213 
88.580773 
-223.985092 
-15.757062 
-15.182867 
-19.554390 
97.707879 
355.655750 
569.984507 
99.289476 
727.782739 
-128.240406 
-252.744036 
320.664992 
351.370275 
-7.978015 
220.879019 
466.638406 
20.359673 
122.181313 
1488.350997 
84.595194 
79.597644 
-390.252928 
636.399314 
453.767477 
376.745640 
-88.224314 
604.479363 
233.159667 
329.620672 
1305.749664 
-127.097461 
816.010517 
11.665977 
594.002900 
198.097191 
-375.493126 
607.181442 
781.063244 
-243.331892 
-240.730780 
479.721109 
454.731993 
-285.809020 
-135.935714 
117.300631 
-127.750040 
826.696700 
604.432704 
-641.269439 
569.359924 
278.056233 
123.791247 
438.880041 
729.620561 
-77.241814 
-293.935859 
-605.827605 
359.083502 
279.192313 
530.869015 
-863.840663 
-517.830903 
622.890129 
169.463157 
210.743417 
-969.222868 
552.938507 
-352.073984 
250.418533 
-298.544310 
405.029597 
-20.284651 
-65.377073 
-552.101337 
-600.834336 
364.694336 
46.798138 
-595.415340 
-178.051668 
-252.761037 
174.568973 
-647.984527 
167.140014 
49.626193 
288.911346 
69.035175 
405.437738 
-1134.804184 
-1422.754565 
-223.840713 
-233.897199 
118.423616 
-528.065677 
254.010963 
760.773493 
-237.808372 
96.784675 
-393.117533 
279.182387 
-190.990998 
195.833621 
-1080.832999 
689.806766 
-103.606706 
-112.889495 
155.369994 
-264.865758 
514.703960 
312.165244 
-1185.126653 
76.552104 
-390.053399 
-357.681953 
929.064732 
-343.002586 
432.262802 
-63.000876 
165.120187 
642.923768 
-1340.345398 
-439.379187 
-259.800802 
82.186578 
15.757509 
-79.941490 
-353.485747 
86.727512 
-351.821521 
-976.605689 
365.217877 
-335.850338 
-285.067781 
206.122034 
-58.494885 
-165.573896 
-253.158573 
-85.813991 
447.146040 
1009.182960 
-1181.935052 
-180.322159 
-348.189305 
-4.962188 
-296.582712 
324.815225 
331.591719 
-885.376506 
-524.500209 
-17.256248 
-576.582243 
-41.286712 
-526.233865 
-410.293484 
-778.075775 
-270.157554 
-287.879287 
233.559792 
205.009849 
-90.382479 
-403.275671 
575.427644 
-83.613971 
5.667823 
-492.991320 
256.542287 
-239.118351 
-185.434535 
-361.588491 
-24.667829 
-62.011358 
-693.564333 
139.325097 
-45.115633 
254.714167 
-358.208628 
-210.607499 
334.219272 
-407.978424 
32.968302 
757.591996 
-54.502256 
245.342399 
5.440584 
416.064571 
-155.726210 
-805.656303 
428.826066 
-106.971467 
-556.085673 
949.015629 
-916.114656 
508.646372 
-278.850115 
231.590474 
24.261800 
821.861297 
-675.447977 
314.945771 
-514.558322 
5.439245 
712.629534 
5.439566 
667.003877 
1240.615595 
-804.165953 
413.840832 
-164.364903 
503.513152 
-519.288453 
-195.593618 
67.709825 
808.460160 
-834.130144 
95.055605 
163.144690 
-524.633716 
-234.215490 
-233.100031 
-109.252983 
268.871027 
-380.148428 
374.056194 
324.811559 
-323.621042 
-148.951266 
64.481965 
-85.815618 
204.138881 
-724.329513 
803.871046 
257.521970 
-437.704786 
279.183072 
520.994428 
-598.062611 
48.908333 
-1125.219535 
-515.598491 
-306.456413 
-209.021095 
-236.293692 
646.691571 
-333.320349 
55.131252 
497.163163 
885.992249 
-433.229884 
49.762017 
517.475281 
-550.669048 
320.927683 
402.981315 
288.686625 
223.884175 
-199.871681 
-489.434704 
-381.479114 
9.867218 
327.353073 
149.813247 
-68.766870 
-377.063329 
-797.790488 
357.107395 
54.872285 
-201.730349 
404.594436 
-378.137823 
-101.553279 
826.692717 
-99.020618 
403.577642 
63.281032 
86.376475 
-669.194720 
421.595148 
-501.288647 
-411.388423 
-131.437390 
530.126993 
429.426399 
-605.540039 
51.582661 
-354.992001 
-131.435917 
-86.063777 
-91.675806 
-228.924350 
-837.841471 
-1.355965 
621.380657 
112.495746 
-381.723303 
-137.608416 
-198.947054 
-371.935412 
6.388037 
-367.008559 
-95.344150 
-141.886917 
-405.434656 
621.376212 
-442.261809 
32.533330 
-300.877687 
-387.168234 
-450.479100 
158.891301 
-460.840050 
220.443830 
667.002226 
444.588702 
-494.425852 
161.582628 
72.017932 
-377.192121 
-542.446587 
-726.596185 
-51.733527 
393.249271 
163.854239 
-129.231540 
5.436722 
370.443995 
75.509878 
-241.120024 
-319.432486 
51.051577 
667.006209 
254.941071 
-330.655351 
-244.218631 
200.228210 
55.953081 
71.215715 
-40.188894 
-67.270591 
210.756674 
98.160722 
102.629349 
353.878487 
461.052512 
-374.831557 
157.225670 
93.678349 
279.182752 
289.971025 
115.147169 
-208.611123 
-267.178651 
339.841395 
-842.978641 
289.691397 
-124.406070 
584.226373 
-498.965772 
325.648762 
233.569187 
-456.575626 
1654.223655 
263.193798 
487.930677 
-1123.356224 
-79.116875 
-230.164081 
-214.378504 
29.813545 
-457.408628 
-276.694726 
511.057975 
5.439062 
-581.209211 
-252.041790 
-127.933848 
-399.580588 
-4.510601 
-351.267210 
492.633832 
354.990436 
422.848630 
-143.187275 
5.435514 
91.020280 
-446.049898 
5.437247 
-492.143265 
-708.085927 
-17.374858 
-17.372629 
-549.094234 
-467.079713 
274.969533 
-414.184950 
239.920763 
-752.892255 
-63.000612 
-297.463046 
-108.620631 
-127.195371 
-346.231084 
77.814287 
1.321360 
-1454.092956 
353.784968 
-659.742971 
-101.328883 
-163.493952 
-604.206976 
-402.797385 
168.818417 
-925.918982 
-245.855071 
-131.435290 
187.636836 
280.131918 
-1037.904841 
-464.412262 
-128.141268 
445.809541 
-131.436197 
-131.436619 
-576.643059 
301.999692 
-216.726178 
-261.032593 
-474.091432 
-445.351621 
256.364674 
11.313693 
-40.187620 
-129.093363 
-345.183286 
-612.317704 
-651.650619 
-449.390567 
-113.058136 
358.427724 
-273.287695 
-134.070926 
-493.433731 
-88.843941 
-302.953758 
-755.862647 
-324.614857 
-144.515434 
347.570218 
-40.188349 
-159.186248 
-23.137114 
-17.376693 
-50.167792 
-428.004481 
-736.579422 
-241.898953 
233.557362 
-257.226166 
110.069615 
683.450073 
1034.195483 
-915.888427 
-501.002209 
547.313412 
279.186089 
-928.971559 
522.601895 
-418.485625 
319.453391 
143.015236 
747.001682 
1133.975347 
81.055358 
370.242435 
667.002947 
256.901719 
-280.899706 
1351.376731 
211.374242 
562.072513 
37.736209 
414.553847 
-1088.388377 
-47.711684 
543.257136 
-125.979734 
198.844646 
-81.855520 
683.136874 
433.400507 
93.594850 
956.188459 
908.321124 
216.741510 
279.198057 
829.214639 
-310.651739 
-794.412119 
-103.044939 
200.840840 
1267.272534 
527.468790 
-488.804862 
-119.134605 
735.454704 
-70.733091 
1410.029225 
485.440491 
894.460321 
503.043381 
470.674024 
270.375138 
2309.514794 
178.645976 
81.506061 
43.812657 
-86.834894 
52.025322 
-478.543820 
489.258608 
506.957944 
-471.157097 
659.063548 
-111.205007 
486.341486 
487.161468 
871.787957 
204.714014 
-81.991807 
-31.835672 
694.549596 
567.432003 
1739.476345 
-117.138797 
410.928796 
43.241289 
437.706119 
1153.220780 
78.111195 
-34.131894 
384.853774 
727.324669 
-249.185106 
1123.247417 
-310.405336 
851.441785 
403.919150 
691.329968 
617.966455 
-212.397887 
82.499277 
1031.993688 
-309.483025 
256.487666 
480.008618 
491.056001 
-578.787698 
-84.366356 
805.815669 
-608.464383 
644.180021 
473.562744 
-1243.289968 
915.104575 
16.013896 
767.834622 
347.613881 
582.794045 
-469.715289 
-99.052395 
-904.456883 
286.624849 
370.435513 
416.597482 
-1182.404943 
-817.376477 
448.939442 
454.379870 
347.621488 
-1016.028301 
826.677217 
-612.017285 
5.389220 
254.506368 
440.661934 
-602.775446 
485.656674 
-984.072536 
-381.532701 
120.011993 
-41.078896 
-273.200337 
-607.823538 
-936.153111 
-703.077139 
-719.644292 
77.216793 
-64.435906 
-202.504637 
-1296.654739 
81.608965 
-1449.850481 
-1474.431119 
-965.204343 
-160.875347 
-415.650667 
-411.753252 
152.192396 
799.196765 
-294.478980 
279.683072 
-419.572382 
324.816193 
-425.906710 
-96.121554 
-909.363037 
689.806813 
-444.320335 
-575.515168 
299.058474 
81.263288 
-134.724093 
220.095155 
-1067.912221 
354.041563 
-270.677478 
-720.158047 
909.744526 
-92.277156 
-353.676124 
-108.624405 
279.205845 
577.593648 
-727.964861 
-117.660888 
-941.334610 
-297.444772 
1399.541610 
-373.020916 
105.817958 
-123.574597 
-38.542336 
-856.346507 
592.403336 
371.672593 
-189.814735 
500.282779 
268.548087 
-50.055424 
280.749904 
1054.819969 
629.627944 
1305.753201 
-1301.956338 
-264.440254 
72.977483 
-76.751619 
22.872375 
667.002824 
-197.943604 
-1347.919057 
28.122381 
-1416.713422 
134.909955 
723.098863 
-440.001373 
-671.753404 
-664.527134 
-314.265205 
-46.895552 
1077.628081 
-123.127612 
224.442918 
-450.722376 
472.432618 
164.098107 
538.224376 
-475.199724 
279.827995 
-292.974623 
-375.053926 
-471.289950 
-285.643986 
-35.194730 
-820.254295 
256.871072 
474.136124 
-307.193096 
-375.929950 
23.326747 
215.496064 
-106.022826 
-347.502014 
224.073131 
-304.643782 
-74.035684 
324.810509 
1761.999449 
-1355.819575 
-309.126792 
-621.556574 
-159.222987 
-599.412995 
121.121740 
-1882.154819 
224.680339 
14.873861 
274.148196 
-446.829568 
939.702873 
-667.671925 
-186.617022 
-327.816631 
575.743079 
-40.187959 
530.124386 
370.433999 
485.464274 
-472.496886 
940.117378 
-171.493692 
979.760266 
-868.232261 
-646.551662 
-120.341266 
868.553137 
-833.604148 
-216.782603 
150.550698 
-396.634185 
-1279.794985 
-80.839454 
-615.513699 
461.466393 
-504.541072 
149.814053 
438.878328 
80.983774 
-345.122092 
-661.094213 
484.503455 
-494.536845 
-980.667361 
5.443360 
575.576655 
-371.684700 
1488.255563 
-38.661095 
-431.568500 
-454.299702 
-999.731911 
-306.355154 
95.183870 
-97.868342 
-638.417262 
895.267499 
-274.725212 
116.436916 
381.567639 
629.127234 
-611.177642 
325.634669 
542.011057 
-310.380532 
282.837013 
631.883554 
126.232195 
327.330125 
-17.303140 
-384.204129 
-445.534334 
19.671180 
407.993995 
-599.606311 
-499.128995 
-464.710935 
-746.287354 
882.395172 
-265.946892 
116.648782 
287.394549 
-517.213416 
773.734998 
1761.998737 
-1610.524494 
559.240705 
181.654027 
-166.603038 
-577.188196 
511.083842 
-791.364264 
-456.258802 
895.125264 
484.497598 
614.850935 
-363.099076 
398.307859 
-793.005263 
712.625845 
-733.325706 
-97.734017 
-144.327103 
-1081.996797 
-525.553570 
165.123060 
256.834867 
212.772979 
-216.438092 
-564.829189 
189.602779 
675.672542 
-293.501047 
13.787533 
-103.204015 
-161.676049 
-131.437518 
-379.521008 
-703.173413 
-100.966298 
-831.208511 
-444.254969 
378.318763 
-753.179908 
510.733371 
-177.057524 
-176.521064 
-998.073314 
58.600768 
234.703581 
-172.218727 
-1210.407007 
-42.343092 
632.162537 
-85.802469 
64.517432 
69.197796 
347.632032 
210.760459 
-219.145943 
-204.392656 
-318.119965 
575.760572 
165.131322 
122.010799 
-403.660888 
-548.720504 
703.279977 
593.311401 
77.322259 
393.261089 
-1021.118336 
51.074419 
-163.616025 
260.392657 
607.432380 
510.885274 
-371.761547 
-111.773165 
687.790475 
370.451589 
734.023397 
-643.872176 
162.024625 
-915.090545 
13.379910 
-568.939664 
-149.849662 
-441.289666 
645.531644 
-173.140709 
366.194908 
438.879732 
-367.240747 
410.247047 
43.396484 
443.757281 
-756.449061 
-331.045584 
57.336007 
-458.972617 
64.230747 
8.823833 
-186.870757 
-232.636529 
-154.246518 
-781.454360 
43.149479 
-482.696005 
-589.379205 
622.373571 
-516.012012 
17.940634 
201.498300 
148.439737 
-216.232728 
-245.499255 
-499.351666 
-972.005185 
-268.315639 
-772.731845 
-868.172284 
-17.370878 
-17.375751 
-380.006509 
-422.460848 
-624.761974 
-59.437738 
-142.957558 
-1004.251702 
-85.813325 
-506.304901 
-63.000455 
-387.586554 
-436.812121 
-224.071891 
-161.846349 
-1096.206319 
142.653421 
-880.098471 
-477.932641 
-56.381243 
-237.673147 
-539.129977 
-346.974910 
-635.638815 
-91.458001 
-40.190096 
-27.012560 
298.254454 
-1018.399015 
-524.369221 
59.544893 
405.378014 
5.438706 
393.248196 
-445.988190 
28.247142 
303.577547 
-383.488091 
-451.250961 
-497.192682 
-321.634838 
60.710551 
28.248547 
-50.055772 
-373.021203 
-375.688392 
-782.652893 
-399.490418 
-296.975255 
-257.302672 
-334.686778 
-619.131599 
-432.632025 
-152.721230 
-471.988655 
-522.964766 
-72.269231 
-233.739672 
-233.340046 
28.243865 
-277.438655 
135.114429 
-428.005633 
-88.791566 
-428.008277 
-699.262487 
-144.037229 
1009.197057 
-114.224735 
-586.237174 
831.640407 
-471.160071 
-772.227068 
204.677126 
-119.642784 
324.822913 
-598.332770 
196.043529 
-566.412807 
500.385475 
-30.535409 
792.037016 
190.652457 
-578.566443 
-83.669130 
233.569541 
383.861661 
369.871056 
324.816586 
411.620184 
1077.111695 
-597.884053 
81.438553 
-237.149339 
717.719022 
566.862935 
323.072620 
549.050331 
115.416193 
335.624862 
269.029008 
493.815105 
300.615332 
305.508071 
-380.330608 
689.811954 
764.925124 
167.863309 
34.557883 
434.458577 
122.169333 
1348.148324 
965.576468 
324.253185 
-674.282127 
1031.994302 
186.934330 
1083.371596 
-227.070065 
908.135616 
-269.739968 
623.980153 
-184.580233 
1214.497193 
298.879355 
-394.510045 
60.390621 
512.122978 
284.419088 
-160.989702 
-111.348463 
699.883345 
-374.315760 
675.481024 
-109.453226 
-659.478275 
946.307312 
-29.081378 
262.346273 
428.369580 
-115.527982 
-206.700672 
624.347576 
2491.997743 
-47.438600 
111.923123 
-69.539358 
403.074451 
592.821147 
-410.676470 
-89.953732 
-248.321520 
-119.784971 
-282.675593 
530.127174 
-276.956631 
770.418888 
479.854152 
83.005468 
561.340539 
-181.016475 
-740.725895 
895.129642 
-499.861986 
394.730791 
374.976386 
219.247709 
382.339050 
-387.149344 
-37.551682 
-497.715536 
1054.816396 
870.928460 
-1158.553477 
-614.332247 
611.999699 
-353.132908 
438.877872 
812.585839 
-201.942832 
410.362713 
-741.701815 
-276.265052 
598.562567 
325.919353 
-542.754598 
135.928425 
1001.492889 
253.565599 
-40.186402 
-2.117053 
1807.624635 
173.218590 
65.425759 
-374.886305 
837.366396 
-874.755420 
525.011407 
-120.946876 
101.770854 
176.672057 
-445.022993 
-226.569367 
-13.120551 
-1348.319991 
-212.290204 
-23.271310 
-112.501251 
52.485733 
-194.740660 
-572.544140 
679.617178 
-382.107431 
-532.147168 
-628.019975 
-363.208233 
445.262405 
481.345776 
772.002242 
-68.504817 
-459.119861 
159.131993 
108.234441 
895.122245 
433.229523 
-613.836167 
-863.192273 
689.805860 
-16.542255 
-347.456776 
421.272143 
-126.093534 
-64.748772 
42.965949 
-516.047852 
158.797630 
-193.368963 
-630.938900 
344.246922 
-202.235106 
-1151.322374 
51.060633 
678.409048 
290.951038 
538.420665 
-629.910590 
-436.401088 
201.055880 
254.392328 
-917.175471 
212.660762 
-368.789226 
-400.515304 
-380.466603 
432.294947 
195.117900 
95.218092 
947.957277 
-230.302924 
-281.851564 
-319.241093 
1009.190201 
-2.845991 
1396.997659 
-844.073365 
-90.859376 
-471.704408 
-105.132230 
-165.677963 
689.812329 
151.613965 
-2481.903319 
-1318.381594 
926.813930 
47.918802 
964.079882 
-752.541130 
64.128992 
45.686530 
-137.675990 
-640.703811 
1168.873842 
-191.893418 
-631.792665 
-361.673503 
445.647668 
-833.810622 
-237.547473 
-159.762301 
812.866908 
-254.568964 
-739.823090 
-113.992253 
124.077366 
-1.135810 
-623.202719 
141.981438 
283.296906 
151.523898 
-20.854460 
-62.323037 
-525.291967 
627.097984 
-588.256270 
42.072470 
-529.809782 
-473.776087 
187.936633 
1396.999036 
-1218.347254 
-513.947708 
-316.224219 
169.732611 
-40.933650 
633.610123 
-1504.323018 
231.945943 
-313.323317 
437.654242 
-606.557673 
562.208781 
-159.528379 
-28.902729 
7.969039 
667.000122 
-40.186540 
849.501144 
461.687660 
-623.083988 
-357.073307 
530.705191 
-176.953355 
447.304633 
-268.140545 
-838.484114 
137.139113 
1153.598992 
-260.350685 
-354.069088 
-327.738661 
131.247119 
-561.130164 
236.480687 
-579.442241 
148.292380 
-257.802471 
-226.188053 
393.246859 
-351.492523 
-651.400453 
-29.918078 
849.497281 
-66.292601 
-443.152777 
5.436609 
35.223028 
257.430401 
1305.746817 
-209.002578 
-202.310526 
-334.463233 
-700.325535 
369.159999 
-54.912098 
78.882714 
-345.849908 
195.687510 
-435.785139 
-136.850664 
-405.023327 
-193.255464 
-705.969477 
-13.181296 
193.520374 
-742.602204 
-484.690271 
-701.359573 
-133.292769 
-219.519511 
-39.586258 
-266.682450 
-435.463010 
11.798686 
-164.370141 
295.007264 
-178.008163 
-1054.853826 
-951.499713 
361.646605 
-443.082276 
-374.940187 
244.694562 
-135.974541 
250.392953 
1716.376428 
-130.493176 
14.932401 
199.238542 
87.569844 
553.331256 
336.176903 
-462.797757 
-474.110735 
712.628108 
438.878470 
181.326576 
-324.387636 
-837.894948 
-646.996113 
758.254051 
-605.717859 
-233.469657 
-80.082056 
-17.200959 
-467.539776 
438.877753 
-41.491442 
25.730574 
24.033901 
-611.843388 
319.526249 
-109.563926 
119.653599 
271.093936 
690.595161 
107.045041 
5.438653 
-442.256190 
-677.509093 
204.295472 
-280.131000 
-357.564273 
472.028506 
-480.359685 
172.238332 
-40.186337 
-145.024238 
-900.244191 
60.367460 
-85.752121 
-434.145830 
-860.383304 
-175.322403 
336.076549 
-108.625512 
23.156568 
-132.427723 
210.750215 
28.248490 
-252.274637 
-264.771001 
-604.908036 
530.123385 
210.751027 
233.658389 
-574.000380 
-654.839501 
165.778381 
394.420647 
-74.423191 
301.998704 
-226.966105 
-85.813787 
46.610103 
-16.793168 
44.610089 
317.617098 
-384.918013 
-718.591640 
142.432838 
256.374291 
-312.718671 
270.068934 
-239.671118 
-939.843121 
-829.652441 
166.958150 
-578.457327 
-455.865556 
330.606319 
-44.299633 
327.269331 
301.999760 
-724.700549 
-59.779867 
-396.166381 
182.613362 
-510.013675 
105.003238 
-781.265858 
-930.902036 
-236.040760 
301.629448 
239.231531 
114.481630 
-62.999029 
-547.926161 
281.247574 
-78.361606 
-1249.248585 
372.548028 
-712.470929 
-536.312984 
-5.798623 
17.276934 
-774.477468 
-40.187492 
-802.764334 
-527.733661 
-62.998892 
-1091.139406 
-991.429720 
-62.999104 
-40.187102 
-683.139785 
-608.532288 
-225.524649 
-181.744338 
-460.993008 
-585.499591 
-40.187572 
-362.911048 
28.251019 
-265.771723 
99.447355 
-376.467341 
-481.166417 
-511.946603 
-351.751831 
-524.227662 
-421.339271 
325.204469 
-338.419518 
-132.157671 
-556.463388 
-81.141986 
57.004588 
28.250919 
-321.955708 
95.204399 
-713.019789 
-391.472214 
687.890258 
34.048605 
5.438576 
347.625360 
-356.126017 
5.437897 
-98.449543 
-618.452099 
-310.593306 
-423.114775 
-714.586766 
252.868818 
5.437756 
-169.638772 
92.317000 
-334.575448 
-884.010972 
-378.097568 
-254.935255 
-115.101998 
-688.528565 
-184.427771 
-35.311954 
233.701807 
-231.579821 
-733.230402 
214.873691 
-211.195623 
-42.295275 
28.248934 
-374.274480 
-670.259984 
-427.998510 
-91.010004 
-428.000428 
-775.137439 
-976.976759 
1168.852668 
-176.070223 
-455.269781 
557.508191 
-91.808145 
-1040.216650 
-403.687277 
509.657567 
1305.728024 
-346.229780 
283.798579 
-309.206792 
289.756891 
421.465492 
852.437918 
235.188657 
-513.875377 
421.143936 
301.986784 
-20.492668 
766.555679 
689.798948 
308.711050 
572.587678 
-914.966989 
-302.085389 
334.777395 
988.547074 
350.040895 
-608.309171 
148.677752 
125.663983 
182.578012 
810.799304 
-907.422992 
161.458544 
-117.257774 
-178.171585 
1625.121601 
1219.452028 
-507.996782 
-269.165943 
6.565856 
728.652536 
1694.464012 
421.205703 
-900.296483 
90.117700 
461.692369 
630.266548 
115.081840 
-331.683714 
-30.823509 
-442.257294 
-291.745854 
678.052157 
781.071393 
655.573549 
-359.430640 
639.952234 
-749.468476 
91.148728 
-438.085122 
433.187287 
620.164741 
191.244583 
190.226904 
-118.877042 
398.954112 
1170.819504 
149.359486 
352.748872 
90.067695 
-255.515174 
-336.693073 
955.133462 
985.530751 
-160.102647 
-376.757026 
546.377304 
657.120414 
509.277906 
-183.413258 
-160.324848 
-436.011073 
757.632784 
45.897247 
416.069990 
433.698048 
53.057478 
-348.129323 
885.998183 
103.116180 
-24.840830 
-93.926409 
530.124478 
-129.093423 
337.146283 
209.146546 
183.921026 
-1082.838417 
-444.943969 
120.087953 
-81.901911 
1898.875031 
216.226906 
-1079.971082 
-127.578307 
-62.415029 
-382.225216 
324.805721 
-255.222592 
-377.994576 
-126.187802 
-561.038189 
133.028501 
1031.994511 
-70.492341 
-1137.409868 
-652.388733 
-229.093195 
36.553573 
735.453075 
306.031066 
5.434762 
45.294519 
94.740841 
-508.630495 
731.873662 
-775.275630 
-65.455037 
-74.642503 
-270.886395 
207.705995 
-226.654641 
-288.764103 
-590.676484 
-552.571132 
-184.982033 
-532.997761 
-43.362559 
-1209.335260 
135.273333 
-402.486704 
561.097296 
-570.157148 
-962.142881 
-323.608690 
-738.722127 
803.120014 
515.950582 
-193.441897 
13.050341 
-422.227798 
139.644675 
140.865270 
5.436388 
191.568565 
-209.977620 
-116.368567 
986.376774 
-551.627079 
-1084.264629 
88.415592 
701.191506 
190.646509 
742.974264 
-1032.892285 
-400.964807 
117.174222 
-337.648885 
144.930989 
-260.583510 
-1271.753383 
96.689276 
564.347687 
957.434619 
-414.180755 
-281.217868 
-460.183413 
17.531432 
-53.414066 
135.147081 
26.638500 
403.406591 
480.331760 
87.953733 
664.830451 
-183.420226 
-89.875783 
-51.784079 
30.302982 
750.443897 
-122.295933 
1260.127391 
576.670199 
621.373498 
-1111.044030 
-598.193090 
-571.081590 
-419.008427 
-210.813378 
689.814609 
133.826375 
-671.637297 
-476.677811 
-172.701509 
-124.396644 
539.709479 
-372.700813 
393.130018 
209.484327 
-1077.624618 
221.063662 
666.996976 
609.133016 
717.182424 
-1047.717571 
-556.262709 
185.831631 
-27.767553 
469.056559 
-281.149474 
-134.545625 
-508.394761 
-187.457883 
101.876093 
-51.641256 
-10.857097 
-58.329181 
550.902048 
45.203957 
-302.483435 
-320.990173 
-150.144889 
-550.116515 
-98.005774 
148.526671 
-524.093918 
-172.988830 
1716.365894 
598.549936 
-807.347734 
-512.064691 
-334.697640 
163.938750 
935.984262 
165.086450 
-1173.262332 
-288.585970 
527.312287 
-27.222539 
-202.611811 
602.324213 
-62.420997 
-183.032184 
-439.854426 
5.426754 
5.428046 
416.047816 
986.368143 
-206.564733 
-577.046351 
562.052676 
-364.084951 
403.809898 
231.155765 
-422.816237 
-52.261616 
663.579277 
-810.560055 
-291.889629 
261.377560 
9.745354 
-662.082744 
-44.450079 
-513.821016 
-215.345874 
-199.982183 
-100.192375 
-17.381140 
-336.264964 
-543.305528 
-325.002278 
5.433820 
-80.569924 
-2365.748982 
370.435654 
1094.982055 
339.969706 
666.996473 
326.329672 
-1067.589827 
-239.953086 
-1446.016481 
-143.435123 
-0.328498 
440.566815 
-169.934136 
-193.321873 
-660.866779 
633.725005 
-584.368430 
438.545612 
-169.863668 
-506.633253 
201.546415 
-112.980288 
-391.023045 
459.388424 
593.061222 
-277.580953 
-532.191709 
-92.289759 
-171.572292 
412.133236 
807.099316 
-637.540901 
-296.118661 
126.235602 
-805.339788 
272.426507 
-238.230627 
-222.167281 
32.139615 
231.398304 
837.729396 
667.000253 
-269.994977 
-382.683984 
-46.492245 
31.455855 
162.831125 
891.350908 
-204.743716 
-223.368213 
484.500825 
438.879686 
-41.443198 
37.736391 
-106.879315 
277.656863 
28.253405 
332.346940 
-518.010917 
82.805048 
-182.180143 
-474.768679 
-131.438164 
102.084393 
-761.778573 
218.802291 
488.162674 
13.005718 
159.037341 
-101.829152 
-772.968455 
557.335411 
-312.468533 
484.499328 
964.988249 
-1189.373340 
348.829516 
85.393443 
-293.202113 
209.236629 
-624.286077 
352.733087 
73.872872 
-554.872780 
-358.974655 
-420.959442 
-191.214044 
-150.821083 
-1270.873663 
-605.366193 
-300.362708 
-85.816258 
-194.362204 
361.974309 
301.994180 
5.431027 
-174.299432 
234.497995 
-559.792464 
301.996444 
51.044475 
-11.796280 
-695.673077 
-17.553957 
139.096964 
-255.206135 
100.446568 
-40.195681 
-336.746576 
187.943000 
700.428258 
-402.679306 
152.828550 
-260.086522 
-184.326054 
-917.004489 
506.505153 
-701.729263 
301.584302 
-384.220463 
253.920997 
-322.425468 
146.007823 
-72.133794 
-47.106311 
-186.802810 
2106.683663 
-465.484257 
826.669246 
-131.433303 
-286.455428 
-395.940847 
271.636543 
95.744799 
-232.639027 
-170.592493 
-102.537652 
-498.375437 
47.525140 
-764.335604 
-10.842824 
59.883824 
-108.624164 
-510.061501 
-1.911117 
70.092035 
117.450327 
19.222780 
-374.754278 
-772.980910 
-325.066893 
6.503510 
59.734863 
-108.621578 
-193.944618 
-788.680844 
-108.621447 
-578.810545 
734.699617 
-85.815075 
-85.811168 
-265.077017 
-884.866985 
-469.846151 
-16.118181 
-422.689403 
-663.652734 
-40.186855 
-301.735575 
-40.186522 
-463.178317 
347.254531 
-74.653218 
-159.244237 
-1007.154403 
-583.733894 
-461.301540 
228.407932 
35.275974 
-397.048439 
-86.012255 
-640.406325 
-379.875113 
-428.562652 
5.434571 
-224.400867 
190.093599 
-600.916178 
-283.999793 
-387.273944 
-179.795074 
347.623632 
-17.380246 
-1419.134444 
-63.000160 
-1064.901940 
-233.686396 
-778.575916 
-230.590240 
-512.280210 
-53.736913 
-63.003950 
82.543510 
-526.701721 
-360.614792 
-344.570382 
-382.385179 
-149.907086 
-229.269745 
-454.087889 
-383.619139 
-253.599417 
-849.906600 
-245.022292 
-598.446026 
683.842641 
-780.091294 
261.308546 
-428.006110 
-471.574970 
-356.701205 
-428.006334 
-142.167699 
-428.003644 
-909.377033 
-205.728337 
1077.623340 
-189.583031 
-284.881007 
948.614124 
-503.629308 
-871.163149 
-476.667120 
-177.005218 
1442.627357 
-1173.321248 
682.225082 
-333.331729 
-267.323933 
-95.549191 
1737.268504 
413.788167 
-561.043944 
390.235587 
324.813468 
-16.327314 
847.654100 
735.442063 
415.502257 
250.664016 
-561.848414 
-269.463446 
1149.773629 
845.892746 
272.187783 
-496.714514 
-143.335088 
-120.465323 
212.477068 
418.226345 
-756.021891 
358.381419 
-14.370479 
-380.887180 
1762.004535 
987.069223 
-44.499048 
-11.182090 
242.639440 
677.977582 
1769.291219 
267.082939 
-682.419324 
-302.626486 
324.819827 
-259.857054 
281.510967 
-150.145837 
120.231800 
-493.577936 
-449.804240 
333.904933 
552.939003 
209.975768 
-913.686803 
-50.927272 
-871.108576 
53.537756 
-539.761833 
96.932470 
209.225744 
-461.608504 
-79.420469 
-731.825519 
903.782260 
547.065186 
379.050771 
82.793218 
-559.169355 
-324.628615 
128.849794 
958.901082 
-210.427305 
89.593905 
82.119821 
-236.000178 
531.242583 
133.115016 
-297.583952 
-886.092621 
-326.363916 
-4.220012 
50.196969 
1100.433530 
36.333975 
-230.420316 
-349.643612 
837.329729 
665.614085 
-131.127494 
412.198793 
689.807069 
-191.352117 
-159.141471 
-22.413660 
-558.788473 
-269.940420 
12.217353 
558.078173 
122.504514 
1396.992256 
391.797561 
-652.129348 
466.240915 
71.536983 
-216.035739 
1488.252337 
69.050951 
344.136750 
390.517657 
-92.066873 
43.640381 
416.073600 
570.818352 
-650.344497 
5.842566 
-78.616915 
207.343509 
1762.005603 
-776.316190 
370.443174 
-191.342028 
461.888626 
135.166266 
917.137055 
164.650323 
51.998824 
70.736553 
405.186925 
633.184784 
-71.153449 
-858.002309 
6.982659 
-502.427842 
-12.249245 
-13.802653 
363.593480 
-1360.453675 
26.209626 
-636.483378 
10.901844 
-431.022107 
-885.997840 
292.274547 
-473.060545 
1287.757293 
-450.438681 
60.852865 
12.202129 
-380.507741 
531.495630 
29.247787 
735.436140 
416.148044 
-87.427757 
-291.791752 
370.431057 
-126.849833 
-523.898181 
388.692722 
334.545454 
126.093784 
506.748848 
421.544580 
-737.494243 
-128.680043 
-46.185330 
-501.800700 
292.221104 
-1408.718670 
849.500262 
792.467127 
-43.094261 
-680.415489 
-799.434586 
-432.081449 
-416.937718 
-83.130107 
-700.067371 
-369.992453 
-136.969888 
65.931503 
-33.781835 
-446.185345 
-194.102934 
69.008407 
-254.872972 
332.518599 
833.543124 
-19.741044 
667.005070 
667.085967 
575.750188 
-1365.499576 
-1010.617382 
-820.463948 
-30.984114 
224.026158 
1077.627491 
347.402605 
-1548.503554 
-572.218304 
-164.479873 
33.634712 
-119.128905 
-425.200871 
-482.135728 
407.355760 
-394.096619 
-307.659449 
279.194562 
822.529515 
688.298954 
-703.867374 
-528.172071 
109.833185 
457.230638 
382.552813 
-101.390857 
-779.208378 
-1098.665018 
131.144912 
96.227233 
120.916436 
193.515656 
-174.324982 
31.314953 
-231.764399 
82.931175 
-413.123592 
30.631600 
-535.103705 
-597.607923 
47.258448 
-487.449031 
-168.696386 
758.249319 
461.688830 
-184.986909 
-926.478814 
390.833449 
-782.456565 
-458.670269 
-341.850418 
-662.355953 
336.306025 
136.368159 
343.596925 
-288.347966 
629.343919 
1325.449465 
539.762053 
-570.405160 
5.437182 
575.749937 
1077.621851 
393.246472 
166.382516 
-153.417565 
927.505009 
361.664921 
234.656829 
-233.868221 
33.741726 
208.502637 
513.469553 
-409.797411 
-557.457680 
189.114176 
-630.328490 
-911.481924 
-444.984456 
-425.268269 
332.061846 
-321.517625 
-988.030974 
-40.188844 
131.619154 
-42.866610 
-471.730497 
324.812850 
-40.143115 
-992.562808 
1397.000192 
418.426962 
71.362711 
484.502530 
58.671411 
-456.357970 
-423.815474 
233.562436 
-900.486782 
-282.591338 
-12.706137 
-421.282335 
-215.638784 
-904.998070 
-504.312410 
-208.606790 
-690.493556 
-243.918231 
-178.534134 
410.754875 
661.947744 
727.609957 
-118.366823 
-239.689901 
190.700703 
93.085414 
-188.219124 
-546.417719 
99.534349 
722.655649 
358.105406 
175.040193 
-543.690075 
-461.571771 
116.283907 
-279.975245 
-315.444855 
174.886336 
377.774864 
399.409928 
-131.438399 
-168.447580 
-77.148518 
172.783137 
416.270141 
201.010252 
331.973920 
-475.419742 
-362.262253 
301.997931 
5.433857 
-307.812734 
147.524591 
-42.838825 
-525.329116 
5.433526 
455.172407 
7.808256 
552.489427 
-69.826795 
-22.624690 
666.997091 
-295.373095 
-431.653992 
-196.909377 
602.452647 
-11.959963 
108.711191 
187.466988 
-26.833845 
586.433963 
397.401690 
-177.065076 
-1517.298046 
-1454.564955 
157.767346 
-41.581160 
-524.156487 
113.363733 
-828.960564 
-394.773230 
-85.813127 
-864.427039 
-246.248821 
278.649530 
-348.401104 
-109.761387 
-1442.255808 
-393.570008 
-1.248174 
324.822845 
109.938750 
-157.487930 
-40.187234 
-40.181289 
333.591617 
-261.753668 
-262.465207 
-40.178063 
-40.178399 
-161.358882 
-87.314617 
-123.004855 
-192.378188 
-122.739763 
-260.127356 
347.619517 
-472.192788 
347.620767 
346.934645 
-376.609651 
-40.184467 
-224.738441 
-340.344362 
-639.053125 
223.933668 
758.251255 
182.667745 
244.724283 
-415.125800 
-524.691543 
-184.459010 
-49.793886 
-644.811176 
-46.967114 
2271.179553 
-573.737557 
434.898742 
-85.808557 
-646.548669 
252.957649 
-408.367603 
73.531747 
-737.379758 
-40.771762 
-528.519184 
-396.134285 
-154.117948 
-445.005071 
-203.481960 
-138.277014 
-40.187058 
-387.000837 
-234.777935 
140.495096 
326.144762 
-189.173573 
-367.464079 
-322.618655 
-464.323592 
408.389366 
-296.527080 
-17.375961 
5.052066 
-597.704847 
-17.373572 
-122.323211 
-251.371463 
-40.189693 
5.439651 
-907.841328 
-647.188301 
250.574575 
90.370008 
-64.652905 
-471.366702 
-17.374425 
48.398710 
5.437728 
-342.578528 
-108.698712 
-195.164020 
-440.569857 
-293.098433 
52.352577 
-466.825928 
191.775789 
-155.320755 
-565.212485 
-424.178355 
-240.514022 
-447.683218 
-75.066111 
393.248855 
-226.961275 
-627.351968 
-342.099503 
-284.406580 
-185.076262 
18.026355 
-17.370391 
5.439287 
-937.043963 
-17.375276 
487.987989 
-534.434476 
-579.709750 
-669.725748 
-433.257708 
223.952728 
-428.000440 
-2.766229 
-45.715781 
-554.257818 
-532.866289 
-17.374102 
-429.902627 
210.652803 
-250.672330 
-687.291725 
-489.909247 
400.652525 
128.661523 
-417.603462 
-355.624489 
-612.302606 
187.972509 
-428.004997 
-57.898050 
338.327997 
-428.007982 
-273.728047 
-428.002240 
-850.156053 
-216.253036 
917.925716 
-762.284036 
-595.043332 
956.243486 
-89.439481 
-746.374053 
58.652061 
2.559273 
370.435039 
-640.454668 
122.255483 
524.874539 
44.609142 
238.153732 
1255.397469 
750.585195 
-36.733117 
466.890022 
302.000022 
557.048965 
486.745743 
986.382284 
856.785626 
423.854438 
-1348.549055 
-164.592969 
1150.881230 
837.819152 
355.604929 
328.670587 
-67.512687 
236.053554 
574.054246 
221.457975 
-191.660306 
101.169477 
75.566880 
304.516918 
781.076582 
610.813021 
616.035531 
213.767931 
-99.783941 
582.330728 
1271.485834 
607.896566 
12.514113 
-319.360304 
1123.256255 
7.125181 
1031.348223 
-116.500168 
532.912350 
180.817614 
1408.731796 
-691.484918 
986.375232 
314.841287 
-466.659841 
80.276729 
-213.386905 
-392.243937 
370.323245 
-260.878423 
353.512839 
-652.496350 
-557.595593 
-147.215955 
735.311128 
301.367184 
-1.359527 
-304.343243 
-490.661039 
-47.680746 
363.966081 
1559.912783 
2020.919141 
-570.073677 
-1.172043 
266.993200 
105.015936 
206.601986 
28.161561 
-927.382214 
-665.319376 
-457.358102 
95.470989 
735.416455 
95.785122 
-64.167755 
279.851869 
739.977881 
688.693178 
-215.153795 
-331.180765 
872.294303 
-605.412063 
-342.780846 
985.836229 
-96.254477 
-62.419959 
795.603105 
-44.817708 
97.038484 
1214.467889 
495.812166 
-705.423107 
446.536667 
-142.203491 
-292.843382 
1625.108016 
208.164830 
-365.953401 
280.255192 
27.887966 
400.687234 
370.449388 
815.499629 
-428.334742 
-640.592012 
242.760519 
-76.795166 
1579.492457 
-604.492568 
324.808055 
105.492913 
779.182121 
331.784279 
678.871031 
72.156020 
380.347166 
-85.606137 
79.936871 
-250.871256 
-235.597934 
-970.896738 
-242.633592 
-616.001996 
-1146.250575 
173.012812 
404.713868 
-332.475996 
-117.586148 
-634.805111 
201.975115 
-552.678022 
-1184.755365 
-172.660732 
-86.870031 
339.576238 
-728.691179 
188.573958 
120.410788 
473.516489 
141.756741 
998.137321 
644.174904 
-192.941521 
169.017597 
-433.528334 
-40.208113 
-799.178580 
-856.748505 
722.862906 
-630.741368 
449.014739 
334.205476 
136.363329 
-653.033014 
-375.686327 
-274.417192 
-180.215963 
813.619408 
-1289.336157 
712.606970 
598.555987 
218.421737 
373.620266 
-97.742088 
777.621313 
-87.847181 
319.783248 
-536.753616 
-259.865145 
-556.796705 
-399.191492 
-272.592022 
-341.072972 
247.239924 
211.326712 
676.172279 
1091.847033 
37.109571 
1089.450698 
712.626772 
472.291000 
393.254411 
-1142.974457 
-837.185175 
-46.065588 
-483.620004 
1073.096780 
758.256274 
145.797290 
-1472.273483 
403.295710 
-575.483456 
441.408103 
349.938020 
-957.585472 
-811.762105 
-18.633052 
-488.916840 
26.875044 
781.075516 
739.224566 
-908.572536 
9.058411 
120.244016 
-441.490303 
491.800397 
-122.451605 
-201.862655 
-627.523582 
-255.849222 
53.936311 
16.805673 
361.147441 
-504.250016 
-118.463353 
-578.102812 
-40.719390 
383.617957 
-270.395995 
55.922979 
-773.121625 
-784.145484 
221.402801 
543.516449 
-278.591598 
735.441726 
1168.876731 
-780.570662 
-712.910721 
77.513867 
-800.267707 
140.997707 
73.589166 
-1581.000964 
144.867805 
-111.582623 
125.536338 
-289.935218 
238.715033 
713.828846 
603.270309 
-479.342439 
621.379098 
324.819671 
233.565578 
279.192908 
524.506590 
-156.139402 
1325.874869 
428.107788 
49.106331 
-1068.200474 
-558.283485 
240.571879 
665.872897 
-627.421544 
-403.186419 
-635.080614 
-435.528433 
-327.061441 
-10.830446 
-298.386851 
135.910446 
-650.317940 
-1142.241622 
575.756832 
124.233186 
577.113690 
-927.312150 
1123.252505 
-466.646676 
-98.364505 
667.004709 
99.099254 
-440.565185 
324.816907 
374.997350 
-838.306787 
-741.279690 
450.297086 
-1326.411456 
-76.987321 
-284.017797 
-886.000691 
-184.180775 
-616.260217 
-316.455004 
-233.222634 
-642.861640 
-916.206112 
-38.246858 
463.880532 
186.280420 
165.421953 
-157.527439 
14.440274 
159.420884 
-17.564271 
-128.902765 
-535.337100 
-26.911079 
108.369697 
-8.419786 
-356.644008 
-313.354207 
-704.342699 
243.247539 
-597.903903 
-797.542729 
805.447973 
-158.073683 
-172.651942 
96.681736 
-643.136006 
-50.998943 
-12.800903 
321.939791 
-157.532827 
125.279037 
-79.334240 
-88.865174 
28.245151 
5.428578 
221.008440 
145.597110 
56.788815 
-1036.337460 
484.492298 
-148.436974 
-0.703803 
-105.100631 
-903.442689 
-1110.133969 
-40.193294 
237.339990 
-302.353600 
-584.909528 
361.394148 
-157.687354 
117.924845 
112.698213 
-1.952286 
433.825089 
266.286160 
484.499864 
-1349.048207 
446.004799 
270.467636 
-255.182999 
-593.688589 
194.558136 
-911.755818 
341.250398 
5.434628 
-205.287691 
-1221.328490 
-167.242038 
-814.092603 
-603.210073 
-1259.687508 
-232.029076 
-455.853530 
256.374522 
-285.769323 
-448.602080 
5.433880 
712.626453 
125.108628 
-140.187412 
-407.002979 
5.432451 
5.433146 
380.913496 
-549.658500 
-66.992127 
-546.824442 
116.998565 
22.634418 
301.988487 
-450.814345 
-40.199464 
-319.083050 
-189.507530 
132.496603 
-390.114704 
-108.005667 
-954.556855 
112.808564 
598.566524 
166.742364 
-402.477819 
-507.223210 
-63.037127 
-250.610207 
206.726714 
8.433092 
-216.552685 
1079.303453 
-714.600177 
291.094663 
-40.185500 
-316.243742 
823.598410 
-266.916653 
-45.248648 
-591.515112 
-310.121469 
-288.002935 
-569.942544 
-221.366060 
-538.795363 
-257.777565 
-121.901226 
28.252163 
-726.894224 
39.908484 
131.205137 
-1537.620919 
-409.283903 
-557.752056 
-586.578054 
-155.299606 
54.543302 
-512.359629 
28.252333 
-400.825276 
-559.148154 
-131.435072 
-198.451921 
-234.437604 
-108.618185 
-85.812140 
62.758936 
-822.010300 
-164.730712 
199.457456 
292.631211 
-761.199295 
-85.805085 
24.762475 
302.004716 
-233.904883 
-142.691878 
-360.155240 
-749.509400 
-928.439004 
167.593250 
-318.344440 
-264.384373 
-202.216416 
-99.254238 
-591.723391 
-106.733179 
-588.530741 
56.886784 
-62.989207 
-316.600603 
-287.250419 
-232.274884 
-1000.062847 
-200.309887 
235.017354 
-62.994801 
-85.801863 
-564.781691 
-108.622089 
498.374086 
-46.682669 
-233.109091 
-93.952181 
-527.677055 
486.665103 
-427.997516 
-135.183695 
-20.751318 
-382.974442 
-1172.527242 
-427.993159 
-487.283410 
321.260458 
-199.761612 
-811.694845 
-528.237344 
-76.325177 
-151.687212 
-424.561691 
-663.093921 
-126.507564 
-144.374054 
-427.993512 
560.020433 
-140.117438 
-427.994296 
265.409631 
-427.995816 
-1093.826101 
55.653494 
1260.125566 
-534.399270 
218.656884 
-81.034717 
-639.451138 
-891.909230 
58.668294 
809.832064 
279.186517 
-277.954278 
-970.090357 
-823.855687 
774.703012 
-40.696510 
-76.898656 
-0.379500 
-1164.745373 
145.047102 
-85.812772 
484.446512 
618.255289 
461.684250 
1095.389710 
640.893124 
-1643.924921 
868.593546 
890.381043 
537.619831 
145.284436 
-194.459037 
-434.008200 
-54.668297 
569.690072 
-524.862157 
-263.229080 
457.923311 
98.325693 
743.677070 
1123.249832 
381.449210 
-167.212341 
127.930611 
462.554579 
512.520155 
914.206873 
-545.432165 
-91.865105 
-86.531935 
1123.247910 
-486.808447 
756.986203 
324.092203 
235.090881 
-915.622360 
737.715031 
-211.687987 
187.932473 
686.217298 
212.134309 
290.059214 
96.757406 
465.648843 
491.056381 
-11.504052 
879.163784 
-839.588644 
26.596422 
201.447283 
-421.648580 
213.275329 
61.125861 
-260.523140 
76.303607 
324.750653 
-211.676742 
784.833622 
2163.876527 
81.181107 
20.435579 
588.996902 
623.829208 
284.368712 
-219.004093 
553.718968 
187.736092 
-300.381436 
-227.498998 
1898.872678 
129.609418 
-188.136301 
-293.577723 
-160.332902 
829.657062 
-78.869769 
-226.431934 
986.375802 
-258.045312 
-3.845859 
393.394518 
211.066187 
293.926345 
177.355496 
403.295164 
611.462365 
712.625956 
59.868087 
-528.762912 
-250.211683 
102.056665 
53.223827 
324.816078 
-170.853579 
252.690088 
8.694826 
591.935890 
-101.371198 
1009.189648 
521.346640 
-25.397034 
-351.538488 
178.274874 
100.558235 
-40.184950 
-63.790448 
917.941528 
764.588090 
236.241029 
-174.090511 
690.281861 
-304.137196 
541.313706 
-257.804070 
-765.593019 
-756.122423 
-608.563320 
63.405559 
-60.837258 
-1387.187987 
149.707318 
200.818842 
734.403727 
-110.047332 
-382.075922 
-463.407147 
216.715508 
-1163.734301 
-791.438324 
-545.425511 
-209.634540 
-688.009189 
-278.092516 
417.903731 
-288.973298 
-576.228255 
53.283410 
401.358942 
872.310374 
-424.408849 
565.318540 
-1032.005229 
712.621351 
11.640891 
-1074.673050 
517.405562 
-46.088612 
-126.332412 
-101.787974 
-329.587646 
-878.707606 
313.614404 
-39.356654 
-422.921600 
150.070016 
-440.002489 
689.809468 
655.589332 
294.031549 
794.366275 
71.101268 
238.611640 
630.926988 
-67.827154 
-1205.076245 
-153.308029 
-884.166450 
62.173649 
-647.468143 
-263.979162 
-1075.532445 
-349.252088 
147.159213 
1125.146620 
356.236741 
76.010688 
758.246648 
55.136699 
393.245828 
232.896853 
-233.696781 
-228.309006 
-715.629301 
276.942136 
621.372559 
132.659395 
-1102.380834 
293.874107 
297.574033 
510.016242 
-1.061135 
-941.466864 
-113.890506 
64.221808 
-624.382916 
-203.581637 
735.434026 
298.156739 
-592.253237 
-476.385505 
579.347604 
-336.681499 
103.181910 
160.643405 
258.606982 
-641.292174 
-855.878675 
-109.408471 
56.749920 
233.997063 
-521.477702 
-1092.870911 
-565.811239 
-200.889952 
337.901742 
115.754610 
-54.341906 
-187.047826 
-934.836063 
185.625393 
436.379708 
-351.252481 
552.937923 
1214.498616 
-1199.302044 
-71.347131 
-25.119831 
-660.713896 
285.362940 
272.590850 
-1282.862523 
153.501424 
-830.887304 
-442.799226 
-737.007296 
334.921309 
45.428242 
600.758204 
-890.234122 
666.998225 
370.434818 
416.062362 
461.686398 
242.807552 
45.160343 
448.503778 
-45.844474 
-45.354569 
-671.746119 
64.072057 
-95.433582 
952.629973 
-1107.313507 
-496.868675 
-287.727827 
-90.838958 
-836.678421 
-364.824926 
222.752111 
150.107030 
-213.393435 
-826.409960 
712.623452 
-242.339085 
192.090821 
104.363110 
1260.125044 
-168.620843 
-777.108997 
644.187137 
52.882909 
104.588756 
324.811696 
301.999902 
-293.574734 
-635.030799 
327.663177 
-400.571219 
787.396863 
279.860278 
119.026089 
-39.543546 
-459.095646 
-106.202769 
-501.626943 
-520.317048 
209.577385 
-24.978145 
84.779684 
-45.276107 
-1101.265576 
-235.635627 
124.235356 
271.104025 
-326.111337 
-458.006297 
-328.639194 
-454.323023 
-145.086867 
-413.621415 
-201.534641 
88.613603 
-1159.049367 
-3.502142 
-514.576775 
289.932603 
862.142797 
143.811995 
-205.036353 
-85.813083 
-7.079581 
5.100345 
288.196037 
538.896937 
152.178335 
-16.632801 
-437.747441 
-504.608276 
-85.812815 
-40.188753 
6.044092 
-287.775280 
-329.787651 
-890.334594 
712.623715 
-86.511496 
-84.694058 
139.614253 
1.802290 
-64.995289 
-85.814083 
-82.030474 
-282.812577 
-308.524263 
113.003084 
-150.437783 
-313.523102 
8.019408 
-368.824358 
33.499070 
12.903432 
256.374071 
6.864544 
-673.235369 
704.347638 
-45.557115 
-752.157916 
144.338263 
-737.639549 
212.544785 
-85.813117 
-159.144962 
-562.262279 
-176.566406 
-460.461471 
110.081676 
-167.195087 
-114.191096 
-494.581758 
256.374698 
-33.346584 
-56.579647 
-40.187379 
758.251257 
-298.500333 
-133.266456 
-493.119782 
-40.185576 
-40.187405 
721.326306 
-427.999148 
109.117075 
-398.759180 
91.196264 
370.933637 
438.875905 
-64.425999 
-62.999665 
-390.982787 
90.072080 
-265.666207 
467.092486 
194.822225 
-592.117176 
-318.883410 
735.437137 
441.397228 
-150.015980 
-287.279221 
335.076228 
-505.388431 
227.167431 
265.941395 
134.970658 
414.547806 
-446.246879 
339.762936 
-63.000783 
-91.924576 
111.636820 
-374.202531 
215.527619 
-758.472397 
589.480037 
280.548648 
-200.526046 
-355.553797 
-272.999003 
339.611861 
78.460300 
-17.376758 
-658.091292 
136.597539 
429.632029 
-2150.701303 
-77.358993 
-167.895417 
-389.676141 
-389.238496 
371.627119 
0.381247 
5.435618 
252.113636 
232.504466 
-17.375971 
-655.729661 
-783.677777 
-63.001411 
-63.000925 
-516.487552 
-689.589501 
-104.704515 
-240.966894 
152.632816 
-361.528778 
-40.188691 
-434.018146 
347.624616 
-130.920101 
-294.840488 
159.771297 
-868.965716 
-369.908535 
-238.304932 
-347.896840 
-339.310658 
187.616381 
-328.019050 
-526.479459 
-90.066713 
13.535612 
-194.926280 
-85.811185 
171.531053 
-431.603117 
-628.835048 
-40.661488 
-215.459311 
134.412525 
-40.186866 
-40.187112 
-731.353451 
-62.997982 
-693.345149 
-212.052425 
547.273892 
-293.954404 
-543.594795 
-615.652848 
-427.997471 
16.457830 
523.361171 
-363.219590 
-1000.091820 
-427.999123 
-113.186687 
-928.250271 
-759.823277 
-78.820991 
155.973039 
-242.066439 
-577.825564 
-577.120350 
-210.899033 
-116.987720 
-142.198374 
-427.999377 
506.867390 
-685.225854 
-427.999824 
-242.302580 
-427.998433 
-797.358859 
-425.453138 
-405.187500 
-422.818797 
-432.716785 
-429.447480 
-430.875362 
-434.354730 
-428.000001 
-435.005302 
-427.999999 
-438.142026 
-419.944950 
-413.105937 
-432.430674 
-410.705584 
-426.614743 
-428.683814 
-428.240394 
-437.014886 
-428.000001 
-428.712379 
-428.948156 
-428.000000 
-410.880792 
-424.873861 
-432.203394 
-413.241973 
-421.511714 
-421.921959 
-409.902285 
-416.299857 
-425.451594 
-433.255540 
-414.965039 
-416.223304 
-430.817231 
-433.072773 
-428.934296 
-446.877590 
-428.000000 
-424.747595 
-434.298660 
-430.031849 
-415.302228 
-425.358845 
-406.340722 
-414.294717 
-431.049129 
-418.974659 
-405.187500 
-424.292822 
-432.061634 
-427.626774 
-421.236083 
-426.574218 
-419.915363 
-429.304724 
-427.999999 
-423.280971 
-422.712268 
-423.653933 
-427.111103 
-421.488196 
-420.037617 
-428.048921 
-400.247203 
-430.667528 
-441.333966 
-428.910710 
-436.765770 
-430.040678 
-441.806999 
-431.584974 
-414.471176 
-408.241040 
-436.415224 
-417.913284 
-357.946616 
-421.376484 
-423.072932 
-413.744194 
-431.693842 
-418.369236 
-419.944949 
-446.342264 
-439.371598 
-420.083922 
-427.254487 
-428.000000 
-430.252293 
-437.247826 
-416.515369 
-403.666667 
-426.536198 
-413.156795 
-425.652216 
-428.000000 
-419.548544 
-428.018177 
-435.752149 
-435.037746 
-426.086863 
-431.893763 
-422.154109 
-429.013268 
-428.000001 
-418.318141 
-414.316573 
-421.834553 
-434.553687 
-429.636996 
-428.000000 
-434.228778 
-429.472389 
-419.330164 
-432.620237 
-415.499405 
-428.000001 
-420.557382 
-424.457296 
-417.102681 
-429.725576 
-444.927389 
-428.000000 
-425.606809 
-428.000000 
-435.551610 
-424.639087 
-421.432530 
-420.571233 
-418.756918 
-423.220992 
-435.118673 
-420.599799 
-429.806400 
-426.382271 
-440.241806 
-441.981987 
-426.095142 
-423.126425 
-431.712363 
-431.882021 
-428.000001 
-423.393390 
-418.373588 
-420.763310 
-429.467280 
-438.844854 
-426.385621 
-428.741326 
-428.932509 
-429.298680 
-435.316172 
-436.141006 
-427.332145 
-433.346340 
-426.581556 
-405.187501 
-414.643798 
-428.374573 
-415.022676 
-405.187500 
-424.938036 
-431.260549 
-426.441658 
-426.642988 
-426.465317 
-434.524934 
-427.164320 
-429.696276 
-426.063233 
-426.178000 
-423.641581 
-429.157325 
-439.419550 
-405.187500 
-416.593748 
-423.188913 
-434.228777 
-428.659198 
-417.857172 
-408.436528 
-429.963967 
-440.634089 
-434.389664 
-421.980211 
-438.324793 
-426.306901 
-413.309044 
-427.281379 
-435.076089 
-418.238590 
-421.401015 
-423.032052 
-412.766848 
-428.000000 
-427.648838 
-428.000001 
-425.232835 
-435.519717 
-423.610700 
-423.887731 
-432.531204 
-428.000000 
-423.767984 
-429.442282 
-430.731215 
-431.029850 
-422.323841 
-420.841735 
-404.753487 
-432.417590 
-416.906807 
-419.614608 
-421.483550 
-405.187500 
-439.267597 
-428.000000 
-432.280973 
-417.436629 
-427.111102 
-426.866526 
-412.234102 
-427.760815 
-415.851445 
-400.965273 
-409.301212 
-431.354715 
-430.455079 
-438.911789 
-433.053233 
-431.967515 
-433.217515 
-423.846243 
-422.418205 
-433.168588 
-430.265002 
-409.425256 
-415.055937 
-423.582329 
-419.157180 
-428.000000 
-428.000000 
-430.753810 
-408.745483 
-425.351054 
-434.905707 
-427.600839 
-421.079161 
-429.601368 
-432.074438 
-428.126355 
-424.619899 
-423.045726 
-430.483388 
-428.772272 
-433.123218 
-422.091353 
-428.000000 
-428.000000 
-428.000000 
-428.000000 
-409.895445 
-422.207929 
-431.801840 
-426.601289 
-427.125249 
-437.460899 
-417.078068 
-424.728833 
-415.280877 
-427.156727 
-434.422906 
-423.214207 
-417.558136 
-436.883457 
-425.291694 
-419.098063 
-427.493131 
-424.934152 
-433.244877 
-428.000000 
-428.934298 
-430.111525 
-436.117330 
-428.000000 
-427.124097 
-436.688949 
-428.000000 
-439.928283 
-419.607012 
-428.000000 
-427.999999 
-424.555621 
-426.580149 
-428.000001 
-417.585914 
-435.551610 
-423.751996 
-424.435776 
-429.708126 
-425.145054 
-426.782488 
-427.962240 
-434.082768 
-426.625401 
-423.108579 
-430.208287 
-428.381335 
-435.053058 
-422.160521 
-436.325444 
-418.445034 
-418.783275 
-431.790983 
-428.349096 
-421.798231 
-439.904161 
-411.131401 
-429.845336 
-426.086864 
-418.762345 
-435.440293 
-416.711878 
-422.396554 
-416.223304 
-424.470081 
-422.068634 
-428.000000 
-425.159516 
-426.219021 
-421.236758 
-412.709667 
-422.160521 
-430.243616 
-422.295915 
-431.526453 
-428.000000 
-428.000000 
-426.619636 
-428.918252 
-423.433373 
-427.999999 
-428.000000 
-420.278380 
-415.318796 
-422.018614 
-425.493073 
-430.468531 
-428.000000 
-433.633331 
-419.158880 
-436.236701 
-430.130030 
-423.600199 
-423.668528 
-419.518706 
-421.882876 
-424.360606 
-409.697893 
-428.000000 
-428.000000 
-428.000000 
-425.014936 
-432.309449 
-435.728570 
-430.334158 
-425.083352 
-424.854955 
-428.000001 
-448.490395 
-413.209774 
-432.102126 
-426.423586 
-435.048005 
-425.358844 
-413.476050 
-435.951212 
-428.000000 
-423.258668 
-432.445605 
-428.000001 
-428.000000 
-432.010739 
-428.719164 
-424.854955 
-427.999999 
-428.000000 
-402.889053 
-427.999999 
-429.025392 
-417.078401 
-422.263500 
-420.075986 
-428.000001 
-428.000000 
-428.000001 
-425.275553 
-429.860506 
-430.929609 
-421.141090 
-424.192218 
-426.419780 
-428.224236 
-428.000001 
-423.629094 
-422.433579 
-434.553686 
-423.649276 
-416.039138 
-422.514341 
-426.860243 
-424.239932 
-428.000000 
-423.633301 
-410.804128 
-428.000000 
-425.655493 
-422.525488 
-427.632701 
-425.693870 
-421.326244 
-425.486309 
-439.616042 
-423.560082 
-424.260801 
-429.539243 
-421.646183 
-419.116463 
-428.000001 
-428.030816 
-411.528672 
-435.886197 
-448.050048 
-441.035171 
-431.302444 
-435.051654 
-422.229025 
-430.146941 
-430.244477 
-428.000000 
-422.064752 
-413.336496 
-428.000000 
-422.886211 
-441.646684 
-428.000000 
-428.000000 
-432.078803 
-433.773726 
-434.186548 
-425.669732 
-424.489410 
-431.348526 
-428.000000 
-423.832245 
-428.000000 
-431.505500 
-433.560656 
-428.938481 
-437.924378 
-420.014000 
-429.372315 
-440.023964 
-427.325784 
-412.164955 
-432.093781 
-434.321175 
-413.696251 
-424.961923 
-421.855919 
-428.000000 
-431.205747 
-439.533066 
-420.795000 
-424.435775 
-433.698163 
-428.562109 
-428.000000 
-428.000000 
-425.196505 
-428.000000 
-426.217015 
-425.280126 
-416.347650 
-434.881472 
-438.220649 
-424.537024 
-428.000000 
-422.744130 
-418.745692 
-430.893959 
-435.004538 
-428.000000 
-430.083872 
-422.942437 
-433.956703 
-433.444645 
-426.840048 
-406.859049 
-429.942452 
-431.569796 
-426.020446 
-428.388756 
-434.130765 
-428.000000 
-439.040652 
-423.709158 
-427.999999 
-441.920878 
-428.000000 
-420.485111 
-429.044435 
