-2.046934 
-3.419592 
-3.338558 
-8.559603 
-4.366517 
-12.111812 
-9.750036 
-21.152139 
-29.234423 
-30.181390 
-28.297242 
-18.180493 
-18.423790 
-1.194603 
-1.470534 
23.320267 
33.244602 
45.487367 
52.328077 
39.195829 
42.591554 
25.140573 
31.800079 
25.880799 
25.937267 
11.872977 
-6.344377 
-9.125700 
-8.002736 
-14.824130 
-13.659601 
-14.965323 
-18.556950 
-19.063511 
-24.509491 
-18.841102 
-40.540270 
-35.278231 
-42.828150 
-41.672989 
-36.949066 
-37.701950 
-18.656970 
-22.194300 
-24.487404 
-6.494330 
-6.103536 
13.192982 
-2.046893 
0.399614 
1.898434 
2.508756 
4.767862 
11.122069 
0.033952 
-0.680384 
-2.046887 
-6.909800 
-12.384259 
-22.950641 
-23.929634 
-28.708244 
-21.269609 
-19.305991 
-24.694566 
-29.859407 
-39.652080 
-29.347769 
-16.989514 
-17.756522 
-22.464738 
-9.692416 
-13.192865 
-4.179846 
-12.264976 
-14.561062 
-21.559522 
-10.103857 
-17.548161 
-15.995677 
-12.788961 
-15.518407 
-9.447228 
-1.682432 
-5.536211 
4.341634 
9.547159 
-2.046875 
7.615369 
5.686245 
0.338415 
4.749999 
4.219878 
-1.668363 
-10.663150 
-15.640612 
-13.050690 
-3.056843 
9.646262 
16.863797 
5.459242 
16.906479 
16.705660 
24.833695 
25.140623 
12.308318 
7.108063 
2.579066 
-6.734108 
-9.420550 
-15.640678 
-14.247776 
-3.308164 
3.872283 
-11.295915 
-7.998052 
-15.640638 
-3.292152 
-7.057286 
4.868996 
13.839756 
14.232086 
25.140555 
10.847037 
25.140639 
15.341099 
31.883556 
42.626924 
53.296536 
44.286146 
27.477784 
18.828480 
2.866196 
0.962913 
-3.771655 
-25.465937 
-33.716004 
-42.904462 
-55.848264 
-62.405932 
-80.175079 
-72.139653 
-73.225699 
-81.445884 
-80.745637 
-82.686481 
-76.852168 
-83.720903 
-77.429807 
-79.168983 
-70.980813 
-65.539342 
-67.075438 
-68.324265 
-66.675219 
-44.667194 
-42.828120 
-24.723973 
-21.365794 
-30.592560 
-2.046856 
-21.951504 
-6.874497 
-1.937645 
-9.959777 
-9.152569 
-5.153857 
-24.067658 
-34.117283 
-32.506127 
-35.460408 
-26.184087 
-18.590000 
-26.543361 
-15.640612 
-15.640609 
-17.223261 
-9.897770 
-15.015049 
-17.632055 
-20.542161 
-21.890887 
-26.953638 
-34.896578 
-17.042639 
-21.516913 
-8.435551 
-0.846895 
-7.940048 
-1.745365 
-0.631251 
10.323004 
17.029859 
22.765013 
25.140605 
42.827302 
38.734359 
31.166409 
31.228455 
33.036422 
31.052617 
24.407249 
25.140603 
23.064555 
7.583087 
9.859813 
3.239767 
9.193740 
15.961141 
12.508110 
2.124272 
-3.689283 
-0.186543 
-5.302742 
-2.046898 
2.491761 
17.890599 
29.417937 
34.054561 
30.445351 
37.042711 
39.317959 
43.606823 
42.785200 
44.814703 
18.168790 
13.451057 
15.414563 
-6.353536 
0.463787 
-12.419941 
-18.908564 
-14.305898 
-18.035306 
-31.721467 
-29.129815 
-35.565615 
-24.111192 
-3.621751 
-3.462651 
4.749982 
11.546836 
0.035318 
2.798140 
6.796181 
11.520671 
1.962151 
16.464339 
-0.690074 
3.531824 
5.112065 
-1.473979 
7.562774 
2.831624 
-2.888977 
-2.856775 
-4.619449 
-8.843784 
-15.640676 
-15.640670 
-2.046925 
-21.497828 
-10.661237 
-25.065521 
-27.320516 
-29.063015 
-37.747826 
-35.129404 
-41.673950 
-44.263385 
-50.059641 
-56.914788 
-48.762196 
-53.742766 
-47.699552 
-56.606305 
-66.165245 
-73.929215 
-76.240935 
-72.090647 
-70.015683 
-55.040277 
-51.923153 
-52.179142 
-42.828172 
-34.352971 
-27.238068 
-15.640682 
-1.529660 
-6.407573 
11.546829 
11.999941 
-7.303408 
-13.172780 
-21.163088 
-33.651429 
-18.643293 
-34.069354 
-35.266780 
-39.115267 
-40.325425 
-47.955504 
-34.464879 
-36.052191 
-29.947781 
-27.445128 
-17.086463 
-26.422451 
-15.095783 
-18.220860 
-13.896313 
-9.570620 
-23.957366 
-9.141386 
-10.141254 
-2.576864 
-14.087247 
-0.309750 
-15.817790 
-14.931402 
-6.318235 
-3.268303 
2.239098 
14.237755 
9.936546 
17.160047 
22.290288 
25.140632 
32.105461 
27.276848 
20.171747 
24.408484 
15.763535 
5.830855 
11.231110 
-0.786952 
-8.843759 
-15.640635 
-1.289200 
-12.338083 
-4.828535 
-24.250061 
-2.046869 
-11.263540 
-2.260777 
3.317678 
4.972534 
20.754056 
25.140610 
43.313857 
30.440135 
43.803079 
32.914953 
38.427311 
33.839877 
45.321015 
20.831725 
23.195380 
11.756165 
-2.046908 
10.272475 
-25.411181 
-38.549435 
-42.544840 
-62.196886 
-69.513472 
-57.944807 
-57.782311 
-42.828162 
-40.819718 
-38.167806 
-37.401309 
-25.301826 
-28.873345 
-23.412040 
-34.176169 
-12.894756 
-15.640737 
-2.573662 
-15.980004 
-22.437534 
-15.640677 
-32.988486 
-32.840529 
-25.610297 
-8.843869 
-15.640614 
-0.156505 
-24.250041 
-1.990249 
-26.720258 
-14.566148 
-28.201507 
-15.640630 
-33.057688 
-15.640578 
-21.015354 
-20.644497 
-17.953626 
-24.510064 
-19.764185 
-13.234451 
-18.084607 
-2.046852 
-25.133406 
-29.975627 
-21.234135 
-23.279215 
-4.638501 
-14.820158 
-9.286129 
-7.448352 
-4.728507 
4.001292 
10.780389 
11.546897 
8.830524 
4.879882 
8.508913 
-0.883630 
2.251204 
-4.218453 
-15.992084 
-14.938968 
-36.622590 
-52.343982 
-48.399578 
-39.021100 
-49.624992 
-37.888797 
-36.048008 
-43.875287 
-24.959802 
-39.565168 
-50.550190 
-45.882019 
-51.793684 
-45.978256 
-34.901184 
-56.421845 
-28.825554 
-20.038859 
-2.046852 
1.829126 
25.656014 
31.937499 
31.937510 
28.133360 
25.256314 
13.119054 
9.800834 
2.894391 
-13.714570 
-22.437487 
-36.987517 
-42.828119 
-38.025692 
-45.678397 
-47.839533 
-24.007733 
-28.964254 
-21.940518 
-18.629504 
-21.180772 
-14.897975 
2.557969 
-0.664584 
7.611894 
7.018845 
-4.874240 
-8.843765 
-8.426985 
-11.852433 
-21.624624 
-14.876131 
-23.022822 
-28.805880 
-15.640669 
-22.437518 
-27.703509 
-15.640656 
-14.135354 
-4.990473 
3.232651 
1.850935 
-2.736049 
-5.994760 
-2.046910 
1.060083 
0.465216 
0.328003 
-4.149707 
4.325140 
11.395906 
6.924907 
20.593295 
6.164909 
7.442474 
-3.214282 
8.094943 
-15.943442 
-3.290923 
-4.161441 
4.851832 
4.749929 
-0.112460 
5.019688 
11.546797 
14.649183 
18.343688 
25.623344 
23.946738 
11.547237 
-103.262964 
11.425567 
71.241944 
36.518486 
-47.741060 
-17.000002 
86.740472 
-2.045939 
-147.338228 
70.558787 
-131.243931 
38.756549 
-46.511635 
49.360947 
27.235590 
25.103493 
-20.494687 
-29.234055 
17.391726 
4.451854 
-15.640016 
-16.212948 
31.522056 
-12.731467 
-5.034930 
-232.660881 
-41.292102 
-94.261074 
83.227036 
59.065374 
-41.455241 
26.879182 
-31.465474 
-86.563891 
132.283617 
-66.125302 
10.505318 
-70.014597 
25.198045 
-122.958167 
-54.507333 
-107.730285 
22.389885 
199.814062 
-40.559275 
-68.792766 
104.837513 
11.548272 
30.164179 
136.469832 
-44.730775 
73.370972 
-1.619964 
57.122475 
-82.869265 
-15.638503 
86.809144 
-87.908763 
-65.821555 
-28.952415 
39.816799 
-36.480688 
66.028081 
92.953018 
55.544543 
226.639556 
-3.821674 
-24.853859 
58.932599 
250.567737 
30.550841 
52.023673 
165.848113 
-27.579559 
103.468536 
273.936374 
62.583231 
-19.899412 
-68.712074 
130.335587 
139.527755 
43.010278 
26.918568 
125.257874 
124.833683 
89.154932 
344.594884 
24.225153 
255.352161 
90.276433 
229.501049 
62.670098 
-76.221458 
158.970869 
235.843344 
-12.364137 
-23.100868 
145.394030 
107.393497 
-59.638509 
-42.529349 
16.010257 
18.778456 
133.889701 
113.132013 
-109.197196 
139.184329 
93.455638 
125.684349 
120.295845 
174.206541 
-52.356359 
-53.469222 
-153.256606 
102.589808 
106.702444 
143.316618 
-189.530012 
-177.221232 
106.565605 
36.943647 
127.092824 
-241.819739 
201.858208 
-124.915202 
55.329424 
-112.898363 
71.003350 
3.631621 
-20.303803 
-121.467390 
-143.945194 
62.300377 
18.046475 
-212.761667 
-2.696494 
-128.647308 
-37.247955 
-174.926438 
-47.261840 
-70.439299 
56.102921 
-35.763132 
91.461444 
-322.171030 
-354.844176 
-123.963432 
-74.089636 
-1.018535 
-132.228622 
-53.132054 
151.916169 
-47.882817 
27.026933 
-89.457036 
120.298069 
-74.202269 
-7.139454 
-317.331500 
147.483952 
-14.938549 
-86.747175 
45.604212 
-84.774284 
34.107007 
90.057140 
-342.985841 
1.836601 
-75.893601 
-59.720433 
198.804148 
-84.443821 
49.240442 
52.326421 
99.905802 
204.530102 
-248.225806 
-178.028874 
37.144309 
118.156551 
20.483684 
-49.389387 
-109.284836 
37.356326 
-64.240379 
-204.129857 
12.184165 
13.367070 
-78.743512 
35.968781 
-1.567856 
-47.328800 
-57.942156 
11.547439 
158.630037 
290.218122 
-320.814584 
30.188913 
-61.896945 
46.443593 
-17.111663 
65.923040 
69.558994 
-250.579372 
-95.067945 
-4.809947 
-107.028375 
75.571115 
-140.057003 
2.889952 
-182.130185 
-59.922080 
-91.154660 
106.705145 
39.357832 
-4.310632 
-152.652634 
142.230582 
-15.357870 
-0.909075 
-107.862593 
82.404893 
-78.098328 
-109.881693 
-58.560565 
6.708330 
-42.716360 
-121.716050 
74.202877 
-56.006156 
70.527836 
-122.285746 
-36.030784 
79.327820 
-87.921191 
-81.865627 
161.719954 
-42.288664 
33.572159 
-15.640101 
147.484795 
-73.937237 
-134.883318 
55.647098 
-40.180689 
-111.848391 
240.800618 
-235.950616 
98.099956 
-69.590726 
55.396482 
-36.858030 
249.298054 
-222.552404 
64.067127 
-80.438427 
-29.235754 
181.466859 
-42.829360 
99.904698 
326.455826 
-228.232338 
86.402563 
-20.784994 
111.788149 
-102.415524 
-46.144332 
44.700618 
172.830462 
-178.756547 
13.401626 
-2.744040 
-89.254164 
-71.639944 
-114.354932 
-58.061769 
33.862679 
-137.301037 
88.673536 
86.311475 
-44.376215 
-56.289939 
27.020867 
-15.641184 
3.227090 
-162.248129 
140.687627 
52.736760 
-51.620810 
25.141035 
48.249968 
-141.409010 
-79.638907 
-279.444164 
-93.602882 
-111.319616 
-69.909596 
-17.424886 
139.957535 
-126.397191 
52.965429 
66.690305 
219.620560 
-60.185399 
17.851475 
170.339052 
-124.704483 
48.233987 
110.963529 
63.346696 
48.949183 
-48.844610 
-131.621865 
-99.273122 
76.948324 
69.421816 
6.704256 
21.526392 
-66.432805 
-189.353198 
91.002622 
34.690690 
-50.545569 
120.785638 
-92.481646 
-45.486965 
215.454612 
10.820819 
74.943062 
37.998145 
77.478309 
-154.115331 
99.971460 
-99.815544 
-14.152663 
52.328998 
195.063701 
119.459791 
-110.757145 
47.039404 
-111.248059 
-29.233758 
0.004547 
-24.477636 
-49.122256 
-191.714862 
-92.944607 
154.281530 
104.486861 
-49.673904 
-64.093402 
-112.581646 
-76.364277 
50.927045 
-90.650966 
26.726483 
-41.642785 
-73.794074 
127.093907 
-42.401837 
13.671257 
-112.533409 
-135.953707 
-95.556864 
48.830889 
-173.658471 
2.915319 
140.687582 
100.767754 
-141.356142 
-4.953117 
-22.103763 
-25.409312 
-173.788425 
-150.629036 
-14.561787 
86.312186 
21.319098 
-93.975872 
11.546001 
93.109717 
24.575975 
-116.941083 
-91.786610 
-15.640430 
167.873566 
38.572670 
-53.251657 
-52.547573 
1.924847 
35.513968 
17.872392 
11.546018 
2.627033 
99.906377 
30.662270 
-7.369189 
140.884173 
126.983917 
-77.954969 
-49.130662 
-27.267330 
120.294201 
-36.669072 
11.630211 
-22.543214 
-70.700556 
92.647180 
-213.692683 
80.708562 
-20.634568 
150.006685 
-89.097930 
99.514598 
79.516139 
-90.869728 
296.333901 
39.095965 
158.768291 
-284.362754 
68.934763 
-60.537141 
-45.046260 
22.122218 
-108.992308 
19.490396 
83.999010 
-15.639877 
-132.301202 
-32.392140 
-7.084071 
-30.109712 
43.047823 
-51.698474 
87.060774 
47.497568 
135.993456 
-49.498498 
-15.639765 
-39.542167 
-103.341305 
11.547695 
-94.780860 
-194.369293 
4.750931 
-8.843130 
-134.607143 
-133.616582 
99.033175 
-90.991106 
9.186800 
-151.204886 
-8.842915 
2.149512 
-8.843289 
-31.925971 
-70.494754 
-16.142748 
32.941990 
-362.382717 
79.590833 
-148.227311 
3.288328 
-2.813944 
-183.286099 
-91.477597 
41.099100 
-212.365681 
-105.600163 
-49.624656 
37.608966 
29.768411 
-276.171717 
-153.363406 
-26.851050 
92.536317 
-49.624188 
-42.827382 
-100.985484 
86.312769 
-100.248611 
-117.935255 
-75.231590 
-72.712801 
-14.138862 
-4.234214 
-42.827332 
-53.729989 
-71.914271 
-153.274631 
-171.609007 
-66.190992 
8.675554 
54.306854 
-97.426403 
-46.459357 
-101.036703 
-73.294472 
-58.494645 
-231.429812 
-67.164476 
-13.943717 
29.101560 
-15.638775 
-70.045989 
-55.447799 
-8.842323 
-7.572311 
-103.998301 
-224.681906 
-65.815230 
65.922465 
-89.683542 
63.590844 
129.659423 
240.067189 
-238.249285 
-154.750647 
84.526595 
93.109178 
-287.162290 
108.096049 
-114.681538 
29.639529 
69.034056 
81.524698 
223.222370 
13.576535 
86.471666 
106.704697 
58.087818 
-94.984442 
303.812312 
119.774390 
189.992932 
-68.407862 
81.958175 
-328.895793 
-57.395554 
125.365289 
7.535616 
76.148010 
-58.140785 
44.709352 
32.859823 
-63.211689 
157.807383 
167.112921 
81.722969 
120.298614 
167.033394 
-44.356400 
-139.729444 
-4.993399 
54.872747 
344.567018 
32.252105 
-106.606513 
-3.196963 
215.454078 
33.397633 
427.196421 
141.820716 
207.695642 
22.169468 
164.720528 
27.828935 
657.251669 
-61.016690 
104.974001 
5.555323 
-10.497056 
14.826598 
-53.439795 
22.374211 
161.920194 
-146.117658 
153.460277 
-46.488123 
154.746556 
124.234939 
216.692438 
23.184732 
-45.319017 
-57.420604 
150.278605 
87.326756 
432.922763 
-152.407005 
70.508689 
-34.051246 
106.016321 
191.166974 
75.228916 
-67.957703 
30.067499 
151.128511 
-141.185728 
249.437692 
-187.131031 
208.362493 
80.018874 
157.001080 
51.188360 
-96.759360 
-1.006815 
208.656493 
-105.845449 
80.568197 
37.133697 
177.992614 
-93.670824 
-80.290150 
170.348228 
-152.776913 
133.894098 
82.579788 
-342.480046 
237.743651 
-48.594806 
175.804639 
65.922312 
173.956544 
-165.387080 
-77.385396 
-195.109660 
89.632669 
133.888443 
101.629310 
-241.444792 
-179.910098 
173.205988 
56.056318 
72.717430 
-288.800243 
79.517799 
-160.103146 
48.642689 
45.508450 
90.924557 
-80.029055 
206.319989 
-212.349203 
-170.283762 
-67.922526 
-17.238492 
12.958624 
-201.040509 
-164.749431 
-99.335334 
-181.461847 
6.991437 
-37.303841 
46.568143 
-299.189534 
8.980406 
-351.124321 
-321.343278 
-204.956305 
9.138989 
-118.981826 
-26.443927 
12.982766 
147.195050 
-79.235012 
32.664617 
-89.657459 
79.516232 
-99.849329 
0.436565 
-166.547087 
188.269367 
-51.873935 
-132.187321 
55.638945 
-17.199442 
-12.879649 
88.518145 
-313.272937 
51.265255 
-113.096205 
-117.890383 
135.520120 
-66.150523 
1.232622 
-22.435337 
82.915580 
168.601141 
-224.309396 
4.056547 
-125.756177 
-44.807779 
400.522881 
-110.709426 
25.961273 
-14.696726 
5.357854 
-168.479522 
56.074539 
49.862718 
-51.685328 
165.807144 
32.842136 
-24.654417 
38.295718 
269.827067 
110.746996 
331.000154 
-344.881309 
-110.716533 
15.829877 
-35.191060 
49.917167 
235.841933 
-21.017450 
-232.246384 
27.048683 
-428.533600 
66.692896 
168.245133 
-132.279109 
-114.816281 
-169.982351 
-118.520060 
5.154316 
235.841055 
0.914127 
81.326164 
-105.717312 
110.297510 
50.671606 
135.364350 
-81.707245 
122.879576 
-58.811251 
5.817660 
-124.699759 
-78.756991 
-7.520711 
-228.247164 
66.297013 
151.250041 
-2.993412 
-100.147887 
24.168814 
59.051428 
-13.619023 
-111.191634 
71.134036 
-83.422681 
37.565779 
120.295773 
331.000609 
-283.830369 
-81.208650 
-114.898044 
-34.717927 
-78.549419 
82.278608 
-404.447040 
51.575547 
-89.445561 
71.774246 
-113.589031 
232.465668 
-183.644430 
-57.893244 
-164.534916 
86.311447 
-42.828362 
181.467206 
52.328028 
108.706538 
-103.999534 
219.822064 
-56.019393 
193.115005 
-241.567633 
-150.478643 
-62.247848 
227.451127 
-244.503839 
0.688332 
-1.415124 
-5.200923 
-387.812806 
-25.856467 
-196.443301 
-11.470323 
-163.515255 
41.866461 
18.342065 
-21.390486 
-126.205762 
-169.751881 
140.685496 
-120.277587 
-162.999471 
-2.049336 
84.112479 
-95.354083 
371.777877 
11.997994 
-39.684371 
-131.432863 
-238.667209 
-40.715113 
-3.780908 
-37.596230 
-115.320809 
194.491364 
-19.554709 
40.790955 
110.044658 
157.589027 
-109.304943 
100.369003 
58.509178 
-81.942833 
16.008418 
124.793320 
-12.435992 
103.650799 
2.660882 
-80.023475 
-64.711886 
-49.432486 
129.436292 
-115.147454 
-115.508179 
-107.263003 
-283.078280 
210.238967 
-14.841650 
60.510896 
90.859742 
-140.271516 
116.165477 
371.785181 
-394.048222 
114.014913 
-7.924239 
32.608037 
-167.472240 
157.613225 
-175.090883 
-59.845500 
154.285397 
79.518095 
164.257368 
-96.045165 
55.888884 
-125.750061 
140.690893 
-109.282746 
-56.582583 
-30.060834 
-273.044070 
-135.929802 
113.501598 
97.207615 
-7.043096 
-146.232426 
-201.935140 
-15.838741 
162.670494 
-79.852884 
-87.375078 
-38.129090 
-121.670830 
-15.640134 
-66.188148 
-225.919430 
26.899469 
-189.096030 
-187.329028 
53.547503 
-174.195122 
96.628294 
11.545273 
-72.921452 
-252.442635 
-40.005250 
21.991336 
-38.211562 
-242.291559 
-19.635960 
118.049023 
11.546348 
-23.410649 
53.301061 
65.921786 
140.688231 
-39.213737 
22.526414 
-55.170523 
127.090994 
99.907234 
3.909506 
-140.251721 
-123.498651 
139.018421 
122.600389 
25.532089 
59.126588 
-199.581471 
-42.824720 
-75.316452 
44.168891 
52.521080 
132.970690 
-139.803008 
-23.804422 
159.081183 
45.531695 
174.622027 
-110.309686 
31.153759 
-245.318310 
-46.377396 
-194.104358 
-7.205017 
-42.394323 
173.316279 
-17.989372 
79.711528 
59.126062 
-72.928680 
93.074758 
-32.045692 
94.746087 
-188.855473 
-69.625681 
67.809232 
-90.222810 
-14.408633 
-31.269686 
-96.272619 
-30.910361 
-97.203647 
-244.771814 
-35.978702 
-136.058566 
-233.537676 
117.058907 
-174.082426 
3.604390 
59.455933 
27.285539 
-91.422356 
-56.420647 
-96.520717 
-231.383646 
-42.828409 
-182.239930 
-215.051733 
38.735130 
31.936968 
-161.240927 
-100.425143 
-150.726760 
-96.899903 
16.719417 
-232.069983 
-8.842779 
-122.330019 
-2.045062 
-92.833640 
-72.509452 
-98.295084 
-12.884883 
-266.124430 
8.793529 
-265.273804 
-107.070578 
-31.696737 
-27.909940 
-109.825022 
-41.675760 
-156.411916 
0.390037 
25.142693 
-27.048065 
82.031294 
-222.556894 
-128.911608 
8.638825 
132.731325 
25.141711 
86.314162 
6.138541 
18.344739 
53.016653 
-55.973545 
-43.607308 
-85.140822 
-54.473465 
-49.403161 
-8.843140 
-24.032455 
-92.166770 
-39.907484 
-132.209538 
-98.052674 
-67.802659 
-53.236571 
-97.650769 
-117.105878 
-116.484563 
-12.557596 
-84.529242 
-154.494589 
5.175046 
-34.488329 
-35.003181 
-8.843380 
-41.990947 
59.891338 
-104.000696 
-19.740640 
-103.999427 
-143.086775 
31.359066 
201.858830 
28.427616 
-207.166070 
142.600544 
-78.028797 
-223.232939 
113.500164 
-102.031568 
133.891246 
-157.107648 
122.219733 
-66.160274 
176.591660 
-24.920121 
291.031159 
85.698339 
-102.970566 
-18.642419 
79.514469 
129.116154 
96.459422 
79.514703 
77.456586 
253.823725 
-275.188417 
-32.763053 
-85.212807 
155.137425 
112.302009 
88.032952 
137.501092 
79.987133 
83.764894 
75.056634 
100.474940 
69.875100 
77.323049 
-190.430876 
120.295984 
211.933240 
93.070819 
30.541428 
164.255647 
30.552974 
297.957577 
210.845977 
34.810434 
-141.205233 
154.279581 
-9.826312 
212.823872 
-67.804569 
65.598136 
-23.712541 
125.618886 
-51.036024 
208.655967 
1.828645 
-53.970948 
9.871827 
143.069130 
47.329818 
5.057207 
-33.449469 
192.847752 
-26.691244 
104.634347 
-96.914795 
-200.974461 
181.246771 
-20.828427 
30.794837 
55.212079 
-58.492158 
-26.636030 
185.788816 
445.358478 
40.054862 
22.572354 
-62.440752 
119.454081 
178.380668 
-105.916871 
-117.771617 
-32.497264 
-113.384893 
-17.729615 
181.468078 
11.321048 
250.335899 
122.830328 
62.748657 
191.843529 
6.915571 
-152.961133 
263.031093 
-68.477405 
23.936232 
25.715619 
17.730854 
63.578738 
-140.794150 
-21.317359 
-129.567169 
297.013704 
245.707840 
-261.650518 
-78.422739 
148.368657 
-68.834527 
79.513393 
206.293181 
-11.875875 
134.745020 
-180.368703 
-75.296974 
215.449338 
114.638271 
-118.347615 
-11.291773 
223.706962 
29.382538 
25.140834 
45.013734 
385.376912 
-17.017649 
27.913241 
-31.081798 
198.199597 
-104.082637 
117.190821 
-87.778171 
82.727951 
87.851409 
-57.786598 
-126.146381 
-5.329284 
-295.381402 
-56.323082 
-44.707667 
-10.429459 
-27.956957 
-118.421075 
-76.998918 
135.408651 
-81.221300 
-34.874363 
-97.751974 
-119.084174 
136.466535 
123.787506 
166.071817 
53.703506 
-118.640004 
-18.144333 
-35.168731 
263.033977 
4.949998 
-116.746611 
-236.046967 
201.861800 
9.127591 
-1.589841 
28.636491 
-15.734992 
-7.825063 
-8.359027 
-194.572266 
61.340805 
-115.136539 
-217.377415 
96.127258 
-152.095579 
-270.134472 
-29.235533 
79.517500 
107.323409 
227.075872 
-90.972664 
-170.115984 
40.191751 
33.204746 
-274.565456 
45.170229 
-162.242728 
-158.801398 
-107.606995 
105.455851 
8.166186 
51.350855 
256.194404 
-35.405580 
-47.101391 
-74.581485 
283.420062 
-3.690495 
303.811478 
-234.970767 
-14.913320 
-165.858399 
-66.674291 
-29.887500 
93.110192 
-37.074907 
-619.106390 
-362.453319 
266.899371 
-11.026322 
192.729434 
-121.390876 
31.139493 
79.795432 
39.189191 
-84.301138 
195.064808 
-89.648843 
-213.654815 
-170.184144 
86.456873 
-162.787863 
-64.943465 
15.382759 
189.965408 
-67.709500 
-139.977942 
10.890413 
-37.162944 
14.275567 
-87.514994 
30.473144 
125.526105 
74.082585 
-0.021549 
-17.097512 
-111.497574 
100.300432 
-153.783225 
28.731897 
-133.176359 
-62.157996 
120.297997 
358.189160 
-215.044462 
-71.811594 
-93.906156 
84.807629 
48.321543 
181.690784 
-376.479915 
47.526625 
-77.879062 
110.472118 
-39.612108 
124.428399 
-53.249994 
-7.051406 
41.616299 
222.250385 
-8.844091 
127.094351 
52.326828 
-119.956604 
-93.470810 
200.308651 
-93.746638 
81.519059 
-159.258247 
-250.731034 
51.400583 
301.332145 
-63.437705 
-69.167598 
-97.883459 
16.300329 
-146.572357 
72.717902 
-168.447982 
2.778246 
-111.144264 
-52.591614 
72.719386 
-147.425620 
-162.635810 
-39.614238 
127.094367 
-2.115937 
-71.736519 
-29.233895 
-24.208509 
-7.535778 
263.032378 
-31.497959 
-94.545711 
-100.961457 
-201.279365 
11.521778 
-44.205045 
23.630153 
-83.429206 
70.260224 
-184.849991 
-100.046527 
-121.275769 
-5.613464 
-197.952378 
-26.262386 
73.855499 
-117.716235 
-124.813972 
-211.382083 
-44.186402 
-44.855905 
39.738300 
-74.364500 
-133.571302 
-8.052947 
-49.630904 
98.258484 
-74.420383 
-242.279990 
-333.945567 
11.425771 
-147.204071 
-99.165423 
38.807306 
-96.666942 
62.372520 
358.186057 
7.548547 
32.537673 
11.351091 
4.608304 
94.473827 
102.940296 
-118.531533 
-131.795737 
181.468869 
79.514154 
40.727556 
-88.369819 
-191.683640 
-227.249025 
113.498659 
-157.826255 
-106.847385 
-66.631776 
-25.445827 
-89.454718 
18.343902 
-44.009978 
29.857122 
47.103998 
-95.845875 
91.425555 
-25.156049 
-47.247654 
51.024678 
120.939627 
24.133388 
-2.045947 
-51.748408 
-117.167762 
42.040824 
-94.139096 
-110.602231 
124.674088 
-20.342566 
105.219773 
-42.826210 
-23.145364 
-232.876212 
-0.744758 
-69.328892 
-86.397920 
-205.152350 
27.331452 
60.296583 
-29.231426 
26.023326 
-27.645337 
99.907374 
72.720277 
-9.931269 
-43.921914 
-202.906678 
195.064524 
59.127323 
127.244081 
-45.998473 
-201.609781 
-5.509213 
105.016449 
5.827259 
86.314412 
36.611579 
38.735740 
81.494073 
-6.637151 
20.593379 
172.968706 
-74.773058 
-190.116460 
82.597721 
72.717101 
-21.569346 
61.204088 
-25.629581 
-224.660725 
-118.462708 
34.263731 
-84.065502 
-90.234373 
89.791756 
-16.547507 
160.395053 
99.907093 
-146.031411 
-6.711942 
-61.862863 
35.470609 
-122.339618 
22.222948 
-230.413061 
-261.968412 
-35.024845 
64.903842 
76.627918 
31.876955 
25.142264 
-136.018187 
131.219718 
-35.083699 
-272.381496 
36.703134 
-196.542606 
-140.886844 
-57.757218 
17.036711 
-170.256973 
31.938320 
-167.198830 
-80.434516 
18.344546 
-216.431033 
-196.786049 
4.750719 
4.750682 
-92.036899 
-172.652747 
-59.557636 
5.500250 
-54.604351 
-152.686996 
-22.437745 
-100.815452 
-36.031859 
-66.710535 
18.695540 
-47.385841 
-121.073527 
-128.289848 
-55.105360 
-101.575562 
-58.369635 
85.247199 
-88.573724 
40.353712 
-112.906263 
-27.680651 
40.027897 
-29.235582 
-69.639717 
20.410001 
-217.298755 
-76.634324 
156.024799 
29.601522 
-29.235476 
-8.845024 
-54.390965 
-42.829059 
-7.076390 
-143.766419 
-90.413004 
-52.058433 
-194.584481 
67.135617 
11.546103 
18.790051 
22.427150 
-113.997257 
-195.376624 
-103.576126 
-107.223347 
12.397628 
-137.401082 
-79.507749 
-46.239372 
31.083538 
-54.189984 
-159.222924 
39.330820 
-82.896614 
-75.161102 
4.750420 
-88.351286 
-100.288400 
-103.999581 
-2.851842 
-103.999315 
-192.763543 
-255.035559 
331.001716 
16.343429 
-69.258929 
279.225310 
-57.304007 
-283.813582 
-82.247975 
99.570969 
317.407862 
-59.193302 
93.265288 
-71.771756 
78.516745 
62.368114 
80.608712 
57.771429 
-164.910957 
83.562537 
79.517343 
18.474636 
199.552417 
174.673033 
105.680140 
155.933122 
-167.585241 
-38.285192 
255.570755 
261.097007 
94.065352 
-187.444264 
77.091954 
102.770368 
148.634923 
203.286035 
-169.538790 
189.710045 
13.007077 
-19.693800 
426.156358 
267.007044 
-145.346801 
-104.238159 
103.780037 
181.738990 
360.157955 
103.776102 
-173.150144 
0.507005 
25.139461 
166.720045 
48.396921 
-39.416347 
76.592151 
-151.579623 
-94.998019 
123.789795 
188.264326 
191.919785 
-111.958564 
114.389732 
-205.065801 
23.295318 
-35.841359 
105.620016 
185.157125 
-33.782547 
55.593234 
-9.396906 
136.783715 
300.595555 
93.059485 
53.993497 
5.558713 
-66.402907 
-82.428020 
168.299102 
294.380944 
-28.179148 
-73.550252 
63.439839 
148.659824 
101.859253 
-39.170198 
-22.065681 
-94.275603 
137.607278 
-0.337468 
25.141032 
129.971208 
-4.645781 
-124.791800 
149.751407 
-8.557584 
-4.807484 
-48.781527 
93.110576 
-48.744521 
63.464714 
-89.351468 
2.010024 
-299.793707 
-66.736084 
9.376651 
-46.512068 
331.001121 
46.041999 
-273.729107 
-107.326483 
-46.447855 
-165.398721 
38.736194 
-79.183749 
-178.489912 
-27.224553 
-140.544470 
18.254517 
249.435859 
-44.614819 
-320.680703 
-184.967602 
-39.382792 
11.136858 
106.701145 
83.829543 
-2.043757 
23.722892 
-0.634380 
-111.328923 
203.214204 
-208.839482 
-44.095051 
-12.793897 
-113.764770 
50.721874 
-89.810973 
-125.579571 
-169.624290 
-140.026881 
-57.216978 
-71.226938 
-28.125258 
-288.365926 
-30.089039 
-171.437823 
132.870774 
-114.754901 
-187.615742 
-73.463670 
-234.034709 
214.035762 
130.744721 
-32.178265 
-1.046766 
-116.865391 
43.700095 
36.335807 
11.547806 
0.953229 
-96.296474 
-56.359737 
249.437284 
-101.022506 
-265.029819 
37.892577 
148.446421 
116.688137 
187.880779 
-204.792201 
-136.722350 
73.768376 
-131.545238 
38.922159 
-9.513851 
-266.190112 
65.921629 
144.085341 
171.125655 
-190.350291 
-88.373451 
-124.181780 
-35.885133 
-45.869779 
19.927240 
-31.825668 
32.979563 
121.653644 
10.069719 
120.698229 
-52.697305 
18.779131 
-1.720836 
-8.484476 
198.131478 
-10.488033 
290.217904 
153.854591 
195.061852 
-243.283903 
-92.129929 
-81.236328 
-171.973417 
-17.377326 
147.484269 
79.128403 
-149.356306 
-157.316648 
-24.931270 
-54.960850 
57.312130 
-81.221295 
18.359622 
46.464644 
-311.710522 
40.795148 
181.468971 
95.422508 
129.358181 
-239.689720 
-148.223366 
46.419702 
-23.584682 
144.425035 
-80.858531 
-42.755561 
-135.447281 
-29.673573 
-6.064423 
13.210472 
41.696210 
-46.389835 
118.536586 
-34.236422 
-64.404875 
-53.477019 
-8.463258 
-65.445114 
-1.202896 
-23.665784 
-134.421604 
-67.118286 
412.562848 
147.484495 
-172.944994 
-134.423078 
-89.746327 
0.201111 
208.393224 
-37.619886 
-240.791387 
-57.255926 
92.473029 
-0.492332 
-43.088259 
174.904421 
8.898298 
-44.579103 
-149.252016 
-8.843431 
-2.046719 
79.515676 
276.625559 
-6.680849 
-81.543402 
176.973819 
-106.950461 
90.543128 
96.906151 
-85.595754 
4.843152 
175.201983 
-156.610001 
-48.120917 
97.659122 
-7.040344 
-157.687605 
-92.381156 
-90.410864 
-48.153131 
-34.368977 
25.719334 
-22.438004 
-168.242881 
-79.495584 
-74.967973 
-56.421997 
30.992163 
-510.316149 
38.734626 
298.480551 
98.960682 
106.702335 
84.500564 
-183.705399 
-41.752020 
-192.360077 
-61.504731 
-85.028777 
52.680404 
-0.382553 
-10.208705 
-57.911423 
190.675737 
-69.837156 
15.650738 
1.606387 
-67.451735 
54.562626 
8.683355 
-95.963621 
49.451244 
125.291695 
-84.335513 
-81.695605 
-14.031911 
49.513110 
34.395134 
163.390364 
-160.651753 
-45.112192 
6.064357 
-180.229400 
86.417896 
-34.862528 
-66.138215 
-14.215183 
36.907475 
180.967740 
99.905620 
-81.565621 
-101.381765 
-21.904056 
32.985748 
15.466242 
195.688772 
-73.665019 
-45.643105 
59.124216 
59.124820 
13.411853 
32.195569 
8.669909 
62.751978 
45.531741 
148.926638 
-136.323082 
-5.398735 
-49.774580 
-117.852714 
11.546631 
-31.690320 
-211.138594 
6.304625 
78.040796 
33.056287 
2.764771 
-36.427075 
-166.935312 
49.164422 
-49.273864 
181.468514 
197.184905 
-240.787691 
49.503274 
-6.879492 
-46.340897 
43.921051 
-152.980792 
8.091735 
86.312483 
-144.088800 
-37.727118 
-86.647327 
-51.784536 
-31.552632 
-234.173699 
-140.981650 
-65.396925 
-2.047700 
-77.349738 
86.692104 
72.714854 
-22.437820 
-74.442537 
-1.729634 
-50.814511 
45.529337 
-49.627412 
-4.069835 
-227.250371 
-11.907477 
2.570654 
-35.406055 
17.067340 
-2.049971 
-92.532687 
86.312243 
98.296799 
-69.748792 
10.531619 
-55.788242 
-49.766656 
-174.628894 
146.178443 
-158.379371 
79.827638 
-24.625124 
91.299374 
-9.953107 
-13.627014 
18.935274 
1.348862 
-56.944184 
469.856316 
-104.404917 
172.622196 
4.748621 
-48.045000 
-49.771514 
56.630927 
42.410191 
-63.683280 
-58.116021 
-67.952599 
-74.923603 
-10.806028 
-147.862107 
-24.857706 
-44.516722 
-56.422160 
-140.410909 
-49.009428 
-29.805189 
66.267513 
19.864116 
-53.083514 
-224.450545 
-112.051125 
22.707983 
-37.715553 
-42.827871 
-58.874776 
-192.580519 
-15.641423 
-139.295483 
36.499001 
-8.843776 
-15.640852 
-95.182147 
-194.400766 
-77.999694 
56.863574 
-44.867579 
-104.756280 
-8.844237 
-78.869474 
-2.046952 
-136.993948 
63.840621 
-23.481951 
-100.668128 
-304.151771 
-132.306018 
-138.078141 
31.213321 
-3.342120 
-98.072582 
33.262198 
-125.025566 
-56.617358 
-96.783445 
-2.047252 
-89.617844 
33.908298 
-129.675231 
-61.554760 
-52.061208 
-34.382245 
86.312557 
4.748583 
-325.855417 
-2.047401 
-223.464167 
-31.424163 
-222.050216 
-52.266778 
-134.272967 
-62.198316 
18.343480 
-19.303755 
-123.865935 
-108.672742 
-70.377373 
-103.150098 
-42.326696 
-83.074190 
-130.617834 
-62.341804 
-21.970592 
-168.356884 
-24.461693 
-141.462295 
117.715338 
-169.244656 
76.941981 
-103.999223 
-99.814838 
-86.698912 
-103.999252 
6.052400 
-103.999656 
-176.027013 
-106.379713 
317.404590 
19.646444 
-73.959683 
263.381840 
-42.879371 
-151.575422 
-111.250345 
-27.363037 
330.999123 
-218.487357 
173.610687 
-59.353047 
-50.364894 
-37.690231 
411.230504 
31.457259 
-87.765714 
97.895259 
113.498621 
-6.710255 
214.776784 
181.469118 
6.423854 
86.508190 
-161.435660 
-71.361682 
364.736804 
234.345034 
39.616503 
-153.419064 
-44.679285 
-26.307093 
38.532036 
70.266660 
-164.988485 
92.720566 
0.720162 
-152.656798 
249.437344 
214.795195 
-87.542416 
-21.845802 
17.637584 
95.908014 
350.227648 
59.524646 
-164.983290 
-168.646324 
79.513778 
17.765955 
30.068971 
-24.698302 
12.829985 
-138.836562 
-92.527209 
36.057489 
188.267514 
17.432426 
-181.941277 
-62.348082 
-246.525469 
30.952033 
-135.849288 
5.808478 
86.115331 
-125.353424 
-65.023078 
-145.095938 
297.141392 
114.567005 
33.748803 
6.865916 
-117.345681 
-47.087728 
38.141743 
233.326066 
10.500394 
-26.842150 
6.680734 
-57.219426 
78.602320 
93.674118 
17.983924 
-207.897127 
-111.194386 
29.031434 
31.956276 
310.612531 
-30.101060 
-35.132830 
-90.552720 
215.004894 
149.858754 
3.344704 
131.035304 
106.706220 
-62.181564 
-18.986282 
5.389609 
-189.640768 
-23.433851 
-0.647356 
128.393481 
56.442882 
303.815751 
61.732434 
-140.953131 
174.304520 
86.307834 
-41.654807 
412.564039 
56.121764 
77.588672 
103.312062 
2.685535 
15.789748 
52.329765 
172.370860 
-91.034539 
-30.987752 
-27.371752 
-27.314612 
317.404401 
-228.333099 
79.516675 
-38.007855 
91.130053 
7.667624 
227.408963 
89.259519 
-22.595510 
46.592635 
84.768677 
125.522616 
-53.486802 
-218.411651 
34.161080 
-137.522773 
4.408751 
-8.467229 
80.069732 
-335.091946 
15.025621 
-160.000553 
32.100596 
-102.092046 
-218.816498 
60.254662 
-131.604433 
332.574444 
-124.841007 
16.617620 
-57.782087 
-93.254039 
142.911393 
-19.754720 
133.891674 
41.950117 
4.520395 
-125.930523 
120.299549 
-91.460379 
-187.555327 
75.582019 
149.707395 
34.667176 
55.644009 
136.331873 
-195.169078 
-20.590332 
-32.986220 
-66.941548 
79.115327 
-389.412344 
174.675308 
205.261265 
1.164215 
-230.009825 
-122.473104 
-109.512330 
-81.071028 
-15.993466 
-199.172170 
-102.906228 
-38.145169 
9.216744 
-45.229486 
-34.951348 
-90.708640 
-7.452517 
-61.179653 
126.100579 
197.040141 
-39.989655 
161.080096 
100.128203 
208.657577 
-302.882892 
-209.695706 
-165.887911 
-34.685513 
76.146781 
249.437375 
101.606091 
-437.460029 
-119.851505 
-16.301505 
6.514224 
-19.078341 
-65.967136 
-58.947045 
137.137642 
-39.293961 
-86.211078 
147.482278 
177.373323 
236.293152 
-170.266085 
-102.714222 
18.549538 
72.648741 
83.875268 
-13.358207 
-147.990468 
-281.265210 
65.488564 
72.880603 
-22.251628 
48.123140 
-42.145988 
2.302845 
-58.992623 
29.229417 
-105.864005 
71.924880 
-108.670307 
-82.421252 
38.736544 
-116.761482 
-59.841448 
195.061933 
174.669918 
-100.964532 
-253.340680 
128.849389 
-197.073833 
-55.457481 
-138.121200 
-189.775773 
81.249526 
12.397305 
57.310420 
-131.339113 
180.670043 
297.534366 
90.432917 
-184.727308 
-29.234194 
113.500409 
263.031341 
72.718589 
19.870214 
-122.492662 
229.719595 
69.142958 
76.834736 
-73.080291 
-19.627564 
43.311660 
161.144732 
-58.801684 
-143.368437 
43.796616 
-140.102691 
-207.562162 
-77.084824 
-129.257267 
49.500156 
-53.175014 
-339.046771 
11.546729 
87.721531 
-35.175122 
-214.124495 
106.702428 
-11.864673 
-323.140766 
317.404736 
69.582217 
37.167150 
208.655859 
4.746209 
-109.121887 
-138.528929 
166.173766 
-226.606215 
-51.608394 
19.377634 
-124.597888 
-95.808407 
-267.399205 
-33.707698 
-102.585356 
-238.941586 
-38.188987 
-57.838729 
92.776171 
158.912714 
201.382240 
-36.613685 
-77.297946 
39.552532 
33.486333 
-108.751198 
-158.795100 
33.962331 
148.995905 
56.360006 
40.531691 
-166.169947 
-179.036220 
55.608517 
-47.752677 
-66.641645 
12.270234 
-17.354494 
63.267988 
-29.231997 
-76.058372 
-46.054885 
30.370102 
126.443358 
44.951747 
87.338968 
-143.677997 
-69.115283 
113.502290 
4.753414 
-63.534796 
45.045891 
1.517867 
-82.244303 
65.926042 
162.696927 
-13.719108 
104.247703 
-13.273206 
38.504233 
235.846905 
-40.040082 
-146.932012 
-129.457695 
161.978904 
5.046293 
85.983663 
129.690236 
18.215825 
144.841449 
110.070507 
-42.825300 
-391.165031 
-224.642118 
125.955242 
30.002713 
-139.737788 
54.644782 
-210.355672 
-86.309905 
-42.825768 
-205.429012 
-47.182622 
89.141927 
-114.102528 
10.904769 
-321.414639 
-89.924142 
-51.206474 
99.909367 
24.527671 
-38.821995 
-2.047849 
-2.047976 
85.731308 
-47.527847 
-117.580125 
11.547290 
18.347646 
-50.045429 
33.751679 
-26.180808 
-77.048417 
-22.571838 
-41.847657 
52.330216 
-124.389783 
45.531242 
93.977166 
-71.869932 
-46.303395 
-33.560713 
-100.545497 
-193.093232 
82.895459 
215.451525 
25.667419 
31.499676 
-152.944314 
-181.430575 
-60.351931 
31.597323 
-182.171069 
30.788240 
452.494535 
-169.372141 
108.954174 
-8.840689 
-137.903717 
68.354997 
-133.722378 
39.553931 
-131.303694 
-23.774806 
-139.220941 
-136.160662 
-64.229669 
-101.055825 
-45.918667 
-29.947190 
-36.027468 
-82.464002 
-84.385142 
11.063221 
6.161477 
-45.904126 
-70.260663 
-77.601748 
-136.677605 
64.920662 
-38.135367 
-49.622335 
-3.061076 
-126.670081 
-42.825176 
-23.212901 
-72.401663 
11.549825 
4.752068 
-211.257787 
-177.039563 
81.298673 
83.009454 
37.237499 
-127.302394 
4.751815 
-1.979117 
-2.045748 
-73.311848 
38.252145 
-90.994294 
-128.837854 
-60.013605 
4.651457 
-143.023693 
46.962539 
-23.254443 
-160.751970 
-85.735454 
-74.104100 
-122.191321 
16.652600 
45.531320 
-57.937084 
-148.438699 
-99.893076 
-63.425729 
-74.560026 
-7.369147 
-2.047480 
31.936251 
-281.916629 
18.343021 
131.301368 
-49.659089 
-142.940691 
-153.681937 
-77.778933 
51.061055 
-104.000528 
14.347562 
-46.224593 
-140.832333 
-137.572095 
4.748849 
-89.313450 
53.401444 
-90.480395 
-131.718039 
-105.865374 
36.546796 
35.197813 
-99.224173 
-66.570678 
-129.571673 
61.507595 
-104.000302 
11.295012 
106.196361 
-104.002651 
-45.524656 
-104.001666 
-169.028784 
-1.052069 
215.451647 
-271.972563 
-130.948698 
139.810624 
-41.681561 
-145.027687 
-46.001276 
-59.626882 
72.719859 
-242.970309 
-44.418876 
122.215336 
-63.492628 
88.291529 
280.680766 
178.310473 
10.085797 
111.308165 
86.313812 
154.288467 
155.693022 
290.220169 
193.606660 
68.738607 
-373.856272 
-100.309470 
99.968744 
176.955311 
43.148755 
-25.442168 
10.065576 
44.553389 
124.138365 
-48.666248 
-98.868137 
74.158012 
54.517091 
131.283307 
188.267416 
163.384412 
164.119992 
-17.844048 
115.536812 
176.661082 
419.245003 
141.434109 
-1.232696 
39.785158 
303.813181 
18.894890 
260.425577 
-66.389170 
105.383723 
-9.267662 
270.032671 
-108.307302 
195.063437 
22.698479 
-78.095502 
97.334256 
-55.196960 
29.769444 
44.917859 
-49.645703 
81.615928 
-126.422800 
-164.563360 
-29.835528 
118.090277 
137.919163 
86.028426 
-50.938154 
-107.986107 
-46.007943 
84.684388 
332.795848 
479.509244 
-105.482482 
42.200002 
106.957042 
9.973713 
113.052959 
48.863332 
-181.814271 
-41.216791 
-12.880603 
1.642651 
147.483064 
-56.800488 
-21.698662 
28.405757 
142.499372 
99.830012 
-8.105581 
-78.408019 
229.047093 
-115.539618 
-134.335637 
327.031533 
-11.270643 
-65.721120 
150.305711 
-17.652786 
-27.043839 
276.627441 
111.731307 
-164.189757 
166.101846 
-11.401375 
-46.526769 
466.939193 
121.875068 
-100.618492 
36.343766 
-7.615823 
136.296126 
79.521887 
179.853711 
-164.062888 
-216.493291 
1.509821 
21.265922 
398.970734 
-115.891418 
120.303304 
50.847055 
186.098511 
78.705047 
117.781136 
34.148405 
92.758226 
-54.948412 
48.433652 
-6.229402 
-26.194054 
-89.884779 
-59.238423 
-47.016740 
-154.291232 
56.018778 
70.473602 
-99.751119 
-22.000180 
-222.841879 
7.856443 
-168.874741 
-168.867470 
-58.485113 
72.126121 
66.925932 
-97.604344 
115.369762 
28.766266 
48.072988 
39.270207 
200.879087 
147.485758 
-10.529707 
38.925124 
-120.076877 
52.326673 
-167.702043 
-204.498423 
143.034840 
-101.481498 
25.638410 
68.492797 
-47.724294 
-173.388605 
-131.266707 
-84.496566 
-60.972761 
244.228529 
-230.421285 
140.686386 
164.476078 
43.894643 
118.970454 
-25.097729 
183.518252 
-81.159512 
118.222067 
-160.883814 
-21.476580 
-104.881432 
-30.876371 
-7.267041 
-45.586370 
9.799382 
20.466384 
149.036481 
191.507542 
-7.650137 
184.250526 
127.093830 
101.850086 
72.719410 
-303.055460 
-165.545378 
-14.649518 
-150.191352 
216.851520 
154.282053 
-24.411872 
-363.610209 
145.031673 
-99.879137 
96.438702 
120.731982 
-155.651648 
-162.560655 
51.349537 
-95.335087 
-23.514137 
174.673525 
192.684115 
-223.622580 
-16.316840 
120.830414 
-163.945240 
131.174833 
-108.863398 
-47.184733 
-239.735142 
-91.278480 
-62.991265 
-19.314665 
6.863012 
-123.243759 
-30.178372 
-103.847213 
26.429974 
95.915600 
-50.764012 
81.233238 
-192.355135 
-230.466520 
30.503802 
138.269122 
-46.441235 
161.079530 
344.594198 
-218.710019 
-164.554108 
-36.382445 
-125.736259 
43.208726 
96.634949 
-371.778252 
-68.454015 
-43.724505 
-66.287632 
-126.387115 
104.482657 
151.688428 
88.762984 
-84.117979 
127.094115 
65.921868 
79.515603 
93.108615 
78.370862 
-42.506284 
290.853355 
105.555844 
40.122044 
-258.343449 
-120.039580 
49.534501 
128.855505 
-82.812291 
-83.731008 
-147.685376 
-92.435309 
-117.716401 
-10.503769 
-30.124355 
34.848961 
-113.783745 
-210.551452 
181.469050 
54.517392 
128.298285 
-240.297585 
263.031966 
-123.466771 
-45.523112 
161.079566 
105.357887 
-150.385745 
38.735755 
-38.751329 
-250.394515 
-182.280375 
96.508637 
-331.040860 
-44.308670 
-64.952655 
-188.706159 
-47.519723 
-126.290576 
-160.742162 
-58.351202 
-128.469126 
-224.459463 
-29.165823 
108.799138 
-17.108007 
-18.020007 
-139.035110 
-19.758392 
38.944886 
11.484958 
-106.032694 
-145.289226 
-52.506995 
-71.921112 
17.391030 
-83.567000 
-92.907186 
-207.905959 
0.168208 
-208.689090 
-152.789317 
168.833474 
-117.854264 
-49.441615 
-29.233993 
-146.410972 
-20.821429 
-36.363052 
29.684477 
-16.690441 
22.698876 
-75.218193 
-30.155732 
-22.436482 
-29.233716 
117.132247 
-29.163201 
-44.892382 
-140.246841 
208.657865 
-83.760179 
-16.963243 
-71.100086 
-275.086524 
-217.219509 
11.548101 
-11.831080 
-100.988603 
-193.617034 
103.572971 
-47.326666 
52.141023 
5.453801 
-21.024361 
92.671890 
8.832777 
86.313044 
-455.739592 
179.345577 
-7.512238 
-32.719970 
-91.684206 
43.800617 
-197.644465 
88.484766 
-42.824656 
-95.175538 
-263.073318 
-23.150335 
-224.867786 
-156.403598 
-271.312278 
-69.358810 
-131.845744 
59.126024 
-11.720721 
-90.984399 
-15.642649 
140.689304 
57.668206 
-27.115825 
-161.640258 
4.751274 
-2.046670 
90.464125 
-53.251245 
-31.720409 
-182.084685 
84.493605 
-0.650131 
31.937313 
-126.086129 
-56.423375 
-85.770535 
-42.756989 
40.720990 
-153.333046 
2.943675 
-254.535373 
12.659768 
79.513627 
-2.193767 
-108.914087 
-120.149833 
-50.957500 
-86.036626 
-43.413617 
52.434623 
-65.245607 
272.643178 
-129.758993 
57.308648 
11.547577 
-74.947736 
165.613317 
-88.904549 
41.474828 
-136.841950 
-21.787088 
-6.062275 
-162.676054 
-40.337980 
-183.981463 
19.396846 
-18.731824 
31.936313 
-154.230813 
-42.016029 
49.888522 
-365.573049 
-128.593970 
-98.476927 
-128.165051 
-39.455791 
-2.616097 
-155.743993 
18.342721 
-80.026882 
-172.129813 
-29.234540 
56.174381 
-124.620164 
11.546832 
18.343503 
-15.958442 
-200.136862 
-41.195668 
48.120224 
41.766038 
-159.247741 
25.140282 
-27.841958 
86.312874 
-34.543330 
-87.177847 
-70.560092 
-138.040381 
-255.160027 
10.767935 
-34.739487 
-67.328709 
-64.251498 
-32.910280 
-187.478396 
-41.719527 
-81.373226 
26.688800 
4.750887 
-53.718268 
8.355860 
-110.789783 
-249.878314 
-68.331438 
-11.327603 
-36.031005 
-29.233445 
-78.095619 
-36.030842 
141.372197 
55.128982 
-6.808844 
20.118975 
-135.364540 
101.805045 
-103.999701 
19.711307 
-33.480704 
-109.922715 
-267.449564 
-104.000041 
-92.871459 
144.475592 
-83.748991 
-217.388377 
-181.120205 
36.279736 
-72.383560 
-130.742195 
-97.482626 
-58.661233 
54.019876 
-104.000707 
183.969056 
-4.999625 
-104.001155 
37.157228 
-104.001105 
-227.568117 
35.429459 
235.844597 
-161.734994 
107.022758 
10.956924 
-203.899255 
-186.600394 
84.500360 
233.435944 
52.329003 
2.651835 
-93.327726 
-211.989742 
184.981550 
-0.053833 
3.163555 
-80.339658 
-254.186940 
-27.401961 
-15.640774 
86.992846 
102.031286 
120.297058 
179.745099 
185.548298 
-415.609567 
273.504234 
159.038637 
155.901757 
81.805633 
-38.515639 
31.538010 
69.425499 
205.677381 
-53.757151 
107.100277 
102.880059 
15.530696 
154.405354 
344.593079 
174.182461 
-31.954704 
88.223823 
117.888276 
51.530083 
199.260211 
-107.533580 
-52.139559 
-37.512170 
167.874670 
-57.564285 
195.633498 
128.221862 
89.822315 
-177.916782 
141.937039 
-214.169796 
52.327630 
101.799619 
16.144014 
121.556187 
-25.278573 
113.260240 
76.395317 
12.311863 
172.588551 
-259.170639 
40.556094 
32.000036 
-66.316172 
110.279957 
-23.979371 
-31.035413 
52.748600 
68.374651 
11.992751 
174.619836 
422.757449 
59.942956 
12.085703 
142.664256 
129.239968 
46.406896 
-69.646439 
167.499311 
82.295437 
-13.482069 
-2.150196 
562.092319 
80.021623 
13.867293 
-93.439230 
19.249070 
185.982409 
-23.057405 
-30.395963 
290.217169 
41.688930 
-45.381887 
32.708148 
69.776252 
-19.419826 
-6.790429 
61.649412 
109.762939 
235.842449 
69.858122 
-154.512514 
-75.639242 
15.619883 
-16.183578 
79.514690 
-36.059601 
4.864863 
-44.581548 
23.716369 
-8.428556 
263.030592 
57.603163 
-9.337622 
-121.027592 
15.135290 
32.971495 
25.140004 
-45.606596 
303.811429 
103.494007 
-16.077351 
28.247014 
220.330966 
-69.267048 
130.556219 
-91.751976 
-175.321781 
-191.782916 
-113.738895 
-124.355500 
-99.425341 
-400.211608 
69.991011 
57.174531 
150.518833 
89.285793 
-148.157528 
-89.914246 
-36.889908 
-298.840959 
-203.292141 
-87.578009 
-114.136460 
-207.008603 
-0.559521 
40.409087 
-75.212633 
-85.947964 
-40.002986 
63.140893 
222.249115 
-106.926555 
83.324246 
-226.651675 
65.919962 
-58.565457 
-282.293977 
59.184843 
-28.258816 
10.778888 
-81.150753 
-141.924328 
-244.588013 
59.070254 
-39.207007 
-121.337355 
4.406025 
-77.163012 
201.856041 
184.864744 
53.706123 
222.525909 
-18.458774 
30.098514 
106.263287 
17.465944 
-309.977257 
-95.283168 
-153.093288 
31.664583 
-175.509148 
-36.427810 
-253.143916 
-92.521874 
80.782496 
274.330116 
115.542543 
-35.506430 
235.841202 
33.035907 
18.342670 
73.300366 
12.055865 
13.492477 
-141.284450 
98.610808 
208.655864 
60.138356 
-268.076088 
51.929186 
92.920790 
129.986928 
31.868612 
-215.602686 
-0.031478 
-50.865195 
-65.647954 
-25.030493 
215.452799 
102.897943 
-193.719025 
-110.111839 
137.034972 
-32.075440 
-22.694441 
115.188885 
116.088199 
-167.528015 
-145.269861 
-6.942559 
60.535777 
105.758694 
-106.236545 
-267.000384 
-128.739218 
-79.063133 
66.878228 
90.667170 
-30.120672 
-11.113195 
-215.716689 
86.059125 
124.296073 
-44.893592 
93.110570 
263.032103 
-229.826596 
-45.783167 
15.922821 
-157.306560 
87.754191 
122.727636 
-239.960318 
-50.380544 
-191.280249 
-139.259833 
-197.346429 
82.636759 
-5.762758 
76.868919 
-161.934287 
208.656929 
147.484597 
113.499908 
65.922197 
-14.308219 
-19.086562 
-19.513771 
-29.721481 
-72.946875 
-108.109899 
-31.913817 
-54.803908 
233.766324 
-341.444447 
-103.037216 
-24.334831 
-106.336087 
-286.467550 
-135.433700 
77.347397 
40.674215 
-112.135988 
-136.958775 
154.280842 
-143.970086 
70.333109 
62.572072 
330.999394 
21.829691 
-135.663200 
154.280684 
-8.053414 
60.400475 
106.702519 
142.499304 
-31.006163 
-121.844230 
-28.384976 
-98.639157 
110.292372 
113.863257 
-20.081537 
-22.010229 
-89.307251 
-106.726509 
-78.061627 
-75.099624 
115.483841 
42.544721 
57.302871 
24.256575 
-268.131051 
-120.117903 
-51.077819 
45.160650 
-103.235720 
-114.131042 
-126.841185 
-113.932354 
-19.754976 
-84.620741 
-48.425390 
-5.825082 
-299.669944 
-5.108201 
-140.837790 
41.904263 
214.494040 
16.786278 
-4.461519 
-2.046507 
-31.792889 
44.213180 
24.208700 
148.743813 
36.211291 
38.365556 
-109.811256 
-83.750211 
-8.842819 
-15.640241 
-49.733303 
-107.234271 
-96.310115 
-227.250084 
113.500698 
2.787889 
56.698853 
46.240456 
46.693528 
45.206495 
-15.640001 
-9.845746 
-31.556249 
-4.503978 
31.624598 
-66.955542 
-136.734722 
52.456748 
-43.859068 
10.826483 
54.009968 
86.312965 
-31.358865 
-205.103215 
140.128462 
-70.955553 
-145.056039 
-11.860012 
-192.413195 
54.404846 
11.546437 
-35.217695 
-96.551696 
-6.745523 
-85.088000 
-3.356556 
94.379728 
-22.198502 
-107.943553 
72.718702 
-9.475221 
-0.909670 
-2.047233 
167.874739 
-66.315412 
-68.477999 
-77.001223 
-49.625357 
-42.828061 
155.538862 
-103.999865 
-6.994610 
-53.157016 
71.695450 
70.220176 
86.313454 
-10.118458 
4.750009 
-75.937380 
38.739292 
-111.717064 
46.084322 
22.905540 
-139.615921 
-86.035556 
215.454451 
155.144601 
6.553803 
-71.378083 
75.281917 
-187.425463 
50.799281 
20.410209 
23.796838 
-67.705839 
-115.971269 
62.876038 
4.750725 
-43.234792 
73.748772 
-157.842296 
36.728778 
-156.104740 
116.380137 
33.659422 
-68.234424 
-111.662491 
-104.839293 
97.796935 
54.777895 
-22.436549 
-154.558717 
13.355033 
58.961121 
-400.725734 
-42.037054 
-34.268834 
-57.193054 
-105.151877 
70.257285 
-69.772237 
-29.234088 
42.080904 
-23.876582 
-8.843424 
-184.530184 
-162.381760 
-22.437167 
-22.437470 
-96.206651 
-111.255516 
71.469876 
-79.047705 
31.950186 
-71.788148 
-22.438066 
-98.694143 
86.311995 
-1.659441 
-95.364417 
53.675378 
-272.533070 
-170.115429 
-22.422016 
-30.375344 
-82.928137 
29.963871 
-57.784183 
-152.875690 
-5.976272 
30.776487 
-25.833499 
-2.047688 
71.696673 
-110.524878 
-74.687921 
47.886873 
19.372194 
68.347163 
11.545718 
25.139329 
-160.862524 
31.936123 
-85.617857 
-62.929184 
59.940112 
-49.514098 
-172.446707 
-125.554021 
-104.000431 
11.353557 
121.107603 
-134.923540 
-227.563079 
-104.000562 
-57.782210 
-215.689020 
-204.824875 
0.222292 
-28.471918 
-62.735756 
-122.128157 
-113.613215 
-70.328485 
-115.884715 
-43.616723 
-103.999734 
73.193317 
-118.246716 
-104.000035 
-70.283341 
-103.999885 
-201.840599 
-153.921385 
-104.000000 
-97.237663 
-105.358072 
-101.521499 
-107.603802 
-104.996871 
-104.000000 
-106.748644 
-104.000000 
-105.217883 
-105.897479 
-99.674395 
-102.633950 
-100.939039 
-105.078618 
-105.455788 
-108.921883 
-104.324729 
-104.000000 
-103.787739 
-105.197094 
-97.203125 
-101.531277 
-101.950292 
-109.759939 
-105.501587 
-106.598971 
-104.885924 
-104.665502 
-109.983684 
-99.880223 
-104.743332 
-104.571120 
-104.391926 
-105.165498 
-105.121144 
-101.985477 
-105.760660 
-104.000000 
-103.821893 
-101.842937 
-100.263043 
-105.884590 
-102.907345 
-101.599667 
-108.529445 
-104.166975 
-104.579028 
-104.000000 
-107.520208 
-106.866293 
-101.023294 
-99.007682 
-97.203125 
-100.927441 
-104.473969 
-104.000000 
-98.752405 
-106.453225 
-104.170551 
-102.877725 
-101.562572 
-105.477427 
-107.563970 
-97.490247 
-103.886011 
-103.893870 
-104.610069 
-104.543222 
-103.683694 
-100.062365 
-105.297073 
-101.644260 
-104.920797 
-98.057947 
-100.149419 
-111.250000 
-100.866664 
-103.303127 
-104.042034 
-105.584186 
-102.844310 
-98.164146 
-108.561904 
-105.724195 
-102.745505 
-102.959450 
-104.000000 
-97.774200 
-105.066787 
-107.003645 
-104.000000 
-105.135335 
-103.655962 
-103.008732 
-104.000000 
-103.695567 
-102.014125 
-100.467284 
-107.480006 
-104.296537 
-104.318574 
-103.376092 
-104.627326 
-104.000000 
-102.797239 
-104.710611 
-102.788952 
-103.564785 
-105.486775 
-104.000000 
-106.482844 
-100.083137 
-102.999887 
-100.528685 
-104.099498 
-104.000000 
-104.626038 
-96.890918 
-104.677730 
-104.908447 
-105.798663 
-104.000000 
-103.092891 
-104.000000 
-102.221113 
-102.783994 
-101.423146 
-101.786635 
-102.371555 
-107.210663 
-99.533730 
-104.811820 
-103.501268 
-103.148331 
-102.176468 
-100.905519 
-100.253398 
-101.200697 
-103.835724 
-104.758887 
-104.000000 
-102.050935 
-105.688833 
-99.828515 
-101.150716 
-99.426495 
-104.870818 
-105.170573 
-96.573338 
-102.988795 
-105.308865 
-104.955586 
-104.198995 
-96.022486 
-103.268885 
-104.000000 
-100.813045 
-101.692838 
-102.514957 
-104.000000 
-102.937193 
-102.148298 
-101.800823 
-99.526720 
-102.606148 
-103.811217 
-101.049234 
-104.303070 
-101.019344 
-103.440954 
-104.979858 
-105.517373 
-105.993675 
-97.203125 
-100.601563 
-102.925418 
-98.749510 
-103.763261 
-103.209362 
-103.797434 
-105.942957 
-100.909657 
-105.550298 
-101.572961 
-104.801922 
-99.333069 
-106.154073 
-106.952246 
-103.972417 
-105.724696 
-100.072776 
-106.177000 
-100.083649 
-104.000000 
-106.162965 
-104.000000 
-104.766563 
-103.647258 
-105.351904 
-99.212062 
-104.709303 
-104.000000 
-106.861067 
-102.500479 
-106.345849 
-102.302083 
-105.434194 
-104.206404 
-96.482841 
-104.671502 
-103.906721 
-104.414848 
-99.675016 
-104.000000 
-106.750177 
-104.000000 
-104.138277 
-101.421709 
-102.877725 
-101.790719 
-101.125218 
-102.761108 
-107.312364 
-100.860172 
-102.634705 
-103.481746 
-104.872390 
-103.111387 
-105.049357 
-101.317749 
-105.507689 
-105.280672 
-102.554635 
-105.433893 
-105.309126 
-104.861910 
-100.894658 
-104.106382 
-106.227355 
-104.000000 
-104.000000 
-107.892461 
-102.536602 
-104.990272 
-102.921704 
-101.020728 
-106.288903 
-104.491349 
-103.840109 
-103.399883 
-108.328106 
-103.332763 
-103.071620 
-99.668677 
-104.244835 
-102.787749 
-104.000000 
-104.000000 
-104.000000 
-104.000000 
-106.482844 
-100.448037 
-101.775810 
-103.686276 
-103.115296 
-102.078132 
-99.273600 
-103.698555 
-100.282685 
-103.537894 
-104.012381 
-101.017774 
-103.779780 
-106.307024 
-103.068404 
-101.834336 
-101.580440 
-101.409894 
-100.803993 
-104.000000 
-109.235477 
-105.413313 
-104.757667 
-104.000000 
-99.091740 
-98.634590 
-104.000000 
-107.113113 
-103.877569 
-104.000000 
-104.000000 
-101.965596 
-102.616178 
-97.203125 
-104.868653 
-102.221113 
-103.335029 
-106.085178 
-104.524106 
-102.372614 
-104.948004 
-102.854454 
-101.563464 
-103.360318 
-102.586541 
-104.982278 
-102.640019 
-106.827691 
-101.672334 
-105.341791 
-101.564794 
-101.119159 
-103.756868 
-101.640310 
-100.463203 
-102.233197 
-102.614912 
-106.478459 
-104.296537 
-108.047514 
-105.992060 
-98.376745 
-103.234275 
-104.391926 
-103.884761 
-99.455936 
-104.000000 
-105.591797 
-106.332057 
-99.517553 
-99.430276 
-101.672334 
-104.850415 
-103.786039 
-103.790545 
-104.000000 
-104.000000 
-107.672059 
-101.747891 
-103.884121 
-104.000000 
-104.000000 
-101.230384 
-102.276232 
-100.549567 
-99.453438 
-102.911314 
-104.000000 
-103.989779 
-99.660597 
-106.919593 
-100.257242 
-102.761418 
-100.004358 
-101.772050 
-104.176984 
-103.288544 
-105.007420 
-104.000000 
-104.000000 
-104.000000 
-101.774375 
-103.992054 
-105.568719 
-103.098677 
-103.308825 
-104.485863 
-104.000000 
-107.317801 
-99.049886 
-103.127519 
-104.766620 
-106.102979 
-102.907345 
-101.271315 
-106.088704 
-104.000000 
-103.305536 
-103.701539 
-104.000000 
-104.000000 
-104.674605 
-102.508518 
-104.485863 
-104.000000 
-104.000000 
-106.063991 
-104.000000 
-105.345262 
-99.004533 
-104.740646 
-101.639077 
-104.000000 
-97.203125 
-104.000000 
-101.493193 
-106.558035 
-103.765023 
-102.772939 
-101.312850 
-104.035231 
-105.161461 
-104.000000 
-103.602648 
-102.007576 
-103.564786 
-102.520216 
-103.901954 
-101.900731 
-102.862668 
-103.367558 
-104.000000 
-104.265615 
-99.723215 
-104.000000 
-104.100186 
-108.614688 
-107.124886 
-105.444186 
-101.390253 
-105.120295 
-107.143211 
-102.637689 
-103.788829 
-103.337928 
-103.380943 
-102.199764 
-104.000000 
-105.136938 
-101.883423 
-105.313817 
-97.203125 
-101.632385 
-102.895223 
-105.441273 
-104.905921 
-105.057700 
-105.182939 
-104.000000 
-97.690487 
-104.365282 
-104.000000 
-104.137898 
-104.818799 
-104.000000 
-97.203125 
-105.387297 
-103.919201 
-107.681773 
-105.430094 
-102.674797 
-106.691389 
-104.000000 
-104.279808 
-97.203125 
-104.197973 
-101.463185 
-103.732510 
-105.471652 
-104.338409 
-102.935623 
-106.275887 
-105.398265 
-103.413090 
-103.750986 
-99.105229 
-102.795331 
-103.995356 
-104.408014 
-104.000000 
-103.306018 
-107.345456 
-103.234910 
-106.085179 
-103.169447 
-105.433105 
-104.000000 
-104.000000 
-102.905276 
-104.000000 
-105.937099 
-103.397466 
-102.343622 
-104.659108 
-106.303083 
-102.514825 
-104.000000 
-104.005363 
-107.400612 
-105.230488 
-102.092528 
-104.000000 
-105.430814 
-104.856925 
-104.580366 
-99.966686 
-103.460654 
-102.183969 
-101.879007 
-99.722328 
-102.675019 
-104.927776 
-107.301441 
-104.000000 
-103.632570 
-102.869581 
-104.000000 
-104.064249 
-104.000000 
-103.580134 
-102.402120 
